413156.713697228,40,2006.4,2063,2059,0,0,738604.655245529,0,0,0
413156.753696294,40,2007.6,2062.6,2060.8,0,0,738604.655245992,0,0,0
413156.79369536,40,2006.4,2062,2061.2,0,0,738604.655246455,0,0,0
413156.833694427,40,2005,2066.2,2067,0,0,738604.655246918,0,0,0
413156.873693493,40,2004.6,2064.8,2062.6,0,0,738604.65524738,0,0,0
413156.91369256,40,2008.2,2064.6,2063,0,0,738604.655247843,0,0,0
413156.953691626,40,2007,2059.8,2062.8,0,0,738604.655248306,0,0,0
413156.993690692,40,2008.8,2064,2064,0,0,738604.655248769,0,0,0
413157.033689759,40,2009.4,2064.6,2062.8,0,0,738604.655249232,0,0,0
413157.073688825,40,2006.4,2069.2,2059.4,0,0,738604.655249695,0,0,0
413157.113687892,40,2007.2,2065.2,2063,0,0,738604.655250158,0,0,0
413157.153686958,40,2011,2064.6,2059.4,0,0,738604.655250621,0,0,0
413157.193686024,40,2005.4,2064,2060.6,0,0,738604.655251084,0,0,0
413157.233685091,40,2009.8,2060.6,2061.2,0,0,738604.655251547,0,0,0
413157.273684157,40,2008.6,2063.2,2068.8,0,0,738604.65525201,0,0,0
413157.313683224,40,2009.8,2065.4,2076,0,0,738604.655252473,0,0,0
413157.35368229,40,2014.8,2076.6,2094.4,0,0,738604.655252936,0,0,0
413157.393681356,40,2017.8,2083.4,2128.4,0,0,738604.655253399,0,0,0
413157.433680423,40,2019.8,2097.2,2178.8,0,0,738604.655253862,0,0,0
413157.473679489,40,2027.6,2121,2254.6,0,0,738604.655254325,0,0,0
413157.513678556,40,2039.6,2151,2350.6,0,0,738604.655254788,0,0,0
413157.553677622,40,2043.4,2180.4,2460.6,0,0,738604.655255251,0,0,0
413157.593676688,40,2052.6,2211,2543.8,0,0,738604.655255714,0,0,0
413157.633675755,40,2058.4,2226.8,2581.8,0,0,738604.655256176,0,0,0
413157.673674821,40,2061.6,2226.8,2570.4,0,0,738604.655256639,0,0,0
413157.713673888,40,2060.2,2218.8,2524.6,0,0,738604.655257102,0,0,0
413157.753672954,40,2052.4,2204.2,2478.6,0,0,738604.655257565,0,0,0
413157.79367202,40,2052.8,2187.2,2425.4,0,0,738604.655258028,0,0,0
413157.833671087,40,2045,2163.8,2363.8,0,0,738604.655258491,0,0,0
413157.873670153,40,2034.6,2139.4,2287.4,0,0,738604.655258954,0,0,0
413157.91366922,40,2028.8,2121.2,2214.4,0,0,738604.655259417,0,0,0
413157.953668286,40,2024.4,2099.2,2160,0,0,738604.65525988,0,0,0
413157.993667352,40,2015.4,2081.8,2115.6,0,0,738604.655260343,0,0,0
413158.033666419,40,2012.6,2076,2087.8,0,0,738604.655260806,0,0,0
413158.073665485,40,2010.2,2067.4,2073.2,0,0,738604.655261269,0,0,0
413158.113664552,40,2011,2063.8,2067.8,0,0,738604.655261732,0,0,0
413158.153663618,40,2012.2,2065.2,2066.2,0,0,738604.655262195,0,0,0
413158.193662684,40,2013,2066.6,2068.4,0,0,738604.655262658,0,0,0
413158.233661751,40,2011,2072.2,2081.8,0,0,738604.655263121,0,0,0
413158.273660817,40,2015.6,2082.8,2099,0,0,738604.655263584,0,0,0
413158.313659884,40,2021.8,2089.4,2130.6,0,0,738604.655264047,0,0,0
413158.35365895,40,2021,2102.8,2171.2,0,0,738604.65526451,0,0,0
413158.393658016,40,2030,2125.6,2231,0,0,738604.655264973,0,0,0
413158.433657083,40,2038.4,2144.4,2313.2,0,0,738604.655265436,0,0,0
413158.473656149,40,2051,2179.6,2397,0,0,738604.655265898,0,0,0
413158.513655216,40,2058,2200.2,2447.6,0,0,738604.655266361,0,0,0
413158.553654282,40,2052.8,2202,2460.4,0,0,738604.655266824,0,0,0
413158.593653348,40,2051.6,2191.4,2431.4,0,0,738604.655267287,0,0,0
413158.633652415,40,2052.4,2175.4,2406.2,0,0,738604.65526775,0,0,0
413158.673651481,40,2041.2,2163.2,2373,0,0,738604.655268213,0,0,0
413158.713650548,40,2035.4,2145,2312.8,0,0,738604.655268676,0,0,0
413158.753649614,40,2031.6,2124,2234.6,0,0,738604.655269139,0,0,0
413158.79364868,40,2023.2,2100.8,2172.2,0,0,738604.655269602,0,0,0
413158.833647747,40,2017.4,2088.4,2121,0,0,738604.655270065,0,0,0
413158.873646813,40,2015.6,2071.2,2082.6,0,0,738604.655270528,0,0,0
413158.91364588,40,2007.8,2068,2065,0,0,738604.655270991,0,0,0
413158.953644946,40,2008.8,2062.6,2060.2,0,0,738604.655271454,0,0,0
413158.993644012,40,2007.6,2064.6,2066,0,0,738604.655271917,0,0,0
413159.033643079,40,2010.8,2067.2,2078.8,0,0,738604.65527238,0,0,0
413159.073642145,40,2014.6,2078,2109,0,0,738604.655272843,0,0,0
413159.113641212,40,2018.2,2096.4,2174.4,0,0,738604.655273306,0,0,0
413159.153640278,40,2037.4,2134.8,2271.2,0,0,738604.655273769,0,0,0
413159.193639344,40,2049.4,2180.4,2383.6,0,0,738604.655274232,0,0,0
413159.233638411,40,2068.2,2233.8,2528.6,0,0,738604.655274695,0,0,0
413159.273637477,40,2084,2285.6,2648.8,0,0,738604.655275158,0,0,0
413159.313636544,40,2097.2,2313.4,2696.4,0,0,738604.655275621,0,0,0
413159.35363561,40,2093.6,2305.2,2678.4,0,0,738604.655276083,0,0,0
413159.393634676,40,2087.8,2281.6,2614,0,0,738604.655276546,0,0,0
413159.433633743,40,2077.2,2257.6,2567.8,0,0,738604.655277009,0,0,0
413159.473632809,40,2064.2,2224,2500,0,0,738604.655277472,0,0,0
413159.513631876,40,2047.6,2184,2420.2,0,0,738604.655277935,0,0,0
413159.553630942,40,2041.2,2140.8,2300.6,0,0,738604.655278398,0,0,0
413159.593630008,40,2022.4,2110.4,2204,0,0,738604.655278861,0,0,0
413159.633629075,40,2018.2,2086.4,2129,0,0,738604.655279324,0,0,0
413159.673628141,40,2012.6,2072.6,2086.2,0,0,738604.655279787,0,0,0
413159.713627208,40,2011.4,2067.6,2063.2,0,0,738604.65528025,0,0,0
413159.753626274,40,2009,2067.4,2061.2,0,0,738604.655280713,0,0,0
413159.79362534,40,2006.6,2065,2073.4,0,0,738604.655281176,0,0,0
413159.833624407,40,2012.2,2076.6,2094.6,0,0,738604.655281639,0,0,0
413159.873623473,40,2019.2,2090.8,2145.4,0,0,738604.655282102,0,0,0
413159.91362254,40,2024.8,2117,2244.6,0,0,738604.655282565,0,0,0
413159.953621606,40,2045.8,2170.2,2383.8,0,0,738604.655283028,0,0,0
413159.993620672,40,2065.8,2237,2538,0,0,738604.655283491,0,0,0
413160.033619739,40,2095.4,2301.4,2625,0,0,738604.655283954,0,0,0
413160.073618805,40,2117.8,2360,2663.4,0,0,738604.655284417,0,0,0
413160.113617872,40,2125,2380.2,2675.8,0,0,738604.655284879,0,0,0
413160.153616938,40,2119,2372.2,2703.4,0,0,738604.655285342,0,0,0
413160.193616004,40,2110.8,2351,2706.8,0,0,738604.655285805,0,0,0
413160.233615071,40,2093.8,2315.2,2671.8,0,0,738604.655286268,0,0,0
413160.273614137,40,2083,2270.2,2600.2,0,0,738604.655286731,0,0,0
413160.313613204,40,2061.8,2224,2498.8,0,0,738604.655287194,0,0,0
413160.35361227,40,2047.4,2174.4,2382.2,0,0,738604.655287657,0,0,0
413160.393611336,40,2035,2133,2265.8,0,0,738604.65528812,0,0,0
413160.433610403,40,2025.4,2102.8,2182,0,0,738604.655288583,0,0,0
413160.473609469,40,2017.4,2084.8,2113,0,0,738604.655289046,0,0,0
413160.513608536,40,2011.4,2072.8,2082,0,0,738604.655289509,0,0,0
413160.553607602,40,2007.8,2062.4,2065,0,0,738604.655289972,0,0,0
413160.593606668,40,2007.6,2064,2055.4,0,0,738604.655290435,0,0,0
413160.633605735,40,2009.4,2067,2061.8,0,0,738604.655290898,0,0,0
413160.673604801,40,2014.8,2074.2,2079,0,0,738604.655291361,0,0,0
413160.713603868,40,2015.2,2086.8,2127.8,0,0,738604.655291824,0,0,0
413160.753602934,40,2026.6,2110.4,2224.6,0,0,738604.655292287,0,0,0
413160.793602,40,2043.6,2173.4,2414.6,0,0,738604.65529275,0,0,0
413160.833601067,40,2076.8,2265.2,2628.4,0,0,738604.655293213,0,0,0
413160.873600133,40,2106,2337.4,2678.4,0,0,738604.655293676,0,0,0
413160.9135992,40,2118,2351.2,2627,0,0,738604.655294139,0,0,0
413160.953598266,40,2119,2354.2,2660.4,0,0,738604.655294602,0,0,0
413160.993597332,40,2103.2,2338,2697.6,0,0,738604.655295064,0,0,0
413161.033596399,40,2084,2302.6,2692.8,0,0,738604.655295527,0,0,0
413161.073595465,40,2079.2,2257,2623.2,0,0,738604.65529599,0,0,0
413161.113594532,40,2060.6,2212.2,2502,0,0,738604.655296453,0,0,0
413161.153593598,40,2045.6,2174.6,2376,0,0,738604.655296916,0,0,0
413161.193592664,40,2033.2,2138,2267.6,0,0,738604.655297379,0,0,0
413161.233591731,40,2028.4,2112,2186,0,0,738604.655297842,0,0,0
413161.273590797,40,2020.2,2090.8,2126.4,0,0,738604.655298305,0,0,0
413161.313589864,40,2019,2072,2089.2,0,0,738604.655298768,0,0,0
413161.35358893,40,2006.4,2063.8,2071.4,0,0,738604.655299231,0,0,0
413161.393587996,40,2009.2,2064.4,2060.2,0,0,738604.655299694,0,0,0
413161.433587063,40,2011.4,2065.8,2059,0,0,738604.655300157,0,0,0
413161.473586129,40,2009.4,2070.4,2069.8,0,0,738604.65530062,0,0,0
413161.513585196,40,2015.4,2078,2101,0,0,738604.655301083,0,0,0
413161.553584262,40,2024.2,2094.6,2168.2,0,0,738604.655301546,0,0,0
413161.593583328,40,2032.6,2137,2318.4,0,0,738604.655302009,0,0,0
413161.633582395,40,2063.2,2231.6,2593.4,0,0,738604.655302472,0,0,0
413161.673581461,40,2102.2,2346.2,2769,0,0,738604.655302935,0,0,0
413161.713580528,40,2145,2416,2678.8,0,0,738604.655303398,0,0,0
413161.753579594,40,2153,2410,2612.2,0,0,738604.655303861,0,0,0
413161.79357866,40,2143.6,2410.2,2663.2,0,0,738604.655304324,0,0,0
413161.833577727,40,2127.6,2397.2,2745.8,0,0,738604.655304787,0,0,0
413161.873576793,40,2107.6,2362.8,2770.8,0,0,738604.655305249,0,0,0
413161.91357586,40,2089.8,2313.6,2743.8,0,0,738604.655305712,0,0,0
413161.953574926,40,2071.6,2248.8,2644.2,0,0,738604.655306175,0,0,0
413161.993573992,40,2048.6,2190.8,2491,0,0,738604.655306638,0,0,0
413162.033573059,40,2040,2147.6,2330.8,0,0,738604.655307101,0,0,0
413162.073572125,40,2028,2115.8,2216.4,0,0,738604.655307564,0,0,0
413162.113571192,40,2022.4,2090.8,2144.2,0,0,738604.655308027,0,0,0
413162.153570258,40,2016.2,2079.8,2103.6,0,0,738604.65530849,0,0,0
413162.193569324,40,2010.8,2071.4,2079,0,0,738604.655308953,0,0,0
413162.233568391,40,2009.8,2066.6,2063.4,0,0,738604.655309416,0,0,0
413162.273567457,40,2010.8,2066,2060.8,0,0,738604.655309879,0,0,0
413162.313566524,40,2010.2,2065.4,2064.4,0,0,738604.655310342,0,0,0
413162.35356559,40,2010.8,2074.6,2080.8,0,0,738604.655310805,0,0,0
413162.393564656,40,2012.8,2079.8,2107.6,0,0,738604.655311268,0,0,0
413162.433563723,40,2017,2094.4,2158,0,0,738604.655311731,0,0,0
413162.473562789,40,2028.6,2123,2239.2,0,0,738604.655312194,0,0,0
413162.513561856,40,2047,2159.8,2344.6,0,0,738604.655312657,0,0,0
413162.553560922,40,2060,2210,2463.4,0,0,738604.65531312,0,0,0
413162.593559988,40,2071.4,2247,2562.2,0,0,738604.655313583,0,0,0
413162.633559055,40,2074.6,2257.6,2590,0,0,738604.655314045,0,0,0
413162.673558121,40,2066.8,2238.6,2565,0,0,738604.655314508,0,0,0
413162.713557188,40,2060.6,2217.2,2518,0,0,738604.655314971,0,0,0
413162.753556254,40,2053,2193.6,2453.2,0,0,738604.655315434,0,0,0
413162.79355532,40,2040.2,2157.8,2359.2,0,0,738604.655315897,0,0,0
413162.833554387,40,2030.4,2126.4,2258,0,0,738604.65531636,0,0,0
413162.873553453,40,2023.2,2106.4,2176.4,0,0,738604.655316823,0,0,0
413162.91355252,40,2018.6,2085.6,2122.4,0,0,738604.655317286,0,0,0
413162.953551586,40,2009.4,2078,2088,0,0,738604.655317749,0,0,0
413162.993550652,40,2017,2066.2,2069.2,0,0,738604.655318212,0,0,0
413163.033549719,40,2010,2063.8,2056.4,0,0,738604.655318675,0,0,0
413163.073548785,40,2007.4,2065.2,2057.6,0,0,738604.655319138,0,0,0
413163.113547852,40,2005.6,2062.8,2066.2,0,0,738604.655319601,0,0,0
413163.153546918,40,2008.2,2068.4,2083,0,0,738604.655320064,0,0,0
413163.193545984,40,2013.8,2078.8,2121.2,0,0,738604.655320527,0,0,0
413163.233545051,40,2018.4,2102.4,2184,0,0,738604.65532099,0,0,0
413163.273544117,40,2036,2128.8,2264.4,0,0,738604.655321453,0,0,0
413163.313543184,40,2043.4,2156,2337.4,0,0,738604.655321916,0,0,0
413163.35354225,40,2050.4,2190,2412.2,0,0,738604.655322379,0,0,0
413163.393541316,40,2054.4,2203.8,2485.4,0,0,738604.655322842,0,0,0
413163.433540383,40,2052.2,2199,2486,0,0,738604.655323305,0,0,0
413163.473539449,40,2050.2,2188.8,2449.4,0,0,738604.655323768,0,0,0
413163.513538516,40,2048,2181.2,2426.4,0,0,738604.65532423,0,0,0
413163.553537582,40,2048.4,2174.2,2401.6,0,0,738604.655324693,0,0,0
413163.593536648,40,2049.4,2179.4,2399.4,0,0,738604.655325156,0,0,0
413163.633535715,40,2048.4,2175.8,2396.6,0,0,738604.655325619,0,0,0
413163.673534781,40,2048.2,2172.2,2389.2,0,0,738604.655326082,0,0,0
413163.713533848,40,2046.6,2169.6,2392,0,0,738604.655326545,0,0,0
413163.753532914,40,2041.4,2169.4,2393,0,0,738604.655327008,0,0,0
413163.79353198,40,2045,2168.8,2387,0,0,738604.655327471,0,0,0
413163.833531047,40,2045.6,2169.6,2385,0,0,738604.655327934,0,0,0
413163.873530113,40,2044.6,2165.4,2382.6,0,0,738604.655328397,0,0,0
413163.91352918,40,2044.8,2163.4,2376.2,0,0,738604.65532886,0,0,0
413163.953528246,40,2044.4,2165,2367.8,0,0,738604.655329323,0,0,0
413163.993527312,40,2040.6,2161.8,2369.6,0,0,738604.655329786,0,0,0
413164.033526379,40,2041.4,2159.4,2371.4,0,0,738604.655330249,0,0,0
413164.073525445,40,2042.4,2155,2366.6,0,0,738604.655330712,0,0,0
413164.113524512,40,2038.4,2152.8,2363.2,0,0,738604.655331175,0,0,0
413164.153523578,40,2040.4,2153.8,2359.8,0,0,738604.655331638,0,0,0
413164.193522644,40,2036.8,2151.4,2354.8,0,0,738604.655332101,0,0,0
413164.233521711,40,2037,2148.6,2352,0,0,738604.655332564,0,0,0
413164.273520777,40,2034.2,2142.6,2339,0,0,738604.655333027,0,0,0
413164.313519844,40,2038.6,2145.6,2337.2,0,0,738604.65533349,0,0,0
413164.35351891,40,2035,2144.2,2326.6,0,0,738604.655333953,0,0,0
413164.393517976,40,2033.8,2143.4,2319.8,0,0,738604.655334415,0,0,0
413164.433517043,40,2036.6,2139.8,2310,0,0,738604.655334878,0,0,0
413164.473516109,40,2035.6,2141,2300.4,0,0,738604.655335341,0,0,0
413164.513515176,40,2033.4,2138.4,2295.4,0,0,738604.655335804,0,0,0
413164.553514242,40,2035.2,2133.8,2286.2,0,0,738604.655336267,0,0,0
413164.593513308,40,2039,2138.2,2283.8,0,0,738604.65533673,0,0,0
413164.633512375,40,2036.2,2134.8,2284.2,0,0,738604.655337193,0,0,0
413164.673511441,40,2032.2,2135.2,2280.2,0,0,738604.655337656,0,0,0
413164.713510508,40,2031.8,2131.6,2278.2,0,0,738604.655338119,0,0,0
413164.753509574,40,2033,2132,2274.6,0,0,738604.655338582,0,0,0
413164.79350864,40,2030,2129.2,2270.8,0,0,738604.655339045,0,0,0
413164.833507707,40,2032.2,2127.4,2270.6,0,0,738604.655339508,0,0,0
413164.873506773,40,2032.2,2127.8,2261.6,0,0,738604.655339971,0,0,0
413164.91350584,40,2026.6,2125.6,2262,0,0,738604.655340434,0,0,0
413164.953504906,40,2030.8,2121,2253.8,0,0,738604.655340897,0,0,0
413164.993503972,40,2029.6,2122.6,2249.4,0,0,738604.65534136,0,0,0
413165.033503039,40,2028.2,2116.2,2246.6,0,0,738604.655341823,0,0,0
413165.073502105,40,2029.8,2121,2244,0,0,738604.655342286,0,0,0
413165.113501172,40,2029.4,2119.8,2237.4,0,0,738604.655342749,0,0,0
413165.153500238,40,2029.6,2112.8,2230.4,0,0,738604.655343211,0,0,0
413165.193499304,40,2028.2,2118.6,2227,0,0,738604.655343674,0,0,0
413165.233498371,40,2023.2,2116,2226.6,0,0,738604.655344137,0,0,0
413165.273497437,40,2025.6,2113,2223.4,0,0,738604.6553446,0,0,0
413165.313496504,40,2028.4,2114.2,2219.6,0,0,738604.655345063,0,0,0
413165.35349557,40,2026.6,2112.2,2210.6,0,0,738604.655345526,0,0,0
413165.393494636,40,2025.2,2109.6,2207.8,0,0,738604.655345989,0,0,0
413165.433493703,40,2024.2,2110,2209.2,0,0,738604.655346452,0,0,0
413165.473492769,40,2023.8,2111.8,2206.6,0,0,738604.655346915,0,0,0
413165.513491836,40,2025.2,2107.8,2202.6,0,0,738604.655347378,0,0,0
413165.553490902,40,2026.6,2107.8,2196,0,0,738604.655347841,0,0,0
413165.593489968,40,2021.6,2109,2195.4,0,0,738604.655348304,0,0,0
413165.633489035,40,2020.8,2104.2,2186.2,0,0,738604.655348767,0,0,0
413165.673488101,40,2022,2102.6,2190.2,0,0,738604.65534923,0,0,0
413165.713487168,40,2025,2103.8,2186.8,0,0,738604.655349693,0,0,0
413165.753486234,40,2024.2,2097.8,2180.2,0,0,738604.655350156,0,0,0
413165.7934853,40,2023.4,2105.4,2183,0,0,738604.655350619,0,0,0
413165.833484367,40,2021.8,2100.6,2176.6,0,0,738604.655351082,0,0,0
413165.873483433,40,2022,2099.8,2171.4,0,0,738604.655351545,0,0,0
413165.9134825,40,2021.2,2099.2,2173.2,0,0,738604.655352008,0,0,0
413165.953481566,40,2019,2100.6,2175.4,0,0,738604.655352471,0,0,0
413165.993480632,40,2017.4,2100,2167,0,0,738604.655352933,0,0,0
413166.033479699,40,2020.4,2101.2,2163.4,0,0,738604.655353396,0,0,0
413166.073478765,40,2020.8,2095,2160,0,0,738604.655353859,0,0,0
413166.113477832,40,2020.6,2093,2157.4,0,0,738604.655354322,0,0,0
413166.153476898,40,2024.6,2096,2157.8,0,0,738604.655354785,0,0,0
413166.193475964,40,2024.6,2093,2155.6,0,0,738604.655355248,0,0,0
413166.233475031,40,2018,2094.2,2153.8,0,0,738604.655355711,0,0,0
413166.273474097,40,2020.8,2094.8,2150,0,0,738604.655356174,0,0,0
413166.313473164,40,2024.4,2092.4,2147.2,0,0,738604.655356637,0,0,0
413166.35347223,40,2019.8,2094,2145.2,0,0,738604.6553571,0,0,0
413166.393471296,40,2020.2,2087.6,2144.2,0,0,738604.655357563,0,0,0
413166.433470363,40,2021.8,2090.6,2141.6,0,0,738604.655358026,0,0,0
413166.473469429,40,2019.2,2091.6,2140.2,0,0,738604.655358489,0,0,0
413166.513468496,40,2016.6,2082.8,2140.8,0,0,738604.655358952,0,0,0
413166.553467562,40,2016.8,2084.6,2135.4,0,0,738604.655359415,0,0,0
413166.593466628,40,2020.8,2084,2133.2,0,0,738604.655359878,0,0,0
413166.633465695,40,2014.4,2084.8,2131.8,0,0,738604.655360341,0,0,0
413166.673464761,40,2012.4,2088.4,2131,0,0,738604.655360804,0,0,0
413166.713463828,40,2016.8,2085.2,2124.4,0,0,738604.655361267,0,0,0
413166.753462894,40,2020.8,2086.2,2128,0,0,738604.65536173,0,0,0
413166.79346196,40,2012.2,2082.8,2125,0,0,738604.655362193,0,0,0
413166.833461027,40,2013,2082,2121.8,0,0,738604.655362656,0,0,0
413166.873460093,40,2021.2,2086.8,2121.2,0,0,738604.655363118,0,0,0
413166.91345916,40,2021.6,2081,2118.2,0,0,738604.655363581,0,0,0
413166.953458226,40,2018.6,2084.6,2115.6,0,0,738604.655364044,0,0,0
413166.993457292,40,2020.4,2089,2119,0,0,738604.655364507,0,0,0
413167.033456359,40,2019.4,2081.2,2113.4,0,0,738604.65536497,0,0,0
413167.073455425,40,2014.8,2080.6,2113,0,0,738604.655365433,0,0,0
413167.113454492,40,2021.4,2081,2114.8,0,0,738604.655365896,0,0,0
413167.153453558,40,2019,2080.8,2107.8,0,0,738604.655366359,0,0,0
413167.193452624,40,2014.6,2083.8,2117.4,0,0,738604.655366822,0,0,0
413167.233451691,40,2012.8,2080.6,2108.6,0,0,738604.655367285,0,0,0
413167.273450757,40,2014.6,2082.6,2107.6,0,0,738604.655367748,0,0,0
413167.313449824,40,2017.2,2080.6,2103.2,0,0,738604.655368211,0,0,0
413167.35344889,40,2012.2,2076,2103.2,0,0,738604.655368674,0,0,0
413167.393447956,40,2015.6,2080.8,2101.6,0,0,738604.655369137,0,0,0
413167.433447023,40,2014,2085,2100.2,0,0,738604.6553696,0,0,0
413167.473446089,40,2014.6,2078.6,2099,0,0,738604.655370063,0,0,0
413167.513445156,40,2015.8,2077.4,2097.2,0,0,738604.655370526,0,0,0
413167.553444222,40,2011,2079.4,2093,0,0,738604.655370989,0,0,0
413167.593443288,40,2011.8,2077.8,2096.2,0,0,738604.655371452,0,0,0
413167.633442355,40,2008,2072.2,2093.2,0,0,738604.655371915,0,0,0
413167.673441421,40,2015,2075.6,2089.8,0,0,738604.655372377,0,0,0
413167.713440488,40,2013.4,2071,2087.2,0,0,738604.65537284,0,0,0
413167.753439554,40,2009.2,2073.6,2091.4,0,0,738604.655373303,0,0,0
413167.79343862,40,2010.2,2076.8,2096.6,0,0,738604.655373766,0,0,0
413167.833437687,40,2014,2076.2,2104.6,0,0,738604.655374229,0,0,0
413167.873436753,40,2019.2,2084,2120.6,0,0,738604.655374692,0,0,0
413167.91343582,40,2019.2,2090.6,2150.6,0,0,738604.655375155,0,0,0
413167.953434886,40,2019.4,2106,2197,0,0,738604.655375618,0,0,0
413167.993433952,40,2024.8,2115.8,2262.6,0,0,738604.655376081,0,0,0
413168.033433019,40,2035.4,2149.4,2341.2,0,0,738604.655376544,0,0,0
413168.073432085,40,2045.8,2173.4,2441,0,0,738604.655377007,0,0,0
413168.113431152,40,2056.8,2206.6,2527.6,0,0,738604.65537747,0,0,0
413168.153430218,40,2058.6,2226.4,2595,0,0,738604.655377933,0,0,0
413168.193429284,40,2056.6,2226.6,2589.8,0,0,738604.655378396,0,0,0
413168.233428351,40,2061,2213.4,2525,0,0,738604.655378859,0,0,0
413168.273427417,40,2056.4,2203.4,2473.6,0,0,738604.655379322,0,0,0
413168.313426484,40,2052,2188.6,2420.2,0,0,738604.655379785,0,0,0
413168.35342555,40,2045.8,2169,2375,0,0,738604.655380248,0,0,0
413168.393424616,40,2036,2145.2,2316.6,0,0,738604.655380711,0,0,0
413168.433423683,40,2031.6,2121.2,2233.8,0,0,738604.655381174,0,0,0
413168.473422749,40,2022.6,2104,2167.4,0,0,738604.655381637,0,0,0
413168.513421816,40,2015.8,2083.8,2117.6,0,0,738604.655382099,0,0,0
413168.553420882,40,2013.4,2073.6,2084.2,0,0,738604.655382562,0,0,0
413168.593419948,40,2011.6,2069.4,2067.2,0,0,738604.655383025,0,0,0
413168.633419015,40,2008.4,2066.2,2058.8,0,0,738604.655383488,0,0,0
413168.673418081,40,2007,2064.4,2063,0,0,738604.655383951,0,0,0
413168.713417148,40,2010.8,2071.6,2070.4,0,0,738604.655384414,0,0,0
413168.753416214,40,2010.4,2075.4,2090,0,0,738604.655384877,0,0,0
413168.79341528,40,2015.8,2088.4,2139.6,0,0,738604.65538534,0,0,0
413168.833414347,40,2031,2118,2216,0,0,738604.655385803,0,0,0
413168.873413413,40,2041.2,2148.6,2321.8,0,0,738604.655386266,0,0,0
413168.91341248,40,2056.2,2191,2458.2,0,0,738604.655386729,0,0,0
413168.953411546,40,2066,2242.4,2580.4,0,0,738604.655387192,0,0,0
413168.993410612,40,2062.2,2244.8,2596,0,0,738604.655387655,0,0,0
413169.033409679,40,2057.8,2223.8,2527.4,0,0,738604.655388118,0,0,0
413169.073408745,40,2051,2193.8,2454.2,0,0,738604.655388581,0,0,0
413169.113407812,40,2046.8,2168.6,2362,0,0,738604.655389044,0,0,0
413169.153406878,40,2035.4,2134.4,2276.8,0,0,738604.655389507,0,0,0
413169.193405944,40,2028.2,2106.8,2185.2,0,0,738604.65538997,0,0,0
413169.233405011,40,2020.4,2089.4,2122.4,0,0,738604.655390433,0,0,0
413169.273404077,40,2013.4,2075,2086,0,0,738604.655390896,0,0,0
413169.313403144,40,2013.8,2066.4,2066.8,0,0,738604.655391359,0,0,0
413169.35340221,40,2010.8,2063.4,2061.8,0,0,738604.655391822,0,0,0
413169.393401276,40,2011.6,2064.6,2060.8,0,0,738604.655392284,0,0,0
413169.433400343,40,2013.4,2070.6,2080,0,0,738604.655392747,0,0,0
413169.473399409,40,2016,2079.2,2112.6,0,0,738604.65539321,0,0,0
413169.513398476,40,2023.6,2100.2,2175.6,0,0,738604.655393673,0,0,0
413169.553397542,40,2031.2,2131.4,2267.2,0,0,738604.655394136,0,0,0
413169.593396608,40,2041.6,2160.6,2361,0,0,738604.655394599,0,0,0
413169.633395675,40,2053.4,2189.6,2420.6,0,0,738604.655395062,0,0,0
413169.673394741,40,2054.8,2183.8,2433,0,0,738604.655395525,0,0,0
413169.713393808,40,2046,2170.4,2392.2,0,0,738604.655395988,0,0,0
413169.753392874,40,2039.6,2146.2,2323.2,0,0,738604.655396451,0,0,0
413169.79339194,40,2036,2123.6,2249,0,0,738604.655396914,0,0,0
413169.833391007,40,2024.4,2104.2,2173.4,0,0,738604.655397377,0,0,0
413169.873390073,40,2023.2,2084.2,2124.2,0,0,738604.65539784,0,0,0
413169.91338914,40,2014.4,2075.4,2088.8,0,0,738604.655398303,0,0,0
413169.953388206,40,2010,2069.8,2064.8,0,0,738604.655398766,0,0,0
413169.993387272,40,2012.2,2063.4,2061.8,0,0,738604.655399229,0,0,0
413170.033386339,40,2013.8,2066.6,2069.6,0,0,738604.655399692,0,0,0
413170.073385405,40,2014,2070.8,2088.8,0,0,738604.655400155,0,0,0
413170.113384472,40,2017.8,2087.6,2140,0,0,738604.655400618,0,0,0
413170.153383538,40,2027.6,2110.8,2217.6,0,0,738604.65540108,0,0,0
413170.193382604,40,2035.4,2138,2326.2,0,0,738604.655401543,0,0,0
413170.233381671,40,2048.6,2174,2433.6,0,0,738604.655402006,0,0,0
413170.273380737,40,2050.2,2191.4,2462.6,0,0,738604.655402469,0,0,0
413170.313379804,40,2052.8,2193.2,2421.4,0,0,738604.655402932,0,0,0
413170.35337887,40,2046.8,2174.8,2400.6,0,0,738604.655403395,0,0,0
413170.393377936,40,2042.4,2156.8,2358.4,0,0,738604.655403858,0,0,0
413170.433377003,40,2033.6,2134,2284,0,0,738604.655404321,0,0,0
413170.473376069,40,2022,2108.4,2204,0,0,738604.655404784,0,0,0
413170.513375136,40,2022.4,2092,2139,0,0,738604.655405247,0,0,0
413170.553374202,40,2016.2,2075.4,2092.4,0,0,738604.65540571,0,0,0
413170.593373268,40,2009.4,2070.4,2074.2,0,0,738604.655406173,0,0,0
413170.633372335,40,2008,2061.8,2059.6,0,0,738604.655406636,0,0,0
413170.673371401,40,2009.6,2061.4,2059.6,0,0,738604.655407099,0,0,0
413170.713370468,40,2009.4,2069,2062,0,0,738604.655407562,0,0,0
413170.753369534,40,2012.2,2068,2081.6,0,0,738604.655408025,0,0,0
413170.7933686,40,2009.2,2078.8,2103.8,0,0,738604.655408488,0,0,0
413170.833367667,40,2020.2,2093.8,2155,0,0,738604.655408951,0,0,0
413170.873366733,40,2030.2,2114.4,2232.4,0,0,738604.655409414,0,0,0
413170.9133658,40,2039.8,2145.6,2320.4,0,0,738604.655409877,0,0,0
413170.953364866,40,2045.6,2173.2,2373.2,0,0,738604.65541034,0,0,0
413170.993363932,40,2057.8,2187.4,2412.2,0,0,738604.655410803,0,0,0
413171.033362999,40,2046.8,2180.8,2416.8,0,0,738604.655411265,0,0,0
413171.073362065,40,2039.8,2161.8,2377.2,0,0,738604.655411728,0,0,0
413171.113361132,40,2039,2142.4,2308.4,0,0,738604.655412191,0,0,0
413171.153360198,40,2031.6,2119,2239,0,0,738604.655412654,0,0,0
413171.193359264,40,2018.8,2099.2,2168.2,0,0,738604.655413117,0,0,0
413171.233358331,40,2018.2,2082.4,2111,0,0,738604.65541358,0,0,0
413171.273357397,40,2010.8,2072,2078.6,0,0,738604.655414043,0,0,0
413171.313356464,40,2008.6,2061.6,2061.6,0,0,738604.655414506,0,0,0
413171.35335553,40,2010.8,2068.2,2063.2,0,0,738604.655414969,0,0,0
413171.393354596,40,2012.6,2068.2,2072.8,0,0,738604.655415432,0,0,0
413171.433353663,40,2010.2,2075,2086.6,0,0,738604.655415895,0,0,0
413171.473352729,40,2017,2086.4,2130,0,0,738604.655416358,0,0,0
413171.513351796,40,2021.6,2106.4,2205,0,0,738604.655416821,0,0,0
413171.553350862,40,2036.6,2141,2306.4,0,0,738604.655417284,0,0,0
413171.593349928,40,2043.6,2174,2420.4,0,0,738604.655417747,0,0,0
413171.633348995,40,2055.2,2198.6,2466.2,0,0,738604.65541821,0,0,0
413171.673348061,40,2060.4,2199,2442.6,0,0,738604.655418673,0,0,0
413171.713347128,40,2048.2,2182,2406.6,0,0,738604.655419136,0,0,0
413171.753346194,40,2042.2,2159.2,2354.6,0,0,738604.655419599,0,0,0
413171.79334526,40,2029.6,2131.4,2279,0,0,738604.655420062,0,0,0
413171.833344327,40,2022,2101.4,2195.2,0,0,738604.655420525,0,0,0
413171.873343393,40,2020,2088.6,2132,0,0,738604.655420988,0,0,0
413171.91334246,40,2016.2,2074.2,2090.6,0,0,738604.65542145,0,0,0
413171.953341526,40,2009.8,2068.4,2067.6,0,0,738604.655421913,0,0,0
413171.993340592,40,2010.2,2062.6,2053.6,0,0,738604.655422376,0,0,0
413172.033339659,40,2010,2068.4,2063.2,0,0,738604.655422839,0,0,0
413172.073338725,40,2007.8,2065.6,2077,0,0,738604.655423302,0,0,0
413172.113337792,40,2012.6,2074.4,2099,0,0,738604.655423765,0,0,0
413172.153336858,40,2018.2,2085.8,2142.2,0,0,738604.655424228,0,0,0
413172.193335924,40,2024.8,2112.2,2225.8,0,0,738604.655424691,0,0,0
413172.233334991,40,2042.2,2153.2,2330.4,0,0,738604.655425154,0,0,0
413172.273334057,40,2051.2,2187.8,2413.4,0,0,738604.655425617,0,0,0
413172.313333124,40,2058.4,2209,2461.8,0,0,738604.65542608,0,0,0
413172.35333219,40,2051.2,2202,2482.4,0,0,738604.655426543,0,0,0
413172.393331256,40,2045,2178.4,2437.6,0,0,738604.655427006,0,0,0
413172.433330323,40,2040.2,2158.8,2374.4,0,0,738604.655427469,0,0,0
413172.473329389,40,2033,2131.4,2289.8,0,0,738604.655427932,0,0,0
413172.513328456,40,2025,2108.2,2211.2,0,0,738604.655428395,0,0,0
413172.553327522,40,2022.4,2095.4,2147.4,0,0,738604.655428858,0,0,0
413172.593326588,40,2015.2,2082.6,2107.6,0,0,738604.655429321,0,0,0
413172.633325655,40,2014.4,2071.2,2077.6,0,0,738604.655429784,0,0,0
413172.673324721,40,2008,2068.2,2067.4,0,0,738604.655430246,0,0,0
413172.713323788,40,2008.6,2062.8,2059.4,0,0,738604.655430709,0,0,0
413172.753322854,40,2010.6,2061.8,2060.6,0,0,738604.655431172,0,0,0
413172.79332192,40,2006.2,2071,2081.8,0,0,738604.655431635,0,0,0
413172.833320987,40,2008,2082.8,2110.6,0,0,738604.655432098,0,0,0
413172.873320053,40,2021.4,2104.4,2172.2,0,0,738604.655432561,0,0,0
413172.91331912,40,2031.6,2127.4,2247.4,0,0,738604.655433024,0,0,0
413172.953318186,40,2043.4,2164,2358.2,0,0,738604.655433487,0,0,0
413172.993317252,40,2056.6,2194.8,2449.4,0,0,738604.65543395,0,0,0
413173.033316319,40,2057.2,2206.4,2483.2,0,0,738604.655434413,0,0,0
413173.073315385,40,2055.2,2190.4,2432.4,0,0,738604.655434876,0,0,0
413173.113314452,40,2044.6,2164.4,2370.8,0,0,738604.655435339,0,0,0
413173.153313518,40,2037.4,2146.6,2305.4,0,0,738604.655435802,0,0,0
413173.193312584,40,2032.6,2123.2,2241.6,0,0,738604.655436265,0,0,0
413173.233311651,40,2024,2105.4,2176,0,0,738604.655436728,0,0,0
413173.273310717,40,2013,2083.8,2120.6,0,0,738604.655437191,0,0,0
413173.313309784,40,2014.6,2071.4,2082.8,0,0,738604.655437654,0,0,0
413173.35330885,40,2007.8,2064.2,2061.6,0,0,738604.655438117,0,0,0
413173.393307916,40,2013.4,2065,2054.2,0,0,738604.65543858,0,0,0
413173.433306983,40,2007,2057.8,2061.8,0,0,738604.655439043,0,0,0
413173.473306049,40,2006.8,2064.4,2072.8,0,0,738604.655439506,0,0,0
413173.513305116,40,2015.6,2075.6,2096.6,0,0,738604.655439968,0,0,0
413173.553304182,40,2017.4,2089.6,2143.2,0,0,738604.655440431,0,0,0
413173.593303248,40,2028,2110.4,2232.6,0,0,738604.655440894,0,0,0
413173.633302315,40,2040,2152.8,2343.4,0,0,738604.655441357,0,0,0
413173.673301381,40,2052.4,2195.2,2451.4,0,0,738604.65544182,0,0,0
413173.713300448,40,2063.4,2217.8,2475.6,0,0,738604.655442283,0,0,0
413173.753299514,40,2059.8,2214.8,2484.4,0,0,738604.655442746,0,0,0
413173.79329858,40,2056.4,2202.8,2467,0,0,738604.655443209,0,0,0
413173.833297647,40,2046.6,2182.2,2432,0,0,738604.655443672,0,0,0
413173.873296713,40,2041.2,2155.4,2359,0,0,738604.655444135,0,0,0
413173.91329578,40,2030.4,2126.6,2264.8,0,0,738604.655444598,0,0,0
413173.953294846,40,2019.2,2100.8,2178.4,0,0,738604.655445061,0,0,0
413173.993293912,40,2016.4,2081.6,2124.4,0,0,738604.655445524,0,0,0
413174.033292979,40,2013.2,2075.6,2088.4,0,0,738604.655445987,0,0,0
413174.073292045,40,2008.8,2068.2,2067,0,0,738604.65544645,0,0,0
413174.113291112,40,2013,2067.4,2057.4,0,0,738604.655446913,0,0,0
413174.153290178,40,2010.8,2068.2,2073.2,0,0,738604.655447376,0,0,0
413174.193289244,40,2016.2,2078.4,2093.4,0,0,738604.655447839,0,0,0
413174.233288311,40,2015.4,2082.8,2121.6,0,0,738604.655448302,0,0,0
413174.273287377,40,2022.8,2102.4,2191.4,0,0,738604.655448765,0,0,0
413174.313286444,40,2034.2,2134.8,2312,0,0,738604.655449228,0,0,0
413174.35328551,40,2049.8,2184.2,2436.2,0,0,738604.655449691,0,0,0
413174.393284576,40,2058.6,2214.4,2485.6,0,0,738604.655450153,0,0,0
413174.433283643,40,2064,2226.2,2513.4,0,0,738604.655450616,0,0,0
413174.473282709,40,2060.2,2219.8,2508.4,0,0,738604.655451079,0,0,0
413174.513281776,40,2047.4,2185.6,2465.4,0,0,738604.655451542,0,0,0
413174.553280842,40,2039,2163.6,2374,0,0,738604.655452005,0,0,0
413174.593279908,40,2031.6,2132.2,2278.8,0,0,738604.655452468,0,0,0
413174.633278975,40,2027,2104.4,2191.2,0,0,738604.655452931,0,0,0
413174.673278041,40,2016,2088.8,2126.2,0,0,738604.655453394,0,0,0
413174.713277108,40,2011.2,2075.8,2088,0,0,738604.655453857,0,0,0
413174.753276174,40,2007.8,2068.2,2063.6,0,0,738604.65545432,0,0,0
413174.79327524,40,2011.2,2065.8,2063,0,0,738604.655454783,0,0,0
413174.833274307,40,2012.4,2067.4,2070.8,0,0,738604.655455246,0,0,0
413174.873273373,40,2007.8,2069.4,2082,0,0,738604.655455709,0,0,0
413174.91327244,40,2016.2,2081.8,2120.4,0,0,738604.655456172,0,0,0
413174.953271506,40,2023.8,2098,2177.8,0,0,738604.655456635,0,0,0
413174.993270572,40,2033.2,2126.4,2277.4,0,0,738604.655457098,0,0,0
413175.033269639,40,2042.8,2171.8,2390.8,0,0,738604.655457561,0,0,0
413175.073268705,40,2055.4,2201.6,2456,0,0,738604.655458024,0,0,0
413175.113267772,40,2064,2223.8,2499.8,0,0,738604.655458487,0,0,0
413175.153266838,40,2063,2221.6,2531.8,0,0,738604.65545895,0,0,0
413175.193265904,40,2050.8,2198.8,2486.2,0,0,738604.655459412,0,0,0
413175.233264971,40,2043,2166.6,2409.2,0,0,738604.655459875,0,0,0
413175.273264037,40,2034.4,2133.8,2315.8,0,0,738604.655460338,0,0,0
413175.313263104,40,2029.4,2119,2227,0,0,738604.655460801,0,0,0
413175.35326217,40,2016.2,2099.4,2158.2,0,0,738604.655461264,0,0,0
413175.393261236,40,2013.6,2079.6,2108.2,0,0,738604.655461727,0,0,0
413175.433260303,40,2013.4,2071,2078.6,0,0,738604.65546219,0,0,0
413175.473259369,40,2010.4,2062,2060.8,0,0,738604.655462653,0,0,0
413175.513258436,40,2010,2063,2062.2,0,0,738604.655463116,0,0,0
413175.553257502,40,2009,2062,2070.4,0,0,738604.655463579,0,0,0
413175.593256568,40,2011.8,2074.6,2097.8,0,0,738604.655464042,0,0,0
413175.633255635,40,2012.6,2088,2140.8,0,0,738604.655464505,0,0,0
413175.673254701,40,2022.4,2108.8,2224.6,0,0,738604.655464968,0,0,0
413175.713253768,40,2040.6,2146.8,2341.4,0,0,738604.655465431,0,0,0
413175.753252834,40,2050.6,2188.6,2448,0,0,738604.655465894,0,0,0
413175.7932519,40,2061.4,2214.6,2488.8,0,0,738604.655466357,0,0,0
413175.833250967,40,2067,2231,2529.6,0,0,738604.65546682,0,0,0
413175.873250033,40,2058.4,2212.8,2522.8,0,0,738604.655467283,0,0,0
413175.9132491,40,2049.2,2183,2463,0,0,738604.655467746,0,0,0
413175.953248166,40,2039.6,2157.8,2379.8,0,0,738604.655468209,0,0,0
413175.993247232,40,2032,2127,2273.2,0,0,738604.655468672,0,0,0
413176.033246299,40,2020.6,2102.4,2188.6,0,0,738604.655469134,0,0,0
413176.073245365,40,2017.2,2083.2,2129.2,0,0,738604.655469597,0,0,0
413176.113244432,40,2017,2080.6,2094,0,0,738604.65547006,0,0,0
413176.153243498,40,2007.8,2067.6,2071.6,0,0,738604.655470523,0,0,0
413176.193242564,40,2013.2,2066.2,2055.4,0,0,738604.655470986,0,0,0
413176.233241631,40,2010.8,2064.6,2067.2,0,0,738604.655471449,0,0,0
413176.273240697,40,2013,2072,2075.2,0,0,738604.655471912,0,0,0
413176.313239764,40,2012,2075.2,2103.4,0,0,738604.655472375,0,0,0
413176.35323883,40,2020.2,2089.6,2156.6,0,0,738604.655472838,0,0,0
413176.393237896,40,2031.2,2121,2251.8,0,0,738604.655473301,0,0,0
413176.433236963,40,2042.4,2165.6,2371,0,0,738604.655473764,0,0,0
413176.473236029,40,2058.6,2201.8,2451.6,0,0,738604.655474227,0,0,0
413176.513235096,40,2064.4,2222.4,2501.8,0,0,738604.65547469,0,0,0
413176.553234162,40,2060.4,2210.8,2522.8,0,0,738604.655475153,0,0,0
413176.593233228,40,2051.8,2188.8,2480.2,0,0,738604.655475616,0,0,0
413176.633232295,40,2044,2167,2402.4,0,0,738604.655476079,0,0,0
413176.673231361,40,2037.2,2138.8,2315.2,0,0,738604.655476542,0,0,0
413176.713230428,40,2030.6,2119.2,2226.2,0,0,738604.655477005,0,0,0
413176.753229494,40,2026.6,2102.4,2159.4,0,0,738604.655477468,0,0,0
413176.79322856,40,2014.6,2080.4,2113.6,0,0,738604.655477931,0,0,0
413176.833227627,40,2013,2077,2081.4,0,0,738604.655478394,0,0,0
413176.873226693,40,2010.2,2071,2063,0,0,738604.655478857,0,0,0
413176.91322576,40,2010.8,2061.6,2059,0,0,738604.655479319,0,0,0
413176.953224826,40,2008.2,2067.2,2062.4,0,0,738604.655479782,0,0,0
413176.993223892,40,2009,2071.4,2087,0,0,738604.655480245,0,0,0
413177.033222959,40,2014.6,2078.2,2110.2,0,0,738604.655480708,0,0,0
413177.073222025,40,2023.8,2095.4,2164.4,0,0,738604.655481171,0,0,0
413177.113221092,40,2031.4,2121.8,2253.2,0,0,738604.655481634,0,0,0
413177.153220158,40,2036.2,2156.2,2371.4,0,0,738604.655482097,0,0,0
413177.193219224,40,2054.2,2190.6,2444,0,0,738604.65548256,0,0,0
413177.233218291,40,2058.8,2204.4,2456.2,0,0,738604.655483023,0,0,0
413177.273217357,40,2051.6,2196.6,2471,0,0,738604.655483486,0,0,0
413177.313216424,40,2049.8,2173,2427.6,0,0,738604.655483949,0,0,0
413177.35321549,40,2036.8,2147.6,2355.2,0,0,738604.655484412,0,0,0
413177.393214556,40,2026.6,2123.8,2261.4,0,0,738604.655484875,0,0,0
413177.433213623,40,2019.4,2103.6,2185.2,0,0,738604.655485338,0,0,0
413177.473212689,40,2016.6,2086.2,2130.4,0,0,738604.655485801,0,0,0
413177.513211756,40,2012.8,2074.2,2096.8,0,0,738604.655486264,0,0,0
413177.553210822,40,2007.8,2070.8,2072.4,0,0,738604.655486727,0,0,0
413177.593209888,40,2007.8,2064.6,2061,0,0,738604.65548719,0,0,0
413177.633208955,40,2009.2,2065.4,2064.6,0,0,738604.655487653,0,0,0
413177.673208021,40,2011,2067,2080.4,0,0,738604.655488116,0,0,0
413177.713207088,40,2015.2,2074.8,2092.4,0,0,738604.655488578,0,0,0
413177.753206154,40,2016.2,2089.6,2144,0,0,738604.655489041,0,0,0
413177.79320522,40,2026.4,2108.6,2217.2,0,0,738604.655489504,0,0,0
413177.833204287,40,2035.4,2143.4,2313.6,0,0,738604.655489967,0,0,0
413177.873203353,40,2049.8,2171.8,2397.2,0,0,738604.65549043,0,0,0
413177.91320242,40,2050.2,2189.8,2430.8,0,0,738604.655490893,0,0,0
413177.953201486,40,2051,2194,2456,0,0,738604.655491356,0,0,0
413177.993200552,40,2049.2,2178.8,2413.2,0,0,738604.655491819,0,0,0
413178.033199619,40,2036.4,2153,2355.2,0,0,738604.655492282,0,0,0
413178.073198685,40,2035,2128,2272,0,0,738604.655492745,0,0,0
413178.113197752,40,2022.6,2107,2201,0,0,738604.655493208,0,0,0
413178.153196818,40,2021.6,2090.8,2143.4,0,0,738604.655493671,0,0,0
413178.193195884,40,2015.2,2075.4,2101,0,0,738604.655494134,0,0,0
413178.233194951,40,2011.8,2072,2076.2,0,0,738604.655494597,0,0,0
413178.273194017,40,2006,2062.4,2057.6,0,0,738604.65549506,0,0,0
413178.313193084,40,2008.8,2059.6,2060,0,0,738604.655495523,0,0,0
413178.35319215,40,2009.2,2065.6,2066,0,0,738604.655495986,0,0,0
413178.393191216,40,2011.4,2076,2084.4,0,0,738604.655496449,0,0,0
413178.433190283,40,2014.4,2080.8,2105.2,0,0,738604.655496912,0,0,0
413178.473189349,40,2014.8,2091.2,2151.4,0,0,738604.655497375,0,0,0
413178.513188416,40,2023.8,2108.6,2219.6,0,0,738604.655497838,0,0,0
413178.553187482,40,2033,2139.6,2317.2,0,0,738604.6554983,0,0,0
413178.593186548,40,2044.2,2167.4,2414,0,0,738604.655498763,0,0,0
413178.633185615,40,2049.4,2189,2464.8,0,0,738604.655499226,0,0,0
413178.673184681,40,2056.2,2195,2458.2,0,0,738604.655499689,0,0,0
413178.713183748,40,2047,2180.8,2412.6,0,0,738604.655500152,0,0,0
413178.753182814,40,2046.6,2167.8,2389.6,0,0,738604.655500615,0,0,0
413178.79318188,40,2041.6,2159,2354.8,0,0,738604.655501078,0,0,0
413178.833180947,40,2035,2147.8,2331,0,0,738604.655501541,0,0,0
413178.873180013,40,2034,2138.8,2310,0,0,738604.655502004,0,0,0
413178.91317908,40,2035.8,2138.2,2306.2,0,0,738604.655502467,0,0,0
413178.953178146,40,2036,2134.4,2303.2,0,0,738604.65550293,0,0,0
413178.993177212,40,2034.6,2131.6,2296.4,0,0,738604.655503393,0,0,0
413179.033176279,40,2033.2,2133.6,2286.4,0,0,738604.655503856,0,0,0
413179.073175345,40,2033.4,2135,2284.6,0,0,738604.655504319,0,0,0
413179.113174412,40,2036.8,2130.8,2272.4,0,0,738604.655504782,0,0,0
413179.153173478,40,2037.4,2133.4,2261.8,0,0,738604.655505245,0,0,0
413179.193172544,40,2033.8,2132.8,2260.4,0,0,738604.655505708,0,0,0
413179.233171611,40,2031.6,2126.6,2253.4,0,0,738604.655506171,0,0,0
