36319.446284338,40,2062,2213.6,2560.2,0,0,738593.649866276,0,0,0
36319.4862834044,40,2060.8,2221.8,2568.6,0,0,738593.649866739,0,0,0
36319.5262824708,40,2059,2219.6,2569,0,0,738593.649867202,0,0,0
36319.5662815372,40,2058.8,2217.4,2576.8,0,0,738593.649867665,0,0,0
36319.6062806036,40,2058.4,2218.6,2571,0,0,738593.649868128,0,0,0
36319.64627967,40,2056.6,2215.6,2573.6,0,0,738593.649868591,0,0,0
36319.6862787364,40,2056,2217.2,2571.6,0,0,738593.649869054,0,0,0
36319.7262778028,40,2060.8,2216,2570.8,0,0,738593.649869517,0,0,0
36319.7662768692,40,2054.2,2214.4,2572.6,0,0,738593.64986998,0,0,0
36319.8062759356,40,2055.8,2216,2568.2,0,0,738593.649870443,0,0,0
36319.846275002,40,2058.6,2216.6,2568.2,0,0,738593.649870906,0,0,0
36319.8862740684,40,2055.6,2214.6,2566.2,0,0,738593.649871369,0,0,0
36319.9262731348,40,2058.4,2216.2,2551.4,0,0,738593.649871832,0,0,0
36319.9662722012,40,2057.6,2211.4,2545,0,0,738593.649872295,0,0,0
36320.0062712676,40,2055.8,2205.4,2538.4,0,0,738593.649872757,0,0,0
36320.046270334,40,2054.2,2206.2,2522.6,0,0,738593.64987322,0,0,0
36320.0862694004,40,2053.4,2197.8,2507,0,0,738593.649873683,0,0,0
36320.1262684668,40,2053.2,2196,2491.8,0,0,738593.649874146,0,0,0
36320.1662675332,40,2054.6,2192,2476.2,0,0,738593.649874609,0,0,0
36320.2062665996,40,2051.4,2190,2458.8,0,0,738593.649875072,0,0,0
36320.246265666,40,2052.6,2187,2451.6,0,0,738593.649875535,0,0,0
36320.2862647324,40,2051.6,2185.4,2441.6,0,0,738593.649875998,0,0,0
36320.3262637988,40,2050,2185,2432.2,0,0,738593.649876461,0,0,0
36320.3662628652,40,2051.2,2182.4,2426,0,0,738593.649876924,0,0,0
36320.4062619316,40,2048.6,2176,2417.4,0,0,738593.649877387,0,0,0
36320.446260998,40,2045.2,2176.6,2412.4,0,0,738593.64987785,0,0,0
36320.4862600644,40,2047,2172,2406.2,0,0,738593.649878313,0,0,0
36320.5262591308,40,2042.6,2172.6,2396.8,0,0,738593.649878776,0,0,0
36320.5662581972,40,2050,2168,2392.4,0,0,738593.649879239,0,0,0
36320.6062572636,40,2049.4,2169.2,2382.2,0,0,738593.649879702,0,0,0
36320.64625633,40,2046.2,2165.4,2375.8,0,0,738593.649880165,0,0,0
36320.6862553964,40,2041.8,2165.6,2371.6,0,0,738593.649880628,0,0,0
36320.7262544628,40,2042,2163.6,2364.4,0,0,738593.649881091,0,0,0
36320.7662535292,40,2045,2162.4,2347.8,0,0,738593.649881553,0,0,0
36320.8062525956,40,2046.8,2163.4,2348,0,0,738593.649882016,0,0,0
36320.846251662,40,2045.6,2158.6,2343.2,0,0,738593.649882479,0,0,0
36320.8862507284,40,2043.6,2153.2,2342.4,0,0,738593.649882942,0,0,0
36320.9262497948,40,2041.8,2152.6,2333.4,0,0,738593.649883405,0,0,0
36320.9662488612,40,2045,2155.4,2326.6,0,0,738593.649883868,0,0,0
36321.0062479276,40,2045.8,2152.6,2327.8,0,0,738593.649884331,0,0,0
36321.046246994,40,2041.6,2150.4,2316.4,0,0,738593.649884794,0,0,0
36321.0862460604,40,2041.8,2154.4,2314.8,0,0,738593.649885257,0,0,0
36321.1262451268,40,2041.2,2147.4,2311.8,0,0,738593.64988572,0,0,0
36321.1662441932,40,2042.4,2146,2307.6,0,0,738593.649886183,0,0,0
36321.2062432596,40,2039.6,2144.6,2302.6,0,0,738593.649886646,0,0,0
36321.246242326,40,2037.2,2144,2302.4,0,0,738593.649887109,0,0,0
36321.2862413924,40,2037.2,2141,2294,0,0,738593.649887572,0,0,0
36321.3262404588,40,2041.4,2139.6,2295.6,0,0,738593.649888035,0,0,0
36321.3662395252,40,2036.8,2140.2,2284.6,0,0,738593.649888498,0,0,0
36321.4062385916,40,2037.8,2140.6,2283.4,0,0,738593.649888961,0,0,0
36321.446237658,40,2039.4,2137,2272.4,0,0,738593.649889424,0,0,0
36321.4862367244,40,2037.2,2135.6,2276.2,0,0,738593.649889887,0,0,0
36321.5262357908,40,2035.4,2134.6,2275.2,0,0,738593.64989035,0,0,0
36321.5662348572,40,2037.2,2139.8,2270,0,0,738593.649890813,0,0,0
36321.6062339236,40,2036.4,2138.4,2270,0,0,738593.649891276,0,0,0
36321.64623299,40,2034.8,2134.8,2269,0,0,738593.649891738,0,0,0
36321.6862320564,40,2035.8,2141.6,2273.2,0,0,738593.649892201,0,0,0
36321.7262311228,40,2033.4,2138.6,2274.2,0,0,738593.649892664,0,0,0
36321.7662301892,40,2035.6,2136.2,2276.4,0,0,738593.649893127,0,0,0
36321.8062292556,40,2039,2140,2276.6,0,0,738593.64989359,0,0,0
36321.846228322,40,2036.2,2141.8,2277.8,0,0,738593.649894053,0,0,0
36321.8862273884,40,2041,2138.6,2278.8,0,0,738593.649894516,0,0,0
36321.9262264548,40,2039.4,2137.8,2281.4,0,0,738593.649894979,0,0,0
36321.9662255212,40,2040,2140.8,2278,0,0,738593.649895442,0,0,0
36322.0062245876,40,2039.4,2141.8,2279,0,0,738593.649895905,0,0,0
36322.046223654,40,2043.2,2140.4,2278.4,0,0,738593.649896368,0,0,0
36322.0862227204,40,2037.8,2139.6,2278.4,0,0,738593.649896831,0,0,0
36322.1262217868,40,2036.8,2144.6,2278.4,0,0,738593.649897294,0,0,0
36322.1662208532,40,2038.6,2139.4,2277.2,0,0,738593.649897757,0,0,0
36322.2062199196,40,2035.8,2139.6,2280.8,0,0,738593.64989822,0,0,0
36322.246218986,40,2037.4,2142.6,2285.2,0,0,738593.649898683,0,0,0
36322.2862180524,40,2038.8,2144.6,2287.6,0,0,738593.649899146,0,0,0
36322.3262171188,40,2033.8,2143.6,2289.4,0,0,738593.649899609,0,0,0
36322.3662161852,40,2040.4,2145.6,2295.4,0,0,738593.649900072,0,0,0
36322.4062152516,40,2042.2,2146.4,2298,0,0,738593.649900535,0,0,0
36322.446214318,40,2040,2146.6,2302.8,0,0,738593.649900998,0,0,0
36322.4862133844,40,2039.4,2145.4,2311,0,0,738593.649901461,0,0,0
36322.5262124508,40,2039,2146.2,2310.8,0,0,738593.649901923,0,0,0
36322.5662115172,40,2045,2148.6,2312.2,0,0,738593.649902386,0,0,0
36322.6062105836,40,2042,2151.4,2311.4,0,0,738593.649902849,0,0,0
36322.64620965,40,2038.8,2152.4,2314.8,0,0,738593.649903312,0,0,0
36322.6862087164,40,2043.2,2151.2,2314.2,0,0,738593.649903775,0,0,0
36322.7262077828,40,2041.6,2153,2315.4,0,0,738593.649904238,0,0,0
36322.7662068492,40,2044.2,2153.2,2311.6,0,0,738593.649904701,0,0,0
36322.8062059156,40,2041.8,2145.6,2316.8,0,0,738593.649905164,0,0,0
36322.846204982,40,2044.4,2156.4,2316.4,0,0,738593.649905627,0,0,0
36322.8862040484,40,2043.4,2155.4,2324,0,0,738593.64990609,0,0,0
36322.9262031148,40,2041,2152.8,2320.8,0,0,738593.649906553,0,0,0
36322.9662021812,40,2046,2155.6,2321.2,0,0,738593.649907016,0,0,0
36323.0062012476,40,2040.6,2150,2328.2,0,0,738593.649907479,0,0,0
36323.046200314,40,2043.6,2151.8,2331,0,0,738593.649907942,0,0,0
36323.0861993804,40,2041.8,2156.6,2330.4,0,0,738593.649908405,0,0,0
36323.1261984468,40,2039.8,2155.4,2326.6,0,0,738593.649908868,0,0,0
36323.1661975132,40,2039,2154.4,2327,0,0,738593.649909331,0,0,0
36323.2061965796,40,2042.6,2153,2326.4,0,0,738593.649909794,0,0,0
36323.246195646,40,2044.2,2151.2,2324.2,0,0,738593.649910256,0,0,0
36323.2861947124,40,2045,2156.4,2328.2,0,0,738593.649910719,0,0,0
36323.3261937788,40,2042.8,2152.2,2326.2,0,0,738593.649911182,0,0,0
36323.3661928452,40,2040.2,2157,2327.6,0,0,738593.649911645,0,0,0
36323.4061919116,40,2047.8,2155.6,2326.8,0,0,738593.649912108,0,0,0
36323.446190978,40,2044.6,2154.8,2324.4,0,0,738593.649912571,0,0,0
36323.4861900444,40,2044.4,2152.2,2330,0,0,738593.649913034,0,0,0
36323.5261891108,40,2041.4,2154.4,2331,0,0,738593.649913497,0,0,0
36323.5661881772,40,2045.8,2159.8,2329.2,0,0,738593.64991396,0,0,0
36323.6061872436,40,2043.2,2159.6,2327.2,0,0,738593.649914423,0,0,0
36323.64618631,40,2042.4,2156.8,2329.2,0,0,738593.649914886,0,0,0
36323.6861853764,40,2040.2,2151,2330.4,0,0,738593.649915349,0,0,0
36323.7261844428,40,2043.2,2155.8,2331.2,0,0,738593.649915812,0,0,0
36323.7661835092,40,2041.6,2154,2325.2,0,0,738593.649916275,0,0,0
36323.8061825756,40,2042.4,2154,2328.6,0,0,738593.649916738,0,0,0
36323.846181642,40,2043.8,2154.2,2324.4,0,0,738593.649917201,0,0,0
36323.8861807084,40,2044.4,2158.2,2322.2,0,0,738593.649917664,0,0,0
36323.9261797748,40,2042.2,2154.6,2328.4,0,0,738593.649918127,0,0,0
36323.9661788412,40,2038,2156.2,2325.8,0,0,738593.64991859,0,0,0
36324.0061779076,40,2043.8,2154.8,2328.8,0,0,738593.649919053,0,0,0
36324.046176974,40,2040.8,2156.2,2327.8,0,0,738593.649919516,0,0,0
36324.0861760404,40,2039.6,2152.2,2327.6,0,0,738593.649919979,0,0,0
36324.1261751068,40,2044.8,2155.8,2326,0,0,738593.649920441,0,0,0
36324.1661741732,40,2043.8,2154.2,2330.8,0,0,738593.649920904,0,0,0
36324.2061732396,40,2038.8,2153.6,2325,0,0,738593.649921367,0,0,0
36324.246172306,40,2042.4,2148,2328.4,0,0,738593.64992183,0,0,0
36324.2861713724,40,2043.4,2149.4,2325.4,0,0,738593.649922293,0,0,0
36324.3261704388,40,2043.2,2151,2319.8,0,0,738593.649922756,0,0,0
36324.3661695052,40,2039.2,2156,2321.4,0,0,738593.649923219,0,0,0
36324.4061685716,40,2039.8,2147.6,2323.2,0,0,738593.649923682,0,0,0
36324.446167638,40,2043,2153.8,2317.4,0,0,738593.649924145,0,0,0
36324.4861667044,40,2043.4,2149.2,2320.8,0,0,738593.649924608,0,0,0
36324.5261657708,40,2038.8,2151.2,2321.4,0,0,738593.649925071,0,0,0
36324.5661648372,40,2042,2152.2,2321.2,0,0,738593.649925534,0,0,0
36324.6061639036,40,2043.2,2150.4,2326.4,0,0,738593.649925997,0,0,0
36324.64616297,40,2040.4,2153.8,2320.2,0,0,738593.64992646,0,0,0
36324.6861620364,40,2043.6,2154.4,2317.6,0,0,738593.649926923,0,0,0
36324.7261611028,40,2044.6,2150,2322.2,0,0,738593.649927386,0,0,0
36324.7661601692,40,2042.4,2149.8,2323.4,0,0,738593.649927849,0,0,0
36324.8061592356,40,2044.6,2151.2,2325,0,0,738593.649928312,0,0,0
36324.846158302,40,2043.4,2155,2327.4,0,0,738593.649928775,0,0,0
36324.8861573684,40,2041.8,2154.8,2321.4,0,0,738593.649929238,0,0,0
36324.9261564348,40,2046,2157.8,2322.4,0,0,738593.649929701,0,0,0
36324.9661555012,40,2042.6,2156.2,2326.8,0,0,738593.649930164,0,0,0
36325.0061545676,40,2044.6,2157.6,2321,0,0,738593.649930626,0,0,0
36325.046153634,40,2043.6,2159.4,2320,0,0,738593.649931089,0,0,0
36325.0861527004,40,2038.6,2157.4,2326.2,0,0,738593.649931552,0,0,0
36325.1261517668,40,2040.8,2155.6,2329.2,0,0,738593.649932015,0,0,0
36325.1661508332,40,2040.6,2159.2,2329,0,0,738593.649932478,0,0,0
36325.2061498996,40,2042.2,2154,2326.2,0,0,738593.649932941,0,0,0
36325.246148966,40,2042.4,2156.8,2330,0,0,738593.649933404,0,0,0
36325.2861480324,40,2043.4,2155.2,2330.4,0,0,738593.649933867,0,0,0
36325.3261470988,40,2044.6,2152.6,2329.6,0,0,738593.64993433,0,0,0
36325.3661461652,40,2044.4,2156.8,2332,0,0,738593.649934793,0,0,0
36325.4061452316,40,2043.8,2158,2336.2,0,0,738593.649935256,0,0,0
36325.446144298,40,2041.8,2157.8,2334.6,0,0,738593.649935719,0,0,0
36325.4861433644,40,2043.4,2155,2329.4,0,0,738593.649936182,0,0,0
36325.5261424308,40,2040.8,2157.2,2333.4,0,0,738593.649936645,0,0,0
36325.5661414972,40,2043,2151.4,2333,0,0,738593.649937108,0,0,0
36325.6061405636,40,2045,2156.2,2332.4,0,0,738593.649937571,0,0,0
36325.64613963,40,2044.4,2157,2332.8,0,0,738593.649938034,0,0,0
36325.6861386964,40,2045.2,2155.6,2333.4,0,0,738593.649938497,0,0,0
36325.7261377628,40,2040.6,2153.4,2330.8,0,0,738593.64993896,0,0,0
36325.7661368292,40,2047,2156.6,2332,0,0,738593.649939422,0,0,0
36325.8061358956,40,2047.2,2160.6,2335.2,0,0,738593.649939885,0,0,0
36325.846134962,40,2045.2,2156.6,2331.4,0,0,738593.649940348,0,0,0
36325.8861340284,40,2045.4,2157.4,2333.6,0,0,738593.649940811,0,0,0
36325.9261330948,40,2046.4,2158.8,2329.4,0,0,738593.649941274,0,0,0
36325.9661321612,40,2041.4,2158,2326.6,0,0,738593.649941737,0,0,0
36326.0061312276,40,2046.2,2158.6,2324.8,0,0,738593.6499422,0,0,0
36326.046130294,40,2043.4,2158.4,2328.8,0,0,738593.649942663,0,0,0
36326.0861293604,40,2043.8,2156,2331.6,0,0,738593.649943126,0,0,0
36326.1261284268,40,2048,2158,2332.6,0,0,738593.649943589,0,0,0
36326.1661274932,40,2043.2,2157.4,2331.2,0,0,738593.649944052,0,0,0
36326.2061265596,40,2045,2162.6,2338.4,0,0,738593.649944515,0,0,0
36326.246125626,40,2044.2,2158.6,2335.4,0,0,738593.649944978,0,0,0
36326.2861246924,40,2041.6,2161.8,2336,0,0,738593.649945441,0,0,0
36326.3261237588,40,2043.8,2159.6,2340.8,0,0,738593.649945904,0,0,0
36326.3661228252,40,2047.2,2160.2,2341.8,0,0,738593.649946367,0,0,0
36326.4061218916,40,2040,2162,2353.4,0,0,738593.64994683,0,0,0
36326.446120958,40,2045.8,2164,2357.6,0,0,738593.649947293,0,0,0
36326.4861200244,40,2043,2166,2369.2,0,0,738593.649947756,0,0,0
36326.5261190908,40,2049,2172.4,2371.8,0,0,738593.649948219,0,0,0
36326.5661181572,40,2048.8,2174.6,2373.2,0,0,738593.649948682,0,0,0
36326.6061172236,40,2050.2,2181.6,2384,0,0,738593.649949145,0,0,0
36326.64611629,40,2050.4,2175.4,2381.2,0,0,738593.649949607,0,0,0
36326.6861153564,40,2050,2177,2385.6,0,0,738593.64995007,0,0,0
36326.7261144228,40,2047,2177.2,2382,0,0,738593.649950533,0,0,0
36326.7661134892,40,2051.8,2174,2374.4,0,0,738593.649950996,0,0,0
36326.8061125556,40,2046,2167,2373,0,0,738593.649951459,0,0,0
36326.846111622,40,2052.2,2170,2357.6,0,0,738593.649951922,0,0,0
36326.8861106884,40,2047.8,2166.6,2361.4,0,0,738593.649952385,0,0,0
36326.9261097548,40,2046,2165.8,2355.2,0,0,738593.649952848,0,0,0
36326.9661088212,40,2046.6,2168.8,2348.8,0,0,738593.649953311,0,0,0
36327.0061078876,40,2048.8,2167.6,2351.6,0,0,738593.649953774,0,0,0
36327.046106954,40,2047.4,2163.8,2344,0,0,738593.649954237,0,0,0
36327.0861060204,40,2047,2172.2,2354.8,0,0,738593.6499547,0,0,0
36327.1261050868,40,2048.8,2173.2,2367.4,0,0,738593.649955163,0,0,0
36327.1661041532,40,2048,2175.2,2377.2,0,0,738593.649955626,0,0,0
36327.2061032196,40,2047.6,2174.8,2379,0,0,738593.649956089,0,0,0
36327.246102286,40,2050,2184.4,2385.4,0,0,738593.649956552,0,0,0
36327.2861013524,40,2051,2182.2,2390.2,0,0,738593.649957015,0,0,0
36327.3261004188,40,2051,2186.6,2404.8,0,0,738593.649957478,0,0,0
36327.3660994852,40,2056.4,2190.8,2415.4,0,0,738593.649957941,0,0,0
36327.4060985516,40,2053.6,2196.2,2428.4,0,0,738593.649958404,0,0,0
36327.446097618,40,2055.4,2193.2,2436.6,0,0,738593.649958867,0,0,0
36327.4860966844,40,2059.2,2203.4,2445.2,0,0,738593.64995933,0,0,0
36327.5260957508,40,2057.2,2202,2457.6,0,0,738593.649959792,0,0,0
36327.5660948172,40,2056.2,2208.2,2463.4,0,0,738593.649960255,0,0,0
36327.6060938836,40,2056.2,2204.8,2473.8,0,0,738593.649960718,0,0,0
36327.64609295,40,2055.6,2204.8,2465.6,0,0,738593.649961181,0,0,0
36327.6860920164,40,2057.6,2200.8,2464.6,0,0,738593.649961644,0,0,0
36327.7260910828,40,2055.2,2202.2,2455.8,0,0,738593.649962107,0,0,0
36327.7660901492,40,2051.2,2196.4,2438.8,0,0,738593.64996257,0,0,0
36327.8060892156,40,2054,2194,2428,0,0,738593.649963033,0,0,0
36327.846088282,40,2056.8,2190.8,2407.4,0,0,738593.649963496,0,0,0
36327.8860873484,40,2051.8,2180,2397.8,0,0,738593.649963959,0,0,0
36327.9260864148,40,2050.2,2174.4,2384.4,0,0,738593.649964422,0,0,0
36327.9660854812,40,2044.6,2171,2362.6,0,0,738593.649964885,0,0,0
36328.0060845476,40,2046.4,2163.6,2359.4,0,0,738593.649965348,0,0,0
36328.046083614,40,2043.6,2160.6,2362.2,0,0,738593.649965811,0,0,0
36328.0860826804,40,2045.4,2166.6,2367,0,0,738593.649966274,0,0,0
36328.1260817468,40,2043.4,2160,2368,0,0,738593.649966737,0,0,0
36328.1660808132,40,2045.4,2159.8,2368.4,0,0,738593.6499672,0,0,0
36328.2060798796,40,2040.2,2163,2368.6,0,0,738593.649967663,0,0,0
36328.246078946,40,2042.6,2157.4,2363.4,0,0,738593.649968126,0,0,0
36328.2860780124,40,2040.6,2154.8,2363.2,0,0,738593.649968588,0,0,0
36328.3260770788,40,2037,2152.8,2361,0,0,738593.649969051,0,0,0
36328.3660761452,40,2040.4,2155.2,2358.8,0,0,738593.649969514,0,0,0
36328.4060752116,40,2042,2156.4,2361.2,0,0,738593.649969977,0,0,0
36328.446074278,40,2040.4,2146.8,2359.8,0,0,738593.64997044,0,0,0
36328.4860733444,40,2037.8,2147.2,2357,0,0,738593.649970903,0,0,0
36328.5260724108,40,2039,2158.4,2354.4,0,0,738593.649971366,0,0,0
36328.5660714772,40,2042,2152,2356.8,0,0,738593.649971829,0,0,0
36328.6060705436,40,2044,2153.6,2353.6,0,0,738593.649972292,0,0,0
36328.64606961,40,2039.2,2156.8,2363.6,0,0,738593.649972755,0,0,0
36328.6860686764,40,2042.2,2157.8,2363,0,0,738593.649973218,0,0,0
36328.7260677428,40,2040,2155.2,2367.8,0,0,738593.649973681,0,0,0
36328.7660668092,40,2041.8,2156.4,2373.2,0,0,738593.649974144,0,0,0
36328.8060658756,40,2042,2163.6,2381.2,0,0,738593.649974607,0,0,0
36328.846064942,40,2041.8,2167.4,2393.4,0,0,738593.64997507,0,0,0
36328.8860640084,40,2044,2171.4,2406.2,0,0,738593.649975533,0,0,0
36328.9260630748,40,2046,2173.2,2416.6,0,0,738593.649975996,0,0,0
36328.9660621412,40,2045.6,2176.6,2432.4,0,0,738593.649976459,0,0,0
36329.0060612076,40,2044.8,2180.8,2455,0,0,738593.649976922,0,0,0
36329.046060274,40,2048.8,2193,2484.4,0,0,738593.649977385,0,0,0
36329.0860593404,40,2054.4,2206.6,2530,0,0,738593.649977848,0,0,0
36329.1260584068,40,2064.8,2232.4,2599,0,0,738593.649978311,0,0,0
36329.1660574732,40,2073.2,2267.8,2674.6,0,0,738593.649978773,0,0,0
36329.2060565396,40,2088.4,2319,2758.4,0,0,738593.649979236,0,0,0
36329.246055606,40,2108,2379.8,2792.8,0,0,738593.649979699,0,0,0
36329.2860546724,40,2135.4,2436.6,2793.4,0,0,738593.649980162,0,0,0
36329.3260537388,40,2166.2,2486.8,2757.8,0,0,738593.649980625,0,0,0
36329.3660528052,40,2186.4,2520.8,2732.4,0,0,738593.649981088,0,0,0
36329.4060518716,40,2201,2558.4,2752.2,0,0,738593.649981551,0,0,0
36329.446050938,40,2195.2,2560.6,2771.4,0,0,738593.649982014,0,0,0
36329.4860500044,40,2183,2546,2796,0,0,738593.649982477,0,0,0
36329.5260490708,40,2183.2,2538.8,2804.8,0,0,738593.64998294,0,0,0
36329.5660481372,40,2181.6,2541.8,2806.6,0,0,738593.649983403,0,0,0
36329.6060472036,40,2175,2534.8,2811.6,0,0,738593.649983866,0,0,0
36329.64604627,40,2172.6,2528.8,2819,0,0,738593.649984329,0,0,0
36329.6860453364,40,2177.8,2526.2,2827.6,0,0,738593.649984792,0,0,0
36329.7260444028,40,2163.8,2513,2832.2,0,0,738593.649985255,0,0,0
36329.7660434692,40,2158.8,2506,2833.2,0,0,738593.649985718,0,0,0
36329.8060425356,40,2157.2,2500.4,2823.2,0,0,738593.649986181,0,0,0
36329.846041602,40,2150.2,2489.4,2823.4,0,0,738593.649986644,0,0,0
36329.8860406684,40,2156.8,2480.4,2809.8,0,0,738593.649987107,0,0,0
36329.9260397348,40,2152,2471.8,2805.2,0,0,738593.64998757,0,0,0
36329.9660388012,40,2149,2460.8,2797.2,0,0,738593.649988033,0,0,0
36330.0060378676,40,2146.4,2454.2,2795.8,0,0,738593.649988496,0,0,0
36330.046036934,40,2143.8,2455.8,2795.8,0,0,738593.649988958,0,0,0
36330.0860360004,40,2144,2446,2800.8,0,0,738593.649989421,0,0,0
36330.1260350668,40,2142,2445.6,2803.2,0,0,738593.649989884,0,0,0
36330.1660341332,40,2136,2438,2808.4,0,0,738593.649990347,0,0,0
36330.2060331996,40,2138.2,2441.6,2802.8,0,0,738593.64999081,0,0,0
36330.246032266,40,2137.4,2446.2,2811,0,0,738593.649991273,0,0,0
36330.2860313324,40,2138.6,2445,2817.8,0,0,738593.649991736,0,0,0
36330.3260303988,40,2136.6,2445.4,2828,0,0,738593.649992199,0,0,0
36330.3660294652,40,2136.6,2448.4,2831,0,0,738593.649992662,0,0,0
36330.4060285316,40,2139.4,2443,2820.6,0,0,738593.649993125,0,0,0
36330.446027598,40,2143.2,2441.2,2811.6,0,0,738593.649993588,0,0,0
36330.4860266644,40,2135.2,2434.8,2809.8,0,0,738593.649994051,0,0,0
36330.5260257308,40,2132,2431.6,2811.4,0,0,738593.649994514,0,0,0
36330.5660247972,40,2128.8,2421.4,2814.2,0,0,738593.649994977,0,0,0
36330.6060238636,40,2127.8,2416.8,2809.2,0,0,738593.64999544,0,0,0
36330.64602293,40,2126,2408.2,2810.8,0,0,738593.649995903,0,0,0
36330.6860219964,40,2122.8,2404.8,2809.2,0,0,738593.649996366,0,0,0
36330.7260210628,40,2117,2394,2810.8,0,0,738593.649996829,0,0,0
36330.7660201292,40,2114.8,2386.8,2809.8,0,0,738593.649997292,0,0,0
36330.8060191956,40,2113.6,2385.4,2811.2,0,0,738593.649997754,0,0,0
36330.846018262,40,2112.6,2375.4,2803.8,0,0,738593.649998217,0,0,0
36330.8860173284,40,2111.4,2370.8,2796.4,0,0,738593.64999868,0,0,0
36330.9260163948,40,2106.8,2359,2785.8,0,0,738593.649999143,0,0,0
36330.9660154612,40,2104.8,2360.2,2779.4,0,0,738593.649999606,0,0,0
36331.0060145276,40,2108.8,2351,2771.4,0,0,738593.650000069,0,0,0
36331.046013594,40,2101.6,2350.2,2774.4,0,0,738593.650000532,0,0,0
36331.0860126604,40,2100.2,2349.2,2773.8,0,0,738593.650000995,0,0,0
36331.1260117268,40,2104.8,2347,2765.8,0,0,738593.650001458,0,0,0
36331.1660107932,40,2102,2353.4,2767,0,0,738593.650001921,0,0,0
36331.2060098596,40,2109.4,2352.6,2761.8,0,0,738593.650002384,0,0,0
36331.246008926,40,2109.6,2366.4,2775.2,0,0,738593.650002847,0,0,0
36331.2860079924,40,2115.2,2382.6,2778.2,0,0,738593.65000331,0,0,0
36331.3260070588,40,2127.4,2401.8,2772.8,0,0,738593.650003773,0,0,0
36331.3660061252,40,2141.2,2427.8,2758.8,0,0,738593.650004236,0,0,0
36331.4060051916,40,2149,2454.6,2755.2,0,0,738593.650004699,0,0,0
36331.446004258,40,2164.2,2486.4,2769.6,0,0,738593.650005162,0,0,0
36331.4860033244,40,2170.2,2511.2,2782,0,0,738593.650005625,0,0,0
36331.5260023908,40,2179,2522.2,2781,0,0,738593.650006088,0,0,0
36331.5660014572,40,2180,2527,2785,0,0,738593.650006551,0,0,0
36331.6060005236,40,2181,2529.2,2800.6,0,0,738593.650007014,0,0,0
36331.64599959,40,2174,2522.4,2816.6,0,0,738593.650007476,0,0,0
36331.6859986564,40,2166.8,2518,2853,0,0,738593.650007939,0,0,0
36331.7259977228,40,2158.8,2516.8,2877,0,0,738593.650008402,0,0,0
36331.7659967892,40,2158.6,2501,2868.6,0,0,738593.650008865,0,0,0
36331.8059958556,40,2156.4,2486.2,2842.8,0,0,738593.650009328,0,0,0
36331.845994922,40,2150.2,2472.2,2823.2,0,0,738593.650009791,0,0,0
36331.8859939884,40,2145.4,2457,2807.4,0,0,738593.650010254,0,0,0
36331.9259930548,40,2146.2,2446.4,2799.2,0,0,738593.650010717,0,0,0
36331.9659921212,40,2144.2,2440.4,2790.8,0,0,738593.65001118,0,0,0
36332.0059911876,40,2140,2439.8,2786.4,0,0,738593.650011643,0,0,0
36332.045990254,40,2140.6,2434.8,2787,0,0,738593.650012106,0,0,0
36332.0859893204,40,2135.6,2430.4,2786,0,0,738593.650012569,0,0,0
36332.1259883868,40,2137.2,2428.6,2783,0,0,738593.650013032,0,0,0
36332.1659874532,40,2131.2,2420.6,2784.4,0,0,738593.650013495,0,0,0
36332.2059865196,40,2131,2419.6,2780.2,0,0,738593.650013958,0,0,0
36332.245985586,40,2133,2413.4,2771.4,0,0,738593.650014421,0,0,0
36332.2859846524,40,2129.2,2413.8,2766,0,0,738593.650014884,0,0,0
36332.3259837188,40,2130.4,2413.4,2762.8,0,0,738593.650015347,0,0,0
36332.3659827852,40,2133.2,2415.2,2773.2,0,0,738593.65001581,0,0,0
36332.4059818516,40,2130.8,2410.2,2774.4,0,0,738593.650016273,0,0,0
36332.445980918,40,2124.8,2410.8,2774,0,0,738593.650016736,0,0,0
36332.4859799844,40,2125.2,2404,2778,0,0,738593.650017199,0,0,0
36332.5259790508,40,2130.6,2404.6,2785.6,0,0,738593.650017661,0,0,0
36332.5659781172,40,2127.6,2412,2795.2,0,0,738593.650018124,0,0,0
36332.6059771836,40,2128.8,2410.8,2818.6,0,0,738593.650018587,0,0,0
36332.64597625,40,2122.6,2415.6,2835.8,0,0,738593.65001905,0,0,0
36332.6859753164,40,2126,2412.4,2842.4,0,0,738593.650019513,0,0,0
36332.7259743828,40,2124.2,2408.4,2845.6,0,0,738593.650019976,0,0,0
36332.7659734492,40,2122,2407,2843.4,0,0,738593.650020439,0,0,0
36332.8059725156,40,2120.8,2397.2,2827.8,0,0,738593.650020902,0,0,0
36332.845971582,40,2123.8,2397,2807,0,0,738593.650021365,0,0,0
36332.8859706484,40,2118,2392.6,2794.4,0,0,738593.650021828,0,0,0
36332.9259697148,40,2123.4,2389.4,2788.8,0,0,738593.650022291,0,0,0
36332.9659687812,40,2119,2386.4,2797.6,0,0,738593.650022754,0,0,0
36333.0059678476,40,2120.2,2391,2808,0,0,738593.650023217,0,0,0
36333.045966914,40,2121,2391.8,2819.6,0,0,738593.65002368,0,0,0
36333.0859659804,40,2116.6,2394.4,2835.6,0,0,738593.650024143,0,0,0
36333.1259650468,40,2122.8,2401.2,2839.8,0,0,738593.650024606,0,0,0
36333.1659641132,40,2124.8,2420.8,2848.4,0,0,738593.650025069,0,0,0
36333.2059631796,40,2130.4,2440.2,2866.4,0,0,738593.650025532,0,0,0
36333.245962246,40,2145.2,2476.4,2882.6,0,0,738593.650025995,0,0,0
36333.2859613124,40,2153,2505,2890.8,0,0,738593.650026458,0,0,0
36333.3259603788,40,2157.4,2519.2,2898.8,0,0,738593.65002692,0,0,0
36333.3659594452,40,2157.6,2507.6,2895.2,0,0,738593.650027383,0,0,0
36333.4059585116,40,2149,2486.6,2881,0,0,738593.650027846,0,0,0
36333.445957578,40,2142,2464,2874.4,0,0,738593.650028309,0,0,0
36333.4859566444,40,2134.8,2450.6,2877,0,0,738593.650028772,0,0,0
36333.5259557108,40,2126.4,2429.4,2874,0,0,738593.650029235,0,0,0
36333.5659547772,40,2118.2,2405.8,2864,0,0,738593.650029698,0,0,0
36333.6059538436,40,2108.6,2382,2842,0,0,738593.650030161,0,0,0
36333.64595291,40,2109,2363.8,2818.6,0,0,738593.650030624,0,0,0
36333.6859519764,40,2099.4,2344.6,2808,0,0,738593.650031087,0,0,0
36333.7259510428,40,2098.2,2346.4,2803.2,0,0,738593.65003155,0,0,0
36333.7659501092,40,2097.8,2337.6,2812.4,0,0,738593.650032013,0,0,0
36333.8059491756,40,2092.4,2336.4,2832.2,0,0,738593.650032476,0,0,0
36333.845948242,40,2088,2338.4,2851.4,0,0,738593.650032939,0,0,0
36333.8859473084,40,2091.2,2338.4,2865.8,0,0,738593.650033402,0,0,0
36333.9259463748,40,2097.6,2347.2,2874.8,0,0,738593.650033865,0,0,0
36333.9659454412,40,2103.4,2374,2908.4,0,0,738593.650034328,0,0,0
36334.0059445076,40,2119,2426.6,2963.2,0,0,738593.650034791,0,0,0
36334.045943574,40,2148.4,2504.8,2991.8,0,0,738593.650035254,0,0,0
36334.0859426404,40,2176,2593.2,2980,0,0,738593.650035717,0,0,0
36334.1259417068,40,2217.2,2672.8,2922,0,0,738593.65003618,0,0,0
36334.1659407732,40,2246.8,2726.2,2863.8,0,0,738593.650036642,0,0,0
36334.2059398396,40,2262.8,2748.2,2812.2,0,0,738593.650037105,0,0,0
36334.245938906,40,2258.8,2738.4,2822.8,0,0,738593.650037568,0,0,0
36334.2859379724,40,2236,2703,2858,0,0,738593.650038031,0,0,0
36334.3259370388,40,2216.8,2666,2881.4,0,0,738593.650038494,0,0,0
36334.3659361052,40,2207,2631.8,2888.4,0,0,738593.650038957,0,0,0
36334.4059351716,40,2182.8,2585.4,2897.6,0,0,738593.65003942,0,0,0
36334.445934238,40,2165.8,2531.4,2896,0,0,738593.650039883,0,0,0
36334.4859333044,40,2145,2473.2,2880,0,0,738593.650040346,0,0,0
36334.5259323708,40,2122,2414.2,2855.2,0,0,738593.650040809,0,0,0
36334.5659314372,40,2103.6,2363.4,2805.6,0,0,738593.650041272,0,0,0
36334.6059305036,40,2095.4,2314.8,2739,0,0,738593.650041735,0,0,0
36334.64592957,40,2080.8,2291.2,2695.8,0,0,738593.650042198,0,0,0
36334.6859286364,40,2083.6,2296.4,2710.4,0,0,738593.650042661,0,0,0
36334.7259277028,40,2090.6,2314.6,2758.8,0,0,738593.650043124,0,0,0
36334.7659267692,40,2099.4,2360.2,2843,0,0,738593.650043587,0,0,0
36334.8059258356,40,2123.2,2430.8,2940.4,0,0,738593.65004405,0,0,0
36334.845924902,40,2159.8,2549.6,2972.4,0,0,738593.650044513,0,0,0
36334.8859239684,40,2223.2,2679.8,2909,0,0,738593.650044976,0,0,0
36334.9259230348,40,2297.6,2770.8,2741,0,0,738593.650045439,0,0,0
36334.9659221012,40,2374.2,2791.4,2592.6,0,0,738593.650045902,0,0,0
36335.0059211676,40,2428.4,2763.2,2496.2,0,0,738593.650046365,0,0,0
36335.045920234,40,2447,2741.4,2456.8,0,0,738593.650046827,0,0,0
36335.0859193004,40,2432.8,2745.4,2474.6,0,0,738593.65004729,0,0,0
36335.1259183668,40,2408.4,2751.6,2514.2,0,0,738593.650047753,0,0,0
36335.1659174332,40,2367.2,2752.8,2577.6,0,0,738593.650048216,0,0,0
36335.2059164996,40,2314.2,2743,2664,0,0,738593.650048679,0,0,0
36335.245915566,40,2253.2,2684.6,2773.8,0,0,738593.650049142,0,0,0
36335.2859146324,40,2186.4,2587.8,2880.2,0,0,738593.650049605,0,0,0
36335.3259136988,40,2134.2,2441.6,2897.2,0,0,738593.650050068,0,0,0
36335.3659127652,40,2091.8,2313.6,2762.4,0,0,738593.650050531,0,0,0
36335.4059118316,40,2062.8,2227.2,2549.4,0,0,738593.650050994,0,0,0
36335.445910898,40,2050.6,2170.4,2391.2,0,0,738593.650051457,0,0,0
36335.4859099644,40,2042.4,2141.6,2295,0,0,738593.65005192,0,0,0
36335.5259090308,40,2037.4,2130.6,2264.8,0,0,738593.650052383,0,0,0
36335.5659080972,40,2034.2,2136.8,2279.8,0,0,738593.650052846,0,0,0
36335.6059071636,40,2039,2146,2317.6,0,0,738593.650053309,0,0,0
36335.64590623,40,2043,2173,2414.4,0,0,738593.650053772,0,0,0
36335.6859052964,40,2058.8,2226,2602,0,0,738593.650054235,0,0,0
36335.7259043628,40,2087.8,2336.6,2857.2,0,0,738593.650054698,0,0,0
36335.7659034292,40,2148.8,2523.8,2974.8,0,0,738593.650055161,0,0,0
36335.8059024956,40,2247.2,2694.4,2816.8,0,0,738593.650055623,0,0,0
36335.845901562,40,2346.8,2724.8,2568.4,0,0,738593.650056086,0,0,0
36335.8859006284,40,2409.6,2653.6,2431.8,0,0,738593.650056549,0,0,0
36335.9258996948,40,2439.2,2602.4,2364.4,0,0,738593.650057012,0,0,0
36335.9658987612,40,2465.6,2624.8,2361.4,0,0,738593.650057475,0,0,0
36336.0058978276,40,2452.4,2665.4,2394,0,0,738593.650057938,0,0,0
36336.045896894,40,2427.4,2711.6,2458.2,0,0,738593.650058401,0,0,0
36336.0858959604,40,2385.8,2740.8,2528.8,0,0,738593.650058864,0,0,0
36336.1258950268,40,2327.8,2751.4,2637.8,0,0,738593.650059327,0,0,0
36336.1658940932,40,2257.2,2699.6,2774.4,0,0,738593.65005979,0,0,0
36336.2058931596,40,2180,2569.8,2890.6,0,0,738593.650060253,0,0,0
36336.245892226,40,2116.6,2408,2871.4,0,0,738593.650060716,0,0,0
36336.2858912924,40,2078.2,2275.8,2684.4,0,0,738593.650061179,0,0,0
36336.3258903588,40,2054.4,2193,2458.6,0,0,738593.650061642,0,0,0
36336.3658894252,40,2042,2144.8,2307.4,0,0,738593.650062105,0,0,0
36336.4058884916,40,2035.2,2126.2,2235.8,0,0,738593.650062568,0,0,0
36336.445887558,40,2032,2120,2222.8,0,0,738593.650063031,0,0,0
36336.4858866244,40,2027.8,2118,2238,0,0,738593.650063494,0,0,0
36336.5258856908,40,2031,2125.2,2261.2,0,0,738593.650063957,0,0,0
36336.5658847572,40,2034.8,2142.2,2320.4,0,0,738593.65006442,0,0,0
36336.6058838236,40,2042.4,2177.2,2422.6,0,0,738593.650064883,0,0,0
36336.64588289,40,2061.8,2227.2,2580.6,0,0,738593.650065346,0,0,0
36336.6858819564,40,2094,2312,2716.4,0,0,738593.650065808,0,0,0
36336.7258810228,40,2127.4,2418,2770.4,0,0,738593.650066271,0,0,0
36336.7658800892,40,2181,2517.2,2729.2,0,0,738593.650066734,0,0,0
36336.8058791556,40,2243.2,2604.6,2661.4,0,0,738593.650067197,0,0,0
36336.845878222,40,2309,2666.6,2585,0,0,738593.65006766,0,0,0
36336.8858772884,40,2355.4,2680,2519.2,0,0,738593.650068123,0,0,0
36336.9258763548,40,2368.8,2675,2489.2,0,0,738593.650068586,0,0,0
36336.9658754212,40,2365.6,2674.8,2498,0,0,738593.650069049,0,0,0
36337.0058744876,40,2352,2696,2535.8,0,0,738593.650069512,0,0,0
36337.045873554,40,2346.2,2719.2,2575,0,0,738593.650069975,0,0,0
36337.0858726204,40,2340.2,2723.4,2592.8,0,0,738593.650070438,0,0,0
36337.1258716868,40,2330.2,2734,2619.4,0,0,738593.650070901,0,0,0
36337.1658707532,40,2305,2737.4,2685.2,0,0,738593.650071364,0,0,0
36337.2058698196,40,2268.8,2721.4,2769.4,0,0,738593.650071827,0,0,0
36337.245868886,40,2216.2,2659.2,2880.6,0,0,738593.65007229,0,0,0
36337.2858679524,40,2166.2,2569.4,2975.6,0,0,738593.650072753,0,0,0
36337.3258670188,40,2125.8,2455.8,2983.6,0,0,738593.650073216,0,0,0
36337.3658660852,40,2095.6,2352.4,2882.8,0,0,738593.650073679,0,0,0
36337.4058651516,40,2078,2284.2,2753.4,0,0,738593.650074142,0,0,0
36337.445864218,40,2067,2248,2645.2,0,0,738593.650074605,0,0,0
36337.4858632844,40,2057,2222.4,2585.2,0,0,738593.650075068,0,0,0
36337.5258623508,40,2058.8,2215.8,2567.8,0,0,738593.650075531,0,0,0
36337.5658614172,40,2060.2,2222.8,2582.8,0,0,738593.650075993,0,0,0
36337.6058604836,40,2060.6,2221.8,2588,0,0,738593.650076456,0,0,0
36337.64585955,40,2061.6,2235.4,2618.8,0,0,738593.650076919,0,0,0
36337.6858586164,40,2073,2277.2,2732.6,0,0,738593.650077382,0,0,0
36337.7258576828,40,2098.4,2358.2,2894.8,0,0,738593.650077845,0,0,0
36337.7658567492,40,2134.6,2481.2,2983.8,0,0,738593.650078308,0,0,0
36337.8058558156,40,2183.6,2592.4,2932.6,0,0,738593.650078771,0,0,0
36337.845854882,40,2239.6,2682.6,2788.4,0,0,738593.650079234,0,0,0
36337.8858539484,40,2301.8,2692,2639.4,0,0,738593.650079697,0,0,0
36337.9258530148,40,2336.8,2672.6,2538.2,0,0,738593.65008016,0,0,0
36337.9658520812,40,2362.8,2650.2,2479.4,0,0,738593.650080623,0,0,0
36338.0058511476,40,2393.6,2690.2,2473.8,0,0,738593.650081086,0,0,0
36338.045850214,40,2388,2711,2497.8,0,0,738593.650081549,0,0,0
36338.0858492804,40,2378.4,2730,2536.4,0,0,738593.650082012,0,0,0
36338.1258483468,40,2367,2733.8,2558.2,0,0,738593.650082475,0,0,0
36338.1658474132,40,2370.8,2752,2567,0,0,738593.650082938,0,0,0
36338.2058464796,40,2365.6,2775,2590.6,0,0,738593.650083401,0,0,0
36338.245845546,40,2361.6,2784,2613.4,0,0,738593.650083864,0,0,0
36338.2858446124,40,2363.2,2802.6,2630.4,0,0,738593.650084327,0,0,0
36338.3258436788,40,2355.4,2809.8,2649.8,0,0,738593.650084789,0,0,0
36338.3658427452,40,2352.2,2827.2,2665,0,0,738593.650085252,0,0,0
36338.4058418116,40,2349.2,2827.6,2682.4,0,0,738593.650085715,0,0,0
36338.445840878,40,2349.8,2829.8,2684,0,0,738593.650086178,0,0,0
36338.4858399444,40,2343.4,2828.6,2693,0,0,738593.650086641,0,0,0
36338.5258390108,40,2335,2821,2699.6,0,0,738593.650087104,0,0,0
36338.5658380772,40,2324.4,2788.4,2694,0,0,738593.650087567,0,0,0
36338.6058371436,40,2316.4,2772.8,2687.8,0,0,738593.65008803,0,0,0
36338.64583621,40,2310.4,2743.8,2675.8,0,0,738593.650088493,0,0,0
36338.6858352764,40,2304.2,2721,2665.6,0,0,738593.650088956,0,0,0
36338.7258343428,40,2290,2698.2,2664.4,0,0,738593.650089419,0,0,0
36338.7658334092,40,2287.8,2677.6,2650,0,0,738593.650089882,0,0,0
36338.8058324756,40,2284.8,2665.2,2654,0,0,738593.650090345,0,0,0
36338.845831542,40,2279,2673.6,2665.4,0,0,738593.650090808,0,0,0
36338.8858306084,40,2276.8,2681.6,2688.8,0,0,738593.650091271,0,0,0
36338.9258296748,40,2269.2,2685.4,2709,0,0,738593.650091734,0,0,0
36338.9658287412,40,2267,2706.2,2738.2,0,0,738593.650092197,0,0,0
36339.0058278076,40,2267.8,2711.4,2762,0,0,738593.65009266,0,0,0
36339.045826874,40,2262.6,2712.6,2777,0,0,738593.650093123,0,0,0
36339.0858259404,40,2262.8,2703.4,2773.4,0,0,738593.650093586,0,0,0
36339.1258250068,40,2254,2695.8,2777.2,0,0,738593.650094049,0,0,0
36339.1658240732,40,2247.8,2681.8,2771.6,0,0,738593.650094511,0,0,0
36339.2058231396,40,2249.2,2663.2,2766.6,0,0,738593.650094974,0,0,0
36339.245822206,40,2241.8,2649.8,2766.6,0,0,738593.650095437,0,0,0
36339.2858212724,40,2233.2,2646,2762.4,0,0,738593.6500959,0,0,0
36339.3258203388,40,2234,2643.6,2772,0,0,738593.650096363,0,0,0
36339.3658194052,40,2230.4,2629,2786.2,0,0,738593.650096826,0,0,0
36339.4058184716,40,2224.2,2636.8,2788.2,0,0,738593.650097289,0,0,0
36339.445817538,40,2222,2635.2,2803.2,0,0,738593.650097752,0,0,0
36339.4858166044,40,2216.6,2625,2806.8,0,0,738593.650098215,0,0,0
36339.5258156708,40,2211.4,2608.8,2815.2,0,0,738593.650098678,0,0,0
36339.5658147372,40,2208.4,2605.2,2805.4,0,0,738593.650099141,0,0,0
36339.6058138036,40,2205,2592.4,2801.2,0,0,738593.650099604,0,0,0
36339.64581287,40,2198.2,2580.4,2801.2,0,0,738593.650100067,0,0,0
36339.6858119364,40,2189.8,2568.8,2807.8,0,0,738593.65010053,0,0,0
36339.7258110028,40,2190.2,2564.2,2819.4,0,0,738593.650100993,0,0,0
36339.7658100692,40,2185.6,2568.2,2858.2,0,0,738593.650101456,0,0,0
36339.8058091356,40,2183.4,2573,2890.2,0,0,738593.650101919,0,0,0
36339.845808202,40,2175.6,2565.4,2915,0,0,738593.650102382,0,0,0
36339.8858072684,40,2173.6,2557.8,2914.4,0,0,738593.650102845,0,0,0
36339.9258063348,40,2166.6,2540,2917.4,0,0,738593.650103308,0,0,0
36339.9658054012,40,2167.2,2535.8,2902.2,0,0,738593.650103771,0,0,0
36340.0058044676,40,2159.4,2514.2,2875,0,0,738593.650104234,0,0,0
36340.045803534,40,2155.6,2498.2,2860.6,0,0,738593.650104696,0,0,0
36340.0858026004,40,2153.4,2493.6,2846.4,0,0,738593.650105159,0,0,0
36340.1258016668,40,2145.4,2489.6,2850.4,0,0,738593.650105622,0,0,0
36340.1658007332,40,2150,2482.8,2856.6,0,0,738593.650106085,0,0,0
36340.2057997996,40,2148.6,2479.4,2877.4,0,0,738593.650106548,0,0,0
36340.245798866,40,2145.2,2472.4,2866.2,0,0,738593.650107011,0,0,0
36340.2857979324,40,2141.2,2472.8,2862.6,0,0,738593.650107474,0,0,0
36340.3257969988,40,2142.6,2464.4,2850.4,0,0,738593.650107937,0,0,0
36340.3657960652,40,2152.8,2472.4,2840.6,0,0,738593.6501084,0,0,0
36340.4057951316,40,2151.8,2486.2,2842,0,0,738593.650108863,0,0,0
36340.445794198,40,2161.6,2509.8,2851.2,0,0,738593.650109326,0,0,0
36340.4857932644,40,2179.2,2548.8,2852.4,0,0,738593.650109789,0,0,0
36340.5257923308,40,2202,2599.2,2843.4,0,0,738593.650110252,0,0,0
36340.5657913972,40,2222.4,2655.6,2806.8,0,0,738593.650110715,0,0,0
36340.6057904636,40,2267.8,2701,2750.6,0,0,738593.650111178,0,0,0
36340.64578953,40,2308.6,2735,2687,0,0,738593.650111641,0,0,0
36340.6857885964,40,2348.4,2757.6,2609.6,0,0,738593.650112104,0,0,0
36340.7257876628,40,2388.4,2756,2541.6,0,0,738593.650112567,0,0,0
36340.7657867292,40,2421.6,2752.2,2493.8,0,0,738593.65011303,0,0,0
36340.8057857956,40,2453.4,2738.4,2456.4,0,0,738593.650113493,0,0,0
36340.845784862,40,2470.6,2745.6,2438.6,0,0,738593.650113955,0,0,0
36340.8857839284,40,2474.8,2771,2452.2,0,0,738593.650114418,0,0,0
36340.9257829948,40,2458.4,2800,2483.2,0,0,738593.650114881,0,0,0
36340.9657820612,40,2448.8,2814.4,2504.4,0,0,738593.650115344,0,0,0
36341.0057811276,40,2439,2813.2,2514.4,0,0,738593.650115807,0,0,0
36341.045780194,40,2420,2801.8,2538,0,0,738593.65011627,0,0,0
36341.0857792604,40,2408.2,2786.6,2549.6,0,0,738593.650116733,0,0,0
36341.1257783268,40,2381.8,2766.6,2556.2,0,0,738593.650117196,0,0,0
36341.1657773932,40,2353.8,2737.2,2578.8,0,0,738593.650117659,0,0,0
36341.2057764596,40,2333.6,2722.2,2594.6,0,0,738593.650118122,0,0,0
36341.245775526,40,2317.6,2696,2610,0,0,738593.650118585,0,0,0
36341.2857745924,40,2302.4,2678.2,2613.8,0,0,738593.650119048,0,0,0
36341.3257736588,40,2291.4,2662.6,2634.6,0,0,738593.650119511,0,0,0
36341.3657727252,40,2283.8,2662.4,2637.2,0,0,738593.650119974,0,0,0
36341.4057717916,40,2274.8,2655.6,2646.2,0,0,738593.650120437,0,0,0
36341.445770858,40,2268.2,2646.2,2660.4,0,0,738593.6501209,0,0,0
36341.4857699244,40,2259,2644.4,2675.4,0,0,738593.650121363,0,0,0
36341.5257689908,40,2244.4,2626.6,2703.2,0,0,738593.650121826,0,0,0
36341.5657680572,40,2236.2,2624.8,2727.2,0,0,738593.650122289,0,0,0
36341.6057671236,40,2235.2,2630.4,2743.4,0,0,738593.650122752,0,0,0
36341.64576619,40,2236.4,2625.6,2740.2,0,0,738593.650123215,0,0,0
36341.6857652564,40,2227.2,2612.4,2743.8,0,0,738593.650123677,0,0,0
36341.7257643228,40,2223.2,2605,2740.2,0,0,738593.65012414,0,0,0
36341.7657633892,40,2222.2,2604.4,2737.6,0,0,738593.650124603,0,0,0
36341.8057624556,40,2217.6,2603.8,2757.6,0,0,738593.650125066,0,0,0
36341.845761522,40,2219,2608.8,2770.2,0,0,738593.650125529,0,0,0
36341.8857605884,40,2215.2,2610,2792.6,0,0,738593.650125992,0,0,0
36341.9257596548,40,2208.6,2611.8,2817.6,0,0,738593.650126455,0,0,0
36341.9657587212,40,2211,2620.6,2837,0,0,738593.650126918,0,0,0
36342.0057577876,40,2203.4,2626.4,2863.6,0,0,738593.650127381,0,0,0
36342.045756854,40,2207.6,2628,2874,0,0,738593.650127844,0,0,0
36342.0857559204,40,2196.8,2619.4,2881.6,0,0,738593.650128307,0,0,0
36342.1257549868,40,2196.6,2613.2,2885.2,0,0,738593.65012877,0,0,0
36342.1657540532,40,2196.8,2600.8,2881.4,0,0,738593.650129233,0,0,0
36342.2057531196,40,2193.2,2593,2869.2,0,0,738593.650129696,0,0,0
36342.245752186,40,2185.8,2579,2856.4,0,0,738593.650130159,0,0,0
36342.2857512524,40,2184.4,2563.8,2842.8,0,0,738593.650130622,0,0,0
36342.3257503188,40,2178.4,2553,2845.4,0,0,738593.650131085,0,0,0
36342.3657493852,40,2177,2547.2,2835.6,0,0,738593.650131548,0,0,0
36342.4057484516,40,2171.8,2527.2,2832.4,0,0,738593.650132011,0,0,0
36342.445747518,40,2166,2517.8,2830,0,0,738593.650132474,0,0,0
36342.4857465844,40,2165.8,2507,2812.4,0,0,738593.650132937,0,0,0
36342.5257456508,40,2154.8,2480.2,2792.8,0,0,738593.6501334,0,0,0
36342.5657447172,40,2151.6,2467.2,2774.8,0,0,738593.650133862,0,0,0
36342.6057437836,40,2150.4,2456,2766.8,0,0,738593.650134325,0,0,0
36342.64574285,40,2148,2449.2,2777.6,0,0,738593.650134788,0,0,0
36342.6857419164,40,2139.6,2442.4,2786.6,0,0,738593.650135251,0,0,0
36342.7257409828,40,2132.2,2429.2,2789.6,0,0,738593.650135714,0,0,0
36342.7657400492,40,2125,2412.6,2784.6,0,0,738593.650136177,0,0,0
36342.8057391156,40,2123.6,2397,2760.8,0,0,738593.65013664,0,0,0
36342.845738182,40,2120.4,2388.2,2743.6,0,0,738593.650137103,0,0,0
36342.8857372484,40,2120.8,2388.6,2749.4,0,0,738593.650137566,0,0,0
36342.9257363148,40,2123.4,2385,2751,0,0,738593.650138029,0,0,0
36342.9657353812,40,2121.4,2380.2,2752.8,0,0,738593.650138492,0,0,0
36343.0057344476,40,2117.4,2385.2,2754,0,0,738593.650138955,0,0,0
36343.045733514,40,2116,2375.2,2747.2,0,0,738593.650139418,0,0,0
36343.0857325804,40,2115,2377.6,2745,0,0,738593.650139881,0,0,0
36343.1257316468,40,2120.2,2375.2,2746.6,0,0,738593.650140344,0,0,0
36343.1657307132,40,2119.6,2385.4,2758.4,0,0,738593.650140807,0,0,0
36343.2057297796,40,2119.8,2392.2,2776.6,0,0,738593.65014127,0,0,0
36343.245728846,40,2128.4,2417.2,2793.8,0,0,738593.650141733,0,0,0
36343.2857279124,40,2138.8,2445.8,2822.8,0,0,738593.650142196,0,0,0
36343.3257269788,40,2153,2492.4,2847,0,0,738593.650142659,0,0,0
36343.3657260452,40,2176,2532.8,2847.4,0,0,738593.650143121,0,0,0
36343.4057251116,40,2189.6,2561.2,2815.8,0,0,738593.650143584,0,0,0
36343.445724178,40,2206.4,2589.8,2775.8,0,0,738593.650144047,0,0,0
36343.4857232444,40,2234,2622.8,2737.4,0,0,738593.65014451,0,0,0
36343.5257223108,40,2264.8,2663.6,2684,0,0,738593.650144973,0,0,0
36343.5657213772,40,2303.8,2697.8,2629.4,0,0,738593.650145436,0,0,0
36343.6057204436,40,2350.2,2718.8,2561.4,0,0,738593.650145899,0,0,0
36343.64571951,40,2391,2729.4,2513.2,0,0,738593.650146362,0,0,0
36343.6857185764,40,2424,2736.6,2475.6,0,0,738593.650146825,0,0,0
36343.7257176428,40,2444,2745.4,2463.2,0,0,738593.650147288,0,0,0
36343.7657167092,40,2449,2761.2,2466,0,0,738593.650147751,0,0,0
36343.8057157756,40,2444.2,2787.4,2497.2,0,0,738593.650148214,0,0,0
36343.845714842,40,2427.4,2797.4,2523,0,0,738593.650148677,0,0,0
36343.8857139084,40,2422,2799.8,2544.2,0,0,738593.65014914,0,0,0
36343.9257129748,40,2401.6,2787,2551.6,0,0,738593.650149603,0,0,0
36343.9657120412,40,2373.2,2753.6,2558.8,0,0,738593.650150066,0,0,0
36344.0057111076,40,2345.8,2719.2,2570.2,0,0,738593.650150529,0,0,0
36344.045710174,40,2313.8,2676.6,2595.4,0,0,738593.650150992,0,0,0
36344.0857092404,40,2277.4,2656.2,2646.4,0,0,738593.650151455,0,0,0
36344.1257083068,40,2239.4,2622.2,2721.4,0,0,738593.650151918,0,0,0
36344.1657073732,40,2194.8,2562.6,2782.4,0,0,738593.650152381,0,0,0
36344.2057064396,40,2155,2478.2,2811.2,0,0,738593.650152843,0,0,0
36344.245705506,40,2120.8,2402,2782.2,0,0,738593.650153306,0,0,0
36344.2857045724,40,2103.6,2341.6,2740,0,0,738593.650153769,0,0,0
36344.3257036388,40,2090.6,2308,2689.2,0,0,738593.650154232,0,0,0
36344.3657027052,40,2088.2,2307.4,2700,0,0,738593.650154695,0,0,0
36344.4057017716,40,2090.8,2319.4,2731.6,0,0,738593.650155158,0,0,0
36344.445700838,40,2094,2337.8,2761.6,0,0,738593.650155621,0,0,0
36344.4856999044,40,2104.8,2361.2,2822,0,0,738593.650156084,0,0,0
36344.5256989708,40,2116,2409,2884.4,0,0,738593.650156547,0,0,0
36344.5656980372,40,2135.2,2477.6,2942.4,0,0,738593.65015701,0,0,0
36344.6056971036,40,2170.6,2569,2964.4,0,0,738593.650157473,0,0,0
36344.64569617,40,2223.6,2680.4,2890,0,0,738593.650157936,0,0,0
36344.6856952364,40,2285,2757.4,2763.8,0,0,738593.650158399,0,0,0
36344.7256943028,40,2344.4,2773.8,2630.4,0,0,738593.650158862,0,0,0
36344.7656933692,40,2385.4,2744.8,2533.8,0,0,738593.650159325,0,0,0
36344.8056924356,40,2397.4,2698.6,2479.8,0,0,738593.650159788,0,0,0
36344.845691502,40,2391.6,2682.4,2462.6,0,0,738593.650160251,0,0,0
36344.8856905684,40,2392,2679.6,2473.6,0,0,738593.650160714,0,0,0
36344.9256896348,40,2385.6,2706.2,2504.4,0,0,738593.650161177,0,0,0
36344.9656887012,40,2377,2735.4,2538.6,0,0,738593.65016164,0,0,0
36345.0056877676,40,2381.2,2775.2,2580,0,0,738593.650162103,0,0,0
36345.045686834,40,2371.6,2807.6,2611.6,0,0,738593.650162566,0,0,0
36345.0856859004,40,2361.4,2810.6,2640.2,0,0,738593.650163028,0,0,0
36345.1256849668,40,2339.8,2796.2,2660.4,0,0,738593.650163491,0,0,0
36345.1656840332,40,2309,2748.8,2689.2,0,0,738593.650163954,0,0,0
36345.2056830996,40,2275.8,2691.8,2707.8,0,0,738593.650164417,0,0,0
36345.245682166,40,2232,2622.2,2736.2,0,0,738593.65016488,0,0,0
36345.2856812324,40,2189.4,2542.6,2760.4,0,0,738593.650165343,0,0,0
36345.3256802988,40,2154,2463.2,2770.4,0,0,738593.650165806,0,0,0
36345.3656793652,40,2117.8,2379.8,2738.6,0,0,738593.650166269,0,0,0
36345.4056784316,40,2092.6,2307,2673.6,0,0,738593.650166732,0,0,0
36345.445677498,40,2075.6,2263.6,2596.6,0,0,738593.650167195,0,0,0
36345.4856765644,40,2071,2244,2551.2,0,0,738593.650167658,0,0,0
36345.5256756308,40,2072,2246.2,2562.4,0,0,738593.650168121,0,0,0
36345.5656746972,40,2069.6,2253.6,2593.6,0,0,738593.650168584,0,0,0
36345.6056737636,40,2072,2257,2626.2,0,0,738593.650169047,0,0,0
36345.64567283,40,2081.6,2286.2,2687.2,0,0,738593.65016951,0,0,0
36345.6856718964,40,2090.2,2317.8,2776.8,0,0,738593.650169973,0,0,0
36345.7256709628,40,2105.2,2370.4,2870.8,0,0,738593.650170436,0,0,0
36345.7656700292,40,2131.2,2451,2928.6,0,0,738593.650170899,0,0,0
36345.8056690956,40,2165.6,2545.8,2933.8,0,0,738593.650171362,0,0,0
36345.845668162,40,2215,2647.8,2866.8,0,0,738593.650171824,0,0,0
36345.8856672284,40,2274.4,2720.6,2753.2,0,0,738593.650172287,0,0,0
36345.9256662948,40,2327.2,2751,2646.8,0,0,738593.65017275,0,0,0
36345.9656653612,40,2361.4,2757.8,2588.4,0,0,738593.650173213,0,0,0
36346.0056644276,40,2375.4,2756.8,2564,0,0,738593.650173676,0,0,0
36346.045663494,40,2372.2,2764,2565,0,0,738593.650174139,0,0,0
36346.0856625604,40,2360,2777,2600.2,0,0,738593.650174602,0,0,0
36346.1256616268,40,2348.6,2799.8,2644.8,0,0,738593.650175065,0,0,0
36346.1656606932,40,2337.6,2809.8,2674,0,0,738593.650175528,0,0,0
36346.2056597596,40,2320.8,2809.6,2720.4,0,0,738593.650175991,0,0,0
36346.245658826,40,2299,2791,2761.6,0,0,738593.650176454,0,0,0
36346.2856578924,40,2266.2,2736,2805.4,0,0,738593.650176917,0,0,0
36346.3256569588,40,2221.2,2638.2,2828,0,0,738593.65017738,0,0,0
36346.3656560252,40,2169.2,2517,2806.2,0,0,738593.650177843,0,0,0
36346.4056550916,40,2133.6,2408.8,2738,0,0,738593.650178306,0,0,0
36346.445654158,40,2101.6,2327,2682.4,0,0,738593.650178769,0,0,0
36346.4856532244,40,2079.6,2261.8,2589,0,0,738593.650179232,0,0,0
36346.5256522908,40,2067.4,2229.6,2509,0,0,738593.650179695,0,0,0
36346.5656513572,40,2070.4,2228.4,2504.4,0,0,738593.650180158,0,0,0
36346.6056504236,40,2071,2234.2,2523.2,0,0,738593.650180621,0,0,0
36346.64564949,40,2071,2244.8,2547.6,0,0,738593.650181084,0,0,0
36346.6856485564,40,2076,2260.8,2593.4,0,0,738593.650181546,0,0,0
36346.7256476228,40,2087,2292,2662.4,0,0,738593.650182009,0,0,0
36346.7656466892,40,2103.2,2346,2755.2,0,0,738593.650182472,0,0,0
36346.8056457556,40,2122.8,2421.8,2837.6,0,0,738593.650182935,0,0,0
36346.845644822,40,2165.8,2520.4,2873.4,0,0,738593.650183398,0,0,0
36346.8856438884,40,2224.4,2636,2809,0,0,738593.650183861,0,0,0
36346.9256429548,40,2301.4,2730.2,2677.4,0,0,738593.650184324,0,0,0
36346.9656420212,40,2378.2,2754.8,2545.6,0,0,738593.650184787,0,0,0
36347.0056410876,40,2430,2725.4,2460.4,0,0,738593.65018525,0,0,0
36347.045640154,40,2457,2706.2,2424.8,0,0,738593.650185713,0,0,0
36347.0856392204,40,2437.2,2724.6,2450.6,0,0,738593.650186176,0,0,0
36347.1256382868,40,2412.6,2748,2502,0,0,738593.650186639,0,0,0
36347.1656373532,40,2378.2,2764.8,2563.6,0,0,738593.650187102,0,0,0
36347.2056364196,40,2338,2767.4,2642.6,0,0,738593.650187565,0,0,0
36347.245635486,40,2287.2,2730.6,2727,0,0,738593.650188028,0,0,0
36347.2856345524,40,2230.6,2634.8,2789.4,0,0,738593.650188491,0,0,0
36347.3256336188,40,2175.6,2527.4,2813.8,0,0,738593.650188954,0,0,0
36347.3656326852,40,2137,2422.6,2772,0,0,738593.650189417,0,0,0
36347.4056317516,40,2107,2350.4,2705.6,0,0,738593.65018988,0,0,0
36347.445630818,40,2092.8,2300.4,2650.6,0,0,738593.650190343,0,0,0
36347.4856298844,40,2087.4,2287,2630,0,0,738593.650190806,0,0,0
36347.5256289508,40,2086.8,2292.8,2639.6,0,0,738593.650191269,0,0,0
36347.5656280172,40,2092.6,2289.2,2642.4,0,0,738593.650191731,0,0,0
36347.6056270836,40,2091.8,2297.2,2638.6,0,0,738593.650192194,0,0,0
36347.64562615,40,2094.4,2309.6,2661.2,0,0,738593.650192657,0,0,0
36347.6856252164,40,2102,2333.6,2717.4,0,0,738593.65019312,0,0,0
36347.7256242828,40,2115.2,2377.8,2783.8,0,0,738593.650193583,0,0,0
36347.7656233492,40,2137.8,2438.2,2847,0,0,738593.650194046,0,0,0
36347.8056224156,40,2163.8,2514,2852.6,0,0,738593.650194509,0,0,0
36347.845621482,40,2204.8,2599,2804.4,0,0,738593.650194972,0,0,0
36347.8856205484,40,2248.8,2667.2,2737.6,0,0,738593.650195435,0,0,0
36347.9256196148,40,2295,2701.4,2654.8,0,0,738593.650195898,0,0,0
36347.9656186812,40,2328.6,2717,2600.2,0,0,738593.650196361,0,0,0
36348.0056177476,40,2340.4,2733.6,2587.6,0,0,738593.650196824,0,0,0
36348.045616814,40,2330.2,2751.4,2626.4,0,0,738593.650197287,0,0,0
36348.0856158804,40,2320.2,2765.6,2666.4,0,0,738593.65019775,0,0,0
36348.1256149468,40,2313.4,2752.8,2688.4,0,0,738593.650198213,0,0,0
36348.1656140132,40,2294.8,2731.4,2692.4,0,0,738593.650198676,0,0,0
36348.2056130796,40,2274,2685.6,2700,0,0,738593.650199139,0,0,0
36348.245612146,40,2246.2,2634.2,2715.2,0,0,738593.650199602,0,0,0
36348.2856112124,40,2216.8,2586.4,2736.2,0,0,738593.650200065,0,0,0
36348.3256102788,40,2182.8,2527.4,2757.2,0,0,738593.650200528,0,0,0
36348.3656093452,40,2150.4,2446.6,2758.4,0,0,738593.65020099,0,0,0
36348.4056084116,40,2118,2373.6,2714.4,0,0,738593.650201453,0,0,0
36348.445607478,40,2098.8,2321,2657.4,0,0,738593.650201916,0,0,0
36348.4856065444,40,2082.4,2277.4,2610.2,0,0,738593.650202379,0,0,0
36348.5256056108,40,2080.2,2262,2592.2,0,0,738593.650202842,0,0,0
36348.5656046772,40,2082.2,2279.6,2632,0,0,738593.650203305,0,0,0
36348.6056037436,40,2082.4,2287.8,2683,0,0,738593.650203768,0,0,0
36348.64560281,40,2087.2,2311.2,2751.2,0,0,738593.650204231,0,0,0
36348.6856018764,40,2092,2350.4,2844.2,0,0,738593.650204694,0,0,0
36348.7256009428,40,2107.6,2393,2927,0,0,738593.650205157,0,0,0
36348.7656000092,40,2125.2,2443.8,2971.6,0,0,738593.65020562,0,0,0
36348.8055990756,40,2142.6,2491.6,2931.2,0,0,738593.650206083,0,0,0
36348.845598142,40,2165.2,2531.8,2874,0,0,738593.650206546,0,0,0
36348.8855972084,40,2183.2,2543.2,2800.4,0,0,738593.650207009,0,0,0
36348.9255962748,40,2189.8,2544.8,2760.6,0,0,738593.650207472,0,0,0
36348.9655953412,40,2189.4,2538.2,2739.4,0,0,738593.650207935,0,0,0
36349.0055944076,40,2182.2,2531.4,2747,0,0,738593.650208398,0,0,0
36349.045593474,40,2176.4,2512.2,2769.2,0,0,738593.650208861,0,0,0
36349.0855925404,40,2165.6,2501.8,2778.6,0,0,738593.650209324,0,0,0
36349.1255916068,40,2161.4,2488.4,2781.2,0,0,738593.650209787,0,0,0
36349.1655906732,40,2149,2465.2,2778.6,0,0,738593.65021025,0,0,0
36349.2055897396,40,2136,2433.2,2779.6,0,0,738593.650210712,0,0,0
36349.245588806,40,2119.6,2384.6,2770.2,0,0,738593.650211175,0,0,0
36349.2855878724,40,2104.2,2349.2,2738,0,0,738593.650211638,0,0,0
36349.3255869388,40,2088.6,2305.8,2690,0,0,738593.650212101,0,0,0
36349.3655860052,40,2082.4,2274.4,2621.4,0,0,738593.650212564,0,0,0
36349.4055850716,40,2066.4,2240.8,2552.8,0,0,738593.650213027,0,0,0
36349.445584138,40,2063.2,2218.8,2503.4,0,0,738593.65021349,0,0,0
36349.4855832044,40,2060,2204.8,2468.2,0,0,738593.650213953,0,0,0
36349.5255822708,40,2059.6,2204.4,2477.6,0,0,738593.650214416,0,0,0
36349.5655813372,40,2055.6,2208.6,2511.2,0,0,738593.650214879,0,0,0
36349.6055804036,40,2058.4,2216.6,2540.8,0,0,738593.650215342,0,0,0
36349.64557947,40,2061.6,2228.8,2602.4,0,0,738593.650215805,0,0,0
36349.6855785364,40,2068,2257.8,2684.2,0,0,738593.650216268,0,0,0
36349.7255776028,40,2084.8,2300.4,2777.8,0,0,738593.650216731,0,0,0
36349.7655766692,40,2103.2,2356.4,2862,0,0,738593.650217194,0,0,0
36349.8055757356,40,2121.8,2423,2921.8,0,0,738593.650217657,0,0,0
36349.845574802,40,2144.8,2488.2,2935.2,0,0,738593.65021812,0,0,0
36349.8855738684,40,2160.2,2548.2,2935.2,0,0,738593.650218583,0,0,0
36349.9255729348,40,2176.4,2584.6,2911.2,0,0,738593.650219046,0,0,0
36349.9655720012,40,2187.4,2586.8,2891.8,0,0,738593.650219509,0,0,0
36350.0055710676,40,2177.6,2568.8,2907.4,0,0,738593.650219972,0,0,0
36350.045570134,40,2162.8,2536.6,2915.6,0,0,738593.650220435,0,0,0
36350.0855692004,40,2151.8,2502.2,2889.8,0,0,738593.650220897,0,0,0
36350.1255682668,40,2141,2460.8,2841.2,0,0,738593.65022136,0,0,0
36350.1655673332,40,2133.6,2421,2790.8,0,0,738593.650221823,0,0,0
36350.2055663996,40,2111.8,2367.6,2741.8,0,0,738593.650222286,0,0,0
36350.245565466,40,2098,2320.2,2689.6,0,0,738593.650222749,0,0,0
36350.2855645324,40,2082.6,2269.6,2611.6,0,0,738593.650223212,0,0,0
36350.3255635988,40,2061.4,2223.8,2522.6,0,0,738593.650223675,0,0,0
36350.3655626652,40,2052.2,2190.8,2433.2,0,0,738593.650224138,0,0,0
36350.4055617316,40,2042.2,2162.8,2356.4,0,0,738593.650224601,0,0,0
36350.445560798,40,2039.6,2146.2,2317.8,0,0,738593.650225064,0,0,0
36350.4855598644,40,2035.2,2145,2317.2,0,0,738593.650225527,0,0,0
36350.5255589308,40,2041.2,2149.2,2328.8,0,0,738593.65022599,0,0,0
36350.5655579972,40,2039.6,2152.4,2363.8,0,0,738593.650226453,0,0,0
36350.6055570636,40,2044.6,2171,2409.8,0,0,738593.650226916,0,0,0
36350.64555613,40,2050,2192.6,2492.4,0,0,738593.650227379,0,0,0
36350.6855551964,40,2056.2,2227.2,2609.6,0,0,738593.650227842,0,0,0
36350.7255542628,40,2081.2,2285.6,2734,0,0,738593.650228305,0,0,0
36350.7655533292,40,2095.8,2353.2,2875.2,0,0,738593.650228768,0,0,0
36350.8055523956,40,2120.8,2438.6,2963.6,0,0,738593.650229231,0,0,0
36350.845551462,40,2151,2515.2,2984.2,0,0,738593.650229694,0,0,0
36350.8855505284,40,2171.2,2569.8,2942.6,0,0,738593.650230156,0,0,0
36350.9255495948,40,2185.2,2581,2903.4,0,0,738593.650230619,0,0,0
36350.9655486612,40,2173.2,2562,2904.8,0,0,738593.650231082,0,0,0
36351.0055477276,40,2162,2529.2,2904,0,0,738593.650231545,0,0,0
36351.045546794,40,2157.8,2511,2893.2,0,0,738593.650232008,0,0,0
36351.0855458604,40,2149.4,2486.4,2877.8,0,0,738593.650232471,0,0,0
36351.1255449268,40,2136.8,2447.8,2859.6,0,0,738593.650232934,0,0,0
36351.1655439932,40,2117.6,2392.8,2816.8,0,0,738593.650233397,0,0,0
36351.2055430596,40,2092.2,2327.2,2753.8,0,0,738593.65023386,0,0,0
36351.245542126,40,2079.6,2270.6,2653.6,0,0,738593.650234323,0,0,0
36351.2855411924,40,2062.8,2228.6,2545,0,0,738593.650234786,0,0,0
36351.3255402588,40,2048.4,2196.6,2467.8,0,0,738593.650235249,0,0,0
36351.3655393252,40,2045.6,2180,2416,0,0,738593.650235712,0,0,0
36351.4055383916,40,2047.8,2174.8,2404.6,0,0,738593.650236175,0,0,0
36351.445537458,40,2048.4,2179.2,2417.8,0,0,738593.650236638,0,0,0
36351.4855365244,40,2054,2185.6,2422,0,0,738593.650237101,0,0,0
36351.5255355908,40,2056,2196.6,2462.6,0,0,738593.650237564,0,0,0
36351.5655346572,40,2071.2,2224,2543.2,0,0,738593.650238027,0,0,0
36351.6055337236,40,2075,2268.6,2666.8,0,0,738593.65023849,0,0,0
36351.64553279,40,2087.8,2329.4,2809.8,0,0,738593.650238953,0,0,0
36351.6855318564,40,2108.8,2399.6,2936.4,0,0,738593.650239416,0,0,0
36351.7255309228,40,2132.8,2469.6,2987.4,0,0,738593.650239878,0,0,0
36351.7655299892,40,2153,2539.8,3001.8,0,0,738593.650240341,0,0,0
36351.8055290556,40,2178.4,2592,2975.8,0,0,738593.650240804,0,0,0
36351.845528122,40,2177.6,2593,2928.2,0,0,738593.650241267,0,0,0
36351.8855271884,40,2180,2573.8,2902.6,0,0,738593.65024173,0,0,0
36351.9255262548,40,2165.8,2529.2,2868.6,0,0,738593.650242193,0,0,0
36351.9655253212,40,2159.6,2491.4,2817.8,0,0,738593.650242656,0,0,0
36352.0055243876,40,2145.4,2459,2771.2,0,0,738593.650243119,0,0,0
36352.045523454,40,2137.4,2427,2768.2,0,0,738593.650243582,0,0,0
36352.0855225204,40,2122.8,2390.2,2772.2,0,0,738593.650244045,0,0,0
36352.1255215868,40,2102.8,2344,2756.8,0,0,738593.650244508,0,0,0
36352.1655206532,40,2086.2,2298.8,2696,0,0,738593.650244971,0,0,0
36352.2055197196,40,2068.4,2246.2,2603.8,0,0,738593.650245434,0,0,0
36352.245518786,40,2055,2205.8,2488.8,0,0,738593.650245897,0,0,0
36352.2855178524,40,2046.4,2172.6,2389.2,0,0,738593.65024636,0,0,0
36352.3255169188,40,2041.6,2154.4,2334,0,0,738593.650246823,0,0,0
36352.3655159852,40,2041.2,2148.8,2318.4,0,0,738593.650247286,0,0,0
36352.4055150516,40,2041,2155.4,2334.8,0,0,738593.650247749,0,0,0
36352.445514118,40,2038.8,2159.6,2347.2,0,0,738593.650248212,0,0,0
36352.4855131844,40,2047,2166.8,2381.6,0,0,738593.650248675,0,0,0
36352.5255122508,40,2046.4,2189.4,2473,0,0,738593.650249138,0,0,0
36352.5655113172,40,2059.6,2224,2591.8,0,0,738593.650249601,0,0,0
36352.6055103836,40,2071,2275,2722.8,0,0,738593.650250063,0,0,0
36352.64550945,40,2096.4,2344.2,2850.4,0,0,738593.650250526,0,0,0
36352.6855085164,40,2120.8,2429.8,2945,0,0,738593.650250989,0,0,0
36352.7255075828,40,2152.8,2519.4,2943.2,0,0,738593.650251452,0,0,0
36352.7655066492,40,2182,2581.2,2915,0,0,738593.650251915,0,0,0
36352.8055057156,40,2202,2615.4,2863.2,0,0,738593.650252378,0,0,0
36352.845504782,40,2201.6,2608.4,2837.2,0,0,738593.650252841,0,0,0
36352.8855038484,40,2190.6,2574.2,2830.6,0,0,738593.650253304,0,0,0
36352.9255029148,40,2174.2,2536.6,2824.8,0,0,738593.650253767,0,0,0
36352.9655019812,40,2162,2495.8,2803.8,0,0,738593.65025423,0,0,0
36353.0055010476,40,2140.8,2445.2,2774.6,0,0,738593.650254693,0,0,0
36353.045500114,40,2123.4,2385,2750.4,0,0,738593.650255156,0,0,0
36353.0854991804,40,2099.8,2323,2696.4,0,0,738593.650255619,0,0,0
36353.1254982468,40,2074.2,2258.6,2611.4,0,0,738593.650256082,0,0,0
36353.1654973132,40,2060.8,2213.8,2506.4,0,0,738593.650256545,0,0,0
36353.2054963796,40,2050,2182.2,2407.6,0,0,738593.650257008,0,0,0
36353.245495446,40,2046.4,2164,2357.4,0,0,738593.650257471,0,0,0
36353.2854945124,40,2040.2,2159.8,2344,0,0,738593.650257934,0,0,0
36353.3254935788,40,2042.6,2158,2348.6,0,0,738593.650258397,0,0,0
36353.3654926452,40,2050.8,2163.8,2352,0,0,738593.65025886,0,0,0
36353.4054917116,40,2045,2167.6,2363,0,0,738593.650259322,0,0,0
36353.445490778,40,2046.8,2174.4,2405.8,0,0,738593.650259785,0,0,0
36353.4854898444,40,2056,2198.8,2487.4,0,0,738593.650260248,0,0,0
36353.5254889108,40,2058.6,2228.6,2590.6,0,0,738593.650260711,0,0,0
36353.5654879772,40,2077.4,2265.4,2695.4,0,0,738593.650261174,0,0,0
36353.6054870436,40,2086,2321,2814.2,0,0,738593.650261637,0,0,0
36353.64548611,40,2108.4,2394.6,2914,0,0,738593.6502621,0,0,0
36353.6854851764,40,2137.6,2473.6,2956.6,0,0,738593.650262563,0,0,0
36353.7254842428,40,2162.4,2543,2939,0,0,738593.650263026,0,0,0
36353.7654833092,40,2189.4,2588.8,2905.4,0,0,738593.650263489,0,0,0
36353.8054823756,40,2189.4,2604.6,2896.4,0,0,738593.650263952,0,0,0
36353.845481442,40,2186,2584,2904.4,0,0,738593.650264415,0,0,0
36353.8854805084,40,2168.4,2545.2,2908.6,0,0,738593.650264878,0,0,0
36353.9254795748,40,2152,2490,2869.6,0,0,738593.650265341,0,0,0
36353.9654786412,40,2122.2,2408.8,2797.8,0,0,738593.650265804,0,0,0
36354.0054777076,40,2103.2,2327.2,2691.4,0,0,738593.650266267,0,0,0
36354.045476774,40,2074.6,2255.2,2569.2,0,0,738593.65026673,0,0,0
36354.0854758404,40,2059.2,2205.2,2444.6,0,0,738593.650267193,0,0,0
36354.1254749068,40,2044.2,2163.8,2351.8,0,0,738593.650267656,0,0,0
36354.1654739732,40,2036,2137,2290.6,0,0,738593.650268119,0,0,0
36354.2054730396,40,2033.4,2129.2,2270.6,0,0,738593.650268581,0,0,0
36354.245472106,40,2034.2,2135.2,2287,0,0,738593.650269044,0,0,0
36354.2854711724,40,2035.4,2144.2,2310,0,0,738593.650269507,0,0,0
36354.3254702388,40,2039.2,2154.8,2351.6,0,0,738593.65026997,0,0,0
36354.3654693052,40,2046.6,2176.2,2425.8,0,0,738593.650270433,0,0,0
36354.4054683716,40,2055.6,2210.2,2538,0,0,738593.650270896,0,0,0
36354.445467438,40,2069.4,2266,2690.4,0,0,738593.650271359,0,0,0
36354.4854665044,40,2096.6,2345.6,2854.4,0,0,738593.650271822,0,0,0
36354.5254655708,40,2129.6,2464.2,2957.6,0,0,738593.650272285,0,0,0
36354.5654646372,40,2174.6,2581.8,2951.6,0,0,738593.650272748,0,0,0
36354.6054637036,40,2224.4,2671.6,2876.6,0,0,738593.650273211,0,0,0
36354.64546277,40,2246.8,2695,2799.8,0,0,738593.650273674,0,0,0
36354.6854618364,40,2248.2,2682.4,2768.6,0,0,738593.650274137,0,0,0
36354.7254609028,40,2231.6,2641.6,2759.2,0,0,738593.6502746,0,0,0
36354.7654599692,40,2217.2,2591,2754,0,0,738593.650275063,0,0,0
36354.8054590356,40,2188,2528,2737.4,0,0,738593.650275526,0,0,0
36354.845458102,40,2162.2,2481.4,2753.6,0,0,738593.650275989,0,0,0
36354.8854571684,40,2132.4,2420.8,2770.8,0,0,738593.650276452,0,0,0
36354.9254562348,40,2102.2,2341.4,2734.4,0,0,738593.650276915,0,0,0
36354.9654553012,40,2075.8,2266.6,2625,0,0,738593.650277378,0,0,0
36355.0054543676,40,2054.2,2203,2484.8,0,0,738593.650277841,0,0,0
36355.045453434,40,2043.4,2166.4,2366.8,0,0,738593.650278304,0,0,0
36355.0854525004,40,2038,2143,2288.6,0,0,738593.650278767,0,0,0
36355.1254515668,40,2035.6,2125.2,2249,0,0,738593.650279229,0,0,0
36355.1654506332,40,2030.6,2126.2,2245.8,0,0,738593.650279692,0,0,0
36355.2054496996,40,2029.4,2128,2262,0,0,738593.650280155,0,0,0
36355.245448766,40,2038,2135.2,2294.4,0,0,738593.650280618,0,0,0
36355.2854478324,40,2040.2,2158.6,2350,0,0,738593.650281081,0,0,0
36355.3254468988,40,2046.4,2177.4,2443,0,0,738593.650281544,0,0,0
36355.3654459652,40,2063,2221.2,2563,0,0,738593.650282007,0,0,0
36355.4054450316,40,2075.8,2278.4,2721.4,0,0,738593.65028247,0,0,0
36355.445444098,40,2099.2,2362.2,2867.4,0,0,738593.650282933,0,0,0
36355.4854431644,40,2136.6,2461.8,2928.6,0,0,738593.650283396,0,0,0
36355.5254422308,40,2173.2,2564.2,2917.8,0,0,738593.650283859,0,0,0
36355.5654412972,40,2204.4,2618.2,2855.4,0,0,738593.650284322,0,0,0
36355.6054403636,40,2222.4,2640,2812.8,0,0,738593.650284785,0,0,0
36355.64543943,40,2224.2,2635.4,2796.4,0,0,738593.650285248,0,0,0
36355.6854384964,40,2208,2606.8,2802.6,0,0,738593.650285711,0,0,0
36355.7254375628,40,2197.8,2567.6,2806.4,0,0,738593.650286174,0,0,0
36355.7654366292,40,2167.4,2503.8,2780.4,0,0,738593.650286637,0,0,0
36355.8054356956,40,2137.8,2427.2,2745.8,0,0,738593.6502871,0,0,0
36355.845434762,40,2112.6,2365.8,2705.4,0,0,738593.650287563,0,0,0
36355.8854338284,40,2086.4,2295.2,2637.4,0,0,738593.650288025,0,0,0
36355.9254328948,40,2068.4,2235.6,2547.6,0,0,738593.650288488,0,0,0
36355.9654319612,40,2052,2192.6,2440.4,0,0,738593.650288951,0,0,0
36356.0054310276,40,2042.8,2155.4,2347.8,0,0,738593.650289414,0,0,0
36356.045430094,40,2036.6,2135.4,2284.8,0,0,738593.650289877,0,0,0
36356.0854291604,40,2033.2,2123.2,2254.8,0,0,738593.65029034,0,0,0
36356.1254282268,40,2029.4,2128,2263.4,0,0,738593.650290803,0,0,0
36356.1654272932,40,2039.2,2132,2288.8,0,0,738593.650291266,0,0,0
36356.2054263596,40,2042.2,2158.4,2354.2,0,0,738593.650291729,0,0,0
36356.245425426,40,2047.8,2186.4,2470,0,0,738593.650292192,0,0,0
36356.2854244924,40,2061.2,2241.6,2649,0,0,738593.650292655,0,0,0
36356.3254235588,40,2091.4,2333.8,2832.2,0,0,738593.650293118,0,0,0
36356.3654226252,40,2123.2,2442.8,2955.2,0,0,738593.650293581,0,0,0
36356.4054216916,40,2166.8,2552.6,2964.8,0,0,738593.650294044,0,0,0
36356.445420758,40,2192.8,2630.2,2939.2,0,0,738593.650294507,0,0,0
36356.4854198244,40,2206,2635.6,2885.6,0,0,738593.65029497,0,0,0
36356.5254188908,40,2198.8,2609.2,2881,0,0,738593.650295433,0,0,0
36356.5654179572,40,2180,2556.8,2861.2,0,0,738593.650295896,0,0,0
36356.6054170236,40,2158.8,2482.6,2817.4,0,0,738593.650296359,0,0,0
36356.64541609,40,2130.2,2404.8,2746.4,0,0,738593.650296822,0,0,0
36356.6854151564,40,2104.6,2338,2677.6,0,0,738593.650297285,0,0,0
36356.7254142228,40,2084.8,2271.8,2594.4,0,0,738593.650297747,0,0,0
36356.7654132892,40,2063.6,2219,2495.4,0,0,738593.65029821,0,0,0
36356.8054123556,40,2049.2,2174.8,2383.6,0,0,738593.650298673,0,0,0
36356.845411422,40,2035.6,2138.6,2294.6,0,0,738593.650299136,0,0,0
36356.8854104884,40,2030.4,2123.6,2235.6,0,0,738593.650299599,0,0,0
36356.9254095548,40,2025,2111.2,2209.6,0,0,738593.650300062,0,0,0
36356.9654086212,40,2026.4,2115.8,2217.6,0,0,738593.650300525,0,0,0
36357.0054076876,40,2027,2124.4,2255.8,0,0,738593.650300988,0,0,0
36357.045406754,40,2040.6,2142.6,2328,0,0,738593.650301451,0,0,0
36357.0854058204,40,2043.8,2175,2448.2,0,0,738593.650301914,0,0,0
36357.1254048868,40,2062,2235.6,2613.2,0,0,738593.650302377,0,0,0
36357.1654039532,40,2090.2,2309.4,2770,0,0,738593.65030284,0,0,0
36357.2054030196,40,2120.8,2417.8,2866.2,0,0,738593.650303303,0,0,0
36357.245402086,40,2165,2516.2,2844,0,0,738593.650303766,0,0,0
36357.2854011524,40,2209.4,2591,2773.8,0,0,738593.650304229,0,0,0
36357.3254002188,40,2246.8,2619.8,2685.4,0,0,738593.650304692,0,0,0
36357.3653992852,40,2261.6,2618.4,2624.6,0,0,738593.650305155,0,0,0
36357.4053983516,40,2275.8,2646.8,2636.2,0,0,738593.650305618,0,0,0
36357.445397418,40,2266.6,2653.2,2681.2,0,0,738593.650306081,0,0,0
36357.4853964844,40,2243.4,2641.2,2731.8,0,0,738593.650306544,0,0,0
36357.5253955508,40,2213.4,2599,2780.6,0,0,738593.650307007,0,0,0
36357.5653946172,40,2171.2,2521.4,2802.8,0,0,738593.65030747,0,0,0
36357.6053936836,40,2134.6,2423,2783.4,0,0,738593.650307932,0,0,0
36357.64539275,40,2097.4,2320.8,2687.2,0,0,738593.650308395,0,0,0
36357.6853918164,40,2068.4,2242,2543.8,0,0,738593.650308858,0,0,0
36357.7253908828,40,2051.6,2184.8,2400.6,0,0,738593.650309321,0,0,0
36357.7653899492,40,2043,2148.4,2297.4,0,0,738593.650309784,0,0,0
36357.8053890156,40,2036.2,2128,2235.6,0,0,738593.650310247,0,0,0
36357.845388082,40,2031.4,2118,2202.2,0,0,738593.65031071,0,0,0
36357.8853871484,40,2028.2,2113.6,2206.4,0,0,738593.650311173,0,0,0
36357.9253862148,40,2029,2122,2229.4,0,0,738593.650311636,0,0,0
36357.9653852812,40,2033.4,2138.2,2276.8,0,0,738593.650312099,0,0,0
36358.0053843476,40,2049.2,2164.4,2372.2,0,0,738593.650312562,0,0,0
36358.045383414,40,2061.2,2225.6,2534.8,0,0,738593.650313025,0,0,0
36358.0853824804,40,2089,2314.6,2740,0,0,738593.650313488,0,0,0
36358.1253815468,40,2131.4,2447.6,2884.6,0,0,738593.650313951,0,0,0
36358.1653806132,40,2186,2582.8,2875.8,0,0,738593.650314414,0,0,0
36358.2053796796,40,2227.8,2636.8,2781.8,0,0,738593.650314877,0,0,0
36358.245378746,40,2247.4,2646.4,2712,0,0,738593.65031534,0,0,0
36358.2853778124,40,2249,2620.6,2685,0,0,738593.650315803,0,0,0
36358.3253768788,40,2232,2593.8,2688.8,0,0,738593.650316266,0,0,0
36358.3653759452,40,2221.6,2588.4,2705.6,0,0,738593.650316729,0,0,0
36358.4053750116,40,2212.6,2581.4,2735.6,0,0,738593.650317191,0,0,0
36358.445374078,40,2206.6,2564.8,2739.6,0,0,738593.650317654,0,0,0
36358.4853731444,40,2187.2,2539.8,2745.8,0,0,738593.650318117,0,0,0
36358.5253722108,40,2163.4,2485.6,2758.6,0,0,738593.65031858,0,0,0
36358.5653712772,40,2140.4,2423.8,2747.6,0,0,738593.650319043,0,0,0
36358.6053703436,40,2110.2,2352,2717.2,0,0,738593.650319506,0,0,0
36358.64536941,40,2079.6,2266,2617.8,0,0,738593.650319969,0,0,0
36358.6853684764,40,2060.8,2200.8,2476.4,0,0,738593.650320432,0,0,0
36358.7253675428,40,2045.4,2160.6,2355.6,0,0,738593.650320895,0,0,0
36358.7653666092,40,2037.8,2134,2272.2,0,0,738593.650321358,0,0,0
36358.8053656756,40,2030.8,2117.8,2220.8,0,0,738593.650321821,0,0,0
36358.845364742,40,2027.2,2112.8,2188.2,0,0,738593.650322284,0,0,0
36358.8853638084,40,2027.4,2108.4,2177.2,0,0,738593.650322747,0,0,0
36358.9253628748,40,2026.2,2109,2189.4,0,0,738593.65032321,0,0,0
36358.9653619412,40,2030.2,2121.8,2224,0,0,738593.650323673,0,0,0
36359.0053610076,40,2042.4,2155.2,2306.6,0,0,738593.650324136,0,0,0
36359.045360074,40,2062.2,2217.8,2481.4,0,0,738593.650324599,0,0,0
36359.0853591404,40,2100.8,2340.2,2724.2,0,0,738593.650325062,0,0,0
36359.1253582068,40,2165.6,2519.2,2836.6,0,0,738593.650325525,0,0,0
36359.1653572732,40,2257.2,2687.2,2756.8,0,0,738593.650325988,0,0,0
36359.2053563396,40,2312.8,2759.8,2688.6,0,0,738593.650326451,0,0,0
36359.245355406,40,2298,2788.4,2758.4,0,0,738593.650326913,0,0,0
36359.2853544724,40,2252.2,2744.8,2863.8,0,0,738593.650327376,0,0,0
36359.3253535388,40,2198.8,2645,2950.6,0,0,738593.650327839,0,0,0
36359.3653526052,40,2141.4,2498.6,2955,0,0,738593.650328302,0,0,0
36359.4053516716,40,2104.2,2358.8,2834.2,0,0,738593.650328765,0,0,0
36359.445350738,40,2075.6,2254.2,2615.8,0,0,738593.650329228,0,0,0
36359.4853498044,40,2051,2182,2424.6,0,0,738593.650329691,0,0,0
36359.5253488708,40,2037.8,2145.4,2293.4,0,0,738593.650330154,0,0,0
36359.5653479372,40,2026.8,2115.8,2218.4,0,0,738593.650330617,0,0,0
36359.6053470036,40,2021,2103.8,2162.6,0,0,738593.65033108,0,0,0
36359.64534607,40,2023.2,2095.6,2141,0,0,738593.650331543,0,0,0
36359.6853451364,40,2018.8,2094.6,2152.8,0,0,738593.650332006,0,0,0
36359.7253442028,40,2025.2,2103.8,2182.6,0,0,738593.650332469,0,0,0
36359.7653432692,40,2034,2134.2,2272.2,0,0,738593.650332932,0,0,0
36359.8053423356,40,2049,2186.4,2446.6,0,0,738593.650333395,0,0,0
36359.845341402,40,2084.2,2303.6,2702.8,0,0,738593.650333858,0,0,0
36359.8853404684,40,2159.2,2481.8,2815.4,0,0,738593.650334321,0,0,0
36359.9253395348,40,2249,2641.6,2706.6,0,0,738593.650334784,0,0,0
36359.9653386012,40,2338.6,2688,2557,0,0,738593.650335247,0,0,0
36360.0053376676,40,2383.2,2686.4,2484.8,0,0,738593.65033571,0,0,0
36360.045336734,40,2380.2,2694.8,2502.6,0,0,738593.650336173,0,0,0
36360.0853358004,40,2339.6,2708.4,2558.4,0,0,738593.650336636,0,0,0
36360.1253348668,40,2293.4,2707.2,2658.2,0,0,738593.650337098,0,0,0
36360.1653339332,40,2228.8,2650.6,2808.2,0,0,738593.650337561,0,0,0
36360.2053329996,40,2150.8,2513.4,2915.8,0,0,738593.650338024,0,0,0
36360.245332066,40,2095.4,2343,2836.4,0,0,738593.650338487,0,0,0
36360.2853311324,40,2055.2,2214,2550.2,0,0,738593.65033895,0,0,0
36360.3253301988,40,2036.2,2139.6,2305,0,0,738593.650339413,0,0,0
36360.3653292652,40,2023.4,2106.2,2173.8,0,0,738593.650339876,0,0,0
36360.4053283316,40,2015.4,2079,2117.8,0,0,738593.650340339,0,0,0
36360.445327398,40,2014.8,2080.2,2101.6,0,0,738593.650340802,0,0,0
36360.4853264644,40,2015.2,2084.4,2110.2,0,0,738593.650341265,0,0,0
36360.5253255308,40,2022,2094.6,2147.4,0,0,738593.650341728,0,0,0
36360.5653245972,40,2028,2119.6,2219.6,0,0,738593.650342191,0,0,0
36360.6053236636,40,2045.8,2164.6,2362,0,0,738593.650342654,0,0,0
36360.64532273,40,2078.8,2260,2577,0,0,738593.650343117,0,0,0
36360.6853217964,40,2132,2410.2,2707.4,0,0,738593.65034358,0,0,0
36360.7253208628,40,2225.4,2589,2709.8,0,0,738593.650344043,0,0,0
36360.7653199292,40,2331.8,2691.4,2582,0,0,738593.650344506,0,0,0
36360.8053189956,40,2399.4,2737.8,2509,0,0,738593.650344969,0,0,0
36360.845318062,40,2402.8,2772.2,2529.6,0,0,738593.650345432,0,0,0
36360.8853171284,40,2378.2,2811.2,2616,0,0,738593.650345895,0,0,0
36360.9253161948,40,2328.6,2804.2,2709.2,0,0,738593.650346357,0,0,0
36360.9653152612,40,2252.2,2734.2,2848.6,0,0,738593.65034682,0,0,0
36361.0053143276,40,2174,2584.8,2961.2,0,0,738593.650347283,0,0,0
36361.045313394,40,2112.2,2395.6,2871.2,0,0,738593.650347746,0,0,0
36361.0853124604,40,2066.8,2251.2,2614,0,0,738593.650348209,0,0,0
36361.1253115268,40,2047.6,2166.6,2379.2,0,0,738593.650348672,0,0,0
36361.1653105932,40,2030.8,2121.2,2222.4,0,0,738593.650349135,0,0,0
36361.2053096596,40,2024.2,2093,2145,0,0,738593.650349598,0,0,0
36361.245308726,40,2015.8,2083.2,2117,0,0,738593.650350061,0,0,0
36361.2853077924,40,2020.4,2083.8,2113,0,0,738593.650350524,0,0,0
36361.3253068588,40,2018.2,2094.4,2138.4,0,0,738593.650350987,0,0,0
36361.3653059252,40,2025.4,2106.6,2186,0,0,738593.65035145,0,0,0
36361.4053049916,40,2040,2139.2,2284.6,0,0,738593.650351913,0,0,0
36361.445304058,40,2061.2,2213.6,2462,0,0,738593.650352376,0,0,0
36361.4853031244,40,2108.2,2349.4,2712.6,0,0,738593.650352839,0,0,0
36361.5253021908,40,2192,2556.4,2780,0,0,738593.650353302,0,0,0
36361.5653012572,40,2309.4,2701.6,2632,0,0,738593.650353765,0,0,0
36361.6053003236,40,2398,2749,2530.6,0,0,738593.650354228,0,0,0
36361.64529939,40,2402.4,2775.8,2537.4,0,0,738593.650354691,0,0,0
36361.6852984564,40,2357.2,2783.4,2620.4,0,0,738593.650355154,0,0,0
36361.7252975228,40,2307,2763.4,2706.6,0,0,738593.650355616,0,0,0
36361.7652965892,40,2238.4,2698,2836.4,0,0,738593.650356079,0,0,0
36361.8052956556,40,2178.6,2576.8,2940,0,0,738593.650356542,0,0,0
36361.845294722,40,2114.4,2418.6,2926.4,0,0,738593.650357005,0,0,0
36361.8852937884,40,2074.8,2275.2,2723,0,0,738593.650357468,0,0,0
36361.9252928548,40,2049.2,2187.6,2462.6,0,0,738593.650357931,0,0,0
36361.9652919212,40,2032.2,2136.6,2284.8,0,0,738593.650358394,0,0,0
36362.0052909876,40,2023,2106.8,2187.4,0,0,738593.650358857,0,0,0
36362.045290054,40,2019.8,2093.6,2134,0,0,738593.65035932,0,0,0
36362.0852891204,40,2020.4,2092,2135.6,0,0,738593.650359783,0,0,0
36362.1252881868,40,2020.2,2104.4,2164.2,0,0,738593.650360246,0,0,0
36362.1652872532,40,2030,2119.4,2209.2,0,0,738593.650360709,0,0,0
36362.2052863196,40,2044.4,2157.6,2320,0,0,738593.650361172,0,0,0
36362.245285386,40,2061.8,2231.6,2520.8,0,0,738593.650361635,0,0,0
36362.2852844524,40,2109.6,2358.8,2740.2,0,0,738593.650362098,0,0,0
36362.3252835188,40,2171.8,2527.6,2804,0,0,738593.650362561,0,0,0
36362.3652825852,40,2262.2,2653.4,2682.4,0,0,738593.650363024,0,0,0
36362.4052816516,40,2343,2695.4,2553.2,0,0,738593.650363487,0,0,0
36362.445280718,40,2370.4,2711.6,2529,0,0,738593.65036395,0,0,0
36362.4852797844,40,2345.2,2729.8,2587,0,0,738593.650364413,0,0,0
36362.5252788508,40,2311.6,2739.4,2662.4,0,0,738593.650364876,0,0,0
36362.5652779172,40,2269.8,2732.6,2772.4,0,0,738593.650365339,0,0,0
36362.6052769836,40,2227.8,2685.6,2902.4,0,0,738593.650365802,0,0,0
36362.64527605,40,2166.4,2553.6,2995,0,0,738593.650366264,0,0,0
36362.6852751164,40,2112.8,2395.8,2897.6,0,0,738593.650366727,0,0,0
36362.7252741828,40,2072,2265.2,2662.2,0,0,738593.65036719,0,0,0
36362.7652732492,40,2050.6,2183,2414.4,0,0,738593.650367653,0,0,0
36362.8052723156,40,2035.6,2131,2265.4,0,0,738593.650368116,0,0,0
36362.845271382,40,2024.6,2107.4,2179.2,0,0,738593.650368579,0,0,0
36362.8852704484,40,2020.4,2094.4,2151,0,0,738593.650369042,0,0,0
36362.9252695148,40,2021.4,2094.8,2155.8,0,0,738593.650369505,0,0,0
36362.9652685812,40,2025.6,2112,2192,0,0,738593.650369968,0,0,0
36363.0052676476,40,2034.8,2138.6,2265,0,0,738593.650370431,0,0,0
36363.045266714,40,2054,2185,2404.2,0,0,738593.650370894,0,0,0
36363.0852657804,40,2087.4,2284.2,2596.2,0,0,738593.650371357,0,0,0
36363.1252648468,40,2153,2446.6,2732.6,0,0,738593.65037182,0,0,0
36363.1652639132,40,2250.6,2621,2667.8,0,0,738593.650372283,0,0,0
36363.2052629796,40,2369.2,2657.8,2478.6,0,0,738593.650372746,0,0,0
36363.245262046,40,2450,2607.2,2359.6,0,0,738593.650373209,0,0,0
36363.2852611124,40,2487.2,2572,2309.2,0,0,738593.650373672,0,0,0
36363.3252601788,40,2502.8,2588.4,2312,0,0,738593.650374135,0,0,0
36363.3652592452,40,2503,2653.6,2354.6,0,0,738593.650374598,0,0,0
36363.4052583116,40,2483.8,2719.2,2413.6,0,0,738593.650375061,0,0,0
36363.445257378,40,2446.6,2785,2498,0,0,738593.650375523,0,0,0
36363.4852564444,40,2383.2,2826.4,2610,0,0,738593.650375986,0,0,0
36363.5252555108,40,2303.4,2804.4,2747.8,0,0,738593.650376449,0,0,0
36363.5652545772,40,2230.6,2694.6,2869.8,0,0,738593.650376912,0,0,0
36363.6052536436,40,2162,2539.2,2926.4,0,0,738593.650377375,0,0,0
36363.64525271,40,2113.8,2391.6,2843.4,0,0,738593.650377838,0,0,0
36363.6852517764,40,2077.4,2268.2,2666.8,0,0,738593.650378301,0,0,0
36363.7252508428,40,2055.2,2194.8,2458.8,0,0,738593.650378764,0,0,0
36363.7652499092,40,2039.8,2143.4,2307.2,0,0,738593.650379227,0,0,0
36363.8052489756,40,2028.8,2111.2,2214.8,0,0,738593.65037969,0,0,0
36363.845248042,40,2023.8,2107.6,2175.6,0,0,738593.650380153,0,0,0
36363.8852471084,40,2026.8,2111,2198.4,0,0,738593.650380616,0,0,0
36363.9252461748,40,2038.4,2136.6,2262,0,0,738593.650381079,0,0,0
36363.9652452412,40,2047.6,2169.6,2364,0,0,738593.650381542,0,0,0
36364.0052443076,40,2069.2,2238.4,2514.2,0,0,738593.650382005,0,0,0
36364.045243374,40,2113.6,2340,2655.8,0,0,738593.650382468,0,0,0
36364.0852424404,40,2170.4,2496.8,2744.2,0,0,738593.650382931,0,0,0
36364.1252415068,40,2256.6,2639.4,2674.2,0,0,738593.650383394,0,0,0
36364.1652405732,40,2336.6,2702.4,2562,0,0,738593.650383857,0,0,0
36364.2052396396,40,2375.8,2721,2523,0,0,738593.65038432,0,0,0
36364.245238706,40,2363.6,2734.2,2557.2,0,0,738593.650384782,0,0,0
36364.2852377724,40,2328.4,2741.2,2630.2,0,0,738593.650385245,0,0,0
36364.3252368388,40,2302.8,2739,2693,0,0,738593.650385708,0,0,0
36364.3652359052,40,2263.8,2719.4,2779.2,0,0,738593.650386171,0,0,0
36364.4052349716,40,2220.8,2664.6,2879,0,0,738593.650386634,0,0,0
36364.445234038,40,2173.2,2571.8,2950.6,0,0,738593.650387097,0,0,0
36364.4852331044,40,2128.4,2444.6,2932.4,0,0,738593.65038756,0,0,0
36364.5252321708,40,2087,2326.2,2780.2,0,0,738593.650388023,0,0,0
36364.5652312372,40,2059.6,2220.8,2559,0,0,738593.650388486,0,0,0
36364.6052303036,40,2041.6,2162,2367.8,0,0,738593.650388949,0,0,0
36364.64522937,40,2031.6,2127.2,2243.2,0,0,738593.650389412,0,0,0
36364.6852284364,40,2021,2104.2,2183.8,0,0,738593.650389875,0,0,0
36364.7252275028,40,2022.4,2098.8,2161.4,0,0,738593.650390338,0,0,0
36364.7652265692,40,2029.2,2105.2,2182.2,0,0,738593.650390801,0,0,0
36364.8052256356,40,2031.2,2126.4,2246,0,0,738593.650391264,0,0,0
36364.845224702,40,2042.6,2165.4,2367.4,0,0,738593.650391727,0,0,0
36364.8852237684,40,2067,2239.8,2558.4,0,0,738593.65039219,0,0,0
36364.9252228348,40,2113.6,2365,2731.4,0,0,738593.650392653,0,0,0
36364.9652219012,40,2180.4,2520,2746.4,0,0,738593.650393116,0,0,0
36365.0052209676,40,2263.6,2616.6,2622.6,0,0,738593.650393579,0,0,0
36365.045220034,40,2345.4,2657.8,2502,0,0,738593.650394042,0,0,0
36365.0852191004,40,2398,2681.2,2464.6,0,0,738593.650394505,0,0,0
36365.1252181668,40,2393.2,2712,2499.4,0,0,738593.650394967,0,0,0
36365.1652172332,40,2363.6,2745,2569.6,0,0,738593.65039543,0,0,0
36365.2052162996,40,2322,2762,2668.8,0,0,738593.650395893,0,0,0
36365.245215366,40,2272.2,2741.6,2778.8,0,0,738593.650396356,0,0,0
36365.2852144324,40,2215.8,2657,2891.6,0,0,738593.650396819,0,0,0
36365.3252134988,40,2160.4,2536.2,2943,0,0,738593.650397282,0,0,0
36365.3652125652,40,2110.6,2389.4,2879.6,0,0,738593.650397745,0,0,0
36365.4052116316,40,2074,2270.6,2664.2,0,0,738593.650398208,0,0,0
36365.445210698,40,2050.6,2182.4,2439,0,0,738593.650398671,0,0,0
36365.4852097644,40,2039.2,2140.8,2284.4,0,0,738593.650399134,0,0,0
36365.5252088308,40,2025.6,2111,2200.2,0,0,738593.650399597,0,0,0
36365.5652078972,40,2025.4,2101,2160.6,0,0,738593.65040006,0,0,0
36365.6052069636,40,2026.6,2103.8,2174.4,0,0,738593.650400523,0,0,0
36365.64520603,40,2034,2120.6,2221.2,0,0,738593.650400986,0,0,0
36365.6852050964,40,2044,2155.4,2318,0,0,738593.650401449,0,0,0
36365.7252041628,40,2064,2216.4,2472.4,0,0,738593.650401912,0,0,0
36365.7652032292,40,2100,2318,2645,0,0,738593.650402375,0,0,0
36365.8052022956,40,2154.2,2452,2712.2,0,0,738593.650402838,0,0,0
36365.845201362,40,2243.4,2605,2667.4,0,0,738593.650403301,0,0,0
36365.8852004284,40,2346.6,2683,2532.8,0,0,738593.650403764,0,0,0
36365.9251994948,40,2426,2682.6,2436.8,0,0,738593.650404227,0,0,0
36365.9651985612,40,2453.8,2691.6,2415.4,0,0,738593.650404689,0,0,0
36366.0051976276,40,2439.2,2736,2467.8,0,0,738593.650405152,0,0,0
36366.045196694,40,2395.8,2765,2544.2,0,0,738593.650405615,0,0,0
36366.0851957604,40,2339.2,2778.4,2641.2,0,0,738593.650406078,0,0,0
36366.1251948268,40,2280.6,2748.2,2775.6,0,0,738593.650406541,0,0,0
36366.1651938932,40,2213.6,2653.8,2908.2,0,0,738593.650407004,0,0,0
36366.2051929596,40,2151.4,2508,2949.4,0,0,738593.650407467,0,0,0
36366.245192026,40,2106.2,2363,2846.6,0,0,738593.65040793,0,0,0
36366.2851910924,40,2071.8,2255,2643.6,0,0,738593.650408393,0,0,0
36366.3251901588,40,2049.6,2184.2,2445.4,0,0,738593.650408856,0,0,0
36366.3651892252,40,2035.8,2141.6,2308.8,0,0,738593.650409319,0,0,0
36366.4051882916,40,2029.4,2118,2229.8,0,0,738593.650409782,0,0,0
36366.445187358,40,2027.2,2110.2,2203.4,0,0,738593.650410245,0,0,0
36366.4851864244,40,2033.4,2121.6,2224,0,0,738593.650410708,0,0,0
36366.5251854908,40,2036.8,2146.2,2296,0,0,738593.650411171,0,0,0
36366.5651845572,40,2056.2,2186,2409.8,0,0,738593.650411634,0,0,0
36366.6051836236,40,2082.4,2256,2533.8,0,0,738593.650412097,0,0,0
36366.64518269,40,2125,2392.4,2731,0,0,738593.65041256,0,0,0
36366.6851817564,40,2206.4,2576,2766,0,0,738593.650413023,0,0,0
36366.7251808228,40,2327.4,2712.8,2604,0,0,738593.650413486,0,0,0
36366.7651798892,40,2433.2,2705,2446.4,0,0,738593.650413948,0,0,0
36366.8051789556,40,2499.4,2665.2,2364.4,0,0,738593.650414411,0,0,0
36366.845178022,40,2508.8,2678.2,2365.4,0,0,738593.650414874,0,0,0
36366.8851770884,40,2483.6,2726.6,2410,0,0,738593.650415337,0,0,0
36366.9251761548,40,2455.2,2752.2,2456.8,0,0,738593.6504158,0,0,0
36366.9651752212,40,2423.4,2776.4,2512.2,0,0,738593.650416263,0,0,0
36367.0051742876,40,2389.2,2797.8,2580.4,0,0,738593.650416726,0,0,0
36367.045173354,40,2339.8,2802,2679,0,0,738593.650417189,0,0,0
36367.0851724204,40,2272.4,2760.8,2809.4,0,0,738593.650417652,0,0,0
36367.1251714868,40,2202.4,2638,2920.4,0,0,738593.650418115,0,0,0
36367.1651705532,40,2137.6,2463.6,2927,0,0,738593.650418578,0,0,0
36367.2051696196,40,2088.8,2312.8,2754.6,0,0,738593.650419041,0,0,0
36367.245168686,40,2056.4,2208,2513.8,0,0,738593.650419504,0,0,0
36367.2851677524,40,2033.4,2153.6,2335.4,0,0,738593.650419967,0,0,0
36367.3251668188,40,2032.4,2125.4,2231.8,0,0,738593.65042043,0,0,0
36367.3651658852,40,2034.4,2113,2212.2,0,0,738593.650420893,0,0,0
36367.4051649516,40,2037.2,2126.6,2249.6,0,0,738593.650421356,0,0,0
36367.445164018,40,2041.6,2152,2325.6,0,0,738593.650421819,0,0,0
36367.4851630844,40,2054.8,2202.4,2454,0,0,738593.650422282,0,0,0
36367.5251621508,40,2087,2286.6,2625.6,0,0,738593.650422745,0,0,0
36367.5651612172,40,2135.6,2417,2733.2,0,0,738593.650423208,0,0,0
36367.6051602836,40,2206.4,2564.6,2721.4,0,0,738593.650423671,0,0,0
36367.64515935,40,2305.6,2667.2,2597,0,0,738593.650424133,0,0,0
36367.6851584164,40,2400.2,2677,2461.6,0,0,738593.650424596,0,0,0
36367.7251574828,40,2440,2626.2,2376.2,0,0,738593.650425059,0,0,0
36367.7651565492,40,2453.6,2594.6,2342.2,0,0,738593.650425522,0,0,0
36367.8051556156,40,2449.8,2607,2354.2,0,0,738593.650425985,0,0,0
36367.845154682,40,2433.6,2641,2395.4,0,0,738593.650426448,0,0,0
36367.8851537484,40,2433.4,2692,2436.2,0,0,738593.650426911,0,0,0
36367.9251528148,40,2399.2,2738,2515.4,0,0,738593.650427374,0,0,0
36367.9651518812,40,2336.6,2762.8,2629.2,0,0,738593.650427837,0,0,0
36368.0051509476,40,2255.4,2702.8,2790,0,0,738593.6504283,0,0,0
36368.045150014,40,2177.6,2559.2,2895.8,0,0,738593.650428763,0,0,0
36368.0851490804,40,2116,2392.4,2850.4,0,0,738593.650429226,0,0,0
36368.1251481468,40,2073.4,2262.2,2638.2,0,0,738593.650429689,0,0,0
36368.1651472132,40,2045.2,2179.8,2429.2,0,0,738593.650430152,0,0,0
36368.2051462796,40,2040.6,2148.2,2299.8,0,0,738593.650430615,0,0,0
36368.245145346,40,2033.2,2121.8,2246.6,0,0,738593.650431078,0,0,0
36368.2851444124,40,2031.4,2124,2237.4,0,0,738593.650431541,0,0,0
36368.3251434788,40,2042,2136,2264,0,0,738593.650432004,0,0,0
36368.3651425452,40,2033.6,2145.2,2313.6,0,0,738593.650432467,0,0,0
36368.4051416116,40,2045.4,2173,2415.4,0,0,738593.65043293,0,0,0
36368.445140678,40,2061.2,2221.6,2570.4,0,0,738593.650433392,0,0,0
36368.4851397444,40,2089.4,2312,2773.2,0,0,738593.650433855,0,0,0
36368.5251388108,40,2136.4,2463,2930.4,0,0,738593.650434318,0,0,0
36368.5651378772,40,2215.8,2649.4,2870,0,0,738593.650434781,0,0,0
36368.6051369436,40,2325,2779,2673.2,0,0,738593.650435244,0,0,0
36368.64513601,40,2445.4,2763.2,2473.6,0,0,738593.650435707,0,0,0
36368.6851350764,40,2530,2664.2,2339.2,0,0,738593.65043617,0,0,0
36368.7251341428,40,2567.4,2571.2,2260.2,0,0,738593.650436633,0,0,0
36368.7651332092,40,2583.2,2510.6,2225.6,0,0,738593.650437096,0,0,0
36368.8091321823,44,2577.4,2501.2,2223.8,0,0,738593.650437605,0,0,0
36368.8491312487,40,2579.8,2540.2,2243.6,0,0,738593.650438068,0,0,0
36368.8891303151,40,2563,2572,2272.6,0,0,738593.650438531,0,0,0
36368.9291293815,40,2541,2593.4,2297,0,0,738593.650438994,0,0,0
36368.9691284479,40,2508.2,2624.6,2333.8,0,0,738593.650439457,0,0,0
36369.0091275143,40,2452.4,2648.2,2389.8,0,0,738593.65043992,0,0,0
36369.0491265807,40,2395.4,2669.6,2454.4,0,0,738593.650440383,0,0,0
36369.0891256471,40,2330.2,2704,2579.4,0,0,738593.650440846,0,0,0
36369.1291247135,40,2267,2691.4,2722.8,0,0,738593.650441309,0,0,0
36369.1691237799,40,2194,2607,2879.2,0,0,738593.650441772,0,0,0
36369.2091228463,40,2137.2,2467.4,2936.8,0,0,738593.650442235,0,0,0
36369.2491219127,40,2097.4,2359.4,2826.8,0,0,738593.650442698,0,0,0
36369.2891209791,40,2082.2,2291.8,2708.4,0,0,738593.650443161,0,0,0
36369.3291200455,40,2082.8,2288.4,2687.6,0,0,738593.650443624,0,0,0
36369.3691191119,40,2095,2323.6,2757.4,0,0,738593.650444087,0,0,0
36369.4091181783,40,2117.4,2392.6,2848.8,0,0,738593.65044455,0,0,0
36369.4491172447,40,2159.6,2521.8,2925.2,0,0,738593.650445013,0,0,0
36369.4891163111,40,2236.2,2692.4,2860.8,0,0,738593.650445476,0,0,0
36369.5291153775,40,2348.8,2800.8,2654.4,0,0,738593.650445938,0,0,0
36369.5691144439,40,2460.6,2774.2,2468,0,0,738593.650446401,0,0,0
36369.6091135103,40,2533.2,2683.4,2342.2,0,0,738593.650446864,0,0,0
36369.6491125767,40,2572.4,2589.4,2275.2,0,0,738593.650447327,0,0,0
36369.6891116431,40,2574.6,2555.6,2255.2,0,0,738593.65044779,0,0,0
36369.7291107095,40,2566.2,2580.2,2271,0,0,738593.650448253,0,0,0
36369.7691097759,40,2549.4,2637.4,2315.8,0,0,738593.650448716,0,0,0
36369.8091088423,40,2525,2701.6,2370.4,0,0,738593.650449179,0,0,0
36369.8491079087,40,2451.8,2781,2478.4,0,0,738593.650449642,0,0,0
36369.8891069751,40,2359.2,2811.4,2640.2,0,0,738593.650450105,0,0,0
36369.9291060415,40,2248.6,2719.8,2835,0,0,738593.650450568,0,0,0
36369.9691051079,40,2159,2522.4,2921.4,0,0,738593.650451031,0,0,0
36370.0091041743,40,2102.4,2347.8,2810,0,0,738593.650451494,0,0,0
36370.0491032407,40,2065.8,2241.4,2596.8,0,0,738593.650451957,0,0,0
36370.0891023071,40,2048.6,2195.4,2478.6,0,0,738593.65045242,0,0,0
36370.1291013735,40,2054.8,2201.4,2502.8,0,0,738593.650452883,0,0,0
36370.1691004399,40,2062.2,2229.4,2597.8,0,0,738593.650453346,0,0,0
36370.2090995063,40,2085.6,2296.8,2741.2,0,0,738593.650453809,0,0,0
36370.2490985727,40,2121,2415,2892.4,0,0,738593.650454272,0,0,0
36370.2890976391,40,2186.2,2593.4,2895.6,0,0,738593.650454735,0,0,0
36370.3290967055,40,2296,2728.2,2695.8,0,0,738593.650455198,0,0,0
36370.3690957719,40,2425,2717,2463.8,0,0,738593.650455661,0,0,0
36370.4090948383,40,2503.8,2594.4,2312,0,0,738593.650456123,0,0,0
36370.4490939047,40,2529,2488.2,2234.2,0,0,738593.650456586,0,0,0
36370.4890929711,40,2528.4,2413,2183.8,0,0,738593.650457049,0,0,0
36370.5290920375,40,2525.4,2386.8,2166.2,0,0,738593.650457512,0,0,0
36370.5690911039,40,2547.4,2403.4,2170.8,0,0,738593.650457975,0,0,0
36370.6090901703,40,2566.6,2452,2196.8,0,0,738593.650458438,0,0,0
36370.6490892367,40,2567.8,2527.6,2244.2,0,0,738593.650458901,0,0,0
36370.6890883031,40,2533,2618,2310.4,0,0,738593.650459364,0,0,0
36370.7290873695,40,2464.8,2706.2,2415.2,0,0,738593.650459827,0,0,0
36370.7690864359,40,2370.2,2753,2574.4,0,0,738593.65046029,0,0,0
36370.8090855023,40,2257.6,2700,2767,0,0,738593.650460753,0,0,0
36370.8490845687,40,2173,2556,2894,0,0,738593.650461216,0,0,0
36370.8890836351,40,2116.8,2397.2,2846.8,0,0,738593.650461679,0,0,0
36370.9290827015,40,2077.4,2282.6,2687.8,0,0,738593.650462142,0,0,0
36370.9690817679,40,2059.8,2207.8,2499.8,0,0,738593.650462605,0,0,0
36371.0090808343,40,2048.4,2169.4,2374.2,0,0,738593.650463068,0,0,0
36371.0490799007,40,2044.2,2153,2318,0,0,738593.650463531,0,0,0
36371.0890789671,40,2041,2152.6,2336.4,0,0,738593.650463994,0,0,0
36371.1290780335,40,2046.8,2165.8,2387.4,0,0,738593.650464457,0,0,0
36371.1690770999,40,2056.8,2206.2,2505.2,0,0,738593.65046492,0,0,0
36371.2090761663,40,2079.6,2294.8,2727.6,0,0,738593.650465382,0,0,0
36371.2490752327,40,2134.4,2466.2,2915.6,0,0,738593.650465845,0,0,0
36371.2890742991,40,2235.2,2688.6,2859.6,0,0,738593.650466308,0,0,0
36371.3290733655,40,2371.8,2809,2603.2,0,0,738593.650466771,0,0,0
36371.3690724319,40,2506,2723.8,2391,0,0,738593.650467234,0,0,0
36371.4090714983,40,2567,2582.6,2272.8,0,0,738593.650467697,0,0,0
36371.4490705647,40,2566.2,2476,2213,0,0,738593.65046816,0,0,0
36371.4890696311,40,2562.2,2451.6,2197,0,0,738593.650468623,0,0,0
36371.5290686975,40,2574.4,2499.4,2217.8,0,0,738593.650469086,0,0,0
36371.5690677639,40,2558.2,2578,2272.2,0,0,738593.650469549,0,0,0
36371.6090668303,40,2508.2,2688,2374.6,0,0,738593.650470012,0,0,0
36371.6490658967,40,2407,2776,2535.4,0,0,738593.650470475,0,0,0
36371.6890649631,40,2264.8,2702.4,2750.6,0,0,738593.650470938,0,0,0
36371.7290640295,40,2161.8,2503,2833.4,0,0,738593.650471401,0,0,0
36371.7690630959,40,2094,2318.2,2670.8,0,0,738593.650471864,0,0,0
36371.8090621623,40,2056.4,2207.6,2452.2,0,0,738593.650472327,0,0,0
36371.8490612287,40,2043.6,2151.6,2301.2,0,0,738593.65047279,0,0,0
36371.8890602951,40,2037,2127.6,2232.6,0,0,738593.650473253,0,0,0
36371.9290593615,40,2035.4,2124.4,2227.8,0,0,738593.650473716,0,0,0
36371.9690584279,40,2038.8,2136.2,2269,0,0,738593.650474179,0,0,0
36372.0090574943,40,2038.2,2160.2,2370.4,0,0,738593.650474641,0,0,0
36372.0490565607,40,2063.2,2236.6,2609.2,0,0,738593.650475104,0,0,0
36372.0890556271,40,2113.4,2397.4,2885,0,0,738593.650475567,0,0,0
36372.1290546935,40,2219.2,2638.4,2836.8,0,0,738593.65047603,0,0,0
36372.1690537599,40,2368,2735.6,2553.4,0,0,738593.650476493,0,0,0
36372.2090528263,40,2486.2,2631.6,2342.4,0,0,738593.650476956,0,0,0
36372.2490518927,40,2522,2488.6,2242.6,0,0,738593.650477419,0,0,0
36372.2890509591,40,2509.2,2416.2,2193,0,0,738593.650477882,0,0,0
36372.3290500255,40,2510.4,2401.4,2184.8,0,0,738593.650478345,0,0,0
36372.3690490919,40,2530.8,2457.6,2215.8,0,0,738593.650478808,0,0,0
36372.4090481583,40,2549.4,2548,2262.8,0,0,738593.650479271,0,0,0
36372.4490472247,40,2514.4,2685.2,2366,0,0,738593.650479734,0,0,0
36372.4890462911,40,2400.4,2795,2548.2,0,0,738593.650480197,0,0,0
36372.5290453575,40,2258.8,2711.4,2801.8,0,0,738593.65048066,0,0,0
36372.5690444239,40,2145.4,2473.6,2852.2,0,0,738593.650481123,0,0,0
36372.6090434903,40,2085,2282.4,2614,0,0,738593.650481586,0,0,0
36372.6490425567,40,2056.4,2187.4,2375.4,0,0,738593.650482049,0,0,0
36372.6890416231,40,2035.6,2131.2,2253.2,0,0,738593.650482512,0,0,0
36372.7290406895,40,2026.6,2106.8,2183.6,0,0,738593.650482975,0,0,0
36372.7690397559,40,2020.2,2100.2,2173.6,0,0,738593.650483438,0,0,0
36372.8090388223,40,2029,2109,2196.8,0,0,738593.650483901,0,0,0
36372.8490378887,40,2026.8,2125.6,2263.6,0,0,738593.650484364,0,0,0
36372.8890369551,40,2045.6,2177.6,2410.6,0,0,738593.650484826,0,0,0
36372.9290360215,40,2073.2,2272.4,2675.4,0,0,738593.650485289,0,0,0
36372.9690350879,40,2130.8,2446.4,2885.8,0,0,738593.650485752,0,0,0
36373.0090341543,40,2233.2,2662.8,2798.4,0,0,738593.650486215,0,0,0
36373.0490332207,40,2369.4,2731.6,2544.6,0,0,738593.650486678,0,0,0
36373.0890322871,40,2482.8,2644.4,2362,0,0,738593.650487141,0,0,0
36373.1290313535,40,2513.8,2526.8,2265.6,0,0,738593.650487604,0,0,0
36373.1690304199,40,2510.6,2458.2,2221.4,0,0,738593.650488067,0,0,0
36373.2090294863,40,2498.2,2460.2,2227.8,0,0,738593.65048853,0,0,0
36373.2490285527,40,2504.8,2508.8,2253.6,0,0,738593.650488993,0,0,0
36373.2890276191,40,2499.4,2579.2,2308.4,0,0,738593.650489456,0,0,0
36373.3290266855,40,2462.6,2678,2397.8,0,0,738593.650489919,0,0,0
36373.3690257519,40,2381.8,2741.4,2529.4,0,0,738593.650490382,0,0,0
36373.4090248183,40,2274.2,2696.4,2706.6,0,0,738593.650490845,0,0,0
36373.4490238847,40,2179.2,2536,2795.4,0,0,738593.650491308,0,0,0
36373.4890229511,40,2114.2,2356,2687,0,0,738593.650491771,0,0,0
36373.5290220175,40,2074.2,2236.6,2499,0,0,738593.650492234,0,0,0
36373.5690210839,40,2044.8,2162.2,2342,0,0,738593.650492697,0,0,0
36373.6090201503,40,2031,2119.8,2219.6,0,0,738593.65049316,0,0,0
36373.6490192167,40,2025.2,2101.2,2161.2,0,0,738593.650493623,0,0,0
36373.6890182831,40,2022.8,2090.8,2151.2,0,0,738593.650494086,0,0,0
36373.7290173495,40,2023.8,2101.8,2174.6,0,0,738593.650494548,0,0,0
36373.7690164159,40,2029.8,2119.8,2231,0,0,738593.650495011,0,0,0
36373.8090154823,40,2040,2158.2,2355,0,0,738593.650495474,0,0,0
36373.8490145487,40,2063.8,2234,2598.6,0,0,738593.650495937,0,0,0
36373.8890136151,40,2115.2,2389.2,2871.8,0,0,738593.6504964,0,0,0
36373.9290126815,40,2205.2,2636.2,2916,0,0,738593.650496863,0,0,0
36373.9690117479,40,2334.2,2780.2,2662.2,0,0,738593.650497326,0,0,0
36374.0090108143,40,2465.8,2740.4,2438.2,0,0,738593.650497789,0,0,0
36374.0490098807,40,2529.4,2621.6,2314,0,0,738593.650498252,0,0,0
36374.0890089471,40,2534.6,2565.2,2279.6,0,0,738593.650498715,0,0,0
36374.1290080135,40,2517.2,2597,2309.6,0,0,738593.650499178,0,0,0
36374.1690070799,40,2483.2,2657,2367.4,0,0,738593.650499641,0,0,0
36374.2090061463,40,2419,2709.2,2460.6,0,0,738593.650500104,0,0,0
36374.2490052127,40,2337,2726.6,2601,0,0,738593.650500567,0,0,0
36374.2890042791,40,2246,2665.6,2757.4,0,0,738593.65050103,0,0,0
36374.3290033455,40,2165,2523.6,2855.4,0,0,738593.650501493,0,0,0
36374.3690024119,40,2106.4,2360,2767.2,0,0,738593.650501956,0,0,0
36374.4090014783,40,2069.6,2240.2,2543,0,0,738593.650502419,0,0,0
36374.4490005447,40,2048,2168,2354,0,0,738593.650502882,0,0,0
36374.4889996111,40,2036.2,2126.6,2240.6,0,0,738593.650503345,0,0,0
36374.5289986775,40,2027.8,2111.8,2177.8,0,0,738593.650503807,0,0,0
36374.5689977439,40,2026,2102,2162.6,0,0,738593.65050427,0,0,0
36374.6089968103,40,2020.8,2096.6,2161.4,0,0,738593.650504733,0,0,0
36374.6489958767,40,2025.4,2104,2186.2,0,0,738593.650505196,0,0,0
36374.6889949431,40,2027.8,2121.8,2239.6,0,0,738593.650505659,0,0,0
36374.7289940095,40,2039,2158.4,2362,0,0,738593.650506122,0,0,0
36374.7689930759,40,2063.8,2233.6,2596.6,0,0,738593.650506585,0,0,0
36374.8089921423,40,2111,2388.6,2856.4,0,0,738593.650507048,0,0,0
36374.8489912087,40,2199.2,2609.2,2849.2,0,0,738593.650507511,0,0,0
36374.8889902751,40,2332.6,2736.8,2611.6,0,0,738593.650507974,0,0,0
36374.9289893415,40,2465,2676,2391.8,0,0,738593.650508437,0,0,0
36374.9689884079,40,2527.8,2537.8,2266.6,0,0,738593.6505089,0,0,0
36375.0089874743,40,2534.4,2436.8,2196.6,0,0,738593.650509363,0,0,0
36375.0489865407,40,2518.4,2390.4,2175.6,0,0,738593.650509826,0,0,0
36375.0889856071,40,2543.2,2422.2,2186.2,0,0,738593.650510289,0,0,0
36375.1289846735,40,2567.6,2483.8,2214.6,0,0,738593.650510752,0,0,0
36375.1689837399,40,2573,2589.2,2279.6,0,0,738593.650511215,0,0,0
36375.2089828063,40,2504.6,2702.2,2383,0,0,738593.650511678,0,0,0
36375.2489818727,40,2381.4,2747.6,2542,0,0,738593.650512141,0,0,0
36375.2889809391,40,2251.8,2630.8,2683,0,0,738593.650512604,0,0,0
36375.3289800055,40,2162.8,2456.4,2713.6,0,0,738593.650513067,0,0,0
36375.3689790719,40,2101.4,2319,2652.4,0,0,738593.65051353,0,0,0
36375.4089781383,40,2059.6,2215.2,2476.2,0,0,738593.650513992,0,0,0
36375.4489772047,40,2042.2,2146.6,2299.6,0,0,738593.650514455,0,0,0
36375.4889762711,40,2024.6,2107.6,2194.2,0,0,738593.650514918,0,0,0
36375.5289753375,40,2019.6,2095.4,2136.4,0,0,738593.650515381,0,0,0
36375.5689744039,40,2022.2,2086.2,2117.8,0,0,738593.650515844,0,0,0
36375.6089734703,40,2017.8,2085.4,2131,0,0,738593.650516307,0,0,0
36375.6489725367,40,2022.8,2097.6,2174.4,0,0,738593.65051677,0,0,0
36375.6889716031,40,2032,2128,2270.4,0,0,738593.650517233,0,0,0
36375.7289706695,40,2053.4,2196.2,2482.4,0,0,738593.650517696,0,0,0
36375.7689697359,40,2092.6,2338.6,2825.8,0,0,738593.650518159,0,0,0
36375.8089688023,40,2174.6,2588,2959,0,0,738593.650518622,0,0,0
36375.8489678687,40,2324.2,2800.8,2709,0,0,738593.650519085,0,0,0
36375.8889669351,40,2486.2,2752,2423.6,0,0,738593.650519548,0,0,0
36375.9289660015,40,2566.4,2573.6,2271,0,0,738593.650520011,0,0,0
36375.9689650679,40,2550,2438.2,2194.2,0,0,738593.650520474,0,0,0
36376.0089641343,40,2526.4,2381.8,2165.2,0,0,738593.650520937,0,0,0
36376.0489632007,40,2536.8,2404.8,2176.4,0,0,738593.6505214,0,0,0
36376.0889622671,40,2561.8,2476,2214,0,0,738593.650521863,0,0,0
36376.1289613335,40,2557.6,2598,2291.8,0,0,738593.650522326,0,0,0
36376.1689603999,40,2478.2,2744.8,2424.6,0,0,738593.650522789,0,0,0
36376.2089594663,40,2346.4,2808.8,2671.8,0,0,738593.650523252,0,0,0
36376.2489585327,40,2204.6,2644.6,2922.4,0,0,738593.650523714,0,0,0
36376.2889575991,40,2115,2394,2866.8,0,0,738593.650524177,0,0,0
36376.3289566655,40,2067.8,2236,2552.2,0,0,738593.65052464,0,0,0
36376.3689557319,40,2042.2,2156.8,2316.6,0,0,738593.650525103,0,0,0
36376.4089547983,40,2032.2,2115.8,2195.6,0,0,738593.650525566,0,0,0
36376.4489538647,40,2021.2,2090.6,2135.4,0,0,738593.650526029,0,0,0
36376.4889529311,40,2019.8,2085.4,2119.4,0,0,738593.650526492,0,0,0
36376.5289519975,40,2016.4,2086.4,2124.2,0,0,738593.650526955,0,0,0
36376.5689510639,40,2021,2092.2,2146.4,0,0,738593.650527418,0,0,0
36376.6089501303,40,2023.8,2109.8,2198.4,0,0,738593.650527881,0,0,0
36376.6489491967,40,2037.4,2150.2,2340.6,0,0,738593.650528344,0,0,0
36376.6889482631,40,2061.4,2233,2602.8,0,0,738593.650528807,0,0,0
36376.7289473295,40,2112.4,2400,2899.8,0,0,738593.65052927,0,0,0
36376.7689463959,40,2203.6,2624,2874.4,0,0,738593.650529733,0,0,0
36376.8089454623,40,2346.8,2757.8,2622.8,0,0,738593.650530196,0,0,0
36376.8489445287,40,2466.2,2692.6,2408.4,0,0,738593.650530659,0,0,0
36376.8889435951,40,2523.8,2565.6,2280.6,0,0,738593.650531122,0,0,0
36376.9289426615,40,2530.2,2477.6,2224.2,0,0,738593.650531585,0,0,0
36376.9689417279,40,2532.8,2464.4,2216.4,0,0,738593.650532048,0,0,0
36377.0089407943,40,2547.6,2524,2246.2,0,0,738593.650532511,0,0,0
36377.0489398607,40,2543.2,2614.6,2309.4,0,0,738593.650532973,0,0,0
36377.0889389271,40,2486.2,2743.6,2420.2,0,0,738593.650533436,0,0,0
36377.1289379935,40,2369.6,2823.2,2635.8,0,0,738593.650533899,0,0,0
36377.1689370599,40,2240.4,2709.2,2870.8,0,0,738593.650534362,0,0,0
36377.2089361263,40,2146,2482.4,2901.4,0,0,738593.650534825,0,0,0
36377.2489351927,40,2089.4,2305.8,2669.2,0,0,738593.650535288,0,0,0
36377.2889342591,40,2058.4,2202.2,2436,0,0,738593.650535751,0,0,0
36377.3289333255,40,2041.2,2146.2,2292.8,0,0,738593.650536214,0,0,0
36377.3689323919,40,2030.4,2119.6,2211.2,0,0,738593.650536677,0,0,0
36377.4089314583,40,2023.6,2096.2,2154,0,0,738593.65053714,0,0,0
36377.4489305247,40,2022.6,2087.2,2136.8,0,0,738593.650537603,0,0,0
36377.4889295911,40,2020.4,2097.2,2139.4,0,0,738593.650538066,0,0,0
36377.5289286575,40,2025,2101.4,2169.6,0,0,738593.650538529,0,0,0
36377.5689277239,40,2032,2124.6,2244.2,0,0,738593.650538992,0,0,0
36377.6089267903,40,2045,2164.4,2393.6,0,0,738593.650539455,0,0,0
36377.6489258567,40,2070.6,2257.2,2670.6,0,0,738593.650539918,0,0,0
36377.6889249231,40,2124.6,2435.4,2905.2,0,0,738593.650540381,0,0,0
36377.7289239895,40,2226.2,2653,2820,0,0,738593.650540844,0,0,0
36377.7689230559,40,2360.4,2747.6,2578,0,0,738593.650541307,0,0,0
36377.8089221223,40,2469.4,2675,2388,0,0,738593.65054177,0,0,0
36377.8489211887,40,2524.8,2570.8,2284.6,0,0,738593.650542233,0,0,0
36377.8889202551,40,2534.6,2487,2229,0,0,738593.650542696,0,0,0
36377.9289193215,40,2541,2481.6,2225.8,0,0,738593.650543158,0,0,0
36377.9689183879,40,2552.4,2554.4,2262,0,0,738593.650543621,0,0,0
36378.0089174543,40,2528.8,2667.4,2348.4,0,0,738593.650544084,0,0,0
36378.0489165207,40,2434.2,2789.8,2509.2,0,0,738593.650544547,0,0,0
36378.0889155871,40,2296.6,2761.8,2730.6,0,0,738593.65054501,0,0,0
36378.1289146535,40,2179.8,2572,2895.8,0,0,738593.650545473,0,0,0
36378.1689137199,40,2106.2,2354.2,2756.4,0,0,738593.650545936,0,0,0
36378.2089127863,40,2063,2217,2481.4,0,0,738593.650546399,0,0,0
36378.2489118527,40,2044.4,2150.8,2300.4,0,0,738593.650546862,0,0,0
36378.2889109191,40,2030.2,2112.8,2194,0,0,738593.650547325,0,0,0
36378.3289099855,40,2024.2,2090.6,2137.2,0,0,738593.650547788,0,0,0
36378.3689090519,40,2017.2,2082,2111.2,0,0,738593.650548251,0,0,0
36378.4089081183,40,2020.4,2084.6,2118.8,0,0,738593.650548714,0,0,0
36378.4489071847,40,2020.4,2097,2143.2,0,0,738593.650549177,0,0,0
36378.4889062511,40,2027.4,2107,2208.6,0,0,738593.65054964,0,0,0
36378.5289053175,40,2040,2153.2,2362.6,0,0,738593.650550103,0,0,0
36378.5689043839,40,2068.8,2251.4,2649.2,0,0,738593.650550566,0,0,0
36378.6089034503,40,2123.4,2438.2,2913.4,0,0,738593.650551029,0,0,0
36378.6489025167,40,2237,2681.8,2821.8,0,0,738593.650551492,0,0,0
36378.6889015831,40,2382.6,2763.6,2551.6,0,0,738593.650551955,0,0,0
36378.7289006495,40,2497,2669.4,2363.2,0,0,738593.650552418,0,0,0
36378.7688997159,40,2552.6,2557.2,2265.2,0,0,738593.65055288,0,0,0
36378.8088987823,40,2555,2477.2,2215.8,0,0,738593.650553343,0,0,0
36378.8488978487,40,2558,2455,2203.8,0,0,738593.650553806,0,0,0
36378.8888969151,40,2571.8,2507.4,2226.2,0,0,738593.650554269,0,0,0
36378.9288959815,40,2562.6,2604.4,2284,0,0,738593.650554732,0,0,0
36378.9688950479,40,2496.6,2715.8,2400.4,0,0,738593.650555195,0,0,0
36379.0088941143,40,2369,2762.8,2575.8,0,0,738593.650555658,0,0,0
36379.0488931807,40,2243.4,2640.4,2730,0,0,738593.650556121,0,0,0
36379.0888922471,40,2149.6,2447.2,2754.2,0,0,738593.650556584,0,0,0
36379.1288913135,40,2091.2,2292.4,2617,0,0,738593.650557047,0,0,0
36379.1688903799,40,2053.2,2193.6,2421.2,0,0,738593.65055751,0,0,0
36379.2088894463,40,2036.2,2130.8,2257.8,0,0,738593.650557973,0,0,0
36379.2488885127,40,2024,2103.4,2165.6,0,0,738593.650558436,0,0,0
36379.2888875791,40,2019.8,2083.2,2117.6,0,0,738593.650558899,0,0,0
36379.3288866455,40,2015.6,2081.4,2104.8,0,0,738593.650559362,0,0,0
36379.3688857119,40,2018.8,2084,2116.6,0,0,738593.650559825,0,0,0
36379.4088847783,40,2022.2,2096.8,2147.8,0,0,738593.650560288,0,0,0
36379.4488838447,40,2026.2,2112.8,2223.2,0,0,738593.650560751,0,0,0
36379.4888829111,40,2039.4,2159.8,2376.2,0,0,738593.650561214,0,0,0
36379.5288819775,40,2070.4,2257.4,2664,0,0,738593.650561676,0,0,0
36379.5688810439,40,2128,2443.6,2935.4,0,0,738593.650562139,0,0,0
36379.6088801103,40,2233.6,2680.4,2859,0,0,738593.650562602,0,0,0
36379.6488791767,40,2380,2797.4,2591.8,0,0,738593.650563065,0,0,0
36379.6888782431,40,2508.4,2701.8,2378.6,0,0,738593.650563528,0,0,0
36379.7288773095,40,2556.4,2554.2,2264.6,0,0,738593.650563991,0,0,0
36379.7688763759,40,2547,2457.8,2205,0,0,738593.650564454,0,0,0
36379.8088754423,40,2542.4,2429.6,2193.4,0,0,738593.650564917,0,0,0
36379.8488745087,40,2564.2,2483.2,2216,0,0,738593.65056538,0,0,0
36379.8888735751,40,2565,2580.6,2273.2,0,0,738593.650565843,0,0,0
36379.9288726415,40,2505.4,2725.8,2397.6,0,0,738593.650566306,0,0,0
36379.9688717079,40,2368.8,2799,2613.8,0,0,738593.650566769,0,0,0
36380.0088707743,40,2225.4,2650.6,2829.4,0,0,738593.650567232,0,0,0
36380.0488698407,40,2126.4,2403.4,2764.8,0,0,738593.650567695,0,0,0
36380.0888689071,40,2075,2241.6,2518.6,0,0,738593.650568158,0,0,0
36380.1288679735,40,2045.8,2166.4,2341.8,0,0,738593.650568621,0,0,0
36380.1688670399,40,2028.4,2114,2208.8,0,0,738593.650569084,0,0,0
36380.2088661063,40,2016,2086,2131.8,0,0,738593.650569547,0,0,0
36380.2488651727,40,2012.2,2078.6,2103.4,0,0,738593.65057001,0,0,0
36380.2888642391,40,2013,2071.2,2091.8,0,0,738593.650570473,0,0,0
36380.3288633055,40,2015.6,2080.2,2097.6,0,0,738593.650570936,0,0,0
36380.3688623719,40,2019.8,2086.4,2127.2,0,0,738593.650571399,0,0,0
36380.4088614383,40,2025.2,2103.4,2203.2,0,0,738593.650571861,0,0,0
36380.4488605047,40,2036.8,2155.2,2370.4,0,0,738593.650572324,0,0,0
36380.4888595711,40,2070.8,2273.6,2694.2,0,0,738593.650572787,0,0,0
36380.5288586375,40,2149.2,2499.4,2943.4,0,0,738593.65057325,0,0,0
36380.5688577039,40,2278.2,2759.4,2774,0,0,738593.650573713,0,0,0
36380.6088567703,40,2465.6,2774.6,2459.4,0,0,738593.650574176,0,0,0
36380.6488558367,40,2563.2,2580.4,2274,0,0,738593.650574639,0,0,0
36380.6888549031,40,2548,2422.2,2193,0,0,738593.650575102,0,0,0
36380.7288539695,40,2491.4,2343.8,2150,0,0,738593.650575565,0,0,0
36380.7688530359,40,2474.6,2328,2145.2,0,0,738593.650576028,0,0,0
36380.8088521023,40,2514,2371.6,2165.8,0,0,738593.650576491,0,0,0
36380.8488511687,40,2553.2,2456.2,2202.2,0,0,738593.650576954,0,0,0
36380.8888502351,40,2564.2,2606.8,2290.2,0,0,738593.650577417,0,0,0
36380.9288493015,40,2471.6,2779.2,2458.4,0,0,738593.65057788,0,0,0
36380.9688483679,40,2302.8,2770.4,2734.6,0,0,738593.650578343,0,0,0
36381.0088474343,40,2169.4,2539.4,2883.2,0,0,738593.650578806,0,0,0
36381.0488465007,40,2092.6,2306.2,2672.4,0,0,738593.650579269,0,0,0
36381.0888455671,40,2052.4,2181.4,2389.6,0,0,738593.650579732,0,0,0
36381.1288446335,40,2038.4,2122.6,2227.2,0,0,738593.650580195,0,0,0
36381.1688436999,40,2021.8,2095.6,2142.6,0,0,738593.650580658,0,0,0
36381.2088427663,40,2012.4,2072.2,2094.2,0,0,738593.650581121,0,0,0
36381.2488418327,40,2012.8,2072,2091,0,0,738593.650581583,0,0,0
36381.2888408991,40,2016.8,2079.8,2097,0,0,738593.650582046,0,0,0
36381.3288399655,40,2016.4,2090.4,2138.6,0,0,738593.650582509,0,0,0
36381.3688390319,40,2026.8,2119.6,2222.6,0,0,738593.650582972,0,0,0
36381.4088380983,40,2045.8,2170.6,2422,0,0,738593.650583435,0,0,0
36381.4488371647,40,2086.2,2315.6,2779,0,0,738593.650583898,0,0,0
36381.4888362311,40,2178,2583.6,2951.8,0,0,738593.650584361,0,0,0
36381.5288352975,40,2342,2798.2,2669,0,0,738593.650584824,0,0,0
36381.5688343639,40,2517.2,2697.2,2369.8,0,0,738593.650585287,0,0,0
36381.6088334303,40,2557,2491,2223,0,0,738593.65058575,0,0,0
36381.6488324967,40,2493.8,2350,2154.4,0,0,738593.650586213,0,0,0
36381.6888315631,40,2428.4,2279.2,2120,0,0,738593.650586676,0,0,0
36381.7288306295,40,2419,2270.4,2122.4,0,0,738593.650587139,0,0,0
36381.7688296959,40,2475.6,2315.2,2136.8,0,0,738593.650587602,0,0,0
36381.8088287623,40,2539.6,2394.4,2169,0,0,738593.650588065,0,0,0
36381.8488278287,40,2578.2,2534.8,2240.2,0,0,738593.650588528,0,0,0
36381.8888268951,40,2497.8,2690.4,2380.8,0,0,738593.650588991,0,0,0
36381.9288259615,40,2348.6,2724.8,2582.6,0,0,738593.650589454,0,0,0
36381.9688250279,40,2201.2,2566.4,2739.2,0,0,738593.650589917,0,0,0
36382.0088240943,40,2114.6,2357.8,2680.4,0,0,738593.65059038,0,0,0
36382.0488231607,40,2060.8,2215,2468.4,0,0,738593.650590842,0,0,0
36382.0888222271,40,2039,2139.2,2261.8,0,0,738593.650591305,0,0,0
36382.1288212935,40,2024.6,2097.6,2153.6,0,0,738593.650591768,0,0,0
36382.1688203599,40,2018.6,2081.8,2100.6,0,0,738593.650592231,0,0,0
36382.2088194263,40,2011.2,2074.8,2086,0,0,738593.650592694,0,0,0
36382.2488184927,40,2018.4,2078.4,2094.4,0,0,738593.650593157,0,0,0
36382.2888175591,40,2019.4,2089.2,2121.2,0,0,738593.65059362,0,0,0
36382.3288166255,40,2023.6,2106,2181.6,0,0,738593.650594083,0,0,0
36382.3688156919,40,2038.8,2146.4,2321.4,0,0,738593.650594546,0,0,0
36382.4088147583,40,2068,2247.2,2623.6,0,0,738593.650595009,0,0,0
36382.4488138247,40,2129.8,2463.8,2952,0,0,738593.650595472,0,0,0
36382.4888128911,40,2259.8,2745.2,2839.6,0,0,738593.650595935,0,0,0
36382.5288119575,40,2445.4,2801.8,2504.2,0,0,738593.650596398,0,0,0
36382.5688110239,40,2563.6,2611.8,2292.6,0,0,738593.650596861,0,0,0
36382.6088100903,40,2557.2,2449,2206,0,0,738593.650597324,0,0,0
36382.6488091567,40,2523.4,2386,2172.6,0,0,738593.650597787,0,0,0
36382.6888082231,40,2537.8,2413.2,2183.2,0,0,738593.65059825,0,0,0
36382.7288072895,40,2558.6,2484,2219.4,0,0,738593.650598713,0,0,0
36382.7688063559,40,2544.4,2594.2,2288.2,0,0,738593.650599176,0,0,0
36382.8088054223,40,2468,2729.6,2431.8,0,0,738593.650599639,0,0,0
36382.8488044887,40,2325.4,2782,2676,0,0,738593.650600102,0,0,0
36382.8888035551,40,2188.8,2577,2874.6,0,0,738593.650600565,0,0,0
36382.9288026215,40,2102.6,2332.8,2720,0,0,738593.650601027,0,0,0
36382.9688016879,40,2053,2191.2,2403.8,0,0,738593.65060149,0,0,0
36383.0088007543,40,2029,2121,2223.8,0,0,738593.650601953,0,0,0
36383.0487998207,40,2022.2,2086.2,2126.4,0,0,738593.650602416,0,0,0
36383.0887988871,40,2018.6,2073.4,2078.2,0,0,738593.650602879,0,0,0
36383.1287979535,40,2013,2068,2075.6,0,0,738593.650603342,0,0,0
36383.1687970199,40,2008.8,2075.4,2084.6,0,0,738593.650603805,0,0,0
36383.2087960863,40,2014.8,2082.4,2103.4,0,0,738593.650604268,0,0,0
36383.2487951527,40,2023.2,2097.6,2152.8,0,0,738593.650604731,0,0,0
36383.2887942191,40,2036.6,2124.4,2263,0,0,738593.650605194,0,0,0
36383.3287932855,40,2052,2194.8,2483.4,0,0,738593.650605657,0,0,0
36383.3687923519,40,2094.6,2347.4,2825,0,0,738593.65060612,0,0,0
36383.4087914183,40,2183.8,2606.2,2947.2,0,0,738593.650606583,0,0,0
36383.4487904847,40,2328,2800.2,2690.6,0,0,738593.650607046,0,0,0
36383.4887895511,40,2491,2750.2,2421.4,0,0,738593.650607509,0,0,0
36383.5287886175,40,2568.8,2579.2,2268,0,0,738593.650607972,0,0,0
36383.5687876839,40,2555.8,2448.2,2200.4,0,0,738593.650608435,0,0,0
36383.6087867503,40,2538.2,2409.2,2181,0,0,738593.650608898,0,0,0
36383.6487858167,40,2542.8,2437,2198.8,0,0,738593.650609361,0,0,0
36383.6887848831,40,2551.8,2510.6,2231.2,0,0,738593.650609824,0,0,0
36383.7287839495,40,2541,2593.8,2294,0,0,738593.650610287,0,0,0
36383.7687830159,40,2490.4,2704,2395.8,0,0,738593.650610749,0,0,0
36383.8087820823,40,2394.6,2774.4,2545.6,0,0,738593.650611212,0,0,0
36383.8487811487,40,2279.4,2741.2,2751,0,0,738593.650611675,0,0,0
36383.8887802151,40,2178.2,2562.6,2882.6,0,0,738593.650612138,0,0,0
36383.9287792815,40,2114,2381.4,2789.8,0,0,738593.650612601,0,0,0
36383.9687783479,40,2074.8,2247.4,2552.4,0,0,738593.650613064,0,0,0
36384.0087774143,40,2047.2,2172.4,2360.2,0,0,738593.650613527,0,0,0
36384.0487764807,40,2033.4,2126.6,2242,0,0,738593.65061399,0,0,0
36384.0887755471,40,2026.6,2104.6,2167.2,0,0,738593.650614453,0,0,0
36384.1287746135,40,2017.2,2082.4,2120.6,0,0,738593.650614916,0,0,0
36384.1687736799,40,2014.6,2082.8,2104.2,0,0,738593.650615379,0,0,0
36384.2087727463,40,2019.6,2085.4,2113.2,0,0,738593.650615842,0,0,0
36384.2487718127,40,2023.2,2097,2141.2,0,0,738593.650616305,0,0,0
36384.2887708791,40,2032.6,2111.4,2200.6,0,0,738593.650616768,0,0,0
36384.3287699455,40,2043.6,2156,2321.4,0,0,738593.650617231,0,0,0
36384.3687690119,40,2065.4,2234.2,2535.4,0,0,738593.650617694,0,0,0
36384.4087680783,40,2117.2,2385.4,2795.8,0,0,738593.650618157,0,0,0
36384.4487671447,40,2202,2608.6,2855.4,0,0,738593.65061862,0,0,0
36384.4887662111,40,2325.6,2778,2668,0,0,738593.650619083,0,0,0
36384.5287652775,40,2463,2756.6,2456,0,0,738593.650619546,0,0,0
36384.5687643439,40,2536.2,2641.8,2321.8,0,0,738593.650620008,0,0,0
36384.6087634103,40,2559.4,2549.4,2259.4,0,0,738593.650620471,0,0,0
36384.6487624767,40,2546.4,2524,2244.8,0,0,738593.650620934,0,0,0
36384.6887615431,40,2525.2,2556.4,2275.6,0,0,738593.650621397,0,0,0
36384.7287606095,40,2487.6,2599.6,2330.8,0,0,738593.65062186,0,0,0
36384.7687596759,40,2438.6,2651.6,2406.6,0,0,738593.650622323,0,0,0
36384.8087587423,40,2368.6,2697.8,2521.2,0,0,738593.650622786,0,0,0
36384.8487578087,40,2282,2702,2686.6,0,0,738593.650623249,0,0,0
36384.8887568751,40,2195.2,2601,2849.2,0,0,738593.650623712,0,0,0
36384.9287559415,40,2129.4,2443.8,2873.8,0,0,738593.650624175,0,0,0
36384.9687550079,40,2083,2303.2,2705.6,0,0,738593.650624638,0,0,0
36385.0087540743,40,2060.6,2208.6,2479.2,0,0,738593.650625101,0,0,0
36385.0487531407,40,2043.6,2151,2313,0,0,738593.650625564,0,0,0
36385.0887522071,40,2033,2123.2,2225,0,0,738593.650626027,0,0,0
36385.1287512735,40,2029.4,2106,2175.4,0,0,738593.65062649,0,0,0
36385.1687503399,40,2026,2100.8,2157.8,0,0,738593.650626953,0,0,0
36385.2087494063,40,2022.4,2102.8,2174.2,0,0,738593.650627416,0,0,0
36385.2487484727,40,2029.4,2113,2206.4,0,0,738593.650627879,0,0,0
36385.2887475391,40,2031.4,2135.8,2286,0,0,738593.650628342,0,0,0
36385.3287466055,40,2049.8,2181.2,2433.6,0,0,738593.650628805,0,0,0
36385.3687456719,40,2075,2264.8,2669.2,0,0,738593.650629268,0,0,0
36385.4087447383,40,2118,2412.4,2885.6,0,0,738593.650629731,0,0,0
36385.4487438047,40,2200.6,2603.4,2855.6,0,0,738593.650630193,0,0,0
36385.4887428711,40,2301,2706.8,2659.8,0,0,738593.650630656,0,0,0
36385.5287419375,40,2396.2,2696.4,2472.6,0,0,738593.650631119,0,0,0
36385.5687410039,40,2458.6,2621.8,2362.4,0,0,738593.650631582,0,0,0
36385.6087400703,40,2473.6,2547.2,2300.2,0,0,738593.650632045,0,0,0
36385.6487391367,40,2477.4,2543.8,2294,0,0,738593.650632508,0,0,0
36385.6887382031,40,2484.6,2609.4,2340.2,0,0,738593.650632971,0,0,0
36385.7287372695,40,2467.8,2687.4,2398.8,0,0,738593.650633434,0,0,0
36385.7687363359,40,2403.8,2775.2,2538.4,0,0,738593.650633897,0,0,0
36385.8087354023,40,2304.2,2783.6,2746.2,0,0,738593.65063436,0,0,0
36385.8487344687,40,2206.8,2647.4,2928,0,0,738593.650634823,0,0,0
36385.8887335351,40,2132.2,2445.4,2908.6,0,0,738593.650635286,0,0,0
36385.9287326015,40,2082.8,2291.2,2677.2,0,0,738593.650635749,0,0,0
36385.9687316679,40,2059.8,2204.2,2445.2,0,0,738593.650636212,0,0,0
36386.0087307343,40,2046.4,2152.8,2302.8,0,0,738593.650636675,0,0,0
36386.0487298007,40,2032.2,2125.8,2228.2,0,0,738593.650637138,0,0,0
36386.0887288671,40,2023.4,2106.4,2185.8,0,0,738593.650637601,0,0,0
36386.1287279335,40,2021.8,2102.2,2177.4,0,0,738593.650638064,0,0,0
36386.1687269999,40,2024,2106.6,2196,0,0,738593.650638527,0,0,0
36386.2087260663,40,2032.2,2122.6,2241,0,0,738593.65063899,0,0,0
36386.2487251327,40,2034.4,2148.4,2328.8,0,0,738593.650639453,0,0,0
36386.2887241991,40,2048.2,2186,2462.4,0,0,738593.650639915,0,0,0
36386.3287232655,40,2067.8,2246.6,2616,0,0,738593.650640378,0,0,0
36386.3687223319,40,2091,2313.6,2720.4,0,0,738593.650640841,0,0,0
36386.4087213983,40,2114.6,2376.4,2756.2,0,0,738593.650641304,0,0,0
36386.4487204647,40,2139,2423.6,2742,0,0,738593.650641767,0,0,0
36386.4887195311,40,2153.2,2446,2716.8,0,0,738593.65064223,0,0,0
36386.5287185975,40,2161.2,2476.2,2736.2,0,0,738593.650642693,0,0,0
36386.5687176639,40,2164.6,2500.2,2766.2,0,0,738593.650643156,0,0,0
36386.6087167303,40,2173.6,2515.8,2803,0,0,738593.650643619,0,0,0
36386.6487157967,40,2165.8,2520.2,2830,0,0,738593.650644082,0,0,0
36386.6887148631,40,2164.6,2514.6,2839.6,0,0,738593.650644545,0,0,0
36386.7287139295,40,2166.4,2505,2834.4,0,0,738593.650645008,0,0,0
36386.7687129959,40,2164.8,2498.2,2813,0,0,738593.650645471,0,0,0
36386.8087120623,40,2163,2490.6,2782,0,0,738593.650645934,0,0,0
36386.8487111287,40,2156.8,2472.6,2751.8,0,0,738593.650646397,0,0,0
36386.8887101951,40,2158.4,2459.6,2717.8,0,0,738593.65064686,0,0,0
36386.9287092615,40,2157.2,2461,2720,0,0,738593.650647323,0,0,0
36386.9687083279,40,2159.4,2471.6,2751.2,0,0,738593.650647786,0,0,0
36387.0087073943,40,2159,2481.4,2769.2,0,0,738593.650648249,0,0,0
36387.0487064607,40,2163.4,2487.6,2789.8,0,0,738593.650648711,0,0,0
