186261.358558422,40,2098.8,2337,2748.4,0,0,738592.396589798,0,0,0
186261.398557488,40,2096.8,2333,2747.2,0,0,738592.396590261,0,0,0
186261.438556555,40,2095.2,2332.6,2737.2,0,0,738592.396590724,0,0,0
186261.478555621,40,2093.8,2325.8,2742.2,0,0,738592.396591187,0,0,0
186261.518554688,40,2093.4,2325.4,2742.4,0,0,738592.39659165,0,0,0
186261.558553754,40,2094.2,2323.2,2752.6,0,0,738592.396592113,0,0,0
186261.59855282,40,2091.2,2322,2758.2,0,0,738592.396592576,0,0,0
186261.638551887,40,2087.8,2320,2766,0,0,738592.396593039,0,0,0
186261.678550953,40,2085.2,2316.6,2765.8,0,0,738592.396593502,0,0,0
186261.71855002,40,2086,2314.2,2754.2,0,0,738592.396593965,0,0,0
186261.758549086,40,2087,2312.2,2753.2,0,0,738592.396594428,0,0,0
186261.798548152,40,2089.8,2311.6,2745.4,0,0,738592.396594891,0,0,0
186261.838547219,40,2087,2307,2735,0,0,738592.396595354,0,0,0
186261.878546285,40,2084.2,2307,2729.2,0,0,738592.396595817,0,0,0
186261.918545352,40,2079,2299.6,2720.8,0,0,738592.39659628,0,0,0
186261.958544418,40,2081.6,2295,2715,0,0,738592.396596743,0,0,0
186261.998543484,40,2080.2,2292.4,2704.6,0,0,738592.396597206,0,0,0
186262.038542551,40,2079.2,2292.6,2693.6,0,0,738592.396597668,0,0,0
186262.078541617,40,2081.6,2290.4,2688.4,0,0,738592.396598131,0,0,0
186262.118540684,40,2081.4,2286.8,2680.2,0,0,738592.396598594,0,0,0
186262.15853975,40,2078.2,2285.8,2680.8,0,0,738592.396599057,0,0,0
186262.198538816,40,2081,2283.4,2679.6,0,0,738592.39659952,0,0,0
186262.238537883,40,2080.8,2282.6,2684.2,0,0,738592.396599983,0,0,0
186262.278536949,40,2079.2,2280.4,2691.4,0,0,738592.396600446,0,0,0
186262.318536016,40,2078,2286.8,2689.8,0,0,738592.396600909,0,0,0
186262.358535082,40,2074.8,2279,2697.4,0,0,738592.396601372,0,0,0
186262.398534148,40,2074.4,2281.4,2698.8,0,0,738592.396601835,0,0,0
186262.438533215,40,2076.4,2280.8,2713.8,0,0,738592.396602298,0,0,0
186262.478532281,40,2072.6,2284,2714.8,0,0,738592.396602761,0,0,0
186262.518531348,40,2076.6,2280,2719.4,0,0,738592.396603224,0,0,0
186262.558530414,40,2078.4,2286,2718,0,0,738592.396603687,0,0,0
186262.59852948,40,2078.4,2280.6,2720.4,0,0,738592.39660415,0,0,0
186262.638528547,40,2076.4,2284.2,2716.8,0,0,738592.396604613,0,0,0
186262.678527613,40,2078,2281.4,2719.2,0,0,738592.396605076,0,0,0
186262.71852668,40,2073.2,2283.2,2726,0,0,738592.396605539,0,0,0
186262.758525746,40,2071.4,2282.4,2727.2,0,0,738592.396606002,0,0,0
186262.798524812,40,2073.4,2286,2729,0,0,738592.396606465,0,0,0
186262.838523879,40,2079.8,2290,2735.2,0,0,738592.396606928,0,0,0
186262.878522945,40,2080.2,2288,2729.8,0,0,738592.39660739,0,0,0
186262.918522012,40,2075,2290.2,2736.8,0,0,738592.396607853,0,0,0
186262.958521078,40,2079.4,2292,2734.8,0,0,738592.396608316,0,0,0
186262.998520144,40,2077.6,2289,2739,0,0,738592.396608779,0,0,0
186263.038519211,40,2074,2292,2736.8,0,0,738592.396609242,0,0,0
186263.078518277,40,2079.2,2289.4,2735.4,0,0,738592.396609705,0,0,0
186263.118517344,40,2081,2292,2743,0,0,738592.396610168,0,0,0
186263.15851641,40,2074.6,2293.6,2753.4,0,0,738592.396610631,0,0,0
186263.198515476,40,2083.4,2302.4,2752.6,0,0,738592.396611094,0,0,0
186263.238514543,40,2082.4,2302.2,2765.4,0,0,738592.396611557,0,0,0
186263.278513609,40,2085,2306.6,2777,0,0,738592.39661202,0,0,0
186263.318512676,40,2086.4,2314.4,2776.6,0,0,738592.396612483,0,0,0
186263.358511742,40,2086.2,2316.6,2774.2,0,0,738592.396612946,0,0,0
186263.398510808,40,2084,2314.6,2775.8,0,0,738592.396613409,0,0,0
186263.438509875,40,2087,2306.2,2777.4,0,0,738592.396613872,0,0,0
186263.478508941,40,2082,2304.6,2773.2,0,0,738592.396614335,0,0,0
186263.518508008,40,2080.4,2303.2,2766.4,0,0,738592.396614798,0,0,0
186263.558507074,40,2081.6,2299.4,2763.6,0,0,738592.396615261,0,0,0
186263.59850614,40,2082,2303.4,2759,0,0,738592.396615724,0,0,0
186263.638505207,40,2084,2297.4,2752.8,0,0,738592.396616187,0,0,0
186263.678504273,40,2078.4,2293.4,2746.4,0,0,738592.396616649,0,0,0
186263.71850334,40,2080.6,2293,2747.2,0,0,738592.396617112,0,0,0
186263.758502406,40,2078.4,2287,2737.8,0,0,738592.396617575,0,0,0
186263.798501472,40,2077.8,2283.4,2730.6,0,0,738592.396618038,0,0,0
186263.838500539,40,2073.4,2280.2,2725.6,0,0,738592.396618501,0,0,0
186263.878499605,40,2075.2,2277,2706.6,0,0,738592.396618964,0,0,0
186263.918498672,40,2074,2267.4,2689.6,0,0,738592.396619427,0,0,0
186263.958497738,40,2069.2,2261.2,2680.6,0,0,738592.39661989,0,0,0
186263.998496804,40,2073.8,2260.2,2668.4,0,0,738592.396620353,0,0,0
186264.038495871,40,2069.6,2263.4,2658.8,0,0,738592.396620816,0,0,0
186264.078494937,40,2067.2,2256.4,2653,0,0,738592.396621279,0,0,0
186264.118494004,40,2069.6,2251,2646.2,0,0,738592.396621742,0,0,0
186264.15849307,40,2067.8,2248.2,2637.6,0,0,738592.396622205,0,0,0
186264.198492136,40,2068,2245.4,2641,0,0,738592.396622668,0,0,0
186264.238491203,40,2067.6,2245.8,2636.6,0,0,738592.396623131,0,0,0
186264.278490269,40,2067.8,2242,2632.4,0,0,738592.396623594,0,0,0
186264.318489336,40,2062.6,2237.6,2628.4,0,0,738592.396624057,0,0,0
186264.358488402,40,2062.2,2240.2,2621,0,0,738592.39662452,0,0,0
186264.398487468,40,2063.2,2239.2,2614.4,0,0,738592.396624983,0,0,0
186264.438486535,40,2065,2233.2,2611.8,0,0,738592.396625446,0,0,0
186264.478485601,40,2058.4,2234,2618.4,0,0,738592.396625909,0,0,0
186264.518484668,40,2064.2,2239,2616.8,0,0,738592.396626372,0,0,0
186264.558483734,40,2065.2,2237.8,2617.2,0,0,738592.396626834,0,0,0
186264.5984828,40,2059.6,2241,2615,0,0,738592.396627297,0,0,0
186264.638481867,40,2061.6,2234.4,2618.8,0,0,738592.39662776,0,0,0
186264.678480933,40,2059.2,2234.8,2618.8,0,0,738592.396628223,0,0,0
186264.71848,40,2058.8,2235,2618.8,0,0,738592.396628686,0,0,0
186264.758479066,40,2061.4,2236.8,2617,0,0,738592.396629149,0,0,0
186264.798478132,40,2062.2,2233.8,2616.2,0,0,738592.396629612,0,0,0
186264.838477199,40,2062.2,2239.8,2618,0,0,738592.396630075,0,0,0
186264.878476265,40,2062.2,2237.2,2620.8,0,0,738592.396630538,0,0,0
186264.918475332,40,2062.4,2235.4,2624.4,0,0,738592.396631001,0,0,0
186264.958474398,40,2061.4,2235.8,2624.6,0,0,738592.396631464,0,0,0
186264.998473464,40,2060,2239.2,2628.6,0,0,738592.396631927,0,0,0
186265.038472531,40,2062.4,2241,2627.8,0,0,738592.39663239,0,0,0
186265.078471597,40,2063.4,2239,2626.2,0,0,738592.396632853,0,0,0
186265.118470664,40,2063.8,2238.4,2619.8,0,0,738592.396633316,0,0,0
186265.15846973,40,2064.4,2239,2623.2,0,0,738592.396633779,0,0,0
186265.198468796,40,2064.2,2241,2622.6,0,0,738592.396634242,0,0,0
186265.238467863,40,2059.4,2235,2621,0,0,738592.396634705,0,0,0
186265.278466929,40,2063.6,2240,2621.4,0,0,738592.396635168,0,0,0
186265.318465996,40,2065.6,2238.8,2617.8,0,0,738592.396635631,0,0,0
186265.358465062,40,2061.8,2235.4,2617,0,0,738592.396636094,0,0,0
186265.398464128,40,2061.2,2235.4,2617.2,0,0,738592.396636556,0,0,0
186265.438463195,40,2062.2,2239.8,2618.4,0,0,738592.396637019,0,0,0
186265.478462261,40,2059.4,2240.2,2619.2,0,0,738592.396637482,0,0,0
186265.518461328,40,2068.6,2238,2618.4,0,0,738592.396637945,0,0,0
186265.558460394,40,2061.2,2237.4,2613.6,0,0,738592.396638408,0,0,0
186265.59845946,40,2058.6,2239,2617.6,0,0,738592.396638871,0,0,0
186265.638458527,40,2062.2,2239,2622,0,0,738592.396639334,0,0,0
186265.678457593,40,2061.2,2239,2618.2,0,0,738592.396639797,0,0,0
186265.71845666,40,2063.6,2238.6,2617.6,0,0,738592.39664026,0,0,0
186265.758455726,40,2068.2,2240.2,2615,0,0,738592.396640723,0,0,0
186265.798454792,40,2060.2,2237.2,2618.6,0,0,738592.396641186,0,0,0
186265.838453859,40,2059,2239.4,2615.6,0,0,738592.396641649,0,0,0
186265.878452925,40,2062.4,2240,2616.6,0,0,738592.396642112,0,0,0
186265.918451992,40,2063.6,2234.2,2617.8,0,0,738592.396642575,0,0,0
186265.958451058,40,2063,2237.4,2612.8,0,0,738592.396643038,0,0,0
186265.998450124,40,2062.8,2234.2,2612.6,0,0,738592.396643501,0,0,0
186266.038449191,40,2063.2,2236.2,2614,0,0,738592.396643964,0,0,0
186266.078448257,40,2062,2235,2612.2,0,0,738592.396644427,0,0,0
186266.118447324,40,2064.6,2233,2614.8,0,0,738592.39664489,0,0,0
186266.15844639,40,2058,2235,2611.8,0,0,738592.396645352,0,0,0
186266.198445456,40,2065.4,2238.8,2608.4,0,0,738592.396645815,0,0,0
186266.238444523,40,2065,2236.6,2614,0,0,738592.396646278,0,0,0
186266.278443589,40,2058.4,2238.2,2609.4,0,0,738592.396646741,0,0,0
186266.318442656,40,2064.4,2231.8,2608.2,0,0,738592.396647204,0,0,0
186266.358441722,40,2065.6,2234.6,2613.8,0,0,738592.396647667,0,0,0
186266.398440788,40,2061,2230.2,2612,0,0,738592.39664813,0,0,0
186266.438439855,40,2063.4,2235.8,2615.2,0,0,738592.396648593,0,0,0
186266.478438921,40,2058.2,2233.6,2607.8,0,0,738592.396649056,0,0,0
186266.518437988,40,2064,2230,2609.2,0,0,738592.396649519,0,0,0
186266.558437054,40,2062.4,2232.2,2605.4,0,0,738592.396649982,0,0,0
186266.59843612,40,2061,2233,2611,0,0,738592.396650445,0,0,0
186266.638435187,40,2061.8,2235.4,2608.4,0,0,738592.396650908,0,0,0
186266.678434253,40,2066,2233.6,2611.2,0,0,738592.396651371,0,0,0
186266.71843332,40,2063.2,2231.4,2612.6,0,0,738592.396651834,0,0,0
186266.758432386,40,2058,2234.6,2609.8,0,0,738592.396652297,0,0,0
186266.798431452,40,2058,2236,2616.8,0,0,738592.39665276,0,0,0
186266.838430519,40,2058,2233.8,2610.6,0,0,738592.396653223,0,0,0
186266.878429585,40,2064.6,2235.6,2613.8,0,0,738592.396653686,0,0,0
186266.918428652,40,2063,2233.4,2610.2,0,0,738592.396654149,0,0,0
186266.958427718,40,2063.6,2233.6,2608.8,0,0,738592.396654612,0,0,0
186266.998426784,40,2063.6,2232.4,2611.4,0,0,738592.396655075,0,0,0
186267.038425851,40,2064,2229,2612.4,0,0,738592.396655538,0,0,0
186267.078424917,40,2060,2230,2603.8,0,0,738592.396656,0,0,0
186267.118423984,40,2056.6,2231.4,2602.4,0,0,738592.396656463,0,0,0
186267.15842305,40,2062.4,2229.4,2595.4,0,0,738592.396656926,0,0,0
186267.198422116,40,2063.2,2234.2,2597,0,0,738592.396657389,0,0,0
186267.238421183,40,2060.4,2230.8,2597.4,0,0,738592.396657852,0,0,0
186267.278420249,40,2059.2,2226.6,2596.2,0,0,738592.396658315,0,0,0
186267.318419316,40,2061.2,2230.6,2602.6,0,0,738592.396658778,0,0,0
186267.358418382,40,2063.2,2231,2608,0,0,738592.396659241,0,0,0
186267.398417448,40,2065,2235.2,2618.4,0,0,738592.396659704,0,0,0
186267.438416515,40,2058,2236.6,2614.2,0,0,738592.396660167,0,0,0
186267.478415581,40,2059,2232,2611.4,0,0,738592.39666063,0,0,0
186267.518414648,40,2061.8,2232,2610.6,0,0,738592.396661093,0,0,0
186267.558413714,40,2059.8,2236.6,2609.4,0,0,738592.396661556,0,0,0
186267.59841278,40,2058.2,2238,2614,0,0,738592.396662019,0,0,0
186267.638411847,40,2062.4,2235.2,2615.6,0,0,738592.396662482,0,0,0
186267.678410913,40,2060.2,2237.2,2611.6,0,0,738592.396662945,0,0,0
186267.71840998,40,2058.8,2237.2,2605.8,0,0,738592.396663408,0,0,0
186267.758409046,40,2060,2229.2,2597.8,0,0,738592.396663871,0,0,0
186267.798408112,40,2059,2228.2,2596,0,0,738592.396664334,0,0,0
186267.838407179,40,2061.2,2228,2594,0,0,738592.396664797,0,0,0
186267.878406245,40,2060.4,2227.2,2587.6,0,0,738592.396665259,0,0,0
186267.918405312,40,2056.6,2229.8,2587.2,0,0,738592.396665722,0,0,0
186267.958404378,40,2057.6,2226.8,2585,0,0,738592.396666185,0,0,0
186267.998403444,40,2057.8,2221.6,2580,0,0,738592.396666648,0,0,0
186268.038402511,40,2063,2223.2,2578.4,0,0,738592.396667111,0,0,0
186268.078401577,40,2056.6,2221.8,2578.8,0,0,738592.396667574,0,0,0
186268.118400644,40,2058.2,2220.8,2580.6,0,0,738592.396668037,0,0,0
186268.15839971,40,2060.6,2222,2574.8,0,0,738592.3966685,0,0,0
186268.198398776,40,2054.6,2222.8,2590.2,0,0,738592.396668963,0,0,0
186268.238397843,40,2058.4,2225.4,2594.6,0,0,738592.396669426,0,0,0
186268.278396909,40,2062.2,2226.6,2598.4,0,0,738592.396669889,0,0,0
186268.318395976,40,2059,2230.8,2601,0,0,738592.396670352,0,0,0
186268.358395042,40,2061.6,2228.2,2602.2,0,0,738592.396670815,0,0,0
186268.398394108,40,2059.8,2234.4,2603.6,0,0,738592.396671278,0,0,0
186268.438393175,40,2056.2,2231.8,2610.6,0,0,738592.396671741,0,0,0
186268.478392241,40,2058.2,2231.8,2604.4,0,0,738592.396672204,0,0,0
186268.518391308,40,2060.8,2232.6,2609.2,0,0,738592.396672667,0,0,0
186268.558390374,40,2056.8,2234.6,2611.4,0,0,738592.39667313,0,0,0
186268.59838944,40,2057.4,2232.6,2610.6,0,0,738592.396673593,0,0,0
186268.638388507,40,2059.8,2233.6,2606.8,0,0,738592.396674056,0,0,0
186268.678387573,40,2066.6,2235.2,2608,0,0,738592.396674518,0,0,0
186268.71838664,40,2058,2229.6,2605.6,0,0,738592.396674981,0,0,0
186268.758385706,40,2057.6,2231,2606,0,0,738592.396675444,0,0,0
186268.798384772,40,2059,2229,2600.8,0,0,738592.396675907,0,0,0
186268.838383839,40,2059,2229.2,2606.4,0,0,738592.39667637,0,0,0
186268.878382905,40,2055.2,2229.2,2603.2,0,0,738592.396676833,0,0,0
186268.918381972,40,2062.2,2232.4,2603.8,0,0,738592.396677296,0,0,0
186268.958381038,40,2061.2,2227.2,2601,0,0,738592.396677759,0,0,0
186268.998380104,40,2059.8,2230.2,2601.8,0,0,738592.396678222,0,0,0
186269.038379171,40,2061.8,2230.8,2592.2,0,0,738592.396678685,0,0,0
186269.078378237,40,2056.8,2228.6,2596.4,0,0,738592.396679148,0,0,0
186269.118377304,40,2060.6,2228.8,2596.6,0,0,738592.396679611,0,0,0
186269.15837637,40,2055.6,2224.4,2587.6,0,0,738592.396680074,0,0,0
186269.198375436,40,2058.6,2224.6,2583,0,0,738592.396680537,0,0,0
186269.238374503,40,2054.6,2221.8,2583.4,0,0,738592.396681,0,0,0
186269.278373569,40,2060.4,2221.2,2579.2,0,0,738592.396681463,0,0,0
186269.318372636,40,2055.4,2221.2,2583,0,0,738592.396681926,0,0,0
186269.358371702,40,2054.6,2220.8,2573.6,0,0,738592.396682389,0,0,0
186269.398370768,40,2055.8,2220,2578.6,0,0,738592.396682852,0,0,0
186269.438369835,40,2056.4,2219,2574.6,0,0,738592.396683315,0,0,0
186269.478368901,40,2058.4,2220.4,2574.8,0,0,738592.396683778,0,0,0
186269.518367968,40,2057.4,2221.2,2573.6,0,0,738592.396684241,0,0,0
186269.558367034,40,2059.8,2225.8,2581,0,0,738592.396684703,0,0,0
186269.5983661,40,2056.8,2224.6,2582,0,0,738592.396685166,0,0,0
186269.638365167,40,2056.8,2222.2,2581.4,0,0,738592.396685629,0,0,0
186269.678364233,40,2056.8,2220.2,2582.2,0,0,738592.396686092,0,0,0
186269.7183633,40,2061.2,2224.4,2579,0,0,738592.396686555,0,0,0
186269.758362366,40,2061.8,2226,2578.4,0,0,738592.396687018,0,0,0
186269.798361432,40,2058.6,2224.4,2588.8,0,0,738592.396687481,0,0,0
186269.838360499,40,2055.6,2225.2,2590.4,0,0,738592.396687944,0,0,0
186269.878359565,40,2061.4,2226,2595,0,0,738592.396688407,0,0,0
186269.918358632,40,2057.2,2219.6,2592,0,0,738592.39668887,0,0,0
186269.958357698,40,2057.4,2226.2,2591.8,0,0,738592.396689333,0,0,0
186269.998356764,40,2060.6,2227,2599.6,0,0,738592.396689796,0,0,0
186270.038355831,40,2056.8,2225.2,2593.8,0,0,738592.396690259,0,0,0
186270.078354897,40,2061,2225.6,2600.6,0,0,738592.396690722,0,0,0
186270.118353964,40,2064,2236,2606.6,0,0,738592.396691185,0,0,0
186270.15835303,40,2058.4,2235.8,2611,0,0,738592.396691648,0,0,0
186270.198352096,40,2063,2233.2,2615.2,0,0,738592.396692111,0,0,0
186270.238351163,40,2060,2233.2,2617.6,0,0,738592.396692574,0,0,0
186270.278350229,40,2063.6,2234.6,2616,0,0,738592.396693037,0,0,0
186270.318349296,40,2058.2,2233.2,2609.4,0,0,738592.3966935,0,0,0
186270.358348362,40,2061,2232.4,2606.8,0,0,738592.396693963,0,0,0
186270.398347428,40,2061.2,2231.8,2606.6,0,0,738592.396694425,0,0,0
186270.438346495,40,2060,2234,2607.2,0,0,738592.396694888,0,0,0
186270.478345561,40,2059.6,2232.6,2610.6,0,0,738592.396695351,0,0,0
186270.518344628,40,2058.6,2233.8,2613.8,0,0,738592.396695814,0,0,0
186270.558343694,40,2061.4,2234.4,2605.8,0,0,738592.396696277,0,0,0
186270.59834276,40,2061.2,2231,2609.8,0,0,738592.39669674,0,0,0
186270.638341827,40,2060.4,2232.2,2613.4,0,0,738592.396697203,0,0,0
186270.678340893,40,2059.4,2241,2629.8,0,0,738592.396697666,0,0,0
186270.71833996,40,2065.2,2246.6,2649,0,0,738592.396698129,0,0,0
186270.758339026,40,2063.4,2256.6,2657,0,0,738592.396698592,0,0,0
186270.798338092,40,2071,2267.2,2672,0,0,738592.396699055,0,0,0
186270.838337159,40,2075.8,2266.4,2688.2,0,0,738592.396699518,0,0,0
186270.878336225,40,2078.2,2284.6,2701.4,0,0,738592.396699981,0,0,0
186270.918335292,40,2089.2,2297,2711.6,0,0,738592.396700444,0,0,0
186270.958334358,40,2093.6,2327.8,2732.2,0,0,738592.396700907,0,0,0
186270.998333424,40,2103.8,2363,2753.4,0,0,738592.39670137,0,0,0
186271.038332491,40,2125.2,2414,2778.4,0,0,738592.396701833,0,0,0
186271.078331557,40,2143.2,2459.4,2795,0,0,738592.396702296,0,0,0
186271.118330624,40,2160.6,2492,2783.4,0,0,738592.396702759,0,0,0
186271.15832969,40,2173.8,2516,2766.6,0,0,738592.396703222,0,0,0
186271.198328756,40,2184.8,2530.4,2753.6,0,0,738592.396703684,0,0,0
186271.238327823,40,2183.6,2540.8,2745.6,0,0,738592.396704147,0,0,0
186271.278326889,40,2196,2553.2,2730.6,0,0,738592.39670461,0,0,0
186271.318325956,40,2214.6,2575.8,2690.4,0,0,738592.396705073,0,0,0
186271.358325022,40,2235.8,2591.8,2643.4,0,0,738592.396705536,0,0,0
186271.398324088,40,2260.8,2592.8,2584.6,0,0,738592.396705999,0,0,0
186271.438323155,40,2282.2,2587.6,2520.2,0,0,738592.396706462,0,0,0
186271.478322221,40,2312,2578,2462.2,0,0,738592.396706925,0,0,0
186271.518321288,40,2337.6,2572.4,2414.4,0,0,738592.396707388,0,0,0
186271.558320354,40,2368.6,2561,2374.4,0,0,738592.396707851,0,0,0
186271.59831942,40,2400.4,2535.6,2326,0,0,738592.396708314,0,0,0
186271.638318487,40,2425.4,2511,2286,0,0,738592.396708777,0,0,0
186271.678317553,40,2442.6,2478.8,2252.8,0,0,738592.39670924,0,0,0
186271.71831662,40,2448.6,2451.4,2226.8,0,0,738592.396709703,0,0,0
186271.758315686,40,2449.4,2435.8,2221.2,0,0,738592.396710166,0,0,0
186271.798314752,40,2448.2,2436.6,2223,0,0,738592.396710629,0,0,0
186271.838313819,40,2443,2448.4,2232,0,0,738592.396711092,0,0,0
186271.878312885,40,2440.4,2466.8,2242.2,0,0,738592.396711555,0,0,0
186271.918311952,40,2437.4,2468.4,2249.4,0,0,738592.396712018,0,0,0
186271.958311018,40,2435.2,2468.6,2252.4,0,0,738592.396712481,0,0,0
186271.998310084,40,2429,2476.8,2258.4,0,0,738592.396712944,0,0,0
186272.038309151,40,2430.2,2484,2270.2,0,0,738592.396713407,0,0,0
186272.078308217,40,2436,2496,2267.6,0,0,738592.396713869,0,0,0
186272.118307284,40,2443.8,2511.6,2284.2,0,0,738592.396714332,0,0,0
186272.15830635,40,2447.8,2525,2284.6,0,0,738592.396714795,0,0,0
186272.198305416,40,2444.2,2532.6,2293.6,0,0,738592.396715258,0,0,0
186272.238304483,40,2443.4,2543.4,2295.4,0,0,738592.396715721,0,0,0
186272.278303549,40,2442.6,2544.4,2298.2,0,0,738592.396716184,0,0,0
186272.318302616,40,2441.8,2554.8,2305.8,0,0,738592.396716647,0,0,0
186272.358301682,40,2440.8,2564.6,2308.6,0,0,738592.39671711,0,0,0
186272.398300748,40,2439.8,2573.4,2315.8,0,0,738592.396717573,0,0,0
186272.438299815,40,2433.2,2575.6,2321.6,0,0,738592.396718036,0,0,0
186272.478298881,40,2429.2,2579.6,2332.4,0,0,738592.396718499,0,0,0
186272.518297948,40,2426.4,2580.4,2340.8,0,0,738592.396718962,0,0,0
186272.558297014,40,2420.4,2588.2,2347.2,0,0,738592.396719425,0,0,0
186272.59829608,40,2415.6,2589.2,2352.6,0,0,738592.396719888,0,0,0
186272.638295147,40,2415.4,2596.2,2358,0,0,738592.396720351,0,0,0
186272.678294213,40,2412,2605,2366.6,0,0,738592.396720814,0,0,0
186272.71829328,40,2410.4,2606.4,2376,0,0,738592.396721277,0,0,0
186272.758292346,40,2409.4,2615.4,2381.2,0,0,738592.39672174,0,0,0
186272.798291412,40,2403.8,2623.4,2385.8,0,0,738592.396722203,0,0,0
186272.838290479,40,2398.6,2629,2397.6,0,0,738592.396722666,0,0,0
186272.878289545,40,2392.6,2630,2404.2,0,0,738592.396723129,0,0,0
186272.918288612,40,2385.4,2631.8,2413.8,0,0,738592.396723591,0,0,0
186272.958287678,40,2381.6,2634.4,2422.4,0,0,738592.396724054,0,0,0
186272.998286744,40,2379.2,2643.8,2424,0,0,738592.396724517,0,0,0
186273.038285811,40,2377.2,2638.6,2435,0,0,738592.39672498,0,0,0
186273.078284877,40,2371.8,2641.2,2433.4,0,0,738592.396725443,0,0,0
186273.118283944,40,2368.6,2639.2,2444.4,0,0,738592.396725906,0,0,0
186273.15828301,40,2366,2634.2,2441.2,0,0,738592.396726369,0,0,0
186273.198282076,40,2366.8,2633.8,2435.2,0,0,738592.396726832,0,0,0
186273.238281143,40,2367.6,2624.6,2428,0,0,738592.396727295,0,0,0
186273.278280209,40,2380.2,2623,2413.6,0,0,738592.396727758,0,0,0
186273.318279276,40,2386.2,2612,2389.6,0,0,738592.396728221,0,0,0
186273.358278342,40,2398.6,2598.4,2376,0,0,738592.396728684,0,0,0
186273.398277408,40,2407.2,2591.6,2357.4,0,0,738592.396729147,0,0,0
186273.438276475,40,2410.4,2590.2,2354.8,0,0,738592.39672961,0,0,0
186273.478275541,40,2399.8,2588.2,2367.6,0,0,738592.396730073,0,0,0
186273.518274608,40,2387.2,2595,2383.2,0,0,738592.396730536,0,0,0
186273.558273674,40,2371,2584.2,2390,0,0,738592.396730999,0,0,0
186273.59827274,40,2353.2,2554,2390,0,0,738592.396731462,0,0,0
186273.638271807,40,2344.6,2556.2,2392.4,0,0,738592.396731925,0,0,0
186273.678270873,40,2342.6,2585.4,2422.6,0,0,738592.396732387,0,0,0
186273.71826994,40,2340.4,2605,2446.4,0,0,738592.39673285,0,0,0
186273.758269006,40,2329.2,2627.6,2483.6,0,0,738592.396733313,0,0,0
186273.798268072,40,2308.4,2638.4,2533.4,0,0,738592.396733776,0,0,0
186273.838267139,40,2282,2635,2591.8,0,0,738592.396734239,0,0,0
186273.878266205,40,2249.6,2618.6,2657.4,0,0,738592.396734702,0,0,0
186273.918265272,40,2202.8,2562,2723.2,0,0,738592.396735165,0,0,0
186273.958264338,40,2153.8,2478,2765,0,0,738592.396735628,0,0,0
186273.998263404,40,2114,2374.2,2735.4,0,0,738592.396736091,0,0,0
186274.038262471,40,2088.4,2289.4,2640,0,0,738592.396736554,0,0,0
186274.078261537,40,2067.4,2240,2540.8,0,0,738592.396737017,0,0,0
186274.118260604,40,2068.4,2233.6,2520.4,0,0,738592.39673748,0,0,0
186274.15825967,40,2077.2,2275.6,2613.2,0,0,738592.396737943,0,0,0
186274.198258736,40,2107.2,2359,2742.2,0,0,738592.396738406,0,0,0
186274.238257803,40,2152.8,2477.2,2805,0,0,738592.396738869,0,0,0
186274.278256869,40,2212,2591.4,2753.2,0,0,738592.396739332,0,0,0
186274.318255936,40,2275,2658.6,2638.8,0,0,738592.396739795,0,0,0
186274.358255002,40,2326.4,2671.6,2525,0,0,738592.396740258,0,0,0
186274.398254068,40,2370.4,2652.4,2450,0,0,738592.396740721,0,0,0
186274.438253135,40,2384.8,2641,2417.2,0,0,738592.396741184,0,0,0
186274.478252201,40,2365.8,2632.4,2438,0,0,738592.396741647,0,0,0
186274.518251268,40,2324.4,2608.8,2470,0,0,738592.39674211,0,0,0
186274.558250334,40,2276.2,2557.2,2508.2,0,0,738592.396742573,0,0,0
186274.5982494,40,2220.4,2568.4,2651.4,0,0,738592.396743035,0,0,0
186274.638248467,40,2159.8,2500.8,2812.2,0,0,738592.396743498,0,0,0
186274.678247533,40,2104.2,2377.2,2856.8,0,0,738592.396743961,0,0,0
186274.7182466,40,2074.6,2275.8,2722.6,0,0,738592.396744424,0,0,0
186274.758245666,40,2061,2215,2561.8,0,0,738592.396744887,0,0,0
186274.798244732,40,2060.4,2215.6,2485.4,0,0,738592.39674535,0,0,0
186274.838243799,40,2078.6,2265,2578.8,0,0,738592.396745813,0,0,0
186274.878242865,40,2113.8,2379.4,2804.2,0,0,738592.396746276,0,0,0
186274.918241932,40,2169.2,2537.8,2851.6,0,0,738592.396746739,0,0,0
186274.958240998,40,2258,2661.4,2675.4,0,0,738592.396747202,0,0,0
186274.998240064,40,2348.8,2650.2,2477.2,0,0,738592.396747665,0,0,0
186275.038239131,40,2399,2570.2,2350.2,0,0,738592.396748128,0,0,0
186275.078238197,40,2393.4,2486,2293,0,0,738592.396748591,0,0,0
186275.118237264,40,2398.8,2485.8,2284.4,0,0,738592.396749054,0,0,0
186275.15823633,40,2410.2,2547.2,2322.8,0,0,738592.396749517,0,0,0
186275.198235396,40,2393.8,2603.8,2392.8,0,0,738592.39674998,0,0,0
186275.238234463,40,2342.2,2653.8,2487.8,0,0,738592.396750443,0,0,0
186275.278233529,40,2268.2,2654.6,2641.2,0,0,738592.396750906,0,0,0
186275.318232596,40,2190.4,2563.8,2798.6,0,0,738592.396751369,0,0,0
186275.358231662,40,2125.2,2423,2841,0,0,738592.396751832,0,0,0
186275.398230728,40,2078.4,2296,2724.4,0,0,738592.396752295,0,0,0
186275.438229795,40,2059.4,2214.2,2522.8,0,0,738592.396752757,0,0,0
186275.478228861,40,2052.6,2189.4,2399.2,0,0,738592.39675322,0,0,0
186275.518227928,40,2053.6,2208,2500.2,0,0,738592.396753683,0,0,0
186275.558226994,40,2079.4,2279.6,2683.4,0,0,738592.396754146,0,0,0
186275.59822606,40,2120.2,2418,2846.2,0,0,738592.396754609,0,0,0
186275.638225127,40,2197,2589.4,2796.4,0,0,738592.396755072,0,0,0
186275.678224193,40,2289.8,2667,2605.6,0,0,738592.396755535,0,0,0
186275.71822326,40,2372.6,2651.2,2438,0,0,738592.396755998,0,0,0
186275.758222326,40,2416.8,2597,2355.4,0,0,738592.396756461,0,0,0
186275.798221392,40,2421.8,2557.2,2326.6,0,0,738592.396756924,0,0,0
186275.838220459,40,2394.4,2543.2,2337,0,0,738592.396757387,0,0,0
186275.878219525,40,2358.4,2543.4,2377.4,0,0,738592.39675785,0,0,0
186275.918218592,40,2320.6,2582,2449.4,0,0,738592.396758313,0,0,0
186275.958217658,40,2265.8,2610,2588.2,0,0,738592.396758776,0,0,0
186275.998216724,40,2199.4,2566.6,2760,0,0,738592.396759239,0,0,0
186276.038215791,40,2132.4,2444,2866,0,0,738592.396759702,0,0,0
186276.078214857,40,2085.2,2317,2787.2,0,0,738592.396760165,0,0,0
186276.118213924,40,2055.4,2223.8,2599,0,0,738592.396760628,0,0,0
186276.15821299,40,2049,2178,2440,0,0,738592.396761091,0,0,0
186276.198212056,40,2049.8,2183.8,2399.6,0,0,738592.396761553,0,0,0
186276.238211123,40,2062.4,2226.2,2536.8,0,0,738592.396762016,0,0,0
186276.278210189,40,2082.2,2310.6,2744.2,0,0,738592.396762479,0,0,0
186276.318209256,40,2128.2,2437.4,2878,0,0,738592.396762942,0,0,0
186276.358208322,40,2188,2575.6,2818.2,0,0,738592.396763405,0,0,0
186276.398207388,40,2260,2644.6,2643.2,0,0,738592.396763868,0,0,0
186276.438206455,40,2313,2617.8,2498.4,0,0,738592.396764331,0,0,0
186276.478205521,40,2331.4,2563.2,2414.4,0,0,738592.396764794,0,0,0
186276.518204588,40,2329.4,2552.2,2400.6,0,0,738592.396765257,0,0,0
186276.558203654,40,2322.8,2597.6,2463.4,0,0,738592.39676572,0,0,0
186276.59820272,40,2287,2622.8,2554.6,0,0,738592.396766183,0,0,0
186276.638201787,40,2229.4,2602.6,2688,0,0,738592.396766646,0,0,0
186276.678200853,40,2164.4,2515.2,2798.6,0,0,738592.396767109,0,0,0
186276.71819992,40,2110.6,2399.2,2821.6,0,0,738592.396767572,0,0,0
186276.758198986,40,2078.8,2286.8,2710.4,0,0,738592.396768035,0,0,0
186276.798198052,40,2055.6,2209.4,2533,0,0,738592.396768498,0,0,0
186276.838197119,40,2041.4,2163.8,2401.2,0,0,738592.396768961,0,0,0
186276.878196185,40,2041.2,2166.2,2369.4,0,0,738592.396769424,0,0,0
186276.918195252,40,2052.2,2189.6,2422.2,0,0,738592.396769887,0,0,0
186276.958194318,40,2073.8,2250.4,2588.6,0,0,738592.39677035,0,0,0
186276.998193384,40,2106,2363.6,2780.6,0,0,738592.396770813,0,0,0
186277.038192451,40,2163.6,2519.2,2836.2,0,0,738592.396771276,0,0,0
186277.078191517,40,2238.8,2636.4,2714.2,0,0,738592.396771738,0,0,0
186277.118190584,40,2316.8,2670.8,2544.8,0,0,738592.396772201,0,0,0
186277.15818965,40,2367,2645,2446.6,0,0,738592.396772664,0,0,0
186277.198188716,40,2375.6,2624.8,2417.8,0,0,738592.396773127,0,0,0
186277.238187783,40,2340.6,2614.2,2452,0,0,738592.39677359,0,0,0
186277.278186849,40,2291.4,2596.4,2514.6,0,0,738592.396774053,0,0,0
186277.318185916,40,2227.4,2551.8,2614.8,0,0,738592.396774516,0,0,0
186277.358184982,40,2156,2464,2729,0,0,738592.396774979,0,0,0
186277.398184048,40,2104.6,2344.8,2746.4,0,0,738592.396775442,0,0,0
186277.438183115,40,2065.4,2243,2611.8,0,0,738592.396775905,0,0,0
186277.478182181,40,2044.8,2177.8,2446.8,0,0,738592.396776368,0,0,0
186277.518181248,40,2033,2141.2,2319.8,0,0,738592.396776831,0,0,0
186277.558180314,40,2035,2139.8,2287,0,0,738592.396777294,0,0,0
186277.59817938,40,2038.8,2157.4,2331.4,0,0,738592.396777757,0,0,0
186277.638178447,40,2050.2,2197.8,2471.2,0,0,738592.39677822,0,0,0
186277.678177513,40,2075.4,2277.6,2685.8,0,0,738592.396778683,0,0,0
186277.71817658,40,2119.6,2409.6,2838.4,0,0,738592.396779146,0,0,0
186277.758175646,40,2186.4,2561.8,2822,0,0,738592.396779609,0,0,0
186277.798174712,40,2266.4,2653.8,2654.8,0,0,738592.396780072,0,0,0
186277.838173779,40,2326,2656.8,2514.2,0,0,738592.396780535,0,0,0
186277.878172845,40,2353.8,2648.4,2463.8,0,0,738592.396780998,0,0,0
186277.918171912,40,2336.8,2630.4,2469.6,0,0,738592.39678146,0,0,0
186277.958170978,40,2284,2591.6,2524.4,0,0,738592.396781923,0,0,0
186277.998170044,40,2225.8,2543.2,2591.2,0,0,738592.396782386,0,0,0
186278.038169111,40,2169.4,2478.2,2692.6,0,0,738592.396782849,0,0,0
186278.078168177,40,2119.2,2386.6,2750.2,0,0,738592.396783312,0,0,0
186278.118167244,40,2083.8,2287.6,2681.8,0,0,738592.396783775,0,0,0
186278.15816631,40,2053.4,2215.6,2536.2,0,0,738592.396784238,0,0,0
186278.198165376,40,2044.6,2167.8,2411,0,0,738592.396784701,0,0,0
186278.238164443,40,2040,2151.6,2336.2,0,0,738592.396785164,0,0,0
186278.278163509,40,2043.8,2163.8,2356.6,0,0,738592.396785627,0,0,0
186278.318162576,40,2056.6,2209.8,2508.2,0,0,738592.39678609,0,0,0
186278.358161642,40,2083.6,2305.8,2706.8,0,0,738592.396786553,0,0,0
186278.398160708,40,2136,2445.2,2824,0,0,738592.396787016,0,0,0
186278.438159775,40,2207.8,2595,2747,0,0,738592.396787479,0,0,0
186278.478158841,40,2297.6,2657.2,2568,0,0,738592.396787942,0,0,0
186278.518157908,40,2368.8,2637.6,2441,0,0,738592.396788405,0,0,0
186278.558156974,40,2399.8,2600.4,2375.2,0,0,738592.396788868,0,0,0
186278.59815604,40,2385.2,2599.4,2380.8,0,0,738592.396789331,0,0,0
186278.638155107,40,2350.4,2600.2,2426,0,0,738592.396789794,0,0,0
186278.678154173,40,2306.4,2607.2,2491,0,0,738592.396790257,0,0,0
186278.71815324,40,2252.4,2582.4,2590.8,0,0,738592.396790719,0,0,0
186278.758152306,40,2186.8,2525.2,2702,0,0,738592.396791182,0,0,0
186278.798151372,40,2133.8,2428.6,2762,0,0,738592.396791645,0,0,0
186278.838150439,40,2096.4,2326.6,2720.4,0,0,738592.396792108,0,0,0
186278.878149505,40,2067.2,2250.4,2594,0,0,738592.396792571,0,0,0
186278.918148572,40,2061,2216.4,2479.8,0,0,738592.396793034,0,0,0
186278.958147638,40,2067.8,2229,2511.6,0,0,738592.396793497,0,0,0
186278.998146704,40,2083.4,2306.6,2687.6,0,0,738592.39679396,0,0,0
186279.038145771,40,2136.8,2433,2782,0,0,738592.396794423,0,0,0
186279.078144837,40,2211.8,2584.2,2721.4,0,0,738592.396794886,0,0,0
186279.118143904,40,2308.2,2651.8,2544,0,0,738592.396795349,0,0,0
186279.15814297,40,2388.8,2621.4,2402,0,0,738592.396795812,0,0,0
186279.198142036,40,2427.4,2571.2,2329.4,0,0,738592.396796275,0,0,0
186279.238141103,40,2423.6,2557.2,2320,0,0,738592.396796738,0,0,0
186279.278140169,40,2404.4,2583.4,2357,0,0,738592.396797201,0,0,0
186279.318139236,40,2354.6,2602.4,2421.6,0,0,738592.396797664,0,0,0
186279.358138302,40,2286.8,2600.8,2526,0,0,738592.396798127,0,0,0
186279.398137368,40,2214.2,2544.6,2643.4,0,0,738592.39679859,0,0,0
186279.438136435,40,2148.2,2442.8,2721.2,0,0,738592.396799053,0,0,0
186279.478135501,40,2095.2,2330.2,2698.8,0,0,738592.396799516,0,0,0
186279.518134568,40,2063.8,2237,2576.2,0,0,738592.396799979,0,0,0
186279.558133634,40,2047,2179.8,2436.8,0,0,738592.396800442,0,0,0
186279.5981327,40,2045.8,2164.8,2377.8,0,0,738592.396800904,0,0,0
186279.638131767,40,2053.6,2189.6,2422.8,0,0,738592.396801367,0,0,0
186279.678130833,40,2066.4,2251.8,2601.2,0,0,738592.39680183,0,0,0
186279.7181299,40,2102.8,2366.6,2794,0,0,738592.396802293,0,0,0
186279.758128966,40,2166,2518.4,2830.6,0,0,738592.396802756,0,0,0
186279.798128032,40,2246,2644.8,2684.6,0,0,738592.396803219,0,0,0
186279.838127099,40,2329.2,2663.6,2513.8,0,0,738592.396803682,0,0,0
186279.878126165,40,2382.6,2637.4,2415,0,0,738592.396804145,0,0,0
186279.918125232,40,2406.6,2616.8,2375.8,0,0,738592.396804608,0,0,0
186279.958124298,40,2394.2,2620.8,2394.2,0,0,738592.396805071,0,0,0
186279.998123364,40,2354.6,2639.4,2458,0,0,738592.396805534,0,0,0
186280.038122431,40,2310,2630.2,2531.2,0,0,738592.396805997,0,0,0
186280.078121497,40,2246,2587,2610.8,0,0,738592.39680646,0,0,0
186280.118120564,40,2187.4,2501.4,2668.4,0,0,738592.396806923,0,0,0
186280.15811963,40,2137.4,2411,2691,0,0,738592.396807386,0,0,0
186280.198118696,40,2097.2,2323.6,2670.4,0,0,738592.396807849,0,0,0
186280.238117763,40,2070.8,2253.2,2594.6,0,0,738592.396808312,0,0,0
186280.278116829,40,2057,2200.2,2497,0,0,738592.396808775,0,0,0
186280.318115896,40,2044.4,2174,2405.4,0,0,738592.396809238,0,0,0
186280.358114962,40,2047.4,2185.4,2403,0,0,738592.396809701,0,0,0
186280.398114028,40,2060.6,2216.2,2487.8,0,0,738592.396810164,0,0,0
186280.438113095,40,2079,2283.8,2659,0,0,738592.396810626,0,0,0
186280.478112161,40,2116.6,2394.2,2797.2,0,0,738592.396811089,0,0,0
186280.518111228,40,2160,2507.2,2830.6,0,0,738592.396811552,0,0,0
186280.558110294,40,2205.2,2595,2764.6,0,0,738592.396812015,0,0,0
186280.59810936,40,2246.8,2643,2696.4,0,0,738592.396812478,0,0,0
186280.638108427,40,2260.2,2660,2661.8,0,0,738592.396812941,0,0,0
186280.678107493,40,2253.8,2644.4,2674.2,0,0,738592.396813404,0,0,0
186280.71810656,40,2232.2,2617.8,2712.6,0,0,738592.396813867,0,0,0
186280.758105626,40,2215.2,2579.6,2709,0,0,738592.39681433,0,0,0
186280.798104692,40,2198,2535.8,2684.8,0,0,738592.396814793,0,0,0
186280.838103759,40,2187.6,2500.6,2651.6,0,0,738592.396815256,0,0,0
186280.878102825,40,2185,2495.8,2665.8,0,0,738592.396815719,0,0,0
186280.918101892,40,2178,2507.4,2722.4,0,0,738592.396816182,0,0,0
186280.958100958,40,2177,2525,2764.4,0,0,738592.396816645,0,0,0
186280.998100024,40,2173,2527,2805.8,0,0,738592.396817108,0,0,0
186281.038099091,40,2162,2528.4,2830.2,0,0,738592.396817571,0,0,0
186281.078098157,40,2165.6,2517,2847,0,0,738592.396818034,0,0,0
186281.118097224,40,2156.8,2507.6,2847.6,0,0,738592.396818497,0,0,0
186281.15809629,40,2153,2499.6,2837.8,0,0,738592.39681896,0,0,0
186281.198095356,40,2154.4,2485.6,2813.2,0,0,738592.396819423,0,0,0
186281.238094423,40,2154,2470.4,2779,0,0,738592.396819885,0,0,0
186281.278093489,40,2146.8,2456.2,2753,0,0,738592.396820348,0,0,0
186281.318092556,40,2146.2,2442,2717.4,0,0,738592.396820811,0,0,0
186281.358091622,40,2144.4,2425,2699.6,0,0,738592.396821274,0,0,0
186281.398090688,40,2144.8,2429.4,2697.2,0,0,738592.396821737,0,0,0
186281.438089755,40,2136.8,2417.8,2721,0,0,738592.3968222,0,0,0
186281.478088821,40,2134.2,2424.6,2744.8,0,0,738592.396822663,0,0,0
186281.518087888,40,2130.6,2420,2762.4,0,0,738592.396823126,0,0,0
186281.558086954,40,2130.8,2418.2,2774.2,0,0,738592.396823589,0,0,0
186281.59808602,40,2126,2415,2780.6,0,0,738592.396824052,0,0,0
186281.638085087,40,2123.6,2407.2,2778.8,0,0,738592.396824515,0,0,0
186281.678084153,40,2119.4,2401.4,2779.2,0,0,738592.396824978,0,0,0
186281.71808322,40,2123.6,2391.6,2759,0,0,738592.396825441,0,0,0
186281.758082286,40,2115.4,2386.4,2742.8,0,0,738592.396825904,0,0,0
186281.798081352,40,2116.2,2374.4,2722.8,0,0,738592.396826367,0,0,0
186281.838080419,40,2116.2,2368,2705.4,0,0,738592.39682683,0,0,0
186281.878079485,40,2113,2358,2700.4,0,0,738592.396827293,0,0,0
186281.918078552,40,2109.2,2353.6,2705,0,0,738592.396827756,0,0,0
186281.958077618,40,2107.4,2352,2717.4,0,0,738592.396828219,0,0,0
186281.998076684,40,2104.4,2349,2727.6,0,0,738592.396828682,0,0,0
186282.038075751,40,2105.4,2347.6,2728,0,0,738592.396829145,0,0,0
186282.078074817,40,2099.2,2344.8,2731.8,0,0,738592.396829608,0,0,0
186282.118073884,40,2103.2,2340.8,2734.4,0,0,738592.39683007,0,0,0
186282.15807295,40,2098,2334.2,2729.6,0,0,738592.396830533,0,0,0
186282.198072016,40,2093.8,2328.6,2719,0,0,738592.396830996,0,0,0
186282.238071083,40,2092.6,2323.6,2711,0,0,738592.396831459,0,0,0
186282.278070149,40,2088,2320.8,2701.2,0,0,738592.396831922,0,0,0
186282.318069216,40,2091.6,2315.2,2689.6,0,0,738592.396832385,0,0,0
186282.358068282,40,2090.8,2307.2,2680,0,0,738592.396832848,0,0,0
186282.398067348,40,2088,2300.8,2679.6,0,0,738592.396833311,0,0,0
186282.438066415,40,2089,2297.8,2671,0,0,738592.396833774,0,0,0
186282.478065481,40,2085.2,2297.4,2664,0,0,738592.396834237,0,0,0
186282.518064548,40,2081.8,2295.4,2664.4,0,0,738592.3968347,0,0,0
186282.558063614,40,2089.4,2288.2,2659.8,0,0,738592.396835163,0,0,0
186282.59806268,40,2080.6,2280.4,2661.6,0,0,738592.396835626,0,0,0
186282.638061747,40,2079.4,2280,2660,0,0,738592.396836089,0,0,0
186282.678060813,40,2074,2272.8,2661.2,0,0,738592.396836552,0,0,0
186282.71805988,40,2078,2273.2,2652.8,0,0,738592.396837015,0,0,0
186282.758058946,40,2071.4,2267.6,2650.4,0,0,738592.396837478,0,0,0
186282.798058012,40,2071.4,2262.8,2644.8,0,0,738592.396837941,0,0,0
186282.838057079,40,2071.4,2263,2632.6,0,0,738592.396838404,0,0,0
186282.878056145,40,2072.4,2255.6,2631,0,0,738592.396838867,0,0,0
186282.918055212,40,2067.4,2256.4,2618.2,0,0,738592.39683933,0,0,0
186282.958054278,40,2071.8,2246.6,2606.2,0,0,738592.396839792,0,0,0
186282.998053344,40,2067.4,2246,2593.8,0,0,738592.396840255,0,0,0
186283.038052411,40,2068.6,2240.2,2584,0,0,738592.396840718,0,0,0
186283.078051477,40,2070,2240,2572.8,0,0,738592.396841181,0,0,0
186283.118050544,40,2067.2,2237.2,2564.8,0,0,738592.396841644,0,0,0
186283.15804961,40,2065.6,2236.6,2559,0,0,738592.396842107,0,0,0
186283.198048676,40,2062.2,2228.6,2556.6,0,0,738592.39684257,0,0,0
186283.238047743,40,2064.6,2227.8,2551.8,0,0,738592.396843033,0,0,0
186283.278046809,40,2063,2226,2547.4,0,0,738592.396843496,0,0,0
186283.318045876,40,2061.8,2223.2,2541.2,0,0,738592.396843959,0,0,0
186283.358044942,40,2060.6,2217,2532.8,0,0,738592.396844422,0,0,0
186283.398044008,40,2059,2216.8,2530,0,0,738592.396844885,0,0,0
186283.438043075,40,2057,2212.6,2517.8,0,0,738592.396845348,0,0,0
186283.478042141,40,2055.2,2210.4,2515.2,0,0,738592.396845811,0,0,0
186283.518041208,40,2057.2,2207.8,2507,0,0,738592.396846274,0,0,0
186283.558040274,40,2052.2,2206.6,2497.8,0,0,738592.396846737,0,0,0
186283.59803934,40,2054.4,2205,2492,0,0,738592.3968472,0,0,0
186283.638038407,40,2056.6,2204,2486.8,0,0,738592.396847663,0,0,0
186283.678037473,40,2054.6,2200.2,2480,0,0,738592.396848126,0,0,0
186283.71803654,40,2051.2,2200.2,2479.2,0,0,738592.396848588,0,0,0
186283.758035606,40,2052.6,2202.4,2486.6,0,0,738592.396849051,0,0,0
186283.798034672,40,2057,2204.4,2493,0,0,738592.396849514,0,0,0
186283.838033739,40,2055.8,2213.6,2506.6,0,0,738592.396849977,0,0,0
186283.878032805,40,2058.2,2219,2527,0,0,738592.39685044,0,0,0
186283.918031872,40,2069.4,2239.6,2564.8,0,0,738592.396850903,0,0,0
186283.958030938,40,2074.6,2263.8,2611.2,0,0,738592.396851366,0,0,0
186283.998030004,40,2092.8,2314.4,2652,0,0,738592.396851829,0,0,0
186284.038029071,40,2112,2368.2,2687.2,0,0,738592.396852292,0,0,0
186284.078028137,40,2143.4,2431.2,2703.8,0,0,738592.396852755,0,0,0
186284.118027204,40,2162.6,2488.4,2722,0,0,738592.396853218,0,0,0
186284.15802627,40,2185.6,2526,2720,0,0,738592.396853681,0,0,0
186284.198025336,40,2191.2,2532,2732.6,0,0,738592.396854144,0,0,0
186284.238024403,40,2179.8,2520.4,2748.2,0,0,738592.396854607,0,0,0
186284.278023469,40,2171.2,2503.6,2757.8,0,0,738592.39685507,0,0,0
186284.318022536,40,2163.8,2477.8,2727,0,0,738592.396855533,0,0,0
186284.358021602,40,2155.2,2455.4,2701,0,0,738592.396855996,0,0,0
186284.398020668,40,2147,2441.4,2713.4,0,0,738592.396856459,0,0,0
186284.438019735,40,2142.4,2428,2752.8,0,0,738592.396856922,0,0,0
186284.478018801,40,2133.2,2421,2783.6,0,0,738592.396857385,0,0,0
186284.518017868,40,2128.2,2421.4,2826.4,0,0,738592.396857848,0,0,0
186284.558016934,40,2128.2,2426,2852.6,0,0,738592.396858311,0,0,0
186284.598016,40,2128.8,2433.4,2858.4,0,0,738592.396858773,0,0,0
186284.638015067,40,2142.4,2458.4,2832.6,0,0,738592.396859236,0,0,0
186284.678014133,40,2162.2,2490.8,2774.6,0,0,738592.396859699,0,0,0
186284.7180132,40,2194.2,2513.4,2668.2,0,0,738592.396860162,0,0,0
186284.758012266,40,2233.8,2541.2,2577.2,0,0,738592.396860625,0,0,0
186284.798011332,40,2282.2,2601.2,2536.8,0,0,738592.396861088,0,0,0
186284.838010399,40,2336.2,2622.2,2465.4,0,0,738592.396861551,0,0,0
186284.878009465,40,2374.2,2621,2413.2,0,0,738592.396862014,0,0,0
186284.918008532,40,2393.2,2615.6,2391,0,0,738592.396862477,0,0,0
186284.958007598,40,2382.8,2626.2,2408.4,0,0,738592.39686294,0,0,0
186284.998006664,40,2354.6,2634.4,2450,0,0,738592.396863403,0,0,0
186285.038005731,40,2321.6,2639,2498.4,0,0,738592.396863866,0,0,0
186285.078004797,40,2276.4,2621.4,2576.4,0,0,738592.396864329,0,0,0
186285.118003864,40,2220.8,2578,2667.4,0,0,738592.396864792,0,0,0
186285.15800293,40,2166.6,2497,2739.8,0,0,738592.396865255,0,0,0
186285.198001996,40,2120.4,2398.8,2754.2,0,0,738592.396865718,0,0,0
186285.238001063,40,2093,2311.6,2692.4,0,0,738592.396866181,0,0,0
186285.278000129,40,2065.2,2248.2,2599.8,0,0,738592.396866644,0,0,0
186285.317999196,40,2057.4,2212,2518.4,0,0,738592.396867107,0,0,0
186285.357998262,40,2060,2212.4,2500.8,0,0,738592.39686757,0,0,0
186285.397997328,40,2073.8,2242.4,2533.8,0,0,738592.396868033,0,0,0
186285.437996395,40,2096.8,2321.6,2675.8,0,0,738592.396868496,0,0,0
186285.477995461,40,2134.8,2435.4,2785.4,0,0,738592.396868958,0,0,0
186285.517994528,40,2200,2562.4,2759.4,0,0,738592.396869421,0,0,0
186285.557993594,40,2271.8,2657.8,2631.6,0,0,738592.396869884,0,0,0
186285.59799266,40,2341.6,2665,2497.8,0,0,738592.396870347,0,0,0
186285.637991727,40,2392.6,2632.2,2406.6,0,0,738592.39687081,0,0,0
186285.677990793,40,2413.8,2610.4,2358.4,0,0,738592.396871273,0,0,0
186285.71798986,40,2405.6,2606.4,2371,0,0,738592.396871736,0,0,0
186285.757988926,40,2379.6,2615,2409.2,0,0,738592.396872199,0,0,0
186285.797987992,40,2319,2591.6,2459.2,0,0,738592.396872662,0,0,0
186285.837987059,40,2260.6,2551.6,2524.4,0,0,738592.396873125,0,0,0
186285.877986125,40,2200.6,2537,2679.2,0,0,738592.396873588,0,0,0
186285.917985192,40,2143.4,2459.4,2792.4,0,0,738592.396874051,0,0,0
186285.957984258,40,2103.4,2355.4,2789.4,0,0,738592.396874514,0,0,0
186285.997983324,40,2073.4,2271.8,2687,0,0,738592.396874977,0,0,0
186286.037982391,40,2056.8,2223.6,2572.8,0,0,738592.39687544,0,0,0
186286.077981457,40,2061.4,2229.4,2560.2,0,0,738592.396875903,0,0,0
186286.117980524,40,2082.8,2277.8,2610.4,0,0,738592.396876366,0,0,0
186286.15797959,40,2123,2384.8,2694.8,0,0,738592.396876829,0,0,0
186286.197978656,40,2181.4,2537.4,2752.8,0,0,738592.396877292,0,0,0
186286.237977723,40,2262.4,2652.4,2654,0,0,738592.396877754,0,0,0
186286.277976789,40,2343,2677,2502.6,0,0,738592.396878217,0,0,0
186286.317975856,40,2397.4,2632.6,2398.2,0,0,738592.39687868,0,0,0
186286.357974922,40,2436.2,2592.4,2334.4,0,0,738592.396879143,0,0,0
186286.397973988,40,2446.4,2559.4,2302.8,0,0,738592.396879606,0,0,0
186286.437973055,40,2422.6,2549.6,2318.2,0,0,738592.396880069,0,0,0
186286.477972121,40,2382.4,2540.2,2344.4,0,0,738592.396880532,0,0,0
186286.517971188,40,2346.6,2555,2399.4,0,0,738592.396880995,0,0,0
186286.557970254,40,2294.4,2607.2,2527.4,0,0,738592.396881458,0,0,0
186286.59796932,40,2215.4,2578.8,2694,0,0,738592.396881921,0,0,0
186286.637968387,40,2145.8,2463.8,2802.8,0,0,738592.396882384,0,0,0
186286.677967453,40,2099,2335.4,2761.4,0,0,738592.396882847,0,0,0
186286.71796652,40,2063.4,2239.6,2602.4,0,0,738592.39688331,0,0,0
186286.757965586,40,2048,2182.8,2456,0,0,738592.396883773,0,0,0
186286.797964652,40,2047.2,2177.2,2426,0,0,738592.396884236,0,0,0
186286.837963719,40,2055.8,2205.4,2464.8,0,0,738592.396884699,0,0,0
186286.877962785,40,2075,2273.6,2623.6,0,0,738592.396885162,0,0,0
186286.917961852,40,2110.2,2370.2,2806.8,0,0,738592.396885625,0,0,0
186286.957960918,40,2152.2,2506.8,2895,0,0,738592.396886088,0,0,0
186286.997959984,40,2212.2,2610.2,2786.2,0,0,738592.396886551,0,0,0
186287.037959051,40,2281,2671.6,2637.6,0,0,738592.396887014,0,0,0
186287.077958117,40,2333.4,2669,2512.6,0,0,738592.396887477,0,0,0
186287.117957184,40,2362,2635.6,2441.8,0,0,738592.396887939,0,0,0
186287.15795625,40,2349,2603.6,2427.6,0,0,738592.396888402,0,0,0
186287.197955316,40,2310.6,2565,2455.2,0,0,738592.396888865,0,0,0
186287.237954383,40,2267.8,2569,2533,0,0,738592.396889328,0,0,0
186287.277953449,40,2215.8,2559,2662.2,0,0,738592.396889791,0,0,0
186287.317952516,40,2157.6,2488.6,2773.4,0,0,738592.396890254,0,0,0
186287.357951582,40,2107,2376.2,2788,0,0,738592.396890717,0,0,0
186287.397950648,40,2076.2,2277.6,2683.4,0,0,738592.39689118,0,0,0
186287.437949715,40,2057.4,2214.6,2545.6,0,0,738592.396891643,0,0,0
186287.477948781,40,2045.8,2188.4,2457.8,0,0,738592.396892106,0,0,0
186287.517947848,40,2052.2,2200,2457.4,0,0,738592.396892569,0,0,0
186287.557946914,40,2070.4,2243.2,2539.8,0,0,738592.396893032,0,0,0
186287.59794598,40,2098,2336.4,2731,0,0,738592.396893495,0,0,0
186287.637945047,40,2144.8,2465.4,2815.2,0,0,738592.396893958,0,0,0
186287.677944113,40,2207.6,2592.6,2766.8,0,0,738592.396894421,0,0,0
186287.71794318,40,2287.4,2664.4,2602.4,0,0,738592.396894884,0,0,0
186287.757942246,40,2358.2,2656,2466.8,0,0,738592.396895347,0,0,0
186287.797941312,40,2407.4,2618.6,2378.6,0,0,738592.39689581,0,0,0
186287.837940379,40,2425,2590,2343.2,0,0,738592.396896273,0,0,0
186287.877939445,40,2404.2,2591.8,2366.6,0,0,738592.396896736,0,0,0
186287.917938512,40,2369.8,2591,2395.6,0,0,738592.396897199,0,0,0
186287.957937578,40,2317.8,2577.2,2441.8,0,0,738592.396897661,0,0,0
186287.997936644,40,2270.8,2573.8,2520.2,0,0,738592.396898124,0,0,0
186288.037935711,40,2218.2,2557,2659.6,0,0,738592.396898587,0,0,0
186288.077934777,40,2153.8,2480.2,2775.4,0,0,738592.39689905,0,0,0
186288.117933844,40,2113.2,2381.8,2788.6,0,0,738592.396899513,0,0,0
186288.15793291,40,2087.6,2301.2,2721.4,0,0,738592.396899976,0,0,0
186288.197931976,40,2071.4,2253,2632.4,0,0,738592.396900439,0,0,0
186288.237931043,40,2067.8,2247.8,2594.4,0,0,738592.396900902,0,0,0
186288.277930109,40,2081.8,2276.8,2600,0,0,738592.396901365,0,0,0
186288.317929176,40,2104.2,2342.6,2681.2,0,0,738592.396901828,0,0,0
186288.357928242,40,2143.8,2452.6,2776.4,0,0,738592.396902291,0,0,0
186288.397927308,40,2195,2564.8,2752.2,0,0,738592.396902754,0,0,0
186288.437926375,40,2254,2639.6,2659.8,0,0,738592.396903217,0,0,0
186288.477925441,40,2319.8,2665,2537.6,0,0,738592.39690368,0,0,0
186288.517924508,40,2358.6,2657.8,2471.2,0,0,738592.396904143,0,0,0
186288.557923574,40,2359.2,2644.2,2460.2,0,0,738592.396904606,0,0,0
186288.59792264,40,2331.2,2634,2480.6,0,0,738592.396905069,0,0,0
186288.637921707,40,2305.4,2602,2491.8,0,0,738592.396905532,0,0,0
186288.677920773,40,2267,2565.4,2522.6,0,0,738592.396905995,0,0,0
186288.71791984,40,2229.6,2557.2,2609.4,0,0,738592.396906458,0,0,0
186288.757918906,40,2178.4,2519,2745,0,0,738592.39690692,0,0,0
186288.797917972,40,2132.6,2437.6,2809,0,0,738592.396907383,0,0,0
186288.837917039,40,2093.8,2334.4,2774,0,0,738592.396907846,0,0,0
186288.877916105,40,2070.6,2260.6,2652.8,0,0,738592.396908309,0,0,0
186288.917915172,40,2056.6,2210.8,2535,0,0,738592.396908772,0,0,0
186288.957914238,40,2051.2,2190.2,2467.2,0,0,738592.396909235,0,0,0
186288.997913304,40,2051.6,2197.2,2449,0,0,738592.396909698,0,0,0
186289.037912371,40,2064.8,2234.4,2532.6,0,0,738592.396910161,0,0,0
186289.077911437,40,2083.8,2309,2717.6,0,0,738592.396910624,0,0,0
186289.117910504,40,2124.4,2420.2,2855.4,0,0,738592.396911087,0,0,0
186289.15790957,40,2171.6,2546,2854.6,0,0,738592.39691155,0,0,0
186289.197908636,40,2231.8,2637.6,2724.8,0,0,738592.396912013,0,0,0
186289.237907703,40,2298.8,2676,2585.8,0,0,738592.396912476,0,0,0
186289.277906769,40,2349.4,2662.6,2477.4,0,0,738592.396912939,0,0,0
186289.317905836,40,2362.4,2641,2446.2,0,0,738592.396913402,0,0,0
186289.357904902,40,2339.4,2625.6,2467.2,0,0,738592.396913865,0,0,0
186289.397903968,40,2297.4,2598.2,2506,0,0,738592.396914328,0,0,0
186289.437903035,40,2251,2557.2,2559.8,0,0,738592.396914791,0,0,0
186289.477902101,40,2200,2523.6,2654.6,0,0,738592.396915254,0,0,0
186289.517901168,40,2152.8,2460.8,2763.2,0,0,738592.396915717,0,0,0
186289.557900234,40,2107.8,2362.8,2770.4,0,0,738592.39691618,0,0,0
186289.5978993,40,2081,2282.2,2691.6,0,0,738592.396916643,0,0,0
186289.637898367,40,2059,2220.8,2558.6,0,0,738592.396917105,0,0,0
186289.677897433,40,2054,2200.8,2478.4,0,0,738592.396917568,0,0,0
186289.7178965,40,2061,2212.8,2467.4,0,0,738592.396918031,0,0,0
186289.757895566,40,2075.6,2266.2,2608.6,0,0,738592.396918494,0,0,0
186289.797894632,40,2097.2,2350.2,2769.2,0,0,738592.396918957,0,0,0
186289.837893699,40,2139,2472.4,2860.4,0,0,738592.39691942,0,0,0
186289.877892765,40,2204.8,2599.2,2801,0,0,738592.396919883,0,0,0
186289.917891832,40,2275.2,2663.4,2634.2,0,0,738592.396920346,0,0,0
186289.957890898,40,2341.8,2673.2,2501.6,0,0,738592.396920809,0,0,0
186289.997889964,40,2377.2,2645.6,2431.4,0,0,738592.396921272,0,0,0
186290.037889031,40,2371,2627.4,2429.8,0,0,738592.396921735,0,0,0
186290.077888097,40,2341.2,2616,2462.2,0,0,738592.396922198,0,0,0
186290.117887164,40,2301.6,2579.4,2488,0,0,738592.396922661,0,0,0
186290.15788623,40,2253.2,2557.8,2560.2,0,0,738592.396923124,0,0,0
186290.197885296,40,2205.6,2539.6,2656.4,0,0,738592.396923587,0,0,0
186290.237884363,40,2156,2480,2779.2,0,0,738592.39692405,0,0,0
186290.277883429,40,2112.2,2386.4,2812,0,0,738592.396924513,0,0,0
186290.317882496,40,2079.2,2287.2,2712.8,0,0,738592.396924976,0,0,0
186290.357881562,40,2055.4,2213.4,2540.6,0,0,738592.396925439,0,0,0
186290.397880628,40,2042.4,2161.6,2392.2,0,0,738592.396925902,0,0,0
186290.437879695,40,2041.6,2155.8,2325.4,0,0,738592.396926365,0,0,0
186290.477878761,40,2041.2,2169.4,2367.4,0,0,738592.396926827,0,0,0
186290.517877828,40,2052.2,2205.2,2507,0,0,738592.39692729,0,0,0
186290.557876894,40,2073.4,2279,2723,0,0,738592.396927753,0,0,0
186290.59787596,40,2116.2,2410,2890.2,0,0,738592.396928216,0,0,0
186290.637875027,40,2179.2,2561.2,2849.2,0,0,738592.396928679,0,0,0
186290.677874093,40,2252.8,2651.8,2692,0,0,738592.396929142,0,0,0
186290.71787316,40,2326.2,2672,2534.4,0,0,738592.396929605,0,0,0
186290.757872226,40,2371.8,2636,2430.6,0,0,738592.396930068,0,0,0
186290.797871292,40,2385.4,2619,2404.4,0,0,738592.396930531,0,0,0
186290.837870359,40,2358,2618.6,2438.8,0,0,738592.396930994,0,0,0
186290.877869425,40,2325.2,2619,2482.4,0,0,738592.396931457,0,0,0
186290.917868492,40,2272.8,2589.4,2552,0,0,738592.39693192,0,0,0
186290.957867558,40,2214.6,2548.8,2625.8,0,0,738592.396932383,0,0,0
186290.997866624,40,2170,2484.6,2704.8,0,0,738592.396932846,0,0,0
186291.037865691,40,2126.2,2404.6,2755.6,0,0,738592.396933309,0,0,0
186291.077864757,40,2097,2324.8,2722.2,0,0,738592.396933772,0,0,0
186291.117863824,40,2069.8,2254.2,2628.6,0,0,738592.396934235,0,0,0
186291.15786289,40,2062,2217.2,2523.6,0,0,738592.396934698,0,0,0
186291.197861956,40,2053,2191.8,2460,0,0,738592.396935161,0,0,0
186291.237861023,40,2052.6,2196.4,2456.2,0,0,738592.396935623,0,0,0
186291.277860089,40,2068.4,2229,2497.4,0,0,738592.396936086,0,0,0
186291.317859156,40,2085.8,2293.2,2650.4,0,0,738592.396936549,0,0,0
186291.357858222,40,2119.8,2401.2,2781.4,0,0,738592.396937012,0,0,0
186291.397857288,40,2174.6,2533.4,2806.6,0,0,738592.396937475,0,0,0
186291.437856355,40,2236,2632.8,2707,0,0,738592.396937938,0,0,0
186291.477855421,40,2307.6,2678.2,2569.6,0,0,738592.396938401,0,0,0
186291.517854488,40,2354.6,2659.8,2474.2,0,0,738592.396938864,0,0,0
186291.557853554,40,2379.8,2655.2,2440,0,0,738592.396939327,0,0,0
186291.59785262,40,2362.8,2645.8,2455.6,0,0,738592.39693979,0,0,0
186291.637851687,40,2325.8,2629,2486.6,0,0,738592.396940253,0,0,0
186291.677850753,40,2288.2,2586,2518,0,0,738592.396940716,0,0,0
186291.71784982,40,2246,2558,2563.2,0,0,738592.396941179,0,0,0
186291.757848886,40,2207.2,2546.8,2658,0,0,738592.396941642,0,0,0
186291.797847952,40,2174.8,2513.2,2758.8,0,0,738592.396942105,0,0,0
186291.837847019,40,2140.6,2464,2835,0,0,738592.396942568,0,0,0
186291.877846085,40,2124,2421.4,2866.4,0,0,738592.396943031,0,0,0
186291.917845152,40,2120.2,2412.4,2853.2,0,0,738592.396943494,0,0,0
186291.957844218,40,2145.6,2455.2,2795.2,0,0,738592.396943957,0,0,0
186291.997843284,40,2172.4,2486,2687.6,0,0,738592.39694442,0,0,0
186292.037842351,40,2214.4,2531.8,2605.6,0,0,738592.396944883,0,0,0
186292.077841417,40,2279.2,2609,2554,0,0,738592.396945346,0,0,0
186292.117840484,40,2338.4,2643.2,2487.4,0,0,738592.396945808,0,0,0
186292.15783955,40,2383.4,2633.2,2413,0,0,738592.396946271,0,0,0
186292.197838616,40,2410.4,2616.8,2375.4,0,0,738592.396946734,0,0,0
186292.237837683,40,2410.2,2614,2368.6,0,0,738592.396947197,0,0,0
186292.277836749,40,2393.4,2636.8,2402,0,0,738592.39694766,0,0,0
186292.317835816,40,2368.4,2643.2,2438.4,0,0,738592.396948123,0,0,0
186292.357834882,40,2324.2,2623.8,2490,0,0,738592.396948586,0,0,0
186292.397833948,40,2273.8,2580.4,2538.6,0,0,738592.396949049,0,0,0
186292.437833015,40,2214.4,2533.6,2611.8,0,0,738592.396949512,0,0,0
186292.477832081,40,2166.4,2487.8,2717,0,0,738592.396949975,0,0,0
186292.517831148,40,2122.4,2401.4,2771.8,0,0,738592.396950438,0,0,0
186292.557830214,40,2088.2,2318.6,2729.8,0,0,738592.396950901,0,0,0
186292.59782928,40,2068.2,2245.8,2615,0,0,738592.396951364,0,0,0
186292.637828347,40,2057.6,2207.6,2506,0,0,738592.396951827,0,0,0
186292.677827413,40,2056.2,2202.8,2468.2,0,0,738592.39695229,0,0,0
186292.71782648,40,2068.6,2231.2,2509.8,0,0,738592.396952753,0,0,0
186292.757825546,40,2086,2305,2686,0,0,738592.396953216,0,0,0
186292.797824612,40,2121.4,2408.2,2816.2,0,0,738592.396953679,0,0,0
186292.837823679,40,2165,2537,2839,0,0,738592.396954142,0,0,0
186292.877822745,40,2229,2638,2741.8,0,0,738592.396954605,0,0,0
186292.917821812,40,2288.6,2676.2,2610.8,0,0,738592.396955068,0,0,0
186292.957820878,40,2335,2679.4,2517.4,0,0,738592.396955531,0,0,0
186292.997819944,40,2349.2,2667.2,2482.4,0,0,738592.396955993,0,0,0
186293.037819011,40,2330.8,2659.2,2510.2,0,0,738592.396956456,0,0,0
186293.077818077,40,2302.4,2642.4,2540.8,0,0,738592.396956919,0,0,0
186293.117817144,40,2262,2599.8,2585.8,0,0,738592.396957382,0,0,0
186293.15781621,40,2217,2535,2627,0,0,738592.396957845,0,0,0
186293.197815276,40,2168.4,2469.6,2677.2,0,0,738592.396958308,0,0,0
186293.237814343,40,2123.8,2393,2715.4,0,0,738592.396958771,0,0,0
186293.277813409,40,2092.8,2314.6,2687.6,0,0,738592.396959234,0,0,0
186293.317812476,40,2070.8,2250.8,2602.4,0,0,738592.396959697,0,0,0
186293.357811542,40,2057,2213.4,2517.6,0,0,738592.39696016,0,0,0
186293.397810608,40,2062.2,2211.8,2481.4,0,0,738592.396960623,0,0,0
186293.437809675,40,2069.6,2234.4,2510,0,0,738592.396961086,0,0,0
186293.477808741,40,2085.8,2294.2,2647.6,0,0,738592.396961549,0,0,0
186293.517807808,40,2113.6,2380.6,2758,0,0,738592.396962012,0,0,0
186293.557806874,40,2163.4,2500.2,2791.6,0,0,738592.396962475,0,0,0
186293.59780594,40,2223.8,2604.2,2701.8,0,0,738592.396962938,0,0,0
186293.637805007,40,2290.2,2648,2573,0,0,738592.396963401,0,0,0
186293.677804073,40,2344,2640.8,2474.6,0,0,738592.396963864,0,0,0
186293.71780314,40,2364.2,2619.8,2426,0,0,738592.396964327,0,0,0
186293.757802206,40,2362.2,2612,2422.2,0,0,738592.396964789,0,0,0
186293.797801272,40,2334.4,2607.6,2461.2,0,0,738592.396965252,0,0,0
186293.837800339,40,2291.8,2603.8,2516.4,0,0,738592.396965715,0,0,0
186293.877799405,40,2242.6,2576.8,2598.4,0,0,738592.396966178,0,0,0
186293.917798472,40,2192,2529,2693.2,0,0,738592.396966641,0,0,0
186293.957797538,40,2147.4,2441.8,2754,0,0,738592.396967104,0,0,0
186293.997796604,40,2104,2357,2733,0,0,738592.396967567,0,0,0
186294.037795671,40,2084.2,2291.6,2669.2,0,0,738592.39696803,0,0,0
186294.077794737,40,2070.4,2251.2,2599.8,0,0,738592.396968493,0,0,0
186294.117793804,40,2069,2246,2572.6,0,0,738592.396968956,0,0,0
186294.15779287,40,2080.6,2269.6,2580.2,0,0,738592.396969419,0,0,0
186294.197791936,40,2109.8,2340.8,2673,0,0,738592.396969882,0,0,0
186294.237791003,40,2147.4,2449.2,2761.2,0,0,738592.396970345,0,0,0
186294.277790069,40,2194,2563,2750,0,0,738592.396970808,0,0,0
186294.317789136,40,2255.4,2643.6,2664.6,0,0,738592.396971271,0,0,0
186294.357788202,40,2309.4,2668.6,2551.6,0,0,738592.396971734,0,0,0
186294.397787268,40,2350.8,2663,2482.8,0,0,738592.396972197,0,0,0
186294.437786335,40,2353.6,2660.6,2470.4,0,0,738592.39697266,0,0,0
186294.477785401,40,2333.6,2660.2,2502.2,0,0,738592.396973123,0,0,0
186294.517784468,40,2306,2641.2,2543.6,0,0,738592.396973586,0,0,0
186294.557783534,40,2254.2,2588.6,2585,0,0,738592.396974049,0,0,0
186294.5977826,40,2210.6,2521,2621.4,0,0,738592.396974512,0,0,0
186294.637781667,40,2163.2,2460,2687.4,0,0,738592.396974974,0,0,0
186294.677780733,40,2117,2385.2,2748.8,0,0,738592.396975437,0,0,0
186294.7177798,40,2087.6,2308.8,2714.6,0,0,738592.3969759,0,0,0
186294.757778866,40,2065.6,2245,2624.4,0,0,738592.396976363,0,0,0
186294.797777932,40,2051,2205.4,2531.2,0,0,738592.396976826,0,0,0
186294.837776999,40,2051,2189,2473.2,0,0,738592.396977289,0,0,0
186294.877776065,40,2056.6,2205.4,2478,0,0,738592.396977752,0,0,0
186294.917775132,40,2069.4,2241.6,2523.8,0,0,738592.396978215,0,0,0
186294.957774198,40,2093.2,2311.8,2684.8,0,0,738592.396978678,0,0,0
186294.997773264,40,2122.6,2408.6,2805.8,0,0,738592.396979141,0,0,0
186295.037772331,40,2158,2506.4,2838.8,0,0,738592.396979604,0,0,0
186295.077771397,40,2199.4,2585.8,2792.4,0,0,738592.396980067,0,0,0
186295.117770464,40,2233.4,2629.2,2723.6,0,0,738592.39698053,0,0,0
186295.15776953,40,2252.2,2657,2677.6,0,0,738592.396980993,0,0,0
186295.197768596,40,2248.6,2633.4,2675.4,0,0,738592.396981456,0,0,0
186295.237767663,40,2221.4,2582,2675,0,0,738592.396981919,0,0,0
186295.277766729,40,2195.2,2498.6,2641.8,0,0,738592.396982382,0,0,0
186295.317765796,40,2163,2457.8,2674.8,0,0,738592.396982845,0,0,0
186295.357764862,40,2128.6,2406,2745,0,0,738592.396983308,0,0,0
186295.397763928,40,2099.6,2347.2,2749,0,0,738592.396983771,0,0,0
186295.437762995,40,2076.8,2281.6,2687.6,0,0,738592.396984234,0,0,0
186295.477762061,40,2056.2,2226.4,2584.6,0,0,738592.396984697,0,0,0
186295.517761128,40,2051.6,2197.6,2490.4,0,0,738592.396985159,0,0,0
186295.557760194,40,2045.8,2186,2443.8,0,0,738592.396985622,0,0,0
186295.59775926,40,2050.6,2188.4,2434.2,0,0,738592.396986085,0,0,0
186295.637758327,40,2056.6,2212.6,2474.2,0,0,738592.396986548,0,0,0
186295.677757393,40,2080.8,2276.6,2602,0,0,738592.396987011,0,0,0
186295.71775646,40,2110.6,2368.8,2741,0,0,738592.396987474,0,0,0
186295.757755526,40,2157.2,2489.4,2800.4,0,0,738592.396987937,0,0,0
186295.797754592,40,2217,2598,2725.4,0,0,738592.3969884,0,0,0
186295.837753659,40,2279.8,2653.6,2607,0,0,738592.396988863,0,0,0
186295.877752725,40,2329.6,2658.4,2512.8,0,0,738592.396989326,0,0,0
186295.917751792,40,2345.8,2662.8,2482,0,0,738592.396989789,0,0,0
186295.957750858,40,2334,2644.6,2493.4,0,0,738592.396990252,0,0,0
186295.997749924,40,2304.8,2616.4,2517,0,0,738592.396990715,0,0,0
186296.037748991,40,2266.6,2560.4,2527.2,0,0,738592.396991178,0,0,0
186296.077748057,40,2230,2540.4,2578.2,0,0,738592.396991641,0,0,0
186296.117747124,40,2188.8,2520.6,2686.6,0,0,738592.396992104,0,0,0
186296.15774619,40,2149.4,2460.4,2766,0,0,738592.396992567,0,0,0
186296.197745256,40,2112.4,2373,2760.8,0,0,738592.39699303,0,0,0
186296.237744323,40,2080.6,2281,2666.8,0,0,738592.396993493,0,0,0
186296.277743389,40,2055.8,2218,2533,0,0,738592.396993955,0,0,0
186296.317742456,40,2044.6,2171.2,2400.2,0,0,738592.396994418,0,0,0
186296.357741522,40,2036,2142.8,2320.2,0,0,738592.396994881,0,0,0
186296.397740588,40,2038.8,2142.8,2294.8,0,0,738592.396995344,0,0,0
186296.437739655,40,2041.4,2155.2,2332,0,0,738592.396995807,0,0,0
186296.477738721,40,2051.8,2196.2,2446.6,0,0,738592.39699627,0,0,0
186296.517737788,40,2071.2,2254.6,2612.4,0,0,738592.396996733,0,0,0
186296.557736854,40,2104,2357.2,2761.6,0,0,738592.396997196,0,0,0
186296.59773592,40,2144.8,2467.4,2831.6,0,0,738592.396997659,0,0,0
186296.637734987,40,2192.4,2571,2796.4,0,0,738592.396998122,0,0,0
186296.677734053,40,2239,2633.8,2717,0,0,738592.396998585,0,0,0
186296.71773312,40,2254.4,2648.8,2674.2,0,0,738592.396999048,0,0,0
186296.757732186,40,2241.6,2639.4,2701.4,0,0,738592.396999511,0,0,0
186296.797731252,40,2213.2,2601,2732.8,0,0,738592.396999974,0,0,0
186296.837730319,40,2189,2537.2,2740.6,0,0,738592.397000437,0,0,0
186296.877729385,40,2159.2,2454.6,2703,0,0,738592.3970009,0,0,0
186296.917728452,40,2127.2,2386.8,2677.4,0,0,738592.397001363,0,0,0
186296.957727518,40,2101.8,2324.4,2664.8,0,0,738592.397001826,0,0,0
186296.997726584,40,2077,2274.8,2633.4,0,0,738592.397002289,0,0,0
186297.037725651,40,2054.8,2219.6,2558.4,0,0,738592.397002752,0,0,0
186297.077724717,40,2047.4,2183.2,2466,0,0,738592.397003215,0,0,0
186297.117723784,40,2041.6,2159.8,2390.8,0,0,738592.397003678,0,0,0
186297.15772285,40,2042.4,2160.2,2374,0,0,738592.39700414,0,0,0
186297.197721916,40,2049,2181.2,2427.4,0,0,738592.397004603,0,0,0
186297.237720983,40,2065.4,2222.8,2504.6,0,0,738592.397005066,0,0,0
186297.277720049,40,2088.6,2283.6,2593.4,0,0,738592.397005529,0,0,0
186297.317719116,40,2112.2,2366.6,2689.2,0,0,738592.397005992,0,0,0
186297.357718182,40,2144.4,2447.6,2758,0,0,738592.397006455,0,0,0
186297.397717248,40,2172.2,2513,2781,0,0,738592.397006918,0,0,0
186297.437716315,40,2183.8,2545.8,2794.6,0,0,738592.397007381,0,0,0
186297.477715381,40,2170.2,2535,2831,0,0,738592.397007844,0,0,0
186297.517714448,40,2157.4,2515,2865.2,0,0,738592.397008307,0,0,0
186297.557713514,40,2135.8,2466.8,2873.6,0,0,738592.39700877,0,0,0
186297.59771258,40,2120.6,2417.2,2843.4,0,0,738592.397009233,0,0,0
186297.637711647,40,2104,2370,2795.4,0,0,738592.397009696,0,0,0
186297.677710713,40,2093.4,2328.4,2747.2,0,0,738592.397010159,0,0,0
186297.71770978,40,2085.4,2295.8,2681.6,0,0,738592.397010622,0,0,0
186297.757708846,40,2081.8,2282,2641.2,0,0,738592.397011085,0,0,0
186297.797707912,40,2083.2,2284.4,2631.8,0,0,738592.397011548,0,0,0
186297.837706979,40,2083.6,2287.2,2633.8,0,0,738592.397012011,0,0,0
186297.877706045,40,2085,2290.4,2631.4,0,0,738592.397012474,0,0,0
186297.917705112,40,2078.8,2281.4,2633.8,0,0,738592.397012937,0,0,0
186297.957704178,40,2081.2,2278.6,2636.8,0,0,738592.3970134,0,0,0
186297.997703244,40,2075.4,2275,2644,0,0,738592.397013863,0,0,0
186298.037702311,40,2076.2,2273.8,2653.6,0,0,738592.397014325,0,0,0
186298.077701377,40,2073.2,2270,2658.8,0,0,738592.397014788,0,0,0
186298.117700444,40,2071,2269.4,2658.2,0,0,738592.397015251,0,0,0
186298.15769951,40,2072.6,2263.8,2652.2,0,0,738592.397015714,0,0,0
186298.197698576,40,2069.8,2260,2649.6,0,0,738592.397016177,0,0,0
186298.237697643,40,2066.8,2258.2,2640.6,0,0,738592.39701664,0,0,0
186298.277696709,40,2069.4,2253.2,2628.2,0,0,738592.397017103,0,0,0
186298.317695776,40,2064.6,2251.2,2614.8,0,0,738592.397017566,0,0,0
186298.357694842,40,2068.2,2246.8,2603,0,0,738592.397018029,0,0,0
186298.397693908,40,2068.2,2241.8,2584.4,0,0,738592.397018492,0,0,0
186298.437692975,40,2064,2241.8,2577.8,0,0,738592.397018955,0,0,0
186298.477692041,40,2063.4,2237.2,2575,0,0,738592.397019418,0,0,0
186298.517691108,40,2066.6,2237.8,2570.8,0,0,738592.397019881,0,0,0
186298.557690174,40,2060.8,2227.6,2564.2,0,0,738592.397020344,0,0,0
186298.59768924,40,2055.4,2227.4,2568.6,0,0,738592.397020807,0,0,0
186298.637688307,40,2065.6,2226.2,2562.8,0,0,738592.39702127,0,0,0
186298.677687373,40,2060,2218.4,2558,0,0,738592.397021733,0,0,0
186298.71768644,40,2061,2219.8,2546.8,0,0,738592.397022196,0,0,0
186298.757685506,40,2059.4,2220.2,2545.6,0,0,738592.397022658,0,0,0
186298.797684572,40,2056.2,2218,2541.2,0,0,738592.397023121,0,0,0
186298.837683639,40,2054.8,2213.4,2530.6,0,0,738592.397023584,0,0,0
186298.877682705,40,2052.6,2211.2,2526.8,0,0,738592.397024047,0,0,0
186298.917681772,40,2055,2210.6,2518,0,0,738592.39702451,0,0,0
186298.957680838,40,2052.8,2207.4,2507.4,0,0,738592.397024973,0,0,0
186298.997679904,40,2050.4,2202,2497.6,0,0,738592.397025436,0,0,0
186299.037678971,40,2050.8,2198.2,2490.6,0,0,738592.397025899,0,0,0
186299.077678037,40,2052.6,2199.2,2486.2,0,0,738592.397026362,0,0,0
186299.117677104,40,2052.8,2198.6,2474.6,0,0,738592.397026825,0,0,0
186299.15767617,40,2051,2195,2469.6,0,0,738592.397027288,0,0,0
186299.197675236,40,2051.6,2191.4,2469.2,0,0,738592.397027751,0,0,0
186299.237674303,40,2051,2189.4,2458,0,0,738592.397028214,0,0,0
186299.277673369,40,2046.8,2186.8,2454.4,0,0,738592.397028677,0,0,0
186299.317672436,40,2046.4,2187.6,2454,0,0,738592.39702914,0,0,0
186299.358671479,41,2049.4,2176.8,2446.4,0,0,738592.397029614,0,0,0
186299.398670545,40,2046.4,2181,2438.6,0,0,738592.397030077,0,0,0
186299.438669611,40,2046.2,2184.8,2428.2,0,0,738592.39703054,0,0,0
186299.478668678,40,2045.4,2178.2,2422.8,0,0,738592.397031003,0,0,0
186299.518667744,40,2045.2,2177.2,2416.6,0,0,738592.397031466,0,0,0
186299.558666811,40,2046.4,2172.6,2412.4,0,0,738592.397031929,0,0,0
186299.598665877,40,2042.4,2169.8,2407.8,0,0,738592.397032392,0,0,0
186299.638664943,40,2044.2,2166.2,2401.6,0,0,738592.397032855,0,0,0
186299.67866401,40,2039.2,2169.4,2397.2,0,0,738592.397033318,0,0,0
186299.718663076,40,2042.6,2167.8,2392.8,0,0,738592.397033781,0,0,0
186299.758662143,40,2040.6,2163.2,2383.8,0,0,738592.397034244,0,0,0
186299.798661209,40,2039,2159.6,2377.8,0,0,738592.397034707,0,0,0
186299.838660275,40,2043.2,2161.8,2370.6,0,0,738592.39703517,0,0,0
186299.879659318,41,2040,2160.6,2372.2,0,0,738592.397035644,0,0,0
186299.919658385,40,2035.8,2157,2367.2,0,0,738592.397036107,0,0,0
186299.959657451,40,2042,2156,2353.2,0,0,738592.39703657,0,0,0
186299.999656518,40,2038,2155.8,2350,0,0,738592.397037033,0,0,0
186300.039655584,40,2040.2,2153.4,2347.2,0,0,738592.397037496,0,0,0
186300.079654651,40,2037.8,2147,2340.4,0,0,738592.397037959,0,0,0
186300.119653717,40,2040,2147.4,2337.2,0,0,738592.397038422,0,0,0
186300.159652783,40,2039,2145.2,2326.6,0,0,738592.397038885,0,0,0
186300.19965185,40,2037.8,2152,2330.8,0,0,738592.397039348,0,0,0
186300.239650916,40,2036.4,2145.4,2327.2,0,0,738592.397039811,0,0,0
186300.279649982,40,2035.8,2146.2,2313.4,0,0,738592.397040274,0,0,0
