69952.4342720762,40,2027,2125.8,2267.4,0,0,738600.682973776,0,0,0
69952.4742711426,40,2033,2126.8,2259.4,0,0,738600.682974239,0,0,0
69952.514270209,40,2026.6,2125.6,2259.6,0,0,738600.682974702,0,0,0
69952.5542692754,40,2034.4,2127.2,2259.2,0,0,738600.682975165,0,0,0
69952.5942683418,40,2029,2123,2252.8,0,0,738600.682975628,0,0,0
69952.6342674082,40,2027.8,2117,2247.8,0,0,738600.682976091,0,0,0
69952.6742664746,40,2027,2120.2,2248.8,0,0,738600.682976554,0,0,0
69952.714265541,40,2032.2,2119.4,2245,0,0,738600.682977017,0,0,0
69952.7542646074,40,2028,2117.6,2244.2,0,0,738600.68297748,0,0,0
69952.7942636738,40,2031.4,2120.4,2236,0,0,738600.682977943,0,0,0
69952.8342627402,40,2030.6,2119.8,2233,0,0,738600.682978406,0,0,0
69952.8742618066,40,2026.6,2117.4,2230,0,0,738600.682978868,0,0,0
69952.914260873,40,2029.6,2114.4,2228.6,0,0,738600.682979331,0,0,0
69952.9542599394,40,2029.4,2112,2225.6,0,0,738600.682979794,0,0,0
69952.9942590058,40,2026.2,2120.4,2222.6,0,0,738600.682980257,0,0,0
69953.0342580722,40,2026,2112.6,2217.8,0,0,738600.68298072,0,0,0
69953.0742571386,40,2022.2,2108.6,2218.2,0,0,738600.682981183,0,0,0
69953.114256205,40,2025.2,2111.2,2211.6,0,0,738600.682981646,0,0,0
69953.1542552714,40,2024.4,2109.4,2208.6,0,0,738600.682982109,0,0,0
69953.1942543378,40,2026.8,2109.8,2206.2,0,0,738600.682982572,0,0,0
69953.2342534042,40,2024.6,2109.4,2205.8,0,0,738600.682983035,0,0,0
69953.2742524706,40,2025.6,2108.8,2205.8,0,0,738600.682983498,0,0,0
69953.314251537,40,2019,2105,2203.6,0,0,738600.682983961,0,0,0
69953.3542506034,40,2019.8,2105.4,2196.8,0,0,738600.682984424,0,0,0
69953.3942496698,40,2020.4,2103.6,2197.8,0,0,738600.682984887,0,0,0
69953.4342487362,40,2022.4,2102,2193.6,0,0,738600.68298535,0,0,0
69953.4742478026,40,2020.2,2099.4,2190.6,0,0,738600.682985813,0,0,0
69953.514246869,40,2021,2100.2,2186,0,0,738600.682986276,0,0,0
69953.5542459354,40,2020.4,2102.4,2183.8,0,0,738600.682986739,0,0,0
69953.5942450018,40,2017.8,2096.6,2185.6,0,0,738600.682987202,0,0,0
69953.6342440682,40,2020.4,2105.2,2182.8,0,0,738600.682987665,0,0,0
69953.6742431346,40,2023.6,2095.8,2180.6,0,0,738600.682988127,0,0,0
69953.714242201,40,2016.8,2098.6,2176,0,0,738600.68298859,0,0,0
69953.7542412674,40,2015,2093.6,2171.2,0,0,738600.682989053,0,0,0
69953.7942403338,40,2018,2094.4,2169.4,0,0,738600.682989516,0,0,0
69953.8342394002,40,2019.2,2092.4,2172.8,0,0,738600.682989979,0,0,0
69953.8742384666,40,2023,2097.4,2165.4,0,0,738600.682990442,0,0,0
69953.914237533,40,2017.6,2097,2170.6,0,0,738600.682990905,0,0,0
69953.9542365994,40,2018.8,2096.4,2162.8,0,0,738600.682991368,0,0,0
69953.9942356658,40,2017.4,2098,2161,0,0,738600.682991831,0,0,0
69954.0342347322,40,2017.2,2093,2161.6,0,0,738600.682992294,0,0,0
69954.0742337986,40,2014.4,2091.8,2157.2,0,0,738600.682992757,0,0,0
69954.114232865,40,2014,2089.4,2152.6,0,0,738600.68299322,0,0,0
69954.1542319314,40,2017,2084.8,2154.8,0,0,738600.682993683,0,0,0
69954.1942309978,40,2013.2,2091.6,2152.4,0,0,738600.682994146,0,0,0
69954.2342300642,40,2019.2,2092.4,2152,0,0,738600.682994609,0,0,0
69954.2742291306,40,2015.4,2086,2146,0,0,738600.682995072,0,0,0
69954.314228197,40,2017.6,2088.4,2146.6,0,0,738600.682995535,0,0,0
69954.3542272634,40,2016.4,2090,2142,0,0,738600.682995998,0,0,0
69954.3942263298,40,2014.2,2086.6,2145,0,0,738600.682996461,0,0,0
69954.4342253962,40,2018.2,2089.8,2140.2,0,0,738600.682996924,0,0,0
69954.4742244626,40,2014,2087.8,2139,0,0,738600.682997387,0,0,0
69954.514223529,40,2016.2,2083.4,2139.4,0,0,738600.68299785,0,0,0
69954.5542225954,40,2011.6,2086,2138.6,0,0,738600.682998312,0,0,0
69954.5942216618,40,2015.4,2089.4,2133.8,0,0,738600.682998775,0,0,0
69954.6342207282,40,2016.8,2087.6,2133,0,0,738600.682999238,0,0,0
69954.6742197946,40,2014.4,2082.6,2134.2,0,0,738600.682999701,0,0,0
69954.714218861,40,2014.4,2082.8,2134.2,0,0,738600.683000164,0,0,0
69954.7542179274,40,2012.8,2084,2131.8,0,0,738600.683000627,0,0,0
69954.7942169938,40,2020,2086,2131,0,0,738600.68300109,0,0,0
69954.8342160602,40,2012.4,2083.6,2129.8,0,0,738600.683001553,0,0,0
69954.8742151266,40,2014.6,2085.4,2131.2,0,0,738600.683002016,0,0,0
69954.914214193,40,2014.8,2084,2123.2,0,0,738600.683002479,0,0,0
69954.9542132594,40,2015.4,2081.6,2127.6,0,0,738600.683002942,0,0,0
69954.9942123258,40,2019.4,2082.4,2126.2,0,0,738600.683003405,0,0,0
69955.0342113922,40,2015.6,2084.8,2125.2,0,0,738600.683003868,0,0,0
69955.0742104586,40,2014,2083.6,2120.6,0,0,738600.683004331,0,0,0
69955.114209525,40,2016,2085.8,2119.2,0,0,738600.683004794,0,0,0
69955.1542085914,40,2014.6,2077,2122.6,0,0,738600.683005257,0,0,0
69955.1942076578,40,2015.2,2084.4,2118,0,0,738600.68300572,0,0,0
69955.2342067242,40,2010.2,2081.4,2114.6,0,0,738600.683006183,0,0,0
69955.2742057906,40,2008,2079.4,2118.4,0,0,738600.683006646,0,0,0
69955.314204857,40,2011.4,2079.2,2116.4,0,0,738600.683007109,0,0,0
69955.3542039234,40,2016.2,2083,2112,0,0,738600.683007571,0,0,0
69955.3942029898,40,2012.4,2079.6,2109.4,0,0,738600.683008034,0,0,0
69955.4342020562,40,2014.4,2081.8,2110.6,0,0,738600.683008497,0,0,0
69955.4742011226,40,2014.8,2079.2,2106.8,0,0,738600.68300896,0,0,0
69955.514200189,40,2014.4,2079.2,2109,0,0,738600.683009423,0,0,0
69955.5541992554,40,2017.8,2077.2,2100.6,0,0,738600.683009886,0,0,0
69955.5941983218,40,2012.2,2073.8,2105.8,0,0,738600.683010349,0,0,0
69955.6341973882,40,2015.4,2076.4,2105.2,0,0,738600.683010812,0,0,0
69955.6741964546,40,2011.6,2076,2106,0,0,738600.683011275,0,0,0
69955.714195521,40,2012.2,2079,2105.2,0,0,738600.683011738,0,0,0
69955.7541945874,40,2011.6,2072,2098.6,0,0,738600.683012201,0,0,0
69955.7941936538,40,2010.6,2074.2,2096.2,0,0,738600.683012664,0,0,0
69955.8341927202,40,2012.2,2069.8,2099,0,0,738600.683013127,0,0,0
69955.8741917866,40,2008.8,2074.6,2092.2,0,0,738600.68301359,0,0,0
69955.914190853,40,2017,2076.8,2095,0,0,738600.683014053,0,0,0
69955.9541899194,40,2012.2,2071.2,2093.4,0,0,738600.683014516,0,0,0
69955.9941889858,40,2011.8,2078.8,2095.8,0,0,738600.683014979,0,0,0
69956.0341880522,40,2013.2,2077.8,2096.2,0,0,738600.683015442,0,0,0
69956.0741871186,40,2017.6,2083,2099,0,0,738600.683015905,0,0,0
69956.114186185,40,2009,2084.8,2115,0,0,738600.683016368,0,0,0
69956.1541852514,40,2023.2,2087.6,2133.4,0,0,738600.683016831,0,0,0
69956.1941843178,40,2023,2101.4,2173.4,0,0,738600.683017293,0,0,0
69956.2341833842,40,2027.4,2120.8,2239,0,0,738600.683017756,0,0,0
69956.2741824506,40,2037,2152.6,2312.6,0,0,738600.683018219,0,0,0
69956.314181517,40,2048.2,2184,2393.6,0,0,738600.683018682,0,0,0
69956.3541805834,40,2061,2209.6,2456.6,0,0,738600.683019145,0,0,0
69956.3941796498,40,2070.6,2231.2,2489.2,0,0,738600.683019608,0,0,0
69956.4341787162,40,2076.6,2239.2,2496.2,0,0,738600.683020071,0,0,0
69956.4741777826,40,2069,2230.2,2488.4,0,0,738600.683020534,0,0,0
69956.514176849,40,2063.6,2218.8,2486.6,0,0,738600.683020997,0,0,0
69956.5541759154,40,2058.6,2204.6,2475.6,0,0,738600.68302146,0,0,0
69956.5941749818,40,2050.4,2199.2,2475,0,0,738600.683021923,0,0,0
69956.6341740482,40,2049.2,2181,2449.6,0,0,738600.683022386,0,0,0
69956.6741731146,40,2039.8,2165.6,2396.6,0,0,738600.683022849,0,0,0
69956.714172181,40,2033.6,2142.8,2324.2,0,0,738600.683023312,0,0,0
69956.7541712474,40,2029.2,2116,2248.6,0,0,738600.683023775,0,0,0
69956.7941703138,40,2021.2,2091.8,2175.8,0,0,738600.683024238,0,0,0
69956.8341693802,40,2016.8,2079.8,2123.6,0,0,738600.683024701,0,0,0
69956.8741684466,40,2009.8,2072.8,2092.6,0,0,738600.683025164,0,0,0
69956.914167513,40,2014.8,2070,2069,0,0,738600.683025627,0,0,0
69956.9541665794,40,2008,2064.4,2060.4,0,0,738600.68302609,0,0,0
69956.9941656458,40,2006,2064.2,2064.4,0,0,738600.683026553,0,0,0
69957.0341647122,40,2009.8,2064.4,2067.2,0,0,738600.683027016,0,0,0
69957.0741637786,40,2008.4,2070.2,2091.4,0,0,738600.683027478,0,0,0
69957.114162845,40,2017.8,2080.8,2120.2,0,0,738600.683027941,0,0,0
69957.1541619114,40,2023.6,2100,2161.2,0,0,738600.683028404,0,0,0
69957.1941609778,40,2024.2,2115,2219.8,0,0,738600.683028867,0,0,0
69957.2341600442,40,2037.4,2136.2,2282.2,0,0,738600.68302933,0,0,0
69957.2741591106,40,2042.2,2156.6,2333,0,0,738600.683029793,0,0,0
69957.314158177,40,2047.8,2165.4,2364.2,0,0,738600.683030256,0,0,0
69957.3541572434,40,2045,2160.2,2368.4,0,0,738600.683030719,0,0,0
69957.3941563098,40,2043.4,2152.8,2350.6,0,0,738600.683031182,0,0,0
69957.4341553762,40,2036.8,2148.4,2331.8,0,0,738600.683031645,0,0,0
69957.4741544426,40,2039,2144,2328,0,0,738600.683032108,0,0,0
69957.514153509,40,2039.2,2147.2,2325,0,0,738600.683032571,0,0,0
69957.5541525754,40,2037.4,2144.4,2321,0,0,738600.683033034,0,0,0
69957.5941516418,40,2036.2,2143.6,2314.8,0,0,738600.683033497,0,0,0
69957.6341507082,40,2035.6,2141,2313,0,0,738600.68303396,0,0,0
69957.6741497746,40,2034.8,2139,2307.8,0,0,738600.683034423,0,0,0
69957.714148841,40,2035.6,2141.2,2304.8,0,0,738600.683034886,0,0,0
69957.7541479074,40,2033,2139,2301.6,0,0,738600.683035349,0,0,0
69957.7941469738,40,2030.2,2134,2294.4,0,0,738600.683035812,0,0,0
69957.8341460402,40,2030.4,2132,2290.8,0,0,738600.683036275,0,0,0
69957.8741451066,40,2035.8,2133.6,2286.6,0,0,738600.683036737,0,0,0
69957.914144173,40,2034.4,2133,2278.4,0,0,738600.6830372,0,0,0
69957.9541432394,40,2034.4,2132.6,2277.4,0,0,738600.683037663,0,0,0
69957.9941423058,40,2030.4,2128.8,2269.2,0,0,738600.683038126,0,0,0
69958.0341413722,40,2033,2129,2265.8,0,0,738600.683038589,0,0,0
69958.0741404386,40,2032.2,2125.4,2262.2,0,0,738600.683039052,0,0,0
69958.114139505,40,2029.2,2121.6,2263.4,0,0,738600.683039515,0,0,0
69958.1541385714,40,2027.6,2119.4,2256.2,0,0,738600.683039978,0,0,0
69958.1941376378,40,2031.6,2125.6,2255.2,0,0,738600.683040441,0,0,0
69958.2341367042,40,2026.4,2117.2,2251.4,0,0,738600.683040904,0,0,0
69958.2741357706,40,2029.2,2119.8,2245.8,0,0,738600.683041367,0,0,0
69958.314134837,40,2026,2117.6,2241.6,0,0,738600.68304183,0,0,0
69958.3541339034,40,2028.2,2117,2235.2,0,0,738600.683042293,0,0,0
69958.3941329698,40,2023.6,2115.6,2231.8,0,0,738600.683042756,0,0,0
69958.4341320362,40,2027.6,2114.2,2228.8,0,0,738600.683043219,0,0,0
69958.4741311026,40,2025,2112.6,2226.6,0,0,738600.683043682,0,0,0
69958.514130169,40,2023.6,2116.4,2222.8,0,0,738600.683044145,0,0,0
69958.5541292354,40,2025.6,2113.2,2216.6,0,0,738600.683044608,0,0,0
69958.5941283018,40,2026,2107.2,2210.6,0,0,738600.683045071,0,0,0
69958.6341273682,40,2025.4,2113.4,2211.8,0,0,738600.683045534,0,0,0
69958.6741264346,40,2021.4,2109.4,2207.8,0,0,738600.683045997,0,0,0
69958.714125501,40,2030.8,2109.2,2199.4,0,0,738600.683046459,0,0,0
69958.7541245674,40,2022.2,2107.8,2198.6,0,0,738600.683046922,0,0,0
69958.7941236338,40,2026.8,2105.8,2192.8,0,0,738600.683047385,0,0,0
69958.8341227002,40,2024.4,2100.2,2191,0,0,738600.683047848,0,0,0
69958.8741217666,40,2018.8,2100,2188.2,0,0,738600.683048311,0,0,0
69958.914120833,40,2019.2,2098,2184.4,0,0,738600.683048774,0,0,0
69958.9541198994,40,2028.6,2102.2,2181.6,0,0,738600.683049237,0,0,0
69958.9941189658,40,2017.8,2099.4,2175,0,0,738600.6830497,0,0,0
69959.0341180322,40,2020.2,2094.8,2175,0,0,738600.683050163,0,0,0
69959.0741170986,40,2023.8,2099.4,2168.6,0,0,738600.683050626,0,0,0
69959.114116165,40,2020.8,2094.6,2165.2,0,0,738600.683051089,0,0,0
69959.1541152314,40,2024.2,2095.2,2161.6,0,0,738600.683051552,0,0,0
69959.1941142978,40,2018.8,2090.2,2158.4,0,0,738600.683052015,0,0,0
69959.2341133642,40,2021.6,2090.4,2159.4,0,0,738600.683052478,0,0,0
69959.2741124306,40,2018.4,2089.6,2153.8,0,0,738600.683052941,0,0,0
69959.314111497,40,2017.8,2093.8,2154.4,0,0,738600.683053404,0,0,0
69959.3541105634,40,2015.6,2094,2151.4,0,0,738600.683053867,0,0,0
69959.3941096298,40,2018.4,2091.6,2150,0,0,738600.68305433,0,0,0
69959.4341086962,40,2014,2088.8,2151.2,0,0,738600.683054793,0,0,0
69959.4741077626,40,2019,2085.8,2147,0,0,738600.683055256,0,0,0
69959.514106829,40,2013.4,2083,2142,0,0,738600.683055719,0,0,0
69959.5541058954,40,2017.4,2084,2136.2,0,0,738600.683056182,0,0,0
69959.5941049618,40,2016.2,2083.6,2136.4,0,0,738600.683056644,0,0,0
69959.6341040282,40,2017.4,2083.6,2131.6,0,0,738600.683057107,0,0,0
69959.6741030946,40,2016,2086.6,2134,0,0,738600.68305757,0,0,0
69959.714102161,40,2012.4,2084.8,2138.8,0,0,738600.683058033,0,0,0
69959.7541012274,40,2023.6,2090.2,2142.4,0,0,738600.683058496,0,0,0
69959.7941002938,40,2022.6,2096.2,2166.4,0,0,738600.683058959,0,0,0
69959.8340993602,40,2023.2,2106.2,2195,0,0,738600.683059422,0,0,0
69959.8740984266,40,2033,2124.6,2241.6,0,0,738600.683059885,0,0,0
69959.914097493,40,2039.8,2136.6,2302,0,0,738600.683060348,0,0,0
69959.9540965594,40,2041.2,2152,2352.4,0,0,738600.683060811,0,0,0
69959.9940956258,40,2040.6,2163.6,2390.4,0,0,738600.683061274,0,0,0
69960.0340946922,40,2043.6,2161.8,2392.8,0,0,738600.683061737,0,0,0
69960.0740937586,40,2041,2151.6,2370.4,0,0,738600.6830622,0,0,0
69960.114092825,40,2040.2,2143.8,2343.4,0,0,738600.683062663,0,0,0
69960.1540918914,40,2028.2,2132.6,2307.4,0,0,738600.683063126,0,0,0
69960.1940909578,40,2028,2118.4,2249.6,0,0,738600.683063589,0,0,0
69960.2340900242,40,2022.4,2100.8,2192.4,0,0,738600.683064052,0,0,0
69960.2740890906,40,2016.8,2089.4,2142,0,0,738600.683064515,0,0,0
69960.314088157,40,2013.6,2072,2103.8,0,0,738600.683064978,0,0,0
69960.3540872234,40,2012.8,2071.4,2083.4,0,0,738600.683065441,0,0,0
69960.3940862898,40,2010.8,2067.2,2071.2,0,0,738600.683065903,0,0,0
69960.4340853562,40,2009.8,2064.6,2069.4,0,0,738600.683066366,0,0,0
69960.4740844226,40,2009.6,2069.4,2075.4,0,0,738600.683066829,0,0,0
69960.514083489,40,2010.6,2070.6,2084.8,0,0,738600.683067292,0,0,0
69960.5540825554,40,2011.2,2074.2,2095.6,0,0,738600.683067755,0,0,0
69960.5940816218,40,2012.4,2074.4,2102.4,0,0,738600.683068218,0,0,0
69960.6340806882,40,2013.4,2073.4,2104.2,0,0,738600.683068681,0,0,0
69960.6740797546,40,2013.8,2077.8,2110,0,0,738600.683069144,0,0,0
69960.714078821,40,2007.2,2075.2,2106.8,0,0,738600.683069607,0,0,0
69960.7540778874,40,2012.4,2075.2,2099,0,0,738600.68307007,0,0,0
69960.7940769538,40,2009,2075.8,2104,0,0,738600.683070533,0,0,0
69960.8340760202,40,2011.2,2078.8,2096.6,0,0,738600.683070996,0,0,0
69960.8740750866,40,2013.8,2080.4,2100,0,0,738600.683071459,0,0,0
69960.914074153,40,2014.6,2077,2101,0,0,738600.683071922,0,0,0
69960.9540732194,40,2009.4,2076.8,2097.8,0,0,738600.683072385,0,0,0
69960.9940722858,40,2010,2077.6,2096.8,0,0,738600.683072848,0,0,0
69961.0340713522,40,2013.6,2072,2097.6,0,0,738600.683073311,0,0,0
69961.0740704186,40,2009,2076.8,2098.6,0,0,738600.683073774,0,0,0
69961.114069485,40,2009.2,2071.4,2090,0,0,738600.683074237,0,0,0
69961.1540685514,40,2010.2,2068.2,2089.8,0,0,738600.6830747,0,0,0
69961.1940676178,40,2009,2072.2,2089.6,0,0,738600.683075162,0,0,0
69961.2340666842,40,2011,2072,2088.4,0,0,738600.683075625,0,0,0
69961.2740657506,40,2015.2,2072.6,2084.2,0,0,738600.683076088,0,0,0
69961.314064817,40,2007.2,2067.8,2091.4,0,0,738600.683076551,0,0,0
69961.3540638834,40,2012.6,2077.2,2084.6,0,0,738600.683077014,0,0,0
69961.3940629498,40,2009.2,2070.4,2083,0,0,738600.683077477,0,0,0
69961.4340620162,40,2008,2073,2085.2,0,0,738600.68307794,0,0,0
69961.4740610826,40,2011.2,2067,2077.8,0,0,738600.683078403,0,0,0
69961.514060149,40,2008,2070.2,2081.2,0,0,738600.683078866,0,0,0
69961.5540592154,40,2010.8,2071.6,2085.6,0,0,738600.683079329,0,0,0
69961.5940582818,40,2010.8,2070.6,2080.4,0,0,738600.683079792,0,0,0
69961.6340573482,40,2011.8,2068.4,2082.2,0,0,738600.683080255,0,0,0
69961.6740564146,40,2008.4,2067.6,2080.2,0,0,738600.683080718,0,0,0
69961.714055481,40,2008.8,2069.2,2073.6,0,0,738600.683081181,0,0,0
69961.7540545474,40,2014.8,2068.8,2079.6,0,0,738600.683081644,0,0,0
69961.7940536138,40,2007.8,2067.2,2078.2,0,0,738600.683082107,0,0,0
69961.8340526802,40,2005,2069,2076.6,0,0,738600.68308257,0,0,0
69961.8740517466,40,2008,2074.2,2080.2,0,0,738600.683083033,0,0,0
69961.914050813,40,2006.6,2065.4,2079,0,0,738600.683083496,0,0,0
69961.9540498794,40,2011.8,2069.6,2076.6,0,0,738600.683083959,0,0,0
69961.9940489458,40,2010.2,2064,2076.2,0,0,738600.683084422,0,0,0
69962.0340480122,40,2011.8,2070.8,2081.6,0,0,738600.683084885,0,0,0
69962.0740470786,40,2011.8,2072,2092,0,0,738600.683085347,0,0,0
69962.114046145,40,2014.4,2078.4,2113,0,0,738600.68308581,0,0,0
69962.1540452114,40,2014.2,2089.4,2139,0,0,738600.683086273,0,0,0
69962.1940442778,40,2024.2,2101.8,2179.8,0,0,738600.683086736,0,0,0
69962.2340433442,40,2028.4,2116.2,2230,0,0,738600.683087199,0,0,0
69962.2740424106,40,2038.2,2136.2,2286.8,0,0,738600.683087662,0,0,0
69962.314041477,40,2042,2150.6,2333.4,0,0,738600.683088125,0,0,0
69962.3540405434,40,2046.8,2170,2374.6,0,0,738600.683088588,0,0,0
69962.3940396098,40,2046.6,2171.2,2390.8,0,0,738600.683089051,0,0,0
69962.4340386762,40,2046.2,2169.6,2396,0,0,738600.683089514,0,0,0
69962.4740377426,40,2042.8,2162.6,2381.8,0,0,738600.683089977,0,0,0
69962.514036809,40,2040.8,2158.4,2376,0,0,738600.68309044,0,0,0
69962.5540358754,40,2040.2,2157.2,2369.8,0,0,738600.683090903,0,0,0
69962.5940349418,40,2039,2152.8,2354.8,0,0,738600.683091366,0,0,0
69962.6340340082,40,2034.6,2147.2,2347.6,0,0,738600.683091829,0,0,0
69962.6740330746,40,2037,2139,2312.4,0,0,738600.683092292,0,0,0
69962.714032141,40,2031,2126.4,2272.2,0,0,738600.683092755,0,0,0
69962.7540312074,40,2027.4,2112.6,2217.8,0,0,738600.683093218,0,0,0
69962.7940302738,40,2015.4,2101.4,2175.8,0,0,738600.683093681,0,0,0
69962.8340293402,40,2016.6,2087.8,2137.4,0,0,738600.683094144,0,0,0
69962.8740284066,40,2011.6,2071.2,2101.6,0,0,738600.683094607,0,0,0
69962.914027473,40,2011.4,2069.8,2080.4,0,0,738600.683095069,0,0,0
69962.9540265394,40,2010.2,2075,2080.8,0,0,738600.683095532,0,0,0
69962.9940256058,40,2008.2,2078.6,2105.4,0,0,738600.683095995,0,0,0
69963.0340246722,40,2014.6,2085.4,2137.8,0,0,738600.683096458,0,0,0
69963.0740237386,40,2023.8,2103.2,2190.8,0,0,738600.683096921,0,0,0
69963.114022805,40,2030.8,2121,2239.4,0,0,738600.683097384,0,0,0
69963.1540218714,40,2038.8,2140.2,2305.2,0,0,738600.683097847,0,0,0
69963.1940209378,40,2039.8,2155.2,2356.2,0,0,738600.68309831,0,0,0
69963.2340200042,40,2044.6,2164,2404.6,0,0,738600.683098773,0,0,0
69963.2740190706,40,2045.4,2173.8,2420.2,0,0,738600.683099236,0,0,0
69963.314018137,40,2041.6,2159.4,2397.4,0,0,738600.683099699,0,0,0
69963.3540172034,40,2039,2151.4,2369.4,0,0,738600.683100162,0,0,0
69963.3940162698,40,2033.4,2140,2335.8,0,0,738600.683100625,0,0,0
69963.4340153362,40,2032.4,2124.4,2276.8,0,0,738600.683101088,0,0,0
69963.4740144026,40,2025.8,2107,2216.2,0,0,738600.683101551,0,0,0
69963.514013469,40,2017.2,2093.2,2159.2,0,0,738600.683102014,0,0,0
69963.5540125354,40,2013.4,2084.2,2128,0,0,738600.683102477,0,0,0
69963.5940116018,40,2014.2,2085.2,2117.2,0,0,738600.68310294,0,0,0
69963.6340106682,40,2016.6,2088.4,2141.6,0,0,738600.683103403,0,0,0
69963.6740097346,40,2023,2103.2,2178.6,0,0,738600.683103866,0,0,0
69963.714008801,40,2030,2120.8,2228.4,0,0,738600.683104328,0,0,0
69963.7540078674,40,2036.2,2139.4,2293.8,0,0,738600.683104791,0,0,0
69963.7940069338,40,2043.2,2156.4,2357.2,0,0,738600.683105254,0,0,0
69963.8340060002,40,2045.2,2175.4,2415.8,0,0,738600.683105717,0,0,0
69963.8740050666,40,2050.6,2186,2446.2,0,0,738600.68310618,0,0,0
69963.914004133,40,2045.8,2184,2460.8,0,0,738600.683106643,0,0,0
69963.9540031994,40,2046,2182.8,2453.2,0,0,738600.683107106,0,0,0
69963.9940022658,40,2048.8,2175.4,2430.4,0,0,738600.683107569,0,0,0
69964.0340013322,40,2047.6,2174,2431.2,0,0,738600.683108032,0,0,0
69964.0740003986,40,2046.8,2168,2425,0,0,738600.683108495,0,0,0
69964.113999465,40,2041.6,2161.8,2412.6,0,0,738600.683108958,0,0,0
69964.1539985314,40,2039.8,2166,2403.8,0,0,738600.683109421,0,0,0
69964.1939975978,40,2043.6,2166,2395,0,0,738600.683109884,0,0,0
69964.2339966642,40,2043.2,2161.2,2381.4,0,0,738600.683110347,0,0,0
69964.2739957306,40,2041.2,2159.8,2379.2,0,0,738600.68311081,0,0,0
69964.313994797,40,2042.2,2157.6,2376.2,0,0,738600.683111273,0,0,0
69964.3539938634,40,2037.6,2154.8,2373.2,0,0,738600.683111736,0,0,0
69964.3939929298,40,2038.8,2153.8,2362.8,0,0,738600.683112199,0,0,0
69964.4339919962,40,2040.8,2149,2356.8,0,0,738600.683112662,0,0,0
69964.4739910626,40,2035.6,2148.8,2358.8,0,0,738600.683113125,0,0,0
69964.513990129,40,2039.8,2142.8,2349.4,0,0,738600.683113588,0,0,0
69964.5539891954,40,2038.4,2145.4,2339.2,0,0,738600.683114051,0,0,0
69964.5939882618,40,2032.4,2143.4,2340.4,0,0,738600.683114513,0,0,0
69964.6339873282,40,2036.2,2142.2,2329.4,0,0,738600.683114976,0,0,0
69964.6739863946,40,2035.8,2141.8,2321.4,0,0,738600.683115439,0,0,0
69964.713985461,40,2031.6,2138,2316.2,0,0,738600.683115902,0,0,0
69964.7539845274,40,2031.4,2133,2314.6,0,0,738600.683116365,0,0,0
69964.7939835938,40,2033.6,2137.8,2307,0,0,738600.683116828,0,0,0
69964.8339826602,40,2037.2,2137,2303.4,0,0,738600.683117291,0,0,0
69964.8739817266,40,2032.8,2138,2295.8,0,0,738600.683117754,0,0,0
69964.913980793,40,2035.2,2133.2,2297,0,0,738600.683118217,0,0,0
69964.9539798594,40,2033.8,2137.2,2308.6,0,0,738600.68311868,0,0,0
69964.9939789258,40,2039.6,2153.4,2339,0,0,738600.683119143,0,0,0
69965.0339779922,40,2045.6,2175.8,2392.8,0,0,738600.683119606,0,0,0
69965.0739770586,40,2054.2,2209.2,2455.8,0,0,738600.683120069,0,0,0
69965.113976125,40,2075.6,2252.6,2534.2,0,0,738600.683120532,0,0,0
69965.1539751914,40,2082.2,2282,2591.6,0,0,738600.683120995,0,0,0
69965.1939742578,40,2090.6,2288,2613.6,0,0,738600.683121458,0,0,0
69965.2339733242,40,2078.2,2274.2,2619.4,0,0,738600.683121921,0,0,0
69965.2739723906,40,2076,2262,2594.6,0,0,738600.683122384,0,0,0
69965.313971457,40,2066,2227,2548.8,0,0,738600.683122847,0,0,0
69965.3539705234,40,2055,2193.2,2455.8,0,0,738600.68312331,0,0,0
69965.3939695898,40,2037.4,2150.2,2342,0,0,738600.683123772,0,0,0
69965.4339686562,40,2026.4,2115.4,2233,0,0,738600.683124235,0,0,0
69965.4739677226,40,2021.6,2095.6,2152.8,0,0,738600.683124698,0,0,0
69965.513966789,40,2016.8,2084.6,2120.8,0,0,738600.683125161,0,0,0
69965.5539658554,40,2017,2096,2161,0,0,738600.683125624,0,0,0
69965.5939649218,40,2028.2,2124.2,2265,0,0,738600.683126087,0,0,0
69965.6339639882,40,2045.8,2182.2,2406.2,0,0,738600.68312655,0,0,0
69965.6739630546,40,2072.4,2244.4,2520,0,0,738600.683127013,0,0,0
69965.713962121,40,2091,2292,2563.8,0,0,738600.683127476,0,0,0
69965.7539611874,40,2104.4,2323.6,2598,0,0,738600.683127939,0,0,0
69965.7939602538,40,2107.6,2328.4,2600.6,0,0,738600.683128402,0,0,0
69965.8339593202,40,2096.4,2305,2616.6,0,0,738600.683128865,0,0,0
69965.8739583866,40,2088.4,2287.2,2618.4,0,0,738600.683129328,0,0,0
69965.913957453,40,2076.4,2260.2,2580.2,0,0,738600.683129791,0,0,0
69965.9539565194,40,2055.8,2213.2,2522.2,0,0,738600.683130254,0,0,0
69965.9939555858,40,2040,2160.6,2386.2,0,0,738600.683130717,0,0,0
69966.0339546522,40,2022,2112.2,2233.2,0,0,738600.68313118,0,0,0
69966.0739537186,40,2015.4,2081.2,2136.2,0,0,738600.683131643,0,0,0
69966.113952785,40,2015.6,2080.8,2102.6,0,0,738600.683132106,0,0,0
69966.1539518514,40,2013.4,2088.8,2141.8,0,0,738600.683132569,0,0,0
69966.1939509178,40,2022.4,2113.8,2229,0,0,738600.683133032,0,0,0
69966.2339499842,40,2041.2,2156.2,2391.8,0,0,738600.683133494,0,0,0
69966.2739490506,40,2058.8,2225.8,2556.8,0,0,738600.683133957,0,0,0
69966.313948117,40,2086.4,2289.4,2621.4,0,0,738600.68313442,0,0,0
69966.3539471834,40,2112,2331.8,2577.6,0,0,738600.683134883,0,0,0
69966.3939462498,40,2123.2,2344.2,2554.8,0,0,738600.683135346,0,0,0
69966.4339453162,40,2110.8,2330.6,2587.8,0,0,738600.683135809,0,0,0
69966.4739443826,40,2101.2,2310.4,2618.8,0,0,738600.683136272,0,0,0
69966.513943449,40,2084.6,2276.8,2612.6,0,0,738600.683136735,0,0,0
69966.5539425154,40,2064.4,2226.4,2552.6,0,0,738600.683137198,0,0,0
69966.5939415818,40,2041.6,2170,2423.2,0,0,738600.683137661,0,0,0
69966.6339406482,40,2030,2122.8,2267.4,0,0,738600.683138124,0,0,0
69966.6739397146,40,2016.2,2093.4,2160.4,0,0,738600.683138587,0,0,0
69966.713938781,40,2009.4,2072.8,2107.2,0,0,738600.68313905,0,0,0
69966.7539378474,40,2008.8,2074.2,2100.6,0,0,738600.683139513,0,0,0
69966.7939369138,40,2016.8,2087.6,2130.6,0,0,738600.683139976,0,0,0
69966.8339359802,40,2026.4,2109.8,2208.2,0,0,738600.683140439,0,0,0
69966.8739350466,40,2037.6,2149.6,2358.2,0,0,738600.683140902,0,0,0
69966.913934113,40,2060,2221.2,2533.4,0,0,738600.683141365,0,0,0
69966.9539331794,40,2095.6,2302.2,2587.8,0,0,738600.683141828,0,0,0
69966.9939322458,40,2118.8,2343.2,2554.4,0,0,738600.683142291,0,0,0
69967.0339313122,40,2131.2,2353.4,2538.4,0,0,738600.683142754,0,0,0
69967.0739303786,40,2113.4,2341.4,2574.2,0,0,738600.683143217,0,0,0
69967.113929445,40,2104.6,2320.8,2600.8,0,0,738600.683143679,0,0,0
69967.1539285114,40,2086.2,2282.8,2606.2,0,0,738600.683144142,0,0,0
69967.1939275778,40,2064.8,2242.4,2556.8,0,0,738600.683144605,0,0,0
69967.2339266442,40,2054.2,2188.8,2436.8,0,0,738600.683145068,0,0,0
69967.2739257106,40,2037,2148.6,2302.4,0,0,738600.683145531,0,0,0
69967.313924777,40,2026,2109.2,2188.6,0,0,738600.683145994,0,0,0
69967.3539238434,40,2017.2,2084.6,2126.4,0,0,738600.683146457,0,0,0
69967.3939229098,40,2018,2082,2116,0,0,738600.68314692,0,0,0
69967.4339219762,40,2016,2093.8,2154.2,0,0,738600.683147383,0,0,0
69967.4739210426,40,2026.6,2117.6,2233.6,0,0,738600.683147846,0,0,0
69967.513920109,40,2041.6,2160.8,2354,0,0,738600.683148309,0,0,0
69967.5539191754,40,2062.8,2223.4,2499,0,0,738600.683148772,0,0,0
69967.5939182418,40,2092.4,2284.4,2568.4,0,0,738600.683149235,0,0,0
69967.6339173082,40,2108.2,2324.2,2603.6,0,0,738600.683149698,0,0,0
69967.6739163746,40,2109.2,2325.4,2607.6,0,0,738600.683150161,0,0,0
69967.713915441,40,2100.4,2315,2616.6,0,0,738600.683150624,0,0,0
69967.7539145074,40,2090.2,2291.4,2611.4,0,0,738600.683151087,0,0,0
69967.7939135738,40,2073.2,2253,2597.6,0,0,738600.68315155,0,0,0
69967.8339126402,40,2055.4,2205.8,2521.8,0,0,738600.683152013,0,0,0
69967.8739117066,40,2038.4,2162.6,2407.2,0,0,738600.683152476,0,0,0
69967.913910773,40,2030.2,2126,2280.4,0,0,738600.683152938,0,0,0
69967.9539098394,40,2017.2,2099,2177.2,0,0,738600.683153401,0,0,0
69967.9939089058,40,2014.2,2078.8,2115.2,0,0,738600.683153864,0,0,0
69968.0339079722,40,2013.8,2074,2087,0,0,738600.683154327,0,0,0
69968.0739070386,40,2011.4,2071.8,2100.6,0,0,738600.68315479,0,0,0
69968.113906105,40,2016.4,2090.2,2152.8,0,0,738600.683155253,0,0,0
69968.1539051714,40,2029.8,2120.8,2257.6,0,0,738600.683155716,0,0,0
69968.1939042378,40,2041.6,2171.2,2427.8,0,0,738600.683156179,0,0,0
69968.2339033042,40,2069.8,2243.2,2583.4,0,0,738600.683156642,0,0,0
69968.2739023706,40,2097,2308.8,2609.8,0,0,738600.683157105,0,0,0
69968.313901437,40,2110.6,2332.6,2590.8,0,0,738600.683157568,0,0,0
69968.3539005034,40,2108,2326.8,2596.6,0,0,738600.683158031,0,0,0
69968.3938995698,40,2093.8,2305.6,2618.2,0,0,738600.683158494,0,0,0
69968.4338986362,40,2088.6,2280.6,2613,0,0,738600.683158957,0,0,0
69968.4738977026,40,2070.8,2245,2582.8,0,0,738600.68315942,0,0,0
69968.513896769,40,2055.6,2199,2499,0,0,738600.683159883,0,0,0
69968.5538958354,40,2040,2150,2366.6,0,0,738600.683160346,0,0,0
69968.5938949018,40,2027.2,2112.8,2236,0,0,738600.683160809,0,0,0
69968.6338939682,40,2021.8,2084.6,2143,0,0,738600.683161272,0,0,0
69968.6738930346,40,2008.6,2074.8,2096,0,0,738600.683161735,0,0,0
69968.713892101,40,2010.6,2075.2,2100.2,0,0,738600.683162197,0,0,0
69968.7538911674,40,2018.2,2093.2,2134.6,0,0,738600.68316266,0,0,0
69968.7938902338,40,2025.8,2115.4,2224.4,0,0,738600.683163123,0,0,0
69968.8338893002,40,2040.2,2155,2368,0,0,738600.683163586,0,0,0
69968.8738883666,40,2058,2208.2,2527.6,0,0,738600.683164049,0,0,0
69968.913887433,40,2075.2,2269,2616.8,0,0,738600.683164512,0,0,0
69968.9538864994,40,2096.4,2304.8,2616.8,0,0,738600.683164975,0,0,0
69968.9938855658,40,2098,2319.2,2613.2,0,0,738600.683165438,0,0,0
69969.0338846322,40,2093.2,2303.2,2624.2,0,0,738600.683165901,0,0,0
69969.0738836986,40,2084.4,2279.6,2620.8,0,0,738600.683166364,0,0,0
69969.113882765,40,2066.4,2241.2,2588.2,0,0,738600.683166827,0,0,0
69969.1538818314,40,2049.6,2196.6,2496.8,0,0,738600.68316729,0,0,0
69969.1938808978,40,2036.2,2147.4,2351.6,0,0,738600.683167753,0,0,0
69969.2338799642,40,2025,2111.2,2221,0,0,738600.683168216,0,0,0
69969.2738790306,40,2013,2085,2134.6,0,0,738600.683168679,0,0,0
69969.313878097,40,2014.8,2071.8,2091.8,0,0,738600.683169142,0,0,0
69969.3538771634,40,2014.4,2075.2,2095.2,0,0,738600.683169605,0,0,0
69969.3938762298,40,2014.6,2088.6,2134.4,0,0,738600.683170068,0,0,0
69969.4338752962,40,2026,2106.2,2211.4,0,0,738600.683170531,0,0,0
69969.4738743626,40,2036.6,2147.4,2367.4,0,0,738600.683170994,0,0,0
69969.513873429,40,2057.8,2212.4,2533,0,0,738600.683171457,0,0,0
69969.5538724954,40,2080.8,2279.6,2621.8,0,0,738600.68317192,0,0,0
69969.5938715618,40,2106.6,2327.4,2592,0,0,738600.683172382,0,0,0
69969.6338706282,40,2115.2,2339,2577.4,0,0,738600.683172845,0,0,0
69969.6738696946,40,2110.4,2329,2596.4,0,0,738600.683173308,0,0,0
69969.713868761,40,2107.8,2321.6,2613.6,0,0,738600.683173771,0,0,0
69969.7538678274,40,2086.6,2291.4,2627.6,0,0,738600.683174234,0,0,0
69969.7938668938,40,2072.2,2247.8,2596,0,0,738600.683174697,0,0,0
69969.8338659602,40,2052,2198.6,2498,0,0,738600.68317516,0,0,0
69969.8738650266,40,2038.4,2149.8,2351.6,0,0,738600.683175623,0,0,0
69969.913864093,40,2023.2,2105.2,2212.2,0,0,738600.683176086,0,0,0
69969.9538631594,40,2015.4,2079,2123.6,0,0,738600.683176549,0,0,0
69969.9938622258,40,2010,2070.2,2090.4,0,0,738600.683177012,0,0,0
69970.0338612922,40,2011.6,2077.2,2100.4,0,0,738600.683177475,0,0,0
69970.0738603586,40,2015.2,2085,2138,0,0,738600.683177938,0,0,0
69970.113859425,40,2025.6,2112.8,2223,0,0,738600.683178401,0,0,0
69970.1538584914,40,2037.8,2152.8,2361.4,0,0,738600.683178864,0,0,0
69970.1938575578,40,2059.8,2217.4,2523.4,0,0,738600.683179327,0,0,0
69970.2338566242,40,2087.8,2285.2,2602,0,0,738600.68317979,0,0,0
69970.2738556906,40,2108.4,2331,2583.2,0,0,738600.683180253,0,0,0
69970.313854757,40,2124.4,2347.8,2561,0,0,738600.683180716,0,0,0
69970.3538538234,40,2115,2338.2,2578.4,0,0,738600.683181179,0,0,0
69970.3938528898,40,2097.8,2319.4,2614.4,0,0,738600.683181642,0,0,0
69970.4338519562,40,2086,2280.8,2617.8,0,0,738600.683182104,0,0,0
69970.4738510226,40,2062.8,2226.8,2558.2,0,0,738600.683182567,0,0,0
69970.513850089,40,2048.2,2176.2,2417.4,0,0,738600.68318303,0,0,0
69970.5538491554,40,2033,2128.2,2264.6,0,0,738600.683183493,0,0,0
69970.5938482218,40,2017,2098.2,2154.2,0,0,738600.683183956,0,0,0
69970.6338472882,40,2017.8,2075,2098.8,0,0,738600.683184419,0,0,0
69970.6738463546,40,2008.8,2073.6,2082.6,0,0,738600.683184882,0,0,0
69970.713845421,40,2009.6,2073.8,2103.8,0,0,738600.683185345,0,0,0
69970.7538444874,40,2018.4,2094.6,2152.6,0,0,738600.683185808,0,0,0
69970.7938435538,40,2032.6,2129.2,2245.8,0,0,738600.683186271,0,0,0
69970.8338426202,40,2051.8,2180,2396.4,0,0,738600.683186734,0,0,0
69970.8738416866,40,2076.4,2249.8,2515,0,0,738600.683187197,0,0,0
69970.913840753,40,2104.4,2309,2542,0,0,738600.68318766,0,0,0
69970.9538398194,40,2120.4,2337.6,2538,0,0,738600.683188123,0,0,0
69970.9938388858,40,2113.8,2333,2565.4,0,0,738600.683188586,0,0,0
69971.0338379522,40,2100,2312.6,2590.2,0,0,738600.683189049,0,0,0
69971.0738370186,40,2094.6,2300.4,2605,0,0,738600.683189512,0,0,0
69971.113836085,40,2078.4,2261,2589.4,0,0,738600.683189975,0,0,0
69971.1538351514,40,2056,2213.6,2531.6,0,0,738600.683190438,0,0,0
69971.1938342178,40,2046,2170.2,2411,0,0,738600.683190901,0,0,0
69971.2338332842,40,2032.2,2124.2,2266.8,0,0,738600.683191363,0,0,0
69971.2738323506,40,2021,2091.2,2160.2,0,0,738600.683191826,0,0,0
69971.313831417,40,2011.2,2078.6,2103,0,0,738600.683192289,0,0,0
69971.3538304834,40,2005.8,2067.2,2084.8,0,0,738600.683192752,0,0,0
69971.3938295498,40,2011.4,2075.2,2099.4,0,0,738600.683193215,0,0,0
69971.4338286162,40,2015.2,2084.4,2147,0,0,738600.683193678,0,0,0
69971.4738276826,40,2027.8,2119.6,2254,0,0,738600.683194141,0,0,0
69971.513826749,40,2039.8,2163.2,2425,0,0,738600.683194604,0,0,0
69971.5538258154,40,2063.4,2240.8,2580,0,0,738600.683195067,0,0,0
69971.5938248818,40,2089.6,2291.4,2616.8,0,0,738600.68319553,0,0,0
69971.6338239482,40,2099.6,2321.4,2606.8,0,0,738600.683195993,0,0,0
69971.6738230146,40,2106.8,2320.4,2611.2,0,0,738600.683196456,0,0,0
69971.713822081,40,2098.4,2302.8,2624.8,0,0,738600.683196919,0,0,0
69971.7538211474,40,2083.2,2277,2616.8,0,0,738600.683197382,0,0,0
69971.7938202138,40,2068.8,2238.2,2587.4,0,0,738600.683197845,0,0,0
69971.8338192802,40,2054.8,2204,2507.8,0,0,738600.683198308,0,0,0
69971.8738183466,40,2041,2158.6,2383.2,0,0,738600.683198771,0,0,0
69971.913817413,40,2026.4,2117.8,2257.8,0,0,738600.683199234,0,0,0
69971.9538164794,40,2017,2096.4,2162.8,0,0,738600.683199697,0,0,0
69971.9938155458,40,2011.8,2078.2,2099.2,0,0,738600.68320016,0,0,0
69972.0338146122,40,2012.4,2071.4,2085,0,0,738600.683200623,0,0,0
69972.0738136786,40,2015,2081.6,2101.4,0,0,738600.683201086,0,0,0
69972.113812745,40,2017.6,2096.8,2154.2,0,0,738600.683201548,0,0,0
69972.1538118114,40,2031,2127.8,2263.6,0,0,738600.683202011,0,0,0
69972.1938108778,40,2048.2,2176.4,2429.4,0,0,738600.683202474,0,0,0
69972.2338099442,40,2069.4,2247.6,2567.4,0,0,738600.683202937,0,0,0
69972.2738090106,40,2098,2308.4,2606.6,0,0,738600.6832034,0,0,0
69972.313808077,40,2111,2335.8,2578.6,0,0,738600.683203863,0,0,0
69972.3538071434,40,2119,2347.4,2565.4,0,0,738600.683204326,0,0,0
69972.3938062098,40,2115.6,2333.6,2589.2,0,0,738600.683204789,0,0,0
69972.4338052762,40,2099.6,2309.8,2616.6,0,0,738600.683205252,0,0,0
69972.4738043426,40,2084.6,2284,2611.4,0,0,738600.683205715,0,0,0
69972.513803409,40,2067.4,2236.2,2573,0,0,738600.683206178,0,0,0
69972.5538024754,40,2046,2180.6,2445.2,0,0,738600.683206641,0,0,0
69972.5938015418,40,2031.2,2126,2278.6,0,0,738600.683207104,0,0,0
69972.6338006082,40,2018.6,2093.8,2158.6,0,0,738600.683207567,0,0,0
69972.6737996746,40,2014.4,2078.2,2093.6,0,0,738600.68320803,0,0,0
69972.713798741,40,2016.6,2064.8,2074,0,0,738600.683208493,0,0,0
69972.7537978074,40,2010.8,2072.4,2086.8,0,0,738600.683208956,0,0,0
69972.7937968738,40,2015.6,2081.2,2118.2,0,0,738600.683209419,0,0,0
69972.8337959402,40,2027.2,2105,2187.4,0,0,738600.683209882,0,0,0
69972.8737950066,40,2035.6,2137.6,2319.2,0,0,738600.683210345,0,0,0
69972.913794073,40,2052.8,2199,2493.6,0,0,738600.683210808,0,0,0
69972.9537931394,40,2075.4,2265,2605.4,0,0,738600.68321127,0,0,0
69972.9937922058,40,2104.2,2313.8,2591.2,0,0,738600.683211733,0,0,0
69973.0337912722,40,2108.2,2331.2,2585.8,0,0,738600.683212196,0,0,0
69973.0737903386,40,2107,2320.6,2590.8,0,0,738600.683212659,0,0,0
69973.113789405,40,2102,2305.8,2614.4,0,0,738600.683213122,0,0,0
69973.1537884714,40,2087,2287.6,2616.2,0,0,738600.683213585,0,0,0
69973.1937875378,40,2077.4,2258.4,2594,0,0,738600.683214048,0,0,0
69973.2337866042,40,2055.8,2214,2519.2,0,0,738600.683214511,0,0,0
69973.2737856706,40,2041.6,2160.4,2387.2,0,0,738600.683214974,0,0,0
69973.313784737,40,2026.4,2121,2252.6,0,0,738600.683215437,0,0,0
69973.3537838034,40,2019.4,2092.6,2159.4,0,0,738600.6832159,0,0,0
69973.3937828698,40,2013.6,2077.4,2107,0,0,738600.683216363,0,0,0
69973.4337819362,40,2016.2,2075.2,2099.4,0,0,738600.683216826,0,0,0
69973.4737810026,40,2018,2086.4,2133.4,0,0,738600.683217289,0,0,0
69973.513780069,40,2024.2,2106.4,2210.4,0,0,738600.683217752,0,0,0
69973.5537791354,40,2036,2146.8,2336,0,0,738600.683218215,0,0,0
69973.5937782018,40,2051.6,2201.6,2488.2,0,0,738600.683218678,0,0,0
69973.6337772682,40,2079.8,2266.4,2589.4,0,0,738600.683219141,0,0,0
69973.6737763346,40,2100,2315,2600.6,0,0,738600.683219604,0,0,0
69973.713775401,40,2112.6,2334.4,2587.8,0,0,738600.683220067,0,0,0
69973.7537744674,40,2102.2,2320.4,2603.4,0,0,738600.683220529,0,0,0
69973.7937735338,40,2099.6,2307.6,2617,0,0,738600.683220992,0,0,0
69973.8337726002,40,2087.4,2279.2,2613,0,0,738600.683221455,0,0,0
69973.8737716666,40,2068,2250.6,2589,0,0,738600.683221918,0,0,0
69973.913770733,40,2050.4,2199.2,2494.2,0,0,738600.683222381,0,0,0
69973.9537697994,40,2037.8,2146.4,2343.8,0,0,738600.683222844,0,0,0
69973.9937688658,40,2022.6,2107.8,2214.6,0,0,738600.683223307,0,0,0
69974.0337679322,40,2012.2,2083,2128.6,0,0,738600.68322377,0,0,0
69974.0737669986,40,2009.8,2071,2092.6,0,0,738600.683224233,0,0,0
69974.113766065,40,2013.8,2077.8,2093.6,0,0,738600.683224696,0,0,0
69974.1537651314,40,2018,2085.8,2128,0,0,738600.683225159,0,0,0
69974.1937641978,40,2026.6,2110.6,2209.6,0,0,738600.683225622,0,0,0
69974.2337632642,40,2035.8,2144.6,2344.4,0,0,738600.683226085,0,0,0
69974.2737623306,40,2052.4,2202,2514.2,0,0,738600.683226548,0,0,0
69974.313761397,40,2080.6,2271.2,2597.8,0,0,738600.683227011,0,0,0
69974.3537604634,40,2104.4,2321.6,2598.8,0,0,738600.683227474,0,0,0
69974.3937595298,40,2111,2337.6,2588,0,0,738600.683227937,0,0,0
69974.4337585962,40,2104.4,2322.6,2602.2,0,0,738600.6832284,0,0,0
69974.4737576626,40,2096.4,2311.6,2611.8,0,0,738600.683228863,0,0,0
69974.513756729,40,2084.4,2278.2,2614.2,0,0,738600.683229326,0,0,0
69974.5537557954,40,2067.2,2237.6,2577,0,0,738600.683229789,0,0,0
69974.5937548618,40,2047,2188,2477.6,0,0,738600.683230252,0,0,0
69974.6337539282,40,2033.6,2142.4,2336.6,0,0,738600.683230714,0,0,0
69974.6737529946,40,2025,2105.8,2212.4,0,0,738600.683231177,0,0,0
69974.713752061,40,2014.2,2082,2132.6,0,0,738600.68323164,0,0,0
69974.7537511274,40,2013.2,2074.6,2100.4,0,0,738600.683232103,0,0,0
69974.7937501938,40,2013.6,2076,2111.4,0,0,738600.683232566,0,0,0
69974.8337492602,40,2022.2,2093.8,2159,0,0,738600.683233029,0,0,0
69974.8737483266,40,2024.4,2124,2262.2,0,0,738600.683233492,0,0,0
69974.913747393,40,2043.2,2177.8,2423,0,0,738600.683233955,0,0,0
69974.9537464594,40,2067.4,2241,2582.6,0,0,738600.683234418,0,0,0
69974.9937455258,40,2092.8,2298.6,2615.8,0,0,738600.683234881,0,0,0
69975.0337445922,40,2113,2329.4,2600,0,0,738600.683235344,0,0,0
69975.0737436586,40,2117.2,2335.8,2591.8,0,0,738600.683235807,0,0,0
69975.113742725,40,2098.6,2315.8,2616,0,0,738600.68323627,0,0,0
69975.1537417914,40,2091,2300.6,2609.8,0,0,738600.683236733,0,0,0
69975.1937408578,40,2079.6,2263.6,2608.6,0,0,738600.683237196,0,0,0
69975.2337399242,40,2058,2223.2,2542.6,0,0,738600.683237659,0,0,0
69975.2737389906,40,2044.4,2166.6,2413.8,0,0,738600.683238122,0,0,0
69975.313738057,40,2038.2,2126.2,2268.2,0,0,738600.683238585,0,0,0
69975.3537371234,40,2016.4,2092.4,2161.8,0,0,738600.683239048,0,0,0
69975.3937361898,40,2014.2,2081.4,2107,0,0,738600.683239511,0,0,0
69975.4337352562,40,2012,2079.2,2093.6,0,0,738600.683239973,0,0,0
69975.4737343226,40,2013.6,2082.6,2130.8,0,0,738600.683240436,0,0,0
69975.513733389,40,2024.8,2111.2,2203.4,0,0,738600.683240899,0,0,0
69975.5537324554,40,2040.4,2147.6,2344.6,0,0,738600.683241362,0,0,0
69975.5937315218,40,2062.8,2213,2531.4,0,0,738600.683241825,0,0,0
69975.6337305882,40,2087,2286,2619,0,0,738600.683242288,0,0,0
69975.6737296546,40,2106.4,2320.2,2597.6,0,0,738600.683242751,0,0,0
69975.713728721,40,2111.2,2331,2586.2,0,0,738600.683243214,0,0,0
69975.7537277874,40,2100.4,2322,2609.2,0,0,738600.683243677,0,0,0
69975.7937268538,40,2098.2,2309.8,2612.6,0,0,738600.68324414,0,0,0
69975.8337259202,40,2084.6,2274,2608.6,0,0,738600.683244603,0,0,0
69975.8737249866,40,2062.4,2234,2558.4,0,0,738600.683245066,0,0,0
69975.913724053,40,2043.4,2176,2442,0,0,738600.683245529,0,0,0
69975.9537231194,40,2026,2131.4,2296,0,0,738600.683245992,0,0,0
69975.9937221858,40,2021.2,2098.8,2184.6,0,0,738600.683246455,0,0,0
69976.0337212522,40,2015,2083.6,2115.4,0,0,738600.683246918,0,0,0
69976.0737203186,40,2008.8,2069.8,2082.4,0,0,738600.683247381,0,0,0
69976.113719385,40,2012.4,2074.6,2094.4,0,0,738600.683247844,0,0,0
69976.1537184514,40,2015.2,2085.2,2123.6,0,0,738600.683248307,0,0,0
69976.1937175178,40,2020.6,2098.8,2182,0,0,738600.68324877,0,0,0
69976.2337165842,40,2036,2129.8,2291.8,0,0,738600.683249232,0,0,0
69976.2737156506,40,2045.6,2183.6,2448.8,0,0,738600.683249695,0,0,0
69976.313714717,40,2068.2,2237.6,2576.6,0,0,738600.683250158,0,0,0
69976.3537137834,40,2088,2282,2614.6,0,0,738600.683250621,0,0,0
69976.3937128498,40,2096.2,2312.6,2607.2,0,0,738600.683251084,0,0,0
69976.4337119162,40,2089,2291.2,2620.8,0,0,738600.683251547,0,0,0
69976.4737109826,40,2081.6,2266,2605.2,0,0,738600.68325201,0,0,0
69976.513710049,40,2066,2229.4,2556.4,0,0,738600.683252473,0,0,0
69976.5537091154,40,2047.8,2188.2,2468.2,0,0,738600.683252936,0,0,0
69976.5937081818,40,2037.8,2143.2,2335.6,0,0,738600.683253399,0,0,0
69976.6337072482,40,2025.6,2106.6,2213.6,0,0,738600.683253862,0,0,0
69976.6737063146,40,2016,2088.2,2135,0,0,738600.683254325,0,0,0
69976.713705381,40,2012.6,2072.6,2088.8,0,0,738600.683254788,0,0,0
69976.7537044474,40,2006.2,2070,2083.4,0,0,738600.683255251,0,0,0
69976.7937035138,40,2011.6,2079,2102,0,0,738600.683255714,0,0,0
69976.8337025802,40,2017.8,2093,2158.8,0,0,738600.683256177,0,0,0
69976.8737016466,40,2030.6,2121.4,2251.2,0,0,738600.68325664,0,0,0
69976.913700713,40,2041.4,2160.8,2392.4,0,0,738600.683257103,0,0,0
69976.9536997794,40,2059.2,2217.6,2541.2,0,0,738600.683257566,0,0,0
69976.9936988458,40,2080.6,2280.8,2610.4,0,0,738600.683258029,0,0,0
69977.0336979122,40,2091.8,2303,2612.4,0,0,738600.683258492,0,0,0
69977.0736969786,40,2086,2299.6,2616.2,0,0,738600.683258955,0,0,0
69977.113696045,40,2081.6,2278.4,2621.4,0,0,738600.683259417,0,0,0
69977.1536951114,40,2067.8,2239.6,2587,0,0,738600.68325988,0,0,0
69977.1936941778,40,2059.2,2203.6,2490.4,0,0,738600.683260343,0,0,0
69977.2336932442,40,2036.4,2155.4,2368,0,0,738600.683260806,0,0,0
69977.2736923106,40,2026,2113,2234,0,0,738600.683261269,0,0,0
69977.313691377,40,2018.4,2095.8,2145,0,0,738600.683261732,0,0,0
69977.3536904434,40,2012.6,2070.8,2090,0,0,738600.683262195,0,0,0
69977.3936895098,40,2011.4,2070,2079.6,0,0,738600.683262658,0,0,0
69977.4336885762,40,2011.2,2076,2094.2,0,0,738600.683263121,0,0,0
69977.4736876426,40,2018.4,2085.2,2128,0,0,738600.683263584,0,0,0
69977.513686709,40,2020.8,2099,2199.2,0,0,738600.683264047,0,0,0
69977.5536857754,40,2032.8,2142.4,2315.8,0,0,738600.68326451,0,0,0
69977.5936848418,40,2055.4,2204.8,2469.4,0,0,738600.683264973,0,0,0
69977.6336839082,40,2076,2264.2,2581,0,0,738600.683265436,0,0,0
69977.6736829746,40,2103.6,2316.2,2601.8,0,0,738600.683265899,0,0,0
69977.713682041,40,2107.4,2329.6,2598,0,0,738600.683266362,0,0,0
69977.7536811074,40,2102,2317.8,2613.8,0,0,738600.683266825,0,0,0
69977.7936801738,40,2085,2294.4,2622.2,0,0,738600.683267288,0,0,0
69977.8336792402,40,2078,2260.6,2606.8,0,0,738600.683267751,0,0,0
69977.8736783066,40,2057.6,2225.6,2550.2,0,0,738600.683268214,0,0,0
69977.913677373,40,2048.6,2180.2,2438.2,0,0,738600.683268677,0,0,0
69977.9536764394,40,2034.8,2134.2,2294.8,0,0,738600.683269139,0,0,0
69977.9936755058,40,2020,2101.2,2185.2,0,0,738600.683269602,0,0,0
69978.0336745722,40,2017.6,2080.6,2122.2,0,0,738600.683270065,0,0,0
69978.0736736386,40,2010.6,2071.8,2095.4,0,0,738600.683270528,0,0,0
69978.113672705,40,2010.8,2076.6,2103,0,0,738600.683270991,0,0,0
69978.1536717714,40,2016.8,2089.2,2140.6,0,0,738600.683271454,0,0,0
69978.1936708378,40,2028.2,2110.6,2215.4,0,0,738600.683271917,0,0,0
69978.2336699042,40,2036,2142,2331.6,0,0,738600.68327238,0,0,0
69978.2736689706,40,2051.6,2191,2483.8,0,0,738600.683272843,0,0,0
69978.313668037,40,2067.6,2252,2589.6,0,0,738600.683273306,0,0,0
69978.3536671034,40,2091.4,2300.4,2616,0,0,738600.683273769,0,0,0
69978.3936661698,40,2104,2316.2,2610,0,0,738600.683274232,0,0,0
69978.4336652362,40,2089.8,2297.6,2619.6,0,0,738600.683274695,0,0,0
69978.4736643026,40,2072.8,2268,2613.4,0,0,738600.683275158,0,0,0
69978.513663369,40,2060.6,2233.2,2570.6,0,0,738600.683275621,0,0,0
69978.5536624354,40,2050,2190.6,2481.4,0,0,738600.683276084,0,0,0
69978.5936615018,40,2039.8,2149.6,2355.6,0,0,738600.683276547,0,0,0
69978.6336605682,40,2021.4,2113.4,2226.2,0,0,738600.68327701,0,0,0
69978.6736596346,40,2014.4,2087.6,2144,0,0,738600.683277473,0,0,0
69978.713658701,40,2006.4,2074.2,2094.6,0,0,738600.683277936,0,0,0
69978.7536577674,40,2010,2064,2081.8,0,0,738600.683278398,0,0,0
69978.7936568338,40,2013.2,2077.4,2097.2,0,0,738600.683278861,0,0,0
69978.8336559002,40,2017.6,2087.6,2132.2,0,0,738600.683279324,0,0,0
69978.8736549666,40,2023.4,2107.4,2203.6,0,0,738600.683279787,0,0,0
69978.913654033,40,2034.8,2144,2317.8,0,0,738600.68328025,0,0,0
69978.9536530994,40,2054.6,2197.8,2478,0,0,738600.683280713,0,0,0
69978.9936521658,40,2071.2,2254.8,2589.6,0,0,738600.683281176,0,0,0
69979.0336512322,40,2094.2,2299.6,2617,0,0,738600.683281639,0,0,0
69979.0736502986,40,2105.8,2322.2,2602,0,0,738600.683282102,0,0,0
69979.113649365,40,2100,2313.4,2610,0,0,738600.683282565,0,0,0
69979.1536484314,40,2086,2287.2,2614.2,0,0,738600.683283028,0,0,0
69979.1936474978,40,2069.4,2251.4,2589,0,0,738600.683283491,0,0,0
69979.2336465642,40,2048.6,2202.6,2500,0,0,738600.683283954,0,0,0
69979.2736456306,40,2039.6,2155.2,2382.8,0,0,738600.683284417,0,0,0
69979.313644697,40,2028.4,2120.2,2253.2,0,0,738600.68328488,0,0,0
69979.3536437634,40,2016.4,2089.2,2161.6,0,0,738600.683285343,0,0,0
69979.3936428298,40,2011.4,2076.4,2111.6,0,0,738600.683285806,0,0,0
69979.4336418962,40,2011.6,2069.6,2087,0,0,738600.683286269,0,0,0
69979.4736409626,40,2010.6,2073.4,2103.8,0,0,738600.683286732,0,0,0
69979.513640029,40,2017.2,2090.8,2157.8,0,0,738600.683287195,0,0,0
69979.5536390954,40,2026,2121.6,2273.6,0,0,738600.683287658,0,0,0
69979.5936381618,40,2044.6,2175.8,2449.2,0,0,738600.683288121,0,0,0
69979.6336372282,40,2069.8,2243,2580.4,0,0,738600.683288583,0,0,0
69979.6736362946,40,2096,2310.6,2611.8,0,0,738600.683289046,0,0,0
69979.713635361,40,2118.8,2338.6,2584.8,0,0,738600.683289509,0,0,0
69979.7536344274,40,2116.8,2334.8,2582.8,0,0,738600.683289972,0,0,0
69979.7936334938,40,2099,2319,2608.6,0,0,738600.683290435,0,0,0
69979.8336325602,40,2092.4,2292.8,2623.4,0,0,738600.683290898,0,0,0
69979.8736316266,40,2076.4,2250.8,2602.6,0,0,738600.683291361,0,0,0
69979.913630693,40,2052.6,2207.2,2518,0,0,738600.683291824,0,0,0
69979.9536297594,40,2039.8,2158.8,2381.6,0,0,738600.683292287,0,0,0
69979.9936288258,40,2026,2117.8,2241.4,0,0,738600.68329275,0,0,0
69980.0336278922,40,2017.8,2095.6,2149.2,0,0,738600.683293213,0,0,0
69980.0736269586,40,2010.6,2072.6,2101,0,0,738600.683293676,0,0,0
69980.113626025,40,2014.2,2072.6,2087,0,0,738600.683294139,0,0,0
69980.1536250914,40,2012.2,2081.8,2107.2,0,0,738600.683294602,0,0,0
69980.1936241578,40,2016.4,2090.2,2163.6,0,0,738600.683295065,0,0,0
69980.2336232242,40,2031,2127.8,2277.8,0,0,738600.683295528,0,0,0
69980.2736222906,40,2047,2182.8,2446.6,0,0,738600.683295991,0,0,0
69980.313621357,40,2073.4,2247.8,2585.8,0,0,738600.683296454,0,0,0
69980.3536204234,40,2090.8,2305.8,2621.2,0,0,738600.683296917,0,0,0
69980.3936194898,40,2114.8,2339.2,2592.4,0,0,738600.68329738,0,0,0
69980.4336185562,40,2106.2,2334,2603.8,0,0,738600.683297843,0,0,0
69980.4736176226,40,2100.4,2319.2,2617.8,0,0,738600.683298305,0,0,0
69980.513616689,40,2090,2292.6,2628.4,0,0,738600.683298768,0,0,0
69980.5536157554,40,2068.6,2244.2,2584.2,0,0,738600.683299231,0,0,0
69980.5936148218,40,2052,2193,2464.4,0,0,738600.683299694,0,0,0
69980.6336138882,40,2034.2,2139.6,2304,0,0,738600.683300157,0,0,0
69980.6736129546,40,2018.6,2099,2184.6,0,0,738600.68330062,0,0,0
69980.713612021,40,2016.8,2080.8,2113.8,0,0,738600.683301083,0,0,0
69980.7536110874,40,2010.2,2074.4,2086.6,0,0,738600.683301546,0,0,0
69980.7936101538,40,2013.8,2075.2,2105.4,0,0,738600.683302009,0,0,0
69980.8336092202,40,2014.2,2087.8,2140.4,0,0,738600.683302472,0,0,0
69980.8736082866,40,2026.4,2104.6,2208,0,0,738600.683302935,0,0,0
69980.913607353,40,2036.6,2146.6,2329,0,0,738600.683303398,0,0,0
69980.9536064194,40,2052.8,2192.2,2465.4,0,0,738600.683303861,0,0,0
69980.9936054858,40,2074.8,2255.8,2575.8,0,0,738600.683304324,0,0,0
69981.0336045522,40,2095.6,2298.8,2603.4,0,0,738600.683304787,0,0,0
69981.0736036186,40,2102.2,2309.6,2604.4,0,0,738600.68330525,0,0,0
69981.113602685,40,2090,2302.8,2618,0,0,738600.683305713,0,0,0
69981.1536017514,40,2080.2,2272,2616.4,0,0,738600.683306176,0,0,0
69981.1936008178,40,2066.2,2236.4,2576.8,0,0,738600.683306639,0,0,0
69981.2335998842,40,2049.2,2188.4,2482.6,0,0,738600.683307102,0,0,0
69981.2735989506,40,2038.4,2148.2,2344.4,0,0,738600.683307564,0,0,0
69981.313598017,40,2025.4,2105.4,2222.2,0,0,738600.683308027,0,0,0
69981.3535970834,40,2017.8,2085.6,2141.4,0,0,738600.68330849,0,0,0
69981.3935961498,40,2011.4,2073,2097,0,0,738600.683308953,0,0,0
69981.4335952162,40,2011.4,2074.6,2090.4,0,0,738600.683309416,0,0,0
69981.4735942826,40,2010.4,2079.8,2107.6,0,0,738600.683309879,0,0,0
69981.513593349,40,2017.4,2089.4,2157.4,0,0,738600.683310342,0,0,0
69981.5535924154,40,2025.6,2117,2245.6,0,0,738600.683310805,0,0,0
69981.5935914818,40,2042,2154.2,2383,0,0,738600.683311268,0,0,0
69981.6335905482,40,2060,2216.2,2507,0,0,738600.683311731,0,0,0
69981.6735896146,40,2080.6,2266.4,2577.6,0,0,738600.683312194,0,0,0
69981.713588681,40,2094.8,2298.8,2592,0,0,738600.683312657,0,0,0
69981.7535877474,40,2099.4,2299.8,2601.8,0,0,738600.68331312,0,0,0
69981.7935868138,40,2080.6,2281,2609.8,0,0,738600.683313583,0,0,0
69981.8335858802,40,2067.4,2250,2591.8,0,0,738600.683314046,0,0,0
69981.8735849466,40,2055.6,2209.6,2523,0,0,738600.683314509,0,0,0
69981.913584013,40,2044.8,2162.4,2406.2,0,0,738600.683314972,0,0,0
69981.9535830794,40,2027,2126,2274.4,0,0,738600.683315435,0,0,0
69981.9935821458,40,2015.2,2095.8,2168.6,0,0,738600.683315898,0,0,0
69982.0335812122,40,2008.2,2075.4,2110.4,0,0,738600.683316361,0,0,0
69982.0735802786,40,2008.2,2068,2081.4,0,0,738600.683316824,0,0,0
69982.113579345,40,2009.8,2071.8,2086,0,0,738600.683317287,0,0,0
69982.1535784114,40,2014.8,2076.4,2103,0,0,738600.683317749,0,0,0
69982.1935774778,40,2019,2090.6,2159.8,0,0,738600.683318212,0,0,0
69982.2335765442,40,2026.8,2121.4,2253.8,0,0,738600.683318675,0,0,0
69982.2735756106,40,2039.4,2159.4,2392,0,0,738600.683319138,0,0,0
69982.313574677,40,2058.2,2211.2,2533.4,0,0,738600.683319601,0,0,0
69982.3535737434,40,2076.8,2264.8,2612.8,0,0,738600.683320064,0,0,0
69982.3935728098,40,2089.2,2292.6,2623,0,0,738600.683320527,0,0,0
69982.4335718762,40,2089.4,2293.6,2627.8,0,0,738600.68332099,0,0,0
69982.4735709426,40,2075.6,2270,2616.2,0,0,738600.683321453,0,0,0
69982.513570009,40,2063.2,2235,2576.4,0,0,738600.683321916,0,0,0
69982.5535690754,40,2051.2,2192.8,2481.6,0,0,738600.683322379,0,0,0
69982.5935681418,40,2037.4,2146.4,2352.8,0,0,738600.683322842,0,0,0
69982.6335672082,40,2024.4,2113,2234.8,0,0,738600.683323305,0,0,0
69982.6735662746,40,2014.4,2091.2,2149.8,0,0,738600.683323768,0,0,0
69982.713565341,40,2010.6,2073.4,2099,0,0,738600.683324231,0,0,0
69982.7535644074,40,2008.6,2066.4,2080.4,0,0,738600.683324694,0,0,0
69982.7935634738,40,2013,2068.4,2089.2,0,0,738600.683325157,0,0,0
69982.8335625402,40,2016,2080.4,2118,0,0,738600.68332562,0,0,0
69982.8735616066,40,2017.8,2092.4,2181.6,0,0,738600.683326083,0,0,0
69982.913560673,40,2030,2133,2300,0,0,738600.683326546,0,0,0
69982.9535597394,40,2046.8,2187.8,2468.6,0,0,738600.683327009,0,0,0
69982.9935588058,40,2064.2,2244.2,2594.2,0,0,738600.683327471,0,0,0
69983.0335578722,40,2088.4,2286.4,2626,0,0,738600.683327934,0,0,0
69983.0735569386,40,2094.6,2305.2,2615.6,0,0,738600.683328397,0,0,0
69983.113556005,40,2093.2,2289.8,2627.2,0,0,738600.68332886,0,0,0
69983.1535550714,40,2083.8,2268,2617.4,0,0,738600.683329323,0,0,0
69983.1935541378,40,2069,2235.8,2579,0,0,738600.683329786,0,0,0
69983.2335532042,40,2054.2,2194,2495.2,0,0,738600.683330249,0,0,0
69983.2735522706,40,2038,2152.6,2368.2,0,0,738600.683330712,0,0,0
69983.313551337,40,2028,2114.8,2243,0,0,738600.683331175,0,0,0
69983.3535504034,40,2017.8,2094.4,2149.8,0,0,738600.683331638,0,0,0
69983.3935494698,40,2007.8,2075.6,2101.2,0,0,738600.683332101,0,0,0
69983.4335485362,40,2010.8,2070.6,2081.2,0,0,738600.683332564,0,0,0
69983.4735476026,40,2010.4,2076.8,2092.6,0,0,738600.683333027,0,0,0
69983.513546669,40,2015.6,2084.4,2124.2,0,0,738600.68333349,0,0,0
69983.5535457354,40,2022.2,2102.4,2185.8,0,0,738600.683333953,0,0,0
69983.5935448018,40,2028.4,2125.8,2276.4,0,0,738600.683334416,0,0,0
69983.6335438682,40,2041.8,2158.8,2410.8,0,0,738600.683334879,0,0,0
69983.6735429346,40,2055,2211,2527.4,0,0,738600.683335342,0,0,0
69983.713542001,40,2071.6,2253.6,2594.8,0,0,738600.683335805,0,0,0
69983.7535410674,40,2078.4,2270.6,2608.2,0,0,738600.683336267,0,0,0
69983.7935401338,40,2074.6,2249.2,2599.2,0,0,738600.68333673,0,0,0
69983.8335392002,40,2063.6,2226.8,2558.4,0,0,738600.683337193,0,0,0
69983.8735382666,40,2049.8,2194.4,2481.4,0,0,738600.683337656,0,0,0
69983.913537333,40,2040.8,2157.2,2382.2,0,0,738600.683338119,0,0,0
69983.9535363994,40,2026.4,2123.4,2277.6,0,0,738600.683338582,0,0,0
69983.9935354658,40,2019,2099.2,2183.2,0,0,738600.683339045,0,0,0
69984.0335345322,40,2016.2,2080.6,2128.4,0,0,738600.683339508,0,0,0
69984.0735335986,40,2008,2072.6,2096.4,0,0,738600.683339971,0,0,0
69984.113532665,40,2010,2074.4,2090,0,0,738600.683340434,0,0,0
69984.1535317314,40,2014.6,2085,2115.2,0,0,738600.683340897,0,0,0
69984.1935307978,40,2019.6,2103.8,2174.4,0,0,738600.68334136,0,0,0
69984.2335298642,40,2032.6,2127.4,2263.2,0,0,738600.683341823,0,0,0
69984.2735289306,40,2044.8,2170.2,2406.4,0,0,738600.683342286,0,0,0
69984.313527997,40,2058.8,2224.6,2543.6,0,0,738600.683342749,0,0,0
69984.3535270634,40,2076.2,2270.8,2610.4,0,0,738600.683343212,0,0,0
69984.3935261298,40,2083,2288,2615.2,0,0,738600.683343675,0,0,0
69984.4335251962,40,2082.2,2274.6,2615.2,0,0,738600.683344138,0,0,0
69984.4735242626,40,2073.8,2256.2,2602.2,0,0,738600.683344601,0,0,0
69984.513523329,40,2061.6,2225.4,2545.6,0,0,738600.683345064,0,0,0
69984.5535223954,40,2047,2184.6,2442.8,0,0,738600.683345527,0,0,0
69984.5935214618,40,2031.4,2138.8,2309,0,0,738600.68334599,0,0,0
69984.6335205282,40,2021.4,2100.6,2195.8,0,0,738600.683346452,0,0,0
69984.6735195946,40,2015,2082.8,2125.2,0,0,738600.683346915,0,0,0
69984.713518661,40,2012.2,2070.2,2091.8,0,0,738600.683347378,0,0,0
69984.7535177274,40,2012.6,2070.8,2088.4,0,0,738600.683347841,0,0,0
69984.7935167938,40,2012.2,2081.8,2108.6,0,0,738600.683348304,0,0,0
69984.8335158602,40,2019.8,2088.8,2153.6,0,0,738600.683348767,0,0,0
69984.8735149266,40,2025.4,2115.6,2238.4,0,0,738600.68334923,0,0,0
69984.913513993,40,2041.4,2160.8,2375.2,0,0,738600.683349693,0,0,0
69984.9535130594,40,2052.8,2212.8,2530.6,0,0,738600.683350156,0,0,0
69984.9935121258,40,2077,2265.4,2609.4,0,0,738600.683350619,0,0,0
69985.0335111922,40,2093,2301.6,2614.2,0,0,738600.683351082,0,0,0
69985.0735102586,40,2091,2297.8,2617.6,0,0,738600.683351545,0,0,0
69985.113509325,40,2081,2265.8,2612.2,0,0,738600.683352008,0,0,0
69985.1535083914,40,2062.8,2235.4,2574,0,0,738600.683352471,0,0,0
69985.1935074578,40,2054,2189.4,2491.8,0,0,738600.683352934,0,0,0
69985.2335065242,40,2039.2,2159,2372.6,0,0,738600.683353397,0,0,0
69985.2735055906,40,2030.8,2116,2247.6,0,0,738600.68335386,0,0,0
69985.313504657,40,2023,2094.2,2156.8,0,0,738600.683354323,0,0,0
69985.3535037234,40,2008.6,2079.2,2107.4,0,0,738600.683354786,0,0,0
69985.3935027898,40,2011.8,2073.6,2084.2,0,0,738600.683355249,0,0,0
69985.4335018562,40,2014.2,2074.2,2097.6,0,0,738600.683355712,0,0,0
69985.4735009226,40,2014.8,2085.4,2129.2,0,0,738600.683356175,0,0,0
69985.513499989,40,2018,2102.8,2209.2,0,0,738600.683356637,0,0,0
69985.5534990554,40,2037.2,2141.4,2331.6,0,0,738600.6833571,0,0,0
69985.5934981218,40,2054.8,2193.4,2488,0,0,738600.683357563,0,0,0
69985.6334971882,40,2070.8,2245.4,2591.2,0,0,738600.683358026,0,0,0
69985.6734962546,40,2093.4,2284,2610.6,0,0,738600.683358489,0,0,0
69985.713495321,40,2089.8,2291,2610.8,0,0,738600.683358952,0,0,0
69985.7534943874,40,2080.4,2272.8,2608.2,0,0,738600.683359415,0,0,0
69985.7934934538,40,2073,2251,2591.4,0,0,738600.683359878,0,0,0
69985.8334925202,40,2057.2,2213.4,2531.6,0,0,738600.683360341,0,0,0
69985.8734915866,40,2044.6,2172,2431.4,0,0,738600.683360804,0,0,0
69985.913490653,40,2033.6,2136.8,2306.4,0,0,738600.683361267,0,0,0
69985.9534897194,40,2021.8,2104.2,2200,0,0,738600.68336173,0,0,0
69985.9934887858,40,2019.6,2085.4,2132.6,0,0,738600.683362193,0,0,0
69986.0334878522,40,2009.6,2072.2,2097.8,0,0,738600.683362656,0,0,0
69986.0734869186,40,2015.2,2078.8,2103.2,0,0,738600.683363119,0,0,0
69986.113485985,40,2017.6,2089.4,2133.2,0,0,738600.683363582,0,0,0
69986.1534850514,40,2024.8,2106.6,2209.2,0,0,738600.683364045,0,0,0
69986.1934841178,40,2040.2,2145,2338.4,0,0,738600.683364508,0,0,0
69986.2334831842,40,2056,2203,2509.8,0,0,738600.683364971,0,0,0
69986.2734822506,40,2081,2272,2605.2,0,0,738600.683365433,0,0,0
69986.313481317,40,2097.4,2310.4,2608.6,0,0,738600.683365896,0,0,0
69986.3534803834,40,2102.8,2321,2600.6,0,0,738600.683366359,0,0,0
69986.3934794498,40,2099.2,2310.4,2613.6,0,0,738600.683366822,0,0,0
69986.4334785162,40,2089.6,2292,2614.2,0,0,738600.683367285,0,0,0
69986.4734775826,40,2078.8,2267.2,2597.6,0,0,738600.683367748,0,0,0
69986.513476649,40,2059.4,2230.8,2555,0,0,738600.683368211,0,0,0
69986.5534757154,40,2044.6,2186.8,2467.4,0,0,738600.683368674,0,0,0
69986.5934747818,40,2036.6,2138.6,2334.4,0,0,738600.683369137,0,0,0
69986.6334738482,40,2023,2112,2219.6,0,0,738600.6833696,0,0,0
69986.6734729146,40,2018,2088.6,2134.8,0,0,738600.683370063,0,0,0
69986.713471981,40,2014,2078.4,2103.2,0,0,738600.683370526,0,0,0
69986.7534710474,40,2011.8,2079.4,2102,0,0,738600.683370989,0,0,0
69986.7934701138,40,2015.4,2085,2142,0,0,738600.683371452,0,0,0
69986.8334691802,40,2024.8,2109.8,2215.2,0,0,738600.683371915,0,0,0
69986.8734682466,40,2033,2145.2,2337.6,0,0,738600.683372378,0,0,0
69986.913467313,40,2051.2,2194.4,2498.2,0,0,738600.683372841,0,0,0
69986.9534663794,40,2076,2255,2601,0,0,738600.683373304,0,0,0
69986.9934654458,40,2096,2301.2,2616.8,0,0,738600.683373767,0,0,0
69987.0334645122,40,2092.8,2301.6,2615.2,0,0,738600.68337423,0,0,0
69987.0734635786,40,2078,2278.2,2609.8,0,0,738600.683374693,0,0,0
69987.113462645,40,2069.8,2249.2,2590.2,0,0,738600.683375156,0,0,0
69987.1534617114,40,2057,2204.8,2511.2,0,0,738600.683375618,0,0,0
69987.1934607778,40,2037.2,2162,2391.6,0,0,738600.683376081,0,0,0
69987.2334598442,40,2031.4,2122,2255.4,0,0,738600.683376544,0,0,0
69987.2734589106,40,2018.8,2095.2,2159.8,0,0,738600.683377007,0,0,0
69987.313457977,40,2008,2081.4,2110.8,0,0,738600.68337747,0,0,0
69987.3534570434,40,2009.4,2072.8,2091.2,0,0,738600.683377933,0,0,0
69987.3934561098,40,2011.2,2076.4,2107.2,0,0,738600.683378396,0,0,0
69987.4334551762,40,2014,2087.6,2138.8,0,0,738600.683378859,0,0,0
69987.4734542426,40,2021.8,2109.8,2215.6,0,0,738600.683379322,0,0,0
69987.513453309,40,2038.4,2144.4,2332.4,0,0,738600.683379785,0,0,0
69987.5534523754,40,2050.2,2197.8,2471.6,0,0,738600.683380248,0,0,0
69987.5934514418,40,2076.6,2254,2582.2,0,0,738600.683380711,0,0,0
69987.6334505082,40,2085,2289.2,2615.6,0,0,738600.683381174,0,0,0
69987.6734495746,40,2091.4,2292,2620,0,0,738600.683381637,0,0,0
69987.713448641,40,2083.6,2277.4,2614,0,0,738600.6833821,0,0,0
69987.7534477074,40,2067.6,2250.6,2599.6,0,0,738600.683382563,0,0,0
69987.7934467738,40,2059.4,2215.2,2536.4,0,0,738600.683383026,0,0,0
69987.8334458402,40,2043.4,2173,2428.6,0,0,738600.683383489,0,0,0
69987.8734449066,40,2033.8,2132.6,2300.8,0,0,738600.683383952,0,0,0
69987.913443973,40,2022.6,2099.6,2194.2,0,0,738600.683384415,0,0,0
69987.9534430394,40,2011.8,2087.2,2128.6,0,0,738600.683384878,0,0,0
69987.9934421058,40,2015,2079.2,2094.8,0,0,738600.68338534,0,0,0
69988.0334411722,40,2012,2080,2106.4,0,0,738600.683385803,0,0,0
69988.0734402386,40,2018.6,2089.2,2136.6,0,0,738600.683386266,0,0,0
69988.113439305,40,2025.4,2106.8,2205.8,0,0,738600.683386729,0,0,0
69988.1534383714,40,2038.2,2142,2312,0,0,738600.683387192,0,0,0
69988.1934374378,40,2046.2,2187.8,2441.6,0,0,738600.683387655,0,0,0
69988.2334365042,40,2067.2,2241.2,2561,0,0,738600.683388118,0,0,0
69988.2734355706,40,2083,2280.6,2606.2,0,0,738600.683388581,0,0,0
69988.313434637,40,2088,2291.2,2618.4,0,0,738600.683389044,0,0,0
69988.3534337034,40,2081.6,2275.2,2613.2,0,0,738600.683389507,0,0,0
69988.3934327698,40,2066.4,2250.2,2596.4,0,0,738600.68338997,0,0,0
69988.4334318362,40,2057.2,2211.2,2522.8,0,0,738600.683390433,0,0,0
69988.4734309026,40,2042.6,2171.8,2415,0,0,738600.683390896,0,0,0
69988.513429969,40,2032.8,2130.4,2290.2,0,0,738600.683391359,0,0,0
69988.5534290354,40,2022.4,2102.6,2195.2,0,0,738600.683391822,0,0,0
69988.5934281018,40,2018.4,2085.4,2134.6,0,0,738600.683392285,0,0,0
69988.6334271682,40,2011.2,2074.4,2099.2,0,0,738600.683392748,0,0,0
69988.6734262346,40,2016,2081,2101.4,0,0,738600.683393211,0,0,0
69988.713425301,40,2020,2086.6,2133.4,0,0,738600.683393674,0,0,0
69988.7534243674,40,2029.2,2108.8,2200.6,0,0,738600.683394137,0,0,0
69988.7934234338,40,2036.2,2142.4,2302,0,0,738600.683394599,0,0,0
69988.8334225002,40,2049.2,2185.2,2433.4,0,0,738600.683395062,0,0,0
69988.8734215666,40,2061.2,2233.4,2548.6,0,0,738600.683395525,0,0,0
69988.913420633,40,2079.6,2265.2,2592.2,0,0,738600.683395988,0,0,0
69988.9534196994,40,2084,2272.8,2609.6,0,0,738600.683396451,0,0,0
69988.9934187658,40,2072.4,2253.4,2605,0,0,738600.683396914,0,0,0
69989.0334178322,40,2063.4,2237.6,2579.4,0,0,738600.683397377,0,0,0
69989.0734168986,40,2054.4,2204.2,2519.2,0,0,738600.68339784,0,0,0
69989.113415965,40,2042.8,2167.2,2418.4,0,0,738600.683398303,0,0,0
69989.1534150314,40,2038.4,2136,2304.8,0,0,738600.683398766,0,0,0
69989.1934140978,40,2019,2106.8,2200.6,0,0,738600.683399229,0,0,0
69989.2334131642,40,2017.2,2084,2136.4,0,0,738600.683399692,0,0,0
69989.2734122306,40,2015.8,2080.2,2104.2,0,0,738600.683400155,0,0,0
69989.313411297,40,2013.4,2084.6,2114.8,0,0,738600.683400618,0,0,0
69989.3534103634,40,2019.8,2099.8,2166,0,0,738600.683401081,0,0,0
69989.3934094298,40,2029.2,2124.4,2265.6,0,0,738600.683401544,0,0,0
69989.4334084962,40,2041.4,2168.4,2411.8,0,0,738600.683402007,0,0,0
69989.4734075626,40,2059,2218.2,2546.4,0,0,738600.68340247,0,0,0
69989.513406629,40,2082,2269.6,2606.6,0,0,738600.683402933,0,0,0
69989.5534056954,40,2085.6,2285.2,2615.4,0,0,738600.683403396,0,0,0
69989.5934047618,40,2078.6,2272.8,2614.2,0,0,738600.683403859,0,0,0
69989.6334038282,40,2068.2,2243.2,2588.8,0,0,738600.683404322,0,0,0
69989.6734028946,40,2057.6,2212.4,2530.4,0,0,738600.683404784,0,0,0
69989.713401961,40,2043.4,2175.4,2440.2,0,0,738600.683405247,0,0,0
69989.7534010274,40,2034.4,2143.4,2329.4,0,0,738600.68340571,0,0,0
69989.7934000938,40,2027,2111,2227.2,0,0,738600.683406173,0,0,0
69989.8333991602,40,2018.2,2090,2154.6,0,0,738600.683406636,0,0,0
69989.8733982266,40,2012.6,2078,2111.2,0,0,738600.683407099,0,0,0
69989.913397293,40,2013.4,2074.2,2102.6,0,0,738600.683407562,0,0,0
69989.9533963594,40,2020.2,2084.4,2114.4,0,0,738600.683408025,0,0,0
69989.9933954258,40,2019.8,2096.6,2170.4,0,0,738600.683408488,0,0,0
69990.0333944922,40,2032.4,2128.4,2291.8,0,0,738600.683408951,0,0,0
69990.0733935586,40,2049.2,2191,2465,0,0,738600.683409414,0,0,0
69990.113392625,40,2078.8,2259,2585.6,0,0,738600.683409877,0,0,0
69990.1533916914,40,2096.6,2304.2,2604.4,0,0,738600.68341034,0,0,0
69990.1933907578,40,2102.4,2312.4,2601.6,0,0,738600.683410803,0,0,0
69990.2333898242,40,2092.8,2304.2,2617.8,0,0,738600.683411266,0,0,0
69990.2733888906,40,2084.4,2278.6,2614.2,0,0,738600.683411729,0,0,0
69990.313387957,40,2071.6,2253.2,2585.6,0,0,738600.683412192,0,0,0
69990.3533870234,40,2061.2,2223.8,2537.2,0,0,738600.683412655,0,0,0
69990.3933860898,40,2047.4,2182.2,2437.2,0,0,738600.683413118,0,0,0
69990.4333851562,40,2033.8,2141.6,2311.8,0,0,738600.683413581,0,0,0
69990.4733842226,40,2025.8,2109,2204.2,0,0,738600.683414044,0,0,0
69990.513383289,40,2017.4,2090,2133.2,0,0,738600.683414506,0,0,0
69990.5533823554,40,2016.4,2081.8,2102.2,0,0,738600.683414969,0,0,0
69990.5933814218,40,2015.6,2079.6,2116.6,0,0,738600.683415432,0,0,0
69990.6333804882,40,2022,2094.6,2159.2,0,0,738600.683415895,0,0,0
69990.6733795546,40,2028,2120.6,2235.6,0,0,738600.683416358,0,0,0
69990.713378621,40,2040.8,2155.6,2348.6,0,0,738600.683416821,0,0,0
69990.7533776874,40,2056.6,2199.8,2478.6,0,0,738600.683417284,0,0,0
69990.7933767538,40,2070.6,2245.4,2576.8,0,0,738600.683417747,0,0,0
69990.8333758202,40,2085.6,2274.2,2610.2,0,0,738600.68341821,0,0,0
69990.8733748866,40,2083.2,2279.2,2615.8,0,0,738600.683418673,0,0,0
69990.913373953,40,2075.2,2260,2599.2,0,0,738600.683419136,0,0,0
69990.9533730194,40,2066.4,2243.2,2571.8,0,0,738600.683419599,0,0,0
69990.9933720858,40,2057,2202.2,2503.8,0,0,738600.683420062,0,0,0
69991.0333711522,40,2045.8,2162.8,2406.2,0,0,738600.683420525,0,0,0
69991.0733702186,40,2028.2,2128.8,2281,0,0,738600.683420988,0,0,0
69991.113369285,40,2018.2,2104.8,2196.2,0,0,738600.683421451,0,0,0
69991.1533683514,40,2016.2,2084.8,2133,0,0,738600.683421914,0,0,0
69991.1933674178,40,2010.8,2078.8,2104.2,0,0,738600.683422377,0,0,0
69991.2333664842,40,2015.2,2084.8,2119,0,0,738600.68342284,0,0,0
69991.2733655506,40,2021,2099.4,2169.8,0,0,738600.683423302,0,0,0
69991.313364617,40,2031,2126.6,2262,0,0,738600.683423765,0,0,0
69991.3533636834,40,2043.6,2164.2,2393.6,0,0,738600.683424228,0,0,0
69991.3933627498,40,2058.4,2218.8,2525.4,0,0,738600.683424691,0,0,0
69991.4333618162,40,2074.4,2264,2598.8,0,0,738600.683425154,0,0,0
69991.4733608826,40,2084.8,2282.4,2613.8,0,0,738600.683425617,0,0,0
69991.513359949,40,2085.6,2282.8,2615,0,0,738600.68342608,0,0,0
69991.5533590154,40,2077.4,2260.4,2594.2,0,0,738600.683426543,0,0,0
69991.5933580818,40,2066.4,2235.2,2552,0,0,738600.683427006,0,0,0
69991.6333571482,40,2050.8,2200.8,2489,0,0,738600.683427469,0,0,0
69991.6733562146,40,2043,2161.2,2386.2,0,0,738600.683427932,0,0,0
69991.713355281,40,2031,2125,2267,0,0,738600.683428395,0,0,0
69991.7533543474,40,2020,2097,2176.6,0,0,738600.683428858,0,0,0
69991.7933534138,40,2014.4,2081,2115.2,0,0,738600.683429321,0,0,0
69991.8333524802,40,2009.4,2077.6,2095.6,0,0,738600.683429784,0,0,0
69991.8733515466,40,2015.2,2082.6,2118.8,0,0,738600.683430247,0,0,0
69991.913350613,40,2024,2098.8,2170.4,0,0,738600.68343071,0,0,0
69991.9533496794,40,2026.6,2125,2263.8,0,0,738600.683431173,0,0,0
69991.9933487458,40,2044,2161.4,2392.2,0,0,738600.683431636,0,0,0
69992.0333478122,40,2055.2,2214.4,2518.4,0,0,738600.683432099,0,0,0
69992.0733468786,40,2071,2257.8,2600.6,0,0,738600.683432562,0,0,0
69992.113345945,40,2081,2283.8,2617.2,0,0,738600.683433025,0,0,0
69992.1533450114,40,2081.8,2275.4,2611.2,0,0,738600.683433487,0,0,0
69992.1933440778,40,2071.6,2249.6,2590.8,0,0,738600.68343395,0,0,0
69992.2333431442,40,2060,2221,2541,0,0,738600.683434413,0,0,0
69992.2733422106,40,2047,2182.4,2452,0,0,738600.683434876,0,0,0
69992.313341277,40,2033.6,2144.8,2345,0,0,738600.683435339,0,0,0
69992.3533403434,40,2024,2113,2235,0,0,738600.683435802,0,0,0
69992.3933394098,40,2020.4,2089.4,2154,0,0,738600.683436265,0,0,0
69992.4333384762,40,2012.2,2075.8,2107.6,0,0,738600.683436728,0,0,0
69992.4733375426,40,2013.4,2079.2,2102.8,0,0,738600.683437191,0,0,0
69992.513336609,40,2017.2,2086.6,2134.2,0,0,738600.683437654,0,0,0
69992.5533356754,40,2023,2101.8,2196.4,0,0,738600.683438117,0,0,0
69992.5933347418,40,2032.2,2137,2304.2,0,0,738600.68343858,0,0,0
69992.6333338082,40,2048,2186,2448,0,0,738600.683439043,0,0,0
69992.6733328746,40,2065.8,2237.8,2565.8,0,0,738600.683439506,0,0,0
69992.713331941,40,2084.2,2276.2,2612,0,0,738600.683439969,0,0,0
69992.7533310074,40,2087.8,2280.2,2620.4,0,0,738600.683440432,0,0,0
69992.7933300738,40,2081.2,2274,2612.2,0,0,738600.683440895,0,0,0
69992.8333291402,40,2071.2,2249.8,2582,0,0,738600.683441358,0,0,0
69992.8733282066,40,2060.4,2210.2,2515.4,0,0,738600.683441821,0,0,0
69992.913327273,40,2043.8,2170.4,2418.2,0,0,738600.683442284,0,0,0
69992.9533263394,40,2035.8,2140.4,2300.2,0,0,738600.683442747,0,0,0
69992.9933254058,40,2020,2101,2193.6,0,0,738600.68344321,0,0,0
69993.0333244722,40,2013,2081.4,2120.8,0,0,738600.683443672,0,0,0
69993.0733235386,40,2008,2069.2,2088,0,0,738600.683444135,0,0,0
69993.113322605,40,2007.2,2068.8,2085.4,0,0,738600.683444598,0,0,0
69993.1533216714,40,2012,2078.4,2112.2,0,0,738600.683445061,0,0,0
69993.1933207378,40,2018,2096.8,2162.4,0,0,738600.683445524,0,0,0
69993.2333198042,40,2028,2123.4,2250.2,0,0,738600.683445987,0,0,0
69993.2733188706,40,2044.4,2164,2381.6,0,0,738600.68344645,0,0,0
69993.313317937,40,2062.4,2211.4,2519.8,0,0,738600.683446913,0,0,0
69993.3533170034,40,2076.4,2256.2,2593.6,0,0,738600.683447376,0,0,0
69993.3933160698,40,2077.8,2268.2,2611,0,0,738600.683447839,0,0,0
69993.4333151362,40,2075.6,2265.6,2596,0,0,738600.683448302,0,0,0
69993.4733142026,40,2069.8,2243.6,2568.4,0,0,738600.683448765,0,0,0
69993.513313269,40,2056.6,2210.8,2503.4,0,0,738600.683449228,0,0,0
69993.5533123354,40,2045.4,2178,2409.2,0,0,738600.683449691,0,0,0
69993.5933114018,40,2035,2138.2,2293.8,0,0,738600.683450154,0,0,0
69993.6333104682,40,2023,2100.6,2186.6,0,0,738600.683450617,0,0,0
69993.6733095346,40,2016.2,2085.2,2129.6,0,0,738600.68345108,0,0,0
69993.713308601,40,2013.2,2072.2,2091.2,0,0,738600.683451543,0,0,0
69993.7533076674,40,2011,2072.2,2096.2,0,0,738600.683452006,0,0,0
69993.7933067338,40,2014.8,2086,2124.8,0,0,738600.683452468,0,0,0
69993.8333058002,40,2018.8,2099.6,2178.2,0,0,738600.683452931,0,0,0
69993.8733048666,40,2032.2,2126.8,2267,0,0,738600.683453394,0,0,0
69993.913303933,40,2040.2,2162.4,2391.8,0,0,738600.683453857,0,0,0
69993.9533029994,40,2057.4,2209,2517.6,0,0,738600.68345432,0,0,0
69993.9933020658,40,2072.4,2250.8,2589.2,0,0,738600.683454783,0,0,0
69994.0333011322,40,2076.6,2269.2,2600.8,0,0,738600.683455246,0,0,0
69994.0733001986,40,2071.8,2255.4,2595,0,0,738600.683455709,0,0,0
69994.113299265,40,2065.4,2230,2547,0,0,738600.683456172,0,0,0
69994.1532983314,40,2051.6,2190.4,2466.8,0,0,738600.683456635,0,0,0
69994.1932973978,40,2041.2,2153,2359.2,0,0,738600.683457098,0,0,0
69994.2332964642,40,2023,2120,2249.8,0,0,738600.683457561,0,0,0
69994.2732955306,40,2019.8,2094.8,2169.6,0,0,738600.683458024,0,0,0
69994.313294597,40,2012.8,2078,2116.4,0,0,738600.683458487,0,0,0
69994.3532936634,40,2014.6,2074.2,2090.2,0,0,738600.68345895,0,0,0
69994.3932927298,40,2008.6,2073.8,2096.2,0,0,738600.683459413,0,0,0
69994.4332917962,40,2015.8,2089.6,2136.4,0,0,738600.683459876,0,0,0
69994.4732908626,40,2028.8,2110.4,2220.8,0,0,738600.683460339,0,0,0
69994.513289929,40,2036,2146,2345.6,0,0,738600.683460802,0,0,0
69994.5532889954,40,2054,2203.2,2500.8,0,0,738600.683461265,0,0,0
69994.5932880618,40,2075.8,2255,2592,0,0,738600.683461728,0,0,0
69994.6332871282,40,2085.8,2287.2,2614.4,0,0,738600.683462191,0,0,0
69994.6732861946,40,2084.6,2286,2616.6,0,0,738600.683462653,0,0,0
69994.713285261,40,2076.8,2267,2608.2,0,0,738600.683463116,0,0,0
69994.7532843274,40,2080.8,2258.8,2578.8,0,0,738600.683463579,0,0,0
69994.7932833938,40,2065,2222.2,2517.2,0,0,738600.683464042,0,0,0
69994.8332824602,40,2045.6,2186.8,2430,0,0,738600.683464505,0,0,0
69994.8732815266,40,2037.4,2142,2321.4,0,0,738600.683464968,0,0,0
69994.913280593,40,2027.6,2112,2216.4,0,0,738600.683465431,0,0,0
69994.9532796594,40,2014.8,2091.2,2150.8,0,0,738600.683465894,0,0,0
69994.9932787258,40,2010.2,2076,2104.2,0,0,738600.683466357,0,0,0
69995.0332777922,40,2011.4,2076.2,2102.2,0,0,738600.68346682,0,0,0
69995.0732768586,40,2015.8,2082.6,2121.6,0,0,738600.683467283,0,0,0
69995.113275925,40,2023.2,2101,2184.2,0,0,738600.683467746,0,0,0
69995.1532749914,40,2030,2129.2,2288.2,0,0,738600.683468209,0,0,0
69995.1932740578,40,2043.6,2175.6,2432.6,0,0,738600.683468672,0,0,0
69995.2332731242,40,2064.2,2234.2,2565.2,0,0,738600.683469135,0,0,0
69995.2732721906,40,2079.8,2270.8,2608.8,0,0,738600.683469598,0,0,0
69995.313271257,40,2092.8,2297.6,2620,0,0,738600.683470061,0,0,0
69995.3532703234,40,2088.4,2288.2,2619.4,0,0,738600.683470524,0,0,0
69995.3932693898,40,2075.4,2264.8,2608.4,0,0,738600.683470987,0,0,0
69995.4332684562,40,2065.6,2233.8,2569.4,0,0,738600.68347145,0,0,0
69995.4732675226,40,2048.6,2195,2481.8,0,0,738600.683471913,0,0,0
69995.513266589,40,2038.6,2153.8,2363.4,0,0,738600.683472376,0,0,0
69995.5532656554,40,2027.6,2116.4,2252.2,0,0,738600.683472838,0,0,0
69995.5932647218,40,2019.8,2094.6,2164.4,0,0,738600.683473301,0,0,0
69995.6332637882,40,2007,2082.6,2121.4,0,0,738600.683473764,0,0,0
69995.6732628546,40,2009.6,2073.4,2092.8,0,0,738600.683474227,0,0,0
69995.713261921,40,2013.8,2082.2,2113,0,0,738600.68347469,0,0,0
69995.7532609874,40,2017.8,2091,2155.4,0,0,738600.683475153,0,0,0
69995.7932600538,40,2026.2,2114.2,2222,0,0,738600.683475616,0,0,0
69995.8332591202,40,2034.2,2142,2333.2,0,0,738600.683476079,0,0,0
69995.8732581866,40,2047,2184.8,2456.8,0,0,738600.683476542,0,0,0
69995.913257253,40,2062.4,2230.4,2553.4,0,0,738600.683477005,0,0,0
69995.9532563194,40,2076.2,2257.6,2600.2,0,0,738600.683477468,0,0,0
69995.9932553858,40,2078,2265.6,2601,0,0,738600.683477931,0,0,0
69996.0332544522,40,2069.8,2236.2,2576.4,0,0,738600.683478394,0,0,0
69996.0732535186,40,2055,2210.2,2527.4,0,0,738600.683478857,0,0,0
69996.113252585,40,2049.4,2178.6,2445,0,0,738600.68347932,0,0,0
69996.1532516514,40,2037,2147.2,2335,0,0,738600.683479783,0,0,0
69996.1932507178,40,2027.2,2112.2,2227.2,0,0,738600.683480246,0,0,0
69996.2332497842,40,2018.2,2089.8,2148.2,0,0,738600.683480709,0,0,0
69996.2732488506,40,2012.8,2075,2106.2,0,0,738600.683481172,0,0,0
69996.313247917,40,2011.2,2072,2090,0,0,738600.683481634,0,0,0
69996.3532469834,40,2016.8,2085,2104.8,0,0,738600.683482097,0,0,0
69996.3932460498,40,2013.2,2083.2,2132,0,0,738600.68348256,0,0,0
69996.4332451162,40,2022.2,2104.2,2200,0,0,738600.683483023,0,0,0
69996.4732441826,40,2036,2144,2307.8,0,0,738600.683483486,0,0,0
69996.513243249,40,2048.6,2184.4,2460.8,0,0,738600.683483949,0,0,0
69996.5532423154,40,2064.6,2240.2,2580.2,0,0,738600.683484412,0,0,0
69996.5932413818,40,2079.8,2274.2,2609.6,0,0,738600.683484875,0,0,0
69996.6332404482,40,2077.4,2275,2618.2,0,0,738600.683485338,0,0,0
69996.6732395146,40,2073.2,2258,2596.8,0,0,738600.683485801,0,0,0
69996.713238581,40,2062.6,2227.4,2553.8,0,0,738600.683486264,0,0,0
69996.7532376474,40,2050.4,2195.2,2479.6,0,0,738600.683486727,0,0,0
69996.7932367138,40,2039,2159.6,2372.6,0,0,738600.68348719,0,0,0
69996.8332357802,40,2031.4,2119.6,2260.6,0,0,738600.683487653,0,0,0
69996.8732348466,40,2021.6,2100,2176.2,0,0,738600.683488116,0,0,0
69996.913233913,40,2015,2082.4,2127,0,0,738600.683488579,0,0,0
69996.9532329794,40,2012.6,2077.2,2096,0,0,738600.683489042,0,0,0
69996.9932320458,40,2013.6,2076.2,2104.8,0,0,738600.683489505,0,0,0
69997.0332311122,40,2014,2087.4,2137.2,0,0,738600.683489968,0,0,0
69997.0732301786,40,2023.8,2106.4,2196.6,0,0,738600.683490431,0,0,0
69997.113229245,40,2035.6,2137.6,2302,0,0,738600.683490894,0,0,0
69997.1532283114,40,2042.6,2173.2,2428.6,0,0,738600.683491357,0,0,0
69997.1932273778,40,2061.8,2220.6,2542.6,0,0,738600.683491819,0,0,0
69997.2332264442,40,2073.8,2260.4,2598.6,0,0,738600.683492282,0,0,0
69997.2732255106,40,2078.8,2269.2,2604.8,0,0,738600.683492745,0,0,0
69997.313224577,40,2069.2,2252,2586.6,0,0,738600.683493208,0,0,0
69997.3532236434,40,2056,2217.4,2540.6,0,0,738600.683493671,0,0,0
69997.3932227098,40,2050.4,2183.6,2455.6,0,0,738600.683494134,0,0,0
69997.4332217762,40,2037.6,2145.8,2345.2,0,0,738600.683494597,0,0,0
69997.4732208426,40,2024.4,2114.6,2248.6,0,0,738600.68349506,0,0,0
69997.513219909,40,2024.4,2099.2,2167,0,0,738600.683495523,0,0,0
69997.5532189754,40,2017.8,2078,2116,0,0,738600.683495986,0,0,0
69997.5932180418,40,2009.8,2080,2100.4,0,0,738600.683496449,0,0,0
69997.6332171082,40,2011.2,2078.6,2098.8,0,0,738600.683496912,0,0,0
69997.6732161746,40,2017.2,2084,2126.8,0,0,738600.683497375,0,0,0
69997.713215241,40,2022.6,2099.8,2185,0,0,738600.683497838,0,0,0
69997.7532143074,40,2030.4,2131.6,2269.2,0,0,738600.683498301,0,0,0
69997.7932133738,40,2041.6,2162.8,2389.4,0,0,738600.683498764,0,0,0
69997.8332124402,40,2058,2218,2507.4,0,0,738600.683499227,0,0,0
69997.8732115066,40,2076.4,2256.4,2558.2,0,0,738600.68349969,0,0,0
69997.913210573,40,2090.2,2278,2574.2,0,0,738600.683500153,0,0,0
69997.9532096394,40,2085.4,2282.4,2571.6,0,0,738600.683500616,0,0,0
69997.9932087058,40,2080,2262.2,2568.2,0,0,738600.683501079,0,0,0
69998.0332077722,40,2070.4,2243.4,2545,0,0,738600.683501541,0,0,0
69998.0732068386,40,2053.8,2208.4,2493.4,0,0,738600.683502004,0,0,0
69998.113205905,40,2045,2165.8,2383.6,0,0,738600.683502467,0,0,0
69998.1532049714,40,2029.8,2125.8,2253.4,0,0,738600.68350293,0,0,0
69998.1932040378,40,2017.6,2094.6,2160.8,0,0,738600.683503393,0,0,0
69998.2332031042,40,2013.4,2074,2094.6,0,0,738600.683503856,0,0,0
69998.2732021706,40,2009.6,2065.6,2067.4,0,0,738600.683504319,0,0,0
69998.313201237,40,2007,2061.8,2066.2,0,0,738600.683504782,0,0,0
69998.3532003034,40,2007.8,2069,2075.8,0,0,738600.683505245,0,0,0
69998.3931993698,40,2011.8,2077.2,2105.8,0,0,738600.683505708,0,0,0
69998.4331984362,40,2022.6,2093.8,2153.2,0,0,738600.683506171,0,0,0
69998.4731975026,40,2029.6,2120.8,2242.8,0,0,738600.683506634,0,0,0
69998.513196569,40,2043.2,2161,2360,0,0,738600.683507097,0,0,0
69998.5531956354,40,2058.2,2209.4,2458.4,0,0,738600.68350756,0,0,0
69998.5931947018,40,2074.8,2248,2513.4,0,0,738600.683508023,0,0,0
69998.6331937682,40,2089,2274.2,2522.8,0,0,738600.683508486,0,0,0
69998.6731928346,40,2085.6,2266.4,2528.2,0,0,738600.683508949,0,0,0
69998.713191901,40,2072.6,2243,2519.4,0,0,738600.683509412,0,0,0
69998.7531909674,40,2058.2,2203.8,2467.4,0,0,738600.683509875,0,0,0
69998.7931900338,40,2033.2,2155,2347,0,0,738600.683510337,0,0,0
69998.8331891002,40,2026.6,2118.4,2233.6,0,0,738600.6835108,0,0,0
69998.8731881666,40,2017.4,2090.8,2139,0,0,738600.683511263,0,0,0
69998.913187233,40,2012.4,2074.8,2092.2,0,0,738600.683511726,0,0,0
69998.9531862994,40,2003.8,2063,2069.2,0,0,738600.683512189,0,0,0
69998.9931853658,40,2009.2,2061.8,2060.8,0,0,738600.683512652,0,0,0
69999.0331844322,40,2005.2,2066,2076.6,0,0,738600.683513115,0,0,0
69999.0731834986,40,2013.4,2073,2100,0,0,738600.683513578,0,0,0
69999.113182565,40,2018.6,2094,2154.2,0,0,738600.683514041,0,0,0
69999.1531816314,40,2029.4,2126.6,2253.2,0,0,738600.683514504,0,0,0
69999.1931806978,40,2047,2170.2,2397.8,0,0,738600.683514967,0,0,0
69999.2331797642,40,2067,2234.6,2498.6,0,0,738600.68351543,0,0,0
69999.2731788306,40,2099.6,2283.4,2507.2,0,0,738600.683515893,0,0,0
69999.313177897,40,2109.4,2307,2508.6,0,0,738600.683516356,0,0,0
69999.3531769634,40,2108.2,2314.8,2536,0,0,738600.683516819,0,0,0
69999.3931760298,40,2096.8,2297.4,2558.2,0,0,738600.683517282,0,0,0
69999.4331750962,40,2079.2,2263.2,2547.2,0,0,738600.683517745,0,0,0
69999.4731741626,40,2057.8,2206,2474.2,0,0,738600.683518208,0,0,0
69999.513173229,40,2038.6,2153.2,2347.4,0,0,738600.683518671,0,0,0
69999.5531722954,40,2032,2118,2223.8,0,0,738600.683519134,0,0,0
69999.5931713618,40,2018,2091.6,2142.4,0,0,738600.683519597,0,0,0
69999.6331704282,40,2012.6,2078,2096.8,0,0,738600.68352006,0,0,0
69999.6731694946,40,2004.6,2065.4,2067,0,0,738600.683520522,0,0,0
69999.713168561,40,2007.8,2062.4,2064.8,0,0,738600.683520985,0,0,0
69999.7531676274,40,2008,2069.4,2078.8,0,0,738600.683521448,0,0,0
69999.7931666938,40,2015.2,2080.4,2106.4,0,0,738600.683521911,0,0,0
69999.8331657602,40,2017.4,2096.6,2154.6,0,0,738600.683522374,0,0,0
69999.8731648266,40,2027.8,2116.4,2251,0,0,738600.683522837,0,0,0
69999.913163893,40,2044.6,2167.6,2375.8,0,0,738600.6835233,0,0,0
69999.9531629594,40,2061.2,2214.4,2473.8,0,0,738600.683523763,0,0,0
69999.9931620258,40,2081.8,2257.6,2506.8,0,0,738600.683524226,0,0,0
70000.0331610922,40,2098.8,2291.4,2506.2,0,0,738600.683524689,0,0,0
70000.0731601586,40,2107.8,2306,2524.6,0,0,738600.683525152,0,0,0
70000.113159225,40,2110.2,2308.2,2528.8,0,0,738600.683525615,0,0,0
70000.1531582914,40,2097.8,2297.8,2543.2,0,0,738600.683526078,0,0,0
70000.1931573578,40,2087.4,2278,2552.8,0,0,738600.683526541,0,0,0
70000.2331564242,40,2074.4,2253.6,2549.2,0,0,738600.683527004,0,0,0
70000.2731554906,40,2073.6,2238.2,2552.2,0,0,738600.683527467,0,0,0
70000.313154557,40,2065.8,2227.8,2547,0,0,738600.68352793,0,0,0
70000.3531536234,40,2064.2,2225.8,2537.2,0,0,738600.683528393,0,0,0
70000.3931526898,40,2069.4,2226,2528.6,0,0,738600.683528856,0,0,0
70000.4331517562,40,2063.8,2220.8,2524.8,0,0,738600.683529319,0,0,0
70000.4731508226,40,2059.2,2218.8,2505.4,0,0,738600.683529782,0,0,0
70000.513149889,40,2063.6,2216.4,2494.4,0,0,738600.683530245,0,0,0
70000.5531489554,40,2059.4,2210.4,2489.4,0,0,738600.683530707,0,0,0
70000.5931480218,40,2061.6,2213.4,2484.6,0,0,738600.68353117,0,0,0
70000.6331470882,40,2060.6,2209.6,2487.8,0,0,738600.683531633,0,0,0
70000.6731461546,40,2057.4,2206.4,2489.6,0,0,738600.683532096,0,0,0
70000.713145221,40,2056.8,2203.8,2483.2,0,0,738600.683532559,0,0,0
70000.7531442874,40,2058,2199.4,2479.4,0,0,738600.683533022,0,0,0
70000.7931433538,40,2052.8,2197.6,2472.8,0,0,738600.683533485,0,0,0
70000.8331424202,40,2051.6,2195,2468.8,0,0,738600.683533948,0,0,0
70000.8731414866,40,2051,2189,2459,0,0,738600.683534411,0,0,0
70000.913140553,40,2054.4,2193.6,2450.2,0,0,738600.683534874,0,0,0
70000.9531396194,40,2050.4,2190.4,2440.2,0,0,738600.683535337,0,0,0
70000.9931386858,40,2049.4,2188.8,2437.6,0,0,738600.6835358,0,0,0
70001.0331377522,40,2046.8,2186.4,2432,0,0,738600.683536263,0,0,0
70001.0731368186,40,2047,2180,2427.4,0,0,738600.683536726,0,0,0
70001.113135885,40,2048.6,2186.8,2417.8,0,0,738600.683537189,0,0,0
70001.1531349514,40,2053.4,2185.6,2404.6,0,0,738600.683537652,0,0,0
70001.1931340178,40,2054.6,2199.2,2426.4,0,0,738600.683538115,0,0,0
70001.2331330842,40,2061.2,2212.4,2466.2,0,0,738600.683538578,0,0,0
70001.2731321506,40,2067.4,2227.8,2498.4,0,0,738600.683539041,0,0,0
70001.313131217,40,2074.8,2244,2517.8,0,0,738600.683539503,0,0,0
70001.3531302834,40,2077,2251.6,2523.8,0,0,738600.683539966,0,0,0
70001.3931293498,40,2072.8,2241,2525.2,0,0,738600.683540429,0,0,0
70001.4331284162,40,2064.4,2227,2518,0,0,738600.683540892,0,0,0
70001.4731274826,40,2055,2206.4,2489.4,0,0,738600.683541355,0,0,0
70001.513126549,40,2044.4,2170.4,2408,0,0,738600.683541818,0,0,0
70001.5531256154,40,2037,2140,2307,0,0,738600.683542281,0,0,0
70001.5931246818,40,2025.2,2110.6,2214,0,0,738600.683542744,0,0,0
70001.6331237482,40,2017.8,2095.6,2148,0,0,738600.683543207,0,0,0
70001.6731228146,40,2018,2079.2,2105.6,0,0,738600.68354367,0,0,0
70001.713121881,40,2009.2,2061.8,2081,0,0,738600.683544133,0,0,0
70001.7531209474,40,2008.4,2063.6,2069.6,0,0,738600.683544596,0,0,0
70001.7931200138,40,2008.2,2065,2066,0,0,738600.683545059,0,0,0
70001.8331190802,40,2007.4,2066.4,2077.6,0,0,738600.683545522,0,0,0
70001.8731181466,40,2010.6,2076.2,2112.4,0,0,738600.683545985,0,0,0
70001.913117213,40,2020,2100.2,2164.6,0,0,738600.683546448,0,0,0
70001.9531162794,40,2031.4,2123.8,2247.8,0,0,738600.683546911,0,0,0
70001.9931153458,40,2044.8,2163,2360.2,0,0,738600.683547374,0,0,0
70002.0331144122,40,2057.8,2207.4,2467.2,0,0,738600.683547837,0,0,0
70002.0731134786,40,2077,2246.2,2518,0,0,738600.6835483,0,0,0
70002.113112545,40,2080.6,2263.8,2548.6,0,0,738600.683548763,0,0,0
70002.1531116114,40,2080.6,2263.4,2555.6,0,0,738600.683549226,0,0,0
70002.1931106778,40,2071.6,2242,2541.6,0,0,738600.683549688,0,0,0
70002.2331097442,40,2061,2211.4,2508.6,0,0,738600.683550151,0,0,0
70002.2731088106,40,2046.8,2176.4,2444.2,0,0,738600.683550614,0,0,0
70002.313107877,40,2035.2,2146.8,2345.2,0,0,738600.683551077,0,0,0
70002.3531069434,40,2027,2116.2,2248.4,0,0,738600.68355154,0,0,0
70002.3931060098,40,2018,2095.6,2168.4,0,0,738600.683552003,0,0,0
70002.4331050762,40,2011.6,2079.8,2118,0,0,738600.683552466,0,0,0
70002.4731041426,40,2010,2071.2,2084.6,0,0,738600.683552929,0,0,0
70002.513103209,40,2015,2072,2095.6,0,0,738600.683553392,0,0,0
70002.5531022754,40,2012.4,2086.4,2133.2,0,0,738600.683553855,0,0,0
70002.5931013418,40,2026,2101.6,2198.8,0,0,738600.683554318,0,0,0
70002.6331004082,40,2036.8,2142.2,2318,0,0,738600.683554781,0,0,0
70002.6730994746,40,2046.2,2185.6,2468.8,0,0,738600.683555244,0,0,0
70002.713098541,40,2069.6,2240.2,2571.6,0,0,738600.683555707,0,0,0
70002.7530976074,40,2085.4,2280.8,2617.2,0,0,738600.68355617,0,0,0
70002.7930966738,40,2085.8,2285.6,2617,0,0,738600.683556633,0,0,0
70002.8330957402,40,2083,2276.6,2615.8,0,0,738600.683557096,0,0,0
70002.8730948066,40,2080.2,2265.6,2593.6,0,0,738600.683557559,0,0,0
70002.913093873,40,2065,2236,2547,0,0,738600.683558022,0,0,0
70002.9530929394,40,2053.4,2199.6,2470.4,0,0,738600.683558485,0,0,0
70002.9930920058,40,2042.6,2159.8,2359.8,0,0,738600.683558948,0,0,0
70003.0330910722,40,2030.4,2122.6,2250.2,0,0,738600.683559411,0,0,0
70003.0730901386,40,2019.2,2097.2,2159.6,0,0,738600.683559873,0,0,0
70003.113089205,40,2016.2,2078.8,2105.6,0,0,738600.683560336,0,0,0
70003.1530882714,40,2008.6,2074.8,2092.8,0,0,738600.683560799,0,0,0
70003.1930873378,40,2018,2082.2,2109.6,0,0,738600.683561262,0,0,0
70003.2330864042,40,2017.2,2092.8,2149.8,0,0,738600.683561725,0,0,0
70003.2730854706,40,2028.8,2117.4,2229.2,0,0,738600.683562188,0,0,0
70003.313084537,40,2036.4,2154,2362,0,0,738600.683562651,0,0,0
70003.3530836034,40,2049,2197.6,2501.6,0,0,738600.683563114,0,0,0
70003.3930826698,40,2068.2,2242,2584.8,0,0,738600.683563577,0,0,0
70003.4330817362,40,2079.4,2268.6,2611.2,0,0,738600.68356404,0,0,0
70003.4730808026,40,2076.6,2261.4,2596.8,0,0,738600.683564503,0,0,0
70003.513079869,40,2067,2244,2583.8,0,0,738600.683564966,0,0,0
70003.5530789354,40,2061.4,2221.4,2551,0,0,738600.683565429,0,0,0
70003.5930780018,40,2053.8,2195.4,2490.6,0,0,738600.683565892,0,0,0
70003.6330770682,40,2039.4,2161,2405.8,0,0,738600.683566355,0,0,0
70003.6730761346,40,2034.8,2136.2,2312.2,0,0,738600.683566818,0,0,0
70003.713075201,40,2020.4,2106.8,2217.2,0,0,738600.683567281,0,0,0
70003.7530742674,40,2017.4,2088.4,2147.4,0,0,738600.683567744,0,0,0
70003.7930733338,40,2014.8,2076.6,2106.8,0,0,738600.683568207,0,0,0
70003.8330724002,40,2014.2,2075.8,2094,0,0,738600.683568669,0,0,0
70003.8730714666,40,2018.8,2085.8,2133,0,0,738600.683569132,0,0,0
70003.913070533,40,2025,2112,2217.8,0,0,738600.683569595,0,0,0
70003.9530695994,40,2037.8,2156.2,2369,0,0,738600.683570058,0,0,0
70003.9930686658,40,2063.4,2220.8,2541.6,0,0,738600.683570521,0,0,0
70004.0330677322,40,2079.6,2281.8,2611.2,0,0,738600.683570984,0,0,0
70004.0730667986,40,2104.4,2315.6,2608.6,0,0,738600.683571447,0,0,0
70004.113065865,40,2112,2323,2601,0,0,738600.68357191,0,0,0
70004.1530649314,40,2098.2,2310.8,2610.4,0,0,738600.683572373,0,0,0
70004.1930639978,40,2096.8,2299.4,2607.6,0,0,738600.683572836,0,0,0
70004.2330630642,40,2087.4,2279.8,2602.2,0,0,738600.683573299,0,0,0
70004.2730621306,40,2068.6,2244.8,2578.2,0,0,738600.683573762,0,0,0
70004.313061197,40,2049.6,2192.8,2475,0,0,738600.683574225,0,0,0
70004.3530602634,40,2040.4,2153.4,2361.8,0,0,738600.683574688,0,0,0
70004.3930593298,40,2026.2,2115.2,2231,0,0,738600.683575151,0,0,0
70004.4330583962,40,2017,2091.6,2147.2,0,0,738600.683575614,0,0,0
70004.4730574626,40,2012.6,2078,2114,0,0,738600.683576077,0,0,0
70004.513056529,40,2017.8,2085.6,2128,0,0,738600.68357654,0,0,0
70004.5530555954,40,2024.2,2101.8,2205.4,0,0,738600.683577003,0,0,0
70004.5930546618,40,2031.2,2141.2,2346.2,0,0,738600.683577466,0,0,0
70004.6330537282,40,2054.2,2209.8,2530.6,0,0,738600.683577929,0,0,0
70004.6730527946,40,2080.8,2270.6,2616.2,0,0,738600.683578392,0,0,0
70004.713051861,40,2101.4,2318.4,2615.8,0,0,738600.683578854,0,0,0
70004.7530509274,40,2113.2,2335.4,2589.2,0,0,738600.683579317,0,0,0
70004.7930499938,40,2105,2324.4,2605.2,0,0,738600.68357978,0,0,0
70004.8330490602,40,2087.6,2294.2,2626.4,0,0,738600.683580243,0,0,0
70004.8730481266,40,2078.6,2265.2,2608.2,0,0,738600.683580706,0,0,0
70004.913047193,40,2068.4,2229.6,2549.8,0,0,738600.683581169,0,0,0
70004.9530462594,40,2053.2,2184,2452.6,0,0,738600.683581632,0,0,0
70004.9930453258,40,2038.2,2144.2,2320.4,0,0,738600.683582095,0,0,0
70005.0330443922,40,2023.4,2107.8,2220,0,0,738600.683582558,0,0,0
70005.0730434586,40,2019.4,2087.8,2139.4,0,0,738600.683583021,0,0,0
70005.113042525,40,2009.2,2074.6,2101,0,0,738600.683583484,0,0,0
70005.1530415914,40,2012.8,2082.8,2116.6,0,0,738600.683583947,0,0,0
70005.1930406578,40,2017.2,2094.6,2159.6,0,0,738600.68358441,0,0,0
70005.2330397242,40,2029.4,2124.6,2268.8,0,0,738600.683584873,0,0,0
70005.2730387906,40,2049.8,2185.8,2445.6,0,0,738600.683585336,0,0,0
70005.313037857,40,2068.6,2252.4,2594.2,0,0,738600.683585799,0,0,0
70005.3530369234,40,2095.6,2303.8,2619.8,0,0,738600.683586262,0,0,0
70005.3930359898,40,2111.2,2326.6,2602.4,0,0,738600.683586725,0,0,0
70005.4330350562,40,2108.8,2320.6,2606.6,0,0,738600.683587188,0,0,0
70005.4730341226,40,2101.4,2309.2,2621.8,0,0,738600.683587651,0,0,0
70005.513033189,40,2091.4,2291.6,2606.6,0,0,738600.683588114,0,0,0
70005.5530322554,40,2075.6,2255.2,2583.4,0,0,738600.683588577,0,0,0
70005.5930313218,40,2059.2,2215.2,2530,0,0,738600.683589039,0,0,0
70005.6330303882,40,2043.6,2169.2,2418.8,0,0,738600.683589502,0,0,0
70005.6730294546,40,2032,2134,2288.2,0,0,738600.683589965,0,0,0
70005.713028521,40,2021.2,2101.2,2184.6,0,0,738600.683590428,0,0,0
70005.7530275874,40,2012.6,2086,2121.8,0,0,738600.683590891,0,0,0
70005.7930266538,40,2012.4,2076.6,2099.2,0,0,738600.683591354,0,0,0
70005.8330257202,40,2015.4,2078.2,2110,0,0,738600.683591817,0,0,0
70005.8730247866,40,2019.6,2094.8,2163.8,0,0,738600.68359228,0,0,0
70005.913023853,40,2027,2122,2266.2,0,0,738600.683592743,0,0,0
70005.9530229194,40,2043.8,2176.6,2417,0,0,738600.683593206,0,0,0
70005.9930219858,40,2069.6,2236.2,2542.2,0,0,738600.683593669,0,0,0
70006.0330210522,40,2087,2293.8,2595.6,0,0,738600.683594132,0,0,0
70006.0730201186,40,2104.6,2327.8,2604,0,0,738600.683594595,0,0,0
70006.113019185,40,2106,2328.8,2607,0,0,738600.683595058,0,0,0
70006.1530182514,40,2097.4,2319.4,2620.4,0,0,738600.683595521,0,0,0
70006.1930173178,40,2089.4,2293.4,2618,0,0,738600.683595984,0,0,0
70006.2330163842,40,2076.2,2262.6,2581.8,0,0,738600.683596447,0,0,0
70006.2730154506,40,2058.6,2213,2496.8,0,0,738600.68359691,0,0,0
70006.313014517,40,2042,2159.2,2367.2,0,0,738600.683597372,0,0,0
70006.3530135834,40,2028.6,2123,2238,0,0,738600.683597835,0,0,0
70006.3930126498,40,2023.2,2095.6,2154.6,0,0,738600.683598298,0,0,0
70006.4330117162,40,2016.4,2078.2,2103.2,0,0,738600.683598761,0,0,0
70006.4730107826,40,2014.2,2080.6,2103.4,0,0,738600.683599224,0,0,0
70006.513009849,40,2014.6,2088.2,2137.8,0,0,738600.683599687,0,0,0
70006.5530089154,40,2019,2106.8,2207.6,0,0,738600.68360015,0,0,0
70006.5930079818,40,2033.6,2142.2,2323,0,0,738600.683600613,0,0,0
70006.6330070482,40,2047.6,2183.8,2464.8,0,0,738600.683601076,0,0,0
70006.6730061146,40,2065,2233.6,2577,0,0,738600.683601539,0,0,0
70006.713005181,40,2081.2,2273.8,2613.4,0,0,738600.683602002,0,0,0
70006.7530042474,40,2088.2,2290.6,2618.8,0,0,738600.683602465,0,0,0
70006.7930033138,40,2086,2290.6,2617.6,0,0,738600.683602928,0,0,0
70006.8330023802,40,2079.8,2272.8,2616.6,0,0,738600.683603391,0,0,0
70006.8730014466,40,2067.2,2241.8,2588.6,0,0,738600.683603854,0,0,0
70006.913000513,40,2052.2,2199,2500.6,0,0,738600.683604317,0,0,0
70006.9529995794,40,2037.4,2158.8,2382.2,0,0,738600.68360478,0,0,0
70006.9929986458,40,2030,2119.8,2260.4,0,0,738600.683605243,0,0,0
70007.0329977122,40,2017.8,2097.2,2170.8,0,0,738600.683605706,0,0,0
70007.0729967786,40,2015.8,2081.6,2119.2,0,0,738600.683606169,0,0,0
70007.112995845,40,2012.6,2079.6,2107,0,0,738600.683606632,0,0,0
70007.1529949114,40,2018.6,2084.4,2123.2,0,0,738600.683607095,0,0,0
70007.1929939778,40,2019.8,2096.4,2167.2,0,0,738600.683607557,0,0,0
70007.2329930442,40,2022.8,2115,2232.2,0,0,738600.68360802,0,0,0
70007.2729921106,40,2032.6,2139.2,2332.8,0,0,738600.683608483,0,0,0
70007.312991177,40,2045,2175.4,2441.6,0,0,738600.683608946,0,0,0
70007.3529902434,40,2056.6,2217,2544,0,0,738600.683609409,0,0,0
70007.3929893098,40,2071.2,2249.8,2595.6,0,0,738600.683609872,0,0,0
70007.4329883762,40,2073.8,2258,2607.6,0,0,738600.683610335,0,0,0
70007.4729874426,40,2072.8,2249.2,2591.6,0,0,738600.683610798,0,0,0
70007.512986509,40,2057,2219.2,2559,0,0,738600.683611261,0,0,0
70007.5529855754,40,2052.2,2205.4,2509,0,0,738600.683611724,0,0,0
70007.5929846418,40,2046.6,2172.8,2419.6,0,0,738600.683612187,0,0,0
70007.6329837082,40,2034.8,2136.8,2310.4,0,0,738600.68361265,0,0,0
70007.6729827746,40,2020,2107.8,2204.2,0,0,738600.683613113,0,0,0
70007.712981841,40,2016.2,2086.4,2137,0,0,738600.683613576,0,0,0
70007.7529809074,40,2011.4,2074,2101,0,0,738600.683614039,0,0,0
70007.7929799738,40,2014,2075.6,2087.6,0,0,738600.683614502,0,0,0
70007.8329790402,40,2011.6,2076.6,2105.4,0,0,738600.683614965,0,0,0
70007.8729781066,40,2017.8,2091.6,2147,0,0,738600.683615428,0,0,0
70007.912977173,40,2021.4,2105,2204,0,0,738600.683615891,0,0,0
70007.9529762394,40,2033.6,2132.2,2292.6,0,0,738600.683616354,0,0,0
70007.9929753058,40,2043.4,2166.8,2400.6,0,0,738600.683616817,0,0,0
70008.0329743722,40,2053.6,2200.8,2488.4,0,0,738600.68361728,0,0,0
70008.0729734386,40,2059.2,2224.6,2558.2,0,0,738600.683617742,0,0,0
70008.112972505,40,2072.6,2244,2586.6,0,0,738600.683618205,0,0,0
70008.1529715714,40,2068.8,2240,2589.2,0,0,738600.683618668,0,0,0
70008.1929706378,40,2065.6,2232.4,2569.2,0,0,738600.683619131,0,0,0
70008.2329697042,40,2060.2,2221.8,2545.2,0,0,738600.683619594,0,0,0
70008.2729687706,40,2057.6,2201.8,2501,0,0,738600.683620057,0,0,0
70008.312967837,40,2047,2175,2434.6,0,0,738600.68362052,0,0,0
70008.3529669034,40,2035,2144.6,2329,0,0,738600.683620983,0,0,0
70008.3929659698,40,2021.6,2113.8,2227.8,0,0,738600.683621446,0,0,0
70008.4329650362,40,2017.6,2090.8,2153.2,0,0,738600.683621909,0,0,0
70008.4729641026,40,2010.6,2084,2115.6,0,0,738600.683622372,0,0,0
70008.512963169,40,2017.6,2079.4,2109,0,0,738600.683622835,0,0,0
70008.5529622354,40,2013.6,2084.8,2123.2,0,0,738600.683623298,0,0,0
70008.5929613018,40,2017.6,2093.8,2158,0,0,738600.683623761,0,0,0
70008.6329603682,40,2021.4,2102.8,2197.4,0,0,738600.683624224,0,0,0
70008.6729594346,40,2025.6,2119.4,2252.4,0,0,738600.683624687,0,0,0
70008.712958501,40,2031.4,2130.8,2297.6,0,0,738600.68362515,0,0,0
70008.7529575674,40,2035.4,2142.4,2339.4,0,0,738600.683625613,0,0,0
70008.7929566338,40,2037,2147.8,2350.4,0,0,738600.683626076,0,0,0
70008.8329557002,40,2036.6,2145,2358.2,0,0,738600.683626538,0,0,0
70008.8729547666,40,2033.6,2142.6,2349.4,0,0,738600.683627001,0,0,0
70008.912953833,40,2034.4,2139.6,2330.2,0,0,738600.683627464,0,0,0
70008.9529528994,40,2034.4,2143.2,2328.8,0,0,738600.683627927,0,0,0
70008.9929519658,40,2036.6,2142,2310.8,0,0,738600.68362839,0,0,0
70009.0329510322,40,2039,2146.4,2307.6,0,0,738600.683628853,0,0,0
70009.0729500986,40,2030.8,2140.4,2304,0,0,738600.683629316,0,0,0
70009.112949165,40,2036.6,2141.6,2299.2,0,0,738600.683629779,0,0,0
70009.1529482314,40,2039.8,2142.4,2296.2,0,0,738600.683630242,0,0,0
70009.1929472978,40,2036,2137.6,2295.2,0,0,738600.683630705,0,0,0
70009.2329463642,40,2031.2,2131.4,2290.6,0,0,738600.683631168,0,0,0
70009.2729454306,40,2032,2135.2,2298.2,0,0,738600.683631631,0,0,0
70009.312944497,40,2031.6,2133.2,2299,0,0,738600.683632094,0,0,0
70009.3529435634,40,2034.2,2136.6,2304.8,0,0,738600.683632557,0,0,0
70009.3929426298,40,2036.4,2144.2,2336,0,0,738600.68363302,0,0,0
70009.4329416962,40,2045,2162.2,2369.2,0,0,738600.683633483,0,0,0
70009.4729407626,40,2045.8,2184.4,2418.2,0,0,738600.683633946,0,0,0
70009.512939829,40,2056.6,2208.8,2455.4,0,0,738600.683634409,0,0,0
70009.5529388954,40,2072.8,2236,2493.6,0,0,738600.683634872,0,0,0
70009.5929379618,40,2085.6,2270.8,2526.2,0,0,738600.683635335,0,0,0
70009.6329370282,40,2099,2300.6,2560.8,0,0,738600.683635798,0,0,0
70009.6729360946,40,2103,2313,2575.6,0,0,738600.683636261,0,0,0
70009.712935161,40,2109,2325.8,2584.8,0,0,738600.683636723,0,0,0
70009.7529342274,40,2104.4,2318,2598,0,0,738600.683637186,0,0,0
70009.7929332938,40,2098,2308,2611.2,0,0,738600.683637649,0,0,0
70009.8329323602,40,2095.2,2300.4,2611.2,0,0,738600.683638112,0,0,0
70009.8729314266,40,2087.4,2285.6,2610.8,0,0,738600.683638575,0,0,0
70009.912930493,40,2074.8,2256.2,2594,0,0,738600.683639038,0,0,0
70009.9529295594,40,2052.8,2207.4,2521.2,0,0,738600.683639501,0,0,0
70009.9929286258,40,2041,2157.4,2387.4,0,0,738600.683639964,0,0,0
70010.0329276922,40,2030.8,2118.4,2249.8,0,0,738600.683640427,0,0,0
70010.0729267586,40,2020.8,2094.6,2150.4,0,0,738600.68364089,0,0,0
70010.112925825,40,2011.4,2080.2,2096.8,0,0,738600.683641353,0,0,0
70010.1529248914,40,2007,2069.4,2075.2,0,0,738600.683641816,0,0,0
70010.1929239578,40,2009.2,2070.6,2086.2,0,0,738600.683642279,0,0,0
70010.2329230242,40,2008.8,2073.4,2104.4,0,0,738600.683642742,0,0,0
70010.2729220906,40,2015.8,2094.8,2156.2,0,0,738600.683643205,0,0,0
70010.312921157,40,2032.4,2121,2246.2,0,0,738600.683643668,0,0,0
70010.3529202234,40,2043.4,2157.2,2390.2,0,0,738600.683644131,0,0,0
70010.3929192898,40,2055.2,2214.8,2538.8,0,0,738600.683644594,0,0,0
70010.4329183562,40,2076.6,2270.8,2597.8,0,0,738600.683645057,0,0,0
70010.4729174226,40,2102.8,2306.6,2562.2,0,0,738600.68364552,0,0,0
70010.512916489,40,2111.2,2310.8,2521.2,0,0,738600.683645983,0,0,0
70010.5529155554,40,2104,2297.4,2522.8,0,0,738600.683646446,0,0,0
70010.5929146218,40,2091.2,2279.6,2548,0,0,738600.683646908,0,0,0
70010.6329136882,40,2072.4,2242,2546.8,0,0,738600.683647371,0,0,0
70010.6729127546,40,2048.4,2186.2,2464.6,0,0,738600.683647834,0,0,0
70010.712911821,40,2036,2142.4,2327.2,0,0,738600.683648297,0,0,0
70010.7529108874,40,2021,2105.4,2211.2,0,0,738600.68364876,0,0,0
70010.7929099538,40,2015,2088.6,2134.6,0,0,738600.683649223,0,0,0
70010.8329090202,40,2012.2,2070.8,2085.6,0,0,738600.683649686,0,0,0
70010.8729080866,40,2005.6,2065.2,2065.8,0,0,738600.683650149,0,0,0
70010.912907153,40,2010.4,2063.4,2062.6,0,0,738600.683650612,0,0,0
70010.9529062194,40,2006.2,2066.6,2076,0,0,738600.683651075,0,0,0
70010.9929052858,40,2012.8,2076.6,2100.8,0,0,738600.683651538,0,0,0
70011.0329043522,40,2019.8,2097.2,2168.2,0,0,738600.683652001,0,0,0
70011.0729034186,40,2029.8,2133,2298.4,0,0,738600.683652464,0,0,0
70011.112902485,40,2047.6,2191.4,2473.2,0,0,738600.683652927,0,0,0
70011.1529015514,40,2071,2252.4,2578,0,0,738600.68365339,0,0,0
70011.1929006178,40,2093.6,2292.8,2574.4,0,0,738600.683653853,0,0,0
70011.2328996842,40,2101,2295.2,2540.8,0,0,738600.683654316,0,0,0
70011.2728987506,40,2090,2279.4,2528.6,0,0,738600.683654779,0,0,0
70011.312897817,40,2076,2254.8,2540,0,0,738600.683655242,0,0,0
70011.3528968834,40,2058.4,2204.2,2493.8,0,0,738600.683655704,0,0,0
70011.3928959498,40,2040.4,2153.8,2370.2,0,0,738600.683656167,0,0,0
70011.4328950162,40,2028.8,2116.8,2237,0,0,738600.68365663,0,0,0
70011.4728940826,40,2020.2,2094,2152.2,0,0,738600.683657093,0,0,0
70011.512893149,40,2012,2073.2,2101.4,0,0,738600.683657556,0,0,0
70011.5528922154,40,2011,2070.2,2077,0,0,738600.683658019,0,0,0
70011.5928912818,40,2004,2062.6,2055.6,0,0,738600.683658482,0,0,0
70011.6328903482,40,2006.6,2064.4,2058.4,0,0,738600.683658945,0,0,0
70011.6728894146,40,2007,2068,2079,0,0,738600.683659408,0,0,0
70011.712888481,40,2015.8,2077.2,2106,0,0,738600.683659871,0,0,0
70011.7528875474,40,2025,2093.2,2158.8,0,0,738600.683660334,0,0,0
70011.7928866138,40,2029.8,2127.8,2257.2,0,0,738600.683660797,0,0,0
70011.8328856802,40,2043,2165.2,2383.4,0,0,738600.68366126,0,0,0
70011.8728847466,40,2060.6,2213.2,2492,0,0,738600.683661723,0,0,0
70011.912883813,40,2079.2,2257.6,2542.8,0,0,738600.683662186,0,0,0
70011.9528828794,40,2091.6,2276,2547.6,0,0,738600.683662649,0,0,0
70011.9928819458,40,2088.6,2278.6,2542.4,0,0,738600.683663112,0,0,0
70012.0328810122,40,2086.8,2266.6,2531.8,0,0,738600.683663575,0,0,0
70012.0728800786,40,2080.4,2261,2539.2,0,0,738600.683664038,0,0,0
70012.112879145,40,2078.6,2247.4,2548.8,0,0,738600.683664501,0,0,0
70012.1528782114,40,2069.8,2239.8,2554.2,0,0,738600.683664964,0,0,0
70012.1928772778,40,2066.8,2235.2,2567,0,0,738600.683665427,0,0,0
70012.2328763442,40,2064.6,2235.4,2581.6,0,0,738600.683665889,0,0,0
70012.2728754106,40,2067.8,2232.6,2572.4,0,0,738600.683666352,0,0,0
70012.312874477,40,2062.8,2235,2572.4,0,0,738600.683666815,0,0,0
70012.3528735434,40,2064.8,2231,2560.6,0,0,738600.683667278,0,0,0
70012.3928726098,40,2063.2,2225.6,2547.4,0,0,738600.683667741,0,0,0
70012.4328716762,40,2063.2,2222.4,2530.6,0,0,738600.683668204,0,0,0
70012.4728707426,40,2063.6,2224,2517.4,0,0,738600.683668667,0,0,0
70012.512869809,40,2062.4,2216.6,2509,0,0,738600.68366913,0,0,0
70012.5528688754,40,2063.8,2217.4,2504.2,0,0,738600.683669593,0,0,0
70012.5928679418,40,2062.6,2210.8,2486,0,0,738600.683670056,0,0,0
70012.6328670082,40,2057.2,2209.2,2474.4,0,0,738600.683670519,0,0,0
