39369.8120871385,40,2025,2109.2,2209.2,0,0,738590.696456159,0,0,0
39369.8520862049,40,2024.2,2111,2210.4,0,0,738590.696456622,0,0,0
39369.8920852713,40,2024.4,2110.4,2213,0,0,738590.696457085,0,0,0
39369.9320843377,40,2025,2113.6,2218.2,0,0,738590.696457547,0,0,0
39369.9720834041,40,2022.8,2112.4,2215.4,0,0,738590.69645801,0,0,0
39370.0120824705,40,2027,2116,2222.8,0,0,738590.696458473,0,0,0
39370.0520815369,40,2024.4,2113.6,2223.2,0,0,738590.696458936,0,0,0
39370.0920806033,40,2029,2115.4,2225.8,0,0,738590.696459399,0,0,0
39370.1320796697,40,2027.4,2115.8,2236.2,0,0,738590.696459862,0,0,0
39370.1720787361,40,2026.4,2116,2240.2,0,0,738590.696460325,0,0,0
39370.2120778025,40,2027.6,2115.8,2234.4,0,0,738590.696460788,0,0,0
39370.2520768689,40,2029.8,2116.8,2241,0,0,738590.696461251,0,0,0
39370.2920759353,40,2029.6,2120.8,2240.6,0,0,738590.696461714,0,0,0
39370.3320750017,40,2031.4,2120.4,2241.6,0,0,738590.696462177,0,0,0
39370.3720740681,40,2026.8,2119.2,2249.6,0,0,738590.69646264,0,0,0
39370.4120731345,40,2027.2,2122.6,2253,0,0,738590.696463103,0,0,0
39370.4520722009,40,2031.4,2126,2266,0,0,738590.696463566,0,0,0
39370.4920712673,40,2036.4,2134,2291,0,0,738590.696464029,0,0,0
39370.5320703337,40,2034.4,2141.2,2319,0,0,738590.696464492,0,0,0
39370.5720694001,40,2040,2147,2360.2,0,0,738590.696464955,0,0,0
39370.6120684665,40,2039.8,2166.2,2423.2,0,0,738590.696465418,0,0,0
39370.6520675329,40,2050.4,2188.6,2499.4,0,0,738590.696465881,0,0,0
39370.6920665993,40,2060.6,2226.2,2595.4,0,0,738590.696466343,0,0,0
39370.7320656657,40,2069.8,2264.8,2698.4,0,0,738590.696466806,0,0,0
39370.7720647321,40,2084.6,2312,2792.2,0,0,738590.696467269,0,0,0
39370.8120637985,40,2101.8,2362.2,2842.4,0,0,738590.696467732,0,0,0
39370.8520628649,40,2118,2400.4,2862.6,0,0,738590.696468195,0,0,0
39370.8920619313,40,2130.8,2433.4,2862.6,0,0,738590.696468658,0,0,0
39370.9320609977,40,2131,2437.6,2847.4,0,0,738590.696469121,0,0,0
39370.9720600641,40,2126.4,2428.2,2842.4,0,0,738590.696469584,0,0,0
39371.0120591305,40,2120,2409.4,2824.2,0,0,738590.696470047,0,0,0
39371.0520581969,40,2117,2400.8,2818.2,0,0,738590.69647051,0,0,0
39371.0920572633,40,2116.8,2397.6,2815,0,0,738590.696470973,0,0,0
39371.1320563297,40,2113.4,2387.6,2811.8,0,0,738590.696471436,0,0,0
39371.1720553961,40,2110.6,2372.8,2808.6,0,0,738590.696471899,0,0,0
39371.2120544625,40,2107.8,2366.4,2812.2,0,0,738590.696472362,0,0,0
39371.2520535289,40,2106.6,2359,2814,0,0,738590.696472825,0,0,0
39371.2920525953,40,2099.2,2348.8,2801.6,0,0,738590.696473288,0,0,0
39371.3320516617,40,2095.4,2339.4,2790.8,0,0,738590.696473751,0,0,0
39371.3720507281,40,2091.4,2314,2757.4,0,0,738590.696474214,0,0,0
39371.4120497945,40,2077.6,2285.2,2700,0,0,738590.696474677,0,0,0
39371.4520488609,40,2067,2246.4,2617.8,0,0,738590.69647514,0,0,0
39371.4920479273,40,2055.2,2208.2,2518,0,0,738590.696475603,0,0,0
39371.5320469937,40,2045.2,2173,2412.8,0,0,738590.696476066,0,0,0
39371.5720460601,40,2037.8,2144,2316.8,0,0,738590.696476528,0,0,0
39371.6120451265,40,2031.2,2118.4,2241,0,0,738590.696476991,0,0,0
39371.6520441929,40,2029.8,2112.4,2210,0,0,738590.696477454,0,0,0
39371.6920432593,40,2027.6,2120.2,2232.2,0,0,738590.696477917,0,0,0
39371.7320423257,40,2038.8,2133.6,2304.8,0,0,738590.69647838,0,0,0
39371.7720413921,40,2042,2166,2429,0,0,738590.696478843,0,0,0
39371.8120404585,40,2052.8,2213.8,2571.6,0,0,738590.696479306,0,0,0
39371.8520395249,40,2074.8,2257.4,2684.6,0,0,738590.696479769,0,0,0
39371.8920385913,40,2085,2293,2725,0,0,738590.696480232,0,0,0
39371.9320376577,40,2082.4,2301,2707.4,0,0,738590.696480695,0,0,0
39371.9720367241,40,2083,2284,2641,0,0,738590.696481158,0,0,0
39372.0120357905,40,2074,2265.6,2594,0,0,738590.696481621,0,0,0
39372.0520348569,40,2066.8,2233.6,2537.2,0,0,738590.696482084,0,0,0
39372.0920339233,40,2050.2,2195,2454.2,0,0,738590.696482547,0,0,0
39372.1320329897,40,2042.6,2146.8,2327.6,0,0,738590.69648301,0,0,0
39372.1720320561,40,2025.2,2113.2,2214.6,0,0,738590.696483473,0,0,0
39372.2120311225,40,2016,2095.4,2144.8,0,0,738590.696483936,0,0,0
39372.2520301889,40,2016.4,2080.6,2111.4,0,0,738590.696484399,0,0,0
39372.2920292553,40,2012.2,2086.8,2121,0,0,738590.696484862,0,0,0
39372.3320283217,40,2019,2090.8,2162.4,0,0,738590.696485325,0,0,0
39372.3720273881,40,2028.6,2115.4,2231.2,0,0,738590.696485788,0,0,0
39372.4120264545,40,2035.6,2146.6,2354.4,0,0,738590.69648625,0,0,0
39372.4520255209,40,2049,2200.4,2510.4,0,0,738590.696486713,0,0,0
39372.4920245873,40,2066.4,2260.8,2661.4,0,0,738590.696487176,0,0,0
39372.5320236537,40,2085.6,2316.2,2763,0,0,738590.696487639,0,0,0
39372.5720227201,40,2100.2,2352.6,2802.6,0,0,738590.696488102,0,0,0
39372.6120217865,40,2094.6,2341.8,2804,0,0,738590.696488565,0,0,0
39372.6520208529,40,2085.4,2297.8,2750.2,0,0,738590.696489028,0,0,0
39372.6920199193,40,2067.8,2254,2640.4,0,0,738590.696489491,0,0,0
39372.7320189857,40,2053.8,2201.8,2507.2,0,0,738590.696489954,0,0,0
39372.7720180521,40,2034.6,2150.2,2351.8,0,0,738590.696490417,0,0,0
39372.8120171185,40,2027.8,2118,2224.2,0,0,738590.69649088,0,0,0
39372.8520161849,40,2019.6,2094.8,2146.2,0,0,738590.696491343,0,0,0
39372.8920152513,40,2018.2,2082.6,2107.2,0,0,738590.696491806,0,0,0
39372.9320143177,40,2014.4,2074.4,2100.4,0,0,738590.696492269,0,0,0
39372.9720133841,40,2019.4,2086,2125.4,0,0,738590.696492732,0,0,0
39373.0120124505,40,2023.2,2104.6,2181,0,0,738590.696493195,0,0,0
39373.0520115169,40,2033.2,2131.2,2275.2,0,0,738590.696493658,0,0,0
39373.0920105833,40,2048.4,2178.2,2421.4,0,0,738590.696494121,0,0,0
39373.1320096497,40,2065.4,2233.2,2572.8,0,0,738590.696494584,0,0,0
39373.1720087161,40,2088,2312.2,2718.4,0,0,738590.696495046,0,0,0
39373.2120077825,40,2104.6,2365.6,2809.2,0,0,738590.696495509,0,0,0
39373.2520068489,40,2115.4,2397.4,2833.6,0,0,738590.696495972,0,0,0
39373.2920059153,40,2108.2,2374,2840,0,0,738590.696496435,0,0,0
39373.3320049817,40,2088.8,2330.6,2792,0,0,738590.696496898,0,0,0
39373.3720040481,40,2079.8,2279.8,2698.6,0,0,738590.696497361,0,0,0
39373.4120031145,40,2059,2214.2,2539,0,0,738590.696497824,0,0,0
39373.4520021809,40,2041.6,2161.8,2374.6,0,0,738590.696498287,0,0,0
39373.4920012473,40,2028.4,2120.4,2234.8,0,0,738590.69649875,0,0,0
39373.5320003137,40,2022,2094.8,2155,0,0,738590.696499213,0,0,0
39373.5719993801,40,2018.6,2082,2107.6,0,0,738590.696499676,0,0,0
39373.6119984465,40,2014.6,2078,2096.4,0,0,738590.696500139,0,0,0
39373.6519975129,40,2015.8,2091,2129.6,0,0,738590.696500602,0,0,0
39373.6919965793,40,2023,2105.2,2191.2,0,0,738590.696501065,0,0,0
39373.7319956457,40,2032.4,2138,2298.4,0,0,738590.696501528,0,0,0
39373.7719947121,40,2046.2,2186.6,2461.8,0,0,738590.696501991,0,0,0
39373.8119937785,40,2066.4,2249.2,2651.4,0,0,738590.696502454,0,0,0
39373.8519928449,40,2090.4,2333.4,2799,0,0,738590.696502917,0,0,0
39373.8919919113,40,2110.4,2394.4,2870.4,0,0,738590.69650338,0,0,0
39373.9319909777,40,2116,2398.8,2858,0,0,738590.696503843,0,0,0
39373.9719900441,40,2101.2,2360.2,2826.6,0,0,738590.696504306,0,0,0
39374.0119891105,40,2089.6,2306.4,2741.8,0,0,738590.696504769,0,0,0
39374.0519881769,40,2069.4,2246.8,2617,0,0,738590.696505231,0,0,0
39374.0919872433,40,2050.2,2186.8,2447.6,0,0,738590.696505694,0,0,0
39374.1319863097,40,2038,2134.8,2290.6,0,0,738590.696506157,0,0,0
39374.1719853761,40,2023.8,2100.4,2178,0,0,738590.69650662,0,0,0
39374.2119844425,40,2019.6,2082.8,2114.4,0,0,738590.696507083,0,0,0
39374.2519835089,40,2009.4,2076.4,2083,0,0,738590.696507546,0,0,0
39374.2919825753,40,2014.8,2070.2,2079.4,0,0,738590.696508009,0,0,0
39374.3319816417,40,2015.6,2077,2109.4,0,0,738590.696508472,0,0,0
39374.3719807081,40,2019.8,2094.8,2158.4,0,0,738590.696508935,0,0,0
39374.4119797745,40,2028.8,2125,2250.2,0,0,738590.696509398,0,0,0
39374.4519788409,40,2046.4,2165.8,2396.2,0,0,738590.696509861,0,0,0
39374.4919779073,40,2063.2,2229,2573.6,0,0,738590.696510324,0,0,0
39374.5319769737,40,2085.2,2301.2,2726.8,0,0,738590.696510787,0,0,0
39374.5719760401,40,2105.2,2368.2,2791.8,0,0,738590.69651125,0,0,0
39374.6119751065,40,2116.2,2394.8,2803,0,0,738590.696511713,0,0,0
39374.6519741729,40,2109.6,2370.6,2827.8,0,0,738590.696512176,0,0,0
39374.6919732393,40,2088.2,2313.8,2788.6,0,0,738590.696512639,0,0,0
39374.7319723057,40,2069.4,2263.2,2692.2,0,0,738590.696513102,0,0,0
39374.7719713721,40,2055.8,2204.6,2527.4,0,0,738590.696513565,0,0,0
39374.8119704385,40,2035.2,2149.6,2348.4,0,0,738590.696514028,0,0,0
39374.8519695049,40,2025.6,2110.6,2203.8,0,0,738590.696514491,0,0,0
39374.8919685713,40,2017,2089.4,2129.2,0,0,738590.696514954,0,0,0
39374.9319676377,40,2011.2,2075.6,2087.8,0,0,738590.696515416,0,0,0
39374.9719667041,40,2017.2,2071.8,2078.6,0,0,738590.696515879,0,0,0
39375.0119657705,40,2016.4,2082.8,2110,0,0,738590.696516342,0,0,0
39375.0519648369,40,2020.4,2091.2,2156.2,0,0,738590.696516805,0,0,0
39375.0919639033,40,2028.2,2124.2,2255.8,0,0,738590.696517268,0,0,0
39375.1319629697,40,2044.6,2168.8,2415.6,0,0,738590.696517731,0,0,0
39375.1719620361,40,2063.6,2238.8,2628.6,0,0,738590.696518194,0,0,0
39375.2119611025,40,2082.6,2321.2,2826,0,0,738590.696518657,0,0,0
39375.2519601689,40,2118.6,2411.6,2911.2,0,0,738590.69651912,0,0,0
39375.2919592353,40,2129.8,2463.8,2924,0,0,738590.696519583,0,0,0
39375.3319583017,40,2129,2452.4,2927.6,0,0,738590.696520046,0,0,0
39375.3719573681,40,2108.4,2392.8,2894.8,0,0,738590.696520509,0,0,0
39375.4119564345,40,2091,2330.8,2820.4,0,0,738590.696520972,0,0,0
39375.4519555009,40,2069.4,2251.6,2668,0,0,738590.696521435,0,0,0
39375.4919545673,40,2047.4,2185.4,2473,0,0,738590.696521898,0,0,0
39375.5319536337,40,2036.8,2131.6,2294.2,0,0,738590.696522361,0,0,0
39375.5719527001,40,2023.2,2102,2177.8,0,0,738590.696522824,0,0,0
39375.6119517665,40,2018.2,2088.6,2117.4,0,0,738590.696523287,0,0,0
39375.6519508329,40,2007.6,2076.4,2095.4,0,0,738590.69652375,0,0,0
39375.6919498993,40,2017.4,2086,2106.8,0,0,738590.696524212,0,0,0
39375.7319489657,40,2018.8,2099.2,2154.4,0,0,738590.696524675,0,0,0
39375.7719480321,40,2029.4,2117.2,2237.2,0,0,738590.696525138,0,0,0
39375.8119470985,40,2044,2155.8,2380.2,0,0,738590.696525601,0,0,0
39375.8519461649,40,2054.6,2212.8,2605.2,0,0,738590.696526064,0,0,0
39375.8919452313,40,2083.8,2304,2794.6,0,0,738590.696526527,0,0,0
39375.9319442977,40,2105.2,2387.8,2911.6,0,0,738590.69652699,0,0,0
39375.9719433641,40,2129.2,2447.4,2929,0,0,738590.696527453,0,0,0
39376.0119424305,40,2131.6,2456.8,2932.6,0,0,738590.696527916,0,0,0
39376.0519414969,40,2113.4,2416.2,2916.2,0,0,738590.696528379,0,0,0
39376.0919405633,40,2102,2366.2,2878,0,0,738590.696528842,0,0,0
39376.1319396297,40,2089.4,2306.2,2786,0,0,738590.696529305,0,0,0
39376.1719386961,40,2060.6,2236.4,2629.4,0,0,738590.696529768,0,0,0
39376.2119377625,40,2044.8,2180.4,2437.8,0,0,738590.696530231,0,0,0
39376.2519368289,40,2033.8,2128.6,2286,0,0,738590.696530694,0,0,0
39376.2919358953,40,2026.4,2106.4,2185.6,0,0,738590.696531157,0,0,0
39376.3319349617,40,2014,2089.4,2134.2,0,0,738590.69653162,0,0,0
39376.3719340281,40,2014.8,2084.8,2124.4,0,0,738590.696532083,0,0,0
39376.4119330945,40,2021.8,2102.4,2152.8,0,0,738590.696532546,0,0,0
39376.4519321609,40,2030.4,2120.8,2227,0,0,738590.696533009,0,0,0
39376.4919312273,40,2043.8,2160.4,2350.8,0,0,738590.696533472,0,0,0
39376.5319302937,40,2058.6,2220.2,2529,0,0,738590.696533935,0,0,0
39376.5719293601,40,2090.4,2302.2,2688.6,0,0,738590.696534397,0,0,0
39376.6119284265,40,2124.8,2399.4,2779.4,0,0,738590.69653486,0,0,0
39376.6519274929,40,2148.4,2462.6,2786,0,0,738590.696535323,0,0,0
39376.6919265593,40,2156.8,2476.8,2781.2,0,0,738590.696535786,0,0,0
39376.7319256257,40,2143.4,2438.6,2750.2,0,0,738590.696536249,0,0,0
39376.7719246921,40,2125.2,2386,2720.6,0,0,738590.696536712,0,0,0
39376.8119237585,40,2099.8,2331.6,2680.6,0,0,738590.696537175,0,0,0
39376.8519228249,40,2079.8,2270.2,2614.6,0,0,738590.696537638,0,0,0
39376.8919218913,40,2058.6,2204.2,2488,0,0,738590.696538101,0,0,0
39376.9319209577,40,2042.4,2151.2,2336.8,0,0,738590.696538564,0,0,0
39376.9719200241,40,2025.8,2116,2224.2,0,0,738590.696539027,0,0,0
39377.0119190905,40,2021.6,2098,2153.4,0,0,738590.69653949,0,0,0
39377.0519181569,40,2014.2,2082.2,2122.8,0,0,738590.696539953,0,0,0
39377.0919172233,40,2020.6,2090.6,2125.6,0,0,738590.696540416,0,0,0
39377.1319162897,40,2022.4,2097,2168.4,0,0,738590.696540879,0,0,0
39377.1719153561,40,2031.2,2124,2250,0,0,738590.696541342,0,0,0
39377.2119144225,40,2046.2,2167,2394.2,0,0,738590.696541805,0,0,0
39377.2519134889,40,2056.2,2235,2587.8,0,0,738590.696542268,0,0,0
39377.2919125553,40,2090.6,2318.6,2749.4,0,0,738590.696542731,0,0,0
39377.3319116217,40,2122.6,2408.6,2801.4,0,0,738590.696543194,0,0,0
39377.3719106881,40,2151.4,2476,2810.6,0,0,738590.696543657,0,0,0
39377.4119097545,40,2162.4,2497.8,2800.2,0,0,738590.69654412,0,0,0
39377.4519088209,40,2154.6,2476.6,2807.6,0,0,738590.696544582,0,0,0
39377.4919078873,40,2138.2,2441.2,2806,0,0,738590.696545045,0,0,0
39377.5319069537,40,2116.4,2390.2,2789.2,0,0,738590.696545508,0,0,0
39377.5719060201,40,2087.2,2319.6,2734.8,0,0,738590.696545971,0,0,0
39377.6119050865,40,2069,2242.2,2597.2,0,0,738590.696546434,0,0,0
39377.6519041529,40,2048.8,2182,2419.6,0,0,738590.696546897,0,0,0
39377.6919032193,40,2035.2,2132.6,2275,0,0,738590.69654736,0,0,0
39377.7319022857,40,2024.6,2103.8,2182.8,0,0,738590.696547823,0,0,0
39377.7719013521,40,2016.8,2087.4,2135,0,0,738590.696548286,0,0,0
39377.8119004185,40,2014.2,2085,2119.8,0,0,738590.696548749,0,0,0
39377.8518994849,40,2019.8,2094.2,2148.2,0,0,738590.696549212,0,0,0
39377.8918985513,40,2029,2116.8,2213,0,0,738590.696549675,0,0,0
39377.9318976177,40,2039.4,2145.4,2328.4,0,0,738590.696550138,0,0,0
39377.9718966841,40,2056,2198,2487.6,0,0,738590.696550601,0,0,0
39378.0118957505,40,2073.6,2273,2666.4,0,0,738590.696551064,0,0,0
39378.0518948169,40,2107,2361,2792.2,0,0,738590.696551527,0,0,0
39378.0918938833,40,2134.6,2443.4,2838.2,0,0,738590.69655199,0,0,0
39378.1318929497,40,2150.8,2485.4,2833.4,0,0,738590.696552453,0,0,0
39378.1718920161,40,2147.2,2473,2855.4,0,0,738590.696552916,0,0,0
39378.2118910825,40,2130.6,2441.2,2866.8,0,0,738590.696553378,0,0,0
39378.2518901489,40,2110,2389.6,2844.4,0,0,738590.696553841,0,0,0
39378.2918892153,40,2087.6,2311.6,2764.4,0,0,738590.696554304,0,0,0
39378.3318882817,40,2062.8,2236.8,2606,0,0,738590.696554767,0,0,0
39378.3718873481,40,2048.2,2175,2416.2,0,0,738590.69655523,0,0,0
39378.4118864145,40,2036.2,2128.6,2269.2,0,0,738590.696555693,0,0,0
39378.4518854809,40,2024.8,2106,2177.6,0,0,738590.696556156,0,0,0
39378.4918845473,40,2018.4,2087.8,2137.2,0,0,738590.696556619,0,0,0
39378.5318836137,40,2018.8,2088.8,2138.2,0,0,738590.696557082,0,0,0
39378.5718826801,40,2023.4,2105,2172.6,0,0,738590.696557545,0,0,0
39378.6118817465,40,2033,2127.4,2240.6,0,0,738590.696558008,0,0,0
39378.6518808129,40,2039.2,2152.8,2341,0,0,738590.696558471,0,0,0
39378.6918798793,40,2053.4,2189.8,2477.6,0,0,738590.696558934,0,0,0
39378.7318789457,40,2062.6,2242.4,2626.2,0,0,738590.696559397,0,0,0
39378.7718780121,40,2083.2,2292.8,2752.4,0,0,738590.69655986,0,0,0
39378.8118770785,40,2089,2341.2,2830,0,0,738590.696560323,0,0,0
39378.8518761449,40,2096.2,2358.6,2865,0,0,738590.696560786,0,0,0
39378.8918752113,40,2097,2354.2,2858.4,0,0,738590.696561249,0,0,0
39378.9318742777,40,2092,2337.6,2828.4,0,0,738590.696561712,0,0,0
39378.9718733441,40,2090.8,2320.4,2796.2,0,0,738590.696562175,0,0,0
39379.0118724105,40,2088.6,2320.6,2774.4,0,0,738590.696562638,0,0,0
39379.0518714769,40,2090.4,2318.8,2762.2,0,0,738590.696563101,0,0,0
39379.0918705433,40,2091.6,2311.8,2744.2,0,0,738590.696563563,0,0,0
39379.1318696097,40,2084.8,2306.2,2742.4,0,0,738590.696564026,0,0,0
39379.1718686761,40,2082.2,2300.4,2731.8,0,0,738590.696564489,0,0,0
39379.2118677425,40,2080.2,2297.6,2724.8,0,0,738590.696564952,0,0,0
39379.2518668089,40,2076.6,2287.2,2717.2,0,0,738590.696565415,0,0,0
39379.2918658753,40,2079.4,2290,2713.6,0,0,738590.696565878,0,0,0
39379.3318649417,40,2079.4,2284.6,2709.2,0,0,738590.696566341,0,0,0
39379.3718640081,40,2076,2277.2,2711.4,0,0,738590.696566804,0,0,0
39379.4118630745,40,2072.8,2275,2698.6,0,0,738590.696567267,0,0,0
39379.4518621409,40,2075.6,2268.8,2681.6,0,0,738590.69656773,0,0,0
39379.4918612073,40,2079.4,2267.4,2683,0,0,738590.696568193,0,0,0
39379.5318602737,40,2073,2260.2,2670.4,0,0,738590.696568656,0,0,0
39379.5718593401,40,2070.4,2260.8,2656.2,0,0,738590.696569119,0,0,0
39379.6118584065,40,2069.2,2256.2,2647.8,0,0,738590.696569582,0,0,0
39379.6518574729,40,2075.4,2255.8,2637.2,0,0,738590.696570045,0,0,0
39379.6918565393,40,2074.6,2251.2,2627.6,0,0,738590.696570508,0,0,0
39379.7318556057,40,2069,2244.6,2621.6,0,0,738590.696570971,0,0,0
39379.7718546721,40,2061.6,2246.6,2615.2,0,0,738590.696571434,0,0,0
39379.8118537385,40,2067.6,2240.4,2598.2,0,0,738590.696571897,0,0,0
39379.8518528049,40,2065,2235.6,2587.8,0,0,738590.69657236,0,0,0
39379.8918518713,40,2060.6,2235.8,2579,0,0,738590.696572823,0,0,0
39379.9318509377,40,2063.4,2231.2,2571.2,0,0,738590.696573286,0,0,0
39379.9718500041,40,2065,2223.6,2569.2,0,0,738590.696573748,0,0,0
39380.0118490705,40,2061,2225.4,2565.2,0,0,738590.696574211,0,0,0
39380.0518481369,40,2058.4,2221.2,2550.8,0,0,738590.696574674,0,0,0
39380.0918472033,40,2062.2,2218,2547,0,0,738590.696575137,0,0,0
39380.1318462697,40,2062.4,2216.2,2539,0,0,738590.6965756,0,0,0
39380.1718453361,40,2054,2211.4,2529.4,0,0,738590.696576063,0,0,0
39380.2118444025,40,2058.2,2212.8,2526.4,0,0,738590.696576526,0,0,0
39380.2518434689,40,2058,2211,2521.2,0,0,738590.696576989,0,0,0
39380.2918425353,40,2058.2,2215,2540.2,0,0,738590.696577452,0,0,0
39380.3318416017,40,2072,2236.6,2577.2,0,0,738590.696577915,0,0,0
39380.3718406681,40,2076.2,2269.8,2636.6,0,0,738590.696578378,0,0,0
39380.4118397345,40,2093.8,2307.4,2711.6,0,0,738590.696578841,0,0,0
39380.4518388009,40,2102,2350,2796,0,0,738590.696579304,0,0,0
39380.4918378673,40,2111.6,2383.4,2849.6,0,0,738590.696579767,0,0,0
39380.5318369337,40,2111.8,2406,2880.2,0,0,738590.69658023,0,0,0
39380.5718360001,40,2111.4,2395,2887.2,0,0,738590.696580693,0,0,0
39380.6118350665,40,2103.2,2377.6,2873.6,0,0,738590.696581156,0,0,0
39380.6518341329,40,2098.4,2362.4,2837.6,0,0,738590.696581619,0,0,0
39380.6918331993,40,2098.4,2347,2806.4,0,0,738590.696582081,0,0,0
39380.7318322657,40,2093,2328.8,2767.6,0,0,738590.696582544,0,0,0
39380.7718313321,40,2082.8,2300.6,2705.8,0,0,738590.696583007,0,0,0
39380.8118303985,40,2071.8,2250.6,2610.6,0,0,738590.69658347,0,0,0
39380.8518294649,40,2057.2,2205.8,2497.8,0,0,738590.696583933,0,0,0
39380.8918285313,40,2046.2,2162.4,2360.6,0,0,738590.696584396,0,0,0
39380.9318275977,40,2032.2,2131.4,2254.6,0,0,738590.696584859,0,0,0
39380.9718266641,40,2023.8,2108,2179.8,0,0,738590.696585322,0,0,0
39381.0118257305,40,2017.4,2090,2142.8,0,0,738590.696585785,0,0,0
39381.0518247969,40,2017.8,2100.8,2168.8,0,0,738590.696586248,0,0,0
39381.0918238633,40,2029.8,2117,2238.8,0,0,738590.696586711,0,0,0
39381.1318229297,40,2037.8,2156.2,2375.6,0,0,738590.696587174,0,0,0
39381.1718219961,40,2061,2220.2,2583.2,0,0,738590.696587637,0,0,0
39381.2118210625,40,2085.2,2309,2775.4,0,0,738590.6965881,0,0,0
39381.2518201289,40,2119.6,2415,2864.2,0,0,738590.696588563,0,0,0
39381.2918191953,40,2151.8,2495.2,2860.2,0,0,738590.696589026,0,0,0
39381.3318182617,40,2169.8,2533.4,2852.2,0,0,738590.696589489,0,0,0
39381.3718173281,40,2153.6,2507.4,2859.8,0,0,738590.696589952,0,0,0
39381.4118163945,40,2139.2,2458.4,2867.6,0,0,738590.696590415,0,0,0
39381.4518154609,40,2114.4,2392.8,2838.4,0,0,738590.696590878,0,0,0
39381.4918145273,40,2086.6,2317.8,2760,0,0,738590.696591341,0,0,0
39381.5318135937,40,2061.4,2228,2580.4,0,0,738590.696591804,0,0,0
39381.5718126601,40,2043.8,2164.6,2380,0,0,738590.696592266,0,0,0
39381.6118117265,40,2031.8,2117.4,2231.8,0,0,738590.696592729,0,0,0
39381.6518107929,40,2022.6,2097.8,2153.8,0,0,738590.696593192,0,0,0
39381.6918098593,40,2017.8,2088.8,2131,0,0,738590.696593655,0,0,0
39381.7318089257,40,2021.2,2102,2171.8,0,0,738590.696594118,0,0,0
39381.7718079921,40,2032.4,2123.6,2252.2,0,0,738590.696594581,0,0,0
39381.8118070585,40,2045.8,2168,2384.2,0,0,738590.696595044,0,0,0
39381.8518061249,40,2063.8,2229.2,2571,0,0,738590.696595507,0,0,0
39381.8918051913,40,2086.2,2309.2,2744.8,0,0,738590.69659597,0,0,0
39381.9318042577,40,2115.6,2388.6,2850.6,0,0,738590.696596433,0,0,0
39381.9718033241,40,2126.8,2446.2,2890.2,0,0,738590.696596896,0,0,0
39382.0118023905,40,2133.4,2462.4,2902.6,0,0,738590.696597359,0,0,0
39382.0518014569,40,2123.6,2432.4,2909,0,0,738590.696597822,0,0,0
39382.0918005233,40,2113.6,2391.6,2878.6,0,0,738590.696598285,0,0,0
39382.1317995897,40,2107.6,2372.2,2839.8,0,0,738590.696598748,0,0,0
39382.1717986561,40,2107.4,2363.8,2808.2,0,0,738590.696599211,0,0,0
39382.2117977225,40,2109.2,2360.8,2791,0,0,738590.696599674,0,0,0
39382.2517967889,40,2105.8,2359.2,2772,0,0,738590.696600137,0,0,0
39382.2917958553,40,2108.6,2349.4,2754.2,0,0,738590.6966006,0,0,0
39382.3317949217,40,2101.6,2340.4,2750.6,0,0,738590.696601063,0,0,0
39382.3717939881,40,2101,2339.2,2739.8,0,0,738590.696601526,0,0,0
39382.4117930545,40,2094.4,2336.4,2746.8,0,0,738590.696601989,0,0,0
39382.4517921209,40,2099,2331,2749.6,0,0,738590.696602451,0,0,0
39382.4917911873,40,2095.2,2329,2753.4,0,0,738590.696602914,0,0,0
39382.5317902537,40,2090,2325.8,2758.6,0,0,738590.696603377,0,0,0
39382.5717893201,40,2088,2317.8,2752.8,0,0,738590.69660384,0,0,0
39382.6117883865,40,2087,2314.6,2752.2,0,0,738590.696604303,0,0,0
39382.6517874529,40,2089.6,2309,2746,0,0,738590.696604766,0,0,0
39382.6917865193,40,2082.8,2302,2738.8,0,0,738590.696605229,0,0,0
39382.7317855857,40,2085.4,2301.8,2720.2,0,0,738590.696605692,0,0,0
39382.7717846521,40,2085.8,2295.2,2711.8,0,0,738590.696606155,0,0,0
39382.8117837185,40,2078.8,2292,2699.2,0,0,738590.696606618,0,0,0
39382.8517827849,40,2086.6,2293.2,2685,0,0,738590.696607081,0,0,0
39382.8917818513,40,2080.8,2284.6,2680.6,0,0,738590.696607544,0,0,0
39382.9317809177,40,2076,2281.2,2675,0,0,738590.696608007,0,0,0
39382.9717799841,40,2079.4,2273.4,2665.2,0,0,738590.69660847,0,0,0
39383.0117790505,40,2078.8,2270.8,2653.8,0,0,738590.696608933,0,0,0
39383.0517781169,40,2077.6,2265.6,2651.6,0,0,738590.696609396,0,0,0
39383.0917771833,40,2072.8,2262.4,2647.8,0,0,738590.696609859,0,0,0
39383.1317762497,40,2071.2,2259.8,2648.4,0,0,738590.696610322,0,0,0
39383.1717753161,40,2069.6,2258.4,2644.2,0,0,738590.696610785,0,0,0
39383.2117743825,40,2070.6,2254,2632.8,0,0,738590.696611247,0,0,0
39383.2517734489,40,2071.8,2251.2,2619.2,0,0,738590.69661171,0,0,0
39383.2917725153,40,2071.2,2248.4,2610.8,0,0,738590.696612173,0,0,0
39383.3317715817,40,2070.6,2241.4,2601,0,0,738590.696612636,0,0,0
39383.3717706481,40,2069.4,2241.8,2592.2,0,0,738590.696613099,0,0,0
39383.4117697145,40,2065,2238.8,2583.8,0,0,738590.696613562,0,0,0
39383.4517687809,40,2066.6,2237.4,2574.8,0,0,738590.696614025,0,0,0
39383.4917678473,40,2063,2226.8,2566.8,0,0,738590.696614488,0,0,0
39383.5317669137,40,2062.6,2227.6,2562.8,0,0,738590.696614951,0,0,0
39383.5717659801,40,2063.6,2224,2554.4,0,0,738590.696615414,0,0,0
39383.6117650465,40,2058,2220.4,2547,0,0,738590.696615877,0,0,0
39383.6517641129,40,2063.6,2224.6,2547.6,0,0,738590.69661634,0,0,0
39383.6917631793,40,2064.4,2236,2572.2,0,0,738590.696616803,0,0,0
39383.7317622457,40,2077.2,2258.6,2615.4,0,0,738590.696617266,0,0,0
39383.7717613121,40,2085.6,2291,2661.8,0,0,738590.696617729,0,0,0
39383.8117603785,40,2093.2,2317.2,2710.6,0,0,738590.696618192,0,0,0
39383.8517594449,40,2100.4,2346.6,2743.8,0,0,738590.696618655,0,0,0
39383.8917585113,40,2102,2346.2,2769.6,0,0,738590.696619118,0,0,0
39383.9317575777,40,2092.4,2333.2,2771.2,0,0,738590.696619581,0,0,0
39383.9717566441,40,2087.6,2313,2763.2,0,0,738590.696620044,0,0,0
39384.0117557105,40,2080.2,2290.6,2733.8,0,0,738590.696620507,0,0,0
39384.0517547769,40,2072,2260.8,2663.2,0,0,738590.69662097,0,0,0
39384.0917538433,40,2053.6,2217,2554.4,0,0,738590.696621432,0,0,0
39384.1317529097,40,2042.6,2175.8,2419.8,0,0,738590.696621895,0,0,0
39384.1717519761,40,2034.6,2131,2291.4,0,0,738590.696622358,0,0,0
39384.2117510425,40,2029.2,2114.2,2208,0,0,738590.696622821,0,0,0
39384.2517501089,40,2024.4,2099,2169.8,0,0,738590.696623284,0,0,0
39384.2917491753,40,2022.6,2104.2,2189.2,0,0,738590.696623747,0,0,0
39384.3317482417,40,2033,2129.8,2270,0,0,738590.69662421,0,0,0
39384.3717473081,40,2046,2172.2,2419.8,0,0,738590.696624673,0,0,0
39384.4117463745,40,2061.8,2245,2621.2,0,0,738590.696625136,0,0,0
39384.4517454409,40,2099.8,2337.8,2772,0,0,738590.696625599,0,0,0
39384.4917445073,40,2128,2424.2,2829.6,0,0,738590.696626062,0,0,0
39384.5317435737,40,2143.2,2470,2840.2,0,0,738590.696626525,0,0,0
39384.5717426401,40,2139.6,2462,2855,0,0,738590.696626988,0,0,0
39384.6117417065,40,2118.4,2412.6,2849.2,0,0,738590.696627451,0,0,0
39384.6517407729,40,2102.6,2357.8,2806.6,0,0,738590.696627914,0,0,0
39384.6917398393,40,2081,2287.8,2702.8,0,0,738590.696628377,0,0,0
39384.7317389057,40,2058.2,2217,2545.2,0,0,738590.69662884,0,0,0
39384.7717379721,40,2045.4,2159,2365.2,0,0,738590.696629303,0,0,0
39384.8117370385,40,2031.8,2120.4,2235.2,0,0,738590.696629766,0,0,0
39384.8517361049,40,2021.2,2098.6,2162.8,0,0,738590.696630229,0,0,0
39384.8917351713,40,2019.8,2093,2138.2,0,0,738590.696630692,0,0,0
39384.9317342377,40,2022.2,2105.8,2187,0,0,738590.696631155,0,0,0
39384.9717333041,40,2033.6,2131.8,2278.2,0,0,738590.696631617,0,0,0
39385.0117323705,40,2045,2179.6,2446.4,0,0,738590.69663208,0,0,0
39385.0517314369,40,2069.4,2249.8,2662.8,0,0,738590.696632543,0,0,0
39385.0917305033,40,2095.8,2344.4,2819.2,0,0,738590.696633006,0,0,0
39385.1317295697,40,2121.8,2422.4,2883,0,0,738590.696633469,0,0,0
39385.1717286361,40,2135.8,2475.2,2906,0,0,738590.696633932,0,0,0
39385.2117277025,40,2133.4,2461.8,2899.6,0,0,738590.696634395,0,0,0
39385.2517267689,40,2119.2,2420,2885.6,0,0,738590.696634858,0,0,0
39385.2917258353,40,2099,2360.6,2832.4,0,0,738590.696635321,0,0,0
39385.3317249017,40,2077.2,2279.4,2720,0,0,738590.696635784,0,0,0
39385.3717239681,40,2052.4,2202.6,2533.8,0,0,738590.696636247,0,0,0
39385.4117230345,40,2033.4,2138.4,2331.2,0,0,738590.69663671,0,0,0
39385.4517221009,40,2023.8,2107.6,2202.6,0,0,738590.696637173,0,0,0
39385.4917211673,40,2022.2,2087.8,2138,0,0,738590.696637636,0,0,0
39385.5317202337,40,2018.4,2087,2122.4,0,0,738590.696638099,0,0,0
39385.5717193001,40,2024.2,2098.8,2158.6,0,0,738590.696638562,0,0,0
39385.6117183665,40,2026.2,2118.8,2226.8,0,0,738590.696639025,0,0,0
39385.6517174329,40,2043.4,2155.2,2343,0,0,738590.696639488,0,0,0
39385.6917164993,40,2059.2,2207.8,2493.4,0,0,738590.696639951,0,0,0
39385.7317155657,40,2078.2,2278.6,2647.4,0,0,738590.696640413,0,0,0
39385.7717146321,40,2101.4,2344.4,2759.8,0,0,738590.696640876,0,0,0
39385.8117136985,40,2121,2390.4,2805,0,0,738590.696641339,0,0,0
39385.8517127649,40,2114.6,2386.2,2819.4,0,0,738590.696641802,0,0,0
39385.8917118313,40,2104,2350.4,2794,0,0,738590.696642265,0,0,0
39385.9317108977,40,2079.2,2294,2713.4,0,0,738590.696642728,0,0,0
39385.9717099641,40,2064.2,2231,2579.6,0,0,738590.696643191,0,0,0
39386.0117090305,40,2047,2173,2419,0,0,738590.696643654,0,0,0
39386.0517080969,40,2036,2131.6,2274.6,0,0,738590.696644117,0,0,0
39386.0917071633,40,2023,2104.4,2179.8,0,0,738590.69664458,0,0,0
39386.1317062297,40,2019.4,2083.8,2132.8,0,0,738590.696645043,0,0,0
39386.1717052961,40,2016,2081,2120.6,0,0,738590.696645506,0,0,0
39386.2117043625,40,2023.6,2096.8,2155.8,0,0,738590.696645969,0,0,0
39386.2517034289,40,2033.8,2115.2,2226.4,0,0,738590.696646432,0,0,0
39386.2917024953,40,2040,2152.6,2362,0,0,738590.696646895,0,0,0
39386.3317015617,40,2054.8,2217,2543.2,0,0,738590.696647358,0,0,0
39386.3717006281,40,2084.2,2291.2,2725.8,0,0,738590.696647821,0,0,0
39386.4116996945,40,2105.8,2378,2836.4,0,0,738590.696648284,0,0,0
39386.4516987609,40,2130,2445.8,2878.6,0,0,738590.696648747,0,0,0
39386.4916978273,40,2132.2,2451.4,2882.8,0,0,738590.69664921,0,0,0
39386.5316968937,40,2116.2,2403.2,2878.2,0,0,738590.696649673,0,0,0
39386.5716959601,40,2094.6,2339.2,2819,0,0,738590.696650136,0,0,0
39386.6116950265,40,2074.4,2268.4,2686.4,0,0,738590.696650598,0,0,0
39386.6516940929,40,2052.8,2198.2,2506.6,0,0,738590.696651061,0,0,0
39386.6916931593,40,2036.8,2140.6,2327.4,0,0,738590.696651524,0,0,0
39386.7316922257,40,2027.4,2113.8,2207.4,0,0,738590.696651987,0,0,0
39386.7716912921,40,2020.8,2088.6,2147,0,0,738590.69665245,0,0,0
39386.8116903585,40,2017.2,2090.4,2136.6,0,0,738590.696652913,0,0,0
39386.8516894249,40,2022.6,2097.8,2167.2,0,0,738590.696653376,0,0,0
39386.8916884913,40,2032,2121,2243.2,0,0,738590.696653839,0,0,0
39386.9316875577,40,2040,2161.2,2357.8,0,0,738590.696654302,0,0,0
39386.9716866241,40,2059.6,2212.2,2516,0,0,738590.696654765,0,0,0
39387.0116856905,40,2080.4,2280.6,2663.6,0,0,738590.696655228,0,0,0
39387.0516847569,40,2101.8,2350.8,2771.4,0,0,738590.696655691,0,0,0
39387.0916838233,40,2119.2,2406.6,2816.6,0,0,738590.696656154,0,0,0
39387.1316828897,40,2120.8,2411,2836.2,0,0,738590.696656617,0,0,0
39387.1716819561,40,2105.8,2370,2816,0,0,738590.69665708,0,0,0
39387.2116810225,40,2091,2315.4,2744.2,0,0,738590.696657543,0,0,0
39387.2516800889,40,2073,2252.8,2608.2,0,0,738590.696658006,0,0,0
39387.2916791553,40,2054.2,2191.8,2432.8,0,0,738590.696658469,0,0,0
39387.3316782217,40,2040.4,2140.8,2288.4,0,0,738590.696658932,0,0,0
39387.3716772881,40,2025,2108,2188,0,0,738590.696659395,0,0,0
39387.4116763545,40,2016.2,2088.4,2133,0,0,738590.696659858,0,0,0
39387.4516754209,40,2011.8,2082,2116.2,0,0,738590.696660321,0,0,0
39387.4916744873,40,2019.8,2093.6,2152.2,0,0,738590.696660783,0,0,0
39387.5316735537,40,2024.2,2118.2,2230.2,0,0,738590.696661246,0,0,0
39387.5716726201,40,2039.8,2147.6,2360.6,0,0,738590.696661709,0,0,0
39387.6116716865,40,2051.8,2211,2551.2,0,0,738590.696662172,0,0,0
39387.6516707529,40,2080.2,2289.4,2718.2,0,0,738590.696662635,0,0,0
39387.6916698193,40,2108.4,2377,2811.6,0,0,738590.696663098,0,0,0
39387.7316688857,40,2131.2,2431.4,2824.2,0,0,738590.696663561,0,0,0
39387.7716679521,40,2130.6,2429.8,2816,0,0,738590.696664024,0,0,0
39387.8116670185,40,2112.6,2383.6,2806.4,0,0,738590.696664487,0,0,0
39387.8516660849,40,2094,2324.4,2752.6,0,0,738590.69666495,0,0,0
39387.8916651513,40,2073,2258.6,2647.8,0,0,738590.696665413,0,0,0
39387.9316642177,40,2055.6,2198.8,2482.2,0,0,738590.696665876,0,0,0
39387.9716632841,40,2036,2147.8,2319.8,0,0,738590.696666339,0,0,0
39388.0116623505,40,2022.8,2110.6,2204.2,0,0,738590.696666802,0,0,0
39388.0516614169,40,2015.6,2090.6,2138.6,0,0,738590.696667265,0,0,0
39388.0916604833,40,2016.4,2081.8,2115.2,0,0,738590.696667728,0,0,0
39388.1316595497,40,2018,2088.4,2140.4,0,0,738590.696668191,0,0,0
39388.1716586161,40,2027.4,2109.6,2201.4,0,0,738590.696668654,0,0,0
39388.2116576825,40,2040.2,2147.8,2317.6,0,0,738590.696669116,0,0,0
39388.2516567489,40,2056.6,2208.4,2493.4,0,0,738590.696669579,0,0,0
39388.2916558153,40,2078.6,2284.4,2682.4,0,0,738590.696670042,0,0,0
39388.3316548817,40,2109.8,2376.2,2811.2,0,0,738590.696670505,0,0,0
39388.3716539481,40,2135.8,2450,2854,0,0,738590.696670968,0,0,0
39388.4116530145,40,2136.4,2461.6,2871.4,0,0,738590.696671431,0,0,0
39388.4516520809,40,2123,2417,2870.2,0,0,738590.696671894,0,0,0
39388.4916511473,40,2102.4,2358.6,2821.8,0,0,738590.696672357,0,0,0
39388.5316502137,40,2080.4,2291,2722.6,0,0,738590.69667282,0,0,0
39388.5716492801,40,2062.4,2223.6,2571.2,0,0,738590.696673283,0,0,0
39388.6116483465,40,2045,2169.8,2393,0,0,738590.696673746,0,0,0
39388.6516474129,40,2035.2,2122.6,2245.6,0,0,738590.696674209,0,0,0
39388.6916464793,40,2022.4,2098.8,2156,0,0,738590.696674672,0,0,0
39388.7316455457,40,2021.4,2087.8,2117.4,0,0,738590.696675135,0,0,0
39388.7716446121,40,2020.8,2085.8,2127.4,0,0,738590.696675598,0,0,0
39388.8116436785,40,2020.6,2104.2,2178.2,0,0,738590.696676061,0,0,0
39388.8516427449,40,2033,2136.2,2298.6,0,0,738590.696676524,0,0,0
39388.8916418113,40,2052,2190.6,2477.6,0,0,738590.696676987,0,0,0
39388.9316408777,40,2072,2267.6,2701.4,0,0,738590.69667745,0,0,0
39388.9716399441,40,2100.6,2361.6,2829.8,0,0,738590.696677913,0,0,0
39389.0116390105,40,2122.8,2425,2875.2,0,0,738590.696678376,0,0,0
39389.0516380769,40,2130,2439.2,2866.2,0,0,738590.696678839,0,0,0
39389.0916371433,40,2114.4,2404.6,2847,0,0,738590.696679301,0,0,0
39389.1316362097,40,2103.2,2359.2,2786.8,0,0,738590.696679764,0,0,0
39389.1716352761,40,2084.2,2298.6,2677.2,0,0,738590.696680227,0,0,0
39389.2116343425,40,2069.8,2237.8,2548,0,0,738590.69668069,0,0,0
39389.2516334089,40,2050.8,2179.8,2413.2,0,0,738590.696681153,0,0,0
39389.2916324753,40,2036.4,2136.4,2278.2,0,0,738590.696681616,0,0,0
39389.3316315417,40,2023.6,2109.8,2185.2,0,0,738590.696682079,0,0,0
39389.3716306081,40,2019,2091,2131.4,0,0,738590.696682542,0,0,0
39389.4116296745,40,2020.4,2082.4,2123.2,0,0,738590.696683005,0,0,0
39389.4516287409,40,2021.2,2099.8,2176.4,0,0,738590.696683468,0,0,0
39389.4916278073,40,2030.2,2130.4,2288.6,0,0,738590.696683931,0,0,0
39389.5316268737,40,2047,2186.8,2492.6,0,0,738590.696684394,0,0,0
39389.5716259401,40,2073.2,2280.8,2739.6,0,0,738590.696684857,0,0,0
39389.6116250065,40,2111.4,2390,2883.2,0,0,738590.69668532,0,0,0
39389.6516240729,40,2143,2472.4,2888.2,0,0,738590.696685783,0,0,0
39389.6916231393,40,2151.4,2498.4,2878.8,0,0,738590.696686246,0,0,0
39389.7316222057,40,2144.2,2464.2,2873.6,0,0,738590.696686709,0,0,0
39389.7716212721,40,2125.2,2429.8,2863.4,0,0,738590.696687172,0,0,0
39389.8116203385,40,2109,2367.6,2829.8,0,0,738590.696687635,0,0,0
39389.8516194049,40,2083,2297.8,2743.8,0,0,738590.696688098,0,0,0
39389.8916184713,40,2063.6,2225,2580.4,0,0,738590.696688561,0,0,0
39389.9316175377,40,2042.8,2159.8,2386.4,0,0,738590.696689024,0,0,0
39389.9716166041,40,2023.4,2118.2,2242.6,0,0,738590.696689487,0,0,0
39390.0116156705,40,2016.4,2095.6,2158.8,0,0,738590.696689949,0,0,0
39390.0516147369,40,2019.8,2086.2,2115.8,0,0,738590.696690412,0,0,0
39390.0916138033,40,2018,2083.8,2125,0,0,738590.696690875,0,0,0
39390.1316128697,40,2024.2,2105.6,2182.4,0,0,738590.696691338,0,0,0
39390.1716119361,40,2031.8,2133.4,2290.2,0,0,738590.696691801,0,0,0
39390.2116110025,40,2049.8,2189.8,2474.6,0,0,738590.696692264,0,0,0
39390.2516100689,40,2073,2275.2,2706.6,0,0,738590.696692727,0,0,0
39390.2916091353,40,2107.6,2379.2,2841.8,0,0,738590.69669319,0,0,0
39390.3316082017,40,2138,2456.6,2863.4,0,0,738590.696693653,0,0,0
39390.3716072681,40,2142.2,2472.8,2860.8,0,0,738590.696694116,0,0,0
39390.4116063345,40,2130.2,2440.4,2850.8,0,0,738590.696694579,0,0,0
39390.4516054009,40,2119,2393.6,2828.6,0,0,738590.696695042,0,0,0
39390.4916044673,40,2101,2334.8,2770,0,0,738590.696695505,0,0,0
39390.5316035337,40,2077.6,2270,2662.8,0,0,738590.696695968,0,0,0
39390.5716026001,40,2055.2,2204.8,2502.8,0,0,738590.696696431,0,0,0
39390.6116016665,40,2040.4,2152.6,2332.4,0,0,738590.696696894,0,0,0
39390.6516007329,40,2029,2111.8,2210,0,0,738590.696697357,0,0,0
39390.6915997993,40,2018.2,2091.4,2139.6,0,0,738590.69669782,0,0,0
39390.7315988657,40,2013,2081.2,2102.6,0,0,738590.696698282,0,0,0
39390.7715979321,40,2019.4,2085.8,2114,0,0,738590.696698745,0,0,0
39390.8115969985,40,2024,2100.8,2162.4,0,0,738590.696699208,0,0,0
39390.8515960649,40,2030.6,2127,2259.2,0,0,738590.696699671,0,0,0
39390.8915951313,40,2047.2,2172,2429.2,0,0,738590.696700134,0,0,0
39390.9315941977,40,2065.8,2248.4,2642.6,0,0,738590.696700597,0,0,0
39390.9715932641,40,2089.6,2340,2808,0,0,738590.69670106,0,0,0
39391.0115923305,40,2120.8,2428.4,2879.2,0,0,738590.696701523,0,0,0
39391.0515913969,40,2138,2464,2884.8,0,0,738590.696701986,0,0,0
39391.0915904633,40,2133.8,2444,2873.2,0,0,738590.696702449,0,0,0
39391.1315895297,40,2111,2384.2,2837,0,0,738590.696702912,0,0,0
39391.1715885961,40,2091.8,2320.4,2750.8,0,0,738590.696703375,0,0,0
39391.2115876625,40,2068,2251,2603.2,0,0,738590.696703838,0,0,0
39391.2515867289,40,2052.4,2186.4,2439.2,0,0,738590.696704301,0,0,0
39391.2915857953,40,2039.8,2137.6,2283.2,0,0,738590.696704764,0,0,0
39391.3315848617,40,2027.6,2105.8,2182.6,0,0,738590.696705227,0,0,0
39391.3715839281,40,2021,2088.6,2124.6,0,0,738590.69670569,0,0,0
39391.4115829945,40,2016.2,2078.4,2103.8,0,0,738590.696706153,0,0,0
39391.4515820609,40,2015.8,2087.2,2129.8,0,0,738590.696706616,0,0,0
39391.4915811273,40,2019.4,2102.2,2185.4,0,0,738590.696707079,0,0,0
39391.5315801937,40,2034.2,2134.6,2297.8,0,0,738590.696707542,0,0,0
39391.5715792601,40,2048.6,2186.2,2474.2,0,0,738590.696708005,0,0,0
39391.6115783265,40,2067.2,2258.6,2661,0,0,738590.696708467,0,0,0
39391.6515773929,40,2099.4,2341.4,2781.4,0,0,738590.69670893,0,0,0
39391.6915764593,40,2122.6,2414.8,2838.6,0,0,738590.696709393,0,0,0
39391.7315755257,40,2133,2451.8,2852.2,0,0,738590.696709856,0,0,0
39391.7715745921,40,2129.4,2426.6,2865.4,0,0,738590.696710319,0,0,0
39391.8115736585,40,2102.8,2372.4,2847,0,0,738590.696710782,0,0,0
39391.8515727249,40,2089.4,2309.6,2769.8,0,0,738590.696711245,0,0,0
39391.8915717913,40,2063.6,2237.2,2619.2,0,0,738590.696711708,0,0,0
39391.9315708577,40,2047,2179.8,2440.6,0,0,738590.696712171,0,0,0
39391.9715699241,40,2035.4,2137.4,2284.4,0,0,738590.696712634,0,0,0
39392.0115689905,40,2024.4,2101.4,2182.8,0,0,738590.696713097,0,0,0
39392.0515680569,40,2016.6,2088.6,2136.2,0,0,738590.69671356,0,0,0
39392.0915671233,40,2020,2090.8,2133.6,0,0,738590.696714023,0,0,0
39392.1315661897,40,2025.8,2107,2192.4,0,0,738590.696714486,0,0,0
39392.1715652561,40,2038.8,2142,2307.8,0,0,738590.696714949,0,0,0
39392.2115643225,40,2053.4,2206,2511.4,0,0,738590.696715412,0,0,0
39392.2515633889,40,2081.2,2293.2,2749.4,0,0,738590.696715875,0,0,0
39392.2915624553,40,2112.8,2407,2891.8,0,0,738590.696716338,0,0,0
39392.3315615217,40,2150,2502.8,2901.6,0,0,738590.696716801,0,0,0
39392.3715605881,40,2166.4,2544,2886.6,0,0,738590.696717264,0,0,0
39392.4115596545,40,2155.4,2515.4,2886.6,0,0,738590.696717727,0,0,0
39392.4515587209,40,2138.8,2461.8,2892.6,0,0,738590.69671819,0,0,0
39392.4915577873,40,2117.6,2415.2,2859.6,0,0,738590.696718652,0,0,0
39392.5315568537,40,2094.4,2339,2804.6,0,0,738590.696719115,0,0,0
39392.5715559201,40,2071.6,2255.6,2665.4,0,0,738590.696719578,0,0,0
39392.6115549865,40,2048.8,2180,2458.8,0,0,738590.696720041,0,0,0
39392.6515540529,40,2032.4,2137.8,2283.2,0,0,738590.696720504,0,0,0
39392.6915531193,40,2022.8,2095.6,2170.2,0,0,738590.696720967,0,0,0
39392.7315521857,40,2014.8,2085.2,2114.4,0,0,738590.69672143,0,0,0
39392.7715512521,40,2018.2,2081,2105.2,0,0,738590.696721893,0,0,0
39392.8115503185,40,2018.4,2098.6,2152.6,0,0,738590.696722356,0,0,0
39392.8515493849,40,2029.6,2118.8,2232.6,0,0,738590.696722819,0,0,0
39392.8915484513,40,2043.6,2165.8,2381.2,0,0,738590.696723282,0,0,0
39392.9315475177,40,2059.2,2228.2,2575.4,0,0,738590.696723745,0,0,0
39392.9715465841,40,2090.2,2314,2756.4,0,0,738590.696724208,0,0,0
39393.0115456505,40,2114.4,2408.4,2853.2,0,0,738590.696724671,0,0,0
39393.0515447169,40,2141,2473.8,2879.8,0,0,738590.696725134,0,0,0
39393.0915437833,40,2139.2,2470.8,2883.8,0,0,738590.696725597,0,0,0
39393.1315428497,40,2124.2,2425.6,2883.8,0,0,738590.69672606,0,0,0
39393.1715419161,40,2102.6,2359.6,2834.4,0,0,738590.696726523,0,0,0
39393.2115409825,40,2082.2,2293.4,2716,0,0,738590.696726986,0,0,0
39393.2515400489,40,2061.6,2218.6,2544.4,0,0,738590.696727448,0,0,0
39393.2915391153,40,2046,2160,2367.8,0,0,738590.696727911,0,0,0
39393.3315381817,40,2032.8,2122.6,2227.6,0,0,738590.696728374,0,0,0
39393.3715372481,40,2024.2,2095.4,2144,0,0,738590.696728837,0,0,0
39393.4115363145,40,2017.4,2081.8,2106.2,0,0,738590.6967293,0,0,0
39393.4515353809,40,2014.8,2076.8,2088.6,0,0,738590.696729763,0,0,0
39393.4915344473,40,2016,2083.6,2116,0,0,738590.696730226,0,0,0
39393.5315335137,40,2021.6,2098.6,2177.4,0,0,738590.696730689,0,0,0
39393.5715325801,40,2032.2,2130.6,2294,0,0,738590.696731152,0,0,0
39393.6115316465,40,2049.6,2189,2489.6,0,0,738590.696731615,0,0,0
39393.6515307129,40,2074.2,2268,2700,0,0,738590.696732078,0,0,0
39393.6915297793,40,2100,2368.4,2861.4,0,0,738590.696732541,0,0,0
39393.7315288457,40,2131.6,2456.6,2902.8,0,0,738590.696733004,0,0,0
39393.7715279121,40,2146,2496.2,2898.4,0,0,738590.696733467,0,0,0
39393.8115269785,40,2140,2467,2904,0,0,738590.69673393,0,0,0
39393.8515260449,40,2119.2,2421.8,2896.6,0,0,738590.696734393,0,0,0
39393.8915251113,40,2100.2,2367.6,2839.8,0,0,738590.696734856,0,0,0
39393.9315241777,40,2079.6,2284.6,2719.4,0,0,738590.696735319,0,0,0
39393.9715232441,40,2059.8,2209,2540,0,0,738590.696735782,0,0,0
39394.0115223105,40,2041.2,2149,2345,0,0,738590.696736245,0,0,0
39394.0515213769,40,2029,2113.8,2212.8,0,0,738590.696736708,0,0,0
39394.0915204433,40,2022.2,2092,2139.8,0,0,738590.696737171,0,0,0
39394.1315195097,40,2020,2078.6,2102.4,0,0,738590.696737633,0,0,0
39394.1715185761,40,2016.2,2078,2101,0,0,738590.696738096,0,0,0
39394.2115176425,40,2015.6,2086.6,2141,0,0,738590.696738559,0,0,0
39394.2515167089,40,2030,2113,2217.2,0,0,738590.696739022,0,0,0
39394.2915157753,40,2038.4,2156.4,2361.8,0,0,738590.696739485,0,0,0
39394.3315148417,40,2058.2,2222.2,2569.4,0,0,738590.696739948,0,0,0
39394.3715139081,40,2085.2,2314,2755.8,0,0,738590.696740411,0,0,0
39394.4115129745,40,2119.6,2422,2854,0,0,738590.696740874,0,0,0
39394.4515120409,40,2155,2502.6,2860,0,0,738590.696741337,0,0,0
39394.4915111073,40,2172.4,2537.6,2848,0,0,738590.6967418,0,0,0
39394.5315101737,40,2154.8,2509.8,2869.8,0,0,738590.696742263,0,0,0
39394.5715092401,40,2137.2,2464.4,2864.4,0,0,738590.696742726,0,0,0
39394.6115083065,40,2117,2396.6,2828.4,0,0,738590.696743189,0,0,0
39394.6515073729,40,2089.2,2318,2732.8,0,0,738590.696743652,0,0,0
39394.6915064393,40,2072,2236.8,2564.8,0,0,738590.696744115,0,0,0
39394.7315055057,40,2043.8,2172.2,2387.2,0,0,738590.696744578,0,0,0
39394.7715045721,40,2029.2,2124.4,2245.2,0,0,738590.696745041,0,0,0
39394.8115036385,40,2025.6,2098.4,2160.4,0,0,738590.696745504,0,0,0
39394.8515027049,40,2017.2,2082.6,2114.8,0,0,738590.696745967,0,0,0
39394.8915017713,40,2015.8,2086.2,2116,0,0,738590.69674643,0,0,0
39394.9315008377,40,2022.6,2094.6,2159,0,0,738590.696746893,0,0,0
39394.9714999041,40,2027.8,2121.6,2236,0,0,738590.696747356,0,0,0
39395.0114989705,40,2042.6,2158.2,2380.4,0,0,738590.696747818,0,0,0
39395.0514980369,40,2058.8,2218.4,2589.2,0,0,738590.696748281,0,0,0
39395.0914971033,40,2079.2,2301.6,2763.2,0,0,738590.696748744,0,0,0
39395.1314961697,40,2114.2,2387.6,2859.4,0,0,738590.696749207,0,0,0
39395.1714952361,40,2130.6,2445.8,2883.6,0,0,738590.69674967,0,0,0
39395.2114943025,40,2133,2448.2,2893.8,0,0,738590.696750133,0,0,0
39395.2514933689,40,2115.2,2396.6,2867.2,0,0,738590.696750596,0,0,0
39395.2914924353,40,2097.8,2343.8,2822,0,0,738590.696751059,0,0,0
39395.3314915017,40,2077.8,2280.8,2706.2,0,0,738590.696751522,0,0,0
39395.3714905681,40,2054.4,2209.2,2540.4,0,0,738590.696751985,0,0,0
39395.4114896345,40,2040.8,2150.4,2352.6,0,0,738590.696752448,0,0,0
39395.4514887009,40,2030.2,2118.8,2225.4,0,0,738590.696752911,0,0,0
39395.4914877673,40,2019.6,2092.8,2146,0,0,738590.696753374,0,0,0
39395.5314868337,40,2016.6,2084.2,2110,0,0,738590.696753837,0,0,0
39395.5714859001,40,2021.4,2089,2128.4,0,0,738590.6967543,0,0,0
39395.6114849665,40,2024,2108,2183.8,0,0,738590.696754763,0,0,0
39395.6514840329,40,2032.2,2138.4,2310.6,0,0,738590.696755226,0,0,0
39395.6914830993,40,2046,2191,2509,0,0,738590.696755689,0,0,0
39395.7314821657,40,2070.4,2267.2,2722.2,0,0,738590.696756152,0,0,0
39395.7714812321,40,2095.8,2351.4,2856.8,0,0,738590.696756614,0,0,0
39395.8114802985,40,2117.4,2404.2,2889,0,0,738590.696757077,0,0,0
39395.8514793649,40,2112.4,2395.6,2902.6,0,0,738590.69675754,0,0,0
39395.8914784313,40,2099.6,2369.2,2872.8,0,0,738590.696758003,0,0,0
39395.9314774977,40,2088.8,2330.8,2822.2,0,0,738590.696758466,0,0,0
39395.9714765641,40,2078.6,2280.2,2727.6,0,0,738590.696758929,0,0,0
39396.0114756305,40,2057.6,2215.6,2571.2,0,0,738590.696759392,0,0,0
39396.0514746969,40,2043.2,2164.4,2387.2,0,0,738590.696759855,0,0,0
39396.0914737633,40,2030.8,2121.4,2243.4,0,0,738590.696760318,0,0,0
39396.1314728297,40,2016.8,2095.2,2159,0,0,738590.696760781,0,0,0
39396.1714718961,40,2015.8,2082.6,2111,0,0,738590.696761244,0,0,0
39396.2114709625,40,2015.2,2075.2,2094,0,0,738590.696761707,0,0,0
39396.2514700289,40,2012.8,2085.8,2118.6,0,0,738590.69676217,0,0,0
39396.2914690953,40,2019.6,2098.6,2161,0,0,738590.696762633,0,0,0
39396.3314681617,40,2031.2,2121.6,2259.8,0,0,738590.696763096,0,0,0
39396.3714672281,40,2045.4,2170.2,2422.6,0,0,738590.696763559,0,0,0
39396.4114662945,40,2066.2,2235.4,2620.2,0,0,738590.696764022,0,0,0
39396.4514653609,40,2091,2322,2800.8,0,0,738590.696764485,0,0,0
39396.4914644273,40,2106.8,2389.2,2892.6,0,0,738590.696764948,0,0,0
39396.5314634937,40,2118.8,2409.6,2893.4,0,0,738590.696765411,0,0,0
39396.5714625601,40,2106.2,2378.6,2877.6,0,0,738590.696765874,0,0,0
39396.6114616265,40,2093,2331.6,2807.8,0,0,738590.696766337,0,0,0
39396.6514606929,40,2080.6,2282.8,2701.6,0,0,738590.696766799,0,0,0
39396.6914597593,40,2060,2216.2,2538.8,0,0,738590.696767262,0,0,0
39396.7314588257,40,2045.2,2162,2371.8,0,0,738590.696767725,0,0,0
39396.774457822,43,2030.2,2122.4,2229.4,0,0,738590.696768223,0,0,0
39396.8144568884,40,2019.2,2093,2147.8,0,0,738590.696768686,0,0,0
39396.8544559548,40,2018.2,2083,2114.2,0,0,738590.696769149,0,0,0
39396.8944550212,40,2017,2078.8,2105.8,0,0,738590.696769612,0,0,0
39396.9344540876,40,2015.4,2092.6,2135,0,0,738590.696770075,0,0,0
39396.974453154,40,2023.6,2109.6,2210.2,0,0,738590.696770538,0,0,0
39397.0144522204,40,2035.4,2150.8,2344.2,0,0,738590.696771001,0,0,0
39397.0544512868,40,2056.2,2212,2558.8,0,0,738590.696771464,0,0,0
39397.0944503532,40,2079.6,2304.6,2763.6,0,0,738590.696771927,0,0,0
39397.1344494196,40,2121.8,2415.2,2858.8,0,0,738590.69677239,0,0,0
39397.174448486,40,2145.6,2472,2857.2,0,0,738590.696772853,0,0,0
39397.2144475524,40,2152,2485.8,2847.8,0,0,738590.696773316,0,0,0
39397.2544466188,40,2132.8,2437.2,2846.4,0,0,738590.696773778,0,0,0
39397.2944456852,40,2110.4,2379.2,2809,0,0,738590.696774241,0,0,0
39397.3344447516,40,2091.4,2316.6,2734.4,0,0,738590.696774704,0,0,0
39397.374443818,40,2065.4,2238.4,2588.2,0,0,738590.696775167,0,0,0
39397.4144428844,40,2048,2182.4,2417.8,0,0,738590.69677563,0,0,0
39397.4544419508,40,2032.8,2130.4,2264.8,0,0,738590.696776093,0,0,0
39397.4944410172,40,2022.2,2101,2172,0,0,738590.696776556,0,0,0
39397.5344400836,40,2017,2082.2,2118.6,0,0,738590.696777019,0,0,0
39397.57443915,40,2018,2083.6,2099.2,0,0,738590.696777482,0,0,0
39397.6144382164,40,2019.2,2091,2132,0,0,738590.696777945,0,0,0
39397.6544372828,40,2022.4,2106.8,2186.6,0,0,738590.696778408,0,0,0
39397.6944363492,40,2036.4,2140.6,2308.6,0,0,738590.696778871,0,0,0
39397.7344354156,40,2049,2194,2482.8,0,0,738590.696779334,0,0,0
39397.774434482,40,2074.8,2270,2669.6,0,0,738590.696779797,0,0,0
39397.8144335484,40,2099.6,2354,2801.4,0,0,738590.69678026,0,0,0
39397.8544326148,40,2126.6,2425.2,2845.8,0,0,738590.696780723,0,0,0
39397.8944316812,40,2140.8,2457.2,2852.4,0,0,738590.696781186,0,0,0
39397.9344307476,40,2125,2432.2,2854.6,0,0,738590.696781649,0,0,0
39397.974429814,40,2111.6,2380.4,2828.4,0,0,738590.696782112,0,0,0
39398.0144288804,40,2093.6,2326.2,2759.4,0,0,738590.696782575,0,0,0
39398.0544279468,40,2071.4,2261.6,2640.6,0,0,738590.696783038,0,0,0
39398.0944270132,40,2054,2191.2,2472,0,0,738590.6967835,0,0,0
39398.1344260796,40,2040.8,2146.2,2306,0,0,738590.696783963,0,0,0
39398.174425146,40,2025.8,2111.6,2200.2,0,0,738590.696784426,0,0,0
39398.2144242124,40,2020.2,2094,2142.6,0,0,738590.696784889,0,0,0
39398.2544232788,40,2016.4,2078.6,2110.2,0,0,738590.696785352,0,0,0
39398.2944223452,40,2017.2,2082.6,2117.2,0,0,738590.696785815,0,0,0
39398.3344214116,40,2025.8,2091.2,2150,0,0,738590.696786278,0,0,0
39398.374420478,40,2025.6,2118.8,2218.6,0,0,738590.696786741,0,0,0
39398.4144195444,40,2043,2158,2338,0,0,738590.696787204,0,0,0
39398.4544186108,40,2055.4,2207.4,2481.8,0,0,738590.696787667,0,0,0
39398.4944176772,40,2077.8,2268.4,2594.8,0,0,738590.69678813,0,0,0
39398.5344167436,40,2093.4,2315.4,2655.4,0,0,738590.696788593,0,0,0
39398.57441581,40,2110.2,2346,2686.6,0,0,738590.696789056,0,0,0
39398.6144148764,40,2101.6,2338.8,2683.8,0,0,738590.696789519,0,0,0
39398.6544139428,40,2091,2299.8,2655,0,0,738590.696789982,0,0,0
39398.6944130092,40,2078.8,2266,2613.2,0,0,738590.696790445,0,0,0
39398.7344120756,40,2057.8,2223.6,2546.2,0,0,738590.696790908,0,0,0
39398.774411142,40,2045.6,2179.2,2453.2,0,0,738590.696791371,0,0,0
39398.8144102084,40,2038,2148,2355,0,0,738590.696791834,0,0,0
39398.8544092748,40,2027.6,2126.8,2290.6,0,0,738590.696792297,0,0,0
39398.8944083412,40,2030,2121.6,2263.8,0,0,738590.696792759,0,0,0
39398.9344074076,40,2029.4,2126.8,2271.6,0,0,738590.696793222,0,0,0
39398.974406474,40,2034,2133.8,2282.4,0,0,738590.696793685,0,0,0
39399.0144055404,40,2035.6,2142.2,2312.2,0,0,738590.696794148,0,0,0
39399.0544046068,40,2044.2,2156.2,2351.6,0,0,738590.696794611,0,0,0
39399.0944036732,40,2046,2174.4,2393,0,0,738590.696795074,0,0,0
39399.1344027396,40,2058.4,2202.4,2454,0,0,738590.696795537,0,0,0
39399.174401806,40,2063.8,2221.2,2514.6,0,0,738590.696796,0,0,0
39399.2144008724,40,2071.4,2251.2,2577.4,0,0,738590.696796463,0,0,0
39399.2543999388,40,2078.2,2276,2632.2,0,0,738590.696796926,0,0,0
39399.2943990052,40,2086,2298.8,2669.6,0,0,738590.696797389,0,0,0
39399.3343980716,40,2088.4,2302.4,2685.6,0,0,738590.696797852,0,0,0
39399.374397138,40,2086.8,2302,2690,0,0,738590.696798315,0,0,0
39399.4143962044,40,2088,2293.2,2689.8,0,0,738590.696798778,0,0,0
39399.4543952708,40,2080.4,2286,2677.6,0,0,738590.696799241,0,0,0
39399.4943943372,40,2078.4,2283.2,2681.8,0,0,738590.696799704,0,0,0
39399.5343934036,40,2078,2280.6,2695.4,0,0,738590.696800167,0,0,0
39399.57439247,40,2072.4,2270.6,2688.6,0,0,738590.69680063,0,0,0
39399.6143915364,40,2073.2,2271,2694.4,0,0,738590.696801093,0,0,0
39399.6543906028,40,2076.4,2267.2,2679.6,0,0,738590.696801556,0,0,0
39399.6943896692,40,2073,2262,2660.2,0,0,738590.696802019,0,0,0
39399.7343887356,40,2071.8,2255.6,2642.4,0,0,738590.696802482,0,0,0
39399.774387802,40,2072.4,2252,2619.4,0,0,738590.696802944,0,0,0
