115211.992889322,40,2005.8,2057.2,2061.2,0,0,738591.574259177,0,0,0
115212.032888389,40,2003.6,2059.8,2059.6,0,0,738591.57425964,0,0,0
115212.072887455,40,2002.8,2055,2056.2,0,0,738591.574260103,0,0,0
115212.112886521,40,2004.6,2059,2059.6,0,0,738591.574260566,0,0,0
115212.152885588,40,2006.6,2061.4,2061.6,0,0,738591.574261029,0,0,0
115212.192884654,40,2003,2058.8,2053.8,0,0,738591.574261492,0,0,0
115212.232883721,40,2003.8,2059.2,2052.8,0,0,738591.574261955,0,0,0
115212.272882787,40,2002,2061,2060.4,0,0,738591.574262418,0,0,0
115212.312881853,40,2002.2,2062,2055.4,0,0,738591.574262881,0,0,0
115212.35288092,40,2004.2,2060.4,2059.8,0,0,738591.574263344,0,0,0
115212.392879986,40,2002.4,2056.8,2060,0,0,738591.574263807,0,0,0
115212.432879053,40,2006,2061.2,2059.4,0,0,738591.57426427,0,0,0
115212.472878119,40,2006.6,2059.8,2064.8,0,0,738591.574264733,0,0,0
115212.512877185,40,2007.6,2065.2,2063.4,0,0,738591.574265196,0,0,0
115212.552876252,40,2009.8,2070,2078.6,0,0,738591.574265658,0,0,0
115212.592875318,40,2012.2,2068.2,2090.2,0,0,738591.574266121,0,0,0
115212.632874385,40,2012.6,2082.4,2114.4,0,0,738591.574266584,0,0,0
115212.672873451,40,2017,2092.8,2162,0,0,738591.574267047,0,0,0
115212.712872517,40,2029.6,2120.4,2241.4,0,0,738591.57426751,0,0,0
115212.752871584,40,2041.2,2162.4,2363.2,0,0,738591.574267973,0,0,0
115212.79287065,40,2065.2,2232,2529.2,0,0,738591.574268436,0,0,0
115212.832869717,40,2100.8,2326.2,2661.8,0,0,738591.574268899,0,0,0
115212.872868783,40,2147.2,2424.8,2686.4,0,0,738591.574269362,0,0,0
115212.912867849,40,2204.2,2513.2,2619.4,0,0,738591.574269825,0,0,0
115212.952866916,40,2270.8,2562.4,2520.8,0,0,738591.574270288,0,0,0
115212.992865982,40,2336.8,2576,2422.8,0,0,738591.574270751,0,0,0
115213.032865049,40,2382.4,2558.6,2354,0,0,738591.574271214,0,0,0
115213.072864115,40,2403.2,2525.2,2314.4,0,0,738591.574271677,0,0,0
115213.112863181,40,2406.8,2507.2,2304.6,0,0,738591.57427214,0,0,0
115213.152862248,40,2379.4,2516.2,2323.6,0,0,738591.574272603,0,0,0
115213.192861314,40,2337.8,2540,2382,0,0,738591.574273066,0,0,0
115213.232860381,40,2284.2,2571,2502.2,0,0,738591.574273529,0,0,0
115213.272859447,40,2200.2,2523,2650.6,0,0,738591.574273992,0,0,0
115213.312858513,40,2118.4,2370.2,2689.2,0,0,738591.574274454,0,0,0
115213.35285758,40,2070.8,2240.4,2535.4,0,0,738591.574274917,0,0,0
115213.392856646,40,2042.6,2161.2,2349.2,0,0,738591.57427538,0,0,0
115213.432855713,40,2030,2119.8,2231.4,0,0,738591.574275843,0,0,0
115213.472854779,40,2022.2,2115.6,2220,0,0,738591.574276306,0,0,0
115213.512853845,40,2032.4,2133,2281.8,0,0,738591.574276769,0,0,0
115213.552852912,40,2048.2,2181.4,2421,0,0,738591.574277232,0,0,0
115213.592851978,40,2079.8,2280,2645.4,0,0,738591.574277695,0,0,0
115213.632851045,40,2146,2450,2757,0,0,738591.574278158,0,0,0
115213.672850111,40,2254.6,2600.2,2621,0,0,738591.574278621,0,0,0
115213.712849177,40,2362.2,2605.4,2416.8,0,0,738591.574279084,0,0,0
115213.752848244,40,2434.4,2506.2,2280.2,0,0,738591.574279547,0,0,0
115213.79284731,40,2435.8,2414.2,2210,0,0,738591.57428001,0,0,0
115213.832846377,40,2421.6,2380.2,2193.2,0,0,738591.574280473,0,0,0
115213.872845443,40,2418,2406.2,2218.2,0,0,738591.574280936,0,0,0
115213.912844509,40,2404.2,2462.8,2269,0,0,738591.574281399,0,0,0
115213.952843576,40,2352.2,2546.2,2379.6,0,0,738591.574281862,0,0,0
115213.992842642,40,2256.6,2571.2,2566.2,0,0,738591.574282325,0,0,0
115214.032841709,40,2145.8,2436.6,2717.6,0,0,738591.574282788,0,0,0
115214.072840775,40,2080.6,2270,2612,0,0,738591.574283251,0,0,0
115214.112839841,40,2044,2170.4,2388.6,0,0,738591.574283714,0,0,0
115214.152838908,40,2027.4,2124.4,2248.2,0,0,738591.574284177,0,0,0
115214.192837974,40,2028,2113.2,2226.2,0,0,738591.574284639,0,0,0
115214.232837041,40,2034.8,2139.6,2291.2,0,0,738591.574285102,0,0,0
115214.272836107,40,2049,2192,2453.8,0,0,738591.574285565,0,0,0
115214.312835173,40,2080.6,2300.4,2713.6,0,0,738591.574286028,0,0,0
115214.35283424,40,2152.4,2493.2,2821.6,0,0,738591.574286491,0,0,0
115214.392833306,40,2265.4,2644.6,2644,0,0,738591.574286954,0,0,0
115214.432832373,40,2380.8,2637.2,2422,0,0,738591.574287417,0,0,0
115214.472831439,40,2446.8,2525.6,2283,0,0,738591.57428788,0,0,0
115214.512830505,40,2454.8,2429.4,2215.2,0,0,738591.574288343,0,0,0
115214.552829572,40,2447.6,2400.6,2195.4,0,0,738591.574288806,0,0,0
115214.592828638,40,2441.2,2425.2,2220.2,0,0,738591.574289269,0,0,0
115214.632827705,40,2420.8,2474.2,2264.6,0,0,738591.574289732,0,0,0
115214.672826771,40,2357.6,2529.2,2359.4,0,0,738591.574290195,0,0,0
115214.712825837,40,2273.6,2572.2,2517.6,0,0,738591.574290658,0,0,0
115214.752824904,40,2174.8,2497.4,2725,0,0,738591.574291121,0,0,0
115214.79282397,40,2097.4,2325.6,2718.2,0,0,738591.574291584,0,0,0
115214.832823037,40,2055.2,2205.6,2507.2,0,0,738591.574292047,0,0,0
115214.872822103,40,2035,2145,2332.2,0,0,738591.57429251,0,0,0
115214.912821169,40,2033.4,2136.6,2310,0,0,738591.574292973,0,0,0
115214.952820236,40,2039.8,2157.6,2357.8,0,0,738591.574293436,0,0,0
115214.992819302,40,2051.8,2199.6,2452.6,0,0,738591.574293899,0,0,0
115215.032818369,40,2084.6,2274,2592.6,0,0,738591.574294362,0,0,0
115215.072817435,40,2123.6,2374.8,2690.4,0,0,738591.574294824,0,0,0
115215.112816501,40,2175.6,2488,2696.8,0,0,738591.574295287,0,0,0
115215.152815568,40,2248.4,2598.4,2607.4,0,0,738591.57429575,0,0,0
115215.192814634,40,2334.6,2629.6,2476.2,0,0,738591.574296213,0,0,0
115215.232813701,40,2408.4,2591.2,2359.8,0,0,738591.574296676,0,0,0
115215.272812767,40,2452.6,2523.2,2277.8,0,0,738591.574297139,0,0,0
115215.312811833,40,2461.8,2464.2,2236.2,0,0,738591.574297602,0,0,0
115215.3528109,40,2465,2430.2,2204,0,0,738591.574298065,0,0,0
115215.392809966,40,2464.6,2430.4,2206.6,0,0,738591.574298528,0,0,0
115215.432809033,40,2466.8,2463.4,2228.2,0,0,738591.574298991,0,0,0
115215.472808099,40,2456.6,2516.8,2266.2,0,0,738591.574299454,0,0,0
115215.512807165,40,2419.8,2608.2,2355.6,0,0,738591.574299917,0,0,0
115215.552806232,40,2335.8,2677,2528,0,0,738591.57430038,0,0,0
115215.592805298,40,2221.2,2620.4,2767.8,0,0,738591.574300843,0,0,0
115215.632804365,40,2125.8,2426.8,2846.2,0,0,738591.574301306,0,0,0
115215.672803431,40,2074.2,2270.8,2677.2,0,0,738591.574301769,0,0,0
115215.712802497,40,2046,2184.8,2463.8,0,0,738591.574302232,0,0,0
115215.752801564,40,2042.2,2157.2,2361.8,0,0,738591.574302695,0,0,0
115215.79280063,40,2050.2,2176.2,2407.6,0,0,738591.574303158,0,0,0
115215.832799697,40,2059,2224.8,2516.4,0,0,738591.57430362,0,0,0
115215.872798763,40,2095.6,2317.6,2642.6,0,0,738591.574304083,0,0,0
115215.912797829,40,2161.2,2454.2,2683.6,0,0,738591.574304546,0,0,0
115215.952796896,40,2253.4,2577,2577.8,0,0,738591.574305009,0,0,0
115215.992795962,40,2354.8,2593.4,2411.2,0,0,738591.574305472,0,0,0
115216.032795029,40,2432.4,2528.2,2287.2,0,0,738591.574305935,0,0,0
115216.072794095,40,2460.8,2441.4,2213.4,0,0,738591.574306398,0,0,0
115216.112793161,40,2454.2,2373.8,2174.8,0,0,738591.574306861,0,0,0
115216.152792228,40,2447.2,2362,2168,0,0,738591.574307324,0,0,0
115216.192791294,40,2462,2414.2,2196.2,0,0,738591.574307787,0,0,0
115216.232790361,40,2458.6,2500,2258.2,0,0,738591.57430825,0,0,0
115216.272789427,40,2407.6,2609.6,2372.6,0,0,738591.574308713,0,0,0
115216.312788493,40,2300.8,2671.4,2576.4,0,0,738591.574309176,0,0,0
115216.35278756,40,2188.8,2557,2808.6,0,0,738591.574309639,0,0,0
115216.392786626,40,2110.4,2365,2812.8,0,0,738591.574310102,0,0,0
115216.432785693,40,2065,2237.6,2611.2,0,0,738591.574310565,0,0,0
115216.472784759,40,2043.4,2177.6,2428,0,0,738591.574311028,0,0,0
115216.512783825,40,2045.2,2170.8,2407.4,0,0,738591.574311491,0,0,0
115216.552782892,40,2054.8,2208.8,2504.4,0,0,738591.574311954,0,0,0
115216.592781958,40,2083,2290.8,2669.2,0,0,738591.574312417,0,0,0
115216.632781025,40,2134.8,2431.8,2758,0,0,738591.57431288,0,0,0
115216.672780091,40,2226.8,2583.8,2668.2,0,0,738591.574313342,0,0,0
115216.712779157,40,2338.2,2626.8,2474.8,0,0,738591.574313805,0,0,0
115216.752778224,40,2426.8,2561.2,2318,0,0,738591.574314268,0,0,0
115216.79277729,40,2465.2,2461,2230.4,0,0,738591.574314731,0,0,0
115216.832776357,40,2453.8,2383.4,2180,0,0,738591.574315194,0,0,0
115216.872775423,40,2436.8,2340.6,2151.8,0,0,738591.574315657,0,0,0
115216.912774489,40,2438.2,2338,2156.6,0,0,738591.57431612,0,0,0
115216.952773556,40,2457.2,2393.8,2185,0,0,738591.574316583,0,0,0
115216.992772622,40,2466.2,2465.6,2231,0,0,738591.574317046,0,0,0
115217.032771689,40,2439.6,2572.2,2319.4,0,0,738591.574317509,0,0,0
115217.072770755,40,2351,2657.4,2477.4,0,0,738591.574317972,0,0,0
115217.112769821,40,2236.4,2628.2,2707.8,0,0,738591.574318435,0,0,0
115217.152768888,40,2142.2,2460.8,2841.2,0,0,738591.574318898,0,0,0
115217.192767954,40,2085.2,2292.8,2717.6,0,0,738591.574319361,0,0,0
115217.232767021,40,2048.8,2197.4,2493.2,0,0,738591.574319824,0,0,0
115217.272766087,40,2037.8,2156.2,2368.4,0,0,738591.574320287,0,0,0
115217.312765153,40,2041.4,2168.2,2396.8,0,0,738591.57432075,0,0,0
115217.35276422,40,2055,2208.8,2524.2,0,0,738591.574321213,0,0,0
115217.392763286,40,2079.8,2292.8,2676.2,0,0,738591.574321676,0,0,0
115217.432762353,40,2138.4,2434.8,2777,0,0,738591.574322139,0,0,0
115217.472761419,40,2222,2580.4,2677.8,0,0,738591.574322602,0,0,0
115217.512760485,40,2328.6,2636.4,2494.6,0,0,738591.574323065,0,0,0
115217.552759552,40,2416.6,2575.6,2338.4,0,0,738591.574323527,0,0,0
115217.592758618,40,2453.6,2476.6,2244.2,0,0,738591.57432399,0,0,0
115217.632757685,40,2454.8,2399.2,2190.4,0,0,738591.574324453,0,0,0
115217.672756751,40,2446.2,2351.8,2164.6,0,0,738591.574324916,0,0,0
115217.712755817,40,2433,2337,2154.4,0,0,738591.574325379,0,0,0
115217.752754884,40,2450,2368,2167.4,0,0,738591.574325842,0,0,0
115217.79275395,40,2460.8,2400.6,2186.8,0,0,738591.574326305,0,0,0
115217.832753017,40,2467.8,2453,2225,0,0,738591.574326768,0,0,0
115217.872752083,40,2458.6,2509.2,2267.8,0,0,738591.574327231,0,0,0
115217.912751149,40,2440.8,2564.2,2318.6,0,0,738591.574327694,0,0,0
115217.952750216,40,2408.4,2610.8,2374.6,0,0,738591.574328157,0,0,0
115217.992749282,40,2372.8,2641.6,2440.8,0,0,738591.57432862,0,0,0
115218.032748349,40,2345,2658,2494.4,0,0,738591.574329083,0,0,0
115218.072747415,40,2318.2,2659,2540.4,0,0,738591.574329546,0,0,0
115218.112746481,40,2298.8,2660.4,2577,0,0,738591.574330009,0,0,0
115218.152745548,40,2293.6,2657.6,2589,0,0,738591.574330472,0,0,0
115218.192744614,40,2296,2657,2584.4,0,0,738591.574330935,0,0,0
115218.232743681,40,2290.2,2665.2,2599,0,0,738591.574331398,0,0,0
115218.272742747,40,2286.8,2657.2,2605.4,0,0,738591.574331861,0,0,0
115218.312741813,40,2280.8,2654.2,2613.8,0,0,738591.574332324,0,0,0
115218.35274088,40,2276.2,2654.2,2614.8,0,0,738591.574332786,0,0,0
115218.392739946,40,2273.4,2654.6,2628.8,0,0,738591.574333249,0,0,0
115218.432739013,40,2266.2,2650,2639.4,0,0,738591.574333712,0,0,0
115218.472738079,40,2265.2,2648.2,2649.2,0,0,738591.574334175,0,0,0
115218.512737145,40,2259.6,2643.4,2655.2,0,0,738591.574334638,0,0,0
115218.552736212,40,2255.2,2642.2,2662.2,0,0,738591.574335101,0,0,0
115218.592735278,40,2250.8,2634.6,2673.4,0,0,738591.574335564,0,0,0
115218.632734345,40,2246.8,2634.6,2676.6,0,0,738591.574336027,0,0,0
115218.672733411,40,2243.2,2628.8,2688.2,0,0,738591.57433649,0,0,0
115218.712732477,40,2239.6,2627.6,2698,0,0,738591.574336953,0,0,0
115218.752731544,40,2234.8,2625,2703.6,0,0,738591.574337416,0,0,0
115218.79273061,40,2229.6,2621,2715,0,0,738591.574337879,0,0,0
115218.832729677,40,2233,2612.2,2712.8,0,0,738591.574338342,0,0,0
115218.872728743,40,2227.2,2609.2,2721.4,0,0,738591.574338805,0,0,0
115218.912727809,40,2221.8,2608.8,2726.6,0,0,738591.574339268,0,0,0
115218.952726876,40,2217.8,2600.8,2733,0,0,738591.574339731,0,0,0
115218.992725942,40,2213.4,2597.2,2736.2,0,0,738591.574340194,0,0,0
115219.032725009,40,2210.8,2595.2,2749.4,0,0,738591.574340657,0,0,0
115219.072724075,40,2210.6,2591.6,2753.6,0,0,738591.57434112,0,0,0
115219.112723141,40,2208.2,2589.4,2760.8,0,0,738591.574341583,0,0,0
115219.152722208,40,2205,2580.4,2762.2,0,0,738591.574342046,0,0,0
115219.192721274,40,2200.4,2578.4,2768.4,0,0,738591.574342508,0,0,0
115219.232720341,40,2197,2574.4,2775.2,0,0,738591.574342971,0,0,0
115219.272719407,40,2196.6,2563.8,2775.6,0,0,738591.574343434,0,0,0
115219.312718473,40,2194.4,2563.4,2785.6,0,0,738591.574343897,0,0,0
115219.35271754,40,2187,2555.2,2782.4,0,0,738591.57434436,0,0,0
115219.392716606,40,2187,2553.6,2791.8,0,0,738591.574344823,0,0,0
115219.432715673,40,2179.4,2547,2794.2,0,0,738591.574345286,0,0,0
115219.472714739,40,2183.6,2546.6,2799.4,0,0,738591.574345749,0,0,0
115219.512713805,40,2181.2,2541.8,2800.6,0,0,738591.574346212,0,0,0
115219.552712872,40,2183.4,2537.6,2805,0,0,738591.574346675,0,0,0
115219.592711938,40,2171,2533,2808,0,0,738591.574347138,0,0,0
115219.632711005,40,2169.4,2528.6,2811.6,0,0,738591.574347601,0,0,0
115219.672710071,40,2171,2526.2,2811,0,0,738591.574348064,0,0,0
115219.712709137,40,2168,2518.8,2812,0,0,738591.574348527,0,0,0
115219.752708204,40,2168.8,2518,2813.6,0,0,738591.57434899,0,0,0
115219.79270727,40,2166.4,2517,2821.4,0,0,738591.574349453,0,0,0
115219.832706337,40,2165,2517.4,2814.2,0,0,738591.574349916,0,0,0
115219.872705403,40,2169.2,2512,2821.2,0,0,738591.574350379,0,0,0
115219.912704469,40,2158.6,2506.4,2820.6,0,0,738591.574350842,0,0,0
115219.952703536,40,2160.4,2503,2821.2,0,0,738591.574351305,0,0,0
115219.992702602,40,2159.6,2496.2,2827.6,0,0,738591.574351768,0,0,0
115220.032701669,40,2155.6,2489.8,2825.4,0,0,738591.574352231,0,0,0
115220.072700735,40,2152.4,2487.4,2823,0,0,738591.574352693,0,0,0
115220.112699801,40,2151.8,2481.6,2829.2,0,0,738591.574353156,0,0,0
115220.152698868,40,2146,2473.6,2831.4,0,0,738591.574353619,0,0,0
115220.192697934,40,2144.2,2465.8,2827.8,0,0,738591.574354082,0,0,0
115220.232697001,40,2140,2462.4,2829.4,0,0,738591.574354545,0,0,0
115220.272696067,40,2143.6,2458.2,2822.2,0,0,738591.574355008,0,0,0
115220.312695133,40,2138.6,2449.6,2822.4,0,0,738591.574355471,0,0,0
115220.3526942,40,2138,2446.8,2814.6,0,0,738591.574355934,0,0,0
115220.392693266,40,2137,2439.2,2814.6,0,0,738591.574356397,0,0,0
115220.432692333,40,2134.6,2441.4,2809,0,0,738591.57435686,0,0,0
115220.472691399,40,2135.6,2433,2812,0,0,738591.574357323,0,0,0
115220.512690465,40,2129.4,2422.8,2806.4,0,0,738591.574357786,0,0,0
115220.552689532,40,2129.2,2420.2,2810.4,0,0,738591.574358249,0,0,0
115220.592688598,40,2122,2418.2,2807.6,0,0,738591.574358712,0,0,0
115220.632687665,40,2122,2415.2,2809.6,0,0,738591.574359175,0,0,0
115220.672686731,40,2123.8,2403.4,2807.4,0,0,738591.574359638,0,0,0
115220.712685797,40,2121.6,2394.4,2807.4,0,0,738591.574360101,0,0,0
115220.752684864,40,2116.2,2392.2,2801.6,0,0,738591.574360564,0,0,0
115220.79268393,40,2116.6,2390.2,2788,0,0,738591.574361027,0,0,0
115220.832682997,40,2112.8,2383.6,2785.4,0,0,738591.57436149,0,0,0
115220.872682063,40,2113,2377.6,2775.6,0,0,738591.574361952,0,0,0
115220.912681129,40,2108.6,2368.6,2765.6,0,0,738591.574362415,0,0,0
115220.952680196,40,2107,2361.6,2750,0,0,738591.574362878,0,0,0
115220.992679262,40,2104,2356.8,2747.4,0,0,738591.574363341,0,0,0
115221.032678329,40,2104.4,2354.2,2741.8,0,0,738591.574363804,0,0,0
115221.072677395,40,2099,2349.6,2741,0,0,738591.574364267,0,0,0
115221.112676461,40,2100.2,2349,2736.2,0,0,738591.57436473,0,0,0
115221.152675528,40,2101.8,2344.2,2735.4,0,0,738591.574365193,0,0,0
115221.192674594,40,2098.4,2343.2,2740.8,0,0,738591.574365656,0,0,0
115221.232673661,40,2100.6,2340.2,2738,0,0,738591.574366119,0,0,0
115221.272672727,40,2097.2,2337.4,2735,0,0,738591.574366582,0,0,0
115221.312671793,40,2099.6,2338,2737.6,0,0,738591.574367045,0,0,0
115221.35267086,40,2103,2342.8,2743.8,0,0,738591.574367508,0,0,0
115221.392669926,40,2102.2,2343.4,2742.2,0,0,738591.574367971,0,0,0
115221.432668993,40,2104,2355,2750.4,0,0,738591.574368434,0,0,0
115221.472668059,40,2116.4,2382.2,2769.2,0,0,738591.574368897,0,0,0
115221.512667125,40,2132.6,2425,2787.4,0,0,738591.57436936,0,0,0
115221.552666192,40,2161,2491.8,2781.4,0,0,738591.574369823,0,0,0
115221.592665258,40,2206.8,2572.6,2725.4,0,0,738591.574370286,0,0,0
115221.632664325,40,2274.8,2636,2609,0,0,738591.574370749,0,0,0
115221.672663391,40,2344.8,2640,2470.8,0,0,738591.574371212,0,0,0
115221.712662457,40,2409.6,2593.2,2357.4,0,0,738591.574371674,0,0,0
115221.752661524,40,2445.6,2512.6,2272.4,0,0,738591.574372137,0,0,0
115221.79266059,40,2455.8,2450.6,2224.4,0,0,738591.5743726,0,0,0
115221.832659657,40,2455.8,2417.8,2202.8,0,0,738591.574373063,0,0,0
115221.872658723,40,2459.4,2425.8,2208.6,0,0,738591.574373526,0,0,0
115221.912657789,40,2462.4,2464.8,2237,0,0,738591.574373989,0,0,0
115221.952656856,40,2453.2,2515.8,2271,0,0,738591.574374452,0,0,0
115221.992655922,40,2417,2597,2352.2,0,0,738591.574374915,0,0,0
115222.032654989,40,2357.8,2655.6,2475.4,0,0,738591.574375378,0,0,0
115222.072654055,40,2265,2644.4,2649.4,0,0,738591.574375841,0,0,0
115222.112653121,40,2173.2,2524.8,2807.2,0,0,738591.574376304,0,0,0
115222.152652188,40,2109.4,2371.8,2799.2,0,0,738591.574376767,0,0,0
115222.192651254,40,2071.8,2262.6,2646.6,0,0,738591.57437723,0,0,0
115222.232650321,40,2052.8,2203.4,2502.2,0,0,738591.574377693,0,0,0
115222.272649387,40,2050,2197.8,2482.6,0,0,738591.574378156,0,0,0
115222.312648453,40,2067.6,2245.2,2587,0,0,738591.574378619,0,0,0
115222.35264752,40,2106,2336.8,2694,0,0,738591.574379082,0,0,0
115222.392646586,40,2162.4,2468.4,2714.4,0,0,738591.574379545,0,0,0
115222.432645653,40,2245,2573.4,2584.8,0,0,738591.574380008,0,0,0
115222.472644719,40,2338.2,2579.6,2427.4,0,0,738591.574380471,0,0,0
115222.512643785,40,2402.6,2521.2,2313.6,0,0,738591.574380934,0,0,0
115222.552642852,40,2434,2447.8,2239.8,0,0,738591.574381397,0,0,0
115222.592641918,40,2439.4,2391,2189.6,0,0,738591.574381859,0,0,0
115222.632640985,40,2436,2362.2,2171.4,0,0,738591.574382322,0,0,0
115222.672640051,40,2443.8,2368.4,2174.4,0,0,738591.574382785,0,0,0
115222.712639117,40,2459.2,2402.6,2190.2,0,0,738591.574383248,0,0,0
115222.752638184,40,2464.6,2469.8,2230,0,0,738591.574383711,0,0,0
115222.79263725,40,2432,2569.2,2325.2,0,0,738591.574384174,0,0,0
115222.832636317,40,2341.6,2650.8,2491.4,0,0,738591.574384637,0,0,0
115222.872635383,40,2218.6,2584.8,2731,0,0,738591.5743851,0,0,0
115222.912634449,40,2113,2392.2,2810.4,0,0,738591.574385563,0,0,0
115222.952633516,40,2066.4,2238.2,2598.4,0,0,738591.574386026,0,0,0
115222.992632582,40,2039.8,2159.8,2375.8,0,0,738591.574386489,0,0,0
115223.032631649,40,2034.6,2142.6,2324.2,0,0,738591.574386952,0,0,0
115223.072630715,40,2042,2172.4,2400.2,0,0,738591.574387415,0,0,0
115223.112629781,40,2062.8,2227.8,2538.4,0,0,738591.574387878,0,0,0
115223.152628848,40,2103.4,2335.6,2689.2,0,0,738591.574388341,0,0,0
115223.192627914,40,2164.4,2477.4,2704.8,0,0,738591.574388804,0,0,0
115223.232626981,40,2263.2,2587.6,2567.8,0,0,738591.574389267,0,0,0
115223.272626047,40,2360.8,2593.2,2414,0,0,738591.57438973,0,0,0
115223.312625113,40,2426,2517.6,2291.8,0,0,738591.574390193,0,0,0
115223.35262418,40,2453.8,2438.8,2221.2,0,0,738591.574390655,0,0,0
115223.392623246,40,2452,2380.8,2181,0,0,738591.574391118,0,0,0
115223.432622313,40,2444.4,2355.2,2158.8,0,0,738591.574391581,0,0,0
115223.472621379,40,2455.2,2382.4,2181.2,0,0,738591.574392044,0,0,0
115223.512620445,40,2464.8,2466.8,2231.6,0,0,738591.574392507,0,0,0
115223.552619512,40,2436,2573.8,2322.2,0,0,738591.57439297,0,0,0
115223.592618578,40,2341.2,2664.8,2507.6,0,0,738591.574393433,0,0,0
115223.632617645,40,2213.4,2607.4,2753.6,0,0,738591.574393896,0,0,0
115223.672616711,40,2125,2420.2,2845.8,0,0,738591.574394359,0,0,0
115223.712615777,40,2073,2262,2654.4,0,0,738591.574394822,0,0,0
115223.752614844,40,2049.2,2179.8,2435.4,0,0,738591.574395285,0,0,0
115223.79261391,40,2038.8,2154.8,2347.2,0,0,738591.574395748,0,0,0
115223.832612977,40,2047.2,2176.2,2414.2,0,0,738591.574396211,0,0,0
115223.872612043,40,2061.4,2230.4,2547.2,0,0,738591.574396674,0,0,0
115223.912611109,40,2095.8,2330.4,2706,0,0,738591.574397137,0,0,0
115223.952610176,40,2155.2,2468.8,2739.4,0,0,738591.5743976,0,0,0
115223.992609242,40,2245.4,2589,2613.4,0,0,738591.574398063,0,0,0
115224.032608309,40,2344.2,2608.8,2449,0,0,738591.574398526,0,0,0
115224.072607375,40,2416,2547.6,2320.4,0,0,738591.574398989,0,0,0
115224.112606441,40,2445.2,2464,2241.6,0,0,738591.574399452,0,0,0
115224.152605508,40,2448,2397.8,2196.6,0,0,738591.574399915,0,0,0
115224.192604574,40,2452.4,2373.2,2176,0,0,738591.574400377,0,0,0
115224.232603641,40,2456.8,2384.6,2180.2,0,0,738591.57440084,0,0,0
115224.272602707,40,2465.8,2444.8,2215.8,0,0,738591.574401303,0,0,0
115224.312601773,40,2450.6,2532,2286.8,0,0,738591.574401766,0,0,0
115224.35260084,40,2379.8,2640.4,2428.8,0,0,738591.574402229,0,0,0
115224.392599906,40,2264.4,2650.6,2650.2,0,0,738591.574402692,0,0,0
115224.432598973,40,2158.6,2492.6,2837,0,0,738591.574403155,0,0,0
115224.472598039,40,2084.8,2316.4,2747,0,0,738591.574403618,0,0,0
115224.512597105,40,2054.2,2211.6,2523.8,0,0,738591.574404081,0,0,0
115224.552596172,40,2036.8,2157.8,2362.2,0,0,738591.574404544,0,0,0
115224.592595238,40,2037.2,2155.8,2356.8,0,0,738591.574405007,0,0,0
115224.632594305,40,2051.2,2191.8,2441.4,0,0,738591.57440547,0,0,0
115224.672593371,40,2071.6,2255.2,2564.4,0,0,738591.574405933,0,0,0
115224.712592437,40,2113.6,2363.4,2687.8,0,0,738591.574406396,0,0,0
115224.752591504,40,2184.4,2506.4,2687,0,0,738591.574406859,0,0,0
115224.79259057,40,2276.2,2607,2557.6,0,0,738591.574407322,0,0,0
115224.832589637,40,2375.6,2600.8,2397.4,0,0,738591.574407785,0,0,0
115224.872588703,40,2433.4,2525.2,2288.6,0,0,738591.574408248,0,0,0
115224.912587769,40,2460,2449.8,2229,0,0,738591.574408711,0,0,0
115224.952586836,40,2459,2407.6,2195.8,0,0,738591.574409174,0,0,0
115224.992585902,40,2459,2397.6,2188,0,0,738591.574409637,0,0,0
115225.032584969,40,2463.6,2429.6,2204.4,0,0,738591.5744101,0,0,0
115225.072584035,40,2462.6,2493,2248.8,0,0,738591.574410562,0,0,0
115225.112583101,40,2427.6,2579.2,2330,0,0,738591.574411025,0,0,0
115225.152582168,40,2346,2667.4,2499.4,0,0,738591.574411488,0,0,0
115225.192581234,40,2232.2,2623.8,2723,0,0,738591.574411951,0,0,0
115225.232580301,40,2134.4,2442.6,2838,0,0,738591.574412414,0,0,0
115225.272579367,40,2077.6,2277.6,2682.4,0,0,738591.574412877,0,0,0
115225.312578433,40,2050.8,2182,2437.4,0,0,738591.57441334,0,0,0
115225.3525775,40,2034,2137,2296.4,0,0,738591.574413803,0,0,0
115225.392576566,40,2035.6,2140.8,2295.4,0,0,738591.574414266,0,0,0
115225.432575633,40,2041.8,2162,2373.8,0,0,738591.574414729,0,0,0
115225.472574699,40,2059.6,2214.6,2523.2,0,0,738591.574415192,0,0,0
115225.512573765,40,2093.2,2317.2,2703,0,0,738591.574415655,0,0,0
115225.552572832,40,2148.4,2465.4,2769.2,0,0,738591.574416118,0,0,0
115225.592571898,40,2239,2600,2644,0,0,738591.574416581,0,0,0
115225.632570965,40,2344,2627.8,2458.4,0,0,738591.574417044,0,0,0
115225.672570031,40,2425.2,2560.4,2320,0,0,738591.574417507,0,0,0
115225.712569097,40,2455.8,2464.2,2239.6,0,0,738591.57441797,0,0,0
115225.752568164,40,2457.6,2399.4,2188.4,0,0,738591.574418433,0,0,0
115225.79256723,40,2453.2,2367.2,2172.4,0,0,738591.574418896,0,0,0
115225.832566297,40,2456.6,2384.6,2180.4,0,0,738591.574419359,0,0,0
115225.872565363,40,2466.2,2444.8,2216.2,0,0,738591.574419821,0,0,0
115225.912564429,40,2449,2541.8,2295.2,0,0,738591.574420284,0,0,0
115225.952563496,40,2377.8,2644.6,2430.6,0,0,738591.574420747,0,0,0
115225.992562562,40,2269.6,2654.4,2647.8,0,0,738591.57442121,0,0,0
115226.032561629,40,2158.8,2511.8,2838.4,0,0,738591.574421673,0,0,0
115226.072560695,40,2095.2,2334.2,2777,0,0,738591.574422136,0,0,0
115226.112559761,40,2059,2220.6,2549.6,0,0,738591.574422599,0,0,0
115226.152558828,40,2042.2,2157.2,2373.8,0,0,738591.574423062,0,0,0
115226.192557894,40,2032.6,2139.4,2314.2,0,0,738591.574423525,0,0,0
115226.232556961,40,2040.4,2160.8,2373.2,0,0,738591.574423988,0,0,0
115226.272556027,40,2058.8,2206.6,2499.4,0,0,738591.574424451,0,0,0
115226.312555093,40,2081.8,2293.4,2670.8,0,0,738591.574424914,0,0,0
115226.35255416,40,2140.2,2439.4,2763,0,0,738591.574425377,0,0,0
115226.392553226,40,2230.6,2582,2672.2,0,0,738591.57442584,0,0,0
115226.432552293,40,2326.4,2630,2491.6,0,0,738591.574426303,0,0,0
115226.472551359,40,2413.4,2577.4,2341.2,0,0,738591.574426766,0,0,0
115226.512550425,40,2452.8,2476.2,2244.6,0,0,738591.574427229,0,0,0
115226.552549492,40,2456,2404,2188.4,0,0,738591.574427692,0,0,0
115226.592548558,40,2440.4,2351.6,2167.6,0,0,738591.574428155,0,0,0
115226.632547625,40,2446,2362.2,2164.6,0,0,738591.574428618,0,0,0
115226.672546691,40,2463,2412.4,2197.8,0,0,738591.574429081,0,0,0
115226.712545757,40,2459.2,2482.8,2249.4,0,0,738591.574429543,0,0,0
115226.752544824,40,2422.6,2602.8,2359.6,0,0,738591.574430006,0,0,0
115226.79254389,40,2316.6,2665.8,2548.4,0,0,738591.574430469,0,0,0
115226.832542957,40,2200.8,2578,2772.4,0,0,738591.574430932,0,0,0
115226.872542023,40,2114.8,2388.4,2824.2,0,0,738591.574431395,0,0,0
115226.912541089,40,2069.8,2252.4,2626.6,0,0,738591.574431858,0,0,0
115226.952540156,40,2045.6,2177,2423.2,0,0,738591.574432321,0,0,0
115226.992539222,40,2032.8,2147.6,2338.4,0,0,738591.574432784,0,0,0
115227.032538289,40,2043.6,2161.6,2382.2,0,0,738591.574433247,0,0,0
115227.072537355,40,2056.6,2208,2485.4,0,0,738591.57443371,0,0,0
115227.112536421,40,2082.6,2275.8,2613.2,0,0,738591.574434173,0,0,0
115227.152535488,40,2126.6,2393,2714.4,0,0,738591.574434636,0,0,0
115227.192534554,40,2193.6,2526.2,2682.8,0,0,738591.574435099,0,0,0
115227.232533621,40,2286.2,2606.4,2532,0,0,738591.574435562,0,0,0
115227.272532687,40,2377.2,2583.2,2383,0,0,738591.574436025,0,0,0
115227.312531753,40,2435.4,2500.2,2275.4,0,0,738591.574436488,0,0,0
115227.35253082,40,2449.6,2423.8,2216.6,0,0,738591.574436951,0,0,0
115227.392529886,40,2448.2,2369.4,2176,0,0,738591.574437414,0,0,0
115227.432528953,40,2437.8,2353.6,2163,0,0,738591.574437877,0,0,0
115227.472528019,40,2446.2,2362.2,2169.6,0,0,738591.57443834,0,0,0
115227.512527085,40,2457.8,2405.8,2194,0,0,738591.574438803,0,0,0
115227.552526152,40,2464.4,2479.4,2240.4,0,0,738591.574439266,0,0,0
115227.592525218,40,2430,2582.2,2334.6,0,0,738591.574439728,0,0,0
115227.632524285,40,2342.4,2667,2504.2,0,0,738591.574440191,0,0,0
115227.672523351,40,2215.6,2596.6,2742.4,0,0,738591.574440654,0,0,0
115227.712522417,40,2120.2,2410.2,2832.2,0,0,738591.574441117,0,0,0
115227.752521484,40,2073.8,2262.4,2657.4,0,0,738591.57444158,0,0,0
115227.79252055,40,2043.6,2188.8,2451.4,0,0,738591.574442043,0,0,0
115227.832519617,40,2043.8,2172.6,2401.8,0,0,738591.574442506,0,0,0
115227.872518683,40,2053.2,2196.6,2468,0,0,738591.574442969,0,0,0
115227.912517749,40,2064.2,2243.4,2587.2,0,0,738591.574443432,0,0,0
115227.952516816,40,2094.4,2325.8,2717.8,0,0,738591.574443895,0,0,0
115227.992515882,40,2144.4,2447,2782.2,0,0,738591.574444358,0,0,0
115228.032514949,40,2206.8,2566.8,2713.6,0,0,738591.574444821,0,0,0
115228.072514015,40,2286.6,2628.8,2569,0,0,738591.574445284,0,0,0
115228.112513081,40,2367.4,2617.2,2420.8,0,0,738591.574445747,0,0,0
115228.152512148,40,2427.2,2550.6,2319.6,0,0,738591.57444621,0,0,0
115228.192511214,40,2440.6,2470.4,2251,0,0,738591.574446673,0,0,0
115228.232510281,40,2438.2,2414.4,2209.6,0,0,738591.574447136,0,0,0
115228.272509347,40,2421,2381.4,2193,0,0,738591.574447599,0,0,0
115228.312508413,40,2411.6,2387.4,2200,0,0,738591.574448062,0,0,0
115228.35250748,40,2418.4,2408.6,2214,0,0,738591.574448525,0,0,0
115228.392506546,40,2432,2447.2,2236.8,0,0,738591.574448987,0,0,0
115228.432505613,40,2439.8,2485.8,2262.6,0,0,738591.57444945,0,0,0
115228.472504679,40,2423,2536.2,2311.2,0,0,738591.574449913,0,0,0
115228.512503745,40,2383.4,2615.2,2406,0,0,738591.574450376,0,0,0
115228.552502812,40,2298,2646.2,2567.2,0,0,738591.574450839,0,0,0
115228.592501878,40,2207.2,2571.2,2738.8,0,0,738591.574451302,0,0,0
115228.632500945,40,2130.2,2419.6,2797.6,0,0,738591.574451765,0,0,0
115228.672500011,40,2086.6,2297,2686.8,0,0,738591.574452228,0,0,0
115228.712499077,40,2059.6,2225.2,2555.2,0,0,738591.574452691,0,0,0
115228.752498144,40,2056.2,2213.6,2517,0,0,738591.574453154,0,0,0
115228.79249721,40,2069.4,2239,2583.6,0,0,738591.574453617,0,0,0
115228.832496277,40,2084,2292.8,2686.4,0,0,738591.57445408,0,0,0
115228.872495343,40,2122.4,2396.2,2773,0,0,738591.574454543,0,0,0
115228.912494409,40,2180.8,2520.8,2752.4,0,0,738591.574455006,0,0,0
115228.952493476,40,2259.6,2612.4,2603,0,0,738591.574455469,0,0,0
115228.992492542,40,2349.6,2604.8,2435.6,0,0,738591.574455932,0,0,0
115229.032491609,40,2409.2,2548,2323.4,0,0,738591.574456395,0,0,0
115229.072490675,40,2430.8,2478.6,2254.4,0,0,738591.574456858,0,0,0
115229.112489741,40,2438.2,2428.8,2218.2,0,0,738591.574457321,0,0,0
115229.152488808,40,2434,2412.2,2214.2,0,0,738591.574457784,0,0,0
115229.192487874,40,2426.2,2449.4,2243,0,0,738591.574458247,0,0,0
115229.232486941,40,2412.8,2503,2289.6,0,0,738591.574458709,0,0,0
115229.272486007,40,2367,2562,2376.6,0,0,738591.574459172,0,0,0
115229.312485073,40,2290.2,2595.4,2513.4,0,0,738591.574459635,0,0,0
115229.35248414,40,2199.2,2528.6,2678.4,0,0,738591.574460098,0,0,0
115229.392483206,40,2114.4,2369.4,2724.6,0,0,738591.574460561,0,0,0
115229.432482273,40,2063.8,2241.4,2579.8,0,0,738591.574461024,0,0,0
115229.472481339,40,2039.8,2159.4,2377.6,0,0,738591.574461487,0,0,0
115229.512480405,40,2025.6,2123.2,2252.6,0,0,738591.57446195,0,0,0
115229.552479472,40,2023,2113.6,2212.8,0,0,738591.574462413,0,0,0
115229.592478538,40,2027.4,2124.4,2235.6,0,0,738591.574462876,0,0,0
115229.632477605,40,2035.6,2150.4,2334.4,0,0,738591.574463339,0,0,0
115229.672476671,40,2057.2,2218.6,2540,0,0,738591.574463802,0,0,0
115229.712475737,40,2099.2,2350.8,2776.6,0,0,738591.574464265,0,0,0
115229.752474804,40,2183.6,2543.2,2797.8,0,0,738591.574464728,0,0,0
115229.79247387,40,2298.8,2657.2,2567.6,0,0,738591.574465191,0,0,0
115229.832472937,40,2411.6,2597.8,2366.6,0,0,738591.574465654,0,0,0
115229.872472003,40,2450,2479.8,2246.8,0,0,738591.574466117,0,0,0
115229.912471069,40,2445,2390.6,2191.4,0,0,738591.57446658,0,0,0
115229.952470136,40,2431,2343.8,2165.6,0,0,738591.574467043,0,0,0
115229.992469202,40,2415,2352,2177.4,0,0,738591.574467506,0,0,0
115230.032468269,40,2400.2,2395,2209.4,0,0,738591.574467969,0,0,0
115230.072467335,40,2407.2,2486,2276.2,0,0,738591.574468432,0,0,0
115230.112466401,40,2359.4,2599.2,2422.6,0,0,738591.574468894,0,0,0
115230.152465468,40,2239.4,2604,2649.8,0,0,738591.574469357,0,0,0
115230.192464534,40,2136,2442.2,2804.4,0,0,738591.57446982,0,0,0
115230.232463601,40,2075,2274.6,2661.8,0,0,738591.574470283,0,0,0
115230.272462667,40,2044.8,2167.6,2412.6,0,0,738591.574470746,0,0,0
115230.312461733,40,2027.2,2129.2,2248.8,0,0,738591.574471209,0,0,0
115230.3524608,40,2019.8,2106,2179.8,0,0,738591.574471672,0,0,0
115230.392459866,40,2023,2103.8,2179.8,0,0,738591.574472135,0,0,0
115230.432458933,40,2031.4,2113.4,2231.6,0,0,738591.574472598,0,0,0
115230.472457999,40,2035,2152.4,2347.4,0,0,738591.574473061,0,0,0
115230.512457065,40,2061.4,2232.2,2592.2,0,0,738591.574473524,0,0,0
115230.552456132,40,2116.8,2399.2,2796.4,0,0,738591.574473987,0,0,0
115230.592455198,40,2219.4,2579.4,2690.2,0,0,738591.57447445,0,0,0
115230.632454265,40,2345.8,2624.4,2454.4,0,0,738591.574474913,0,0,0
115230.672453331,40,2425.2,2517,2291.4,0,0,738591.574475376,0,0,0
115230.712452397,40,2436.4,2405.8,2207.4,0,0,738591.574475839,0,0,0
115230.752451464,40,2406.4,2336.6,2162.6,0,0,738591.574476302,0,0,0
115230.79245053,40,2370.6,2305.4,2154,0,0,738591.574476765,0,0,0
115230.832449597,40,2392.4,2331.4,2167.6,0,0,738591.574477228,0,0,0
115230.872448663,40,2423.6,2396.4,2206,0,0,738591.574477691,0,0,0
115230.912447729,40,2412.2,2480,2276,0,0,738591.574478153,0,0,0
115230.952446796,40,2342,2565.2,2410.8,0,0,738591.574478616,0,0,0
115230.992445862,40,2233.2,2558.2,2589.6,0,0,738591.574479079,0,0,0
115231.032444929,40,2139.6,2420,2705.8,0,0,738591.574479542,0,0,0
115231.072443995,40,2073.4,2263.8,2616,0,0,738591.574480005,0,0,0
115231.112443061,40,2043.4,2167.8,2385.8,0,0,738591.574480468,0,0,0
115231.152442128,40,2029,2117,2235.8,0,0,738591.574480931,0,0,0
115231.192441194,40,2017.2,2094.8,2160.6,0,0,738591.574481394,0,0,0
115231.232440261,40,2020.2,2092.2,2137,0,0,738591.574481857,0,0,0
115231.272439327,40,2021.6,2097.2,2177.2,0,0,738591.57448232,0,0,0
115231.312438393,40,2024,2118.8,2255,0,0,738591.574482783,0,0,0
115231.35243746,40,2044.8,2176.6,2447.6,0,0,738591.574483246,0,0,0
115231.392436526,40,2079.8,2299.2,2745.2,0,0,738591.574483709,0,0,0
115231.432435593,40,2153.4,2491.4,2855,0,0,738591.574484172,0,0,0
115231.472434659,40,2262.8,2647,2648,0,0,738591.574484635,0,0,0
115231.512433725,40,2379.4,2626.8,2414.4,0,0,738591.574485098,0,0,0
115231.552432792,40,2439.6,2517.2,2279.6,0,0,738591.574485561,0,0,0
115231.592431858,40,2437.8,2412.2,2207.8,0,0,738591.574486024,0,0,0
115231.632430925,40,2400.8,2350,2178.8,0,0,738591.574486487,0,0,0
115231.672429991,40,2388.6,2336.4,2171.4,0,0,738591.57448695,0,0,0
115231.712429057,40,2415.4,2378.4,2199,0,0,738591.574487412,0,0,0
115231.752428124,40,2428.6,2449,2240.2,0,0,738591.574487875,0,0,0
115231.79242719,40,2392.4,2513.4,2317.4,0,0,738591.574488338,0,0,0
115231.832426257,40,2316.8,2563.2,2442,0,0,738591.574488801,0,0,0
115231.872425323,40,2221,2544.2,2610.4,0,0,738591.574489264,0,0,0
115231.912424389,40,2131.6,2414.6,2730.8,0,0,738591.574489727,0,0,0
115231.952423456,40,2076.4,2267.6,2628.2,0,0,738591.57449019,0,0,0
115231.992422522,40,2048,2180.2,2415.8,0,0,738591.574490653,0,0,0
115232.032421589,40,2029.4,2132.6,2266.2,0,0,738591.574491116,0,0,0
115232.072420655,40,2024.6,2106.2,2190,0,0,738591.574491579,0,0,0
115232.112419721,40,2024.6,2099.4,2172.4,0,0,738591.574492042,0,0,0
115232.152418788,40,2026.2,2113.2,2214.4,0,0,738591.574492505,0,0,0
115232.192417854,40,2032.4,2138.4,2301.2,0,0,738591.574492968,0,0,0
115232.232416921,40,2047,2194.8,2507.6,0,0,738591.574493431,0,0,0
115232.272415987,40,2092.2,2321.8,2782,0,0,738591.574493894,0,0,0
115232.312415053,40,2161.4,2511.6,2835.6,0,0,738591.574494357,0,0,0
115232.35241412,40,2260.4,2649.6,2647.4,0,0,738591.57449482,0,0,0
115232.392413186,40,2371.6,2632,2431.2,0,0,738591.574495283,0,0,0
115232.432412253,40,2437.8,2541.2,2298.4,0,0,738591.574495746,0,0,0
115232.472411319,40,2454.2,2447.4,2224,0,0,738591.574496209,0,0,0
115232.512410385,40,2442.6,2389,2189.8,0,0,738591.574496672,0,0,0
115232.552409452,40,2414.6,2368,2185.2,0,0,738591.574497135,0,0,0
115232.592408518,40,2397.8,2381,2201.8,0,0,738591.574497597,0,0,0
115232.632407585,40,2418.2,2437.8,2240,0,0,738591.57449806,0,0,0
115232.672406651,40,2396.6,2520,2313,0,0,738591.574498523,0,0,0
115232.712405717,40,2328.4,2584.8,2441.6,0,0,738591.574498986,0,0,0
115232.752404784,40,2233.6,2560.2,2605.2,0,0,738591.574499449,0,0,0
115232.79240385,40,2151.6,2434.4,2696.6,0,0,738591.574499912,0,0,0
115232.832402917,40,2090,2303,2661.6,0,0,738591.574500375,0,0,0
115232.872401983,40,2053.4,2208,2491.2,0,0,738591.574500838,0,0,0
115232.912401049,40,2039.8,2151.8,2340,0,0,738591.574501301,0,0,0
115232.952400116,40,2030,2123.6,2247.2,0,0,738591.574501764,0,0,0
115232.992399182,40,2028,2115.6,2222,0,0,738591.574502227,0,0,0
115233.032398249,40,2030.2,2128.4,2254,0,0,738591.57450269,0,0,0
115233.072397315,40,2044.8,2157.8,2356.8,0,0,738591.574503153,0,0,0
115233.112396381,40,2065,2230,2546.6,0,0,738591.574503616,0,0,0
115233.152395448,40,2101,2357.2,2765,0,0,738591.574504079,0,0,0
115233.192394514,40,2180.2,2535.6,2781.8,0,0,738591.574504542,0,0,0
115233.232393581,40,2287.2,2651,2596.4,0,0,738591.574505005,0,0,0
115233.272392647,40,2388.2,2619.6,2400,0,0,738591.574505468,0,0,0
115233.312391713,40,2446.6,2521.6,2280,0,0,738591.574505931,0,0,0
115233.35239078,40,2461.2,2437.2,2214.8,0,0,738591.574506394,0,0,0
115233.392389846,40,2440.2,2385.4,2188.4,0,0,738591.574506857,0,0,0
115233.432388913,40,2418.6,2371.8,2189.6,0,0,738591.574507319,0,0,0
115233.472387979,40,2406.6,2400.8,2214.4,0,0,738591.574507782,0,0,0
115233.512387045,40,2411.2,2466.4,2263.6,0,0,738591.574508245,0,0,0
115233.552386112,40,2370.6,2559.8,2375,0,0,738591.574508708,0,0,0
115233.592385178,40,2281.6,2596.8,2539.8,0,0,738591.574509171,0,0,0
115233.632384245,40,2180,2502.4,2692,0,0,738591.574509634,0,0,0
115233.672383311,40,2111,2350.8,2687.4,0,0,738591.574510097,0,0,0
115233.712382377,40,2063.4,2225,2529.6,0,0,738591.57451056,0,0,0
115233.752381444,40,2043.8,2158.8,2362.6,0,0,738591.574511023,0,0,0
115233.79238051,40,2030,2120.2,2256.8,0,0,738591.574511486,0,0,0
115233.832379577,40,2026.8,2112.4,2208,0,0,738591.574511949,0,0,0
115233.872378643,40,2030.2,2115.8,2221.6,0,0,738591.574512412,0,0,0
115233.912377709,40,2033.6,2142.4,2309.8,0,0,738591.574512875,0,0,0
115233.952376776,40,2052.4,2201,2481.6,0,0,738591.574513338,0,0,0
115233.992375842,40,2089.6,2314.2,2730,0,0,738591.574513801,0,0,0
115234.032374909,40,2165,2507,2818.6,0,0,738591.574514264,0,0,0
115234.072373975,40,2271.8,2653,2636.6,0,0,738591.574514727,0,0,0
115234.112373041,40,2387,2633.8,2413.4,0,0,738591.57451519,0,0,0
115234.152372108,40,2450.2,2517.6,2276.6,0,0,738591.574515653,0,0,0
115234.192371174,40,2457,2416,2202.4,0,0,738591.574516116,0,0,0
115234.232370241,40,2434.8,2351.4,2165.2,0,0,738591.574516578,0,0,0
115234.272369307,40,2405.4,2322.4,2158,0,0,738591.574517041,0,0,0
115234.312368373,40,2389.4,2332.6,2172.4,0,0,738591.574517504,0,0,0
115234.35236744,40,2412.8,2377.6,2194,0,0,738591.574517967,0,0,0
115234.392366506,40,2417,2456.6,2251.2,0,0,738591.57451843,0,0,0
115234.432365573,40,2374.8,2545.8,2352.8,0,0,738591.574518893,0,0,0
115234.472364639,40,2293.6,2581.2,2505.8,0,0,738591.574519356,0,0,0
115234.512363705,40,2189.2,2504.2,2648.6,0,0,738591.574519819,0,0,0
115234.552362772,40,2122.2,2371.4,2698,0,0,738591.574520282,0,0,0
115234.592361838,40,2073,2248.2,2578.6,0,0,738591.574520745,0,0,0
115234.632360905,40,2047.2,2175.2,2406.6,0,0,738591.574521208,0,0,0
115234.672359971,40,2034.8,2134.4,2282.2,0,0,738591.574521671,0,0,0
115234.712359037,40,2027,2120,2225,0,0,738591.574522134,0,0,0
115234.752358104,40,2027.4,2124,2245.2,0,0,738591.574522597,0,0,0
115234.79235717,40,2039.4,2150.2,2329.2,0,0,738591.57452306,0,0,0
115234.832356237,40,2051.2,2204.2,2493.6,0,0,738591.574523523,0,0,0
115234.872355303,40,2084.8,2313.4,2724.8,0,0,738591.574523986,0,0,0
115234.912354369,40,2149.6,2491.8,2827,0,0,738591.574524449,0,0,0
115234.952353436,40,2252.2,2642,2672,0,0,738591.574524912,0,0,0
115234.992352502,40,2356.6,2659,2470.6,0,0,738591.574525375,0,0,0
115235.032351569,40,2439.6,2575.2,2318.8,0,0,738591.574525838,0,0,0
115235.072350635,40,2469.8,2470.8,2232.6,0,0,738591.574526301,0,0,0
115235.112349701,40,2460.8,2402.2,2187.4,0,0,738591.574526763,0,0,0
115235.152348768,40,2442,2367.2,2175.4,0,0,738591.574527226,0,0,0
115235.192347834,40,2420.4,2372.6,2190,0,0,738591.574527689,0,0,0
115235.232346901,40,2405.8,2402.2,2215.2,0,0,738591.574528152,0,0,0
115235.272345967,40,2409.6,2483.4,2277.4,0,0,738591.574528615,0,0,0
115235.312345033,40,2363.2,2574.2,2400.8,0,0,738591.574529078,0,0,0
115235.3523441,40,2262.6,2591,2574.6,0,0,738591.574529541,0,0,0
115235.392343166,40,2164.4,2475.4,2709.8,0,0,738591.574530004,0,0,0
115235.432342233,40,2101,2324.8,2679,0,0,738591.574530467,0,0,0
115235.472341299,40,2058.4,2212.2,2511,0,0,738591.57453093,0,0,0
115235.512340365,40,2041.8,2153.8,2345.2,0,0,738591.574531393,0,0,0
115235.552339432,40,2031.2,2123.8,2252.6,0,0,738591.574531856,0,0,0
115235.592338498,40,2030.6,2122.6,2240.8,0,0,738591.574532319,0,0,0
115235.632337565,40,2035.4,2138.2,2296.2,0,0,738591.574532782,0,0,0
115235.672336631,40,2047.8,2180.6,2435.6,0,0,738591.574533245,0,0,0
115235.712335697,40,2074.6,2271.8,2649.6,0,0,738591.574533708,0,0,0
115235.752334764,40,2124.8,2427.6,2824.8,0,0,738591.574534171,0,0,0
115235.79233383,40,2213.2,2599.8,2742.2,0,0,738591.574534634,0,0,0
115235.832332897,40,2323.6,2667.8,2538,0,0,738591.574535097,0,0,0
115235.872331963,40,2416.4,2614,2372.6,0,0,738591.57453556,0,0,0
115235.912331029,40,2462,2511.2,2266.2,0,0,738591.574536022,0,0,0
115235.952330096,40,2462.4,2435.2,2216.4,0,0,738591.574536485,0,0,0
115235.992329162,40,2448,2403.4,2197.6,0,0,738591.574536948,0,0,0
115236.032328229,40,2426.2,2405,2212.2,0,0,738591.574537411,0,0,0
115236.072327295,40,2412.2,2446.6,2248.2,0,0,738591.574537874,0,0,0
115236.112326361,40,2387.2,2517.2,2318.2,0,0,738591.574538337,0,0,0
115236.152325428,40,2326.2,2590.6,2449.6,0,0,738591.5745388,0,0,0
115236.192324494,40,2229,2561.2,2629.8,0,0,738591.574539263,0,0,0
115236.232323561,40,2136.4,2424,2716.6,0,0,738591.574539726,0,0,0
115236.272322627,40,2082,2284.8,2623.8,0,0,738591.574540189,0,0,0
115236.312321693,40,2051.4,2192.4,2434.6,0,0,738591.574540652,0,0,0
115236.35232076,40,2033.2,2135,2297.6,0,0,738591.574541115,0,0,0
115236.392319826,40,2029.2,2118,2229,0,0,738591.574541578,0,0,0
115236.432318893,40,2024,2118.8,2232.4,0,0,738591.574542041,0,0,0
115236.472317959,40,2034.4,2139.8,2297.6,0,0,738591.574542504,0,0,0
115236.512317025,40,2047,2180.4,2430,0,0,738591.574542967,0,0,0
115236.552316092,40,2069.4,2258.4,2653.8,0,0,738591.57454343,0,0,0
115236.592315158,40,2115.4,2391.4,2842.4,0,0,738591.574543893,0,0,0
115236.632314225,40,2181.4,2556,2815.8,0,0,738591.574544356,0,0,0
115236.672313291,40,2270,2662.6,2645.8,0,0,738591.574544819,0,0,0
115236.712312357,40,2357.4,2654.6,2467.2,0,0,738591.574545282,0,0,0
115236.752311424,40,2417.2,2595.4,2354.2,0,0,738591.574545744,0,0,0
115236.79231049,40,2437.2,2539.4,2297.2,0,0,738591.574546207,0,0,0
115236.832309557,40,2431.6,2512.2,2280.6,0,0,738591.57454667,0,0,0
115236.872308623,40,2405,2521.6,2309,0,0,738591.574547133,0,0,0
115236.912307689,40,2369.8,2540.8,2350.8,0,0,738591.574547596,0,0,0
115236.952306756,40,2331.4,2566.4,2421.6,0,0,738591.574548059,0,0,0
115236.992305822,40,2277.8,2576,2528.6,0,0,738591.574548522,0,0,0
115237.032304889,40,2202,2536.2,2669.2,0,0,738591.574548985,0,0,0
115237.072303955,40,2129,2410.4,2738.4,0,0,738591.574549448,0,0,0
115237.112303021,40,2086.2,2292.2,2663.8,0,0,738591.574549911,0,0,0
115237.152302088,40,2057,2207.2,2496.6,0,0,738591.574550374,0,0,0
115237.192301154,40,2041.6,2157.6,2367,0,0,738591.574550837,0,0,0
115237.232300221,40,2040.6,2155,2337.4,0,0,738591.5745513,0,0,0
115237.272299287,40,2044.2,2173.8,2398.4,0,0,738591.574551763,0,0,0
115237.312298353,40,2057.6,2215.2,2501.6,0,0,738591.574552226,0,0,0
115237.35229742,40,2088,2286,2628.8,0,0,738591.574552689,0,0,0
115237.392296486,40,2123.4,2391.8,2725,0,0,738591.574553152,0,0,0
115237.432295553,40,2181.8,2515.4,2710.8,0,0,738591.574553615,0,0,0
115237.472294619,40,2259.6,2613.8,2606.4,0,0,738591.574554078,0,0,0
115237.512293685,40,2346,2631.2,2465.2,0,0,738591.574554541,0,0,0
115237.552292752,40,2414.8,2589,2348.6,0,0,738591.574555004,0,0,0
115237.592291818,40,2453.8,2510.2,2266,0,0,738591.574555467,0,0,0
115237.632290885,40,2469.8,2444.2,2213,0,0,738591.574555929,0,0,0
115237.672289951,40,2458.8,2399,2187.6,0,0,738591.574556392,0,0,0
115237.712289017,40,2453.6,2383.2,2181.2,0,0,738591.574556855,0,0,0
115237.752288084,40,2457.4,2395.8,2184.8,0,0,738591.574557318,0,0,0
115237.79228715,40,2468.2,2428.4,2206.4,0,0,738591.574557781,0,0,0
115237.832286217,40,2464.4,2488.2,2243.4,0,0,738591.574558244,0,0,0
115237.872285283,40,2434.6,2586.8,2330.4,0,0,738591.574558707,0,0,0
115237.912284349,40,2359.4,2676.2,2488,0,0,738591.57455917,0,0,0
115237.952283416,40,2236.8,2643.6,2723,0,0,738591.574559633,0,0,0
115237.992282482,40,2142.4,2467.6,2872.8,0,0,738591.574560096,0,0,0
115238.032281549,40,2080,2299.8,2754.6,0,0,738591.574560559,0,0,0
115238.072280615,40,2050.6,2195.2,2508.4,0,0,738591.574561022,0,0,0
115238.112279681,40,2041,2156.6,2363.8,0,0,738591.574561485,0,0,0
115238.152278748,40,2040.2,2160.4,2376,0,0,738591.574561948,0,0,0
115238.192277814,40,2048.8,2195.2,2476.4,0,0,738591.574562411,0,0,0
115238.232276881,40,2073.6,2268,2632,0,0,738591.574562874,0,0,0
115238.272275947,40,2116.8,2395.2,2775.2,0,0,738591.574563337,0,0,0
115238.312275013,40,2198,2557.6,2731.8,0,0,738591.5745638,0,0,0
115238.35227408,40,2303.4,2635.4,2541.4,0,0,738591.574564263,0,0,0
115238.392273146,40,2406.8,2591.8,2368.2,0,0,738591.574564726,0,0,0
115238.432272213,40,2456.8,2493.2,2257.6,0,0,738591.574565188,0,0,0
115238.472271279,40,2447.6,2391.8,2189.2,0,0,738591.574565651,0,0,0
115238.512270345,40,2433.2,2335.4,2150.6,0,0,738591.574566114,0,0,0
115238.552269412,40,2415.8,2306.6,2135.6,0,0,738591.574566577,0,0,0
115238.592268478,40,2422.4,2321.2,2146.2,0,0,738591.57456704,0,0,0
115238.632267545,40,2453,2365.2,2170,0,0,738591.574567503,0,0,0
115238.672266611,40,2468.6,2434.4,2210.6,0,0,738591.574567966,0,0,0
115238.712265677,40,2452.2,2546.2,2292,0,0,738591.574568429,0,0,0
115238.752264744,40,2372.4,2668,2449.6,0,0,738591.574568892,0,0,0
115238.79226381,40,2254.8,2655.8,2693,0,0,738591.574569355,0,0,0
115238.832262877,40,2146,2481.4,2862.8,0,0,738591.574569818,0,0,0
115238.872261943,40,2085.2,2296.6,2734.8,0,0,738591.574570281,0,0,0
115238.912261009,40,2049.4,2196,2483.6,0,0,738591.574570744,0,0,0
115238.952260076,40,2039.4,2143.6,2332.6,0,0,738591.574571207,0,0,0
115238.992259142,40,2040.4,2148.6,2327,0,0,738591.57457167,0,0,0
115239.032258209,40,2044,2172.2,2418.4,0,0,738591.574572133,0,0,0
115239.072257275,40,2064.4,2237.4,2595.8,0,0,738591.574572596,0,0,0
115239.112256341,40,2105.6,2363.6,2791,0,0,738591.574573059,0,0,0
115239.152255408,40,2177.8,2535.8,2810.2,0,0,738591.574573522,0,0,0
115239.192254474,40,2280.8,2656.6,2613.4,0,0,738591.574573985,0,0,0
115239.232253541,40,2396.2,2637.6,2404.4,0,0,738591.574574447,0,0,0
115239.272252607,40,2457.2,2521.4,2275.8,0,0,738591.57457491,0,0,0
115239.312251673,40,2462.6,2420.4,2199.6,0,0,738591.574575373,0,0,0
115239.35225074,40,2445.6,2352.2,2161.2,0,0,738591.574575836,0,0,0
115239.392249806,40,2433.6,2328.6,2144.2,0,0,738591.574576299,0,0,0
115239.432248873,40,2434.2,2340.8,2156.8,0,0,738591.574576762,0,0,0
115239.472247939,40,2459,2382.4,2184.6,0,0,738591.574577225,0,0,0
115239.512247005,40,2466,2469.4,2233,0,0,738591.574577688,0,0,0
115239.552246072,40,2436.6,2590.2,2333,0,0,738591.574578151,0,0,0
115239.592245138,40,2339.2,2678.6,2520.6,0,0,738591.574578614,0,0,0
115239.632244205,40,2217.4,2610.4,2769.8,0,0,738591.574579077,0,0,0
115239.672243271,40,2121,2420.4,2872,0,0,738591.57457954,0,0,0
115239.712242337,40,2073.2,2263.4,2678.8,0,0,738591.574580003,0,0,0
115239.752241404,40,2049.2,2180.6,2439.6,0,0,738591.574580466,0,0,0
115239.79224047,40,2031.6,2145.4,2322,0,0,738591.574580929,0,0,0
115239.832239537,40,2036.4,2152.6,2355.2,0,0,738591.574581392,0,0,0
115239.872238603,40,2048.8,2192,2472.8,0,0,738591.574581855,0,0,0
115239.912237669,40,2067,2257.6,2667.6,0,0,738591.574582318,0,0,0
115239.952236736,40,2118.2,2401.6,2832.6,0,0,738591.574582781,0,0,0
115239.992235802,40,2195.6,2571.2,2774.2,0,0,738591.574583244,0,0,0
115240.032234869,40,2311,2665.2,2558,0,0,738591.574583707,0,0,0
115240.072233935,40,2409.4,2610.6,2367.6,0,0,738591.57458417,0,0,0
115240.112233001,40,2460,2492.2,2250,0,0,738591.574584633,0,0,0
115240.152232068,40,2456.4,2392.8,2185.4,0,0,738591.574585095,0,0,0
115240.192231134,40,2433.8,2331,2155.2,0,0,738591.574585558,0,0,0
115240.232230201,40,2415.8,2306.6,2139.6,0,0,738591.574586021,0,0,0
115240.272229267,40,2427,2320.8,2147.6,0,0,738591.574586484,0,0,0
115240.312228333,40,2455.6,2372.6,2173.8,0,0,738591.574586947,0,0,0
115240.3522274,40,2471.2,2457.6,2224.6,0,0,738591.57458741,0,0,0
115240.392226466,40,2441.4,2585.4,2329,0,0,738591.574587873,0,0,0
115240.432225533,40,2342,2676.2,2506.6,0,0,738591.574588336,0,0,0
115240.472224599,40,2221.2,2616.8,2756.6,0,0,738591.574588799,0,0,0
115240.512223665,40,2121,2419.6,2856.2,0,0,738591.574589262,0,0,0
115240.552222732,40,2066.6,2255.8,2663.8,0,0,738591.574589725,0,0,0
115240.592221798,40,2043.6,2170.4,2424,0,0,738591.574590188,0,0,0
115240.632220865,40,2032.4,2140.8,2305.8,0,0,738591.574590651,0,0,0
115240.672219931,40,2036.2,2144.2,2338.2,0,0,738591.574591114,0,0,0
115240.712218997,40,2046.2,2185,2445,0,0,738591.574591577,0,0,0
115240.752218064,40,2067.4,2255.4,2631.4,0,0,738591.57459204,0,0,0
115240.79221713,40,2116.6,2400.4,2811,0,0,738591.574592503,0,0,0
115240.832216197,40,2197.6,2574.4,2762.8,0,0,738591.574592966,0,0,0
115240.872215263,40,2309.2,2659.6,2556.2,0,0,738591.574593429,0,0,0
115240.912214329,40,2412.8,2613.2,2372.6,0,0,738591.574593892,0,0,0
115240.952213396,40,2462.8,2502.2,2257,0,0,738591.574594354,0,0,0
115240.992212462,40,2461.6,2402.6,2191.6,0,0,738591.574594817,0,0,0
115241.032211529,40,2438.4,2338.2,2157.4,0,0,738591.57459528,0,0,0
115241.072210595,40,2416.8,2312.4,2143.2,0,0,738591.574595743,0,0,0
115241.112209661,40,2428.2,2329.4,2146.8,0,0,738591.574596206,0,0,0
115241.152208728,40,2454.6,2368.2,2171.2,0,0,738591.574596669,0,0,0
115241.192207794,40,2465.4,2438.8,2213.4,0,0,738591.574597132,0,0,0
115241.232206861,40,2451.2,2557,2302.6,0,0,738591.574597595,0,0,0
115241.272205927,40,2365,2666.4,2467,0,0,738591.574598058,0,0,0
115241.312204993,40,2239.6,2634,2701.6,0,0,738591.574598521,0,0,0
115241.35220406,40,2140.8,2463.4,2860.6,0,0,738591.574598984,0,0,0
115241.392203126,40,2076.2,2292.4,2725,0,0,738591.574599447,0,0,0
115241.432202193,40,2048,2193,2484.6,0,0,738591.57459991,0,0,0
115241.472201259,40,2031.6,2140.6,2318.8,0,0,738591.574600373,0,0,0
115241.512200325,40,2033.2,2135.2,2297,0,0,738591.574600836,0,0,0
115241.552199392,40,2041,2160.8,2364.4,0,0,738591.574601299,0,0,0
115241.592198458,40,2054.6,2206.4,2503.2,0,0,738591.574601762,0,0,0
115241.632197525,40,2086.2,2301.4,2678.4,0,0,738591.574602225,0,0,0
115241.672196591,40,2140.4,2449.6,2775,0,0,738591.574602688,0,0,0
115241.712195657,40,2237.4,2594.4,2664.2,0,0,738591.574603151,0,0,0
115241.752194724,40,2348.6,2637.8,2466.8,0,0,738591.574603613,0,0,0
115241.79219379,40,2430,2560.4,2316.4,0,0,738591.574604076,0,0,0
115241.832192857,40,2462,2444,2222.2,0,0,738591.574604539,0,0,0
115241.872191923,40,2448.8,2364.8,2166,0,0,738591.574605002,0,0,0
115241.912190989,40,2419.2,2321.2,2147.4,0,0,738591.574605465,0,0,0
115241.952190056,40,2420.8,2316,2142.4,0,0,738591.574605928,0,0,0
115241.992189122,40,2443.6,2351.4,2160.4,0,0,738591.574606391,0,0,0
115242.032188189,40,2464.6,2422,2203.2,0,0,738591.574606854,0,0,0
115242.072187255,40,2458.6,2521.6,2274,0,0,738591.574607317,0,0,0
115242.112186321,40,2394.4,2637,2413.8,0,0,738591.57460778,0,0,0
115242.152185388,40,2285.6,2666.8,2626.8,0,0,738591.574608243,0,0,0
115242.192184454,40,2173.8,2527.6,2822,0,0,738591.574608706,0,0,0
115242.232183521,40,2101.2,2347.4,2793,0,0,738591.574609169,0,0,0
115242.272182587,40,2058.6,2228.4,2574.2,0,0,738591.574609632,0,0,0
115242.312181653,40,2042.8,2161.8,2386.8,0,0,738591.574610095,0,0,0
115242.35218072,40,2033.4,2138.2,2314,0,0,738591.574610558,0,0,0
115242.392179786,40,2040.2,2157.6,2361,0,0,738591.574611021,0,0,0
115242.432178853,40,2056,2199,2499.8,0,0,738591.574611484,0,0,0
115242.472177919,40,2077.4,2288.2,2693,0,0,738591.574611947,0,0,0
115242.512176985,40,2136,2443.4,2827,0,0,738591.57461241,0,0,0
115242.552176052,40,2225.2,2607.6,2722.6,0,0,738591.574612873,0,0,0
115242.592175118,40,2336,2658.2,2505.2,0,0,738591.574613336,0,0,0
115242.632174185,40,2436.4,2584.8,2337,0,0,738591.574613798,0,0,0
115242.672173251,40,2465,2467.2,2234.8,0,0,738591.574614261,0,0,0
115242.712172317,40,2458.6,2384.8,2177.8,0,0,738591.574614724,0,0,0
115242.752171384,40,2433.8,2337.4,2155,0,0,738591.574615187,0,0,0
115242.79217045,40,2434.2,2331.2,2153.8,0,0,738591.57461565,0,0,0
115242.832169517,40,2454.6,2371.8,2173.6,0,0,738591.574616113,0,0,0
115242.872168583,40,2467.6,2442.2,2218.4,0,0,738591.574616576,0,0,0
115242.912167649,40,2454.8,2541.8,2294.2,0,0,738591.574617039,0,0,0
115242.952166716,40,2383.2,2647.4,2432,0,0,738591.574617502,0,0,0
115242.992165782,40,2273.2,2657,2651,0,0,738591.574617965,0,0,0
115243.032164849,40,2157.8,2512.6,2840.4,0,0,738591.574618428,0,0,0
115243.072163915,40,2096.2,2332.4,2781.8,0,0,738591.574618891,0,0,0
115243.112162981,40,2055.4,2219.6,2550,0,0,738591.574619354,0,0,0
115243.152162048,40,2040.6,2160.2,2369.6,0,0,738591.574619817,0,0,0
115243.192161114,40,2034.2,2140.8,2309,0,0,738591.57462028,0,0,0
115243.232160181,40,2043.8,2155.8,2361.4,0,0,738591.574620743,0,0,0
115243.272159247,40,2053.8,2202,2476.8,0,0,738591.574621206,0,0,0
115243.312158313,40,2084.4,2282.4,2651,0,0,738591.574621669,0,0,0
115243.35215738,40,2132.8,2422.4,2752.2,0,0,738591.574622132,0,0,0
115243.392156446,40,2215.8,2567.2,2688,0,0,738591.574622595,0,0,0
115243.432155513,40,2323.4,2635,2505.4,0,0,738591.574623058,0,0,0
115243.472154579,40,2415.8,2585.6,2343.4,0,0,738591.57462352,0,0,0
115243.512153645,40,2456.4,2474.6,2243.4,0,0,738591.574623983,0,0,0
115243.552152712,40,2454.2,2387.2,2186.4,0,0,738591.574624446,0,0,0
115243.592151778,40,2429.2,2331.6,2149,0,0,738591.574624909,0,0,0
115243.632150845,40,2420.2,2318.2,2141.2,0,0,738591.574625372,0,0,0
115243.672149911,40,2447.8,2353.2,2163,0,0,738591.574625835,0,0,0
115243.712148977,40,2462.8,2424.6,2205,0,0,738591.574626298,0,0,0
115243.752148044,40,2452.2,2540.4,2285.6,0,0,738591.574626761,0,0,0
115243.79214711,40,2376.8,2647.4,2438.4,0,0,738591.574627224,0,0,0
115243.832146177,40,2253.6,2652.6,2675,0,0,738591.574627687,0,0,0
115243.872145243,40,2151.6,2491.8,2854.6,0,0,738591.57462815,0,0,0
115243.912144309,40,2085.4,2313.2,2739.4,0,0,738591.574628613,0,0,0
115243.952143376,40,2053.2,2203.2,2508.6,0,0,738591.574629076,0,0,0
115243.992142442,40,2040,2151.6,2346.8,0,0,738591.574629539,0,0,0
115244.032141509,40,2037.8,2144.6,2318.8,0,0,738591.574630002,0,0,0
115244.072140575,40,2037.2,2165,2385.6,0,0,738591.574630465,0,0,0
115244.112139641,40,2058.6,2216.6,2518.6,0,0,738591.574630928,0,0,0
115244.152138708,40,2094.2,2310.4,2683,0,0,738591.574631391,0,0,0
115244.192137774,40,2143.2,2455.6,2766.8,0,0,738591.574631854,0,0,0
115244.232136841,40,2242.2,2608.2,2654.2,0,0,738591.574632317,0,0,0
115244.272135907,40,2356.6,2637.6,2452.8,0,0,738591.574632779,0,0,0
115244.312134973,40,2438,2542,2301.2,0,0,738591.574633242,0,0,0
115244.35213404,40,2466,2431.6,2211.4,0,0,738591.574633705,0,0,0
115244.392133106,40,2438.2,2345,2162.8,0,0,738591.574634168,0,0,0
115244.432132173,40,2405.4,2300.4,2129.4,0,0,738591.574634631,0,0,0
115244.472131239,40,2411.2,2300.2,2138.4,0,0,738591.574635094,0,0,0
115244.512130305,40,2442,2346.2,2159,0,0,738591.574635557,0,0,0
115244.552129372,40,2462,2417.4,2204,0,0,738591.57463602,0,0,0
115244.592128438,40,2454,2527.2,2282.8,0,0,738591.574636483,0,0,0
115244.632127505,40,2385,2645.6,2424.4,0,0,738591.574636946,0,0,0
115244.672126571,40,2267.4,2654,2646.2,0,0,738591.574637409,0,0,0
115244.712125637,40,2163.4,2511.8,2840.2,0,0,738591.574637872,0,0,0
115244.752124704,40,2097.2,2333.4,2768.2,0,0,738591.574638335,0,0,0
115244.79212377,40,2060.8,2220,2549.6,0,0,738591.574638798,0,0,0
115244.832122837,40,2043.2,2161.8,2376.2,0,0,738591.574639261,0,0,0
115244.872121903,40,2037.8,2149.6,2327.6,0,0,738591.574639724,0,0,0
115244.912120969,40,2050,2172.4,2391.4,0,0,738591.574640187,0,0,0
115244.952120036,40,2060.2,2215,2513.4,0,0,738591.57464065,0,0,0
115244.992119102,40,2088.2,2302.4,2657.4,0,0,738591.574641113,0,0,0
115245.032118169,40,2139.6,2431.2,2737.6,0,0,738591.574641576,0,0,0
115245.072117235,40,2221.6,2570.8,2671,0,0,738591.574642039,0,0,0
115245.112116301,40,2320,2630,2506,0,0,738591.574642502,0,0,0
115245.152115368,40,2404.6,2586.8,2360.2,0,0,738591.574642964,0,0,0
115245.192114434,40,2457.8,2492.6,2252.2,0,0,738591.574643427,0,0,0
115245.232113501,40,2455.2,2407.6,2193.6,0,0,738591.57464389,0,0,0
115245.272112567,40,2442.8,2349.6,2165.6,0,0,738591.574644353,0,0,0
115245.312111633,40,2430.2,2338.6,2151.4,0,0,738591.574644816,0,0,0
115245.3521107,40,2452,2378.6,2181,0,0,738591.574645279,0,0,0
115245.392109766,40,2465.2,2460.8,2226.2,0,0,738591.574645742,0,0,0
115245.432108833,40,2441.6,2567.4,2318.6,0,0,738591.574646205,0,0,0
115245.472107899,40,2355.6,2668,2474.8,0,0,738591.574646668,0,0,0
115245.512106965,40,2243,2640.6,2707.6,0,0,738591.574647131,0,0,0
115245.552106032,40,2147.6,2480,2849.8,0,0,738591.574647594,0,0,0
115245.592105098,40,2087,2307.6,2742.6,0,0,738591.574648057,0,0,0
115245.632104165,40,2055.8,2210.8,2524.2,0,0,738591.57464852,0,0,0
115245.672103231,40,2040.6,2158.4,2371.4,0,0,738591.574648983,0,0,0
115245.712102297,40,2035,2143,2332.8,0,0,738591.574649446,0,0,0
115245.752101364,40,2044.2,2168.6,2388.8,0,0,738591.574649909,0,0,0
115245.79210043,40,2057.6,2217.6,2520.2,0,0,738591.574650372,0,0,0
115245.832099497,40,2093.6,2316.6,2675.8,0,0,738591.574650835,0,0,0
115245.872098563,40,2153,2458.6,2736,0,0,738591.574651298,0,0,0
115245.912097629,40,2245.2,2590.4,2615.8,0,0,738591.574651761,0,0,0
115245.952096696,40,2348.8,2606.6,2435.6,0,0,738591.574652223,0,0,0
115245.992095762,40,2425.8,2530,2300,0,0,738591.574652686,0,0,0
115246.032094829,40,2456.6,2430.6,2217,0,0,738591.574653149,0,0,0
115246.072093895,40,2440.2,2354.8,2169.6,0,0,738591.574653612,0,0,0
115246.112092961,40,2414.4,2315.2,2145.2,0,0,738591.574654075,0,0,0
115246.152092028,40,2423.8,2322.2,2150.8,0,0,738591.574654538,0,0,0
115246.192091094,40,2452,2380,2175.6,0,0,738591.574655001,0,0,0
115246.232090161,40,2462.8,2469,2236,0,0,738591.574655464,0,0,0
115246.272089227,40,2426.4,2586.4,2341.4,0,0,738591.574655927,0,0,0
115246.312088293,40,2331.6,2678.8,2533.2,0,0,738591.57465639,0,0,0
115246.35208736,40,2210.2,2599.4,2783.2,0,0,738591.574656853,0,0,0
115246.392086426,40,2119.6,2406.6,2841.8,0,0,738591.574657316,0,0,0
115246.432085493,40,2069.6,2256,2650,0,0,738591.574657779,0,0,0
115246.472084559,40,2043.6,2176,2427.6,0,0,738591.574658242,0,0,0
115246.512083625,40,2036,2143,2316.4,0,0,738591.574658705,0,0,0
115246.552082692,40,2038.4,2152,2338.6,0,0,738591.574659168,0,0,0
115246.592081758,40,2049,2188.6,2438.6,0,0,738591.574659631,0,0,0
115246.632080825,40,2073.2,2258.4,2602.6,0,0,738591.574660094,0,0,0
115246.672079891,40,2115.8,2389.8,2759,0,0,738591.574660557,0,0,0
115246.712078957,40,2196,2550.4,2729.4,0,0,738591.57466102,0,0,0
115246.752078024,40,2305.2,2645.8,2545,0,0,738591.574661482,0,0,0
115246.79207709,40,2407.2,2596.8,2365.8,0,0,738591.574661945,0,0,0
115246.832076157,40,2459.4,2489.6,2248.2,0,0,738591.574662408,0,0,0
115246.872075223,40,2453.8,2389.4,2185,0,0,738591.574662871,0,0,0
115246.912074289,40,2430.8,2334.6,2153,0,0,738591.574663334,0,0,0
115246.952073356,40,2425.6,2320.8,2146,0,0,738591.574663797,0,0,0
115246.992072422,40,2443.2,2347.6,2161.4,0,0,738591.57466426,0,0,0
115247.032071489,40,2455,2400.8,2188.4,0,0,738591.574664723,0,0,0
115247.072070555,40,2462.8,2496.4,2254.4,0,0,738591.574665186,0,0,0
115247.112069621,40,2407.8,2615.8,2371,0,0,738591.574665649,0,0,0
115247.152068688,40,2308.6,2662,2562,0,0,738591.574666112,0,0,0
115247.192067754,40,2190.8,2562.2,2773.8,0,0,738591.574666575,0,0,0
115247.232066821,40,2113,2389.6,2814.6,0,0,738591.574667038,0,0,0
115247.272065887,40,2067.8,2250.8,2633.8,0,0,738591.574667501,0,0,0
115247.312064953,40,2045.8,2170.6,2421.8,0,0,738591.574667964,0,0,0
115247.35206402,40,2034.4,2138.2,2316.2,0,0,738591.574668427,0,0,0
115247.392063086,40,2037.4,2153.4,2341.2,0,0,738591.57466889,0,0,0
115247.432062153,40,2044.2,2181.8,2443.6,0,0,738591.574669353,0,0,0
115247.472061219,40,2071.4,2255,2614,0,0,738591.574669816,0,0,0
115247.512060285,40,2115,2378.8,2760.6,0,0,738591.574670279,0,0,0
115247.552059352,40,2195,2545,2725,0,0,738591.574670742,0,0,0
115247.592058418,40,2296.6,2631.4,2541.4,0,0,738591.574671205,0,0,0
115247.632057485,40,2404.6,2586,2363,0,0,738591.574671668,0,0,0
115247.672056551,40,2453,2488,2251.8,0,0,738591.57467213,0,0,0
115247.712055617,40,2448.4,2386.4,2184,0,0,738591.574672593,0,0,0
115247.752054684,40,2421,2326.8,2151.4,0,0,738591.574673056,0,0,0
115247.79205375,40,2410.8,2305.4,2143.4,0,0,738591.574673519,0,0,0
115247.832052817,40,2432.4,2335.8,2154,0,0,738591.574673982,0,0,0
115247.872051883,40,2456,2407.4,2197.6,0,0,738591.574674445,0,0,0
115247.912050949,40,2456.6,2515.6,2272.8,0,0,738591.574674908,0,0,0
115247.952050016,40,2392.8,2636.4,2411.8,0,0,738591.574675371,0,0,0
115247.992049082,40,2269.4,2661.6,2648.2,0,0,738591.574675834,0,0,0
115248.032048149,40,2157.6,2504,2824.2,0,0,738591.574676297,0,0,0
115248.072047215,40,2087.6,2316.6,2751.6,0,0,738591.57467676,0,0,0
115248.112046281,40,2055.4,2203,2500.6,0,0,738591.574677223,0,0,0
115248.152045348,40,2038.4,2145.6,2330.4,0,0,738591.574677686,0,0,0
115248.192044414,40,2033.8,2136.8,2295.6,0,0,738591.574678149,0,0,0
115248.232043481,40,2040.4,2156.4,2357.4,0,0,738591.574678612,0,0,0
115248.272042547,40,2054.2,2203.8,2488.6,0,0,738591.574679075,0,0,0
115248.312041613,40,2080.6,2295.8,2678.2,0,0,738591.574679538,0,0,0
115248.35204068,40,2135.6,2442.4,2809.4,0,0,738591.574680001,0,0,0
115248.392039746,40,2222.8,2606.4,2702.8,0,0,738591.574680464,0,0,0
115248.432038813,40,2339.4,2655.8,2488.2,0,0,738591.574680927,0,0,0
115248.472037879,40,2437.6,2570.8,2321,0,0,738591.574681389,0,0,0
115248.512036945,40,2460.2,2450.2,2215.8,0,0,738591.574681852,0,0,0
115248.552036012,40,2438.4,2363.4,2164.4,0,0,738591.574682315,0,0,0
115248.592035078,40,2419.8,2312.6,2142,0,0,738591.574682778,0,0,0
115248.632034145,40,2410.8,2308.2,2144.4,0,0,738591.574683241,0,0,0
115248.672033211,40,2443.4,2354.2,2162.2,0,0,738591.574683704,0,0,0
115248.712032277,40,2460.4,2429.8,2207.8,0,0,738591.574684167,0,0,0
115248.752031344,40,2452,2556.2,2302.8,0,0,738591.57468463,0,0,0
115248.79203041,40,2360.2,2651,2464.8,0,0,738591.574685093,0,0,0
115248.832029477,40,2234.8,2624.4,2708.6,0,0,738591.574685556,0,0,0
115248.872028543,40,2133.8,2446.4,2843.6,0,0,738591.574686019,0,0,0
115248.912027609,40,2076,2275.8,2696.6,0,0,738591.574686482,0,0,0
115248.952026676,40,2045.2,2185.2,2464.6,0,0,738591.574686945,0,0,0
115248.992025742,40,2034.6,2143.8,2317.6,0,0,738591.574687408,0,0,0
115249.032024809,40,2038.2,2143.6,2327.2,0,0,738591.574687871,0,0,0
115249.072023875,40,2040.6,2171.4,2402.8,0,0,738591.574688334,0,0,0
115249.112022941,40,2061.4,2229,2534,0,0,738591.574688797,0,0,0
115249.152022008,40,2094.2,2323,2685.4,0,0,738591.57468926,0,0,0
115249.192021074,40,2157.6,2461,2722.4,0,0,738591.574689723,0,0,0
115249.232020141,40,2244.8,2579.8,2609,0,0,738591.574690186,0,0,0
115249.272019207,40,2342.6,2603,2440.8,0,0,738591.574690648,0,0,0
115249.312018273,40,2424.6,2534.2,2308.8,0,0,738591.574691111,0,0,0
115249.35201734,40,2456,2443.4,2223.4,0,0,738591.574691574,0,0,0
115249.392016406,40,2448.2,2373.4,2175.4,0,0,738591.574692037,0,0,0
115249.432015473,40,2437.6,2332.2,2156,0,0,738591.5746925,0,0,0
115249.472014539,40,2439.4,2339.4,2157.4,0,0,738591.574692963,0,0,0
115249.512013605,40,2451.2,2365.6,2172.2,0,0,738591.574693426,0,0,0
115249.552012672,40,2465.6,2439,2213.8,0,0,738591.574693889,0,0,0
115249.592011738,40,2454.4,2535.6,2290.2,0,0,738591.574694352,0,0,0
115249.632010805,40,2380.8,2644.2,2432.2,0,0,738591.574694815,0,0,0
115249.672009871,40,2261,2652.2,2663.8,0,0,738591.574695278,0,0,0
115249.712008937,40,2154,2495,2848.2,0,0,738591.574695741,0,0,0
115249.752008004,40,2089.2,2317.8,2771,0,0,738591.574696204,0,0,0
115249.79200707,40,2053.2,2213.6,2537.6,0,0,738591.574696667,0,0,0
115249.832006137,40,2047.8,2180,2433.4,0,0,738591.57469713,0,0,0
115249.872005203,40,2050.4,2197.6,2463.4,0,0,738591.574697593,0,0,0
115249.912004269,40,2064.6,2236.2,2551,0,0,738591.574698056,0,0,0
115249.952003336,40,2088.8,2302,2651.6,0,0,738591.574698519,0,0,0
115249.992002402,40,2130,2403.4,2711,0,0,738591.574698982,0,0,0
115250.032001469,40,2191.2,2513.2,2687.6,0,0,738591.574699445,0,0,0
115250.072000535,40,2262.6,2595.8,2576.8,0,0,738591.574699908,0,0,0
115250.111999601,40,2347.6,2604.6,2438.6,0,0,738591.574700371,0,0,0
115250.151998668,40,2413.6,2553.2,2325,0,0,738591.574700833,0,0,0
115250.191997734,40,2438,2461,2243.4,0,0,738591.574701296,0,0,0
115250.231996801,40,2439.2,2392.2,2195.6,0,0,738591.574701759,0,0,0
115250.271995867,40,2413.2,2339.2,2167.2,0,0,738591.574702222,0,0,0
115250.311994933,40,2389,2311.4,2152.8,0,0,738591.574702685,0,0,0
115250.351994,40,2380.4,2311.8,2153.6,0,0,738591.574703148,0,0,0
115250.391993066,40,2396.4,2331.8,2169.2,0,0,738591.574703611,0,0,0
115250.431992133,40,2436.2,2386.8,2186.8,0,0,738591.574704074,0,0,0
115250.471991199,40,2448.8,2485.6,2250.8,0,0,738591.574704537,0,0,0
115250.511990265,40,2399.8,2610.6,2385.8,0,0,738591.574705,0,0,0
115250.551989332,40,2282.6,2660.8,2621.6,0,0,738591.574705463,0,0,0
115250.591988398,40,2166.8,2520.2,2830.6,0,0,738591.574705926,0,0,0
115250.631987465,40,2092.2,2331.2,2800,0,0,738591.574706389,0,0,0
115250.671986531,40,2053.8,2218.6,2578.8,0,0,738591.574706852,0,0,0
115250.711985597,40,2043.6,2172.8,2433,0,0,738591.574707315,0,0,0
115250.751984664,40,2046.6,2169,2436,0,0,738591.574707778,0,0,0
115250.79198373,40,2056,2210.6,2531.2,0,0,738591.574708241,0,0,0
115250.831982797,40,2082.8,2281.6,2673,0,0,738591.574708704,0,0,0
115250.871981863,40,2124.2,2410.6,2783.4,0,0,738591.574709167,0,0,0
115250.911980929,40,2199,2544.8,2719,0,0,738591.57470963,0,0,0
115250.951979996,40,2285.8,2611.4,2542.2,0,0,738591.574710093,0,0,0
115250.991979062,40,2371.6,2588.2,2391,0,0,738591.574710555,0,0,0
115251.031978129,40,2424,2501.8,2286,0,0,738591.574711018,0,0,0
115251.071977195,40,2429.6,2428.6,2226.2,0,0,738591.574711481,0,0,0
115251.111976261,40,2423.8,2386,2198.8,0,0,738591.574711944,0,0,0
115251.151975328,40,2412.6,2375.4,2191.6,0,0,738591.574712407,0,0,0
115251.191974394,40,2412.4,2404.4,2213,0,0,738591.57471287,0,0,0
115251.231973461,40,2403.6,2462.4,2266.8,0,0,738591.574713333,0,0,0
115251.271972527,40,2376.8,2543.8,2352,0,0,738591.574713796,0,0,0
115251.311971593,40,2282.8,2578.4,2511,0,0,738591.574714259,0,0,0
115251.35197066,40,2183,2498.4,2678.2,0,0,738591.574714722,0,0,0
115251.391969726,40,2104.6,2336.6,2676.8,0,0,738591.574715185,0,0,0
115251.431968793,40,2059.8,2214.4,2497.8,0,0,738591.574715648,0,0,0
115251.471967859,40,2041,2144.2,2315,0,0,738591.574716111,0,0,0
115251.511966925,40,2029.4,2115.2,2223.2,0,0,738591.574716574,0,0,0
115251.551965992,40,2030,2113.2,2211.6,0,0,738591.574717037,0,0,0
115251.591965058,40,2031.2,2134.2,2282.4,0,0,738591.5747175,0,0,0
115251.631964125,40,2048.2,2185,2444.4,0,0,738591.574717963,0,0,0
115251.671963191,40,2081.4,2291,2708.4,0,0,738591.574718426,0,0,0
115251.711962257,40,2148,2482,2827.2,0,0,738591.574718889,0,0,0
115251.751961324,40,2261.8,2636.4,2634.4,0,0,738591.574719352,0,0,0
115251.79196039,40,2378.6,2615,2408.4,0,0,738591.574719814,0,0,0
115251.831959457,40,2446.6,2511.4,2273.4,0,0,738591.574720277,0,0,0
115251.871958523,40,2449.4,2412.4,2200,0,0,738591.57472074,0,0,0
115251.911957589,40,2423,2361.6,2173.2,0,0,738591.574721203,0,0,0
115251.951956656,40,2405,2361,2185.6,0,0,738591.574721666,0,0,0
115251.991955722,40,2409.6,2409.6,2220,0,0,738591.574722129,0,0,0
115252.031954789,40,2405.4,2505.4,2300.6,0,0,738591.574722592,0,0,0
115252.071953855,40,2326.8,2596.8,2463.6,0,0,738591.574723055,0,0,0
115252.111952921,40,2213.8,2553.8,2678.2,0,0,738591.574723518,0,0,0
115252.151951988,40,2115.8,2373.6,2742,0,0,738591.574723981,0,0,0
115252.191951054,40,2065,2232.2,2540.6,0,0,738591.574724444,0,0,0
115252.231950121,40,2036.2,2149.2,2327,0,0,738591.574724907,0,0,0
115252.271949187,40,2024.2,2110.4,2208.2,0,0,738591.57472537,0,0,0
115252.311948253,40,2024,2099.8,2169.8,0,0,738591.574725833,0,0,0
115252.35194732,40,2024.4,2106,2196,0,0,738591.574726296,0,0,0
115252.391946386,40,2032,2128,2273.8,0,0,738591.574726759,0,0,0
115252.431945453,40,2047.4,2186.6,2456,0,0,738591.574727222,0,0,0
115252.471944519,40,2093.6,2320.6,2720.6,0,0,738591.574727685,0,0,0
115252.511943585,40,2173.2,2510.2,2752.6,0,0,738591.574728148,0,0,0
115252.551942652,40,2290.4,2613.2,2534.2,0,0,738591.574728611,0,0,0
115252.591941718,40,2393,2555.8,2345.6,0,0,738591.574729074,0,0,0
115252.631940785,40,2429.4,2447.2,2240.6,0,0,738591.574729537,0,0,0
115252.671939851,40,2415,2368.4,2188.2,0,0,738591.574729999,0,0,0
115252.711938917,40,2386,2336.2,2174.2,0,0,738591.574730462,0,0,0
115252.751937984,40,2406.8,2365,2191,0,0,738591.574730925,0,0,0
115252.79193705,40,2421.4,2427.4,2229.6,0,0,738591.574731388,0,0,0
115252.831936117,40,2396.8,2515.4,2315,0,0,738591.574731851,0,0,0
115252.871935183,40,2309.6,2572.2,2462.2,0,0,738591.574732314,0,0,0
115252.911934249,40,2200.6,2514.6,2639.8,0,0,738591.574732777,0,0,0
115252.951933316,40,2115.4,2355.6,2679.8,0,0,738591.57473324,0,0,0
115252.991932382,40,2056.6,2215.4,2512.4,0,0,738591.574733703,0,0,0
115253.031931449,40,2035.2,2138.8,2309,0,0,738591.574734166,0,0,0
115253.071930515,40,2023.2,2102.4,2198.2,0,0,738591.574734629,0,0,0
115253.111929581,40,2021.8,2102.2,2172,0,0,738591.574735092,0,0,0
115253.151928648,40,2024.6,2115.2,2209,0,0,738591.574735555,0,0,0
115253.191927714,40,2035,2140.6,2317,0,0,738591.574736018,0,0,0
115253.231926781,40,2056.2,2212,2542.8,0,0,738591.574736481,0,0,0
115253.271925847,40,2105.8,2364,2811.8,0,0,738591.574736944,0,0,0
115253.311924913,40,2195.4,2570.6,2790.6,0,0,738591.574737407,0,0,0
115253.35192398,40,2316.8,2665.4,2550.8,0,0,738591.57473787,0,0,0
115253.391923046,40,2415.6,2588.2,2354.6,0,0,738591.574738333,0,0,0
115253.431922113,40,2456.4,2481.4,2247.2,0,0,738591.574738796,0,0,0
115253.471921179,40,2442,2394.8,2192.6,0,0,738591.574739259,0,0,0
115253.511920245,40,2416.4,2356.6,2177.4,0,0,738591.574739721,0,0,0
115253.551919312,40,2400,2365.4,2191.4,0,0,738591.574740184,0,0,0
115253.591918378,40,2414.8,2415.8,2222.4,0,0,738591.574740647,0,0,0
115253.631917445,40,2406,2511,2304,0,0,738591.57474111,0,0,0
115253.671916511,40,2324.8,2599,2465.6,0,0,738591.574741573,0,0,0
115253.711915577,40,2209.8,2545.4,2663.2,0,0,738591.574742036,0,0,0
115253.751914644,40,2117.2,2372.6,2709.6,0,0,738591.574742499,0,0,0
115253.79191371,40,2065.4,2229,2530.4,0,0,738591.574742962,0,0,0
115253.831912777,40,2038.2,2145,2328.4,0,0,738591.574743425,0,0,0
115253.871911843,40,2026.8,2113,2212,0,0,738591.574743888,0,0,0
115253.911910909,40,2023,2095.8,2169.2,0,0,738591.574744351,0,0,0
115253.951909976,40,2024.6,2104.4,2192.6,0,0,738591.574744814,0,0,0
115253.991909042,40,2032.6,2127.4,2276.4,0,0,738591.574745277,0,0,0
115254.031908109,40,2047.2,2181,2452.8,0,0,738591.57474574,0,0,0
115254.071907175,40,2084.8,2303,2736,0,0,738591.574746203,0,0,0
115254.111906241,40,2157.2,2497,2817.6,0,0,738591.574746666,0,0,0
115254.151905308,40,2266.4,2632.6,2622,0,0,738591.574747129,0,0,0
115254.191904374,40,2378.8,2608.8,2408.4,0,0,738591.574747592,0,0,0
115254.231903441,40,2437.2,2503.6,2273.4,0,0,738591.574748055,0,0,0
115254.271902507,40,2432.8,2411.6,2211.4,0,0,738591.574748517,0,0,0
115254.311901573,40,2413.4,2366,2182.6,0,0,738591.57474898,0,0,0
115254.35190064,40,2397.8,2354.6,2184.4,0,0,738591.574749443,0,0,0
115254.391899706,40,2415.6,2412.6,2221.8,0,0,738591.574749906,0,0,0
115254.431898773,40,2407,2494.2,2287.2,0,0,738591.574750369,0,0,0
115254.471897839,40,2339.2,2573.6,2422.4,0,0,738591.574750832,0,0,0
115254.511896905,40,2229.4,2542,2594,0,0,738591.574751295,0,0,0
115254.551895972,40,2133.8,2402.8,2700.8,0,0,738591.574751758,0,0,0
115254.591895038,40,2071,2252.2,2577.2,0,0,738591.574752221,0,0,0
115254.631894105,40,2045.4,2163.4,2376,0,0,738591.574752684,0,0,0
115254.671893171,40,2023.4,2117,2231.4,0,0,738591.574753147,0,0,0
115254.711892237,40,2021,2105.2,2180.6,0,0,738591.57475361,0,0,0
115254.751891304,40,2026.8,2104,2195.2,0,0,738591.574754073,0,0,0
115254.79189037,40,2030.8,2128.8,2267.8,0,0,738591.574754536,0,0,0
115254.831889437,40,2044,2173.2,2440.2,0,0,738591.574754999,0,0,0
115254.871888503,40,2078,2289.6,2730,0,0,738591.574755462,0,0,0
115254.911887569,40,2144.6,2484.2,2836.8,0,0,738591.574755925,0,0,0
115254.951886636,40,2258.8,2634.6,2642.2,0,0,738591.574756388,0,0,0
115254.991885702,40,2377.2,2626.6,2415.6,0,0,738591.574756851,0,0,0
115255.031884769,40,2448.4,2515.4,2272.6,0,0,738591.574757314,0,0,0
115255.071883835,40,2440.2,2406.2,2206.4,0,0,738591.574757777,0,0,0
115255.111882901,40,2414.2,2351.4,2176.6,0,0,738591.57475824,0,0,0
115255.151881968,40,2390.2,2341.2,2180.6,0,0,738591.574758703,0,0,0
115255.191881034,40,2415.6,2395.4,2210.2,0,0,738591.574759165,0,0,0
115255.231880101,40,2417.2,2492,2280.8,0,0,738591.574759628,0,0,0
115255.271879167,40,2349,2582.8,2415.6,0,0,738591.574760091,0,0,0
115255.311878233,40,2238.4,2564.4,2595.6,0,0,738591.574760554,0,0,0
115255.3518773,40,2137.8,2415.6,2695.8,0,0,738591.574761017,0,0,0
115255.391876366,40,2075.6,2265.6,2594.6,0,0,738591.57476148,0,0,0
115255.431875433,40,2046,2172.4,2398.8,0,0,738591.574761943,0,0,0
115255.471874499,40,2027,2124,2253,0,0,738591.574762406,0,0,0
115255.511873565,40,2021.6,2099.8,2179.4,0,0,738591.574762869,0,0,0
115255.551872632,40,2019,2101.2,2181,0,0,738591.574763332,0,0,0
115255.591871698,40,2027.6,2118.4,2232.4,0,0,738591.574763795,0,0,0
115255.631870765,40,2038,2156.4,2376.2,0,0,738591.574764258,0,0,0
115255.671869831,40,2067,2256.4,2651.6,0,0,738591.574764721,0,0,0
115255.711868897,40,2130.4,2435.2,2845,0,0,738591.574765184,0,0,0
115255.751867964,40,2234.6,2616.4,2689.8,0,0,738591.574765647,0,0,0
115255.79186703,40,2357.8,2637.2,2450,0,0,738591.57476611,0,0,0
115255.831866097,40,2437.8,2522.2,2291.4,0,0,738591.574766573,0,0,0
115255.871865163,40,2440.4,2414,2209.8,0,0,738591.574767036,0,0,0
115255.911864229,40,2411,2347,2172,0,0,738591.574767499,0,0,0
115255.951863296,40,2388.8,2336.4,2167.8,0,0,738591.574767962,0,0,0
115255.991862362,40,2416,2380.2,2196.8,0,0,738591.574768424,0,0,0
115256.031861429,40,2418.4,2467.2,2258.2,0,0,738591.574768887,0,0,0
115256.071860495,40,2361.4,2554.2,2381.4,0,0,738591.57476935,0,0,0
115256.111859561,40,2254.6,2563.8,2548.8,0,0,738591.574769813,0,0,0
115256.151858628,40,2148.6,2438,2683.8,0,0,738591.574770276,0,0,0
115256.191857694,40,2085.4,2276.6,2599,0,0,738591.574770739,0,0,0
115256.231856761,40,2046.2,2176.2,2395.2,0,0,738591.574771202,0,0,0
115256.271855827,40,2027.4,2119.6,2239.8,0,0,738591.574771665,0,0,0
115256.311854893,40,2019.6,2096.6,2175.6,0,0,738591.574772128,0,0,0
115256.35185396,40,2020.6,2099.4,2173.2,0,0,738591.574772591,0,0,0
115256.391853026,40,2027,2118.6,2230.8,0,0,738591.574773054,0,0,0
115256.431852093,40,2034.4,2150,2355.8,0,0,738591.574773517,0,0,0
115256.471851159,40,2057.8,2232.8,2601.6,0,0,738591.57477398,0,0,0
115256.511850225,40,2108.6,2387,2824.4,0,0,738591.574774443,0,0,0
115256.551849292,40,2198.2,2584.6,2761.2,0,0,738591.574774906,0,0,0
115256.591848358,40,2312.2,2654.6,2529.8,0,0,738591.574775369,0,0,0
115256.631847425,40,2412.2,2580,2347.2,0,0,738591.574775832,0,0,0
115256.671846491,40,2442.2,2464.4,2242.2,0,0,738591.574776295,0,0,0
115256.711845557,40,2429.2,2382.2,2194.8,0,0,738591.574776758,0,0,0
115256.751844624,40,2386.6,2334.2,2167.6,0,0,738591.574777221,0,0,0
115256.79184369,40,2402.2,2355.4,2184.2,0,0,738591.574777683,0,0,0
115256.831842757,40,2422.8,2420.8,2228.6,0,0,738591.574778146,0,0,0
115256.871841823,40,2393.6,2523.8,2323.2,0,0,738591.574778609,0,0,0
115256.911840889,40,2298.6,2580.4,2482.4,0,0,738591.574779072,0,0,0
115256.951839956,40,2184.8,2504,2673.6,0,0,738591.574779535,0,0,0
115256.991839022,40,2101.8,2328.8,2667.8,0,0,738591.574779998,0,0,0
115257.031838089,40,2055.6,2206.8,2481.4,0,0,738591.574780461,0,0,0
115257.071837155,40,2033.8,2133.8,2293.6,0,0,738591.574780924,0,0,0
115257.111836221,40,2026.8,2109.4,2206.6,0,0,738591.574781387,0,0,0
115257.151835288,40,2025.2,2109.8,2196,0,0,738591.57478185,0,0,0
115257.191834354,40,2036.4,2131,2267.6,0,0,738591.574782313,0,0,0
115257.231833421,40,2045.4,2186.2,2453.6,0,0,738591.574782776,0,0,0
115257.271832487,40,2075.2,2269.4,2677.4,0,0,738591.574783239,0,0,0
115257.311831553,40,2134.8,2456,2840.2,0,0,738591.574783702,0,0,0
115257.35183062,40,2243,2624,2676.2,0,0,738591.574784165,0,0,0
115257.391829686,40,2374.8,2637.6,2426.4,0,0,738591.574784628,0,0,0
115257.431828753,40,2437.2,2519.2,2291.8,0,0,738591.574785091,0,0,0
115257.471827819,40,2446.4,2426.4,2208.8,0,0,738591.574785554,0,0,0
115257.511826885,40,2421.4,2353.4,2172.6,0,0,738591.574786017,0,0,0
115257.551825952,40,2395,2335.2,2169.8,0,0,738591.57478648,0,0,0
115257.591825018,40,2404.8,2388.6,2203.8,0,0,738591.574786943,0,0,0
115257.631824085,40,2424.6,2465.6,2257.4,0,0,738591.574787406,0,0,0
115257.671823151,40,2368.6,2568.6,2387.8,0,0,738591.574787868,0,0,0
115257.711822217,40,2253.8,2587,2592.8,0,0,738591.574788331,0,0,0
115257.751821284,40,2147,2438.6,2723.6,0,0,738591.574788794,0,0,0
115257.79182035,40,2077.8,2274.2,2600.6,0,0,738591.574789257,0,0,0
115257.831819417,40,2045.4,2177,2400.2,0,0,738591.57478972,0,0,0
115257.871818483,40,2031,2126.2,2254.8,0,0,738591.574790183,0,0,0
115257.911817549,40,2026.2,2106.4,2193.6,0,0,738591.574790646,0,0,0
115257.951816616,40,2026.4,2109.2,2204.4,0,0,738591.574791109,0,0,0
115257.991815682,40,2035,2132.8,2280.2,0,0,738591.574791572,0,0,0
115258.031814749,40,2047.6,2173.4,2427,0,0,738591.574792035,0,0,0
115258.071813815,40,2070.2,2276,2677.8,0,0,738591.574792498,0,0,0
115258.111812881,40,2126.8,2445,2839.2,0,0,738591.574792961,0,0,0
115258.151811948,40,2228.2,2602.6,2710,0,0,738591.574793424,0,0,0
115258.191811014,40,2333.6,2647.8,2493.6,0,0,738591.574793887,0,0,0
115258.231810081,40,2420.4,2574.6,2335,0,0,738591.57479435,0,0,0
115258.271809147,40,2443,2476.2,2252.4,0,0,738591.574794813,0,0,0
115258.311808213,40,2438.4,2405.8,2209.2,0,0,738591.574795276,0,0,0
115258.35180728,40,2419.8,2389.2,2203.6,0,0,738591.574795739,0,0,0
115258.391806346,40,2407.8,2407.4,2213.2,0,0,738591.574796202,0,0,0
115258.431805413,40,2405.2,2437.4,2248.8,0,0,738591.574796665,0,0,0
115258.471804479,40,2384.8,2510.2,2318,0,0,738591.574797128,0,0,0
115258.511803545,40,2324,2577,2435.8,0,0,738591.57479759,0,0,0
115258.551802612,40,2235.2,2554,2603.6,0,0,738591.574798053,0,0,0
115258.591801678,40,2146.6,2432.2,2711.2,0,0,738591.574798516,0,0,0
115258.631800745,40,2085,2288,2628.8,0,0,738591.574798979,0,0,0
115258.671799811,40,2054.4,2199.4,2456.6,0,0,738591.574799442,0,0,0
115258.711798877,40,2037,2149,2329.4,0,0,738591.574799905,0,0,0
115258.751797944,40,2040.8,2148.6,2326.6,0,0,738591.574800368,0,0,0
115258.79179701,40,2047,2180.8,2403,0,0,738591.574800831,0,0,0
115258.831796077,40,2065.6,2226.2,2523.6,0,0,738591.574801294,0,0,0
115258.871795143,40,2092,2316.6,2668.4,0,0,738591.574801757,0,0,0
115258.911794209,40,2145.6,2445.4,2730,0,0,738591.57480222,0,0,0
115258.951793276,40,2218.8,2564.6,2669.2,0,0,738591.574802683,0,0,0
115258.991792342,40,2308.4,2620.2,2515.2,0,0,738591.574803146,0,0,0
115259.031791409,40,2390.6,2595.6,2378.6,0,0,738591.574803609,0,0,0
115259.071790475,40,2445.4,2511.6,2282.4,0,0,738591.574804072,0,0,0
115259.111789541,40,2459.4,2442.4,2219.2,0,0,738591.574804535,0,0,0
115259.151788608,40,2453,2398.6,2190.6,0,0,738591.574804998,0,0,0
115259.191787674,40,2446.8,2371.2,2175,0,0,738591.574805461,0,0,0
115259.231786741,40,2448.2,2374.4,2174.6,0,0,738591.574805924,0,0,0
115259.271785807,40,2457.4,2416.2,2204.6,0,0,738591.574806387,0,0,0
115259.311784873,40,2462.4,2471.8,2238.2,0,0,738591.574806849,0,0,0
115259.35178394,40,2437.2,2562.8,2316,0,0,738591.574807312,0,0,0
115259.391783006,40,2361.4,2654,2460,0,0,738591.574807775,0,0,0
115259.431782073,40,2251.6,2644.2,2682.4,0,0,738591.574808238,0,0,0
115259.471781139,40,2152.4,2485.2,2860.4,0,0,738591.574808701,0,0,0
115259.511780205,40,2080.8,2303,2762.2,0,0,738591.574809164,0,0,0
115259.551779272,40,2047.4,2194,2494.6,0,0,738591.574809627,0,0,0
115259.591778338,40,2036.8,2141.8,2323,0,0,738591.57481009,0,0,0
115259.631777405,40,2040,2146.2,2307.4,0,0,738591.574810553,0,0,0
115259.671776471,40,2046,2173,2380.2,0,0,738591.574811016,0,0,0
115259.711775537,40,2067.4,2234.8,2529.8,0,0,738591.574811479,0,0,0
115259.751774604,40,2109.6,2354.6,2704,0,0,738591.574811942,0,0,0
115259.79177367,40,2177.4,2518.2,2734.6,0,0,738591.574812405,0,0,0
115259.831772737,40,2286,2633.8,2570.4,0,0,738591.574812868,0,0,0
115259.871771803,40,2396.8,2617.2,2389.2,0,0,738591.574813331,0,0,0
115259.911770869,40,2452.4,2514,2268.8,0,0,738591.574813794,0,0,0
115259.951769936,40,2448.2,2406.2,2196.8,0,0,738591.574814257,0,0,0
115259.991769002,40,2435.4,2345.2,2160,0,0,738591.57481472,0,0,0
115260.031768069,40,2431,2331.6,2155,0,0,738591.574815183,0,0,0
115260.071767135,40,2448.4,2366.2,2170.6,0,0,738591.574815646,0,0,0
115260.111766201,40,2462.8,2422.4,2204,0,0,738591.574816109,0,0,0
115260.151765268,40,2455,2516.4,2271.4,0,0,738591.574816572,0,0,0
115260.191764334,40,2391.2,2632.6,2406.2,0,0,738591.574817034,0,0,0
115260.231763401,40,2272,2657.2,2628.4,0,0,738591.574817497,0,0,0
115260.271762467,40,2166.2,2507.6,2830.8,0,0,738591.57481796,0,0,0
115260.311761533,40,2090.4,2323.6,2768.6,0,0,738591.574818423,0,0,0
115260.3517606,40,2053.6,2203,2509.4,0,0,738591.574818886,0,0,0
115260.391759666,40,2038.2,2141,2322.4,0,0,738591.574819349,0,0,0
115260.431758733,40,2031,2129.6,2279.2,0,0,738591.574819812,0,0,0
115260.471757799,40,2035.4,2149,2340.8,0,0,738591.574820275,0,0,0
115260.511756865,40,2053.2,2197.2,2468.8,0,0,738591.574820738,0,0,0
115260.551755932,40,2086.4,2286.6,2644.6,0,0,738591.574821201,0,0,0
115260.591754998,40,2142.4,2439,2750,0,0,738591.574821664,0,0,0
115260.631754065,40,2231,2574,2642.2,0,0,738591.574822127,0,0,0
115260.671753131,40,2335.4,2614,2458.6,0,0,738591.57482259,0,0,0
115260.711752197,40,2425.6,2537.8,2302.4,0,0,738591.574823053,0,0,0
115260.751751264,40,2454.8,2440.2,2221.6,0,0,738591.574823516,0,0,0
115260.79175033,40,2439.2,2355.8,2166.4,0,0,738591.574823979,0,0,0
115260.831749397,40,2412.8,2306,2141,0,0,738591.574824442,0,0,0
115260.871748463,40,2410.4,2301.8,2137,0,0,738591.574824905,0,0,0
115260.911747529,40,2435.6,2342.6,2161.2,0,0,738591.574825368,0,0,0
115260.951746596,40,2465,2417,2199.6,0,0,738591.574825831,0,0,0
115260.991745662,40,2453,2541.8,2288.4,0,0,738591.574826294,0,0,0
115261.031744729,40,2368.2,2654.8,2456.8,0,0,738591.574826756,0,0,0
115261.071743795,40,2239.8,2634.4,2705.8,0,0,738591.574827219,0,0,0
115261.111742861,40,2134.2,2447.6,2847.4,0,0,738591.574827682,0,0,0
115261.151741928,40,2076.4,2282.2,2702.8,0,0,738591.574828145,0,0,0
115261.191740994,40,2045.4,2187.6,2462.4,0,0,738591.574828608,0,0,0
115261.231740061,40,2031.8,2147,2329.2,0,0,738591.574829071,0,0,0
115261.271739127,40,2036.4,2149,2333,0,0,738591.574829534,0,0,0
115261.311738193,40,2049.6,2179,2427.2,0,0,738591.574829997,0,0,0
115261.35173726,40,2070,2251.4,2581,0,0,738591.57483046,0,0,0
115261.391736326,40,2121.4,2378.6,2715.4,0,0,738591.574830923,0,0,0
115261.431735393,40,2199.2,2532.2,2676.6,0,0,738591.574831386,0,0,0
115261.471734459,40,2308.6,2601.6,2488,0,0,738591.574831849,0,0,0
115261.511733525,40,2403.6,2547.6,2332,0,0,738591.574832312,0,0,0
115261.551732592,40,2442,2445.8,2229.8,0,0,738591.574832775,0,0,0
115261.591731658,40,2438.2,2359.6,2170.4,0,0,738591.574833238,0,0,0
115261.631730725,40,2415.8,2309,2141,0,0,738591.574833701,0,0,0
115261.671729791,40,2409.2,2296.2,2130,0,0,738591.574834164,0,0,0
115261.711728857,40,2425,2324,2145.8,0,0,738591.574834627,0,0,0
115261.751727924,40,2450.6,2373,2175.8,0,0,738591.57483509,0,0,0
115261.79172699,40,2463.8,2469.2,2236.2,0,0,738591.574835552,0,0,0
115261.831726057,40,2418,2592,2348,0,0,738591.574836015,0,0,0
115261.871725123,40,2309.2,2663.2,2559.4,0,0,738591.574836478,0,0,0
115261.911724189,40,2190.8,2570.4,2809.2,0,0,738591.574836941,0,0,0
115261.951723256,40,2104.8,2370,2832.6,0,0,738591.574837404,0,0,0
115261.991722322,40,2061.2,2228.8,2593.8,0,0,738591.574837867,0,0,0
115262.031721389,40,2040.2,2158.6,2391.4,0,0,738591.57483833,0,0,0
115262.071720455,40,2035.4,2146.6,2322.2,0,0,738591.574838793,0,0,0
115262.111719521,40,2045.6,2163.6,2377.4,0,0,738591.574839256,0,0,0
115262.151718588,40,2056,2211.8,2498.6,0,0,738591.574839719,0,0,0
115262.191717654,40,2084.2,2301.4,2646.4,0,0,738591.574840182,0,0,0
115262.231716721,40,2150.8,2438.2,2716.2,0,0,738591.574840645,0,0,0
115262.271715787,40,2238.4,2565.4,2597,0,0,738591.574841108,0,0,0
115262.311714853,40,2349,2598.8,2431.8,0,0,738591.574841571,0,0,0
115262.35171392,40,2426.6,2531.4,2300.4,0,0,738591.574842034,0,0,0
115262.391712986,40,2453.8,2426.2,2207.2,0,0,738591.574842497,0,0,0
115262.431712053,40,2437.6,2345.8,2163.6,0,0,738591.57484296,0,0,0
115262.471711119,40,2411,2304.8,2138.4,0,0,738591.574843423,0,0,0
115262.511710185,40,2409,2302.6,2142.4,0,0,738591.574843886,0,0,0
115262.551709252,40,2432.8,2340.2,2161,0,0,738591.574844349,0,0,0
115262.591708318,40,2454.4,2403,2193.2,0,0,738591.574844812,0,0,0
115262.631707385,40,2449.2,2523.8,2276.4,0,0,738591.574845275,0,0,0
115262.671706451,40,2381.6,2652,2437,0,0,738591.574845738,0,0,0
115262.711705517,40,2247.8,2648.4,2697.2,0,0,738591.5748462,0,0,0
115262.751704584,40,2140.4,2463,2873.8,0,0,738591.574846663,0,0,0
115262.79170365,40,2076.2,2284.2,2708.8,0,0,738591.574847126,0,0,0
115262.831702717,40,2045.2,2179.4,2453.2,0,0,738591.574847589,0,0,0
115262.871701783,40,2033.6,2141.4,2311.8,0,0,738591.574848052,0,0,0
115262.911700849,40,2034.8,2146.6,2318.8,0,0,738591.574848515,0,0,0
115262.951699916,40,2045.2,2171,2406,0,0,738591.574848978,0,0,0
115262.991698982,40,2062.6,2237.4,2542,0,0,738591.574849441,0,0,0
115263.031698049,40,2105.6,2343.8,2690,0,0,738591.574849904,0,0,0
115263.071697115,40,2173.8,2489.6,2703,0,0,738591.574850367,0,0,0
115263.111696181,40,2271,2598.6,2566.2,0,0,738591.57485083,0,0,0
115263.151695248,40,2381.8,2600.4,2399,0,0,738591.574851293,0,0,0
115263.191694314,40,2448.6,2509.4,2270.2,0,0,738591.574851756,0,0,0
115263.231693381,40,2459.8,2407,2195.2,0,0,738591.574852219,0,0,0
115263.271692447,40,2428.2,2335.8,2150,0,0,738591.574852682,0,0,0
115263.311691513,40,2409.2,2304.8,2134.6,0,0,738591.574853145,0,0,0
115263.35169058,40,2425.8,2321.8,2148.6,0,0,738591.574853608,0,0,0
115263.391689646,40,2446.2,2362.8,2173.2,0,0,738591.574854071,0,0,0
115263.431688713,40,2464.2,2440.6,2215.6,0,0,738591.574854534,0,0,0
115263.471687779,40,2445.4,2568,2316.2,0,0,738591.574854997,0,0,0
115263.511686845,40,2356.2,2670.6,2490.8,0,0,738591.57485546,0,0,0
115263.551685912,40,2226.6,2617.4,2730.2,0,0,738591.574855922,0,0,0
115263.591684978,40,2132.4,2432,2854.6,0,0,738591.574856385,0,0,0
115263.631684045,40,2074.8,2269.4,2676.2,0,0,738591.574856848,0,0,0
115263.671683111,40,2046.2,2186.2,2455.2,0,0,738591.574857311,0,0,0
115263.711682177,40,2035.4,2143.4,2320.8,0,0,738591.574857774,0,0,0
115263.751681244,40,2034.2,2151,2339.6,0,0,738591.574858237,0,0,0
115263.79168031,40,2048.8,2187.4,2430.6,0,0,738591.5748587,0,0,0
115263.831679377,40,2072.6,2253.6,2574.6,0,0,738591.574859163,0,0,0
115263.871678443,40,2112.6,2365.8,2711.6,0,0,738591.574859626,0,0,0
115263.911677509,40,2184.6,2506.6,2700.2,0,0,738591.574860089,0,0,0
115263.951676576,40,2284,2598.6,2531,0,0,738591.574860552,0,0,0
115263.991675642,40,2380.8,2577.2,2372.8,0,0,738591.574861015,0,0,0
115264.031674709,40,2445.8,2485.2,2257.6,0,0,738591.574861478,0,0,0
115264.071673775,40,2450.2,2387.2,2187.6,0,0,738591.574861941,0,0,0
115264.111672841,40,2427,2319.2,2143.4,0,0,738591.574862404,0,0,0
115264.151671908,40,2403.6,2294.4,2131.8,0,0,738591.574862867,0,0,0
115264.191670974,40,2427,2325.4,2149.2,0,0,738591.57486333,0,0,0
115264.231670041,40,2451.8,2375.6,2177.8,0,0,738591.574863793,0,0,0
115264.271669107,40,2467.8,2476.6,2240.2,0,0,738591.574864256,0,0,0
115264.311668173,40,2419,2607.6,2357.6,0,0,738591.574864718,0,0,0
115264.35166724,40,2310.8,2674.6,2570.8,0,0,738591.574865181,0,0,0
115264.391666306,40,2182.4,2548.4,2804.8,0,0,738591.574865644,0,0,0
115264.431665373,40,2103.2,2354.4,2808,0,0,738591.574866107,0,0,0
115264.471664439,40,2057.2,2221.4,2584,0,0,738591.57486657,0,0,0
115264.511663505,40,2039,2159,2386.2,0,0,738591.574867033,0,0,0
115264.551662572,40,2035.4,2149,2327,0,0,738591.574867496,0,0,0
115264.591661638,40,2045.4,2167.6,2394.2,0,0,738591.574867959,0,0,0
115264.631660705,40,2060,2217.2,2518.4,0,0,738591.574868422,0,0,0
115264.671659771,40,2091.6,2314.2,2672.8,0,0,738591.574868885,0,0,0
115264.711658837,40,2154,2454,2724,0,0,738591.574869348,0,0,0
115264.751657904,40,2236,2572.6,2609.6,0,0,738591.574869811,0,0,0
115264.79165697,40,2341.2,2594.4,2433.6,0,0,738591.574870274,0,0,0
115264.831656037,40,2419,2534.8,2317.4,0,0,738591.574870737,0,0,0
115264.871655103,40,2449.8,2445,2228.6,0,0,738591.5748712,0,0,0
115264.911654169,40,2452.8,2378.8,2179,0,0,738591.574871663,0,0,0
115264.951653236,40,2436.2,2333,2151,0,0,738591.574872126,0,0,0
115264.991652302,40,2437.2,2343.8,2158.8,0,0,738591.574872589,0,0,0
115265.031651369,40,2460.8,2396,2185.8,0,0,738591.574873052,0,0,0
115265.071650435,40,2468,2477.4,2241.4,0,0,738591.574873515,0,0,0
115265.111649501,40,2418.8,2609.2,2369.4,0,0,738591.574873978,0,0,0
115265.151648568,40,2302.2,2675.4,2582.6,0,0,738591.574874441,0,0,0
115265.191647634,40,2178.8,2551.4,2826.2,0,0,738591.574874903,0,0,0
115265.231646701,40,2098.8,2342.8,2804.6,0,0,738591.574875366,0,0,0
115265.271645767,40,2058.2,2216.8,2546.8,0,0,738591.574875829,0,0,0
115265.311644833,40,2041.4,2148.8,2344.2,0,0,738591.574876292,0,0,0
115265.3516439,40,2033.6,2135.8,2296.4,0,0,738591.574876755,0,0,0
115265.391642966,40,2040.4,2160.4,2366.4,0,0,738591.574877218,0,0,0
115265.431642033,40,2059.8,2213.2,2502.2,0,0,738591.574877681,0,0,0
115265.471641099,40,2094.2,2314,2677.8,0,0,738591.574878144,0,0,0
115265.511640165,40,2158.6,2465,2724.6,0,0,738591.574878607,0,0,0
115265.551639232,40,2254.2,2584.6,2590.8,0,0,738591.57487907,0,0,0
115265.591638298,40,2362.6,2609.8,2426.8,0,0,738591.574879533,0,0,0
115265.631637365,40,2440.8,2531.4,2295,0,0,738591.574879996,0,0,0
115265.671636431,40,2461.4,2427.4,2209.8,0,0,738591.574880459,0,0,0
115265.711635497,40,2447.4,2359.2,2165.2,0,0,738591.574880922,0,0,0
115265.751634564,40,2431.4,2320.8,2145,0,0,738591.574881385,0,0,0
115265.79163363,40,2434.8,2334.6,2148.2,0,0,738591.574881848,0,0,0
115265.831632697,40,2455.6,2376.4,2173.4,0,0,738591.574882311,0,0,0
115265.871631763,40,2465.6,2452.4,2222.2,0,0,738591.574882774,0,0,0
115265.911630829,40,2439.4,2571.8,2316.4,0,0,738591.574883237,0,0,0
115265.951629896,40,2345.8,2672.4,2515.2,0,0,738591.5748837,0,0,0
115265.991628962,40,2208.6,2598.2,2776.2,0,0,738591.574884163,0,0,0
115266.031628029,40,2109.4,2380.8,2834.4,0,0,738591.574884626,0,0,0
115266.071627095,40,2060,2230,2582.6,0,0,738591.574885088,0,0,0
115266.111626161,40,2034.4,2149.2,2344.2,0,0,738591.574885551,0,0,0
115266.151625228,40,2033.8,2131,2282.8,0,0,738591.574886014,0,0,0
115266.191624294,40,2037.2,2147.8,2333.6,0,0,738591.574886477,0,0,0
115266.231623361,40,2050,2195.2,2475,0,0,738591.57488694,0,0,0
115266.271622427,40,2083.8,2287,2665.2,0,0,738591.574887403,0,0,0
115266.311621493,40,2137.2,2435,2790.4,0,0,738591.574887866,0,0,0
115266.35162056,40,2227.6,2589.8,2688.2,0,0,738591.574888329,0,0,0
115266.391619626,40,2335,2649.8,2492.6,0,0,738591.574888792,0,0,0
115266.431618693,40,2420.4,2578.2,2338.4,0,0,738591.574889255,0,0,0
115266.471617759,40,2462.4,2483.6,2247.2,0,0,738591.574889718,0,0,0
115266.511616825,40,2462.2,2408,2194.6,0,0,738591.574890181,0,0,0
115266.551615892,40,2447.4,2364.6,2171.4,0,0,738591.574890644,0,0,0
115266.591614958,40,2453.4,2373.8,2175.8,0,0,738591.574891107,0,0,0
115266.631614025,40,2468.6,2414.2,2194.6,0,0,738591.57489157,0,0,0
115266.671613091,40,2465.2,2466.2,2233.8,0,0,738591.574892033,0,0,0
115266.711612157,40,2440,2570.6,2316.2,0,0,738591.574892496,0,0,0
115266.751611224,40,2358.8,2668.6,2481.8,0,0,738591.574892959,0,0,0
115266.79161029,40,2236.4,2631.8,2716.8,0,0,738591.574893422,0,0,0
115266.831609357,40,2128.4,2444.2,2860,0,0,738591.574893884,0,0,0
115266.871608423,40,2076,2267.2,2685,0,0,738591.574894347,0,0,0
115266.911607489,40,2045.2,2169.6,2425,0,0,738591.57489481,0,0,0
115266.951606556,40,2030.4,2124.2,2276,0,0,738591.574895273,0,0,0
115266.991605622,40,2025.2,2124.2,2279.2,0,0,738591.574895736,0,0,0
115267.031604689,40,2037,2156.8,2380.8,0,0,738591.574896199,0,0,0
115267.071603755,40,2059.6,2230.6,2589,0,0,738591.574896662,0,0,0
115267.111602821,40,2103.6,2376.6,2806.4,0,0,738591.574897125,0,0,0
115267.151601888,40,2195.2,2557.6,2770.6,0,0,738591.574897588,0,0,0
115267.191600954,40,2306.8,2657.8,2551,0,0,738591.574898051,0,0,0
115267.231600021,40,2406.8,2591.8,2361.6,0,0,738591.574898514,0,0,0
115267.271599087,40,2461.2,2484.2,2247.4,0,0,738591.574898977,0,0,0
115267.311598153,40,2459,2400.4,2193.2,0,0,738591.57489944,0,0,0
115267.35159722,40,2444.6,2357.6,2169.2,0,0,738591.574899903,0,0,0
115267.391596286,40,2439,2355.2,2164,0,0,738591.574900366,0,0,0
115267.431595353,40,2455.4,2380.4,2177,0,0,738591.574900829,0,0,0
115267.471594419,40,2466.2,2423.2,2205.8,0,0,738591.574901292,0,0,0
115267.511593485,40,2461,2513,2262.8,0,0,738591.574901755,0,0,0
115267.551592552,40,2406.2,2628,2389.4,0,0,738591.574902218,0,0,0
115267.591591618,40,2290.6,2681,2615.6,0,0,738591.574902681,0,0,0
115267.631590685,40,2169.4,2532.2,2836.8,0,0,738591.574903144,0,0,0
115267.671589751,40,2090.6,2329.4,2785.2,0,0,738591.574903607,0,0,0
115267.711588817,40,2048.6,2190,2499,0,0,738591.574904069,0,0,0
115267.751587884,40,2036.4,2134.2,2294.6,0,0,738591.574904532,0,0,0
115267.79158695,40,2034.4,2127.8,2258.4,0,0,738591.574904995,0,0,0
115267.831586017,40,2039.8,2150.4,2330,0,0,738591.574905458,0,0,0
115267.871585083,40,2054.8,2196.8,2477,0,0,738591.574905921,0,0,0
115267.911584149,40,2090.8,2304.8,2669.8,0,0,738591.574906384,0,0,0
115267.951583216,40,2153.6,2459.4,2735,0,0,738591.574906847,0,0,0
115267.991582282,40,2244.8,2586,2611,0,0,738591.57490731,0,0,0
115268.031581349,40,2347,2605.4,2441.6,0,0,738591.574907773,0,0,0
115268.071580415,40,2420.2,2538.8,2313.2,0,0,738591.574908236,0,0,0
115268.111579481,40,2453,2456,2230.8,0,0,738591.574908699,0,0,0
115268.151578548,40,2453.4,2392.2,2184.4,0,0,738591.574909162,0,0,0
115268.191577614,40,2445.6,2359.2,2166.4,0,0,738591.574909625,0,0,0
115268.231576681,40,2443.6,2360.6,2170.4,0,0,738591.574910088,0,0,0
115268.271575747,40,2458,2404.8,2192.8,0,0,738591.574910551,0,0,0
115268.311574813,40,2468.6,2462.8,2229.8,0,0,738591.574911014,0,0,0
115268.35157388,40,2440.8,2574.2,2321,0,0,738591.574911477,0,0,0
115268.391572946,40,2350.6,2664.6,2496.4,0,0,738591.57491194,0,0,0
115268.431572013,40,2222.4,2621,2747.8,0,0,738591.574912403,0,0,0
115268.471571079,40,2117,2416.8,2861.6,0,0,738591.574912866,0,0,0
115268.511570145,40,2065.4,2245,2635.2,0,0,738591.574913329,0,0,0
115268.551569212,40,2042.6,2156.2,2377.6,0,0,738591.574913791,0,0,0
115268.591568278,40,2027.8,2118.8,2244,0,0,738591.574914254,0,0,0
115268.631567345,40,2031.6,2122.6,2265.8,0,0,738591.574914717,0,0,0
115268.671566411,40,2041.2,2154.8,2355.6,0,0,738591.57491518,0,0,0
115268.711565477,40,2058.8,2217.2,2518,0,0,738591.574915643,0,0,0
115268.751564544,40,2098.8,2332.2,2697.2,0,0,738591.574916106,0,0,0
115268.79156361,40,2170.2,2491.8,2724,0,0,738591.574916569,0,0,0
115268.831562677,40,2266.8,2598.2,2577.4,0,0,738591.574917032,0,0,0
115268.871561743,40,2368.2,2595.2,2406.2,0,0,738591.574917495,0,0,0
115268.911560809,40,2429.6,2518.2,2290.4,0,0,738591.574917958,0,0,0
115268.951559876,40,2458.2,2434.6,2219.6,0,0,738591.574918421,0,0,0
115268.991558942,40,2447.6,2372.8,2177.8,0,0,738591.574918884,0,0,0
115269.031558009,40,2441.8,2351.6,2162.4,0,0,738591.574919347,0,0,0
115269.071557075,40,2445.2,2357.8,2162.8,0,0,738591.57491981,0,0,0
115269.111556141,40,2462.4,2393.2,2186.4,0,0,738591.574920273,0,0,0
115269.151555208,40,2466.8,2475,2234.8,0,0,738591.574920736,0,0,0
115269.191554274,40,2434.2,2580.4,2335.2,0,0,738591.574921199,0,0,0
115269.231553341,40,2333.4,2673.2,2516.2,0,0,738591.574921662,0,0,0
115269.271552407,40,2212.4,2604.4,2774,0,0,738591.574922125,0,0,0
115269.311551473,40,2117.6,2399.8,2855,0,0,738591.574922587,0,0,0
115269.35155054,40,2066.2,2241.6,2627,0,0,738591.57492305,0,0,0
115269.391549606,40,2038.2,2158,2379.2,0,0,738591.574923513,0,0,0
115269.431548673,40,2032,2128.4,2262.2,0,0,738591.574923976,0,0,0
115269.471547739,40,2033.8,2136.2,2293.6,0,0,738591.574924439,0,0,0
115269.511546805,40,2042.4,2167.4,2392.6,0,0,738591.574924902,0,0,0
115269.551545872,40,2064.8,2240,2563.6,0,0,738591.574925365,0,0,0
115269.591544938,40,2107.6,2358,2715.2,0,0,738591.574925828,0,0,0
115269.631544005,40,2183.6,2511,2705,0,0,738591.574926291,0,0,0
115269.671543071,40,2281.6,2612.8,2555.6,0,0,738591.574926754,0,0,0
115269.711542137,40,2381.2,2593.2,2392.8,0,0,738591.574927217,0,0,0
115269.751541204,40,2439.8,2508.6,2278.8,0,0,738591.57492768,0,0,0
115269.79154027,40,2458.8,2429.4,2212.6,0,0,738591.574928143,0,0,0
115269.831539337,40,2449,2368.4,2171.4,0,0,738591.574928606,0,0,0
115269.871538403,40,2433.2,2340.2,2161,0,0,738591.574929069,0,0,0
115269.911537469,40,2445,2361.2,2167.8,0,0,738591.574929532,0,0,0
115269.951536536,40,2462,2410.4,2196.4,0,0,738591.574929995,0,0,0
115269.991535602,40,2462.4,2503.2,2261.8,0,0,738591.574930458,0,0,0
115270.031534669,40,2407.6,2633.2,2388.2,0,0,738591.574930921,0,0,0
115270.071533735,40,2292.2,2672.2,2609.8,0,0,738591.574931384,0,0,0
115270.111532801,40,2171.8,2536.2,2841,0,0,738591.574931847,0,0,0
115270.151531868,40,2092.6,2329.6,2791.2,0,0,738591.57493231,0,0,0
115270.191530934,40,2049.8,2197.8,2513.4,0,0,738591.574932773,0,0,0
115270.231530001,40,2033.4,2137,2313.2,0,0,738591.574933235,0,0,0
115270.271529067,40,2023.8,2119.8,2247.2,0,0,738591.574933698,0,0,0
115270.311528133,40,2032.6,2138.6,2301,0,0,738591.574934161,0,0,0
115270.3515272,40,2047.2,2183.2,2431.6,0,0,738591.574934624,0,0,0
115270.391526266,40,2075.8,2263.8,2618.4,0,0,738591.574935087,0,0,0
115270.431525333,40,2126.2,2402.6,2742,0,0,738591.57493555,0,0,0
115270.471524399,40,2205.2,2550.6,2674,0,0,738591.574936013,0,0,0
115270.511523465,40,2312.8,2612.6,2498.8,0,0,738591.574936476,0,0,0
115270.551522532,40,2399.2,2564,2348.2,0,0,738591.574936939,0,0,0
115270.591521598,40,2450.8,2477.6,2253.4,0,0,738591.574937402,0,0,0
115270.631520665,40,2454,2400.4,2193.2,0,0,738591.574937865,0,0,0
115270.671519731,40,2438.4,2348.6,2164.4,0,0,738591.574938328,0,0,0
115270.711518797,40,2440,2335.8,2156,0,0,738591.574938791,0,0,0
115270.751517864,40,2448.4,2364.6,2170.6,0,0,738591.574939254,0,0,0
115270.79151693,40,2464.4,2430.6,2209.4,0,0,738591.574939717,0,0,0
115270.831515997,40,2451,2531.2,2288.2,0,0,738591.57494018,0,0,0
115270.871515063,40,2377,2638,2432.6,0,0,738591.574940643,0,0,0
115270.911514129,40,2260.4,2651.4,2674.4,0,0,738591.574941106,0,0,0
115270.951513196,40,2149,2482,2868.2,0,0,738591.574941569,0,0,0
115270.991512262,40,2077.6,2295.6,2742.6,0,0,738591.574942032,0,0,0
115271.031511329,40,2050.2,2185,2473,0,0,738591.574942495,0,0,0
115271.071510395,40,2028.6,2133.4,2299,0,0,738591.574942957,0,0,0
115271.111509461,40,2031.6,2124.2,2276.6,0,0,738591.57494342,0,0,0
115271.151508528,40,2034.4,2151.4,2340,0,0,738591.574943883,0,0,0
115271.191507594,40,2051.4,2195.4,2479.6,0,0,738591.574944346,0,0,0
115271.231506661,40,2082.6,2287.6,2653,0,0,738591.574944809,0,0,0
115271.271505727,40,2140,2433.4,2743.8,0,0,738591.574945272,0,0,0
115271.311504793,40,2228.6,2575.6,2640,0,0,738591.574945735,0,0,0
115271.35150386,40,2337.6,2616.2,2455.4,0,0,738591.574946198,0,0,0
115271.391502926,40,2418.4,2543.2,2316.6,0,0,738591.574946661,0,0,0
115271.431501993,40,2450.2,2449.2,2229.4,0,0,738591.574947124,0,0,0
115271.471501059,40,2449.6,2378.4,2180.2,0,0,738591.574947587,0,0,0
115271.511500125,40,2428.8,2337.2,2156.2,0,0,738591.57494805,0,0,0
115271.551499192,40,2442.2,2344.4,2157.4,0,0,738591.574948513,0,0,0
115271.591498258,40,2454.8,2384.2,2183.2,0,0,738591.574948976,0,0,0
115271.631497325,40,2461.6,2460.6,2233.2,0,0,738591.574949439,0,0,0
115271.671496391,40,2428.8,2584.2,2334.4,0,0,738591.574949902,0,0,0
115271.711495457,40,2324.4,2675,2530.8,0,0,738591.574950365,0,0,0
115271.751494524,40,2198.2,2587.2,2791,0,0,738591.574950828,0,0,0
115271.79149359,40,2104,2376,2844.6,0,0,738591.574951291,0,0,0
115271.831492657,40,2059.4,2221.8,2578.4,0,0,738591.574951753,0,0,0
115271.871491723,40,2034.4,2146.2,2342.6,0,0,738591.574952216,0,0,0
115271.911490789,40,2026.8,2113.8,2238.8,0,0,738591.574952679,0,0,0
115271.951489856,40,2031,2124.4,2267.2,0,0,738591.574953142,0,0,0
115271.991488922,40,2044.2,2163,2366,0,0,738591.574953605,0,0,0
115272.031487989,40,2064.8,2229.4,2542,0,0,738591.574954068,0,0,0
115272.071487055,40,2099.2,2346.2,2717.8,0,0,738591.574954531,0,0,0
115272.111486121,40,2171.2,2503,2737,0,0,738591.574954994,0,0,0
115272.151485188,40,2270.4,2625,2589,0,0,738591.574955457,0,0,0
115272.191484254,40,2375.8,2617,2410.8,0,0,738591.57495592,0,0,0
115272.231483321,40,2438.6,2529.6,2289,0,0,738591.574956383,0,0,0
115272.271482387,40,2456.6,2440.2,2216,0,0,738591.574956846,0,0,0
115272.311481453,40,2454.2,2383.6,2179.4,0,0,738591.574957309,0,0,0
115272.35148052,40,2443.6,2355.2,2167.2,0,0,738591.574957772,0,0,0
115272.391479586,40,2449,2376.4,2175,0,0,738591.574958235,0,0,0
115272.431478653,40,2464.8,2420,2203.6,0,0,738591.574958698,0,0,0
115272.471477719,40,2460,2504.8,2260.8,0,0,738591.574959161,0,0,0
115272.511476785,40,2405.6,2626.4,2384.8,0,0,738591.574959624,0,0,0
115272.551475852,40,2292,2674,2603.4,0,0,738591.574960087,0,0,0
115272.591474918,40,2176.4,2539,2827.6,0,0,738591.57496055,0,0,0
115272.631473985,40,2095.2,2338,2800,0,0,738591.574961013,0,0,0
115272.671473051,40,2047.4,2203.4,2529.6,0,0,738591.574961476,0,0,0
115272.711472117,40,2033,2140.2,2316.2,0,0,738591.574961938,0,0,0
115272.751471184,40,2027.6,2118,2229.4,0,0,738591.574962401,0,0,0
115272.79147025,40,2027.6,2124.4,2255,0,0,738591.574962864,0,0,0
115272.831469317,40,2037.6,2150.8,2333.4,0,0,738591.574963327,0,0,0
115272.871468383,40,2053.2,2200.2,2486.4,0,0,738591.57496379,0,0,0
115272.911467449,40,2087.4,2306.8,2690.2,0,0,738591.574964253,0,0,0
115272.951466516,40,2150.4,2457.8,2757.6,0,0,738591.574964716,0,0,0
115272.991465582,40,2240,2600,2643.6,0,0,738591.574965179,0,0,0
115273.031464649,40,2350.2,2627,2452.8,0,0,738591.574965642,0,0,0
115273.071463715,40,2425.6,2547.6,2310.4,0,0,738591.574966105,0,0,0
115273.111462781,40,2457.2,2452,2227.2,0,0,738591.574966568,0,0,0
115273.151461848,40,2450.8,2380.6,2177.2,0,0,738591.574967031,0,0,0
115273.191460914,40,2435.8,2344,2162.4,0,0,738591.574967494,0,0,0
115273.231459981,40,2440,2356,2163.6,0,0,738591.574967957,0,0,0
115273.271459047,40,2456.4,2409.2,2193.4,0,0,738591.57496842,0,0,0
115273.311458113,40,2461.6,2498.4,2253.8,0,0,738591.574968883,0,0,0
115273.35145718,40,2415.8,2607.2,2368.2,0,0,738591.574969346,0,0,0
115273.391456246,40,2315.4,2681.8,2577.8,0,0,738591.574969809,0,0,0
115273.431455313,40,2188.6,2571.6,2819.4,0,0,738591.574970272,0,0,0
115273.471454379,40,2110.2,2369.4,2824.4,0,0,738591.574970735,0,0,0
115273.511453445,40,2061,2224.6,2583,0,0,738591.574971198,0,0,0
115273.551452512,40,2039.4,2151.6,2353.2,0,0,738591.574971661,0,0,0
115273.591451578,40,2026.4,2126.8,2250.4,0,0,738591.574972123,0,0,0
115273.631450645,40,2030.2,2129.2,2271.4,0,0,738591.574972586,0,0,0
115273.671449711,40,2037.2,2159.4,2358.4,0,0,738591.574973049,0,0,0
115273.711448777,40,2056.6,2214,2516.6,0,0,738591.574973512,0,0,0
115273.751447844,40,2095.2,2319,2696.4,0,0,738591.574973975,0,0,0
115273.79144691,40,2159.8,2480.2,2755,0,0,738591.574974438,0,0,0
115273.831445977,40,2255.8,2611.6,2632.8,0,0,738591.574974901,0,0,0
115273.871445043,40,2363.8,2629.2,2447.2,0,0,738591.574975364,0,0,0
115273.911444109,40,2437.2,2547.2,2308.8,0,0,738591.574975827,0,0,0
115273.951443176,40,2462.6,2448.4,2219.4,0,0,738591.57497629,0,0,0
115273.991442242,40,2449.4,2373.2,2173.2,0,0,738591.574976753,0,0,0
115274.031441309,40,2430.2,2336.2,2156,0,0,738591.574977216,0,0,0
115274.071440375,40,2437.4,2349.2,2162.6,0,0,738591.574977679,0,0,0
115274.111439441,40,2459.8,2413.8,2196.2,0,0,738591.574978142,0,0,0
115274.151438508,40,2456.8,2513.6,2266.8,0,0,738591.574978605,0,0,0
115274.191437574,40,2395.6,2634.8,2408.2,0,0,738591.574979068,0,0,0
115274.231436641,40,2270.4,2671.2,2660,0,0,738591.574979531,0,0,0
115274.271435707,40,2158.2,2500.6,2856.8,0,0,738591.574979994,0,0,0
115274.311434773,40,2082.6,2304.4,2758.4,0,0,738591.574980457,0,0,0
115274.35143384,40,2047.2,2190.2,2484,0,0,738591.574980919,0,0,0
115274.391432906,40,2036,2141.8,2314.4,0,0,738591.574981382,0,0,0
115274.431431973,40,2034.8,2141.4,2295.2,0,0,738591.574981845,0,0,0
115274.471431039,40,2042.8,2161,2363.4,0,0,738591.574982308,0,0,0
115274.511430105,40,2058,2205.6,2490.8,0,0,738591.574982771,0,0,0
115274.551429172,40,2082,2288.2,2648.6,0,0,738591.574983234,0,0,0
115274.591428238,40,2132.2,2416.4,2726.4,0,0,738591.574983697,0,0,0
115274.631427305,40,2208.8,2541,2659.8,0,0,738591.57498416,0,0,0
115274.671426371,40,2304.2,2609.4,2511,0,0,738591.574984623,0,0,0
115274.711425437,40,2386.8,2571.4,2368.2,0,0,738591.574985086,0,0,0
115274.751424504,40,2439.2,2494,2269.6,0,0,738591.574985549,0,0,0
115274.79142357,40,2450,2429.4,2212,0,0,738591.574986012,0,0,0
115274.831422637,40,2445,2378.6,2188.6,0,0,738591.574986475,0,0,0
115274.871421703,40,2446.8,2375.2,2180.4,0,0,738591.574986938,0,0,0
115274.911420769,40,2461.6,2414.2,2199.4,0,0,738591.574987401,0,0,0
115274.951419836,40,2460.8,2474.6,2236.6,0,0,738591.574987864,0,0,0
115274.991418902,40,2444.8,2556.8,2305,0,0,738591.574988327,0,0,0
115275.031417969,40,2380.4,2651.2,2440,0,0,738591.57498879,0,0,0
115275.071417035,40,2269.2,2668.8,2660.4,0,0,738591.574989253,0,0,0
115275.111416101,40,2154,2506.6,2855,0,0,738591.574989716,0,0,0
115275.151415168,40,2092.4,2325.2,2780.4,0,0,738591.574990179,0,0,0
115275.191414234,40,2051.4,2208.2,2538.4,0,0,738591.574990642,0,0,0
115275.231413301,40,2039.8,2163.6,2391.2,0,0,738591.574991104,0,0,0
115275.271412367,40,2046.2,2171.4,2399.8,0,0,738591.574991567,0,0,0
115275.311411433,40,2054.2,2205,2481.4,0,0,738591.57499203,0,0,0
115275.3514105,40,2073.4,2264.4,2592.6,0,0,738591.574992493,0,0,0
115275.391409566,40,2102.8,2342.8,2694.8,0,0,738591.574992956,0,0,0
115275.431408633,40,2147.8,2447.8,2717.6,0,0,738591.574993419,0,0,0
115275.471407699,40,2210,2543,2655.2,0,0,738591.574993882,0,0,0
115275.511406765,40,2281.8,2599,2531.6,0,0,738591.574994345,0,0,0
115275.551405832,40,2352,2580.8,2405.8,0,0,738591.574994808,0,0,0
115275.591404898,40,2402.2,2528.8,2317,0,0,738591.574995271,0,0,0
115275.631403965,40,2427.8,2466,2248,0,0,738591.574995734,0,0,0
115275.671403031,40,2430.6,2406,2214.2,0,0,738591.574996197,0,0,0
115275.711402097,40,2426.4,2376.8,2193.6,0,0,738591.57499666,0,0,0
115275.751401164,40,2405.8,2368.4,2187.4,0,0,738591.574997123,0,0,0
115275.79140023,40,2415.4,2390.6,2201,0,0,738591.574997586,0,0,0
115275.831399297,40,2433,2435.2,2229.4,0,0,738591.574998049,0,0,0
115275.871398363,40,2432.8,2510.2,2283,0,0,738591.574998512,0,0,0
115275.911397429,40,2398.8,2607.6,2386.2,0,0,738591.574998975,0,0,0
115275.951396496,40,2298.2,2654,2562.4,0,0,738591.574999438,0,0,0
115275.991395562,40,2195.6,2561,2765.4,0,0,738591.574999901,0,0,0
115276.031394629,40,2118.4,2388.4,2797,0,0,738591.575000364,0,0,0
115276.071393695,40,2072,2259.6,2630.4,0,0,738591.575000827,0,0,0
115276.111392761,40,2051.8,2193.4,2452.8,0,0,738591.575001289,0,0,0
115276.151391828,40,2043.2,2161.2,2368,0,0,738591.575001752,0,0,0
115276.191390894,40,2041.2,2172,2401.8,0,0,738591.575002215,0,0,0
115276.231389961,40,2059,2213,2506.2,0,0,738591.575002678,0,0,0
115276.271389027,40,2079.8,2283,2655.4,0,0,738591.575003141,0,0,0
115276.311388093,40,2132.2,2413.8,2759.6,0,0,738591.575003604,0,0,0
115276.35138716,40,2209,2559.8,2700.2,0,0,738591.575004067,0,0,0
115276.391386226,40,2305.2,2625.2,2529.4,0,0,738591.57500453,0,0,0
115276.431385293,40,2389.2,2591.2,2376.4,0,0,738591.575004993,0,0,0
115276.471384359,40,2439.6,2505.2,2274.4,0,0,738591.575005456,0,0,0
115276.511383425,40,2448.6,2432.2,2221,0,0,738591.575005919,0,0,0
115276.551382492,40,2430.2,2394.2,2196,0,0,738591.575006382,0,0,0
115276.591381558,40,2422,2388.6,2198.8,0,0,738591.575006845,0,0,0
115276.631380625,40,2413.6,2426.4,2235.4,0,0,738591.575007308,0,0,0
115276.671379691,40,2400.4,2503.6,2300.4,0,0,738591.575007771,0,0,0
115276.711378757,40,2340.2,2583.4,2434.2,0,0,738591.575008234,0,0,0
115276.751377824,40,2229.4,2566.8,2617.8,0,0,738591.575008697,0,0,0
115276.79137689,40,2135.2,2414.4,2726.2,0,0,738591.57500916,0,0,0
115276.831375957,40,2080.6,2266.4,2601.4,0,0,738591.575009622,0,0,0
115276.871375023,40,2047.2,2168.2,2390.2,0,0,738591.575010085,0,0,0
115276.911374089,40,2029.2,2121.2,2248.4,0,0,738591.575010548,0,0,0
115276.951373156,40,2024.2,2107.8,2190.4,0,0,738591.575011011,0,0,0
115276.991372222,40,2028.8,2111.4,2191.2,0,0,738591.575011474,0,0,0
115277.031371289,40,2029.2,2121.2,2260,0,0,738591.575011937,0,0,0
115277.071370355,40,2046,2172.8,2414.2,0,0,738591.5750124,0,0,0
115277.111369421,40,2080,2279.8,2664.6,0,0,738591.575012863,0,0,0
115277.151368488,40,2145.4,2457.8,2778.6,0,0,738591.575013326,0,0,0
115277.191367554,40,2258.2,2607.2,2606.6,0,0,738591.575013789,0,0,0
115277.231366621,40,2374.6,2585.2,2392.2,0,0,738591.575014252,0,0,0
115277.271365687,40,2426.6,2471,2264,0,0,738591.575014715,0,0,0
115277.311364753,40,2419.8,2377.8,2196.4,0,0,738591.575015178,0,0,0
115277.35136382,40,2391.8,2339.8,2167.2,0,0,738591.575015641,0,0,0
115277.391362886,40,2402.4,2352,2178.2,0,0,738591.575016104,0,0,0
115277.431361953,40,2422.4,2392.2,2204.6,0,0,738591.575016567,0,0,0
115277.471361019,40,2426.8,2474,2261,0,0,738591.57501703,0,0,0
115277.511360085,40,2372.6,2557,2370.8,0,0,738591.575017493,0,0,0
115277.551359152,40,2274.6,2588.4,2536.2,0,0,738591.575017956,0,0,0
115277.591358218,40,2170,2481.2,2697.6,0,0,738591.575018419,0,0,0
115277.631357285,40,2096.2,2318.6,2682,0,0,738591.575018882,0,0,0
115277.671356351,40,2055.6,2198.6,2486.8,0,0,738591.575019345,0,0,0
115277.711355417,40,2033.2,2142.2,2306,0,0,738591.575019808,0,0,0
115277.751354484,40,2026,2114.4,2210.6,0,0,738591.57502027,0,0,0
115277.79135355,40,2025.4,2109,2194,0,0,738591.575020733,0,0,0
115277.831352617,40,2025.4,2118.6,2238.6,0,0,738591.575021196,0,0,0
115277.871351683,40,2036,2150.6,2361,0,0,738591.575021659,0,0,0
115277.911350749,40,2063.8,2238.4,2603.6,0,0,738591.575022122,0,0,0
115277.951349816,40,2113,2397.2,2828.8,0,0,738591.575022585,0,0,0
115277.991348882,40,2213.8,2587.4,2734.8,0,0,738591.575023048,0,0,0
115278.031347949,40,2340.4,2642.4,2488.2,0,0,738591.575023511,0,0,0
115278.071347015,40,2420.2,2541,2312,0,0,738591.575023974,0,0,0
115278.111346081,40,2443.6,2420.6,2218,0,0,738591.575024437,0,0,0
115278.151345148,40,2406.6,2337.2,2169.2,0,0,738591.5750249,0,0,0
115278.191344214,40,2376,2309.2,2159.2,0,0,738591.575025363,0,0,0
115278.231343281,40,2399.8,2336.2,2172.4,0,0,738591.575025826,0,0,0
115278.271342347,40,2424.4,2405,2212.4,0,0,738591.575026289,0,0,0
115278.311341413,40,2416,2490.2,2285.4,0,0,738591.575026752,0,0,0
115278.35134048,40,2341,2568.6,2412.6,0,0,738591.575027215,0,0,0
115278.391339546,40,2241.2,2560.6,2594.2,0,0,738591.575027678,0,0,0
115278.431338613,40,2143.6,2433.2,2716.8,0,0,738591.575028141,0,0,0
115278.471337679,40,2080.6,2281.4,2642.8,0,0,738591.575028604,0,0,0
115278.511336745,40,2045.8,2187.4,2443.4,0,0,738591.575029067,0,0,0
115278.551335812,40,2035.2,2134.6,2287.8,0,0,738591.57502953,0,0,0
115278.591334878,40,2025.8,2110.8,2214.6,0,0,738591.575029992,0,0,0
115278.631333945,40,2028.4,2110.4,2206,0,0,738591.575030455,0,0,0
115278.671333011,40,2032.8,2131.2,2271,0,0,738591.575030918,0,0,0
115278.711332077,40,2045,2170.8,2411.4,0,0,738591.575031381,0,0,0
115278.751331144,40,2072.4,2260,2653.2,0,0,738591.575031844,0,0,0
115278.79133021,40,2122.2,2420.4,2829.4,0,0,738591.575032307,0,0,0
115278.831329277,40,2220.2,2590.4,2698.2,0,0,738591.57503277,0,0,0
115278.871328343,40,2334,2628.4,2478,0,0,738591.575033233,0,0,0
115278.911327409,40,2411.8,2542,2322,0,0,738591.575033696,0,0,0
115278.951326476,40,2427.8,2433.8,2229.4,0,0,738591.575034159,0,0,0
115278.991325542,40,2403.6,2366,2182.8,0,0,738591.575034622,0,0,0
115279.031324609,40,2389.8,2334.6,2168.2,0,0,738591.575035085,0,0,0
115279.071323675,40,2410,2362.8,2189,0,0,738591.575035548,0,0,0
115279.111322741,40,2420,2435.4,2234.8,0,0,738591.575036011,0,0,0
115279.151321808,40,2389.2,2517.6,2323,0,0,738591.575036474,0,0,0
115279.191320874,40,2312.2,2580.6,2461,0,0,738591.575036937,0,0,0
115279.231319941,40,2212,2539.4,2656.4,0,0,738591.5750374,0,0,0
115279.271319007,40,2119,2383.8,2730.4,0,0,738591.575037863,0,0,0
115279.311318073,40,2065.2,2242.6,2592.6,0,0,738591.575038326,0,0,0
115279.35131714,40,2043.8,2167.8,2389,0,0,738591.575038788,0,0,0
115279.391316206,40,2030.2,2120.2,2253.6,0,0,738591.575039251,0,0,0
115279.431315273,40,2027.2,2108.6,2204.2,0,0,738591.575039714,0,0,0
115279.471314339,40,2025.4,2119.8,2231.8,0,0,738591.575040177,0,0,0
115279.511313405,40,2036.2,2139.6,2320.6,0,0,738591.57504064,0,0,0
115279.551312472,40,2053,2197.2,2503.6,0,0,738591.575041103,0,0,0
115279.591311538,40,2088.4,2312.4,2763.2,0,0,738591.575041566,0,0,0
115279.631310605,40,2158.4,2503.8,2833.8,0,0,738591.575042029,0,0,0
115279.671309671,40,2269.6,2647.2,2631.8,0,0,738591.575042492,0,0,0
115279.711308737,40,2379.6,2613.4,2408.8,0,0,738591.575042955,0,0,0
115279.751307804,40,2445,2507.4,2273.8,0,0,738591.575043418,0,0,0
115279.79130687,40,2443.4,2404.4,2200.6,0,0,738591.575043881,0,0,0
115279.831305937,40,2411.4,2345.2,2168.2,0,0,738591.575044344,0,0,0
115279.871305003,40,2384.4,2331.8,2172.8,0,0,738591.575044807,0,0,0
115279.911304069,40,2405.6,2368.6,2190.2,0,0,738591.57504527,0,0,0
115279.951303136,40,2429.8,2454.6,2241.6,0,0,738591.575045733,0,0,0
115279.991302202,40,2395,2549.4,2343.6,0,0,738591.575046196,0,0,0
115280.031301269,40,2299.2,2596,2501,0,0,738591.575046659,0,0,0
115280.071300335,40,2189.6,2510,2674.6,0,0,738591.575047122,0,0,0
115280.111299401,40,2109.6,2357.2,2701.8,0,0,738591.575047585,0,0,0
115280.151298468,40,2070.6,2237,2550.6,0,0,738591.575048048,0,0,0
115280.191297534,40,2042,2167,2373.8,0,0,738591.575048511,0,0,0
115280.231296601,40,2033.6,2129.8,2261,0,0,738591.575048973,0,0,0
115280.271295667,40,2023.4,2119.8,2239.8,0,0,738591.575049436,0,0,0
115280.311294733,40,2031.6,2143.2,2299,0,0,738591.575049899,0,0,0
115280.3512938,40,2046.2,2182.2,2443.2,0,0,738591.575050362,0,0,0
115280.391292866,40,2080.2,2286.8,2690.8,0,0,738591.575050825,0,0,0
115280.431291933,40,2141.8,2461,2820,0,0,738591.575051288,0,0,0
115280.471290999,40,2246,2625,2662,0,0,738591.575051751,0,0,0
115280.511290065,40,2362.8,2626.6,2430.8,0,0,738591.575052214,0,0,0
115280.551289132,40,2436.6,2520.2,2288.2,0,0,738591.575052677,0,0,0
115280.591288198,40,2449.8,2415.8,2212.4,0,0,738591.57505314,0,0,0
115280.631287265,40,2413.6,2349.8,2174.8,0,0,738591.575053603,0,0,0
115280.671286331,40,2384,2333.4,2173.2,0,0,738591.575054066,0,0,0
115280.711285397,40,2404.2,2364.4,2185.2,0,0,738591.575054529,0,0,0
115280.751284464,40,2431.2,2441.6,2230.8,0,0,738591.575054992,0,0,0
115280.79128353,40,2404.2,2539,2327.2,0,0,738591.575055455,0,0,0
115280.831282597,40,2314.8,2588.8,2479.8,0,0,738591.575055918,0,0,0
115280.871281663,40,2208.4,2534.4,2651,0,0,738591.575056381,0,0,0
115280.911280729,40,2122.2,2377.4,2701.6,0,0,738591.575056844,0,0,0
115280.951279796,40,2072.4,2248,2563.8,0,0,738591.575057307,0,0,0
115280.991278862,40,2041.4,2174.2,2386.4,0,0,738591.57505777,0,0,0
115281.031277929,40,2032.8,2130.4,2268.8,0,0,738591.575058233,0,0,0
115281.071276995,40,2026.8,2117,2233.8,0,0,738591.575058696,0,0,0
115281.111276061,40,2037.2,2135.4,2282.8,0,0,738591.575059158,0,0,0
115281.151275128,40,2045.2,2171.8,2407,0,0,738591.575059621,0,0,0
115281.191274194,40,2071.4,2267.2,2629,0,0,738591.575060084,0,0,0
115281.231273261,40,2131.2,2425.4,2808,0,0,738591.575060547,0,0,0
115281.271272327,40,2223,2594.2,2714.2,0,0,738591.57506101,0,0,0
115281.311271393,40,2339,2648.2,2492.8,0,0,738591.575061473,0,0,0
115281.35127046,40,2427.8,2565.6,2325,0,0,738591.575061936,0,0,0
115281.391269526,40,2453.6,2458,2230.6,0,0,738591.575062399,0,0,0
115281.431268593,40,2445,2385.2,2185.4,0,0,738591.575062862,0,0,0
115281.471267659,40,2409.2,2344.8,2170.4,0,0,738591.575063325,0,0,0
115281.511266725,40,2395.2,2355.2,2182,0,0,738591.575063788,0,0,0
115281.551265792,40,2413.6,2399.2,2215.6,0,0,738591.575064251,0,0,0
115281.591264858,40,2412.2,2493.8,2285,0,0,738591.575064714,0,0,0
115281.631263925,40,2348.8,2592.4,2420.6,0,0,738591.575065177,0,0,0
115281.671262991,40,2243.8,2570,2596.8,0,0,738591.57506564,0,0,0
115281.711262057,40,2147.6,2439.4,2712.6,0,0,738591.575066103,0,0,0
115281.751261124,40,2089.8,2296,2639.4,0,0,738591.575066566,0,0,0
115281.79126019,40,2054,2198.6,2461.4,0,0,738591.575067029,0,0,0
115281.831259257,40,2041.4,2147,2315.8,0,0,738591.575067492,0,0,0
115281.871258323,40,2030.2,2119.6,2237,0,0,738591.575067954,0,0,0
115281.911257389,40,2029.8,2122.6,2230.6,0,0,738591.575068417,0,0,0
115281.951256456,40,2038,2144,2310.2,0,0,738591.57506888,0,0,0
115281.991255522,40,2048.8,2195.6,2465.2,0,0,738591.575069343,0,0,0
115282.031254589,40,2085.6,2298.4,2692.4,0,0,738591.575069806,0,0,0
115282.071253655,40,2146.4,2469.2,2820.8,0,0,738591.575070269,0,0,0
115282.111252721,40,2248.4,2627.2,2669.8,0,0,738591.575070732,0,0,0
115282.151251788,40,2357,2642.4,2458.6,0,0,738591.575071195,0,0,0
115282.191250854,40,2441.2,2551.2,2306.4,0,0,738591.575071658,0,0,0
115282.231249921,40,2452.8,2445.6,2224,0,0,738591.575072121,0,0,0
115282.271248987,40,2439.8,2376,2180,0,0,738591.575072584,0,0,0
115282.311248053,40,2417,2351.8,2173.4,0,0,738591.575073047,0,0,0
115282.35124712,40,2401.8,2375.4,2194.6,0,0,738591.57507351,0,0,0
115282.391246186,40,2412.2,2432.8,2237.8,0,0,738591.575073973,0,0,0
115282.431245253,40,2403.2,2544.2,2334.8,0,0,738591.575074436,0,0,0
115282.471244319,40,2314.2,2611,2496.4,0,0,738591.575074899,0,0,0
115282.511243385,40,2203.4,2540,2670.8,0,0,738591.575075362,0,0,0
115282.551242452,40,2123,2379.4,2701,0,0,738591.575075825,0,0,0
115282.591241518,40,2076.8,2256.4,2579.6,0,0,738591.575076288,0,0,0
115282.631240585,40,2045,2175.2,2399.8,0,0,738591.575076751,0,0,0
115282.671239651,40,2031.4,2133.2,2271.8,0,0,738591.575077214,0,0,0
115282.711238717,40,2027.2,2114,2214.6,0,0,738591.575077677,0,0,0
115282.751237784,40,2028.4,2117.6,2222.4,0,0,738591.575078139,0,0,0
115282.79123685,40,2038,2142.2,2289.6,0,0,738591.575078602,0,0,0
115282.831235917,40,2049.4,2188.6,2437.8,0,0,738591.575079065,0,0,0
115282.871234983,40,2083.6,2286.8,2659.6,0,0,738591.575079528,0,0,0
115282.911234049,40,2145.6,2444.6,2756.8,0,0,738591.575079991,0,0,0
115282.951233116,40,2237.2,2590.8,2636.2,0,0,738591.575080454,0,0,0
115282.991232182,40,2346,2611.2,2442.6,0,0,738591.575080917,0,0,0
115283.031231249,40,2407,2526,2312.6,0,0,738591.57508138,0,0,0
115283.071230315,40,2423.2,2431.6,2237.2,0,0,738591.575081843,0,0,0
115283.111229381,40,2416.4,2371.4,2191.4,0,0,738591.575082306,0,0,0
115283.151228448,40,2395.2,2355.6,2185.2,0,0,738591.575082769,0,0,0
115283.191227514,40,2405,2389.8,2208.2,0,0,738591.575083232,0,0,0
115283.231226581,40,2422.2,2449.6,2251,0,0,738591.575083695,0,0,0
115283.271225647,40,2385,2525.8,2331.2,0,0,738591.575084158,0,0,0
115283.311224713,40,2308.6,2572,2469.8,0,0,738591.575084621,0,0,0
115283.35122378,40,2210.2,2524.6,2630.4,0,0,738591.575085084,0,0,0
115283.391222846,40,2128,2390.2,2697.4,0,0,738591.575085547,0,0,0
115283.431221913,40,2081.4,2261.6,2583.8,0,0,738591.57508601,0,0,0
115283.471220979,40,2047.6,2177.2,2411.6,0,0,738591.575086473,0,0,0
115283.511220045,40,2032.2,2135.8,2281.2,0,0,738591.575086936,0,0,0
115283.551219112,40,2026.8,2114.8,2218.4,0,0,738591.575087399,0,0,0
115283.591218178,40,2029.4,2114.8,2221.4,0,0,738591.575087862,0,0,0
115283.631217245,40,2032.8,2137,2297.2,0,0,738591.575088324,0,0,0
115283.671216311,40,2051.4,2191.4,2460.4,0,0,738591.575088787,0,0,0
115283.711215377,40,2079,2294.6,2712.4,0,0,738591.57508925,0,0,0
115283.751214444,40,2146,2468.6,2835.4,0,0,738591.575089713,0,0,0
115283.79121351,40,2237.8,2625.8,2679,0,0,738591.575090176,0,0,0
115283.831212577,40,2354.2,2645.4,2462,0,0,738591.575090639,0,0,0
115283.871211643,40,2435.8,2563,2311.8,0,0,738591.575091102,0,0,0
115283.911210709,40,2457.8,2457.2,2229.2,0,0,738591.575091565,0,0,0
115283.951209776,40,2452.4,2393.6,2189.6,0,0,738591.575092028,0,0,0
115283.991208842,40,2438,2372.6,2177.2,0,0,738591.575092491,0,0,0
115284.031207909,40,2410.2,2381.4,2202,0,0,738591.575092954,0,0,0
115284.071206975,40,2409.2,2423.4,2229.8,0,0,738591.575093417,0,0,0
115284.111206041,40,2405,2519.4,2308.8,0,0,738591.57509388,0,0,0
115284.151205108,40,2338.4,2604,2458.6,0,0,738591.575094343,0,0,0
115284.191204174,40,2225.6,2582.4,2652.4,0,0,738591.575094806,0,0,0
115284.231203241,40,2135.2,2418.6,2743,0,0,738591.575095269,0,0,0
115284.271202307,40,2076.4,2266,2611,0,0,738591.575095732,0,0,0
115284.311201373,40,2048.8,2179.8,2409.4,0,0,738591.575096195,0,0,0
115284.35120044,40,2032.6,2130.8,2268,0,0,738591.575096658,0,0,0
115284.391199506,40,2024.2,2106.4,2193,0,0,738591.57509712,0,0,0
115284.431198573,40,2025.6,2108.8,2198.6,0,0,738591.575097583,0,0,0
115284.471197639,40,2035.8,2123.8,2250.6,0,0,738591.575098046,0,0,0
115284.511196705,40,2036.4,2161,2378,0,0,738591.575098509,0,0,0
115284.551195772,40,2063,2241,2611.8,0,0,738591.575098972,0,0,0
115284.591194838,40,2112.8,2392.8,2816.6,0,0,738591.575099435,0,0,0
115284.631193905,40,2198.6,2566,2749,0,0,738591.575099898,0,0,0
115284.671192971,40,2302.4,2641.8,2544.8,0,0,738591.575100361,0,0,0
115284.711192037,40,2396.6,2591.4,2373.8,0,0,738591.575100824,0,0,0
115284.751191104,40,2437.4,2494.6,2267.6,0,0,738591.575101287,0,0,0
115284.79119017,40,2438.2,2417.4,2214.6,0,0,738591.57510175,0,0,0
115284.831189237,40,2409.4,2372.6,2193.8,0,0,738591.575102213,0,0,0
115284.871188303,40,2398.4,2371.6,2195.4,0,0,738591.575102676,0,0,0
115284.911187369,40,2418,2426.2,2234.2,0,0,738591.575103139,0,0,0
115284.951186436,40,2406.2,2501.2,2290.2,0,0,738591.575103602,0,0,0
115284.991185502,40,2349.2,2563,2403.6,0,0,738591.575104065,0,0,0
115285.031184569,40,2255.8,2557.6,2547.4,0,0,738591.575104528,0,0,0
115285.071183635,40,2167,2466.4,2671.2,0,0,738591.575104991,0,0,0
115285.111182701,40,2104.4,2329.2,2661.4,0,0,738591.575105454,0,0,0
115285.151181768,40,2064.2,2227,2518.2,0,0,738591.575105917,0,0,0
115285.191180834,40,2041.6,2160.6,2362.6,0,0,738591.57510638,0,0,0
115285.231179901,40,2030.6,2128.8,2261.4,0,0,738591.575106843,0,0,0
115285.271178967,40,2031.4,2125.4,2246.8,0,0,738591.575107305,0,0,0
115285.311178033,40,2041.8,2143,2291.8,0,0,738591.575107768,0,0,0
115285.3511771,40,2050.2,2184.2,2420.8,0,0,738591.575108231,0,0,0
115285.391176166,40,2079.8,2273.4,2639.6,0,0,738591.575108694,0,0,0
115285.431175233,40,2127,2429.2,2818.2,0,0,738591.575109157,0,0,0
115285.471174299,40,2219.4,2599.4,2720,0,0,738591.57510962,0,0,0
115285.511173365,40,2336.8,2654.6,2504.4,0,0,738591.575110083,0,0,0
115285.551172432,40,2425.8,2578.8,2334.8,0,0,738591.575110546,0,0,0
115285.591171498,40,2459,2466.2,2239.6,0,0,738591.575111009,0,0,0
115285.631170565,40,2451,2392.8,2189.2,0,0,738591.575111472,0,0,0
115285.671169631,40,2434.4,2355.4,2171.6,0,0,738591.575111935,0,0,0
115285.711168697,40,2417.8,2357.4,2176.8,0,0,738591.575112398,0,0,0
115285.751167764,40,2401.8,2382.8,2206.8,0,0,738591.575112861,0,0,0
115285.79116683,40,2409.8,2441,2248.2,0,0,738591.575113324,0,0,0
115285.831165897,40,2395.6,2549.2,2346,0,0,738591.575113787,0,0,0
115285.871164963,40,2311.6,2620.8,2510,0,0,738591.57511425,0,0,0
115285.911164029,40,2200.8,2558,2708.8,0,0,738591.575114713,0,0,0
115285.951163096,40,2118.4,2394.4,2772.6,0,0,738591.575115176,0,0,0
115285.991162162,40,2073,2256.4,2604.8,0,0,738591.575115639,0,0,0
115286.031161229,40,2046.4,2172.2,2401.4,0,0,738591.575116102,0,0,0
115286.071160295,40,2031.8,2132.6,2269.6,0,0,738591.575116565,0,0,0
115286.111159361,40,2024.2,2110.8,2213.4,0,0,738591.575117028,0,0,0
115286.151158428,40,2026.2,2113.6,2209.4,0,0,738591.57511749,0,0,0
115286.191157494,40,2032.6,2138.2,2279.4,0,0,738591.575117953,0,0,0
115286.231156561,40,2041.8,2172.8,2417,0,0,738591.575118416,0,0,0
115286.271155627,40,2072.2,2260.2,2655.2,0,0,738591.575118879,0,0,0
115286.311154693,40,2121.2,2415.8,2844.4,0,0,738591.575119342,0,0,0
115286.35115376,40,2208,2591.4,2768,0,0,738591.575119805,0,0,0
115286.391152826,40,2316,2655.4,2543.2,0,0,738591.575120268,0,0,0
115286.431151893,40,2403.2,2597.8,2368.2,0,0,738591.575120731,0,0,0
115286.471150959,40,2446.2,2500.2,2266,0,0,738591.575121194,0,0,0
115286.511150025,40,2447.4,2429.8,2213.8,0,0,738591.575121657,0,0,0
115286.551149092,40,2421.2,2380.8,2193.8,0,0,738591.57512212,0,0,0
115286.591148158,40,2402.6,2381.2,2196.6,0,0,738591.575122583,0,0,0
115286.631147225,40,2416.8,2431,2234.2,0,0,738591.575123046,0,0,0
115286.671146291,40,2404.2,2503.2,2293.4,0,0,738591.575123509,0,0,0
115286.711145357,40,2345.6,2572.8,2409.6,0,0,738591.575123972,0,0,0
115286.751144424,40,2250.4,2556.8,2564.6,0,0,738591.575124435,0,0,0
115286.79114349,40,2157,2445,2679.8,0,0,738591.575124898,0,0,0
115286.831142557,40,2089,2301.2,2642,0,0,738591.575125361,0,0,0
115286.871141623,40,2055.6,2202,2466.8,0,0,738591.575125823,0,0,0
115286.911140689,40,2034.6,2137.8,2309.6,0,0,738591.575126286,0,0,0
115286.951139756,40,2028.6,2116,2227.8,0,0,738591.575126749,0,0,0
115286.991138822,40,2028.2,2116,2221.2,0,0,738591.575127212,0,0,0
115287.031137889,40,2029,2130.4,2265.2,0,0,738591.575127675,0,0,0
115287.071136955,40,2046,2168.8,2385.6,0,0,738591.575128138,0,0,0
115287.111136021,40,2064,2235.6,2576.2,0,0,738591.575128601,0,0,0
115287.151135088,40,2101.6,2353.4,2776,0,0,738591.575129064,0,0,0
115287.191134154,40,2165.6,2514.8,2824.2,0,0,738591.575129527,0,0,0
115287.231133221,40,2252.6,2644.6,2673.2,0,0,738591.57512999,0,0,0
115287.271132287,40,2341.8,2665,2495.4,0,0,738591.575130453,0,0,0
115287.311131353,40,2414.4,2609.4,2364,0,0,738591.575130916,0,0,0
115287.35113042,40,2443.6,2538.6,2292.6,0,0,738591.575131379,0,0,0
115287.391129486,40,2449.4,2504.6,2266.6,0,0,738591.575131842,0,0,0
115287.431128553,40,2433.4,2509.4,2282,0,0,738591.575132305,0,0,0
115287.471127619,40,2412.8,2525,2309.8,0,0,738591.575132768,0,0,0
115287.511126685,40,2365.8,2535,2352.4,0,0,738591.575133231,0,0,0
115287.551125752,40,2316.4,2559.8,2439,0,0,738591.575133694,0,0,0
115287.591124818,40,2247.6,2575.6,2568.2,0,0,738591.575134157,0,0,0
115287.631123885,40,2169.8,2499.8,2730.4,0,0,738591.57513462,0,0,0
115287.671122951,40,2112.6,2365.6,2762,0,0,738591.575135083,0,0,0
115287.711122017,40,2068,2247,2605.6,0,0,738591.575135546,0,0,0
115287.751121084,40,2048.6,2177.6,2421.2,0,0,738591.575136008,0,0,0
115287.79112015,40,2035.2,2146.2,2327,0,0,738591.575136471,0,0,0
115287.831119217,40,2041.4,2158,2345.8,0,0,738591.575136934,0,0,0
115287.871118283,40,2051.2,2188.8,2431.6,0,0,738591.575137397,0,0,0
115287.911117349,40,2070.6,2246.4,2563.6,0,0,738591.57513786,0,0,0
115287.951116416,40,2111,2347.6,2692.6,0,0,738591.575138323,0,0,0
115287.991115482,40,2160.8,2471.4,2710.4,0,0,738591.575138786,0,0,0
115288.031114549,40,2234.2,2566.6,2613.8,0,0,738591.575139249,0,0,0
115288.071113615,40,2314.2,2614,2496.4,0,0,738591.575139712,0,0,0
115288.111112681,40,2387.2,2586,2373.4,0,0,738591.575140175,0,0,0
115288.151111748,40,2433.2,2513.4,2288.2,0,0,738591.575140638,0,0,0
115288.191110814,40,2454.2,2460.6,2236,0,0,738591.575141101,0,0,0
115288.231109881,40,2463,2420,2203.8,0,0,738591.575141564,0,0,0
115288.271108947,40,2460.2,2403,2190.6,0,0,738591.575142027,0,0,0
115288.311108013,40,2459.6,2401.2,2192.4,0,0,738591.57514249,0,0,0
115288.35110708,40,2466,2447,2220.2,0,0,738591.575142953,0,0,0
115288.391106146,40,2468.6,2498,2253,0,0,738591.575143416,0,0,0
115288.431105213,40,2438,2576.2,2324,0,0,738591.575143879,0,0,0
115288.471104279,40,2373.2,2664.8,2461.2,0,0,738591.575144342,0,0,0
115288.511103345,40,2263,2660.4,2672.8,0,0,738591.575144805,0,0,0
115288.551102412,40,2159,2516.8,2865.2,0,0,738591.575145268,0,0,0
115288.591101478,40,2091.2,2331,2798.4,0,0,738591.575145731,0,0,0
115288.631100545,40,2057,2220.8,2560.6,0,0,738591.575146193,0,0,0
115288.671099611,40,2043,2168.4,2409.6,0,0,738591.575146656,0,0,0
115288.711098677,40,2044,2167,2394.8,0,0,738591.575147119,0,0,0
115288.751097744,40,2051.8,2201.8,2486.4,0,0,738591.575147582,0,0,0
115288.79109681,40,2076.6,2266.4,2605.8,0,0,738591.575148045,0,0,0
115288.831095877,40,2116,2365.6,2697,0,0,738591.575148508,0,0,0
115288.871094943,40,2177.2,2492,2685,0,0,738591.575148971,0,0,0
115288.911094009,40,2262.8,2576.4,2550.6,0,0,738591.575149434,0,0,0
115288.951093076,40,2354.6,2585.2,2405,0,0,738591.575149897,0,0,0
115288.991092142,40,2425.2,2520.8,2294.8,0,0,738591.57515036,0,0,0
115289.031091209,40,2453.6,2441.2,2225,0,0,738591.575150823,0,0,0
115289.071090275,40,2446,2375.2,2181,0,0,738591.575151286,0,0,0
115289.111089341,40,2438.2,2347,2161,0,0,738591.575151749,0,0,0
115289.151088408,40,2438.6,2344,2161.2,0,0,738591.575152212,0,0,0
115289.191087474,40,2453,2383.4,2180.8,0,0,738591.575152675,0,0,0
115289.231086541,40,2464.2,2437,2213.8,0,0,738591.575153138,0,0,0
115289.271085607,40,2449.8,2526.4,2285.6,0,0,738591.575153601,0,0,0
115289.311084673,40,2387,2634.4,2416,0,0,738591.575154064,0,0,0
115289.35108374,40,2281.4,2663.2,2617.8,0,0,738591.575154527,0,0,0
115289.391082806,40,2174,2537.8,2819,0,0,738591.575154989,0,0,0
115289.431081873,40,2099.8,2355,2796.2,0,0,738591.575155452,0,0,0
115289.471080939,40,2064.8,2233.8,2590.2,0,0,738591.575155915,0,0,0
115289.511080005,40,2043,2171.2,2413.4,0,0,738591.575156378,0,0,0
115289.551079072,40,2041.2,2168.8,2388.8,0,0,738591.575156841,0,0,0
115289.591078138,40,2053.8,2201.6,2480,0,0,738591.575157304,0,0,0
115289.631077205,40,2078,2268.2,2609,0,0,738591.575157767,0,0,0
115289.671076271,40,2116.6,2376.4,2713.4,0,0,738591.57515823,0,0,0
115289.711075337,40,2180.4,2509.4,2700,0,0,738591.575158693,0,0,0
115289.751074404,40,2272.8,2606.8,2563.2,0,0,738591.575159156,0,0,0
115289.79107347,40,2365.8,2599.2,2409.2,0,0,738591.575159619,0,0,0
115289.831072537,40,2425.8,2532.4,2300.2,0,0,738591.575160082,0,0,0
115289.871071603,40,2448.2,2456.8,2236,0,0,738591.575160545,0,0,0
115289.911070669,40,2452.6,2410.4,2197.8,0,0,738591.575161008,0,0,0
115289.951069736,40,2448.8,2384.4,2180.8,0,0,738591.575161471,0,0,0
115289.991068802,40,2461.6,2392.2,2186,0,0,738591.575161934,0,0,0
115290.031067869,40,2458.6,2428,2207,0,0,738591.575162397,0,0,0
115290.071066935,40,2461.8,2478.8,2241,0,0,738591.57516286,0,0,0
115290.111066001,40,2444.8,2549,2300.6,0,0,738591.575163323,0,0,0
115290.151065068,40,2389.2,2634.6,2412.6,0,0,738591.575163786,0,0,0
115290.191064134,40,2302.2,2668,2586.8,0,0,738591.575164249,0,0,0
115290.231063201,40,2199.4,2577.8,2782.6,0,0,738591.575164712,0,0,0
115290.271062267,40,2120,2407.8,2835.8,0,0,738591.575165174,0,0,0
115290.311061333,40,2071.2,2268.6,2662.6,0,0,738591.575165637,0,0,0
115290.3510604,40,2046.6,2181.2,2449,0,0,738591.5751661,0,0,0
115290.391059466,40,2038,2144.4,2330,0,0,738591.575166563,0,0,0
115290.431058533,40,2036.8,2150,2339.8,0,0,738591.575167026,0,0,0
115290.471057599,40,2049.4,2185.6,2427.8,0,0,738591.575167489,0,0,0
115290.511056665,40,2067,2247.2,2592.2,0,0,738591.575167952,0,0,0
115290.551055732,40,2104.4,2367.8,2755.2,0,0,738591.575168415,0,0,0
115290.591054798,40,2173.6,2516.8,2762.6,0,0,738591.575168878,0,0,0
115290.631053865,40,2263.6,2625.8,2618.4,0,0,738591.575169341,0,0,0
115290.671052931,40,2358.8,2629.2,2434.4,0,0,738591.575169804,0,0,0
115290.711051997,40,2434.4,2552.4,2313.6,0,0,738591.575170267,0,0,0
115290.751051064,40,2460,2467,2227,0,0,738591.57517073,0,0,0
115290.79105013,40,2463.2,2401.6,2191.4,0,0,738591.575171193,0,0,0
115290.831049197,40,2447.8,2370.4,2176.4,0,0,738591.575171656,0,0,0
115290.871048263,40,2453.4,2386.6,2185.8,0,0,738591.575172119,0,0,0
115290.911047329,40,2461.6,2440.2,2217.2,0,0,738591.575172582,0,0,0
115290.951046396,40,2454.4,2523,2266.8,0,0,738591.575173045,0,0,0
115290.991045462,40,2407.2,2614.4,2370,0,0,738591.575173508,0,0,0
115291.031044529,40,2317.2,2668.8,2540.2,0,0,738591.575173971,0,0,0
115291.071043595,40,2206.4,2595,2760,0,0,738591.575174434,0,0,0
115291.111042661,40,2127.6,2424.6,2839,0,0,738591.575174897,0,0,0
115291.151041728,40,2074.4,2282,2693.4,0,0,738591.575175359,0,0,0
115291.191040794,40,2050.2,2199.2,2490.8,0,0,738591.575175822,0,0,0
115291.231039861,40,2044.8,2154.8,2363.6,0,0,738591.575176285,0,0,0
115291.271038927,40,2039.8,2154.6,2371.4,0,0,738591.575176748,0,0,0
115291.311037993,40,2051.2,2194.6,2463.6,0,0,738591.575177211,0,0,0
115291.35103706,40,2074.8,2262.4,2607.8,0,0,738591.575177674,0,0,0
115291.391036126,40,2114.8,2370.2,2724,0,0,738591.575178137,0,0,0
115291.431035193,40,2181,2504.4,2709.4,0,0,738591.5751786,0,0,0
115291.471034259,40,2267.6,2602.2,2577.4,0,0,738591.575179063,0,0,0
115291.511033325,40,2358.4,2605.2,2424.2,0,0,738591.575179526,0,0,0
115291.551032392,40,2418.4,2541.2,2311.2,0,0,738591.575179989,0,0,0
115291.591031458,40,2447.4,2461.4,2244.2,0,0,738591.575180452,0,0,0
115291.631030525,40,2454.2,2406,2197.6,0,0,738591.575180915,0,0,0
115291.671029591,40,2448,2378,2177.2,0,0,738591.575181378,0,0,0
115291.711028657,40,2453.8,2392.4,2183.6,0,0,738591.575181841,0,0,0
115291.751027724,40,2462,2445,2217.2,0,0,738591.575182304,0,0,0
115291.79102679,40,2452.2,2516.6,2272,0,0,738591.575182767,0,0,0
115291.831025857,40,2416.8,2608.4,2369.4,0,0,738591.57518323,0,0,0
115291.871024923,40,2324,2667.4,2532.6,0,0,738591.575183693,0,0,0
115291.911023989,40,2219.6,2611.8,2743.6,0,0,738591.575184155,0,0,0
115291.951023056,40,2133.2,2451.2,2850.2,0,0,738591.575184618,0,0,0
115291.991022122,40,2081.2,2292.8,2724.8,0,0,738591.575185081,0,0,0
115292.031021189,40,2052,2203,2506.4,0,0,738591.575185544,0,0,0
115292.071020255,40,2040,2156.8,2354.6,0,0,738591.575186007,0,0,0
115292.111019321,40,2041.8,2156.8,2343.8,0,0,738591.57518647,0,0,0
115292.151018388,40,2047,2182.8,2421.8,0,0,738591.575186933,0,0,0
115292.191017454,40,2067,2238.6,2560,0,0,738591.575187396,0,0,0
115292.231016521,40,2105.8,2339,2693.2,0,0,738591.575187859,0,0,0
115292.271015587,40,2164.8,2479.2,2726.6,0,0,738591.575188322,0,0,0
115292.311014653,40,2250,2583.6,2603.2,0,0,738591.575188785,0,0,0
115292.35101372,40,2350.6,2610.2,2446.6,0,0,738591.575189248,0,0,0
115292.391012786,40,2420.4,2551.4,2319.6,0,0,738591.575189711,0,0,0
115292.431011853,40,2451,2470.2,2244.2,0,0,738591.575190174,0,0,0
115292.471010919,40,2456.4,2405.2,2197.8,0,0,738591.575190637,0,0,0
115292.511009985,40,2452.6,2377,2179.8,0,0,738591.5751911,0,0,0
115292.551009052,40,2450.8,2389.2,2182.2,0,0,738591.575191563,0,0,0
115292.591008118,40,2465.6,2435,2210,0,0,738591.575192026,0,0,0
115292.631007185,40,2457.2,2499.8,2258.6,0,0,738591.575192489,0,0,0
115292.671006251,40,2420.4,2595.6,2350.4,0,0,738591.575192952,0,0,0
115292.711005317,40,2347.2,2663.8,2501.2,0,0,738591.575193415,0,0,0
115292.751004384,40,2240.4,2635.8,2708.2,0,0,738591.575193878,0,0,0
115292.79100345,40,2147.6,2475.8,2841.2,0,0,738591.57519434,0,0,0
115292.831002517,40,2086.2,2310.8,2755.4,0,0,738591.575194803,0,0,0
115292.871001583,40,2053.4,2210.4,2531,0,0,738591.575195266,0,0,0
115292.911000649,40,2043.6,2160.8,2361.6,0,0,738591.575195729,0,0,0
115292.950999716,40,2037.6,2145.6,2326,0,0,738591.575196192,0,0,0
115292.990998782,40,2044.6,2169.6,2390.8,0,0,738591.575196655,0,0,0
115293.030997849,40,2062.2,2223.8,2520.2,0,0,738591.575197118,0,0,0
115293.070996915,40,2093.4,2306.8,2668.6,0,0,738591.575197581,0,0,0
115293.110995981,40,2144.6,2433.6,2739.8,0,0,738591.575198044,0,0,0
115293.150995048,40,2220.8,2558,2657.4,0,0,738591.575198507,0,0,0
115293.190994114,40,2311.2,2616.2,2498.6,0,0,738591.57519897,0,0,0
115293.230993181,40,2394.8,2585.8,2364.2,0,0,738591.575199433,0,0,0
115293.270992247,40,2441.4,2500,2269.2,0,0,738591.575199896,0,0,0
115293.310991313,40,2458.4,2431.6,2210.4,0,0,738591.575200359,0,0,0
115293.35099038,40,2453,2388,2184.8,0,0,738591.575200822,0,0,0
115293.390989446,40,2445.8,2371.2,2169.8,0,0,738591.575201285,0,0,0
115293.430988513,40,2460.8,2410,2195.2,0,0,738591.575201748,0,0,0
115293.470987579,40,2465.8,2464.4,2231.4,0,0,738591.575202211,0,0,0
115293.510986645,40,2450.4,2545.8,2299.2,0,0,738591.575202674,0,0,0
115293.550985712,40,2389.2,2644.8,2418.6,0,0,738591.575203137,0,0,0
115293.590984778,40,2287.6,2662.2,2604.8,0,0,738591.5752036,0,0,0
115293.630983845,40,2192.4,2562.2,2800,0,0,738591.575204063,0,0,0
115293.670982911,40,2114.6,2399,2841.6,0,0,738591.575204525,0,0,0
115293.710981977,40,2070.2,2265.6,2673,0,0,738591.575204988,0,0,0
115293.750981044,40,2045.8,2189,2477.2,0,0,738591.575205451,0,0,0
115293.79098011,40,2039.4,2154.4,2349.2,0,0,738591.575205914,0,0,0
115293.830979177,40,2039.4,2157.6,2346.8,0,0,738591.575206377,0,0,0
115293.870978243,40,2046,2177,2421.8,0,0,738591.57520684,0,0,0
115293.910977309,40,2065.2,2233.8,2529.6,0,0,738591.575207303,0,0,0
115293.950976376,40,2102.2,2329.2,2656.6,0,0,738591.575207766,0,0,0
115293.990975442,40,2159.4,2453.8,2692.2,0,0,738591.575208229,0,0,0
115294.030974509,40,2232.4,2567.6,2614,0,0,738591.575208692,0,0,0
115294.070973575,40,2326.2,2610,2472.6,0,0,738591.575209155,0,0,0
115294.110972641,40,2404.6,2570.4,2348,0,0,738591.575209618,0,0,0
115294.150971708,40,2448,2504.8,2268.2,0,0,738591.575210081,0,0,0
115294.190970774,40,2460.8,2443.8,2219.6,0,0,738591.575210544,0,0,0
115294.230969841,40,2460.6,2417,2196.2,0,0,738591.575211007,0,0,0
115294.270968907,40,2465.4,2419.4,2202.6,0,0,738591.57521147,0,0,0
115294.310967973,40,2464.2,2447.4,2222.4,0,0,738591.575211933,0,0,0
115294.35096704,40,2456,2501.2,2260.6,0,0,738591.575212396,0,0,0
115294.390966106,40,2435.6,2571.4,2327.2,0,0,738591.575212859,0,0,0
115294.430965173,40,2377.8,2652.2,2443.6,0,0,738591.575213321,0,0,0
115294.470964239,40,2286,2662.8,2619.6,0,0,738591.575213784,0,0,0
115294.510963305,40,2183.2,2555.6,2806.8,0,0,738591.575214247,0,0,0
115294.550962372,40,2116,2395.8,2836.8,0,0,738591.57521471,0,0,0
115294.590961438,40,2076.2,2269.8,2674.4,0,0,738591.575215173,0,0,0
115294.630960505,40,2051.8,2203.6,2489.2,0,0,738591.575215636,0,0,0
115294.670959571,40,2042.4,2170.6,2401.4,0,0,738591.575216099,0,0,0
115294.710958637,40,2048.4,2194.6,2441,0,0,738591.575216562,0,0,0
115294.750957704,40,2067.4,2237.6,2536.4,0,0,738591.575217025,0,0,0
115294.79095677,40,2100.2,2319.2,2646.6,0,0,738591.575217488,0,0,0
115294.830955837,40,2147,2440.4,2692.8,0,0,738591.575217951,0,0,0
115294.870954903,40,2224.8,2556.4,2619.6,0,0,738591.575218414,0,0,0
115294.910953969,40,2319.2,2616.4,2479.6,0,0,738591.575218877,0,0,0
115294.950953036,40,2402,2570.6,2343.2,0,0,738591.57521934,0,0,0
115294.990952102,40,2442.2,2490.8,2259.2,0,0,738591.575219803,0,0,0
115295.030951169,40,2458.4,2422.6,2198.4,0,0,738591.575220266,0,0,0
115295.070950235,40,2454.4,2385.2,2182.6,0,0,738591.575220729,0,0,0
115295.110949301,40,2452,2378.8,2181,0,0,738591.575221192,0,0,0
115295.150948368,40,2460.4,2414.6,2195.8,0,0,738591.575221655,0,0,0
115295.190947434,40,2464.6,2461.8,2228.8,0,0,738591.575222118,0,0,0
115295.230946501,40,2447,2544.8,2297,0,0,738591.575222581,0,0,0
115295.270945567,40,2387.2,2643.2,2422.6,0,0,738591.575223043,0,0,0
115295.310944633,40,2278.8,2658.8,2624.4,0,0,738591.575223506,0,0,0
115295.3509437,40,2178,2537.6,2821.4,0,0,738591.575223969,0,0,0
115295.390942766,40,2102.2,2354.6,2802.2,0,0,738591.575224432,0,0,0
115295.430941833,40,2065.2,2226.8,2576.8,0,0,738591.575224895,0,0,0
115295.470940899,40,2043.6,2175,2396.4,0,0,738591.575225358,0,0,0
115295.510939965,40,2038,2145.4,2313.6,0,0,738591.575225821,0,0,0
115295.550939032,40,2045.8,2163.8,2346.8,0,0,738591.575226284,0,0,0
115295.590938098,40,2053.4,2196.4,2442.8,0,0,738591.575226747,0,0,0
115295.630937165,40,2073.4,2264,2595.6,0,0,738591.57522721,0,0,0
115295.670936231,40,2122,2380.6,2727.6,0,0,738591.575227673,0,0,0
115295.710935297,40,2184.2,2520.2,2715.6,0,0,738591.575228136,0,0,0
115295.750934364,40,2277,2623.4,2585.4,0,0,738591.575228599,0,0,0
115295.79093343,40,2368.2,2625.8,2422.4,0,0,738591.575229062,0,0,0
115295.830932497,40,2437.6,2548.2,2305.8,0,0,738591.575229525,0,0,0
115295.870931563,40,2459.6,2464.4,2231.6,0,0,738591.575229988,0,0,0
115295.910930629,40,2464.8,2401.6,2189.8,0,0,738591.575230451,0,0,0
115295.950929696,40,2447.8,2376.2,2173.6,0,0,738591.575230914,0,0,0
115295.990928762,40,2458.8,2390.6,2185.2,0,0,738591.575231377,0,0,0
115296.030927829,40,2464.2,2453.4,2222.8,0,0,738591.57523184,0,0,0
115296.070926895,40,2453.6,2526,2281,0,0,738591.575232303,0,0,0
115296.110925961,40,2400.4,2625.8,2389,0,0,738591.575232766,0,0,0
115296.150925028,40,2309.6,2663.8,2558.4,0,0,738591.575233228,0,0,0
115296.190924094,40,2211.6,2595,2762,0,0,738591.575233691,0,0,0
115296.230923161,40,2123.6,2427.8,2850.8,0,0,738591.575234154,0,0,0
115296.270922227,40,2078.4,2287.2,2710,0,0,738591.575234617,0,0,0
115296.310921293,40,2052.6,2202.4,2507,0,0,738591.57523508,0,0,0
115296.35092036,40,2041.2,2156.4,2367.8,0,0,738591.575235543,0,0,0
115296.390919426,40,2039,2153.4,2339.2,0,0,738591.575236006,0,0,0
115296.430918493,40,2043.8,2172.8,2389.4,0,0,738591.575236469,0,0,0
115296.470917559,40,2062.2,2218.8,2498,0,0,738591.575236932,0,0,0
115296.510916625,40,2087.8,2289.2,2627.4,0,0,738591.575237395,0,0,0
115296.550915692,40,2136.4,2412,2708.4,0,0,738591.575237858,0,0,0
115296.590914758,40,2204.2,2530.6,2665.6,0,0,738591.575238321,0,0,0
115296.630913825,40,2294,2609.2,2528.4,0,0,738591.575238784,0,0,0
115296.670912891,40,2378,2594,2389,0,0,738591.575239247,0,0,0
115296.710911957,40,2435.6,2526.8,2289.6,0,0,738591.57523971,0,0,0
115296.750911024,40,2460.4,2454.2,2228.2,0,0,738591.575240173,0,0,0
115296.79091009,40,2455.6,2400.8,2192,0,0,738591.575240636,0,0,0
115296.830909157,40,2457.2,2388.6,2182,0,0,738591.575241099,0,0,0
115296.870908223,40,2462,2415.6,2202.2,0,0,738591.575241562,0,0,0
115296.910907289,40,2461.6,2474,2237.8,0,0,738591.575242024,0,0,0
115296.950906356,40,2440.6,2566.8,2316.4,0,0,738591.575242487,0,0,0
115296.990905422,40,2373.4,2644.8,2440.8,0,0,738591.57524295,0,0,0
115297.030904489,40,2271,2658,2629.4,0,0,738591.575243413,0,0,0
115297.070903555,40,2182.4,2540.4,2802.8,0,0,738591.575243876,0,0,0
115297.110902621,40,2114.6,2378.2,2816,0,0,738591.575244339,0,0,0
115297.150901688,40,2073,2256.6,2636.8,0,0,738591.575244802,0,0,0
115297.190900754,40,2047.6,2191,2461.2,0,0,738591.575245265,0,0,0
115297.230899821,40,2041,2157.6,2351.2,0,0,738591.575245728,0,0,0
115297.270898887,40,2043,2159.6,2353.2,0,0,738591.575246191,0,0,0
115297.310897953,40,2049.6,2179.2,2427.8,0,0,738591.575246654,0,0,0
115297.35089702,40,2070.4,2238.6,2549.2,0,0,738591.575247117,0,0,0
115297.390896086,40,2104.4,2335.6,2672.4,0,0,738591.57524758,0,0,0
115297.430895153,40,2160.4,2464,2708.8,0,0,738591.575248043,0,0,0
115297.470894219,40,2239,2576,2612,0,0,738591.575248506,0,0,0
115297.510893285,40,2335,2612,2462.8,0,0,738591.575248969,0,0,0
115297.550892352,40,2413.8,2566.2,2339.4,0,0,738591.575249432,0,0,0
115297.590891418,40,2447.6,2483.6,2251.4,0,0,738591.575249895,0,0,0
115297.630890485,40,2460.2,2420.4,2206,0,0,738591.575250358,0,0,0
115297.670889551,40,2453.4,2389.6,2181.8,0,0,738591.575250821,0,0,0
115297.710888617,40,2456.2,2397.2,2187.6,0,0,738591.575251284,0,0,0
115297.750887684,40,2464.6,2448.4,2218.6,0,0,738591.575251747,0,0,0
115297.79088675,40,2454.4,2516,2275.6,0,0,738591.575252209,0,0,0
115297.830885817,40,2412,2611.2,2374.6,0,0,738591.575252672,0,0,0
115297.870884883,40,2331.6,2677.6,2528.2,0,0,738591.575253135,0,0,0
115297.910883949,40,2226,2625.2,2737.2,0,0,738591.575253598,0,0,0
115297.950883016,40,2142.8,2462,2849.2,0,0,738591.575254061,0,0,0
115297.990882082,40,2085.4,2305.8,2737,0,0,738591.575254524,0,0,0
115298.030881149,40,2054.2,2209,2525.8,0,0,738591.575254987,0,0,0
115298.070880215,40,2041.8,2163.4,2370.2,0,0,738591.57525545,0,0,0
115298.110879281,40,2034.8,2140.6,2309,0,0,738591.575255913,0,0,0
115298.150878348,40,2040.8,2157.2,2352.4,0,0,738591.575256376,0,0,0
115298.190877414,40,2054.2,2203,2460.6,0,0,738591.575256839,0,0,0
115298.230876481,40,2078.2,2269,2613.6,0,0,738591.575257302,0,0,0
115298.270875547,40,2123.6,2393.8,2734.2,0,0,738591.575257765,0,0,0
115298.310874613,40,2194.4,2542.6,2720,0,0,738591.575258228,0,0,0
115298.35087368,40,2292.4,2637.6,2563.6,0,0,738591.575258691,0,0,0
115298.390872746,40,2376.6,2616,2403.4,0,0,738591.575259154,0,0,0
115298.430871813,40,2446.6,2537.8,2292.2,0,0,738591.575259617,0,0,0
115298.470870879,40,2465.8,2455.4,2224.4,0,0,738591.57526008,0,0,0
115298.510869945,40,2454.6,2394.4,2187.8,0,0,738591.575260543,0,0,0
115298.550869012,40,2454.4,2378.8,2174.6,0,0,738591.575261006,0,0,0
115298.590868078,40,2461.6,2408.2,2196,0,0,738591.575261469,0,0,0
115298.630867145,40,2464.8,2452.8,2225,0,0,738591.575261932,0,0,0
115298.670866211,40,2454.8,2539.8,2281.6,0,0,738591.575262394,0,0,0
115298.710865277,40,2400.2,2624.2,2389.6,0,0,738591.575262857,0,0,0
115298.750864344,40,2310.2,2665.4,2560.4,0,0,738591.57526332,0,0,0
115298.79086341,40,2205.6,2590.2,2763.2,0,0,738591.575263783,0,0,0
115298.830862477,40,2128.2,2428.8,2852,0,0,738591.575264246,0,0,0
115298.870861543,40,2080.8,2284.6,2705.8,0,0,738591.575264709,0,0,0
115298.910860609,40,2052.4,2206.2,2505.4,0,0,738591.575265172,0,0,0
115298.950859676,40,2036.8,2157.2,2364,0,0,738591.575265635,0,0,0
115298.990858742,40,2038.4,2150.2,2336,0,0,738591.575266098,0,0,0
115299.030857809,40,2043.2,2172.8,2393.6,0,0,738591.575266561,0,0,0
115299.070856875,40,2052.6,2213.2,2503.2,0,0,738591.575267024,0,0,0
115299.110855941,40,2084.6,2280.8,2630.8,0,0,738591.575267487,0,0,0
115299.150855008,40,2125.6,2394.8,2722.2,0,0,738591.57526795,0,0,0
115299.190854074,40,2189.8,2525.4,2693.4,0,0,738591.575268413,0,0,0
115299.230853141,40,2273.6,2611.8,2571.8,0,0,738591.575268876,0,0,0
115299.270852207,40,2359.6,2614.2,2426.6,0,0,738591.575269339,0,0,0
115299.310851273,40,2423.8,2552,2321,0,0,738591.575269802,0,0,0
115299.35085034,40,2457,2479.4,2243.2,0,0,738591.575270265,0,0,0
115299.390849406,40,2460.2,2417.8,2200.8,0,0,738591.575270728,0,0,0
115299.430848473,40,2455,2391.2,2179.8,0,0,738591.57527119,0,0,0
115299.470847539,40,2461.6,2415.8,2199.2,0,0,738591.575271653,0,0,0
115299.510846605,40,2460.8,2478.6,2238.2,0,0,738591.575272116,0,0,0
115299.550845672,40,2438.2,2569.8,2321.8,0,0,738591.575272579,0,0,0
115299.590844738,40,2359.8,2658,2466.8,0,0,738591.575273042,0,0,0
115299.630843805,40,2256.6,2655,2685.2,0,0,738591.575273505,0,0,0
115299.670842871,40,2153.2,2506,2855.2,0,0,738591.575273968,0,0,0
115299.710841937,40,2089,2331.4,2778.4,0,0,738591.575274431,0,0,0
115299.750841004,40,2056,2213.6,2548.6,0,0,738591.575274894,0,0,0
115299.79084007,40,2042.4,2161.2,2370.2,0,0,738591.575275357,0,0,0
115299.830839137,40,2036.2,2141.8,2306.2,0,0,738591.57527582,0,0,0
115299.870838203,40,2042.8,2154.4,2345.2,0,0,738591.575276283,0,0,0
115299.910837269,40,2052,2196,2439.6,0,0,738591.575276746,0,0,0
115299.950836336,40,2074.8,2261.4,2594.4,0,0,738591.575277209,0,0,0
115299.990835402,40,2117.4,2379.6,2735.8,0,0,738591.575277672,0,0,0
115300.030834469,40,2184,2528.8,2728.2,0,0,738591.575278135,0,0,0
115300.070833535,40,2274.6,2634,2597.6,0,0,738591.575278598,0,0,0
115300.110832601,40,2374.6,2628,2426,0,0,738591.575279061,0,0,0
115300.150831668,40,2438.4,2550,2306,0,0,738591.575279524,0,0,0
115300.190830734,40,2462.2,2465.6,2231.6,0,0,738591.575279987,0,0,0
115300.230829801,40,2459.8,2409.6,2196.8,0,0,738591.57528045,0,0,0
115300.270828867,40,2455.6,2388.2,2184.6,0,0,738591.575280913,0,0,0
115300.310827933,40,2458.8,2416.8,2199,0,0,738591.575281375,0,0,0
115300.350827,40,2464.4,2472.4,2237.6,0,0,738591.575281838,0,0,0
115300.390826066,40,2441.8,2556.2,2304.4,0,0,738591.575282301,0,0,0
115300.430825133,40,2380,2650.6,2428,0,0,738591.575282764,0,0,0
115300.470824199,40,2285,2670,2623.2,0,0,738591.575283227,0,0,0
115300.510823265,40,2183.4,2562,2815.8,0,0,738591.57528369,0,0,0
115300.550822332,40,2112.2,2385.6,2831.4,0,0,738591.575284153,0,0,0
115300.590821398,40,2067.4,2254,2639.2,0,0,738591.575284616,0,0,0
115300.630820465,40,2048.8,2185.4,2438.8,0,0,738591.575285079,0,0,0
115300.670819531,40,2037,2144.6,2323.6,0,0,738591.575285542,0,0,0
115300.710818597,40,2036.6,2145,2323.8,0,0,738591.575286005,0,0,0
115300.750817664,40,2043.4,2174.2,2405.8,0,0,738591.575286468,0,0,0
115300.79081673,40,2061,2228.8,2553.4,0,0,738591.575286931,0,0,0
115300.830815797,40,2095.6,2329.2,2719.2,0,0,738591.575287394,0,0,0
115300.870814863,40,2156.8,2480.2,2781.4,0,0,738591.575287857,0,0,0
115300.910813929,40,2238.8,2609.8,2662,0,0,738591.57528832,0,0,0
115300.950812996,40,2335.2,2653.2,2498.2,0,0,738591.575288783,0,0,0
115300.990812062,40,2413.4,2593.6,2355.8,0,0,738591.575289246,0,0,0
115301.030811129,40,2450.6,2513,2274.4,0,0,738591.575289709,0,0,0
115301.070810195,40,2459.4,2450.6,2225.6,0,0,738591.575290172,0,0,0
115301.110809261,40,2459.2,2429.2,2205.4,0,0,738591.575290635,0,0,0
115301.150808328,40,2466,2451,2222.2,0,0,738591.575291098,0,0,0
115301.190807394,40,2459.4,2493.8,2251.2,0,0,738591.57529156,0,0,0
115301.230806461,40,2443.4,2556.8,2304.8,0,0,738591.575292023,0,0,0
115301.270805527,40,2397.2,2623.4,2394.4,0,0,738591.575292486,0,0,0
115301.310804593,40,2327,2666.8,2529.2,0,0,738591.575292949,0,0,0
115301.35080366,40,2240.2,2633.8,2717.8,0,0,738591.575293412,0,0,0
115301.390802726,40,2156,2501.8,2841.8,0,0,738591.575293875,0,0,0
115301.430801793,40,2099.2,2348.4,2788,0,0,738591.575294338,0,0,0
115301.470800859,40,2065.6,2244.8,2605.6,0,0,738591.575294801,0,0,0
115301.510799925,40,2048.6,2183.8,2449.6,0,0,738591.575295264,0,0,0
115301.550798992,40,2045.4,2166,2381.8,0,0,738591.575295727,0,0,0
115301.590798058,40,2046.8,2178.4,2413.2,0,0,738591.57529619,0,0,0
115301.630797125,40,2056.4,2208.2,2490.4,0,0,738591.575296653,0,0,0
115301.670796191,40,2079.6,2266.6,2616,0,0,738591.575297116,0,0,0
115301.710795257,40,2107.2,2359.2,2718.6,0,0,738591.575297579,0,0,0
115301.750794324,40,2165.6,2475.8,2731.4,0,0,738591.575298042,0,0,0
115301.79079339,40,2235.2,2578,2642.2,0,0,738591.575298505,0,0,0
115301.830792457,40,2305.6,2607.4,2500.2,0,0,738591.575298968,0,0,0
115301.870791523,40,2373.2,2577.6,2388.6,0,0,738591.575299431,0,0,0
115301.910790589,40,2416.2,2533.8,2307.2,0,0,738591.575299894,0,0,0
115301.950789656,40,2441,2491.8,2268.6,0,0,738591.575300356,0,0,0
115301.990788722,40,2453.6,2478,2249.6,0,0,738591.575300819,0,0,0
115302.030787789,40,2451.6,2502.4,2265.2,0,0,738591.575301282,0,0,0
115302.070786855,40,2442,2558.8,2310.4,0,0,738591.575301745,0,0,0
115302.110785921,40,2406,2638.6,2394.6,0,0,738591.575302208,0,0,0
115302.150784988,40,2331.8,2677.8,2534.2,0,0,738591.575302671,0,0,0
115302.190784054,40,2237,2628.2,2698.8,0,0,738591.575303134,0,0,0
115302.230783121,40,2159.2,2484,2785,0,0,738591.575303597,0,0,0
115302.270782187,40,2107.2,2332.4,2703.2,0,0,738591.57530406,0,0,0
115302.310781253,40,2069.2,2239.8,2542,0,0,738591.575304523,0,0,0
115302.35078032,40,2047,2184.4,2414.6,0,0,738591.575304986,0,0,0
115302.390779386,40,2042.2,2159.8,2368,0,0,738591.575305449,0,0,0
115302.430778453,40,2048.2,2177.2,2403.2,0,0,738591.575305912,0,0,0
115302.470777519,40,2051.6,2200.4,2507.2,0,0,738591.575306375,0,0,0
115302.510776585,40,2074.4,2269.8,2683.6,0,0,738591.575306838,0,0,0
115302.550775652,40,2110.2,2382.6,2806.2,0,0,738591.575307301,0,0,0
115302.590774718,40,2176.2,2535.4,2808,0,0,738591.575307764,0,0,0
115302.630773785,40,2269.4,2645,2631.8,0,0,738591.575308227,0,0,0
115302.670772851,40,2369.8,2638,2438.8,0,0,738591.57530869,0,0,0
115302.710771917,40,2432.4,2543.4,2305.8,0,0,738591.575309153,0,0,0
115302.750770984,40,2451.8,2450,2233.2,0,0,738591.575309616,0,0,0
115302.79077005,40,2451.2,2393.2,2186.2,0,0,738591.575310078,0,0,0
115302.830769117,40,2442.2,2367,2171.4,0,0,738591.575310541,0,0,0
115302.870768183,40,2446.6,2376.6,2182.8,0,0,738591.575311004,0,0,0
115302.910767249,40,2464.8,2423,2202.4,0,0,738591.575311467,0,0,0
115302.950766316,40,2463.8,2492,2252.6,0,0,738591.57531193,0,0,0
115302.990765382,40,2428.2,2578.8,2333.4,0,0,738591.575312393,0,0,0
115303.030764449,40,2352.8,2658.2,2484.8,0,0,738591.575312856,0,0,0
115303.070763515,40,2247.2,2637.6,2693.8,0,0,738591.575313319,0,0,0
115303.110762581,40,2153.8,2494.8,2842.4,0,0,738591.575313782,0,0,0
115303.150761648,40,2099.2,2328.8,2765.6,0,0,738591.575314245,0,0,0
115303.190760714,40,2065,2222.2,2562.8,0,0,738591.575314708,0,0,0
115303.230759781,40,2041.2,2166.6,2393.6,0,0,738591.575315171,0,0,0
115303.270758847,40,2038.8,2152,2346.2,0,0,738591.575315634,0,0,0
115303.310757913,40,2048.2,2176,2406,0,0,738591.575316097,0,0,0
115303.35075698,40,2057.4,2221.2,2536.2,0,0,738591.57531656,0,0,0
115303.390756046,40,2089,2310.2,2682.2,0,0,738591.575317023,0,0,0
115303.430755113,40,2133.4,2430.2,2736.8,0,0,738591.575317486,0,0,0
115303.470754179,40,2217.2,2564.4,2663,0,0,738591.575317949,0,0,0
115303.510753245,40,2309.4,2619.2,2513.6,0,0,738591.575318412,0,0,0
115303.550752312,40,2393.8,2592.6,2369,0,0,738591.575318875,0,0,0
115303.590751378,40,2437.6,2515.2,2279.4,0,0,738591.575319338,0,0,0
115303.630750445,40,2453.6,2449.4,2225.2,0,0,738591.575319801,0,0,0
115303.670749511,40,2456.4,2407,2198.2,0,0,738591.575320263,0,0,0
115303.710748577,40,2457.6,2405.4,2191.6,0,0,738591.575320726,0,0,0
115303.750747644,40,2466.6,2440.8,2214.4,0,0,738591.575321189,0,0,0
115303.79074671,40,2460.2,2498.6,2258.2,0,0,738591.575321652,0,0,0
115303.830745777,40,2424.4,2578.4,2337.6,0,0,738591.575322115,0,0,0
115303.870744843,40,2358.8,2655.6,2471.4,0,0,738591.575322578,0,0,0
115303.910743909,40,2255.6,2664,2676.4,0,0,738591.575323041,0,0,0
115303.950742976,40,2160.2,2521.6,2862,0,0,738591.575323504,0,0,0
115303.990742042,40,2101.6,2352.8,2815.6,0,0,738591.575323967,0,0,0
115304.030741109,40,2063,2236.8,2608.8,0,0,738591.57532443,0,0,0
115304.070740175,40,2047.6,2176.6,2426.4,0,0,738591.575324893,0,0,0
115304.110739241,40,2039.2,2148.2,2339.6,0,0,738591.575325356,0,0,0
115304.150738308,40,2043.8,2162.8,2370.2,0,0,738591.575325819,0,0,0
115304.190737374,40,2057,2197.6,2472.6,0,0,738591.575326282,0,0,0
115304.230736441,40,2076,2263.6,2625,0,0,738591.575326745,0,0,0
115304.270735507,40,2117.4,2380.4,2749.4,0,0,738591.575327208,0,0,0
115304.310734573,40,2184.4,2529.2,2743.4,0,0,738591.575327671,0,0,0
115304.35073364,40,2276.8,2632.4,2597.4,0,0,738591.575328134,0,0,0
115304.390732706,40,2371.2,2628,2432.2,0,0,738591.575328597,0,0,0
115304.430731773,40,2430.4,2558.4,2317.2,0,0,738591.57532906,0,0,0
115304.470730839,40,2456.8,2475.4,2244.6,0,0,738591.575329522,0,0,0
115304.510729905,40,2456.6,2426.6,2211,0,0,738591.575329985,0,0,0
115304.550728972,40,2454.6,2402.6,2194.8,0,0,738591.575330448,0,0,0
115304.590728038,40,2457.8,2430.4,2210,0,0,738591.575330911,0,0,0
115304.630727105,40,2457.8,2484.8,2244.6,0,0,738591.575331374,0,0,0
115304.670726171,40,2438,2562,2311.6,0,0,738591.575331837,0,0,0
115304.710725237,40,2388,2651.2,2426.8,0,0,738591.5753323,0,0,0
115304.750724304,40,2293.8,2683,2613.8,0,0,738591.575332763,0,0,0
115304.79072337,40,2193.4,2577,2808.6,0,0,738591.575333226,0,0,0
115304.830722437,40,2119.2,2403,2853.4,0,0,738591.575333689,0,0,0
115304.870721503,40,2070.2,2266.2,2667.4,0,0,738591.575334152,0,0,0
115304.910720569,40,2053,2188.8,2464.8,0,0,738591.575334615,0,0,0
115304.950719636,40,2039.6,2149,2341.8,0,0,738591.575335078,0,0,0
115304.990718702,40,2039.6,2154,2345.8,0,0,738591.575335541,0,0,0
115305.030717769,40,2050,2187.4,2429.4,0,0,738591.575336004,0,0,0
115305.070716835,40,2068.2,2243.2,2566.6,0,0,738591.575336467,0,0,0
115305.110715901,40,2105.2,2343,2703.6,0,0,738591.57533693,0,0,0
115305.150714968,40,2159.2,2476.6,2750.2,0,0,738591.575337393,0,0,0
115305.190714034,40,2240,2600.2,2644.4,0,0,738591.575337856,0,0,0
115305.230713101,40,2337.8,2631.6,2482.6,0,0,738591.575338319,0,0,0
115305.270712167,40,2414,2580,2344,0,0,738591.575338782,0,0,0
115305.310711233,40,2452.4,2505.6,2264.6,0,0,738591.575339244,0,0,0
115305.3507103,40,2460,2437.8,2218.6,0,0,738591.575339707,0,0,0
115305.390709366,40,2457.6,2408.2,2197,0,0,738591.57534017,0,0,0
115305.430708433,40,2464.8,2417.8,2204.4,0,0,738591.575340633,0,0,0
115305.470707499,40,2467,2470.6,2235.8,0,0,738591.575341096,0,0,0
115305.510706565,40,2451.6,2534.2,2288,0,0,738591.575341559,0,0,0
115305.550705632,40,2399,2617.4,2388.6,0,0,738591.575342022,0,0,0
115305.590704698,40,2320.4,2670.2,2548.4,0,0,738591.575342485,0,0,0
115305.630703765,40,2219.2,2619.4,2768,0,0,738591.575342948,0,0,0
115305.670702831,40,2137.6,2458.4,2864,0,0,738591.575343411,0,0,0
115305.710701897,40,2086.8,2312.4,2763.6,0,0,738591.575343874,0,0,0
115305.750700964,40,2060,2220.4,2561.4,0,0,738591.575344337,0,0,0
115305.79070003,40,2044.6,2168.8,2414.6,0,0,738591.5753448,0,0,0
115305.830699097,40,2044.4,2162.6,2371.6,0,0,738591.575345263,0,0,0
115305.870698163,40,2047.8,2182.2,2431,0,0,738591.575345726,0,0,0
115305.910697229,40,2060.4,2224.6,2545.6,0,0,738591.575346189,0,0,0
115305.950696296,40,2084,2303.8,2683,0,0,738591.575346652,0,0,0
115305.990695362,40,2128.4,2411.2,2774.2,0,0,738591.575347115,0,0,0
115306.030694429,40,2195.6,2544.6,2718.6,0,0,738591.575347578,0,0,0
115306.070693495,40,2278.6,2624.4,2575.4,0,0,738591.575348041,0,0,0
115306.110692561,40,2366.6,2608.8,2415.4,0,0,738591.575348504,0,0,0
115306.150691628,40,2425.8,2539.6,2310.6,0,0,738591.575348967,0,0,0
115306.190690694,40,2449.8,2466.2,2240.8,0,0,738591.575349429,0,0,0
115306.230689761,40,2452.4,2418.6,2203.8,0,0,738591.575349892,0,0,0
115306.270688827,40,2449.6,2404.2,2194.4,0,0,738591.575350355,0,0,0
115306.310687893,40,2456.4,2424.6,2206,0,0,738591.575350818,0,0,0
115306.35068696,40,2462.4,2474.6,2238.8,0,0,738591.575351281,0,0,0
115306.390686026,40,2446.4,2549.8,2302.8,0,0,738591.575351744,0,0,0
115306.430685093,40,2386.6,2633.2,2414.2,0,0,738591.575352207,0,0,0
115306.470684159,40,2292.6,2664.4,2594.2,0,0,738591.57535267,0,0,0
115306.510683225,40,2196.2,2575.8,2779.2,0,0,738591.575353133,0,0,0
115306.550682292,40,2128,2428.6,2857,0,0,738591.575353596,0,0,0
115306.590681358,40,2081.2,2289.6,2730,0,0,738591.575354059,0,0,0
115306.630680425,40,2052.2,2210.8,2545.8,0,0,738591.575354522,0,0,0
115306.670679491,40,2044,2171,2410.2,0,0,738591.575354985,0,0,0
115306.710678557,40,2040.6,2161.2,2386,0,0,738591.575355448,0,0,0
115306.750677624,40,2046.6,2182,2454,0,0,738591.575355911,0,0,0
115306.79067669,40,2059.4,2225.8,2560.8,0,0,738591.575356374,0,0,0
115306.830675757,40,2087.6,2303.2,2686.4,0,0,738591.575356837,0,0,0
115306.870674823,40,2132.6,2418.6,2741.2,0,0,738591.5753573,0,0,0
115306.910673889,40,2193,2527,2683.2,0,0,738591.575357763,0,0,0
115306.950672956,40,2275.6,2594.2,2549.8,0,0,738591.575358225,0,0,0
115306.990672022,40,2349.4,2586.6,2413.4,0,0,738591.575358688,0,0,0
115307.030671089,40,2410.6,2535.2,2319.6,0,0,738591.575359151,0,0,0
115307.070670155,40,2444.2,2476.6,2251.2,0,0,738591.575359614,0,0,0
115307.110669221,40,2456.8,2435.2,2215.2,0,0,738591.575360077,0,0,0
115307.150668288,40,2455.2,2419.2,2203.2,0,0,738591.57536054,0,0,0
115307.190667354,40,2459,2439.2,2213.4,0,0,738591.575361003,0,0,0
115307.230666421,40,2461,2489.8,2248.6,0,0,738591.575361466,0,0,0
115307.270665487,40,2443,2548,2298.2,0,0,738591.575361929,0,0,0
115307.310664553,40,2397,2626.4,2395.8,0,0,738591.575362392,0,0,0
115307.35066362,40,2314.4,2676.4,2557.4,0,0,738591.575362855,0,0,0
115307.390662686,40,2207.6,2600.2,2770.6,0,0,738591.575363318,0,0,0
115307.430661753,40,2127.2,2432.6,2853.4,0,0,738591.575363781,0,0,0
115307.470660819,40,2082.4,2293,2724.8,0,0,738591.575364244,0,0,0
115307.510659885,40,2057.2,2211.6,2541.2,0,0,738591.575364707,0,0,0
115307.550658952,40,2049.4,2190.6,2456.8,0,0,738591.57536517,0,0,0
115307.590658018,40,2057.2,2209.4,2491.4,0,0,738591.575365633,0,0,0
115307.630657085,40,2067.8,2246.6,2560,0,0,738591.575366096,0,0,0
115307.670656151,40,2088.4,2305.8,2636.8,0,0,738591.575366559,0,0,0
115307.710655217,40,2124.4,2382,2697.4,0,0,738591.575367022,0,0,0
115307.750654284,40,2178.2,2493.2,2688.8,0,0,738591.575367485,0,0,0
115307.79065335,40,2247,2579.6,2598.6,0,0,738591.575367948,0,0,0
115307.830652417,40,2330.6,2609.2,2469.6,0,0,738591.57536841,0,0,0
115307.870651483,40,2396.8,2565.8,2348.8,0,0,738591.575368873,0,0,0
115307.910650549,40,2431.2,2483.4,2265.8,0,0,738591.575369336,0,0,0
115307.950649616,40,2431,2416.8,2213.8,0,0,738591.575369799,0,0,0
115307.990648682,40,2416,2368.6,2183.8,0,0,738591.575370262,0,0,0
115308.030647749,40,2400.4,2339.4,2169.2,0,0,738591.575370725,0,0,0
115308.070646815,40,2394.6,2342.4,2172,0,0,738591.575371188,0,0,0
115308.110645881,40,2412.2,2361,2185.6,0,0,738591.575371651,0,0,0
115308.150644948,40,2418.4,2398.2,2203.4,0,0,738591.575372114,0,0,0
115308.190644014,40,2437,2465,2249.8,0,0,738591.575372577,0,0,0
115308.230643081,40,2410.4,2575,2349.4,0,0,738591.57537304,0,0,0
115308.270642147,40,2323.8,2649.4,2524,0,0,738591.575373503,0,0,0
115308.310641213,40,2210.4,2588.8,2753.2,0,0,738591.575373966,0,0,0
115308.35064028,40,2122.2,2417,2840.6,0,0,738591.575374429,0,0,0
115308.390639346,40,2072.6,2281,2697.2,0,0,738591.575374892,0,0,0
115308.430638413,40,2049.8,2198.6,2506,0,0,738591.575375355,0,0,0
115308.470637479,40,2039.8,2163.6,2388.8,0,0,738591.575375818,0,0,0
115308.510636545,40,2041.8,2161.8,2388.2,0,0,738591.575376281,0,0,0
115308.550635612,40,2053.2,2189.8,2459,0,0,738591.575376744,0,0,0
115308.590634678,40,2069.6,2247.6,2593,0,0,738591.575377207,0,0,0
115308.630633745,40,2102.6,2340.8,2726.2,0,0,738591.57537767,0,0,0
115308.670632811,40,2156,2469.8,2755.6,0,0,738591.575378133,0,0,0
115308.710631877,40,2226.2,2579,2647.6,0,0,738591.575378595,0,0,0
115308.750630944,40,2305.6,2605.6,2492.8,0,0,738591.575379058,0,0,0
115308.79063001,40,2381.8,2576.4,2374,0,0,738591.575379521,0,0,0
115308.830629077,40,2413.6,2507,2292.2,0,0,738591.575379984,0,0,0
115308.870628143,40,2428,2465.2,2253.6,0,0,738591.575380447,0,0,0
115308.910627209,40,2424.2,2446.8,2246.6,0,0,738591.57538091,0,0,0
115308.950626276,40,2413,2466.2,2262,0,0,738591.575381373,0,0,0
115308.990625342,40,2385.6,2494.4,2295.8,0,0,738591.575381836,0,0,0
115309.030624409,40,2360.4,2546.2,2365.8,0,0,738591.575382299,0,0,0
115309.070623475,40,2302.2,2584.4,2492.4,0,0,738591.575382762,0,0,0
115309.110622541,40,2207.4,2539.8,2655,0,0,738591.575383225,0,0,0
115309.150621608,40,2125.4,2403.4,2731,0,0,738591.575383688,0,0,0
115309.190620674,40,2077.2,2259.8,2604,0,0,738591.575384151,0,0,0
115309.230619741,40,2046.6,2177.2,2401.4,0,0,738591.575384614,0,0,0
115309.270618807,40,2034.2,2129,2266.4,0,0,738591.575385077,0,0,0
115309.310617873,40,2024.8,2109.2,2199.4,0,0,738591.57538554,0,0,0
115309.35061694,40,2028.4,2111,2207.8,0,0,738591.575386003,0,0,0
115309.390616006,40,2028.4,2126.8,2259.8,0,0,738591.575386466,0,0,0
115309.430615073,40,2034.8,2147.8,2351,0,0,738591.575386929,0,0,0
115309.470614139,40,2049.6,2199.6,2508,0,0,738591.575387391,0,0,0
115309.510613205,40,2075.4,2273,2680.6,0,0,738591.575387854,0,0,0
115309.550612272,40,2105.6,2367.8,2806,0,0,738591.575388317,0,0,0
115309.590611338,40,2141.2,2458,2826,0,0,738591.57538878,0,0,0
115309.630610405,40,2173.8,2518.4,2805,0,0,738591.575389243,0,0,0
115309.670609471,40,2197.2,2561.6,2754.8,0,0,738591.575389706,0,0,0
115309.710608537,40,2201,2568.8,2726.4,0,0,738591.575390169,0,0,0
115309.750607604,40,2202.8,2565.8,2709,0,0,738591.575390632,0,0,0
115309.79060667,40,2197.6,2540.4,2709.4,0,0,738591.575391095,0,0,0
115309.830605737,40,2187.8,2525,2698.8,0,0,738591.575391558,0,0,0
115309.870604803,40,2188.8,2523.8,2704.6,0,0,738591.575392021,0,0,0
115309.910603869,40,2188.8,2519.2,2718.8,0,0,738591.575392484,0,0,0
115309.950602936,40,2186.6,2523,2742.6,0,0,738591.575392947,0,0,0
115309.990602002,40,2182.2,2526.8,2757.8,0,0,738591.57539341,0,0,0
115310.030601069,40,2180.2,2525.4,2773.8,0,0,738591.575393873,0,0,0
115310.070600135,40,2172,2525.2,2796.4,0,0,738591.575394336,0,0,0
115310.110599201,40,2169.8,2513.6,2797.8,0,0,738591.575394799,0,0,0
115310.150598268,40,2166.4,2509.4,2810.2,0,0,738591.575395262,0,0,0
115310.190597334,40,2162.4,2501.8,2807.8,0,0,738591.575395725,0,0,0
115310.230596401,40,2160.6,2497.6,2814.8,0,0,738591.575396188,0,0,0
115310.270595467,40,2155.8,2492,2806.2,0,0,738591.575396651,0,0,0
115310.310594533,40,2157.4,2481.4,2797.2,0,0,738591.575397113,0,0,0
115310.3505936,40,2151,2467.4,2791.6,0,0,738591.575397576,0,0,0
115310.390592666,40,2145.4,2455,2775,0,0,738591.575398039,0,0,0
115310.430591733,40,2141,2451.8,2777.2,0,0,738591.575398502,0,0,0
115310.470590799,40,2141.6,2444.8,2770,0,0,738591.575398965,0,0,0
115310.510589865,40,2138.6,2439,2772,0,0,738591.575399428,0,0,0
115310.550588932,40,2135.6,2433.6,2786.2,0,0,738591.575399891,0,0,0
115310.590587998,40,2131.8,2430.4,2795.8,0,0,738591.575400354,0,0,0
115310.630587065,40,2133,2431.2,2805.2,0,0,738591.575400817,0,0,0
115310.670586131,40,2126,2423.8,2801.4,0,0,738591.57540128,0,0,0
115310.710585197,40,2125.8,2418.4,2809.4,0,0,738591.575401743,0,0,0
115310.750584264,40,2120.6,2408.2,2810.4,0,0,738591.575402206,0,0,0
115310.79058333,40,2120.2,2405,2804.4,0,0,738591.575402669,0,0,0
115310.830582397,40,2120,2400.4,2801.8,0,0,738591.575403132,0,0,0
115310.870581463,40,2117.6,2392.8,2793.2,0,0,738591.575403595,0,0,0
115310.910580529,40,2116.6,2390.6,2794.4,0,0,738591.575404058,0,0,0
115310.950579596,40,2109.6,2377,2781.8,0,0,738591.575404521,0,0,0
115310.990578662,40,2108.8,2376.6,2770.8,0,0,738591.575404984,0,0,0
115311.030577729,40,2108.2,2366.4,2762.2,0,0,738591.575405447,0,0,0
115311.070576795,40,2102.4,2361.8,2762.4,0,0,738591.57540591,0,0,0
115311.110575861,40,2107.4,2353.8,2761.8,0,0,738591.575406373,0,0,0
115311.150574928,40,2103.2,2350.2,2755.6,0,0,738591.575406836,0,0,0
115311.190573994,40,2099.2,2342.8,2757,0,0,738591.575407298,0,0,0
115311.230573061,40,2098.6,2343.6,2756.6,0,0,738591.575407761,0,0,0
115311.270572127,40,2096.6,2331.6,2753.6,0,0,738591.575408224,0,0,0
115311.310571193,40,2095.2,2332.4,2750.2,0,0,738591.575408687,0,0,0
115311.35057026,40,2093.2,2325.4,2746,0,0,738591.57540915,0,0,0
115311.390569326,40,2091,2321.2,2741.4,0,0,738591.575409613,0,0,0
115311.430568393,40,2091.8,2317.4,2737.2,0,0,738591.575410076,0,0,0
115311.470567459,40,2088,2315.4,2728.6,0,0,738591.575410539,0,0,0
115311.510566525,40,2085,2307.8,2717.6,0,0,738591.575411002,0,0,0
115311.550565592,40,2087.8,2303,2709,0,0,738591.575411465,0,0,0
115311.590564658,40,2082,2294.6,2699.8,0,0,738591.575411928,0,0,0
115311.630563725,40,2085.2,2291.4,2688.8,0,0,738591.575412391,0,0,0
115311.670562791,40,2083.8,2292.2,2679.8,0,0,738591.575412854,0,0,0
115311.710561857,40,2081.6,2282.6,2672.8,0,0,738591.575413317,0,0,0
115311.750560924,40,2082.4,2279.8,2665.8,0,0,738591.57541378,0,0,0
115311.79055999,40,2074.4,2273.6,2659.8,0,0,738591.575414243,0,0,0
115311.830559057,40,2077.4,2271,2652.8,0,0,738591.575414706,0,0,0
115311.870558123,40,2072.2,2267.8,2649,0,0,738591.575415169,0,0,0
115311.910557189,40,2075.4,2262.6,2645.8,0,0,738591.575415632,0,0,0
115311.950556256,40,2075.8,2260.8,2634.8,0,0,738591.575416095,0,0,0
115311.990555322,40,2070.2,2252,2629.8,0,0,738591.575416557,0,0,0
115312.030554389,40,2071,2252.2,2625.4,0,0,738591.57541702,0,0,0
115312.070553455,40,2069.6,2250.8,2615.6,0,0,738591.575417483,0,0,0
115312.110552521,40,2065.8,2247.8,2608,0,0,738591.575417946,0,0,0
115312.150551588,40,2067.4,2241.8,2601.2,0,0,738591.575418409,0,0,0
115312.190550654,40,2065.2,2239.4,2594.2,0,0,738591.575418872,0,0,0
115312.230549721,40,2063.6,2235.6,2585.8,0,0,738591.575419335,0,0,0
115312.270548787,40,2061,2226.2,2577.4,0,0,738591.575419798,0,0,0
115312.310547853,40,2064.4,2228.8,2570.6,0,0,738591.575420261,0,0,0
115312.35054692,40,2062.6,2226.4,2558.8,0,0,738591.575420724,0,0,0
115312.390545986,40,2060,2223,2555.2,0,0,738591.575421187,0,0,0
115312.430545053,40,2054.6,2220,2542.6,0,0,738591.57542165,0,0,0
115312.470544119,40,2055,2212.8,2535,0,0,738591.575422113,0,0,0
115312.510543185,40,2057.2,2212.2,2530.6,0,0,738591.575422576,0,0,0
115312.550542252,40,2053.2,2212.6,2519.2,0,0,738591.575423039,0,0,0
115312.590541318,40,2054,2209.8,2519.8,0,0,738591.575423502,0,0,0
115312.630540385,40,2056,2203.6,2513,0,0,738591.575423965,0,0,0
115312.670539451,40,2053.8,2204,2503.2,0,0,738591.575424428,0,0,0
115312.710538517,40,2051,2197,2496,0,0,738591.575424891,0,0,0
115312.750537584,40,2052.6,2192.8,2487.4,0,0,738591.575425354,0,0,0
115312.79053665,40,2051.2,2195.2,2477.6,0,0,738591.575425817,0,0,0
115312.830535717,40,2053.2,2190.4,2467.2,0,0,738591.575426279,0,0,0
115312.870534783,40,2048.2,2186.4,2463.2,0,0,738591.575426742,0,0,0
115312.910533849,40,2050.4,2182,2461.2,0,0,738591.575427205,0,0,0
115312.950532916,40,2047,2183.2,2447.8,0,0,738591.575427668,0,0,0
115312.990531982,40,2045.8,2183.4,2444.6,0,0,738591.575428131,0,0,0
115313.030531049,40,2045,2176.8,2430.4,0,0,738591.575428594,0,0,0
115313.070530115,40,2045.2,2174,2427.6,0,0,738591.575429057,0,0,0
115313.110529181,40,2045.2,2174.4,2420.4,0,0,738591.57542952,0,0,0
115313.150528248,40,2041.8,2170.4,2418.8,0,0,738591.575429983,0,0,0
115313.190527314,40,2045.2,2170.6,2408,0,0,738591.575430446,0,0,0
115313.230526381,40,2046.6,2163.8,2401,0,0,738591.575430909,0,0,0
115313.270525447,40,2042.4,2162.4,2396.2,0,0,738591.575431372,0,0,0
115313.310524513,40,2042.8,2160.2,2392,0,0,738591.575431835,0,0,0
115313.35052358,40,2041,2165,2380.8,0,0,738591.575432298,0,0,0
115313.390522646,40,2042.4,2158.4,2377.6,0,0,738591.575432761,0,0,0
115313.430521713,40,2035.4,2156.6,2368.8,0,0,738591.575433224,0,0,0
115313.470520779,40,2041.8,2157.8,2365.4,0,0,738591.575433687,0,0,0
115313.510519845,40,2036.4,2153.4,2358.2,0,0,738591.57543415,0,0,0
115313.550518912,40,2038.6,2149.2,2348.6,0,0,738591.575434613,0,0,0
115313.590517978,40,2038,2149,2341.8,0,0,738591.575435076,0,0,0
115313.630517045,40,2037.4,2147.2,2334,0,0,738591.575435539,0,0,0
115313.670516111,40,2035,2144,2336,0,0,738591.575436002,0,0,0
115313.710515177,40,2037.4,2140.4,2327.2,0,0,738591.575436464,0,0,0
115313.750514244,40,2035.4,2141.8,2323.2,0,0,738591.575436927,0,0,0
115313.79051331,40,2030.4,2140.8,2319.2,0,0,738591.57543739,0,0,0
115313.830512377,40,2033.2,2139.8,2312.8,0,0,738591.575437853,0,0,0
115313.870511443,40,2030.4,2136.2,2305.8,0,0,738591.575438316,0,0,0
115313.910510509,40,2031.2,2136.2,2298.8,0,0,738591.575438779,0,0,0
115313.950509576,40,2033,2129.8,2296.4,0,0,738591.575439242,0,0,0
115313.990508642,40,2033.8,2133.2,2290.6,0,0,738591.575439705,0,0,0
115314.030507709,40,2028,2132.6,2284.2,0,0,738591.575440168,0,0,0
115314.070506775,40,2028,2131,2282.4,0,0,738591.575440631,0,0,0
115314.110505841,40,2032.2,2128.6,2273.2,0,0,738591.575441094,0,0,0
115314.150504908,40,2030.8,2125.4,2271,0,0,738591.575441557,0,0,0
115314.190503974,40,2027.2,2123.2,2266.6,0,0,738591.57544202,0,0,0
115314.230503041,40,2030.2,2121.4,2263.4,0,0,738591.575442483,0,0,0
