3480.29676797748,40,2218.8,2172.8,2099.4,0,0,738633.744471027,607,3,0
3480.33676704388,40,2219,2174.2,2103,0,0,738633.74447149,607,3,0
3480.37676611028,40,2223.6,2177.6,2110.6,0,0,738633.744471953,607,3,0
3480.41676517668,40,2220.2,2184,2109,0,0,738633.744472416,607,3,0
3480.45676424308,40,2221,2184,2111.8,0,0,738633.744472879,607,3,0
3480.49676330948,40,2222.2,2186.6,2117.6,0,0,738633.744473342,607,3,0
3480.53676237588,40,2221,2185.2,2113.8,0,0,738633.744473805,607,3,0
3480.57676144228,40,2223.4,2185.6,2112.6,0,0,738633.744474268,607,3,0
3480.61676050868,40,2220.2,2183.2,2111.4,0,0,738633.744474731,607,3,0
3480.65675957508,40,2220,2185,2110.6,0,0,738633.744475194,607,3,0
3480.69675864148,40,2217.4,2179.2,2110.2,0,0,738633.744475657,607,3,0
3480.73675770788,40,2213.4,2177.2,2102.4,0,0,738633.74447612,607,3,0
3480.77675677428,40,2215.4,2175.8,2103.4,0,0,738633.744476583,607,3,0
3480.81675584068,40,2214.4,2177.2,2106.6,0,0,738633.744477046,607,3,0
3480.85675490708,40,2219.4,2179,2108.2,0,0,738633.744477509,607,3,0
3480.89675397348,40,2218.2,2188.8,2115.6,0,0,738633.744477972,607,3,0
3480.93675303988,40,2217.8,2190.4,2116.8,0,0,738633.744478435,607,3,0
3480.97675210628,40,2216,2198.4,2124,0,0,738633.744478898,607,3,0
3481.01675117268,40,2211.6,2210.6,2143.6,0,0,738633.744479361,607,3,0
3481.05675023908,40,2202.2,2225,2163.4,0,0,738633.744479823,607,3,0
3481.09674930548,40,2179.6,2242.6,2206.2,0,0,738633.744480286,607,3,0
3481.13674837188,40,2144.6,2239.2,2250.2,0,0,738633.744480749,607,3,0
3481.17674743828,40,2112.4,2217,2285.4,0,0,738633.744481212,607,3,0
3481.21674650468,40,2088.8,2190.6,2290.4,0,0,738633.744481675,607,3,0
3481.25674557108,40,2077.6,2180.6,2287.6,0,0,738633.744482138,607,3,0
3481.29674463748,40,2089.6,2193.8,2289.6,0,0,738633.744482601,607,3,0
3481.33674370388,40,2119.2,2227.8,2278.8,0,0,738633.744483064,607,3,0
3481.37674277028,40,2161.2,2240.6,2233.8,0,0,738633.744483527,607,3,0
3481.41674183668,40,2197.4,2233.2,2175.4,0,0,738633.74448399,607,3,0
3481.45674090308,40,2220,2201.4,2127,0,0,738633.744484453,607,3,0
3481.49673996948,40,2211.2,2165.6,2094.2,0,0,738633.744484916,607,3,0
3481.53673903588,40,2202.2,2140.2,2076.2,0,0,738633.744485379,607,3,0
3481.57673810228,40,2188.6,2121.4,2069,0,0,738633.744485842,607,3,0
3481.61673716868,40,2188.8,2119.6,2066.4,0,0,738633.744486305,607,3,0
3481.65673623508,40,2190.8,2125.8,2070,0,0,738633.744486768,607,3,0
3481.69673530148,40,2202,2133.8,2073.8,0,0,738633.744487231,607,3,0
3481.73673436788,40,2206.8,2144.6,2083.6,0,0,738633.744487694,607,3,0
3481.77673343428,40,2212.8,2159.4,2088.8,0,0,738633.744488157,607,3,0
3481.81673250068,40,2222.2,2173,2103.6,0,0,738633.74448862,607,3,0
3481.85673156708,40,2222.6,2190,2116.2,0,0,738633.744489082,607,3,0
3481.89673063348,40,2217.6,2214,2139.6,0,0,738633.744489545,607,3,0
3481.93672969988,40,2200,2235,2176.6,0,0,738633.744490008,607,3,0
3481.97672876628,40,2164.4,2241.8,2222.4,0,0,738633.744490471,607,3,0
3482.01672783268,40,2127.2,2231.4,2267.8,0,0,738633.744490934,607,3,0
3482.05672689908,40,2094.4,2200.6,2290.2,0,0,738633.744491397,607,3,0
3482.09672596548,40,2070,2167.4,2282.2,0,0,738633.74449186,607,3,0
3482.13672503188,40,2059.8,2155.4,2269,0,0,738633.744492323,607,3,0
3482.17672409828,40,2070.2,2171.6,2281.4,0,0,738633.744492786,607,3,0
3482.21672316468,40,2100.2,2202.6,2284,0,0,738633.744493249,607,3,0
3482.25672223108,40,2142.2,2240.2,2253.6,0,0,738633.744493712,607,3,0
3482.29672129748,40,2190.6,2238.4,2191.8,0,0,738633.744494175,607,3,0
3482.33672036388,40,2218.4,2207.6,2133.8,0,0,738633.744494638,607,3,0
3482.37671943028,40,2215,2166.4,2097,0,0,738633.744495101,607,3,0
3482.41671849668,40,2196.2,2135.4,2071.8,0,0,738633.744495564,607,3,0
3482.45671756308,40,2178.8,2110.4,2057.4,0,0,738633.744496027,607,3,0
3482.49671662948,40,2166.8,2103.2,2050,0,0,738633.74449649,607,3,0
3482.53671569588,40,2164.4,2101.6,2052.4,0,0,738633.744496953,607,3,0
3482.57671476228,40,2168,2106,2052.6,0,0,738633.744497416,607,3,0
3482.61671382868,40,2182.2,2110.8,2060.6,0,0,738633.744497879,607,3,0
3482.65671289508,40,2191.4,2131.4,2068.4,0,0,738633.744498341,607,3,0
3482.69671196148,40,2206.2,2147.2,2080.4,0,0,738633.744498804,607,3,0
3482.73671102788,40,2217.4,2168.6,2100.4,0,0,738633.744499267,607,3,0
3482.77671009428,40,2219.6,2202.6,2128.2,0,0,738633.74449973,607,3,0
3482.81670916068,40,2206,2231,2170.8,0,0,738633.744500193,607,3,0
3482.85670822708,40,2176,2250.6,2220.8,0,0,738633.744500656,607,3,0
3482.89670729348,40,2135.4,2239.2,2266.2,0,0,738633.744501119,607,3,0
3482.93670635988,40,2100.4,2209.8,2288.6,0,0,738633.744501582,607,3,0
3482.97670542628,40,2076.4,2177.8,2280.6,0,0,738633.744502045,607,3,0
3483.01670449268,40,2067.8,2157.2,2265,0,0,738633.744502508,607,3,0
3483.05670355908,40,2071,2163.8,2278,0,0,738633.744502971,607,3,0
3483.09670262548,40,2094,2200.6,2287.6,0,0,738633.744503434,607,3,0
3483.13670169188,40,2131,2235.2,2266,0,0,738633.744503897,607,3,0
3483.17670075828,40,2180.8,2240.8,2201.2,0,0,738633.74450436,607,3,0
3483.21669982468,40,2210.8,2217,2146,0,0,738633.744504823,607,3,0
3483.25669889108,40,2219.2,2178.6,2106,0,0,738633.744505286,607,3,0
3483.29669795748,40,2209,2148,2082.2,0,0,738633.744505749,607,3,0
3483.33669702388,40,2188.8,2124.4,2064.6,0,0,738633.744506212,607,3,0
3483.37669609028,40,2181.6,2119.4,2061.2,0,0,738633.744506675,607,3,0
3483.41669515668,40,2184,2118.4,2061.6,0,0,738633.744507138,607,3,0
3483.45669422308,40,2189.2,2129,2068.2,0,0,738633.744507601,607,3,0
3483.49669328948,40,2196.6,2132,2069,0,0,738633.744508064,607,3,0
3483.53669235588,40,2202.4,2141.8,2078,0,0,738633.744508526,607,3,0
3483.57669142228,40,2213.8,2155.2,2089.8,0,0,738633.744508989,607,3,0
3483.61669048868,40,2218,2180.8,2106.2,0,0,738633.744509452,607,3,0
3483.65668955508,40,2220.4,2205.2,2130.8,0,0,738633.744509915,607,3,0
3483.69668862148,40,2209.6,2230,2165.4,0,0,738633.744510378,607,3,0
3483.73668768788,40,2180.2,2245.6,2211.4,0,0,738633.744510841,607,3,0
3483.77668675428,40,2139.6,2241.6,2259,0,0,738633.744511304,607,3,0
3483.81668582068,40,2109.4,2215.8,2290.2,0,0,738633.744511767,607,3,0
3483.85668488708,40,2077.2,2178.6,2284,0,0,738633.74451223,607,3,0
3483.89668395348,40,2054.6,2147.4,2256,0,0,738633.744512693,607,3,0
3483.93668301988,40,2050.6,2129.4,2242.2,0,0,738633.744513156,607,3,0
3483.97668208628,40,2060.2,2146.4,2266.4,0,0,738633.744513619,607,3,0
3484.01668115268,40,2080.6,2183.4,2287.8,0,0,738633.744514082,607,3,0
3484.05668021908,40,2119.4,2223.8,2274.4,0,0,738633.744514545,607,3,0
3484.09667928548,40,2165,2239,2217,0,0,738633.744515008,607,3,0
3484.13667835188,40,2205.6,2220.6,2152.4,0,0,738633.744515471,607,3,0
3484.17667741828,40,2212.2,2182.8,2108.6,0,0,738633.744515934,607,3,0
3484.21667648468,40,2205.2,2145.2,2079.4,0,0,738633.744516397,607,3,0
3484.25667555108,40,2190.8,2124,2065.2,0,0,738633.74451686,607,3,0
3484.29667461748,40,2177.6,2113.6,2060.2,0,0,738633.744517323,607,3,0
3484.33667368388,40,2177,2113.6,2058.4,0,0,738633.744517785,607,3,0
3484.37667275028,40,2181.2,2116.2,2063,0,0,738633.744518248,607,3,0
3484.41667181668,40,2189.6,2123.6,2064.2,0,0,738633.744518711,607,3,0
3484.45667088308,40,2201.2,2138,2074.8,0,0,738633.744519174,607,3,0
3484.49666994948,40,2209.8,2152.4,2087.2,0,0,738633.744519637,607,3,0
3484.53666901588,40,2221.8,2183,2106.4,0,0,738633.7445201,607,3,0
3484.57666808228,40,2213,2205.2,2140.4,0,0,738633.744520563,607,3,0
3484.61666714868,40,2188.6,2234.8,2186.4,0,0,738633.744521026,607,3,0
3484.65666621508,40,2147.6,2236.2,2242,0,0,738633.744521489,607,3,0
3484.69666528148,40,2106.4,2218,2288,0,0,738633.744521952,607,3,0
3484.73666434788,40,2070.4,2174.8,2283.8,0,0,738633.744522415,607,3,0
3484.77666341428,40,2055.6,2139.8,2247.8,0,0,738633.744522878,607,3,0
3484.81666248068,40,2049.4,2123.6,2225,0,0,738633.744523341,607,3,0
3484.85666154708,40,2052.2,2134,2239.6,0,0,738633.744523804,607,3,0
3484.89666061348,40,2070.8,2165.8,2270,0,0,738633.744524267,607,3,0
3484.93665967988,40,2104.6,2208.8,2288,0,0,738633.74452473,607,3,0
3484.97665874628,40,2149.2,2244.4,2256.4,0,0,738633.744525193,607,3,0
3485.01665781268,40,2191.2,2235.8,2191,0,0,738633.744525656,607,3,0
3485.05665687908,40,2212.6,2205.2,2134.4,0,0,738633.744526119,607,3,0
3485.09665594548,40,2215.8,2171.8,2097.2,0,0,738633.744526582,607,3,0
3485.13665501188,40,2200,2138.4,2071.4,0,0,738633.744527045,607,3,0
3485.17665407828,40,2189.4,2118.2,2064,0,0,738633.744527507,607,3,0
3485.21665314468,40,2174.8,2110.8,2057.2,0,0,738633.74452797,607,3,0
3485.25665221108,40,2178.4,2112.2,2057,0,0,738633.744528433,607,3,0
3485.29665127748,40,2186.6,2119,2063.2,0,0,738633.744528896,607,3,0
3485.33665034388,40,2192.8,2133.6,2072.8,0,0,738633.744529359,607,3,0
3485.37664941028,40,2205,2147.6,2080.4,0,0,738633.744529822,607,3,0
3485.41664847668,40,2212.6,2163,2094.2,0,0,738633.744530285,607,3,0
3485.45664754308,40,2218.6,2187,2118.4,0,0,738633.744530748,607,3,0
3485.49664660948,40,2210.2,2219.2,2151.6,0,0,738633.744531211,607,3,0
3485.53664567588,40,2182.2,2240.6,2198.6,0,0,738633.744531674,607,3,0
3485.57664474228,40,2153.4,2243.6,2245.2,0,0,738633.744532137,607,3,0
3485.61664380868,40,2114.8,2220.2,2281.4,0,0,738633.7445326,607,3,0
3485.65664287508,40,2088.8,2195,2291.4,0,0,738633.744533063,607,3,0
3485.69664194148,40,2069.8,2166.6,2277.6,0,0,738633.744533526,607,3,0
3485.73664100788,40,2061.2,2154.4,2272.6,0,0,738633.744533989,607,3,0
3485.77664007428,40,2077,2170.8,2282,0,0,738633.744534452,607,3,0
3485.81663914068,40,2104.4,2211.2,2286.6,0,0,738633.744534915,607,3,0
3485.85663820708,40,2145.4,2240.8,2253.6,0,0,738633.744535378,607,3,0
3485.89663727348,40,2191.2,2244.4,2198,0,0,738633.744535841,607,3,0
3485.93663633988,40,2219.4,2213.2,2142.6,0,0,738633.744536304,607,3,0
3485.97663540628,40,2219.8,2172.8,2101.2,0,0,738633.744536767,607,3,0
3486.01663447268,40,2199.2,2140.2,2077,0,0,738633.74453723,607,3,0
3486.05663353908,40,2190,2121.2,2063.6,0,0,738633.744537692,607,3,0
3486.09663260548,40,2181,2114.6,2059.4,0,0,738633.744538155,607,3,0
3486.13663167188,40,2183,2116.2,2061.4,0,0,738633.744538618,607,3,0
3486.17663073828,40,2193.6,2131,2069.2,0,0,738633.744539081,607,3,0
3486.21662980468,40,2202.8,2149.6,2080.6,0,0,738633.744539544,607,3,0
3486.25662887108,40,2217.4,2175,2100.8,0,0,738633.744540007,607,3,0
3486.29662793748,40,2215.8,2214.4,2144,0,0,738633.74454047,607,3,0
3486.33662700388,40,2178,2245.6,2202,0,0,738633.744540933,607,3,0
3486.37662607028,40,2130.4,2234.6,2264,0,0,738633.744541396,607,3,0
3486.41662513668,40,2092.8,2195.8,2290.6,0,0,738633.744541859,607,3,0
3486.45662420308,40,2065,2154.2,2266.2,0,0,738633.744542322,607,3,0
3486.49662326948,40,2046.6,2124.4,2224.4,0,0,738633.744542785,607,3,0
3486.53662233588,40,2045.6,2112.8,2207.6,0,0,738633.744543248,607,3,0
3486.57662140228,40,2052,2130.6,2236,0,0,738633.744543711,607,3,0
3486.61662046868,40,2071,2169.2,2270.6,0,0,738633.744544174,607,3,0
3486.65661953508,40,2113.4,2225,2285.6,0,0,738633.744544637,607,3,0
3486.69661860148,40,2167,2241.2,2219.8,0,0,738633.7445451,607,3,0
3486.73661766788,40,2210.2,2218.6,2147.8,0,0,738633.744545563,607,3,0
3486.77661673428,40,2212.2,2161.8,2091.2,0,0,738633.744546026,607,3,0
3486.81661580068,40,2186.4,2120.8,2066.8,0,0,738633.744546489,607,3,0
3486.85661486708,40,2161.6,2103.4,2050.8,0,0,738633.744546951,607,3,0
3486.89661393348,40,2151.8,2089.6,2050.4,0,0,738633.744547414,607,3,0
3486.93661299988,40,2160.4,2098,2050,0,0,738633.744547877,607,3,0
3486.97661206628,40,2175.4,2114.8,2060.8,0,0,738633.74454834,607,3,0
3487.01661113268,40,2201,2139.6,2076.2,0,0,738633.744548803,607,3,0
3487.05661019908,40,2221.6,2174.2,2102,0,0,738633.744549266,607,3,0
3487.09660926548,40,2220.6,2215.6,2141,0,0,738633.744549729,607,3,0
3487.13660833188,40,2189.2,2246.2,2204,0,0,738633.744550192,607,3,0
3487.17660739828,40,2133.8,2237,2269,0,0,738633.744550655,607,3,0
3487.21660646468,40,2086.2,2197.6,2295.6,0,0,738633.744551118,607,3,0
3487.25660553108,40,2058.4,2147.8,2264.6,0,0,738633.744551581,607,3,0
3487.29660459748,40,2043.4,2116.8,2210.6,0,0,738633.744552044,607,3,0
3487.33660366388,40,2040.2,2104.4,2193.8,0,0,738633.744552507,607,3,0
3487.37660273028,40,2045.8,2122.6,2223.8,0,0,738633.74455297,607,3,0
3487.41660179668,40,2062.2,2159.4,2267,0,0,738633.744553433,607,3,0
3487.45660086308,40,2109.6,2217.6,2284.6,0,0,738633.744553896,607,3,0
3487.49659992948,40,2170.8,2246.2,2222,0,0,738633.744554359,607,3,0
3487.53659899588,40,2216,2210.4,2140.8,0,0,738633.744554822,607,3,0
3487.57659806228,40,2205,2151.6,2085.2,0,0,738633.744555285,607,3,0
3487.61659712868,40,2168,2104.6,2053.8,0,0,738633.744555748,607,3,0
3487.65659619508,40,2130.2,2082.4,2040.2,0,0,738633.744556211,607,3,0
3487.69659526148,40,2113,2075.6,2037.2,0,0,738633.744556673,607,3,0
3487.73659432788,40,2119,2074,2039.6,0,0,738633.744557136,607,3,0
3487.77659339428,40,2137.2,2086.8,2043.6,0,0,738633.744557599,607,3,0
3487.81659246068,40,2154.2,2097.4,2049.4,0,0,738633.744558062,607,3,0
3487.85659152708,40,2184.4,2117,2062.2,0,0,738633.744558525,607,3,0
3487.89659059348,40,2211.8,2152.8,2087.2,0,0,738633.744558988,607,3,0
3487.93658965988,40,2217,2206.2,2131.6,0,0,738633.744559451,607,3,0
3487.97658872628,40,2178.6,2239.8,2200.8,0,0,738633.744559914,607,3,0
3488.01658779268,40,2122.2,2232.2,2274.8,0,0,738633.744560377,607,3,0
3488.05658685908,40,2076,2183.4,2288,0,0,738633.74456084,607,3,0
3488.09658592548,40,2051.4,2132.4,2245.2,0,0,738633.744561303,607,3,0
3488.13658499188,40,2037.6,2104.4,2186.6,0,0,738633.744561766,607,3,0
3488.17658405828,40,2038.4,2098.6,2182.4,0,0,738633.744562229,607,3,0
3488.21658312468,40,2042.2,2117.2,2215.2,0,0,738633.744562692,607,3,0
3488.25658219108,40,2065,2154.2,2264,0,0,738633.744563155,607,3,0
3488.29658125748,40,2101.8,2213.2,2286.2,0,0,738633.744563618,607,3,0
3488.33658032388,40,2166.8,2245.6,2225.6,0,0,738633.744564081,607,3,0
3488.37657939028,40,2211.4,2215.4,2143.6,0,0,738633.744564544,607,3,0
3488.41657845668,40,2214,2160.4,2089.8,0,0,738633.744565007,607,3,0
3488.45657752308,40,2178,2114.4,2061.8,0,0,738633.74456547,607,3,0
3488.49657658948,40,2153.2,2093.8,2045.4,0,0,738633.744565933,607,3,0
3488.53657565588,40,2133.2,2081.8,2043.8,0,0,738633.744566396,607,3,0
3488.57657472228,40,2136.2,2088.2,2046.4,0,0,738633.744566858,607,3,0
3488.61657378868,40,2157,2098.8,2050.2,0,0,738633.744567321,607,3,0
3488.65657285508,40,2178.8,2115.8,2058.6,0,0,738633.744567784,607,3,0
3488.69657192148,40,2207.4,2146.8,2078.8,0,0,738633.744568247,607,3,0
3488.73657098788,40,2225.6,2189.2,2115,0,0,738633.74456871,607,3,0
3488.77657005428,40,2210,2235.2,2168.6,0,0,738633.744569173,607,3,0
3488.81656912068,40,2158,2249,2244.2,0,0,738633.744569636,607,3,0
3488.85656818708,40,2103.4,2206.4,2289.8,0,0,738633.744570099,607,3,0
3488.89656725348,40,2061.2,2151,2262.4,0,0,738633.744570562,607,3,0
3488.93656631988,40,2041.6,2105,2198.2,0,0,738633.744571025,607,3,0
3488.97656538628,40,2026.8,2089.2,2166.2,0,0,738633.744571488,607,3,0
3489.01656445268,40,2035.8,2100,2187.8,0,0,738633.744571951,607,3,0
3489.05656351908,40,2052.2,2129.4,2235.2,0,0,738633.744572414,607,3,0
3489.09656258548,40,2085.2,2184,2282.2,0,0,738633.744572877,607,3,0
3489.13656165188,40,2138,2237.6,2261.6,0,0,738633.74457334,607,3,0
3489.17656071828,40,2198.6,2235.4,2181.4,0,0,738633.744573803,607,3,0
3489.21655978468,40,2222.4,2185.6,2112.8,0,0,738633.744574266,607,3,0
3489.25655885108,40,2200.2,2138.2,2072.8,0,0,738633.744574729,607,3,0
3489.29655791748,40,2166.6,2108.2,2055,0,0,738633.744575192,607,3,0
3489.33655698388,40,2140.6,2090,2047.4,0,0,738633.744575655,607,3,0
3489.37655605028,40,2138.6,2085,2040.2,0,0,738633.744576117,607,3,0
3489.41655511668,40,2144.6,2089.2,2047,0,0,738633.74457658,607,3,0
3489.45655418308,40,2158.6,2099.4,2051.2,0,0,738633.744577043,607,3,0
3489.49655324948,40,2183,2120.4,2063,0,0,738633.744577506,607,3,0
3489.53655231588,40,2210.2,2153,2084,0,0,738633.744577969,607,3,0
3489.57655138228,40,2214.8,2198.8,2126.2,0,0,738633.744578432,607,3,0
3489.61655044868,40,2183.4,2238.8,2194,0,0,738633.744578895,607,3,0
3489.65654951508,40,2126.4,2233.4,2271.2,0,0,738633.744579358,607,3,0
3489.69654858148,40,2079.4,2182.8,2293,0,0,738633.744579821,607,3,0
3489.73654764788,40,2047.8,2129.2,2237.4,0,0,738633.744580284,607,3,0
3489.77654671428,40,2034,2098.6,2188.6,0,0,738633.744580747,607,3,0
3489.81654578068,40,2036.8,2103.8,2195.6,0,0,738633.74458121,607,3,0
3489.85654484708,40,2045.8,2120,2235,0,0,738633.744581673,607,3,0
3489.89654391348,40,2071.6,2169,2280.4,0,0,738633.744582136,607,3,0
3489.93654297988,40,2115.8,2222.8,2271.4,0,0,738633.744582599,607,3,0
3489.97654204628,40,2183.4,2238.2,2196.6,0,0,738633.744583062,607,3,0
3490.01654111268,40,2221.2,2197.4,2123.4,0,0,738633.744583525,607,3,0
3490.05654017908,40,2204,2141.6,2078.2,0,0,738633.744583988,607,3,0
3490.09653924548,40,2165.6,2112.6,2056.8,0,0,738633.744584451,607,3,0
3490.13653831188,40,2146.6,2089.4,2049.6,0,0,738633.744584914,607,3,0
3490.17653737828,40,2131.6,2084.4,2046.6,0,0,738633.744585376,607,3,0
3490.21653644468,40,2138.2,2083,2046.2,0,0,738633.744585839,607,3,0
3490.25653551108,40,2150.8,2092.8,2046.6,0,0,738633.744586302,607,3,0
3490.29653457748,40,2164.6,2099.8,2050.4,0,0,738633.744586765,607,3,0
3490.33653364388,40,2186,2121.8,2063.2,0,0,738633.744587228,607,3,0
3490.37653271028,40,2211.8,2155.6,2090.6,0,0,738633.744587691,607,3,0
3490.41653177668,40,2220.4,2209.4,2133.6,0,0,738633.744588154,607,3,0
3490.45653084308,40,2183.2,2245.4,2207.6,0,0,738633.744588617,607,3,0
3490.49652990948,40,2124.8,2227.6,2279,0,0,738633.74458908,607,3,0
3490.53652897588,40,2081.4,2180.2,2285.8,0,0,738633.744589543,607,3,0
3490.57652804228,40,2048,2134,2242.8,0,0,738633.744590006,607,3,0
3490.61652710868,40,2034.4,2102,2192.2,0,0,738633.744590469,607,3,0
3490.65652617508,40,2034.8,2097.8,2184.8,0,0,738633.744590932,607,3,0
3490.69652524148,40,2045.2,2117.6,2215.2,0,0,738633.744591395,607,3,0
3490.73652430788,40,2064,2161.2,2266.4,0,0,738633.744591858,607,3,0
3490.77652337428,40,2107,2216.2,2284.2,0,0,738633.744592321,607,3,0
3490.81652244068,40,2167.4,2245.6,2219.8,0,0,738633.744592784,607,3,0
3490.85652150708,40,2219.2,2214.8,2140.4,0,0,738633.744593247,607,3,0
3490.89652057348,40,2210,2155.6,2091.8,0,0,738633.74459371,607,3,0
3490.93651963988,40,2178.2,2114.4,2060.8,0,0,738633.744594173,607,3,0
3490.97651870628,40,2141.8,2090.6,2047.8,0,0,738633.744594636,607,3,0
3491.01651777268,40,2125.2,2076.8,2041,0,0,738633.744595099,607,3,0
3491.05651683908,40,2127.4,2078.2,2041.4,0,0,738633.744595561,607,3,0
3491.09651590548,40,2139.6,2087,2042.4,0,0,738633.744596024,607,3,0
3491.13651497188,40,2158.6,2096.2,2050,0,0,738633.744596487,607,3,0
3491.17651403828,40,2181.8,2117.2,2060.6,0,0,738633.74459695,607,3,0
3491.21651310468,40,2206.4,2151,2084.4,0,0,738633.744597413,607,3,0
3491.25651217108,40,2217.6,2196.6,2119.6,0,0,738633.744597876,607,3,0
3491.29651123748,40,2190,2237.6,2190.6,0,0,738633.744598339,607,3,0
3491.33651030388,40,2131.2,2233.2,2265,0,0,738633.744598802,607,3,0
3491.37650937028,40,2085,2188.8,2293.2,0,0,738633.744599265,607,3,0
3491.41650843668,40,2048.6,2135,2243.2,0,0,738633.744599728,607,3,0
3491.45650750308,40,2036,2102.2,2187.2,0,0,738633.744600191,607,3,0
3491.49650656948,40,2032.8,2094.6,2176.2,0,0,738633.744600654,607,3,0
3491.53650563588,40,2037.8,2107.8,2201.2,0,0,738633.744601117,607,3,0
3491.57650470228,40,2053.2,2141.6,2254.8,0,0,738633.74460158,607,3,0
3491.61650376868,40,2094.6,2200.2,2283,0,0,738633.744602043,607,3,0
3491.65650283508,40,2155.8,2238,2236.2,0,0,738633.744602506,607,3,0
3491.69650190148,40,2210.2,2212.8,2148,0,0,738633.744602969,607,3,0
3491.73650096788,40,2216,2160,2085,0,0,738633.744603432,607,3,0
3491.77650003428,40,2176.6,2115.2,2057.4,0,0,738633.744603895,607,3,0
3491.81649910068,40,2143.4,2087.6,2049.2,0,0,738633.744604358,607,3,0
3491.85649816708,40,2127.6,2081.8,2045.8,0,0,738633.744604821,607,3,0
3491.89649723348,40,2126.8,2082,2044,0,0,738633.744605283,607,3,0
3491.93649629988,40,2137.2,2088,2046.8,0,0,738633.744605746,607,3,0
3491.97649536628,40,2147.8,2093,2047.8,0,0,738633.744606209,607,3,0
3492.01649443268,40,2167.4,2104.4,2054.6,0,0,738633.744606672,607,3,0
3492.05649349908,40,2188.6,2117.4,2065.4,0,0,738633.744607135,607,3,0
3492.09649256548,40,2208,2149.2,2085.4,0,0,738633.744607598,607,3,0
3492.13649163188,40,2219.6,2199.2,2125.6,0,0,738633.744608061,607,3,0
3492.17649069828,40,2187,2234,2193,0,0,738633.744608524,607,3,0
3492.21648976468,40,2128.4,2233.8,2267.4,0,0,738633.744608987,607,3,0
3492.25648883108,40,2083,2189.2,2288.2,0,0,738633.74460945,607,3,0
3492.29648789748,40,2058.2,2142.2,2253,0,0,738633.744609913,607,3,0
3492.33648696388,40,2047.4,2130.2,2236.6,0,0,738633.744610376,607,3,0
3492.37648603028,40,2058.6,2146.6,2253.2,0,0,738633.744610839,607,3,0
3492.41648509668,40,2075.4,2175.8,2278.4,0,0,738633.744611302,607,3,0
3492.45648416308,40,2111.4,2217.8,2289.8,0,0,738633.744611765,607,3,0
3492.49648322948,40,2152.4,2243,2249.8,0,0,738633.744612228,607,3,0
3492.53648229588,40,2199.8,2239.4,2187.8,0,0,738633.744612691,607,3,0
3492.57648136228,40,2219.6,2205.2,2137,0,0,738633.744613154,607,3,0
3492.61648042868,40,2214.8,2164.8,2092.2,0,0,738633.744613617,607,3,0
3492.65647949508,40,2201,2141.4,2074.6,0,0,738633.74461408,607,3,0
3492.69647856148,40,2189.8,2126.2,2062.6,0,0,738633.744614542,607,3,0
3492.73647762788,40,2188.6,2126.2,2063.8,0,0,738633.744615005,607,3,0
3492.77647669428,40,2203.2,2138.8,2076.8,0,0,738633.744615468,607,3,0
3492.81647576068,40,2209.6,2158,2087.8,0,0,738633.744615931,607,3,0
3492.85647482708,40,2221.4,2180.8,2108.8,0,0,738633.744616394,607,3,0
3492.89647389348,40,2214,2211,2143.2,0,0,738633.744616857,607,3,0
3492.93647295988,40,2188.8,2239.6,2192,0,0,738633.74461732,607,3,0
3492.97647202628,40,2140,2238.2,2251.6,0,0,738633.744617783,607,3,0
3493.01647109268,40,2104.8,2210,2288.6,0,0,738633.744618246,607,3,0
3493.05647015908,40,2082.6,2188.2,2290.2,0,0,738633.744618709,607,3,0
3493.09646922548,40,2084.4,2189.8,2289.8,0,0,738633.744619172,607,3,0
3493.13646829188,40,2097.8,2205.2,2289.2,0,0,738633.744619635,607,3,0
3493.17646735828,40,2126,2230.2,2274.6,0,0,738633.744620098,607,3,0
3493.21646642468,40,2151.2,2245,2248.4,0,0,738633.744620561,607,3,0
3493.25646549108,40,2173.8,2243,2210.4,0,0,738633.744621024,607,3,0
3493.29646455748,40,2194.4,2236.6,2184,0,0,738633.744621487,607,3,0
3493.33646362388,40,2204,2225,2155,0,0,738633.74462195,607,3,0
3493.37646269028,40,2209.6,2218.4,2151.4,0,0,738633.744622413,607,3,0
3493.41646175668,40,2208.8,2220.6,2153,0,0,738633.744622876,607,3,0
3493.45646082308,40,2202.8,2222.4,2158.8,0,0,738633.744623339,607,3,0
3493.49645988948,40,2204.8,2226.2,2167.2,0,0,738633.744623802,607,3,0
3493.53645895588,40,2199,2226.2,2164.8,0,0,738633.744624265,607,3,0
3493.57645802228,40,2205.6,2232.2,2173.4,0,0,738633.744624727,607,3,0
3493.61645708868,40,2204.2,2236.4,2175,0,0,738633.74462519,607,3,0
3493.65645615508,40,2198.8,2238.4,2180.6,0,0,738633.744625653,607,3,0
3493.69645522148,40,2202.4,2242,2184.6,0,0,738633.744626116,607,3,0
3493.73645428788,40,2196.4,2242.2,2186.8,0,0,738633.744626579,607,3,0
3493.77645335428,40,2200.2,2240.2,2187,0,0,738633.744627042,607,3,0
3493.81645242068,40,2196.2,2242.2,2189.6,0,0,738633.744627505,607,3,0
3493.85645148708,40,2195.2,2244.4,2188.8,0,0,738633.744627968,607,3,0
3493.89645055348,40,2197.4,2239.8,2188.4,0,0,738633.744628431,607,3,0
3493.93644961988,40,2193,2238.2,2191.8,0,0,738633.744628894,607,3,0
3493.97644868628,40,2190.4,2239.6,2190.2,0,0,738633.744629357,607,3,0
3494.01644775268,40,2190.8,2239.4,2191.8,0,0,738633.74462982,607,3,0
3494.05644681908,40,2186.8,2239.2,2194,0,0,738633.744630283,607,3,0
3494.09644588548,40,2189.6,2240.4,2194.8,0,0,738633.744630746,607,3,0
3494.13644495188,40,2197,2240.6,2185.6,0,0,738633.744631209,607,3,0
3494.17644401828,40,2206,2232.8,2170.4,0,0,738633.744631672,607,3,0
3494.21644308468,40,2216,2223.4,2155,0,0,738633.744632135,607,3,0
3494.25644215108,40,2217.2,2207.4,2138.2,0,0,738633.744632598,607,3,0
3494.29644121748,40,2220.2,2201.8,2123.4,0,0,738633.744633061,607,3,0
3494.33644028388,40,2223.6,2197.4,2117,0,0,738633.744633524,607,3,0
3494.37643935028,40,2222.2,2193.4,2118.6,0,0,738633.744633986,607,3,0
3494.41643841668,40,2224.8,2199,2117.4,0,0,738633.744634449,607,3,0
3494.45643748308,40,2224.4,2197.8,2126.8,0,0,738633.744634912,607,3,0
3494.49643654948,40,2221.2,2200.6,2126,0,0,738633.744635375,607,3,0
3494.53643561588,40,2222.8,2202.4,2127.4,0,0,738633.744635838,607,3,0
3494.57643468228,40,2216.2,2202.2,2128,0,0,738633.744636301,607,3,0
3494.61643374868,40,2216.6,2204.4,2132.4,0,0,738633.744636764,607,3,0
3494.65643281508,40,2209.8,2208.2,2136.4,0,0,738633.744637227,607,3,0
3494.69643188148,40,2203.4,2213,2145.8,0,0,738633.74463769,607,3,0
3494.73643094788,40,2197.2,2223.4,2158.4,0,0,738633.744638153,607,3,0
3494.77643001428,40,2182.8,2234,2189.2,0,0,738633.744638616,607,3,0
3494.81642908068,40,2163.6,2242,2225.8,0,0,738633.744639079,607,3,0
3494.85642814708,40,2131.2,2236.6,2262.8,0,0,738633.744639542,607,3,0
3494.89642721348,40,2108,2214.4,2288,0,0,738633.744640005,607,3,0
3494.93642627988,40,2086.8,2189,2289,0,0,738633.744640468,607,3,0
3494.97642534628,40,2076.6,2172.2,2286.6,0,0,738633.744640931,607,3,0
3495.01642441268,40,2078.2,2177.4,2284.2,0,0,738633.744641394,607,3,0
3495.05642347908,40,2091.6,2197.4,2292.4,0,0,738633.744641857,607,3,0
3495.09642254548,40,2115.4,2224.2,2282.8,0,0,738633.74464232,607,3,0
3495.13642161188,40,2150.8,2242.8,2241.8,0,0,738633.744642783,607,3,0
3495.17642067828,40,2188.8,2231.8,2183.8,0,0,738633.744643246,607,3,0
3495.21641974468,40,2213.2,2206.2,2137.2,0,0,738633.744643708,607,3,0
3495.25641881108,40,2214.4,2176,2100,0,0,738633.744644171,607,3,0
3495.29641787748,40,2209,2154,2086.6,0,0,738633.744644634,607,3,0
3495.33641694388,40,2202,2147,2080.8,0,0,738633.744645097,607,3,0
3495.37641601028,40,2208,2154.6,2086.4,0,0,738633.74464556,607,3,0
3495.41641507668,40,2213,2169.4,2095.2,0,0,738633.744646023,607,3,0
3495.45641414308,40,2218.6,2190.6,2118.6,0,0,738633.744646486,607,3,0
3495.49641320948,40,2212.8,2223.8,2150.2,0,0,738633.744646949,607,3,0
3495.53641227588,40,2190.4,2243,2200,0,0,738633.744647412,607,3,0
3495.57641134228,40,2157,2248.8,2245.4,0,0,738633.744647875,607,3,0
3495.61641040868,40,2133.2,2236.6,2266.2,0,0,738633.744648338,607,3,0
3495.65640947508,40,2138.6,2240.2,2259.4,0,0,738633.744648801,607,3,0
3495.69640854148,40,2172.4,2245.6,2221.6,0,0,738633.744649264,607,3,0
3495.73640760788,40,2203.6,2230,2171.6,0,0,738633.744649727,607,3,0
3495.77640667428,40,2220.6,2195.2,2122.6,0,0,738633.74465019,607,3,0
3495.81640574068,40,2214.8,2156.8,2089.4,0,0,738633.744650653,607,3,0
3495.85640480708,40,2202.8,2140,2071.6,0,0,738633.744651116,607,3,0
3495.89640387348,40,2197.4,2136,2070.6,0,0,738633.744651579,607,3,0
3495.93640293988,40,2200.8,2143,2073.6,0,0,738633.744652042,607,3,0
3495.97640200628,40,2214.2,2155.6,2086.4,0,0,738633.744652505,607,3,0
3496.01640107268,40,2219,2175.8,2105,0,0,738633.744652968,607,3,0
3496.05640013908,40,2217.4,2208.4,2138.2,0,0,738633.744653431,607,3,0
3496.09639920548,40,2195,2236.6,2185.6,0,0,738633.744653893,607,3,0
3496.13639827188,40,2153.8,2243.8,2244,0,0,738633.744654356,607,3,0
3496.17639733828,40,2123.8,2230.4,2276.4,0,0,738633.744654819,607,3,0
3496.21639640468,40,2119.2,2224.8,2276.2,0,0,738633.744655282,607,3,0
3496.25639547108,40,2151.2,2243,2248.8,0,0,738633.744655745,607,3,0
3496.29639453748,40,2189.8,2241.6,2193.6,0,0,738633.744656208,607,3,0
3496.33639360388,40,2214,2214.2,2144.2,0,0,738633.744656671,607,3,0
3496.37639267028,40,2219,2171,2102.2,0,0,738633.744657134,607,3,0
3496.41639173668,40,2206.6,2143.2,2078,0,0,738633.744657597,607,3,0
3496.45639080308,40,2199.2,2132.4,2070.6,0,0,738633.74465806,607,3,0
3496.49638986948,40,2195.8,2132.4,2072.2,0,0,738633.744658523,607,3,0
3496.53638893588,40,2198,2139.2,2075.6,0,0,738633.744658986,607,3,0
3496.57638800228,40,2209.2,2155.4,2080.6,0,0,738633.744659449,607,3,0
3496.61638706868,40,2218.8,2169.2,2094.6,0,0,738633.744659912,607,3,0
3496.65638613508,40,2215.2,2205.2,2126.4,0,0,738633.744660375,607,3,0
3496.69638520148,40,2194.8,2232.4,2179.8,0,0,738633.744660838,607,3,0
3496.73638426788,40,2155,2241.2,2236.8,0,0,738633.744661301,607,3,0
3496.77638333428,40,2131.4,2229.8,2267.6,0,0,738633.744661764,607,3,0
3496.81638240068,40,2137,2236,2262.8,0,0,738633.744662227,607,3,0
3496.85638146708,40,2164.6,2244,2227.2,0,0,738633.74466269,607,3,0
3496.89638053348,40,2199.2,2240,2180,0,0,738633.744663152,607,3,0
3496.93637959988,40,2223,2204.2,2132,0,0,738633.744663615,607,3,0
3496.97637866628,40,2215.6,2158.8,2095.6,0,0,738633.744664078,607,3,0
3497.01637773268,40,2199.6,2137,2075.8,0,0,738633.744664541,607,3,0
3497.05637679908,40,2193.6,2129.2,2068.6,0,0,738633.744665004,607,3,0
3497.09637586548,40,2192.4,2126.8,2070.6,0,0,738633.744665467,607,3,0
3497.13637493188,40,2195.2,2133.6,2072.2,0,0,738633.74466593,607,3,0
3497.17637399828,40,2205.2,2141.8,2080.4,0,0,738633.744666393,607,3,0
3497.21637306468,40,2209,2155,2084.8,0,0,738633.744666856,607,3,0
3497.25637213108,40,2215.2,2188,2113,0,0,738633.744667319,607,3,0
3497.29637119748,40,2205.4,2224.4,2157.2,0,0,738633.744667782,607,3,0
3497.33637026388,40,2169.6,2245.8,2213.4,0,0,738633.744668245,607,3,0
3497.37636933028,40,2138.8,2235.8,2260.2,0,0,738633.744668708,607,3,0
3497.41636839668,40,2128.4,2233,2270.8,0,0,738633.744669171,607,3,0
3497.45636746308,40,2141.8,2239.2,2253.6,0,0,738633.744669634,607,3,0
3497.49636652948,40,2173.8,2243.8,2213.6,0,0,738633.744670097,607,3,0
3497.53636559588,40,2211,2224.6,2154,0,0,738633.74467056,607,3,0
3497.57636466228,40,2218.4,2183.2,2108,0,0,738633.744671023,607,3,0
3497.61636372868,40,2210.4,2153.2,2083.8,0,0,738633.744671486,607,3,0
3497.65636279508,40,2203.2,2138.4,2072.6,0,0,738633.744671949,607,3,0
3497.69636186148,40,2199.8,2136.2,2077.6,0,0,738633.744672411,607,3,0
3497.73636092788,40,2203.2,2150,2078,0,0,738633.744672874,607,3,0
3497.77635999428,40,2214.2,2158.8,2088,0,0,738633.744673337,607,3,0
3497.81635906068,40,2218.8,2180.2,2101,0,0,738633.7446738,607,3,0
3497.85635812708,40,2216.6,2207.4,2135,0,0,738633.744674263,607,3,0
3497.89635719348,40,2198,2233.8,2174.6,0,0,738633.744674726,607,3,0
3497.93635625988,40,2167,2243.6,2227.6,0,0,738633.744675189,607,3,0
3497.97635532628,40,2131,2232.8,2268.6,0,0,738633.744675652,607,3,0
3498.01635439268,40,2119.2,2229.4,2275.2,0,0,738633.744676115,607,3,0
3498.05635345908,40,2140,2230.4,2255.8,0,0,738633.744676578,607,3,0
3498.09635252548,40,2173.6,2241.8,2211.2,0,0,738633.744677041,607,3,0
3498.13635159188,40,2211.4,2224.6,2156.4,0,0,738633.744677504,607,3,0
3498.17635065828,40,2222.4,2183,2107.2,0,0,738633.744677967,607,3,0
3498.21634972468,40,2213,2151.8,2087.8,0,0,738633.74467843,607,3,0
3498.25634879108,40,2195.4,2133,2075,0,0,738633.744678893,607,3,0
3498.29634785748,40,2197.2,2131,2070.6,0,0,738633.744679356,607,3,0
3498.33634692388,40,2203.6,2138.8,2075.2,0,0,738633.744679819,607,3,0
3498.37634599028,40,2208.8,2154.4,2083.6,0,0,738633.744680282,607,3,0
3498.41634505668,40,2217.4,2167,2090.4,0,0,738633.744680745,607,3,0
3498.45634412308,40,2220.6,2196,2119.4,0,0,738633.744681208,607,3,0
3498.49634318948,40,2204.8,2226,2160.2,0,0,738633.744681671,607,3,0
3498.53634225588,40,2172,2245.8,2213.2,0,0,738633.744682134,607,3,0
3498.57634132228,40,2139.4,2239.2,2260.8,0,0,738633.744682596,607,3,0
3498.61634038868,40,2127,2232.8,2266.6,0,0,738633.744683059,607,3,0
3498.65633945508,40,2155,2246,2243.8,0,0,738633.744683522,607,3,0
3498.69633852148,40,2193.2,2240.8,2193,0,0,738633.744683985,607,3,0
3498.73633758788,40,2218,2214.2,2139.8,0,0,738633.744684448,607,3,0
3498.77633665428,40,2223.8,2182,2109.2,0,0,738633.744684911,607,3,0
3498.81633572068,40,2217,2162.4,2097.2,0,0,738633.744685374,607,3,0
3498.85633478708,40,2221.4,2164.8,2093,0,0,738633.744685837,607,3,0
3498.89633385348,40,2223,2175.6,2105,0,0,738633.7446863,607,3,0
3498.93633291988,40,2221.6,2185.4,2111.4,0,0,738633.744686763,607,3,0
3498.97633198628,40,2224.8,2195.8,2123.4,0,0,738633.744687226,607,3,0
3499.01633105268,40,2213.4,2222.4,2153,0,0,738633.744687689,607,3,0
3499.05633011908,40,2184.6,2244.4,2203.6,0,0,738633.744688152,607,3,0
3499.09632918548,40,2140,2239,2260,0,0,738633.744688615,607,3,0
3499.13632825188,40,2103.4,2212,2286.6,0,0,738633.744689078,607,3,0
3499.17632731828,40,2087.2,2194,2291.8,0,0,738633.744689541,607,3,0
3499.21632638468,40,2098.6,2206.4,2287.8,0,0,738633.744690004,607,3,0
3499.25632545108,40,2120.8,2226.4,2277.8,0,0,738633.744690467,607,3,0
3499.29632451748,40,2160.4,2245.8,2238.8,0,0,738633.74469093,607,3,0
3499.33632358388,40,2195.8,2240,2188,0,0,738633.744691393,607,3,0
3499.37632265028,40,2220.4,2211,2139.4,0,0,738633.744691856,607,3,0
3499.41632171668,40,2221.8,2185.8,2109.2,0,0,738633.744692318,607,3,0
3499.45632078308,40,2218,2172.4,2099.6,0,0,738633.744692781,607,3,0
3499.49631984948,40,2223.2,2179.8,2106,0,0,738633.744693244,607,3,0
3499.53631891588,40,2221.4,2191.2,2113.8,0,0,738633.744693707,607,3,0
3499.57631798228,40,2220.6,2205,2132.2,0,0,738633.74469417,607,3,0
3499.61631704868,40,2204.4,2226.2,2159.8,0,0,738633.744694633,607,3,0
3499.65631611508,40,2176.6,2237,2201.4,0,0,738633.744695096,607,3,0
3499.69631518148,40,2143.4,2239.2,2255,0,0,738633.744695559,607,3,0
3499.73631424788,40,2110.4,2217.6,2281.6,0,0,738633.744696022,607,3,0
3499.77631331428,40,2096,2202,2290,0,0,738633.744696485,607,3,0
3499.81631238068,40,2104.6,2211,2289.4,0,0,738633.744696948,607,3,0
3499.85631144708,40,2131,2234.6,2270.6,0,0,738633.744697411,607,3,0
3499.89631051348,40,2167.8,2247.4,2226,0,0,738633.744697874,607,3,0
3499.93630957988,40,2201.8,2234.2,2176.8,0,0,738633.744698337,607,3,0
3499.97630864628,40,2223,2209.6,2134,0,0,738633.7446988,607,3,0
3500.01630771268,40,2220.8,2179.4,2107.8,0,0,738633.744699263,607,3,0
3500.05630677908,40,2206.8,2151.4,2085.8,0,0,738633.744699726,607,3,0
3500.09630584548,40,2196.6,2136,2074,0,0,738633.744700189,607,3,0
3500.13630491188,40,2191.4,2129.2,2066.8,0,0,738633.744700652,607,3,0
3500.17630397828,40,2193,2129.6,2071.2,0,0,738633.744701115,607,3,0
3500.21630304468,40,2195,2134,2072.2,0,0,738633.744701577,607,3,0
3500.25630211108,40,2198.2,2133.6,2074,0,0,738633.74470204,607,3,0
3500.29630117748,40,2199.8,2140.6,2076.2,0,0,738633.744702503,607,3,0
3500.33630024388,40,2200.6,2143.6,2075.4,0,0,738633.744702966,607,3,0
3500.37629931028,40,2204.6,2144.8,2086.4,0,0,738633.744703429,607,3,0
3500.41629837668,40,2216.6,2158.4,2087.4,0,0,738633.744703892,607,3,0
3500.45629744308,40,2218.6,2170.2,2094.8,0,0,738633.744704355,607,3,0
3500.49629650948,40,2223,2189.6,2114,0,0,738633.744704818,607,3,0
3500.53629557588,40,2222.8,2206.8,2137,0,0,738633.744705281,607,3,0
3500.57629464228,40,2209.2,2234.6,2170,0,0,738633.744705744,607,3,0
3500.61629370868,40,2181,2244.2,2210.6,0,0,738633.744706207,607,3,0
3500.65629277508,40,2144.8,2241.2,2256.4,0,0,738633.74470667,607,3,0
3500.69629184148,40,2107,2212,2286.6,0,0,738633.744707133,607,3,0
3500.73629090788,40,2076,2177,2288.8,0,0,738633.744707596,607,3,0
3500.77628997428,40,2066,2150.8,2268.6,0,0,738633.744708059,607,3,0
3500.81628904068,40,2066.6,2158.4,2272.2,0,0,738633.744708522,607,3,0
3500.85628810708,40,2088.4,2188.6,2282.2,0,0,738633.744708985,607,3,0
3500.89628717348,40,2120.2,2228.8,2273.2,0,0,738633.744709448,607,3,0
3500.93628623988,40,2166.2,2247,2226,0,0,738633.744709911,607,3,0
3500.97628530628,40,2208.2,2230.4,2169.8,0,0,738633.744710374,607,3,0
3501.01628437268,40,2219.4,2193.2,2118,0,0,738633.744710837,607,3,0
3501.05628343908,40,2208.2,2155,2085,0,0,738633.7447113,607,3,0
3501.09628250548,40,2189.2,2127,2067.6,0,0,738633.744711762,607,3,0
3501.13628157188,40,2175.8,2112,2057.2,0,0,738633.744712225,607,3,0
3501.17628063828,40,2170,2106,2056,0,0,738633.744712688,607,3,0
3501.21627970468,40,2179.4,2111,2057.2,0,0,738633.744713151,607,3,0
3501.25627877108,40,2186.4,2119.2,2062.6,0,0,738633.744713614,607,3,0
3501.29627783748,40,2192.6,2127.4,2069.4,0,0,738633.744714077,607,3,0
3501.33627690388,40,2202.4,2139.4,2074.4,0,0,738633.74471454,607,3,0
3501.37627597028,40,2212,2151.8,2085.8,0,0,738633.744715003,607,3,0
3501.41627503668,40,2216.4,2164,2095.6,0,0,738633.744715466,607,3,0
3501.45627410308,40,2221.2,2179.2,2109,0,0,738633.744715929,607,3,0
3501.49627316948,40,2224.4,2191.8,2122.2,0,0,738633.744716392,607,3,0
3501.53627223588,40,2218.2,2220,2146.8,0,0,738633.744716855,607,3,0
3501.57627130228,40,2193.8,2239.4,2184.8,0,0,738633.744717318,607,3,0
3501.61627036868,40,2166,2243,2229,0,0,738633.744717781,607,3,0
3501.65626943508,40,2125.6,2233.2,2273.4,0,0,738633.744718244,607,3,0
3501.69626850148,40,2093,2199,2285.6,0,0,738633.744718707,607,3,0
3501.73626756788,40,2069.2,2166,2277.2,0,0,738633.74471917,607,3,0
3501.77626663428,40,2059.4,2156,2269.2,0,0,738633.744719633,607,3,0
3501.81626570068,40,2069.4,2169,2282.6,0,0,738633.744720096,607,3,0
3501.85626476708,40,2103,2203.8,2287.4,0,0,738633.744720559,607,3,0
3501.89626383348,40,2143,2242.4,2258.6,0,0,738633.744721022,607,3,0
3501.93626289988,40,2187,2240,2203,0,0,738633.744721484,607,3,0
3501.97626196628,40,2217.8,2222.2,2148.8,0,0,738633.744721947,607,3,0
3502.01626103268,40,2223,2184.6,2111.4,0,0,738633.74472241,607,3,0
3502.05626009908,40,2212,2152.6,2086.6,0,0,738633.744722873,607,3,0
3502.09625916548,40,2202.4,2135.4,2071.8,0,0,738633.744723336,607,3,0
3502.13625823188,40,2192.6,2128.8,2067.6,0,0,738633.744723799,607,3,0
3502.17625729828,40,2195.2,2126.8,2068.6,0,0,738633.744724262,607,3,0
3502.21625636468,40,2196.6,2132.2,2069.4,0,0,738633.744724725,607,3,0
3502.25625543108,40,2199.6,2137.6,2073.6,0,0,738633.744725188,607,3,0
3502.29625449748,40,2202.4,2143,2075.4,0,0,738633.744725651,607,3,0
3502.33625356388,40,2207.2,2151.8,2082.6,0,0,738633.744726114,607,3,0
3502.37625263028,40,2213.6,2160,2088.2,0,0,738633.744726577,607,3,0
3502.41625169668,40,2216.8,2170.6,2097.6,0,0,738633.74472704,607,3,0
3502.45625076308,40,2224.6,2188.8,2116.2,0,0,738633.744727503,607,3,0
3502.49624982948,40,2224.4,2212,2139.2,0,0,738633.744727966,607,3,0
3502.53624889588,40,2208.8,2231.4,2169.8,0,0,738633.744728429,607,3,0
3502.57624796228,40,2183.8,2247.8,2204.2,0,0,738633.744728892,607,3,0
3502.61624702868,40,2152.2,2247.6,2246.8,0,0,738633.744729355,607,3,0
3502.65624609508,40,2118.6,2227.6,2282.8,0,0,738633.744729818,607,3,0
3502.69624516148,40,2088.6,2195.8,2288.6,0,0,738633.744730281,607,3,0
3502.73624422788,40,2066.2,2163.8,2279.4,0,0,738633.744730743,607,3,0
3502.77624329428,40,2059.2,2146.2,2253.2,0,0,738633.744731206,607,3,0
3502.81624236068,40,2068.2,2159.4,2266.2,0,0,738633.744731669,607,3,0
3502.85624142708,40,2088.8,2194.8,2288.4,0,0,738633.744732132,607,3,0
3502.89624049348,40,2127.4,2233.4,2276.4,0,0,738633.744732595,607,3,0
3502.93623955988,40,2174.6,2249.6,2222.6,0,0,738633.744733058,607,3,0
3502.97623862628,40,2206.6,2230.4,2167.4,0,0,738633.744733521,607,3,0
3503.01623769268,40,2222,2198.2,2123.8,0,0,738633.744733984,607,3,0
3503.05623675908,40,2218.2,2169.8,2097.8,0,0,738633.744734447,607,3,0
3503.09623582548,40,2208,2145.2,2080.4,0,0,738633.74473491,607,3,0
3503.13623489188,40,2199.4,2135.4,2075.2,0,0,738633.744735373,607,3,0
3503.17623395828,40,2199.4,2133.2,2073.4,0,0,738633.744735836,607,3,0
3503.21623302468,40,2204.4,2139.4,2073,0,0,738633.744736299,607,3,0
3503.25623209108,40,2208.8,2146,2081.6,0,0,738633.744736762,607,3,0
3503.29623115748,40,2210.6,2152,2082.6,0,0,738633.744737225,607,3,0
3503.33623022388,40,2211,2163.4,2094.8,0,0,738633.744737688,607,3,0
3503.37622929028,40,2214.2,2171.4,2096.8,0,0,738633.744738151,607,3,0
3503.41622835668,40,2223.2,2186.6,2113.8,0,0,738633.744738614,607,3,0
3503.45622742308,40,2219,2200.4,2128,0,0,738633.744739077,607,3,0
3503.49622648948,40,2209.6,2219.8,2153,0,0,738633.74473954,607,3,0
3503.53622555588,40,2195.4,2237.2,2185.4,0,0,738633.744740003,607,3,0
3503.57622462228,40,2172.2,2246,2224.2,0,0,738633.744740466,607,3,0
3503.61622368868,40,2139.4,2238,2260.4,0,0,738633.744740928,607,3,0
3503.65622275508,40,2108.4,2216.4,2286,0,0,738633.744741391,607,3,0
3503.69622182148,40,2086.2,2189.4,2293.6,0,0,738633.744741854,607,3,0
3503.73622088788,40,2063.8,2165.2,2281,0,0,738633.744742317,607,3,0
3503.77621995428,40,2067.2,2163.4,2272.8,0,0,738633.74474278,607,3,0
3503.81621902068,40,2073.8,2175.6,2280.8,0,0,738633.744743243,607,3,0
3503.85621808708,40,2101.6,2210.4,2288.2,0,0,738633.744743706,607,3,0
3503.89621715348,40,2145,2239.8,2253.4,0,0,738633.744744169,607,3,0
3503.93621621988,40,2190.6,2240.6,2196.6,0,0,738633.744744632,607,3,0
3503.97621528628,40,2217.6,2211,2141.4,0,0,738633.744745095,607,3,0
3504.01621435268,40,2222.4,2176.6,2105,0,0,738633.744745558,607,3,0
3504.05621341908,40,2206,2148.8,2082.8,0,0,738633.744746021,607,3,0
3504.09621248548,40,2192,2129.2,2064.6,0,0,738633.744746484,607,3,0
3504.13621155188,40,2179.6,2116.8,2062.6,0,0,738633.744746947,607,3,0
3504.17621061828,40,2184.2,2116.4,2063,0,0,738633.74474741,607,3,0
3504.21620968468,40,2190.6,2123,2070.2,0,0,738633.744747873,607,3,0
3504.25620875108,40,2198.2,2131,2072,0,0,738633.744748336,607,3,0
3504.29620781748,40,2199.4,2133.4,2073,0,0,738633.744748799,607,3,0
3504.33620688388,40,2205.4,2143.2,2081.8,0,0,738633.744749262,607,3,0
3504.37620595028,40,2212,2153.8,2085.2,0,0,738633.744749725,607,3,0
3504.41620501668,40,2216.4,2172,2101.4,0,0,738633.744750187,607,3,0
3504.45620408308,40,2221.8,2195.2,2121,0,0,738633.74475065,607,3,0
3504.49620314948,40,2214.4,2219,2148.2,0,0,738633.744751113,607,3,0
3504.53620221588,40,2193.8,2239.8,2188.6,0,0,738633.744751576,607,3,0
3504.57620128228,40,2160,2243.8,2236.8,0,0,738633.744752039,607,3,0
3504.61620034868,40,2119,2227,2279,0,0,738633.744752502,607,3,0
3504.65619941508,40,2086.8,2192,2292.8,0,0,738633.744752965,607,3,0
3504.69619848148,40,2065.8,2155.8,2273.8,0,0,738633.744753428,607,3,0
3504.73619754788,40,2060.8,2151.2,2259.4,0,0,738633.744753891,607,3,0
3504.77619661428,40,2071.6,2168.4,2278,0,0,738633.744754354,607,3,0
3504.81619568068,40,2097.8,2201,2288.4,0,0,738633.744754817,607,3,0
3504.85619474708,40,2136.8,2236,2264,0,0,738633.74475528,607,3,0
3504.89619381348,40,2178.2,2246,2214.8,0,0,738633.744755743,607,3,0
3504.93619287988,40,2204.8,2228.8,2165.2,0,0,738633.744756206,607,3,0
3504.97619194628,40,2213.6,2201,2128,0,0,738633.744756669,607,3,0
3505.01619101268,40,2219.4,2177.8,2107.6,0,0,738633.744757132,607,3,0
3505.05619007908,40,2215.4,2169.2,2093,0,0,738633.744757595,607,3,0
3505.09618914548,40,2208.6,2161,2091.8,0,0,738633.744758058,607,3,0
3505.13618821188,40,2217.4,2164.8,2091.6,0,0,738633.744758521,607,3,0
3505.17618727828,40,2213.6,2174,2101.6,0,0,738633.744758984,607,3,0
3505.21618634468,40,2219,2177,2106.2,0,0,738633.744759446,607,3,0
3505.25618541108,40,2218.8,2186,2110.8,0,0,738633.744759909,607,3,0
3505.29618447748,40,2218,2191,2116.8,0,0,738633.744760372,607,3,0
3505.33618354388,40,2215,2204,2128,0,0,738633.744760835,607,3,0
3505.37618261028,40,2208.6,2215.6,2145.6,0,0,738633.744761298,607,3,0
3505.41618167668,40,2191,2229,2176,0,0,738633.744761761,607,3,0
3505.45618074308,40,2168.4,2242.6,2207.6,0,0,738633.744762224,607,3,0
3505.49617980948,40,2142.4,2240,2248.2,0,0,738633.744762687,607,3,0
3505.53617887588,40,2113.2,2218.2,2283.4,0,0,738633.74476315,607,3,0
3505.57617794228,40,2081,2189.4,2294,0,0,738633.744763613,607,3,0
3505.61617700868,40,2064,2155.8,2272.6,0,0,738633.744764076,607,3,0
3505.65617607508,40,2052.4,2140.2,2250.4,0,0,738633.744764539,607,3,0
3505.69617514148,40,2058.8,2146.6,2260,0,0,738633.744765002,607,3,0
3505.73617420788,40,2074.8,2171.8,2279.8,0,0,738633.744765465,607,3,0
3505.77617327428,40,2103.2,2209.8,2288.8,0,0,738633.744765928,607,3,0
3505.81617234068,40,2142.6,2244.6,2257.4,0,0,738633.744766391,607,3,0
3505.85617140708,40,2185.8,2244.4,2205.8,0,0,738633.744766854,607,3,0
3505.89617047348,40,2214.2,2227,2157.8,0,0,738633.744767317,607,3,0
3505.93616953988,40,2223.6,2198,2123.8,0,0,738633.74476778,607,3,0
3505.97616860628,40,2217.6,2169,2098,0,0,738633.744768243,607,3,0
3506.01616767268,40,2211.4,2154,2088.2,0,0,738633.744768706,607,3,0
3506.05616673908,40,2212,2152.2,2081.4,0,0,738633.744769169,607,3,0
3506.09616580548,40,2213.4,2160.2,2090.4,0,0,738633.744769631,607,3,0
3506.13616487188,40,2216.8,2169.6,2098.4,0,0,738633.744770094,607,3,0
3506.17616393828,40,2221,2180.6,2105.8,0,0,738633.744770557,607,3,0
3506.21616300468,40,2219.8,2194.6,2116.8,0,0,738633.74477102,607,3,0
3506.25616207108,40,2219.4,2205.8,2136,0,0,738633.744771483,607,3,0
3506.29616113748,40,2214.4,2226.4,2159.6,0,0,738633.744771946,607,3,0
3506.33616020388,40,2195.6,2240.6,2188.8,0,0,738633.744772409,607,3,0
3506.37615927028,40,2168.2,2248,2228,0,0,738633.744772872,607,3,0
3506.41615833668,40,2137,2236.6,2269.2,0,0,738633.744773335,607,3,0
3506.45615740308,40,2103.2,2210.2,2291.6,0,0,738633.744773798,607,3,0
3506.49615646948,40,2076.2,2178.4,2286.2,0,0,738633.744774261,607,3,0
3506.53615553588,40,2058.8,2149.6,2267,0,0,738633.744774724,607,3,0
3506.57615460228,40,2047.6,2132.6,2238.4,0,0,738633.744775187,607,3,0
3506.61615366868,40,2048.8,2132,2241.4,0,0,738633.74477565,607,3,0
3506.65615273508,40,2064.2,2156.2,2263.4,0,0,738633.744776113,607,3,0
3506.69615180148,40,2090,2196.2,2288.2,0,0,738633.744776576,607,3,0
3506.73615086788,40,2131.6,2231.8,2274.6,0,0,738633.744777039,607,3,0
3506.77614993428,40,2177.2,2242.6,2219.4,0,0,738633.744777502,607,3,0
3506.81614900068,40,2206.6,2232.8,2169.2,0,0,738633.744777965,607,3,0
3506.85614806708,40,2221.2,2200.4,2128.6,0,0,738633.744778428,607,3,0
3506.89614713348,40,2218.8,2173.2,2097.8,0,0,738633.744778891,607,3,0
3506.93614619988,40,2210,2154.8,2087.8,0,0,738633.744779353,607,3,0
3506.97614526628,40,2206.6,2143,2080,0,0,738633.744779816,607,3,0
3507.01614433268,40,2210.4,2145.8,2082.4,0,0,738633.744780279,607,3,0
3507.05614339908,40,2213.2,2155,2087.8,0,0,738633.744780742,607,3,0
3507.09614246548,40,2217.4,2161.4,2093.4,0,0,738633.744781205,607,3,0
3507.13614153188,40,2224.4,2175.4,2101.6,0,0,738633.744781668,607,3,0
3507.17614059828,40,2222.8,2186.4,2112.4,0,0,738633.744782131,607,3,0
3507.21613966468,40,2224.4,2200.4,2128.8,0,0,738633.744782594,607,3,0
3507.25613873108,40,2213.6,2224.4,2156.8,0,0,738633.744783057,607,3,0
3507.29613779748,40,2189.8,2244.2,2191.6,0,0,738633.74478352,607,3,0
3507.33613686388,40,2161.8,2245.2,2236.6,0,0,738633.744783983,607,3,0
3507.37613593028,40,2131.2,2236.4,2270.4,0,0,738633.744784446,607,3,0
3507.41613499668,40,2108,2221.2,2288.4,0,0,738633.744784909,607,3,0
3507.45613406308,40,2092.4,2196.2,2291.4,0,0,738633.744785372,607,3,0
3507.49613312948,40,2092.2,2197.2,2291.2,0,0,738633.744785835,607,3,0
3507.53613219588,40,2097,2204.6,2289.8,0,0,738633.744786298,607,3,0
3507.57613126228,40,2112.8,2221.8,2279.4,0,0,738633.744786761,607,3,0
3507.61613032868,40,2132.2,2234.4,2266.2,0,0,738633.744787224,607,3,0
3507.65612939508,40,2157,2246.8,2237.8,0,0,738633.744787687,607,3,0
3507.69612846148,40,2184.8,2244.4,2204.4,0,0,738633.74478815,607,3,0
3507.73612752788,40,2205.4,2234.2,2172.4,0,0,738633.744788612,607,3,0
3507.77612659428,40,2212.6,2213.2,2145.8,0,0,738633.744789075,607,3,0
3507.81612566068,40,2219.6,2197.4,2120.6,0,0,738633.744789538,607,3,0
3507.85612472708,40,2220.8,2179.6,2108.2,0,0,738633.744790001,607,3,0
3507.89612379348,40,2215.8,2171,2096.2,0,0,738633.744790464,607,3,0
3507.93612285988,40,2211.4,2164.6,2093,0,0,738633.744790927,607,3,0
3507.97612192628,40,2212,2166.4,2088.6,0,0,738633.74479139,607,3,0
3508.01612099268,40,2213.2,2167.6,2099.4,0,0,738633.744791853,607,3,0
3508.05612005908,40,2215.8,2173.4,2100.6,0,0,738633.744792316,607,3,0
3508.09611912548,40,2217.8,2181,2108.4,0,0,738633.744792779,607,3,0
3508.13611819188,40,2220.2,2187.6,2114,0,0,738633.744793242,607,3,0
3508.17611725828,40,2220.8,2196,2118.4,0,0,738633.744793705,607,3,0
3508.21611632468,40,2224.6,2202.8,2129.6,0,0,738633.744794168,607,3,0
3508.25611539108,40,2220.2,2204.6,2134,0,0,738633.744794631,607,3,0
3508.29611445748,40,2218.2,2210,2134.8,0,0,738633.744795094,607,3,0
3508.33611352388,40,2217.6,2209,2134.8,0,0,738633.744795557,607,3,0
3508.37611259028,40,2223.4,2211.6,2137.6,0,0,738633.74479602,607,3,0
3508.41611165668,40,2219.6,2214.8,2141.8,0,0,738633.744796483,607,3,0
3508.45611072308,40,2220.2,2213.6,2140.6,0,0,738633.744796946,607,3,0
3508.49610978948,40,2217.8,2211.6,2140.2,0,0,738633.744797409,607,3,0
3508.53610885588,40,2214.4,2212.6,2141,0,0,738633.744797872,607,3,0
3508.57610792228,40,2213.6,2212.4,2145.6,0,0,738633.744798335,607,3,0
3508.61610698868,40,2214,2218,2145.6,0,0,738633.744798797,607,3,0
3508.65610605508,40,2215.4,2219.2,2155,0,0,738633.74479926,607,3,0
3508.69610512148,40,2212.4,2220.6,2156.8,0,0,738633.744799723,607,3,0
3508.73610418788,40,2211.8,2221.8,2158.8,0,0,738633.744800186,607,3,0
3508.77610325428,40,2213,2225,2162.2,0,0,738633.744800649,607,3,0
3508.81610232068,40,2206.8,2224.8,2163.8,0,0,738633.744801112,607,3,0
3508.85610138708,40,2211.2,2224.6,2161.2,0,0,738633.744801575,607,3,0
3508.89610045348,40,2207.2,2226.2,2161.8,0,0,738633.744802038,607,3,0
3508.93609951988,40,2203.4,2224.2,2163.4,0,0,738633.744802501,607,3,0
3508.97609858628,40,2203,2227.6,2162,0,0,738633.744802964,607,3,0
3509.01609765268,40,2201.4,2222.6,2161,0,0,738633.744803427,607,3,0
3509.05609671908,40,2203.4,2226.8,2163.4,0,0,738633.74480389,607,3,0
3509.09609578548,40,2200,2230.6,2169.4,0,0,738633.744804353,607,3,0
3509.13609485188,40,2195,2234.8,2181,0,0,738633.744804816,607,3,0
3509.17609391828,40,2195.2,2239.4,2190,0,0,738633.744805279,607,3,0
3509.21609298468,40,2196,2243.4,2195.6,0,0,738633.744805742,607,3,0
3509.25609205108,40,2191.2,2246,2203.8,0,0,738633.744806205,607,3,0
3509.29609111748,40,2183.2,2246.8,2211.4,0,0,738633.744806668,607,3,0
3509.33609018388,40,2170.6,2245.4,2223.4,0,0,738633.744807131,607,3,0
3509.37608925028,40,2156.4,2246.2,2247.2,0,0,738633.744807594,607,3,0
3509.41608831668,40,2124.2,2232.4,2275,0,0,738633.744808057,607,3,0
3509.45608738308,40,2101.4,2205.4,2281.4,0,0,738633.744808519,607,3,0
3509.49608644948,40,2073,2175,2279.6,0,0,738633.744808982,607,3,0
3509.53608551588,40,2066.2,2160.4,2278,0,0,738633.744809445,607,3,0
3509.57608458228,40,2070.6,2164,2273.6,0,0,738633.744809908,607,3,0
3509.61608364868,40,2077.8,2179.4,2284.2,0,0,738633.744810371,607,3,0
3509.65608271508,40,2098.2,2200.6,2278.2,0,0,738633.744810834,607,3,0
3509.69608178148,40,2124.6,2230,2269.8,0,0,738633.744811297,607,3,0
3509.73608084788,40,2160,2242.4,2234.2,0,0,738633.74481176,607,3,0
3509.77607991428,40,2191.6,2228.6,2179.6,0,0,738633.744812223,607,3,0
3509.81607898068,40,2209.6,2203.8,2134,0,0,738633.744812686,607,3,0
3509.85607804708,40,2211.4,2177.2,2106.8,0,0,738633.744813149,607,3,0
3509.89607711348,40,2214.4,2165.8,2094.2,0,0,738633.744813612,607,3,0
3509.93607617988,40,2217.4,2177.4,2102.6,0,0,738633.744814075,607,3,0
3509.97607524628,40,2220.6,2198.2,2124,0,0,738633.744814538,607,3,0
3510.01607431268,40,2212.2,2217,2143.2,0,0,738633.744815001,607,3,0
3510.05607337908,40,2198.2,2238.4,2177.8,0,0,738633.744815464,607,3,0
3510.09607244548,40,2169.2,2246.4,2224.8,0,0,738633.744815927,607,3,0
3510.13607151188,40,2130,2236.2,2270.8,0,0,738633.74481639,607,3,0
3510.17607057828,40,2096.2,2206,2292.2,0,0,738633.744816853,607,3,0
3510.21606964468,40,2073,2176.6,2283.8,0,0,738633.744817316,607,3,0
3510.25606871108,40,2072.2,2170.6,2277.8,0,0,738633.744817778,607,3,0
3510.29606777748,40,2084.8,2190,2286.2,0,0,738633.744818241,607,3,0
3510.33606684388,40,2108.8,2217.6,2283.8,0,0,738633.744818704,607,3,0
3510.37606591028,40,2140.4,2242.4,2261.2,0,0,738633.744819167,607,3,0
3510.41606497668,40,2173.2,2242.6,2219.2,0,0,738633.74481963,607,3,0
3510.45606404308,40,2205,2233.8,2175,0,0,738633.744820093,607,3,0
3510.49606310948,40,2223,2206,2130.6,0,0,738633.744820556,607,3,0
3510.53606217588,40,2222.8,2174.6,2098.4,0,0,738633.744821019,607,3,0
3510.57606124228,40,2214,2151.4,2083.8,0,0,738633.744821482,607,3,0
3510.61606030868,40,2211,2149.4,2081.2,0,0,738633.744821945,607,3,0
3510.65605937508,40,2211.4,2159.2,2089,0,0,738633.744822408,607,3,0
3510.69605844148,40,2219.2,2178.6,2108.4,0,0,738633.744822871,607,3,0
3510.73605750788,40,2219.6,2203,2133.6,0,0,738633.744823334,607,3,0
3510.77605657428,40,2204,2234.4,2173.6,0,0,738633.744823797,607,3,0
3510.81605564068,40,2167.4,2251.2,2230.8,0,0,738633.74482426,607,3,0
3510.85605470708,40,2123.4,2231.4,2275.4,0,0,738633.744824723,607,3,0
3510.89605377348,40,2086.6,2189,2290,0,0,738633.744825186,607,3,0
3510.93605283988,40,2061.6,2152,2267.2,0,0,738633.744825649,607,3,0
3510.97605190628,40,2059.8,2147.8,2260.2,0,0,738633.744826112,607,3,0
3511.01605097268,40,2063.6,2160,2269.2,0,0,738633.744826575,607,3,0
3511.05605003908,40,2082.2,2184.6,2286.6,0,0,738633.744827038,607,3,0
3511.09604910548,40,2107.4,2217.2,2289.4,0,0,738633.744827501,607,3,0
3511.13604817188,40,2145.8,2243.2,2260.4,0,0,738633.744827963,607,3,0
3511.17604723828,40,2181.6,2248.2,2209,0,0,738633.744828426,607,3,0
3511.21604630468,40,2214,2226,2160,0,0,738633.744828889,607,3,0
3511.25604537108,40,2223.4,2188.2,2114.2,0,0,738633.744829352,607,3,0
3511.29604443748,40,2210.2,2144.2,2083.2,0,0,738633.744829815,607,3,0
3511.33604350388,40,2184.4,2121.8,2066.6,0,0,738633.744830278,607,3,0
3511.37604257028,40,2160.8,2101,2054.2,0,0,738633.744830741,607,3,0
3511.41604163668,40,2155.6,2098.4,2050,0,0,738633.744831204,607,3,0
3511.45604070308,40,2163,2103.2,2054.6,0,0,738633.744831667,607,3,0
3511.49603976948,40,2177,2119,2058.2,0,0,738633.74483213,607,3,0
3511.53603883588,40,2199.6,2127.6,2069.4,0,0,738633.744832593,607,3,0
3511.57603790228,40,2214,2156.6,2086.6,0,0,738633.744833056,607,3,0
3511.61603696868,40,2223.4,2185.2,2113.8,0,0,738633.744833519,607,3,0
3511.65603603508,40,2210.6,2225.8,2155.4,0,0,738633.744833982,607,3,0
3511.69603510148,40,2172.8,2242.8,2212.4,0,0,738633.744834445,607,3,0
3511.73603416788,40,2122.8,2228.2,2267.8,0,0,738633.744834908,607,3,0
3511.77603323428,40,2080.8,2187.4,2287,0,0,738633.744835371,607,3,0
3511.81603230068,40,2060.8,2148,2265,0,0,738633.744835834,607,3,0
3511.85603136708,40,2052,2135.8,2243.4,0,0,738633.744836297,607,3,0
3511.89603043348,40,2058.4,2147.6,2257.6,0,0,738633.74483676,607,3,0
3511.93602949988,40,2076.4,2168.2,2264.4,0,0,738633.744837223,607,3,0
3511.97602856628,40,2092.2,2199,2283.8,0,0,738633.744837685,607,3,0
3512.01602763268,40,2124.8,2228.8,2268.6,0,0,738633.744838148,607,3,0
3512.05602669908,40,2163,2242.4,2224.4,0,0,738633.744838611,607,3,0
3512.09602576548,40,2198.6,2222.8,2159.2,0,0,738633.744839074,607,3,0
3512.13602483188,40,2214,2179.8,2108.6,0,0,738633.744839537,607,3,0
3512.17602389828,40,2188.6,2135,2073.2,0,0,738633.74484,607,3,0
3512.21602296468,40,2160.6,2099.8,2048.8,0,0,738633.744840463,607,3,0
3512.25602203108,40,2136,2077.8,2040.6,0,0,738633.744840926,607,3,0
3512.29602109748,40,2119,2073.8,2036.8,0,0,738633.744841389,607,3,0
3512.33602016388,40,2128.2,2080,2039.8,0,0,738633.744841852,607,3,0
3512.37601923028,40,2150,2096,2047.8,0,0,738633.744842315,607,3,0
3512.41601829668,40,2174.4,2114.6,2062,0,0,738633.744842778,607,3,0
3512.45601736308,40,2195.4,2141.2,2078,0,0,738633.744843241,607,3,0
3512.49601642948,40,2218.4,2168.8,2099.2,0,0,738633.744843704,607,3,0
3512.53601549588,40,2220.2,2208.4,2133.2,0,0,738633.744844167,607,3,0
3512.57601456228,40,2196.6,2235.2,2186.2,0,0,738633.74484463,607,3,0
3512.61601362868,40,2150.6,2239.4,2244.4,0,0,738633.744845093,607,3,0
3512.65601269508,40,2103.6,2210.4,2283.2,0,0,738633.744845556,607,3,0
3512.69601176148,40,2073,2174.8,2278.8,0,0,738633.744846019,607,3,0
3512.73601082788,40,2054,2142.2,2259.4,0,0,738633.744846481,607,3,0
3512.77600989428,40,2056.2,2144.8,2252.6,0,0,738633.744846944,607,3,0
3512.81600896068,40,2065,2156.8,2267.4,0,0,738633.744847407,607,3,0
3512.85600802708,40,2082.8,2187.8,2281.2,0,0,738633.74484787,607,3,0
3512.89600709348,40,2110.4,2216.8,2280.4,0,0,738633.744848333,607,3,0
3512.93600615988,40,2150.2,2244.2,2253,0,0,738633.744848796,607,3,0
3512.97600522628,40,2192.8,2242.6,2189.2,0,0,738633.744849259,607,3,0
3513.01600429268,40,2218.4,2207.4,2130.6,0,0,738633.744849722,607,3,0
3513.05600335908,40,2210.4,2151.4,2084.8,0,0,738633.744850185,607,3,0
3513.09600242548,40,2173,2114,2057.4,0,0,738633.744850648,607,3,0
3513.13600149188,40,2139.6,2085.6,2043,0,0,738633.744851111,607,3,0
3513.17600055828,40,2111.8,2071.6,2040.8,0,0,738633.744851574,607,3,0
3513.21599962468,40,2110.8,2071.2,2036.6,0,0,738633.744852037,607,3,0
3513.25599869108,40,2123.2,2077,2041.8,0,0,738633.7448525,607,3,0
3513.29599775748,40,2147.4,2091.4,2051.8,0,0,738633.744852963,607,3,0
3513.33599682388,40,2175.2,2114.8,2063.2,0,0,738633.744853426,607,3,0
3513.37599589028,40,2201.4,2145.6,2080.2,0,0,738633.744853889,607,3,0
3513.41599495668,40,2221,2182.8,2105.8,0,0,738633.744854352,607,3,0
3513.45599402308,40,2217.2,2222.2,2149.4,0,0,738633.744854815,607,3,0
3513.49599308948,40,2181.2,2247.6,2213.2,0,0,738633.744855278,607,3,0
3513.53599215588,40,2128,2231,2269.6,0,0,738633.744855741,607,3,0
3513.57599122228,40,2089.8,2196,2288.6,0,0,738633.744856204,607,3,0
3513.61599028868,40,2066.4,2156.6,2271.8,0,0,738633.744856667,607,3,0
3513.65598935508,40,2064,2155.4,2268.6,0,0,738633.744857129,607,3,0
3513.69598842148,40,2070.8,2169.4,2281.8,0,0,738633.744857592,607,3,0
3513.73598748788,40,2095.2,2200.8,2290.2,0,0,738633.744858055,607,3,0
3513.77598655428,40,2128.6,2232.4,2271,0,0,738633.744858518,607,3,0
3513.81598562068,40,2170.4,2245.2,2224,0,0,738633.744858981,607,3,0
3513.85598468708,40,2211,2227.6,2162.2,0,0,738633.744859444,607,3,0
3513.89598375348,40,2220.2,2181.4,2109,0,0,738633.744859907,607,3,0
3513.93598281988,40,2192.8,2133.4,2069.6,0,0,738633.74486037,607,3,0
3513.97598188628,40,2154.4,2095.6,2050.4,0,0,738633.744860833,607,3,0
3514.01598095268,40,2113.6,2070.2,2041.8,0,0,738633.744861296,607,3,0
3514.05598001908,40,2098,2062.8,2032.4,0,0,738633.744861759,607,3,0
3514.09597908548,40,2102.8,2065,2036.8,0,0,738633.744862222,607,3,0
3514.13597815188,40,2115.2,2072.8,2037.8,0,0,738633.744862685,607,3,0
3514.17597721828,40,2127.4,2082.2,2044,0,0,738633.744863148,607,3,0
3514.21597628468,40,2154.8,2100.4,2056,0,0,738633.744863611,607,3,0
3514.25597535108,40,2187.2,2125.8,2068.6,0,0,738633.744864074,607,3,0
3514.29597441748,40,2217.6,2160.6,2090.6,0,0,738633.744864537,607,3,0
3514.33597348388,40,2222.8,2205,2133.6,0,0,738633.744865,607,3,0
3514.37597255028,40,2203.8,2240.2,2185.2,0,0,738633.744865463,607,3,0
3514.41597161668,40,2152.4,2244,2250.8,0,0,738633.744865926,607,3,0
3514.45597068308,40,2106,2209.4,2282,0,0,738633.744866389,607,3,0
3514.49596974948,40,2072.8,2169.2,2282,0,0,738633.744866851,607,3,0
3514.53596881588,40,2056.8,2142.4,2260.2,0,0,738633.744867314,607,3,0
3514.57596788228,40,2058.6,2151.2,2263.4,0,0,738633.744867777,607,3,0
3514.61596694868,40,2071.4,2171.8,2276.8,0,0,738633.74486824,607,3,0
3514.65596601508,40,2107.2,2210.6,2282.2,0,0,738633.744868703,607,3,0
3514.69596508148,40,2149,2239,2251,0,0,738633.744869166,607,3,0
3514.73596414788,40,2199,2242.2,2187.6,0,0,738633.744869629,607,3,0
3514.77596321428,40,2224.8,2199.2,2122.6,0,0,738633.744870092,607,3,0
3514.81596228068,40,2206,2146.6,2082,0,0,738633.744870555,607,3,0
3514.85596134708,40,2162.4,2104,2056.2,0,0,738633.744871018,607,3,0
3514.89596041348,40,2125,2077.8,2043.6,0,0,738633.744871481,607,3,0
3514.93595947988,40,2101.4,2069.8,2038.4,0,0,738633.744871944,607,3,0
3514.97595854628,40,2100.8,2068,2037,0,0,738633.744872407,607,3,0
3515.01595761268,40,2118.8,2077.4,2042,0,0,738633.74487287,607,3,0
3515.05595667908,40,2135.6,2088.4,2043.6,0,0,738633.744873333,607,3,0
3515.09595574548,40,2162.4,2101.6,2055.8,0,0,738633.744873796,607,3,0
3515.13595481188,40,2195.6,2129.6,2069.4,0,0,738633.744874259,607,3,0
3515.17595387828,40,2218.2,2174,2102,0,0,738633.744874722,607,3,0
3515.21595294468,40,2214.4,2217.8,2148,0,0,738633.744875185,607,3,0
3515.25595201108,40,2171.6,2246.6,2215.6,0,0,738633.744875647,607,3,0
3515.29595107748,40,2118.6,2221.4,2275.8,0,0,738633.74487611,607,3,0
3515.33595014388,40,2076.8,2178.6,2282.8,0,0,738633.744876573,607,3,0
3515.37594921028,40,2051.6,2136.6,2243.8,0,0,738633.744877036,607,3,0
3515.41594827668,40,2044.6,2120.4,2220.6,0,0,738633.744877499,607,3,0
3515.45594734308,40,2047.4,2130.2,2231.4,0,0,738633.744877962,607,3,0
3515.49594640948,40,2059.6,2156.6,2260.4,0,0,738633.744878425,607,3,0
3515.53594547588,40,2090.8,2193.2,2286.2,0,0,738633.744878888,607,3,0
3515.57594454228,40,2127.6,2233.2,2274.6,0,0,738633.744879351,607,3,0
3515.61594360868,40,2174,2247.8,2226.6,0,0,738633.744879814,607,3,0
3515.65594267508,40,2211.4,2224.6,2161.6,0,0,738633.744880277,607,3,0
3515.69594174148,40,2223.8,2178.2,2106.4,0,0,738633.74488074,607,3,0
3515.73594080788,40,2199,2136.6,2077.6,0,0,738633.744881203,607,3,0
3515.77593987428,40,2166.8,2103,2055.6,0,0,738633.744881666,607,3,0
3515.81593894068,40,2140,2088.8,2047,0,0,738633.744882129,607,3,0
3515.85593800708,40,2124,2081,2043.4,0,0,738633.744882592,607,3,0
3515.89593707348,40,2132.4,2087.2,2044.6,0,0,738633.744883055,607,3,0
3515.93593613988,40,2154.8,2096.6,2049.8,0,0,738633.744883518,607,3,0
3515.97593520628,40,2171,2116.2,2062,0,0,738633.744883981,607,3,0
3516.01593427268,40,2200.8,2140.8,2078.6,0,0,738633.744884444,607,3,0
3516.05593333908,40,2220.2,2176.8,2107,0,0,738633.744884907,607,3,0
3516.09593240548,40,2217.6,2219.8,2150.2,0,0,738633.74488537,607,3,0
3516.13593147188,40,2183.4,2245,2207.2,0,0,738633.744885832,607,3,0
3516.17593053828,40,2133.8,2233.6,2262.4,0,0,738633.744886295,607,3,0
3516.21592960468,40,2091.8,2198.8,2291.8,0,0,738633.744886758,607,3,0
3516.25592867108,40,2062.6,2155,2276,0,0,738633.744887221,607,3,0
3516.29592773748,40,2051.2,2130.8,2242,0,0,738633.744887684,607,3,0
3516.33592680388,40,2052.4,2134.2,2240.6,0,0,738633.744888147,607,3,0
3516.37592587028,40,2062.4,2150.4,2261.2,0,0,738633.74488861,607,3,0
3516.41592493668,40,2079.4,2179.4,2281.6,0,0,738633.744889073,607,3,0
3516.45592400308,40,2108,2216.8,2286,0,0,738633.744889536,607,3,0
3516.49592306948,40,2148.2,2241,2249.8,0,0,738633.744889999,607,3,0
3516.53592213588,40,2191.2,2238.4,2192.4,0,0,738633.744890462,607,3,0
3516.57592120228,40,2222.6,2211,2139,0,0,738633.744890925,607,3,0
3516.61592026868,40,2213.2,2166.2,2094.2,0,0,738633.744891388,607,3,0
3516.65591933508,40,2181.8,2121.8,2069.8,0,0,738633.744891851,607,3,0
3516.69591840148,40,2148.4,2095.8,2047.6,0,0,738633.744892314,607,3,0
3516.73591746788,40,2125.4,2077.8,2040.4,0,0,738633.744892777,607,3,0
3516.77591653428,40,2119.6,2076.8,2040.8,0,0,738633.74489324,607,3,0
3516.81591560068,40,2131,2080.8,2046,0,0,738633.744893703,607,3,0
3516.85591466708,40,2147,2095,2048.6,0,0,738633.744894166,607,3,0
3516.89591373348,40,2176.4,2114.6,2060.4,0,0,738633.744894629,607,3,0
3516.93591279988,40,2208,2145.2,2082.6,0,0,738633.744895092,607,3,0
3516.97591186628,40,2224.6,2189.8,2113.4,0,0,738633.744895554,607,3,0
3517.01591093268,40,2205.6,2229.4,2164.4,0,0,738633.744896017,607,3,0
3517.05590999908,40,2156,2243.4,2232.8,0,0,738633.74489648,607,3,0
3517.09590906548,40,2104.4,2215.4,2279.8,0,0,738633.744896943,607,3,0
3517.13590813188,40,2072.6,2173.8,2282.2,0,0,738633.744897406,607,3,0
3517.17590719828,40,2048.4,2135.4,2244.8,0,0,738633.744897869,607,3,0
3517.21590626468,40,2046.4,2125.2,2234.6,0,0,738633.744898332,607,3,0
3517.25590533108,40,2052.4,2139,2250.6,0,0,738633.744898795,607,3,0
3517.29590439748,40,2065.2,2156.4,2269.2,0,0,738633.744899258,607,3,0
3517.33590346388,40,2085.6,2189.6,2285,0,0,738633.744899721,607,3,0
3517.37590253028,40,2118.2,2226.8,2277.8,0,0,738633.744900184,607,3,0
3517.41590159668,40,2167,2249.2,2231.8,0,0,738633.744900647,607,3,0
3517.45590066308,40,2207.2,2230,2172.2,0,0,738633.74490111,607,3,0
3517.49589972948,40,2223,2185,2109.6,0,0,738633.744901573,607,3,0
3517.53589879588,40,2198,2135.8,2074.8,0,0,738633.744902036,607,3,0
3517.57589786228,40,2157.4,2099.4,2052,0,0,738633.744902499,607,3,0
3517.61589692868,40,2122.4,2077.6,2042.6,0,0,738633.744902962,607,3,0
3517.65589599508,40,2107,2066.8,2032.6,0,0,738633.744903425,607,3,0
3517.69589506148,40,2107.6,2066.6,2037.8,0,0,738633.744903888,607,3,0
3517.73589412788,40,2126.2,2083,2043.4,0,0,738633.744904351,607,3,0
3517.77589319428,40,2149.2,2092.2,2048.2,0,0,738633.744904813,607,3,0
3517.81589226068,40,2170.2,2114.8,2063,0,0,738633.744905276,607,3,0
3517.85589132708,40,2200.6,2140.2,2078.4,0,0,738633.744905739,607,3,0
3517.89589039348,40,2222.6,2176.8,2106,0,0,738633.744906202,607,3,0
3517.93588945988,40,2217.4,2223.8,2155.2,0,0,738633.744906665,607,3,0
3517.97588852628,40,2166.6,2240,2218.2,0,0,738633.744907128,607,3,0
3518.01588759268,40,2112.6,2217.6,2274.8,0,0,738633.744907591,607,3,0
3518.05588665908,40,2075.2,2176.4,2281.6,0,0,738633.744908054,607,3,0
3518.09588572548,40,2050,2133.8,2244.8,0,0,738633.744908517,607,3,0
3518.13588479188,40,2048.2,2125.4,2233.8,0,0,738633.74490898,607,3,0
3518.17588385828,40,2057.6,2146.6,2251.6,0,0,738633.744909443,607,3,0
3518.21588292468,40,2075.8,2172.4,2273.8,0,0,738633.744909906,607,3,0
3518.25588199108,40,2100.8,2207.8,2284,0,0,738633.744910369,607,3,0
3518.29588105748,40,2138.4,2237.8,2253.6,0,0,738633.744910832,607,3,0
3518.33588012388,40,2189.6,2238.6,2195.6,0,0,738633.744911295,607,3,0
3518.37587919028,40,2216,2199.2,2128.6,0,0,738633.744911758,607,3,0
3518.41587825668,40,2204.2,2143.6,2076.4,0,0,738633.744912221,607,3,0
3518.45587732308,40,2165.4,2102,2049.8,0,0,738633.744912684,607,3,0
3518.49587638948,40,2120.2,2070.6,2040,0,0,738633.744913147,607,3,0
3518.53587545588,40,2097.6,2058.4,2030.8,0,0,738633.74491361,607,3,0
3518.57587452228,40,2084.6,2054.4,2029.4,0,0,738633.744914073,607,3,0
3518.61587358868,40,2097.6,2061,2034.6,0,0,738633.744914536,607,3,0
3518.65587265508,40,2113.2,2071.8,2040.4,0,0,738633.744914998,607,3,0
3518.69587172148,40,2138.6,2088.6,2045.8,0,0,738633.744915461,607,3,0
3518.73587078788,40,2169.4,2112,2062.6,0,0,738633.744915924,607,3,0
3518.77586985428,40,2199.2,2140.2,2078.4,0,0,738633.744916387,607,3,0
3518.81586892068,40,2223.8,2182.2,2112,0,0,738633.74491685,607,3,0
3518.85586798708,40,2215.4,2228.8,2157.8,0,0,738633.744917313,607,3,0
3518.89586705348,40,2168.8,2247.6,2228.6,0,0,738633.744917776,607,3,0
3518.93586611988,40,2112,2222,2281.2,0,0,738633.744918239,607,3,0
3518.97586518628,40,2073.4,2175.6,2284,0,0,738633.744918702,607,3,0
3519.01586425268,40,2051.6,2136.4,2254.6,0,0,738633.744919165,607,3,0
3519.05586331908,40,2046.6,2130.8,2242.4,0,0,738633.744919628,607,3,0
3519.09586238548,40,2057.2,2152.2,2262.8,0,0,738633.744920091,607,3,0
3519.13586145188,40,2079.2,2184,2285,0,0,738633.744920554,607,3,0
3519.17586051828,40,2110.4,2218.2,2279.4,0,0,738633.744921017,607,3,0
3519.21585958468,40,2155.8,2242.2,2240.8,0,0,738633.74492148,607,3,0
3519.25585865108,40,2202.6,2236.6,2181,0,0,738633.744921943,607,3,0
3519.29585771748,40,2222.8,2197.8,2121.4,0,0,738633.744922406,607,3,0
3519.33585678388,40,2208.6,2143.4,2079,0,0,738633.744922869,607,3,0
3519.37585585028,40,2163.8,2104,2052.4,0,0,738633.744923332,607,3,0
3519.41585491668,40,2131.2,2077.2,2040,0,0,738633.744923795,607,3,0
3519.45585398308,40,2097.6,2063.8,2033.6,0,0,738633.744924258,607,3,0
3519.49585304948,40,2093,2056.8,2030.6,0,0,738633.74492472,607,3,0
3519.53585211588,40,2103.6,2066.2,2036,0,0,738633.744925183,607,3,0
3519.57585118228,40,2123.8,2074.6,2038.8,0,0,738633.744925646,607,3,0
3519.61585024868,40,2142.4,2089,2049.4,0,0,738633.744926109,607,3,0
3519.65584931508,40,2165,2103.4,2058.6,0,0,738633.744926572,607,3,0
3519.69584838148,40,2195,2133.4,2072,0,0,738633.744927035,607,3,0
3519.73584744788,40,2218,2170,2101.2,0,0,738633.744927498,607,3,0
3519.77584651428,40,2220.6,2213.6,2143,0,0,738633.744927961,607,3,0
3519.81584558068,40,2188.4,2244.2,2198.6,0,0,738633.744928424,607,3,0
3519.85584464708,40,2141.8,2236.8,2253.6,0,0,738633.744928887,607,3,0
3519.89584371348,40,2102.6,2212.4,2288.6,0,0,738633.74492935,607,3,0
3519.93584277988,40,2073.8,2176,2285.4,0,0,738633.744929813,607,3,0
3519.97584184628,40,2065,2159.4,2274.4,0,0,738633.744930276,607,3,0
3520.01584091268,40,2067.2,2163.8,2279.4,0,0,738633.744930739,607,3,0
3520.05583997908,40,2086.4,2191.6,2290.6,0,0,738633.744931202,607,3,0
3520.09583904548,40,2118.6,2225,2279,0,0,738633.744931665,607,3,0
3520.13583811188,40,2161.4,2243,2234,0,0,738633.744932128,607,3,0
3520.17583717828,40,2204.4,2236.8,2175.8,0,0,738633.744932591,607,3,0
3520.21583624468,40,2224.8,2196.8,2125.6,0,0,738633.744933054,607,3,0
3520.25583531108,40,2210.2,2154.6,2086.4,0,0,738633.744933516,607,3,0
3520.29583437748,40,2179.2,2119,2067.2,0,0,738633.744933979,607,3,0
3520.33583344388,40,2148.2,2099.4,2052,0,0,738633.744934442,607,3,0
3520.37583251028,40,2125,2081.2,2043.8,0,0,738633.744934905,607,3,0
3520.41583157668,40,2114,2076,2040.6,0,0,738633.744935368,607,3,0
3520.45583064308,40,2122,2079.6,2044.4,0,0,738633.744935831,607,3,0
3520.49582970948,40,2136.2,2085.8,2045,0,0,738633.744936294,607,3,0
3520.53582877588,40,2149.6,2096.8,2053.6,0,0,738633.744936757,607,3,0
3520.57582784228,40,2175.4,2112.8,2059.4,0,0,738633.74493722,607,3,0
3520.61582690868,40,2193.4,2128.2,2070.4,0,0,738633.744937683,607,3,0
3520.65582597508,40,2216.2,2161.4,2091.6,0,0,738633.744938146,607,3,0
3520.69582504148,40,2209.6,2195.8,2126.4,0,0,738633.744938609,607,3,0
3520.73582410788,40,2182.8,2229,2178.8,0,0,738633.744939072,607,3,0
3520.77582317428,40,2140.6,2231.4,2245.8,0,0,738633.744939535,607,3,0
3520.81582224068,40,2098.8,2206.6,2287.6,0,0,738633.744939998,607,3,0
3520.85582130708,40,2074,2178.8,2281.8,0,0,738633.744940461,607,3,0
3520.89582037348,40,2066.6,2155.8,2268.2,0,0,738633.744940924,607,3,0
3520.93581943988,40,2070,2161.2,2269,0,0,738633.744941387,607,3,0
3520.97581850628,40,2082.6,2184.4,2275.6,0,0,738633.74494185,607,3,0
3521.01581757268,40,2112.6,2217.8,2284,0,0,738633.744942313,607,3,0
3521.05581663908,40,2146,2245.2,2248,0,0,738633.744942776,607,3,0
3521.09581570548,40,2190.2,2241.6,2191.8,0,0,738633.744943239,607,3,0
3521.13581477188,40,2215.4,2207,2131.8,0,0,738633.744943702,607,3,0
3521.17581383828,40,2209.8,2149.6,2086.4,0,0,738633.744944164,607,3,0
3521.21581290468,40,2174.4,2111.8,2054.6,0,0,738633.744944627,607,3,0
3521.25581197108,40,2139.2,2083.4,2045,0,0,738633.74494509,607,3,0
3521.29581103748,40,2117.4,2070.6,2036.8,0,0,738633.744945553,607,3,0
3521.33581010388,40,2104.6,2068.6,2034.6,0,0,738633.744946016,607,3,0
3521.37580917028,40,2114.6,2070.2,2037.4,0,0,738633.744946479,607,3,0
3521.41580823668,40,2131.6,2081.4,2042.4,0,0,738633.744946942,607,3,0
3521.45580730308,40,2153.6,2097.2,2049.8,0,0,738633.744947405,607,3,0
3521.49580636948,40,2172.4,2114.2,2064.8,0,0,738633.744947868,607,3,0
3521.53580543588,40,2200.8,2136.6,2076.8,0,0,738633.744948331,607,3,0
3521.57580450228,40,2215.4,2166.8,2095.4,0,0,738633.744948794,607,3,0
3521.61580356868,40,2221,2206.6,2129,0,0,738633.744949257,607,3,0
3521.65580263508,40,2200,2239.4,2183,0,0,738633.74494972,607,3,0
3521.69580170148,40,2157.6,2248.2,2238.8,0,0,738633.744950183,607,3,0
3521.73580076788,40,2113.8,2219.8,2281.6,0,0,738633.744950646,607,3,0
3521.77579983428,40,2083.8,2190.2,2286.6,0,0,738633.744951109,607,3,0
3521.81579890068,40,2068.6,2161.6,2270.2,0,0,738633.744951572,607,3,0
3521.85579796708,40,2062.6,2154,2268.4,0,0,738633.744952035,607,3,0
3521.89579703348,40,2073.4,2171.8,2278.4,0,0,738633.744952498,607,3,0
3521.93579609988,40,2088.6,2192.4,2291.4,0,0,738633.744952961,607,3,0
3521.97579516628,40,2109.6,2215.2,2282.6,0,0,738633.744953424,607,3,0
3522.01579423268,40,2131.4,2234.4,2267.6,0,0,738633.744953886,607,3,0
3522.05579329908,40,2159.2,2248.2,2237.2,0,0,738633.744954349,607,3,0
3522.09579236548,40,2184.2,2244.4,2208.8,0,0,738633.744954812,607,3,0
3522.13579143188,40,2207,2240,2179.6,0,0,738633.744955275,607,3,0
3522.17579049828,40,2217,2222.8,2150.6,0,0,738633.744955738,607,3,0
3522.21578956468,40,2222,2203.4,2128.2,0,0,738633.744956201,607,3,0
3522.25578863108,40,2220.4,2186.6,2113,0,0,738633.744956664,607,3,0
3522.29578769748,40,2218.2,2173.6,2103.2,0,0,738633.744957127,607,3,0
3522.33578676388,40,2214.8,2162.8,2089.8,0,0,738633.74495759,607,3,0
3522.37578583028,40,2208.2,2152.4,2088.2,0,0,738633.744958053,607,3,0
3522.41578489668,40,2205.4,2141.4,2078.6,0,0,738633.744958516,607,3,0
3522.45578396308,40,2194.2,2135,2073.8,0,0,738633.744958979,607,3,0
3522.49578302948,40,2185,2121.6,2067.8,0,0,738633.744959442,607,3,0
3522.53578209588,40,2174.2,2110.4,2060.6,0,0,738633.744959905,607,3,0
3522.57578116228,40,2171.6,2109,2062.4,0,0,738633.744960368,607,3,0
3522.61578022868,40,2166,2102.4,2056,0,0,738633.744960831,607,3,0
3522.65577929508,40,2166.6,2104.8,2053,0,0,738633.744961294,607,3,0
3522.69577836148,40,2164.2,2101.2,2053.4,0,0,738633.744961757,607,3,0
3522.73577742788,40,2165,2105.2,2055.2,0,0,738633.74496222,607,3,0
3522.77577649428,40,2169.4,2100.2,2054,0,0,738633.744962682,607,3,0
3522.81577556068,40,2174.2,2105.8,2055,0,0,738633.744963145,607,3,0
3522.85577462708,40,2169.8,2108,2054.6,0,0,738633.744963608,607,3,0
3522.89577369348,40,2175.2,2107.8,2055,0,0,738633.744964071,607,3,0
3522.93577275988,40,2170.4,2110,2059,0,0,738633.744964534,607,3,0
3522.97577182628,40,2172.8,2113,2057.8,0,0,738633.744964997,607,3,0
3523.01577089268,40,2179,2117.4,2062.2,0,0,738633.74496546,607,3,0
3523.05576995908,40,2184.8,2122.8,2063.4,0,0,738633.744965923,607,3,0
3523.09576902548,40,2190,2125.8,2068.4,0,0,738633.744966386,607,3,0
3523.13576809188,40,2194.6,2130.8,2071.6,0,0,738633.744966849,607,3,0
3523.17576715828,40,2200,2137.6,2074.2,0,0,738633.744967312,607,3,0
3523.21576622468,40,2212,2156.2,2088,0,0,738633.744967775,607,3,0
3523.25576529108,40,2215,2182.2,2111.8,0,0,738633.744968238,607,3,0
3523.29576435748,40,2203.2,2214.2,2149.4,0,0,738633.744968701,607,3,0
3523.33576342388,40,2174.4,2237.6,2206.2,0,0,738633.744969164,607,3,0
3523.37576249028,40,2135.6,2235,2255.4,0,0,738633.744969627,607,3,0
3523.41576155668,40,2115.6,2217,2276.4,0,0,738633.74497009,607,3,0
3523.45576062308,40,2128.8,2230.8,2265.8,0,0,738633.744970553,607,3,0
3523.49575968948,40,2177.6,2243.2,2212,0,0,738633.744971016,607,3,0
3523.53575875588,40,2215.6,2218.6,2149.2,0,0,738633.744971479,607,3,0
3523.57575782228,40,2215.4,2166,2097,0,0,738633.744971942,607,3,0
3523.61575688868,40,2185,2120.8,2065.2,0,0,738633.744972405,607,3,0
3523.65575595508,40,2150.8,2096.8,2051.8,0,0,738633.744972867,607,3,0
3523.69575502148,40,2130.8,2083.6,2044.8,0,0,738633.74497333,607,3,0
3523.73575408788,40,2128.8,2082,2042,0,0,738633.744973793,607,3,0
3523.77575315428,40,2135.6,2090.2,2048.2,0,0,738633.744974256,607,3,0
3523.81575222068,40,2154.2,2097,2052.8,0,0,738633.744974719,607,3,0
3523.85575128708,40,2168.8,2108.6,2058.6,0,0,738633.744975182,607,3,0
3523.89575035348,40,2183.6,2123.2,2067,0,0,738633.744975645,607,3,0
3523.93574941988,40,2204.4,2143.8,2084.6,0,0,738633.744976108,607,3,0
3523.97574848628,40,2224.4,2184.8,2110,0,0,738633.744976571,607,3,0
3524.01574755268,40,2217.2,2224.8,2160.2,0,0,738633.744977034,607,3,0
3524.05574661908,40,2170.2,2245.2,2222.2,0,0,738633.744977497,607,3,0
3524.09574568548,40,2121.4,2225.4,2277.2,0,0,738633.74497796,607,3,0
3524.13574475188,40,2097.4,2203.8,2284.2,0,0,738633.744978423,607,3,0
3524.17574381828,40,2121.2,2227.8,2271.8,0,0,738633.744978886,607,3,0
3524.21574288468,40,2169,2234.4,2212.2,0,0,738633.744979349,607,3,0
3524.25574195108,40,2212.8,2213.2,2140.2,0,0,738633.744979812,607,3,0
3524.29574101748,40,2213.8,2162.8,2091,0,0,738633.744980275,607,3,0
3524.33574008388,40,2192,2130.2,2068.4,0,0,738633.744980738,607,3,0
3524.37573915028,40,2175.4,2115.2,2059.2,0,0,738633.744981201,607,3,0
3524.41573821668,40,2172.6,2107.6,2058.2,0,0,738633.744981664,607,3,0
3524.45573728308,40,2186.4,2120.8,2060.4,0,0,738633.744982127,607,3,0
3524.49573634948,40,2192.2,2128.8,2070.4,0,0,738633.74498259,607,3,0
3524.53573541588,40,2199.4,2137.8,2075.4,0,0,738633.744983052,607,3,0
3524.57573448228,40,2207.6,2150.6,2080.2,0,0,738633.744983515,607,3,0
3524.61573354868,40,2217.2,2170.2,2101.4,0,0,738633.744983978,607,3,0
3524.65573261508,40,2221.8,2201.2,2130.2,0,0,738633.744984441,607,3,0
3524.69573168148,40,2197,2231.8,2177.2,0,0,738633.744984904,607,3,0
3524.73573074788,40,2153.2,2238.4,2233,0,0,738633.744985367,607,3,0
3524.77572981428,40,2123,2223.8,2269.8,0,0,738633.74498583,607,3,0
3524.81572888068,40,2134.4,2233.6,2260.2,0,0,738633.744986293,607,3,0
3524.85572794708,40,2180.6,2236.6,2199,0,0,738633.744986756,607,3,0
3524.89572701348,40,2218.6,2204.4,2129.6,0,0,738633.744987219,607,3,0
3524.93572607988,40,2206.8,2146.4,2081,0,0,738633.744987682,607,3,0
3524.97572514628,40,2164.8,2102.6,2054.4,0,0,738633.744988145,607,3,0
3525.01572421268,40,2143.6,2087.4,2046.6,0,0,738633.744988608,607,3,0
3525.05572327908,40,2127,2079.6,2046.4,0,0,738633.744989071,607,3,0
3525.09572234548,40,2128.6,2082.2,2042.8,0,0,738633.744989534,607,3,0
3525.13572141188,40,2136.6,2085,2046.4,0,0,738633.744989997,607,3,0
3525.17572047828,40,2142.8,2090.4,2049.4,0,0,738633.74499046,607,3,0
3525.21571954468,40,2152.8,2099.6,2053.2,0,0,738633.744990923,607,3,0
3525.25571861108,40,2164.2,2104.2,2052.6,0,0,738633.744991386,607,3,0
3525.29571767748,40,2188.8,2128.2,2067.6,0,0,738633.744991848,607,3,0
3525.33571674388,40,2217.2,2163.4,2095,0,0,738633.744992311,607,3,0
3525.37571581028,40,2216.2,2209.4,2135.4,0,0,738633.744992774,607,3,0
3525.41571487668,40,2182.6,2239.4,2200.6,0,0,738633.744993237,607,3,0
3525.45571394308,40,2129.8,2234.6,2262,0,0,738633.7449937,607,3,0
3525.49571300948,40,2113.6,2218.4,2277.4,0,0,738633.744994163,607,3,0
3525.53571207588,40,2140.6,2235.6,2248.4,0,0,738633.744994626,607,3,0
3525.57571114228,40,2191,2229.6,2175.2,0,0,738633.744995089,607,3,0
3525.61571020868,40,2217.2,2181.6,2106,0,0,738633.744995552,607,3,0
3525.65570927508,40,2194.8,2125.8,2065.4,0,0,738633.744996015,607,3,0
3525.69570834148,40,2157.4,2099.2,2048.6,0,0,738633.744996478,607,3,0
3525.73570740788,40,2133.2,2081,2041.4,0,0,738633.744996941,607,3,0
3525.77570647428,40,2127.6,2072.2,2040.2,0,0,738633.744997404,607,3,0
3525.81570554068,40,2124,2073.6,2036.8,0,0,738633.744997867,607,3,0
3525.85570460708,40,2133.6,2083.4,2042,0,0,738633.74499833,607,3,0
3525.89570367348,40,2151.6,2090.4,2048,0,0,738633.744998793,607,3,0
3525.93570273988,40,2165.4,2104.6,2054.4,0,0,738633.744999256,607,3,0
3525.97570180628,40,2182.2,2118.2,2063.8,0,0,738633.744999719,607,3,0
3526.01570087268,40,2208.2,2147.6,2080.8,0,0,738633.745000182,607,3,0
3526.05569993908,40,2221,2188,2111.8,0,0,738633.745000645,607,3,0
3526.09569900548,40,2201,2228.4,2168.8,0,0,738633.745001108,607,3,0
3526.13569807188,40,2154.8,2243,2226.4,0,0,738633.745001571,607,3,0
3526.17569713828,40,2124.8,2228.2,2270.4,0,0,738633.745002033,607,3,0
3526.21569620468,40,2119.8,2226.2,2271.4,0,0,738633.745002496,607,3,0
3526.25569527108,40,2153.2,2240.8,2234.4,0,0,738633.745002959,607,3,0
3526.29569433748,40,2198.4,2224.4,2162.6,0,0,738633.745003422,607,3,0
3526.33569340388,40,2221.6,2173.4,2102.2,0,0,738633.745003885,607,3,0
3526.37569247028,40,2193.4,2129,2069.8,0,0,738633.745004348,607,3,0
3526.41569153668,40,2162,2105.2,2055.4,0,0,738633.745004811,607,3,0
3526.45569060308,40,2148.2,2092,2050.6,0,0,738633.745005274,607,3,0
3526.49568966948,40,2143,2089.6,2047.2,0,0,738633.745005737,607,3,0
3526.53568873588,40,2147.4,2088.2,2044.4,0,0,738633.7450062,607,3,0
3526.57568780228,40,2156.6,2097.2,2050.4,0,0,738633.745006663,607,3,0
3526.61568686868,40,2160.6,2101,2054.4,0,0,738633.745007126,607,3,0
3526.65568593508,40,2174,2108.8,2054.2,0,0,738633.745007589,607,3,0
3526.69568500148,40,2195.8,2128.2,2069,0,0,738633.745008052,607,3,0
3526.73568406788,40,2211.6,2162.2,2093.2,0,0,738633.745008515,607,3,0
3526.77568313428,40,2212.8,2200.6,2130.8,0,0,738633.745008978,607,3,0
3526.81568220068,40,2182,2233.2,2185.6,0,0,738633.745009441,607,3,0
3526.85568126708,40,2144.6,2237,2242.6,0,0,738633.745009904,607,3,0
3526.89568033348,40,2129.2,2230.6,2256.4,0,0,738633.745010367,607,3,0
3526.93567939988,40,2156,2240,2229,0,0,738633.74501083,607,3,0
3526.97567846628,40,2193.6,2227,2165.2,0,0,738633.745011293,607,3,0
3527.01567753268,40,2216,2178.4,2104.8,0,0,738633.745011755,607,3,0
3527.05567659908,40,2196.8,2132.4,2069.8,0,0,738633.745012218,607,3,0
3527.09567566548,40,2173.2,2105.2,2056.4,0,0,738633.745012681,607,3,0
3527.13567473188,40,2164.6,2107.4,2051.6,0,0,738633.745013144,607,3,0
3527.17567379828,40,2166.8,2102,2056.6,0,0,738633.745013607,607,3,0
3527.21567286468,40,2175.2,2114.8,2060.8,0,0,738633.74501407,607,3,0
3527.25567193108,40,2183,2120.6,2062.4,0,0,738633.745014533,607,3,0
3527.29567099748,40,2186.6,2126.6,2063.8,0,0,738633.745014996,607,3,0
3527.33567006388,40,2202,2138.8,2076.6,0,0,738633.745015459,607,3,0
3527.37566913028,40,2219.8,2169.8,2097.6,0,0,738633.745015922,607,3,0
3527.41566819668,40,2217.8,2210.2,2136.8,0,0,738633.745016385,607,3,0
3527.45566726308,40,2189.6,2236.4,2192.8,0,0,738633.745016848,607,3,0
3527.49566632948,40,2155.8,2243,2241.4,0,0,738633.745017311,607,3,0
3527.53566539588,40,2131.8,2235,2264.8,0,0,738633.745017774,607,3,0
3527.57566446228,40,2149.2,2238,2244,0,0,738633.745018237,607,3,0
3527.61566352868,40,2188.8,2235.4,2192,0,0,738633.7450187,607,3,0
3527.65566259508,40,2221,2205.2,2135.6,0,0,738633.745019163,607,3,0
3527.69566166148,40,2213.8,2160,2094.2,0,0,738633.745019626,607,3,0
3527.73566072788,40,2192.6,2128.8,2070,0,0,738633.745020089,607,3,0
3527.77565979428,40,2176.8,2116.4,2064,0,0,738633.745020551,607,3,0
3527.81565886068,40,2179.8,2118.8,2061.4,0,0,738633.745021014,607,3,0
3527.85565792708,40,2192,2130.8,2072,0,0,738633.745021477,607,3,0
3527.89565699348,40,2201.4,2137.6,2074.8,0,0,738633.74502194,607,3,0
3527.93565605988,40,2211.6,2155,2084.2,0,0,738633.745022403,607,3,0
3527.97565512628,40,2221.4,2173.8,2099.2,0,0,738633.745022866,607,3,0
3528.01565419268,40,2216.8,2207.2,2135,0,0,738633.745023329,607,3,0
3528.05565325908,40,2191.8,2236.6,2177.4,0,0,738633.745023792,607,3,0
3528.09565232548,40,2154,2237.2,2228.2,0,0,738633.745024255,607,3,0
3528.13565139188,40,2128.6,2231.2,2258,0,0,738633.745024718,607,3,0
3528.17565045828,40,2147.2,2238.6,2243.2,0,0,738633.745025181,607,3,0
3528.21564952468,40,2183.8,2237.6,2197.2,0,0,738633.745025644,607,3,0
3528.25564859108,40,2215.4,2212,2143.8,0,0,738633.745026107,607,3,0
3528.29564765748,40,2216.6,2173,2103.4,0,0,738633.74502657,607,3,0
3528.33564672388,40,2198,2136.8,2075.8,0,0,738633.745027033,607,3,0
3528.37564579028,40,2170,2111.6,2058.4,0,0,738633.745027496,607,3,0
3528.41564485668,40,2149.6,2096.6,2053.2,0,0,738633.745027959,607,3,0
3528.45564392308,40,2139.2,2087.2,2048,0,0,738633.745028422,607,3,0
3528.49564298948,40,2134.2,2083.8,2043.4,0,0,738633.745028885,607,3,0
3528.53564205588,40,2140.8,2088.6,2047,0,0,738633.745029348,607,3,0
3528.57564112228,40,2148.6,2089.6,2049.4,0,0,738633.745029811,607,3,0
3528.61564018868,40,2144.8,2091,2045.6,0,0,738633.745030274,607,3,0
3528.65563925508,40,2149.4,2088.8,2046.8,0,0,738633.745030737,607,3,0
3528.69563832148,40,2150.4,2089.2,2046.2,0,0,738633.745031199,607,3,0
3528.73563738788,40,2148.8,2090.2,2045.2,0,0,738633.745031662,607,3,0
3528.77563645428,40,2151.6,2094,2048.4,0,0,738633.745032125,607,3,0
3528.81563552068,40,2149.4,2093,2046.8,0,0,738633.745032588,607,3,0
3528.85563458708,40,2152.6,2091.4,2049.2,0,0,738633.745033051,607,3,0
3528.89563365348,40,2157.8,2099.2,2047.8,0,0,738633.745033514,607,3,0
3528.93563271988,40,2156.2,2094.6,2049.8,0,0,738633.745033977,607,3,0
3528.97563178628,40,2159.6,2099.8,2053,0,0,738633.74503444,607,3,0
3529.01563085268,40,2160.6,2101.6,2054.4,0,0,738633.745034903,607,3,0
3529.05562991908,40,2166.2,2107.2,2052.6,0,0,738633.745035366,607,3,0
3529.09562898548,40,2167.6,2103.2,2053,0,0,738633.745035829,607,3,0
3529.13562805188,40,2169.2,2110.4,2061,0,0,738633.745036292,607,3,0
3529.17562711828,40,2171.2,2108.8,2058.4,0,0,738633.745036755,607,3,0
3529.21562618468,40,2172,2113,2057.4,0,0,738633.745037218,607,3,0
3529.25562525108,40,2181.4,2112.2,2061.6,0,0,738633.745037681,607,3,0
3529.29562431748,40,2178.2,2113.6,2060.6,0,0,738633.745038144,607,3,0
3529.33562338388,40,2180.4,2113.8,2062.6,0,0,738633.745038607,607,3,0
3529.37562245028,40,2181.4,2119,2059.2,0,0,738633.74503907,607,3,0
3529.41562151668,40,2183.2,2118,2063.6,0,0,738633.745039533,607,3,0
3529.45562058308,40,2184.4,2120.6,2062.6,0,0,738633.745039996,607,3,0
3529.49561964948,40,2184.6,2119.6,2061.4,0,0,738633.745040459,607,3,0
3529.53561871588,40,2188,2121.8,2063.4,0,0,738633.745040921,607,3,0
3529.57561778228,40,2186,2121.6,2063.4,0,0,738633.745041384,607,3,0
3529.61561684868,40,2189.4,2122,2063.8,0,0,738633.745041847,607,3,0
3529.65561591508,40,2195.2,2126.8,2067.2,0,0,738633.74504231,607,3,0
3529.69561498148,40,2192.8,2129.4,2069.2,0,0,738633.745042773,607,3,0
3529.73561404788,40,2198.2,2131.2,2072.2,0,0,738633.745043236,607,3,0
3529.77561311428,40,2196,2131.2,2069.8,0,0,738633.745043699,607,3,0
3529.81561218068,40,2198.8,2137,2074.2,0,0,738633.745044162,607,3,0
3529.85561124708,40,2200.8,2137.4,2072.6,0,0,738633.745044625,607,3,0
3529.89561031348,40,2204.4,2141,2075.6,0,0,738633.745045088,607,3,0
3529.93560937988,40,2203.8,2139.2,2078.4,0,0,738633.745045551,607,3,0
3529.97560844628,40,2204.4,2144.4,2081.4,0,0,738633.745046014,607,3,0
3530.01560751268,40,2205,2143.4,2079.8,0,0,738633.745046477,607,3,0
3530.05560657908,40,2207.6,2146.6,2079.2,0,0,738633.74504694,607,3,0
3530.09560564548,40,2208.8,2153,2082,0,0,738633.745047403,607,3,0
3530.13560471188,40,2209.4,2151.4,2085.6,0,0,738633.745047866,607,3,0
3530.17560377828,40,2210.6,2158,2090.8,0,0,738633.745048329,607,3,0
3530.21560284468,40,2215,2161.6,2090.8,0,0,738633.745048792,607,3,0
3530.25560191108,40,2216,2162.4,2092.6,0,0,738633.745049255,607,3,0
3530.29560097748,40,2214.8,2165.4,2094.8,0,0,738633.745049717,607,3,0
3530.33560004388,40,2216.2,2167.8,2096.8,0,0,738633.74505018,607,3,0
3530.37559911028,40,2213.6,2163,2093.2,0,0,738633.745050643,607,3,0
3530.41559817668,40,2213.2,2165.6,2095.6,0,0,738633.745051106,607,3,0
3530.45559724308,40,2212.4,2173.8,2102.2,0,0,738633.745051569,607,3,0
3530.49559630948,40,2217.6,2193.8,2116.4,0,0,738633.745052032,607,3,0
3530.53559537588,40,2209.2,2212,2146.4,0,0,738633.745052495,607,3,0
3530.57559444228,40,2186.6,2238.8,2191.2,0,0,738633.745052958,607,3,0
3530.61559350868,40,2151.4,2245,2245.2,0,0,738633.745053421,607,3,0
3530.65559257508,40,2110.4,2218.8,2284.2,0,0,738633.745053884,607,3,0
3530.69559164148,40,2081.6,2185.6,2283.2,0,0,738633.745054347,607,3,0
3530.73559070788,40,2064.6,2160.2,2269.6,0,0,738633.74505481,607,3,0
3530.77558977428,40,2067.6,2162.4,2269,0,0,738633.745055273,607,3,0
3530.81558884068,40,2080.6,2181.2,2277.8,0,0,738633.745055736,607,3,0
3530.85558790708,40,2110,2210,2283.6,0,0,738633.745056199,607,3,0
3530.89558697348,40,2142.8,2239.4,2257.8,0,0,738633.745056662,607,3,0
3530.93558603988,40,2183.2,2244.6,2202,0,0,738633.745057125,607,3,0
3530.97558510628,40,2212,2222.4,2156,0,0,738633.745057588,607,3,0
3531.01558417268,40,2224,2190.2,2115.2,0,0,738633.745058051,607,3,0
3531.05558323908,40,2215,2165.2,2096.6,0,0,738633.745058514,607,3,0
3531.09558230548,40,2211,2151.6,2086,0,0,738633.745058977,607,3,0
3531.13558137188,40,2212.6,2155.6,2087,0,0,738633.74505944,607,3,0
3531.17558043828,40,2213,2164.4,2094.2,0,0,738633.745059902,607,3,0
3531.21557950468,40,2216.2,2183.4,2109.4,0,0,738633.745060365,607,3,0
3531.25557857108,40,2210.2,2206.2,2134.4,0,0,738633.745060828,607,3,0
3531.29557763748,40,2192.4,2230.4,2179.6,0,0,738633.745061291,607,3,0
3531.33557670388,40,2157.2,2244.4,2241.8,0,0,738633.745061754,607,3,0
3531.37557577028,40,2116.4,2224.2,2283.6,0,0,738633.745062217,607,3,0
3531.41557483668,40,2086.8,2189.4,2287.4,0,0,738633.74506268,607,3,0
3531.45557390308,40,2064.8,2157.2,2266.6,0,0,738633.745063143,607,3,0
3531.49557296948,40,2062.6,2156.8,2265.2,0,0,738633.745063606,607,3,0
3531.53557203588,40,2086.4,2192,2281.4,0,0,738633.745064069,607,3,0
3531.57557110228,40,2125.4,2224.6,2275.6,0,0,738633.745064532,607,3,0
3531.61557016868,40,2174,2243.4,2223,0,0,738633.745064995,607,3,0
3531.65556923508,40,2210.2,2224.6,2158.8,0,0,738633.745065458,607,3,0
3531.69556830148,40,2221,2189.6,2112,0,0,738633.745065921,607,3,0
3531.73556736788,40,2212.8,2158.4,2088.2,0,0,738633.745066384,607,3,0
3531.77556643428,40,2206,2142.2,2078.6,0,0,738633.745066847,607,3,0
3531.81556550068,40,2210.2,2146.2,2080.6,0,0,738633.74506731,607,3,0
3531.85556456708,40,2215.8,2165.8,2097,0,0,738633.745067773,607,3,0
3531.89556363348,40,2223.4,2192.4,2118.2,0,0,738633.745068236,607,3,0
3531.93556269988,40,2212.4,2223,2154.8,0,0,738633.745068699,607,3,0
3531.97556176628,40,2173.2,2245,2207.8,0,0,738633.745069162,607,3,0
3532.01556083268,40,2129.6,2233.8,2268.2,0,0,738633.745069625,607,3,0
3532.05555989908,40,2087,2194.8,2289.6,0,0,738633.745070087,607,3,0
3532.09555896548,40,2079.4,2181.6,2285.2,0,0,738633.74507055,607,3,0
3532.13555803188,40,2105,2214.8,2288,0,0,738633.745071013,607,3,0
3532.17555709828,40,2155,2246.4,2244.6,0,0,738633.745071476,607,3,0
3532.21555616468,40,2205.2,2235.4,2172.4,0,0,738633.745071939,607,3,0
3532.25555523108,40,2222.8,2190.4,2113.4,0,0,738633.745072402,607,3,0
3532.29555429748,40,2210,2150.6,2085.8,0,0,738633.745072865,607,3,0
3532.33555336388,40,2199,2137.6,2074.6,0,0,738633.745073328,607,3,0
3532.37555243028,40,2206,2141.8,2076.8,0,0,738633.745073791,607,3,0
3532.41555149668,40,2218,2170.8,2096.4,0,0,738633.745074254,607,3,0
3532.45555056308,40,2218.2,2196.4,2124.2,0,0,738633.745074717,607,3,0
3532.49554962948,40,2202.2,2228.2,2169.2,0,0,738633.74507518,607,3,0
3532.53554869588,40,2158.2,2236.6,2223.6,0,0,738633.745075643,607,3,0
3532.57554776228,40,2113.8,2223.6,2276.2,0,0,738633.745076106,607,3,0
3532.61554682868,40,2096.4,2204,2280.6,0,0,738633.745076569,607,3,0
3532.65554589508,40,2132.8,2233.4,2261.2,0,0,738633.745077032,607,3,0
3532.69554496148,40,2184,2241.8,2201.6,0,0,738633.745077495,607,3,0
3532.73554402788,40,2220.4,2211.8,2139.6,0,0,738633.745077958,607,3,0
3532.77554309428,40,2213.2,2162.2,2093.8,0,0,738633.745078421,607,3,0
3532.81554216068,40,2193.4,2132.6,2076,0,0,738633.745078883,607,3,0
3532.85554122708,40,2189.2,2125.4,2066,0,0,738633.745079346,607,3,0
3532.89554029348,40,2201.2,2137.4,2075,0,0,738633.745079809,607,3,0
3532.93553935988,40,2212.2,2153.8,2086.4,0,0,738633.745080272,607,3,0
3532.97553842628,40,2224.2,2186.6,2110.8,0,0,738633.745080735,607,3,0
3533.01553749268,40,2211.8,2223.8,2154.2,0,0,738633.745081198,607,3,0
3533.05553655908,40,2175.6,2247,2214.6,0,0,738633.745081661,607,3,0
3533.09553562548,40,2132.4,2231.8,2267.6,0,0,738633.745082124,607,3,0
3533.13553469188,40,2122.6,2229.8,2267,0,0,738633.745082587,607,3,0
3533.17553375828,40,2172.2,2245,2220.6,0,0,738633.74508305,607,3,0
3533.21553282468,40,2216.4,2219.4,2148.8,0,0,738633.745083513,607,3,0
3533.25553189108,40,2212.8,2167.8,2097.6,0,0,738633.745083976,607,3,0
3533.29553095748,40,2191.6,2132.6,2073.4,0,0,738633.745084439,607,3,0
3533.33553002388,40,2184.2,2122.4,2067,0,0,738633.745084902,607,3,0
3533.37552909028,40,2194.4,2129.4,2070,0,0,738633.745085365,607,3,0
3533.41552815668,40,2206.2,2147.6,2082.6,0,0,738633.745085828,607,3,0
3533.45552722308,40,2221.2,2173.2,2102,0,0,738633.745086291,607,3,0
3533.49552628948,40,2218,2211.4,2137.4,0,0,738633.745086754,607,3,0
3533.53552535588,40,2191,2239.4,2193.2,0,0,738633.745087217,607,3,0
3533.57552442228,40,2143.8,2241.6,2254.6,0,0,738633.74508768,607,3,0
3533.61552348868,40,2128.2,2230.6,2261.8,0,0,738633.745088143,607,3,0
3533.65552255508,40,2168,2241.6,2215.6,0,0,738633.745088606,607,3,0
3533.69552162148,40,2213.2,2215.2,2146.6,0,0,738633.745089068,607,3,0
3533.73552068788,40,2218.2,2167.2,2098.6,0,0,738633.745089531,607,3,0
3533.77551975428,40,2196,2131.6,2075.4,0,0,738633.745089994,607,3,0
3533.81551882068,40,2189.6,2126.4,2068.6,0,0,738633.745090457,607,3,0
3533.85551788708,40,2202.8,2142.2,2077.4,0,0,738633.74509092,607,3,0
3533.89551695348,40,2215.4,2158.6,2089.6,0,0,738633.745091383,607,3,0
3533.93551601988,40,2221.2,2189.8,2113.2,0,0,738633.745091846,607,3,0
3533.97551508628,40,2218.2,2222.2,2149.8,0,0,738633.745092309,607,3,0
3534.01551415268,40,2179,2246.8,2218.6,0,0,738633.745092772,607,3,0
3534.05551321908,40,2127.8,2231.8,2268,0,0,738633.745093235,607,3,0
3534.09551228548,40,2120.2,2226.8,2269,0,0,738633.745093698,607,3,0
3534.13551135188,40,2164.8,2243,2229.8,0,0,738633.745094161,607,3,0
3534.17551041828,40,2211,2230,2165,0,0,738633.745094624,607,3,0
3534.21550948468,40,2222.8,2185.6,2111.2,0,0,738633.745095087,607,3,0
3534.25550855108,40,2205,2149.8,2082.2,0,0,738633.74509555,607,3,0
3534.29550761748,40,2191.4,2131.2,2070.6,0,0,738633.745096013,607,3,0
3534.33550668388,40,2193.4,2134.6,2074.8,0,0,738633.745096476,607,3,0
3534.37550575028,40,2207.4,2146,2084.8,0,0,738633.745096939,607,3,0
3534.41550481668,40,2219.8,2178.2,2106.4,0,0,738633.745097402,607,3,0
3534.45550388308,40,2220.4,2216.4,2145,0,0,738633.745097865,607,3,0
3534.49550294948,40,2187,2251,2203.2,0,0,738633.745098328,607,3,0
3534.53550201588,40,2140.4,2238.2,2253.6,0,0,738633.745098791,607,3,0
3534.57550108228,40,2151.2,2240.2,2242,0,0,738633.745099253,607,3,0
3534.61550014868,40,2197.8,2240.8,2184.6,0,0,738633.745099716,607,3,0
3534.65549921508,40,2222.2,2194.6,2120.2,0,0,738633.745100179,607,3,0
3534.69549828148,40,2205.6,2145.6,2080.6,0,0,738633.745100642,607,3,0
3534.73549734788,40,2181.2,2117.8,2061.2,0,0,738633.745101105,607,3,0
3534.77549641428,40,2175.4,2112.8,2058.6,0,0,738633.745101568,607,3,0
3534.81549548068,40,2192.4,2130.2,2065,0,0,738633.745102031,607,3,0
3534.85549454708,40,2205.8,2144.6,2081,0,0,738633.745102494,607,3,0
3534.89549361348,40,2220,2170.8,2100.2,0,0,738633.745102957,607,3,0
3534.93549267988,40,2220.8,2211,2135.6,0,0,738633.74510342,607,3,0
3534.97549174628,40,2191,2237.6,2191.6,0,0,738633.745103883,607,3,0
3535.01549081268,40,2149.8,2241.6,2252,0,0,738633.745104346,607,3,0
3535.05548987908,40,2137.2,2234.6,2256,0,0,738633.745104809,607,3,0
3535.09548894548,40,2177.6,2244.2,2213.4,0,0,738633.745105272,607,3,0
3535.13548801188,40,2215.4,2219.6,2148.6,0,0,738633.745105735,607,3,0
3535.17548707828,40,2216.8,2168.2,2098.4,0,0,738633.745106198,607,3,0
3535.21548614468,40,2195.6,2134,2072.4,0,0,738633.745106661,607,3,0
3535.25548521108,40,2186,2119.4,2066.6,0,0,738633.745107124,607,3,0
3535.29548427748,40,2193.8,2131,2072,0,0,738633.745107586,607,3,0
3535.33548334388,40,2212.4,2149.4,2083,0,0,738633.745108049,607,3,0
3535.37548241028,40,2232.6,2188,2111.2,0,0,738633.745108512,607,3,0
3535.41548147668,40,2213.4,2227.6,2161.6,0,0,738633.745108975,607,3,0
3535.45548054308,40,2175.4,2248,2222.2,0,0,738633.745109438,607,3,0
3535.49547960948,40,2129,2233.6,2266,0,0,738633.745109901,607,3,0
3535.53547867588,40,2144,2238,2249.8,0,0,738633.745110364,607,3,0
3535.57547774228,40,2190,2239.2,2191.8,0,0,738633.745110827,607,3,0
3535.61547680868,40,2221.2,2203.8,2129,0,0,738633.74511129,607,3,0
3535.65547587508,40,2211.2,2153.4,2086,0,0,738633.745111753,607,3,0
3535.69547494148,40,2184.4,2118.6,2059.4,0,0,738633.745112216,607,3,0
3535.73547400788,40,2165.8,2103.8,2053.4,0,0,738633.745112679,607,3,0
3535.77547307428,40,2170,2106,2055.8,0,0,738633.745113142,607,3,0
3535.81547214068,40,2189.6,2121.4,2063.2,0,0,738633.745113605,607,3,0
3535.85547120708,40,2210.8,2156.8,2089.8,0,0,738633.745114068,607,3,0
3535.89547027348,40,2222.4,2202.8,2129.8,0,0,738633.745114531,607,3,0
3535.93546933988,40,2191.2,2237,2187.2,0,0,738633.745114994,607,3,0
3535.97546840628,40,2147.2,2243.2,2253.4,0,0,738633.745115457,607,3,0
3536.01546747268,40,2133.2,2234.2,2267.8,0,0,738633.74511592,607,3,0
3536.05546653908,40,2162,2243.2,2227,0,0,738633.745116383,607,3,0
3536.09546560548,40,2206.6,2229.4,2167.4,0,0,738633.745116846,607,3,0
3536.13546467188,40,2224,2188,2117.8,0,0,738633.745117309,607,3,0
3536.17546373828,40,2210,2151,2081.6,0,0,738633.745117772,607,3,0
3536.21546280468,40,2193,2126.2,2069,0,0,738633.745118234,607,3,0
3536.25546187108,40,2195,2124.8,2070.6,0,0,738633.745118697,607,3,0
3536.29546093748,40,2198.8,2135.8,2070.6,0,0,738633.74511916,607,3,0
3536.33546000388,40,2209.2,2151.2,2081,0,0,738633.745119623,607,3,0
3536.37545907028,40,2218,2164.8,2089,0,0,738633.745120086,607,3,0
3536.41545813668,40,2219.6,2175.2,2102.8,0,0,738633.745120549,607,3,0
3536.45545720308,40,2220.8,2177.6,2107,0,0,738633.745121012,607,3,0
3536.49545626948,40,2222.6,2180.8,2107.8,0,0,738633.745121475,607,3,0
3536.53545533588,40,2222.4,2179.6,2105.8,0,0,738633.745121938,607,3,0
3536.57545440228,40,2221.6,2184,2108.6,0,0,738633.745122401,607,3,0
3536.61545346868,40,2223.2,2187.2,2112.2,0,0,738633.745122864,607,3,0
3536.65545253508,40,2219.2,2189,2110,0,0,738633.745123327,607,3,0
3536.69545160148,40,2222.2,2185.6,2114.8,0,0,738633.74512379,607,3,0
3536.73545066788,40,2220.6,2189.6,2114.4,0,0,738633.745124253,607,3,0
3536.77544973428,40,2216.6,2189,2113.2,0,0,738633.745124716,607,3,0
3536.81544880068,40,2222.8,2194.6,2122.6,0,0,738633.745125179,607,3,0
3536.85544786708,40,2220.2,2198,2126,0,0,738633.745125642,607,3,0
3536.89544693348,40,2220.6,2200.6,2127.4,0,0,738633.745126105,607,3,0
3536.93544599988,40,2224.2,2205.2,2129.8,0,0,738633.745126568,607,3,0
3536.97544506628,40,2221,2204.2,2132.8,0,0,738633.745127031,607,3,0
3537.01544413268,40,2221,2204.4,2131.2,0,0,738633.745127494,607,3,0
3537.05544319908,40,2218.2,2207,2134.4,0,0,738633.745127956,607,3,0
3537.09544226548,40,2219.8,2206.8,2135.2,0,0,738633.745128419,607,3,0
3537.13544133188,40,2215.2,2208.4,2135.2,0,0,738633.745128882,607,3,0
3537.17544039828,40,2213.8,2206.6,2133.8,0,0,738633.745129345,607,3,0
3537.21543946468,40,2213.2,2207.2,2136.4,0,0,738633.745129808,607,3,0
3537.25543853108,40,2212.4,2208.8,2137,0,0,738633.745130271,607,3,0
3537.29543759748,40,2214.4,2206.4,2137.4,0,0,738633.745130734,607,3,0
3537.33543666388,40,2209,2215.6,2142.6,0,0,738633.745131197,607,3,0
3537.37543573028,40,2208,2211.8,2146.8,0,0,738633.74513166,607,3,0
3537.41543479668,40,2211.8,2218.6,2152,0,0,738633.745132123,607,3,0
3537.45543386308,40,2207.2,2222.2,2154.2,0,0,738633.745132586,607,3,0
3537.49543292948,40,2208.4,2221.2,2158.8,0,0,738633.745133049,607,3,0
3537.53543199588,40,2205,2226.6,2159.2,0,0,738633.745133512,607,3,0
3537.57543106228,40,2206.2,2222.4,2160,0,0,738633.745133975,607,3,0
3537.61543012868,40,2200.4,2225,2162.8,0,0,738633.745134438,607,3,0
3537.65542919508,40,2200.4,2231.2,2164.6,0,0,738633.745134901,607,3,0
3537.69542826148,40,2197.4,2226,2169,0,0,738633.745135364,607,3,0
3537.73542732788,40,2197,2229.4,2166.4,0,0,738633.745135827,607,3,0
3537.77542639428,40,2194.2,2228.2,2172.6,0,0,738633.74513629,607,3,0
3537.81542546068,40,2194.6,2227,2176.6,0,0,738633.745136752,607,3,0
3537.85542452708,40,2194.2,2232.4,2179.4,0,0,738633.745137215,607,3,0
3537.89542359348,40,2194,2233.8,2183.2,0,0,738633.745137678,607,3,0
3537.93542265988,40,2190.2,2236.4,2185.2,0,0,738633.745138141,607,3,0
3537.97542172628,40,2189.6,2241.2,2192.4,0,0,738633.745138604,607,3,0
3538.01542079268,40,2187,2240.4,2192.8,0,0,738633.745139067,607,3,0
3538.05541985908,40,2185.4,2241,2196.2,0,0,738633.74513953,607,3,0
3538.09541892548,40,2185.8,2243.2,2203.6,0,0,738633.745139993,607,3,0
3538.13541799188,40,2182.2,2242.4,2202.6,0,0,738633.745140456,607,3,0
3538.17541705828,40,2184.4,2244.4,2204.2,0,0,738633.745140919,607,3,0
3538.21541612468,40,2184.2,2245,2202.8,0,0,738633.745141382,607,3,0
3538.25541519108,40,2190,2245.2,2198.6,0,0,738633.745141845,607,3,0
3538.29541425748,40,2199.8,2239.2,2186.6,0,0,738633.745142308,607,3,0
3538.33541332388,40,2208.6,2229.4,2167.6,0,0,738633.745142771,607,3,0
3538.37541239028,40,2221,2211.6,2140,0,0,738633.745143234,607,3,0
3538.41541145668,40,2219,2184.6,2111.4,0,0,738633.745143697,607,3,0
3538.45541052308,40,2207.6,2158,2087.4,0,0,738633.74514416,607,3,0
3538.49540958948,40,2198,2139.2,2075.2,0,0,738633.745144623,607,3,0
3538.53540865588,40,2186,2121.8,2062.2,0,0,738633.745145086,607,3,0
3538.57540772228,40,2187.4,2124.4,2069.8,0,0,738633.745145549,607,3,0
3538.61540678868,40,2196.6,2131.2,2077.4,0,0,738633.745146012,607,3,0
3538.65540585508,40,2210.2,2146.8,2081,0,0,738633.745146475,607,3,0
3538.69540492148,40,2217.8,2168,2096.2,0,0,738633.745146937,607,3,0
3538.73540398788,40,2220,2195,2118.4,0,0,738633.7451474,607,3,0
3538.77540305428,40,2214.2,2223.8,2157.2,0,0,738633.745147863,607,3,0
3538.81540212068,40,2184,2243,2197.6,0,0,738633.745148326,607,3,0
3538.85540118708,40,2149,2242.6,2241.6,0,0,738633.745148789,607,3,0
3538.89540025348,40,2122.8,2229.4,2276.2,0,0,738633.745149252,607,3,0
3538.93539931988,40,2105.2,2217.6,2283.4,0,0,738633.745149715,607,3,0
3538.97539838628,40,2110.8,2210.2,2284,0,0,738633.745150178,607,3,0
3539.01539745268,40,2128.2,2234.8,2271.6,0,0,738633.745150641,607,3,0
3539.05539651908,40,2159.6,2244.2,2242.6,0,0,738633.745151104,607,3,0
3539.09539558548,40,2191.4,2242,2193.8,0,0,738633.745151567,607,3,0
3539.13539465188,40,2220.4,2217,2142.6,0,0,738633.74515203,607,3,0
3539.17539371828,40,2221,2175.2,2107.4,0,0,738633.745152493,607,3,0
3539.21539278468,40,2207.4,2141,2078,0,0,738633.745152956,607,3,0
3539.25539185108,40,2181.2,2114.2,2057.8,0,0,738633.745153419,607,3,0
3539.29539091748,40,2162.2,2104.2,2051.8,0,0,738633.745153882,607,3,0
3539.33538998388,40,2157.6,2097.8,2052.6,0,0,738633.745154345,607,3,0
3539.37538905028,40,2171,2109.2,2057.6,0,0,738633.745154808,607,3,0
3539.41538811668,40,2184,2123.4,2064,0,0,738633.745155271,607,3,0
3539.45538718308,40,2204.2,2145.8,2083.4,0,0,738633.745155734,607,3,0
3539.49538624948,40,2216.8,2167,2097.4,0,0,738633.745156197,607,3,0
3539.53538531588,40,2225,2191.8,2120,0,0,738633.74515666,607,3,0
3539.57538438228,40,2211.2,2221.6,2158.6,0,0,738633.745157122,607,3,0
3539.61538344868,40,2184.2,2242.4,2200.4,0,0,738633.745157585,607,3,0
3539.65538251508,40,2145.8,2242.8,2244.4,0,0,738633.745158048,607,3,0
3539.69538158148,40,2119.6,2224.6,2281.2,0,0,738633.745158511,607,3,0
3539.73538064788,40,2096.6,2202,2288.6,0,0,738633.745158974,607,3,0
3539.77537971428,40,2089.8,2197.2,2292.6,0,0,738633.745159437,607,3,0
3539.81537878068,40,2105,2211,2291,0,0,738633.7451599,607,3,0
3539.85537784708,40,2120.6,2228,2270.8,0,0,738633.745160363,607,3,0
3539.89537691348,40,2155.4,2247.2,2246.8,0,0,738633.745160826,607,3,0
3539.93537597988,40,2192.4,2236.2,2188.4,0,0,738633.745161289,607,3,0
3539.97537504628,40,2213.8,2199.2,2129.6,0,0,738633.745161752,607,3,0
3540.01537411268,40,2211.6,2152.6,2082,0,0,738633.745162215,607,3,0
3540.05537317908,40,2179.2,2110.8,2060.2,0,0,738633.745162678,607,3,0
3540.09537224548,40,2143.6,2083.2,2045,0,0,738633.745163141,607,3,0
3540.13537131188,40,2123.8,2073.8,2041.6,0,0,738633.745163604,607,3,0
3540.17537037828,40,2130.2,2081.4,2040.4,0,0,738633.745164067,607,3,0
3540.21536944468,40,2149.8,2091.2,2047.6,0,0,738633.74516453,607,3,0
3540.25536851108,40,2174.6,2105.6,2057,0,0,738633.745164993,607,3,0
3540.29536757748,40,2195.8,2133.8,2072.4,0,0,738633.745165456,607,3,0
3540.33536664388,40,2213.4,2166.2,2089,0,0,738633.745165918,607,3,0
3540.37536571028,40,2215.8,2203.2,2129.8,0,0,738633.745166381,607,3,0
3540.41536477668,40,2186.8,2232.6,2181.6,0,0,738633.745166844,607,3,0
3540.45536384308,40,2151,2239.4,2235.8,0,0,738633.745167307,607,3,0
3540.49536290948,40,2113,2221,2279.8,0,0,738633.74516777,607,3,0
3540.53536197588,40,2088.8,2192,2292.8,0,0,738633.745168233,607,3,0
3540.57536104228,40,2078.8,2183.6,2288.4,0,0,738633.745168696,607,3,0
3540.61536010868,40,2091.2,2194.8,2283,0,0,738633.745169159,607,3,0
3540.65535917508,40,2110,2219,2277.6,0,0,738633.745169622,607,3,0
3540.69535824148,40,2152.8,2243.6,2248.6,0,0,738633.745170085,607,3,0
3540.73535730788,40,2194,2229.8,2176.2,0,0,738633.745170548,607,3,0
3540.77535637428,40,2209.2,2177.6,2107.6,0,0,738633.745171011,607,3,0
3540.81535544068,40,2199.6,2132.6,2067.2,0,0,738633.745171474,607,3,0
3540.85535450708,40,2166.8,2104.6,2053.8,0,0,738633.745171937,607,3,0
3540.89535357348,40,2141.6,2089,2043.2,0,0,738633.7451724,607,3,0
3540.93535263988,40,2128,2087.4,2045.4,0,0,738633.745172863,607,3,0
3540.97535170628,40,2141.4,2090.2,2048.6,0,0,738633.745173326,607,3,0
3541.01535077268,40,2147.2,2096.2,2051.8,0,0,738633.745173789,607,3,0
3541.05534983908,40,2165.8,2103,2053.8,0,0,738633.745174252,607,3,0
3541.09534890548,40,2178.4,2115.6,2054,0,0,738633.745174715,607,3,0
3541.13534797188,40,2195.2,2131.6,2070,0,0,738633.745175178,607,3,0
3541.17534703828,40,2209.2,2171.2,2100.2,0,0,738633.745175641,607,3,0
3541.21534610468,40,2202.6,2212.6,2148.4,0,0,738633.745176103,607,3,0
3541.25534517108,40,2170,2241.6,2214.8,0,0,738633.745176566,607,3,0
3541.29534423748,40,2131.4,2230,2269.6,0,0,738633.745177029,607,3,0
3541.33534330388,40,2094,2203.8,2287.8,0,0,738633.745177492,607,3,0
3541.37534237028,40,2081,2185,2283.4,0,0,738633.745177955,607,3,0
3541.41534143668,40,2085,2187,2283.4,0,0,738633.745178418,607,3,0
3541.45534050308,40,2095.6,2202,2279.6,0,0,738633.745178881,607,3,0
3541.49533956948,40,2120.2,2227.6,2276.8,0,0,738633.745179344,607,3,0
3541.53533863588,40,2150.4,2243.4,2252.2,0,0,738633.745179807,607,3,0
3541.57533770228,40,2183,2237.4,2198.2,0,0,738633.74518027,607,3,0
3541.61533676868,40,2209.2,2210.6,2137.8,0,0,738633.745180733,607,3,0
3541.65533583508,40,2211,2165.2,2091.8,0,0,738633.745181196,607,3,0
3541.69533490148,40,2188.6,2122.8,2066.6,0,0,738633.745181659,607,3,0
3541.73533396788,40,2157.8,2092.6,2049.2,0,0,738633.745182122,607,3,0
3541.77533303428,40,2131.6,2082.4,2040.6,0,0,738633.745182585,607,3,0
3541.81533210068,40,2134.6,2078.6,2042.2,0,0,738633.745183048,607,3,0
3541.85533116708,40,2147.2,2088.4,2047.4,0,0,738633.745183511,607,3,0
3541.89533023348,40,2161.8,2099,2051.6,0,0,738633.745183974,607,3,0
3541.93532929988,40,2184,2117.2,2058.4,0,0,738633.745184437,607,3,0
3541.97532836628,40,2208.6,2142.8,2077.4,0,0,738633.7451849,607,3,0
3542.01532743268,40,2217.8,2184.4,2110.2,0,0,738633.745185363,607,3,0
3542.05532649908,40,2203.8,2223.4,2163.6,0,0,738633.745185826,607,3,0
3542.09532556548,40,2158.4,2240.8,2224.8,0,0,738633.745186288,607,3,0
3542.13532463188,40,2120.6,2226,2277.8,0,0,738633.745186751,607,3,0
3542.17532369828,40,2087.4,2192.6,2293.4,0,0,738633.745187214,607,3,0
3542.21532276468,40,2076,2172.4,2278.8,0,0,738633.745187677,607,3,0
3542.25532183108,40,2080.4,2183.2,2281,0,0,738633.74518814,607,3,0
3542.29532089748,40,2099,2206,2276.8,0,0,738633.745188603,607,3,0
3542.33531996388,40,2132.8,2236.6,2267.4,0,0,738633.745189066,607,3,0
3542.37531903028,40,2183.2,2243,2202.8,0,0,738633.745189529,607,3,0
3542.41531809668,40,2213.6,2196.8,2130,0,0,738633.745189992,607,3,0
3542.45531716308,40,2200.2,2144.2,2078.6,0,0,738633.745190455,607,3,0
3542.49531622948,40,2161.6,2100.6,2051.4,0,0,738633.745190918,607,3,0
3542.53531529588,40,2122.6,2073.4,2036.8,0,0,738633.745191381,607,3,0
3542.57531436228,40,2105.8,2063.2,2035.2,0,0,738633.745191844,607,3,0
3542.61531342868,40,2119,2074.2,2037,0,0,738633.745192307,607,3,0
3542.65531249508,40,2141.4,2084.4,2042.4,0,0,738633.74519277,607,3,0
3542.69531156148,40,2162.6,2104.4,2053.6,0,0,738633.745193233,607,3,0
3542.73531062788,40,2196.8,2130,2070,0,0,738633.745193696,607,3,0
3542.77530969428,40,2219.2,2171.8,2099.2,0,0,738633.745194159,607,3,0
3542.81530876068,40,2218.6,2218,2147.8,0,0,738633.745194622,607,3,0
3542.85530782708,40,2180.2,2246,2209.8,0,0,738633.745195084,607,3,0
3542.89530689348,40,2131,2236.6,2266.6,0,0,738633.745195547,607,3,0
3542.93530595988,40,2089.6,2195,2283,0,0,738633.74519601,607,3,0
3542.97530502628,40,2065.8,2159.8,2272.8,0,0,738633.745196473,607,3,0
3543.01530409268,40,2068,2159,2268.6,0,0,738633.745196936,607,3,0
3543.05530315908,40,2082,2177.4,2275.6,0,0,738633.745197399,607,3,0
3543.09530222548,40,2104.8,2211.8,2278.6,0,0,738633.745197862,607,3,0
3543.13530129188,40,2147,2239,2251.4,0,0,738633.745198325,607,3,0
3543.17530035828,40,2196.2,2238,2182.4,0,0,738633.745198788,607,3,0
3543.21529942468,40,2217.8,2189.2,2112.4,0,0,738633.745199251,607,3,0
3543.25529849108,40,2194,2133.2,2071,0,0,738633.745199714,607,3,0
3543.29529755748,40,2153.6,2091.8,2045.4,0,0,738633.745200177,607,3,0
3543.33529662388,40,2116.6,2069.6,2033.8,0,0,738633.74520064,607,3,0
3543.37529569028,40,2099.2,2061.8,2032,0,0,738633.745201103,607,3,0
3543.41529475668,40,2111.8,2068.2,2035.2,0,0,738633.745201566,607,3,0
3543.45529382308,40,2128.8,2079.2,2042.8,0,0,738633.745202029,607,3,0
3543.49529288948,40,2155.4,2099,2050.4,0,0,738633.745202492,607,3,0
3543.53529195588,40,2182.6,2123,2066.2,0,0,738633.745202955,607,3,0
3543.57529102228,40,2208.4,2152.6,2088.2,0,0,738633.745203418,607,3,0
3543.61529008868,40,2220.6,2188.2,2117.6,0,0,738633.745203881,607,3,0
3543.65528915508,40,2210.2,2228.6,2160.4,0,0,738633.745204344,607,3,0
3543.69528822148,40,2170.6,2242.8,2216.6,0,0,738633.745204807,607,3,0
3543.73528728788,40,2127,2230,2265.6,0,0,738633.745205269,607,3,0
3543.77528635428,40,2092.6,2198.6,2286.8,0,0,738633.745205732,607,3,0
3543.81528542068,40,2068,2168.8,2280.4,0,0,738633.745206195,607,3,0
3543.85528448708,40,2066.2,2161.6,2278.4,0,0,738633.745206658,607,3,0
3543.89528355348,40,2082.6,2185.4,2286.2,0,0,738633.745207121,607,3,0
3543.93528261988,40,2111.8,2214.6,2278.8,0,0,738633.745207584,607,3,0
3543.97528168628,40,2152,2245.6,2249,0,0,738633.745208047,607,3,0
3544.01528075268,40,2195,2234,2179.6,0,0,738633.74520851,607,3,0
3544.05527981908,40,2214,2188.6,2114.4,0,0,738633.745208973,607,3,0
3544.09527888548,40,2191,2132.2,2070.4,0,0,738633.745209436,607,3,0
3544.13527795188,40,2163.6,2095.6,2051.6,0,0,738633.745209899,607,3,0
3544.17527701828,40,2141.2,2084.2,2045.4,0,0,738633.745210362,607,3,0
3544.21527608468,40,2139,2086.8,2049.6,0,0,738633.745210825,607,3,0
3544.25527515108,40,2150.6,2101,2054.6,0,0,738633.745211288,607,3,0
3544.29527421748,40,2158.8,2105,2054.2,0,0,738633.745211751,607,3,0
3544.33527328388,40,2171,2106.8,2057.6,0,0,738633.745212214,607,3,0
3544.37527235028,40,2188.4,2118.8,2061,0,0,738633.745212677,607,3,0
3544.41527141668,40,2202,2146.6,2081.6,0,0,738633.74521314,607,3,0
3544.45527048308,40,2211,2188.2,2116.6,0,0,738633.745213603,607,3,0
3544.49526954948,40,2200.4,2228.8,2169.8,0,0,738633.745214066,607,3,0
3544.53526861588,40,2160.6,2240.2,2233.2,0,0,738633.745214529,607,3,0
3544.57526768228,40,2121.2,2229,2275,0,0,738633.745214992,607,3,0
3544.61526674868,40,2092.4,2195.4,2284.4,0,0,738633.745215454,607,3,0
3544.65526581508,40,2073.8,2171.4,2271,0,0,738633.745215917,607,3,0
3544.69526488148,40,2069.6,2164.8,2269.6,0,0,738633.74521638,607,3,0
3544.73526394788,40,2079,2183,2276.6,0,0,738633.745216843,607,3,0
3544.77526301428,40,2102,2211.4,2283.2,0,0,738633.745217306,607,3,0
3544.81526208068,40,2140.2,2236.6,2261,0,0,738633.745217769,607,3,0
3544.85526114708,40,2183.8,2245,2210.2,0,0,738633.745218232,607,3,0
3544.89526021348,40,2213.4,2222.8,2152.6,0,0,738633.745218695,607,3,0
3544.93525927988,40,2222,2177.8,2107,0,0,738633.745219158,607,3,0
3544.97525834628,40,2202.4,2138.2,2075.6,0,0,738633.745219621,607,3,0
3545.01525741268,40,2179.2,2113.8,2057.2,0,0,738633.745220084,607,3,0
3545.05525647908,40,2166.4,2102.4,2056.8,0,0,738633.745220547,607,3,0
3545.09525554548,40,2170.4,2108.2,2060,0,0,738633.74522101,607,3,0
3545.13525461188,40,2189,2125,2066,0,0,738633.745221473,607,3,0
3545.17525367828,40,2206,2150.4,2082.2,0,0,738633.745221936,607,3,0
3545.21525274468,40,2218.6,2173.6,2107.2,0,0,738633.745222399,607,3,0
3545.25525181108,40,2220,2214.2,2139.4,0,0,738633.745222862,607,3,0
3545.29525087748,40,2200.6,2241,2186.4,0,0,738633.745223325,607,3,0
3545.33524994388,40,2155.4,2242,2237.8,0,0,738633.745223787,607,3,0
3545.37524901028,40,2118.4,2221.8,2281.2,0,0,738633.74522425,607,3,0
3545.41524807668,40,2088.2,2194.2,2287.8,0,0,738633.745224713,607,3,0
3545.45524714308,40,2071.8,2170,2277,0,0,738633.745225176,607,3,0
3545.49524620948,40,2075.6,2172,2277.6,0,0,738633.745225639,607,3,0
3545.53524527588,40,2087.8,2192.4,2284.8,0,0,738633.745226102,607,3,0
3545.57524434228,40,2114,2217.2,2279,0,0,738633.745226565,607,3,0
3545.61524340868,40,2151.6,2241.8,2248.8,0,0,738633.745227028,607,3,0
3545.65524247508,40,2192.6,2235.2,2179.8,0,0,738633.745227491,607,3,0
3545.69524154148,40,2214.8,2194,2119.4,0,0,738633.745227954,607,3,0
3545.73524060788,40,2201.6,2142.4,2077.6,0,0,738633.745228417,607,3,0
3545.77523967428,40,2171.2,2108.4,2056.2,0,0,738633.74522888,607,3,0
3545.81523874068,40,2147.2,2089.4,2047.8,0,0,738633.745229343,607,3,0
3545.85523780708,40,2134,2087.8,2046,0,0,738633.745229806,607,3,0
3545.89523687348,40,2145.2,2088.8,2051,0,0,738633.745230269,607,3,0
3545.93523593988,40,2161.2,2109.2,2058.6,0,0,738633.745230732,607,3,0
3545.97523500628,40,2180,2120.8,2063.6,0,0,738633.745231195,607,3,0
3546.01523407268,40,2201.4,2137.2,2074,0,0,738633.745231658,607,3,0
3546.05523313908,40,2218.6,2163.8,2093.8,0,0,738633.745232121,607,3,0
3546.09523220548,40,2219.4,2202.4,2130.8,0,0,738633.745232584,607,3,0
3546.13523127188,40,2189.8,2236.6,2186.2,0,0,738633.745233047,607,3,0
3546.17523033828,40,2148,2238.8,2246.4,0,0,738633.74523351,607,3,0
3546.21522940468,40,2109.8,2212,2284.4,0,0,738633.745233972,607,3,0
3546.25522847108,40,2076.8,2179.6,2284,0,0,738633.745234435,607,3,0
3546.29522753748,40,2067.6,2159.2,2268.6,0,0,738633.745234898,607,3,0
3546.33522660388,40,2072.2,2167.8,2269.4,0,0,738633.745235361,607,3,0
3546.37522567028,40,2090,2190.4,2280.8,0,0,738633.745235824,607,3,0
3546.41522473668,40,2113.8,2221.4,2278,0,0,738633.745236287,607,3,0
3546.45522380308,40,2152.6,2240.8,2234.8,0,0,738633.74523675,607,3,0
3546.49522286948,40,2195.6,2230.8,2174.4,0,0,738633.745237213,607,3,0
3546.53522193588,40,2211.8,2190.6,2115.8,0,0,738633.745237676,607,3,0
3546.57522100228,40,2200.8,2149,2077.8,0,0,738633.745238139,607,3,0
3546.61522006868,40,2177,2112,2059.6,0,0,738633.745238602,607,3,0
3546.65521913508,40,2152.6,2089.2,2045.8,0,0,738633.745239065,607,3,0
3546.69521820148,40,2144,2088.4,2044.8,0,0,738633.745239528,607,3,0
3546.73521726788,40,2155.4,2095,2051,0,0,738633.745239991,607,3,0
3546.77521633428,40,2175.8,2112.2,2061.6,0,0,738633.745240454,607,3,0
3546.81521540068,40,2195.2,2127.6,2073,0,0,738633.745240917,607,3,0
3546.85521446708,40,2210.4,2157.4,2091.4,0,0,738633.74524138,607,3,0
3546.89521353348,40,2221.6,2186.4,2114,0,0,738633.745241843,607,3,0
3546.93521259988,40,2217,2219,2150.4,0,0,738633.745242306,607,3,0
3546.97521166628,40,2192.6,2240.8,2189.2,0,0,738633.745242769,607,3,0
3547.01521073268,40,2159.4,2242.4,2237,0,0,738633.745243232,607,3,0
3547.05520979908,40,2131,2235.4,2267.4,0,0,738633.745243695,607,3,0
3547.09520886548,40,2107.4,2216.2,2286.6,0,0,738633.745244157,607,3,0
3547.13520793188,40,2098.4,2208.6,2284.2,0,0,738633.74524462,607,3,0
3547.17520699828,40,2111.2,2218.2,2286,0,0,738633.745245083,607,3,0
3547.21520606468,40,2128,2228.2,2269,0,0,738633.745245546,607,3,0
3547.25520513108,40,2156.8,2243.8,2239.4,0,0,738633.745246009,607,3,0
3547.29520419748,40,2186.8,2237.6,2196.6,0,0,738633.745246472,607,3,0
3547.33520326388,40,2211,2216.4,2145.4,0,0,738633.745246935,607,3,0
3547.37520233028,40,2218.8,2178.4,2106.6,0,0,738633.745247398,607,3,0
3547.41520139668,40,2207,2139.6,2080,0,0,738633.745247861,607,3,0
3547.45520046308,40,2182.2,2115.4,2058.2,0,0,738633.745248324,607,3,0
3547.49519952948,40,2162.8,2097.6,2053.2,0,0,738633.745248787,607,3,0
3547.53519859588,40,2158.8,2096.8,2051,0,0,738633.74524925,607,3,0
3547.57519766228,40,2167.4,2105,2055,0,0,738633.745249713,607,3,0
3547.61519672868,40,2183.2,2121.4,2060.4,0,0,738633.745250176,607,3,0
3547.65519579508,40,2195.6,2135.6,2071.6,0,0,738633.745250639,607,3,0
3547.69519486148,40,2215.8,2161,2087.6,0,0,738633.745251102,607,3,0
3547.73519392788,40,2217.6,2184.4,2113,0,0,738633.745251565,607,3,0
3547.77519299428,40,2213,2215.2,2146,0,0,738633.745252028,607,3,0
3547.81519206068,40,2191.6,2236.8,2187.2,0,0,738633.745252491,607,3,0
3547.85519112708,40,2161,2243.4,2226,0,0,738633.745252953,607,3,0
3547.89519019348,40,2136.2,2234.2,2254.6,0,0,738633.745253416,607,3,0
3547.93518925988,40,2120.4,2223.6,2272.2,0,0,738633.745253879,607,3,0
3547.97518832628,40,2115.8,2221.8,2278.2,0,0,738633.745254342,607,3,0
3548.01518739268,40,2119.8,2231.6,2273,0,0,738633.745254805,607,3,0
3548.05518645908,40,2136.8,2237,2265.2,0,0,738633.745255268,607,3,0
3548.09518552548,40,2158,2240.4,2241.2,0,0,738633.745255731,607,3,0
3548.13518459188,40,2178.2,2247,2218,0,0,738633.745256194,607,3,0
3548.17518365828,40,2195.2,2238.8,2186.8,0,0,738633.745256657,607,3,0
3548.21518272468,40,2212.4,2223.2,2156,0,0,738633.74525712,607,3,0
3548.25518179108,40,2216,2202.8,2129.4,0,0,738633.745257583,607,3,0
3548.29518085748,40,2214.6,2184,2111.6,0,0,738633.745258046,607,3,0
3548.33517992388,40,2210.4,2169.8,2098.6,0,0,738633.745258509,607,3,0
3548.37517899028,40,2209.6,2160.2,2093.8,0,0,738633.745258972,607,3,0
3548.41517805668,40,2209.6,2165.4,2092.8,0,0,738633.745259435,607,3,0
3548.45517712308,40,2211.2,2167.4,2095.2,0,0,738633.745259898,607,3,0
3548.49517618948,40,2217,2175.6,2103.8,0,0,738633.745260361,607,3,0
3548.53517525588,40,2222.2,2179.4,2107.4,0,0,738633.745260824,607,3,0
3548.57517432228,40,2219.6,2185.6,2111,0,0,738633.745261287,607,3,0
3548.61517338868,40,2223,2189.8,2115.8,0,0,738633.74526175,607,3,0
3548.65517245508,40,2219.2,2196.4,2124.2,0,0,738633.745262213,607,3,0
3548.69517152148,40,2222.2,2198.8,2124.6,0,0,738633.745262676,607,3,0
3548.73517058788,40,2222.6,2202.6,2130.4,0,0,738633.745263138,607,3,0
3548.77516965428,40,2220.8,2203.4,2132.4,0,0,738633.745263601,607,3,0
3548.81516872068,40,2219.2,2208,2132.2,0,0,738633.745264064,607,3,0
3548.85516778708,40,2223.8,2209.6,2132.2,0,0,738633.745264527,607,3,0
3548.89516685348,40,2215.6,2206,2134,0,0,738633.74526499,607,3,0
3548.93516591988,40,2219,2207.8,2134,0,0,738633.745265453,607,3,0
3548.97516498628,40,2214.6,2208.2,2136.6,0,0,738633.745265916,607,3,0
3549.01516405268,40,2214,2212.4,2138,0,0,738633.745266379,607,3,0
3549.05516311908,40,2215.8,2213.2,2142.6,0,0,738633.745266842,607,3,0
3549.09516218548,40,2212.6,2210.4,2141.6,0,0,738633.745267305,607,3,0
3549.13516125188,40,2207,2211.4,2146.4,0,0,738633.745267768,607,3,0
3549.17516031828,40,2209.2,2219.2,2151.2,0,0,738633.745268231,607,3,0
3549.21515938468,40,2205.8,2221.6,2152.8,0,0,738633.745268694,607,3,0
3549.25515845108,40,2209.6,2225.8,2156.2,0,0,738633.745269157,607,3,0
3549.29515751748,40,2204.2,2225.6,2157.4,0,0,738633.74526962,607,3,0
3549.33515658388,40,2203.8,2225,2164,0,0,738633.745270083,607,3,0
3549.37515565028,40,2202,2229.6,2167.4,0,0,738633.745270546,607,3,0
3549.41515471668,40,2202.2,2232.4,2174,0,0,738633.745271009,607,3,0
3549.45515378308,40,2198.6,2233.6,2177,0,0,738633.745271472,607,3,0
3549.49515284948,40,2197.4,2235.2,2178.4,0,0,738633.745271935,607,3,0
3549.53515191588,40,2197.2,2231.8,2180,0,0,738633.745272398,607,3,0
3549.57515098228,40,2196.2,2237.2,2184.8,0,0,738633.745272861,607,3,0
3549.61515004868,40,2194.2,2237.6,2184.2,0,0,738633.745273323,607,3,0
3549.65514911508,40,2189.4,2235,2185.4,0,0,738633.745273786,607,3,0
3549.69514818148,40,2189.2,2237.4,2190.6,0,0,738633.745274249,607,3,0
3549.73514724788,40,2187.4,2239.4,2193.8,0,0,738633.745274712,607,3,0
3549.77514631428,40,2184.4,2234.2,2195.4,0,0,738633.745275175,607,3,0
3549.81514538068,40,2180.4,2241.4,2200,0,0,738633.745275638,607,3,0
3549.85514444708,40,2180.8,2242.4,2199.8,0,0,738633.745276101,607,3,0
3549.89514351348,40,2178.2,2242.8,2205,0,0,738633.745276564,607,3,0
3549.93514257988,40,2174.2,2244.6,2204,0,0,738633.745277027,607,3,0
3549.97514164628,40,2174.6,2247.2,2208.6,0,0,738633.74527749,607,3,0
3550.01514071268,40,2174.8,2244,2213.6,0,0,738633.745277953,607,3,0
3550.05513977908,40,2170.8,2243,2220.2,0,0,738633.745278416,607,3,0
3550.09513884548,40,2169.8,2242,2218.6,0,0,738633.745278879,607,3,0
3550.13513791188,40,2169.2,2243.2,2227,0,0,738633.745279342,607,3,0
3550.17513697828,40,2168.2,2245.2,2229.6,0,0,738633.745279805,607,3,0
3550.21513604468,40,2163.8,2243.8,2232,0,0,738633.745280268,607,3,0
3550.25513511108,40,2158.6,2242,2232.2,0,0,738633.745280731,607,3,0
3550.29513417748,40,2157.2,2244.2,2235.4,0,0,738633.745281194,607,3,0
3550.33513324388,40,2157,2239.8,2235.6,0,0,738633.745281657,607,3,0
3550.37513231028,40,2154.8,2241,2237.8,0,0,738633.745282119,607,3,0
3550.41513137668,40,2151,2245.6,2242.8,0,0,738633.745282582,607,3,0
3550.45513044308,40,2148.4,2240.8,2241.8,0,0,738633.745283045,607,3,0
3550.49512950948,40,2146.2,2240.2,2247.6,0,0,738633.745283508,607,3,0
3550.53512857588,40,2148.8,2241.8,2254.2,0,0,738633.745283971,607,3,0
3550.57512764228,40,2143,2240.6,2250,0,0,738633.745284434,607,3,0
3550.61512670868,40,2138.6,2238,2253.4,0,0,738633.745284897,607,3,0
3550.65512577508,40,2139.6,2233.4,2257,0,0,738633.74528536,607,3,0
3550.69512484148,40,2139.4,2236.6,2258.4,0,0,738633.745285823,607,3,0
3550.73512390788,40,2133.4,2236.8,2262.8,0,0,738633.745286286,607,3,0
3550.77512297428,40,2133,2234.2,2263.6,0,0,738633.745286749,607,3,0
3550.81512204068,40,2129.4,2234.8,2266.6,0,0,738633.745287212,607,3,0
3550.85512110708,40,2131.2,2232.6,2267.6,0,0,738633.745287675,607,3,0
3550.89512017348,40,2127,2230,2271.2,0,0,738633.745288138,607,3,0
3550.93511923988,40,2127.2,2232.6,2275,0,0,738633.745288601,607,3,0
3550.97511830628,40,2123.6,2224.4,2272.6,0,0,738633.745289064,607,3,0
3551.01511737268,40,2122.4,2228.4,2277.4,0,0,738633.745289527,607,3,0
3551.05511643908,40,2117.6,2225.8,2274.8,0,0,738633.74528999,607,3,0
3551.09511550548,40,2113.8,2224,2279.6,0,0,738633.745290453,607,3,0
3551.13511457188,40,2118.2,2222.2,2280.6,0,0,738633.745290916,607,3,0
3551.17511363828,40,2112.8,2222.2,2284.8,0,0,738633.745291379,607,3,0
3551.21511270468,40,2108.4,2219.2,2284.2,0,0,738633.745291842,607,3,0
3551.25511177108,40,2111.2,2216.6,2284.6,0,0,738633.745292304,607,3,0
3551.29511083748,40,2108.2,2216.4,2286.8,0,0,738633.745292767,607,3,0
3551.33510990388,40,2108.4,2212.8,2282.4,0,0,738633.74529323,607,3,0
3551.37510897028,40,2103.6,2213.6,2287.4,0,0,738633.745293693,607,3,0
3551.41510803668,40,2105.2,2211,2287,0,0,738633.745294156,607,3,0
3551.45510710308,40,2100.2,2207.6,2287.2,0,0,738633.745294619,607,3,0
3551.49510616948,40,2101.4,2206.4,2291.4,0,0,738633.745295082,607,3,0
3551.53510523588,40,2098.2,2205.2,2291,0,0,738633.745295545,607,3,0
3551.57510430228,40,2099.2,2202.8,2290.6,0,0,738633.745296008,607,3,0
3551.61510336868,40,2096,2205,2292.2,0,0,738633.745296471,607,3,0
3551.65510243508,40,2093,2200.8,2289.8,0,0,738633.745296934,607,3,0
3551.69510150148,40,2094.2,2198,2289.4,0,0,738633.745297397,607,3,0
3551.73510056788,40,2090.2,2197,2290.4,0,0,738633.74529786,607,3,0
3551.77509963428,40,2088.2,2193.4,2288.2,0,0,738633.745298323,607,3,0
3551.81509870068,40,2086.8,2194.8,2292.2,0,0,738633.745298786,607,3,0
3551.85509776708,40,2085.4,2192.2,2290.2,0,0,738633.745299249,607,3,0
3551.89509683348,40,2085,2191.2,2289.6,0,0,738633.745299712,607,3,0
3551.93509589988,40,2083.6,2183.8,2288.6,0,0,738633.745300175,607,3,0
3551.97509496628,40,2079.6,2184.4,2289,0,0,738633.745300638,607,3,0
3552.01509403268,40,2078,2183.4,2286.6,0,0,738633.745301101,607,3,0
3552.05509309908,40,2078.4,2185,2287.4,0,0,738633.745301564,607,3,0
3552.09509216548,40,2076,2181,2286.4,0,0,738633.745302027,607,3,0
3552.13509123188,40,2075.6,2174.8,2286.8,0,0,738633.745302489,607,3,0
3552.17509029828,40,2074,2178.2,2282,0,0,738633.745302952,607,3,0
3552.21508936468,40,2071.8,2170.2,2282.6,0,0,738633.745303415,607,3,0
3552.25508843108,40,2070,2170.2,2281,0,0,738633.745303878,607,3,0
3552.29508749748,40,2070.6,2168,2278,0,0,738633.745304341,607,3,0
3552.33508656388,40,2068.6,2164.8,2278.2,0,0,738633.745304804,607,3,0
3552.37508563028,40,2069,2164.8,2278.8,0,0,738633.745305267,607,3,0
3552.41508469668,40,2068.8,2164.6,2275,0,0,738633.74530573,607,3,0
3552.45508376308,40,2065.4,2161.2,2274,0,0,738633.745306193,607,3,0
3552.49508282948,40,2064.2,2159.6,2271.6,0,0,738633.745306656,607,3,0
3552.53508189588,40,2063.6,2157.2,2270.2,0,0,738633.745307119,607,3,0
3552.57508096228,40,2062.8,2156,2272.6,0,0,738633.745307582,607,3,0
3552.61508002868,40,2062,2153.4,2267.6,0,0,738633.745308045,607,3,0
3552.65507909508,40,2062,2153.4,2263.2,0,0,738633.745308508,607,3,0
3552.69507816148,40,2061.4,2149.8,2259.4,0,0,738633.745308971,607,3,0
3552.73507722788,40,2059.8,2147.2,2259.2,0,0,738633.745309434,607,3,0
3552.77507629428,40,2062.6,2145.8,2257.6,0,0,738633.745309897,607,3,0
3552.81507536068,40,2056,2147.4,2255.4,0,0,738633.74531036,607,3,0
3552.85507442708,40,2057.2,2144,2255.6,0,0,738633.745310823,607,3,0
3552.89507349348,40,2056,2143.2,2252.4,0,0,738633.745311285,607,3,0
3552.93507255988,40,2052.2,2139.8,2247,0,0,738633.745311748,607,3,0
3552.97507162628,40,2055.6,2135.6,2247,0,0,738633.745312211,607,3,0
3553.01507069268,40,2053.6,2133,2245,0,0,738633.745312674,607,3,0
3553.05506975908,40,2053.4,2132,2244.2,0,0,738633.745313137,607,3,0
3553.09506882548,40,2050,2134.6,2240.2,0,0,738633.7453136,607,3,0
3553.13506789188,40,2050,2131.8,2236.4,0,0,738633.745314063,607,3,0
3553.17506695828,40,2049.2,2129.6,2241.4,0,0,738633.745314526,607,3,0
3553.21506602468,40,2047.8,2128.8,2231.8,0,0,738633.745314989,607,3,0
3553.25506509108,40,2047.6,2126.8,2235.4,0,0,738633.745315452,607,3,0
3553.29506415748,40,2045.6,2125.6,2228.2,0,0,738633.745315915,607,3,0
3553.33506322388,40,2049,2122.6,2222.8,0,0,738633.745316378,607,3,0
3553.37506229028,40,2052,2120.4,2224.2,0,0,738633.745316841,607,3,0
3553.41506135668,40,2045.6,2117.4,2219.8,0,0,738633.745317304,607,3,0
3553.45506042308,40,2047.6,2120.2,2216.6,0,0,738633.745317767,607,3,0
3553.49505948948,40,2043.2,2118.2,2212.2,0,0,738633.74531823,607,3,0
3553.53505855588,40,2041.6,2112.6,2212.6,0,0,738633.745318693,607,3,0
3553.57505762228,40,2042,2113.4,2211.4,0,0,738633.745319156,607,3,0
3553.61505668868,40,2040.8,2112.6,2211.4,0,0,738633.745319619,607,3,0
3553.65505575508,40,2041,2111.2,2205.2,0,0,738633.745320082,607,3,0
3553.69505482148,40,2041.2,2112,2201.4,0,0,738633.745320545,607,3,0
3553.73505388788,40,2038.2,2110,2203.4,0,0,738633.745321007,607,3,0
3553.77505295428,40,2040.8,2106.2,2199.4,0,0,738633.74532147,607,3,0
3553.81505202068,40,2037.8,2109.4,2197.4,0,0,738633.745321933,607,3,0
3553.85505108708,40,2040.2,2106.4,2193,0,0,738633.745322396,607,3,0
3553.89505015348,40,2038.4,2103.4,2190.8,0,0,738633.745322859,607,3,0
3553.93504921988,40,2037.6,2100.8,2185.6,0,0,738633.745323322,607,3,0
3553.97504828628,40,2037.2,2099.6,2185.4,0,0,738633.745323785,607,3,0
3554.01504735268,40,2037.2,2100.4,2185,0,0,738633.745324248,607,3,0
3554.05504641908,40,2034.6,2098.4,2179,0,0,738633.745324711,607,3,0
3554.09504548548,40,2035,2099.2,2177.8,0,0,738633.745325174,607,3,0
3554.13504455188,40,2035.8,2097.4,2178,0,0,738633.745325637,607,3,0
3554.17504361828,40,2035.6,2095.4,2174,0,0,738633.7453261,607,3,0
3554.21504268468,40,2035.2,2094,2174.2,0,0,738633.745326563,607,3,0
3554.25504175108,40,2033,2094.8,2169.6,0,0,738633.745327026,607,3,0
3554.29504081748,40,2029.6,2094,2168.6,0,0,738633.745327489,607,3,0
3554.33503988388,40,2032.6,2092,2165.2,0,0,738633.745327952,607,3,0
3554.37503895028,40,2031.8,2091.6,2167,0,0,738633.745328415,607,3,0
3554.41503801668,40,2032.4,2088.4,2160.6,0,0,738633.745328878,607,3,0
3554.45503708308,40,2032.8,2088,2158.4,0,0,738633.745329341,607,3,0
3554.49503614948,40,2030.6,2091,2155.4,0,0,738633.745329804,607,3,0
3554.53503521588,40,2032.4,2087.6,2156.4,0,0,738633.745330267,607,3,0
3554.57503428228,40,2028.6,2085.8,2151.4,0,0,738633.74533073,607,3,0
3554.61503334868,40,2030,2085.8,2150.6,0,0,738633.745331192,607,3,0
3554.65503241508,40,2027.6,2085,2147.8,0,0,738633.745331655,607,3,0
3554.69503148148,40,2027.8,2082.4,2145.6,0,0,738633.745332118,607,3,0
3554.73503054788,40,2026.8,2082.4,2141.6,0,0,738633.745332581,607,3,0
3554.77502961428,40,2028,2079,2141.2,0,0,738633.745333044,607,3,0
3554.81502868068,40,2025.4,2075.2,2140.8,0,0,738633.745333507,607,3,0
3554.85502774708,40,2025,2084.4,2140.2,0,0,738633.74533397,607,3,0
3554.89502681348,40,2023.8,2080,2135,0,0,738633.745334433,607,3,0
3554.93502587988,40,2022.4,2077.4,2135.6,0,0,738633.745334896,607,3,0
3554.97502494628,40,2026.2,2077.2,2126.6,0,0,738633.745335359,607,3,0
3555.01502401268,40,2025.6,2076.4,2129.2,0,0,738633.745335822,607,3,0
3555.05502307908,40,2022.8,2076.8,2127,0,0,738633.745336285,607,3,0
3555.09502214548,40,2024.2,2073.8,2125.4,0,0,738633.745336748,607,3,0
3555.13502121188,40,2023.2,2071.8,2125.6,0,0,738633.745337211,607,3,0
3555.17502027828,40,2022.2,2072.4,2123.4,0,0,738633.745337674,607,3,0
3555.21501934468,40,2022,2070.8,2120.6,0,0,738633.745338137,607,3,0
3555.25501841108,40,2022,2069.8,2119.4,0,0,738633.7453386,607,3,0
3555.29501747748,40,2024.4,2069,2115,0,0,738633.745339063,607,3,0
