69298.3935377432,40,2054.8,2113.8,2090.4,0,0,738622.679179324,0,0,0
69298.4335368097,40,2052,2109.2,2086.4,0,0,738622.679179787,0,0,0
69298.4735358761,40,2052,2108.6,2082.8,0,0,738622.67918025,0,0,0
69298.5135349425,40,2049.2,2110.4,2081.4,0,0,738622.679180713,0,0,0
69298.5535340089,40,2052.4,2111.8,2087,0,0,738622.679181175,0,0,0
69298.5935330753,40,2053,2108.8,2088.2,0,0,738622.679181638,0,0,0
69298.6335321417,40,2047.8,2106,2084.4,0,0,738622.679182101,0,0,0
69298.6735312081,40,2048.2,2108.2,2085,0,0,738622.679182564,0,0,0
69298.7135302745,40,2045.8,2106.6,2086.4,0,0,738622.679183027,0,0,0
69298.7535293409,40,2051.2,2104.2,2080.6,0,0,738622.67918349,0,0,0
69298.7935284072,40,2046.4,2108.4,2080.2,0,0,738622.679183953,0,0,0
69298.8335274737,40,2048,2105,2083.6,0,0,738622.679184416,0,0,0
69298.87352654,40,2044.4,2102.6,2080,0,0,738622.679184879,0,0,0
69298.9135256065,40,2044.6,2102.6,2081.2,0,0,738622.679185342,0,0,0
69298.9535246728,40,2041.8,2103.6,2084.8,0,0,738622.679185805,0,0,0
69298.9935237393,40,2045.2,2100.4,2080.2,0,0,738622.679186268,0,0,0
69299.0335228057,40,2044.4,2102.2,2083.4,0,0,738622.679186731,0,0,0
69299.0735218721,40,2041.8,2099.8,2078.8,0,0,738622.679187194,0,0,0
69299.1135209385,40,2043.4,2099.6,2076.8,0,0,738622.679187657,0,0,0
69299.1535200049,40,2040.2,2100,2081.2,0,0,738622.67918812,0,0,0
69299.1935190713,40,2042.8,2100.6,2081.4,0,0,738622.679188583,0,0,0
69299.2335181377,40,2039.8,2094.8,2076.2,0,0,738622.679189046,0,0,0
69299.2735172041,40,2036,2093.6,2081,0,0,738622.679189509,0,0,0
69299.3135162705,40,2039.6,2095.8,2079.6,0,0,738622.679189972,0,0,0
69299.3535153369,40,2042.4,2096.8,2079.2,0,0,738622.679190435,0,0,0
69299.3935144033,40,2041.4,2097.8,2080.2,0,0,738622.679190897,0,0,0
69299.4335134697,40,2042.2,2098.8,2081.6,0,0,738622.67919136,0,0,0
69299.4735125361,40,2039,2101.8,2085.8,0,0,738622.679191823,0,0,0
69299.5135116024,40,2051,2109.6,2085.2,0,0,738622.679192286,0,0,0
69299.5535106689,40,2056,2110.2,2090.2,0,0,738622.679192749,0,0,0
69299.5935097352,40,2065.2,2124,2093.6,0,0,738622.679193212,0,0,0
69299.6335088017,40,2073.6,2129,2091.4,0,0,738622.679193675,0,0,0
69299.6735078681,40,2092.8,2139,2084,0,0,738622.679194138,0,0,0
69299.7135069345,40,2114.6,2147.4,2075.6,0,0,738622.679194601,0,0,0
69299.7535060009,40,2136.2,2148.2,2065.6,0,0,738622.679195064,0,0,0
69299.7935050673,40,2155.6,2139.4,2052.4,0,0,738622.679195527,0,0,0
69299.8335041337,40,2167.6,2130.4,2041.8,0,0,738622.67919599,0,0,0
69299.8735032001,40,2168.4,2118.2,2034.2,0,0,738622.679196453,0,0,0
69299.9135022665,40,2155.2,2101.6,2026,0,0,738622.679196916,0,0,0
69299.9535013329,40,2131.4,2085.2,2018.8,0,0,738622.679197379,0,0,0
69299.9935003993,40,2108,2077.4,2012.8,0,0,738622.679197842,0,0,0
69300.0334994657,40,2092.6,2061.4,2009.4,0,0,738622.679198305,0,0,0
69300.0734985321,40,2076.8,2055.2,2007.2,0,0,738622.679198768,0,0,0
69300.1134975985,40,2070,2057.4,2004.8,0,0,738622.679199231,0,0,0
69300.1534966648,40,2065,2060.2,2007.6,0,0,738622.679199693,0,0,0
69300.1934957313,40,2069.4,2058.4,2008.4,0,0,738622.679200156,0,0,0
69300.2334947976,40,2073.2,2056.4,2011,0,0,738622.679200619,0,0,0
69300.2734938641,40,2071.8,2059.6,2009.2,0,0,738622.679201082,0,0,0
69300.3134929305,40,2073.2,2060,2010.2,0,0,738622.679201545,0,0,0
69300.3534919969,40,2078.8,2060.2,2010.8,0,0,738622.679202008,0,0,0
69300.3934910633,40,2084,2065,2010.8,0,0,738622.679202471,0,0,0
69300.4334901297,40,2081.4,2061.4,2010.2,0,0,738622.679202934,0,0,0
69300.4734891961,40,2083,2063,2008.2,0,0,738622.679203397,0,0,0
69300.5134882625,40,2089.6,2067,2009.6,0,0,738622.67920386,0,0,0
69300.5534873289,40,2088.6,2064.8,2008.6,0,0,738622.679204323,0,0,0
69300.5934863953,40,2092.2,2063.2,2010.2,0,0,738622.679204786,0,0,0
69300.6334854617,40,2111.8,2071.6,2010.8,0,0,738622.679205249,0,0,0
69300.6734845281,40,2118,2081.2,2019.8,0,0,738622.679205712,0,0,0
69300.7134835945,40,2141.2,2096.2,2023.6,0,0,738622.679206175,0,0,0
69300.7534826609,40,2160.8,2116.2,2038.4,0,0,738622.679206638,0,0,0
69300.7934817272,40,2172.4,2136,2046,0,0,738622.679207101,0,0,0
69300.8334807937,40,2162,2150.6,2066.6,0,0,738622.679207564,0,0,0
69300.87347986,40,2135.8,2155.4,2079.4,0,0,738622.679208027,0,0,0
69300.9134789265,40,2105,2148.8,2096.8,0,0,738622.67920849,0,0,0
69300.9534779929,40,2087.4,2142.4,2097.8,0,0,738622.679208953,0,0,0
69300.9934770593,40,2089.2,2147.6,2103.8,0,0,738622.679209416,0,0,0
69301.0334761257,40,2105.4,2155.2,2093.4,0,0,738622.679209878,0,0,0
69301.0734751921,40,2137.6,2160,2077.4,0,0,738622.679210341,0,0,0
69301.1134742585,40,2164,2147.6,2058.4,0,0,738622.679210804,0,0,0
69301.1534733249,40,2164.4,2124.8,2043.6,0,0,738622.679211267,0,0,0
69301.1934723913,40,2150.6,2104,2031,0,0,738622.67921173,0,0,0
69301.2334714577,40,2123.4,2082.2,2017,0,0,738622.679212193,0,0,0
69301.2734705241,40,2097.8,2069.2,2017.8,0,0,738622.679212656,0,0,0
69301.3134695905,40,2085.2,2064.2,2009,0,0,738622.679213119,0,0,0
69301.3534686569,40,2072.2,2058.8,2015.4,0,0,738622.679213582,0,0,0
69301.3934677233,40,2074.4,2061.4,2013.6,0,0,738622.679214045,0,0,0
69301.4334667897,40,2080,2063.2,2009.8,0,0,738622.679214508,0,0,0
69301.4734658561,40,2087.8,2062.4,2011.6,0,0,738622.679214971,0,0,0
69301.5134649224,40,2093.8,2075.8,2013,0,0,738622.679215434,0,0,0
69301.5534639889,40,2105.6,2075.2,2018.2,0,0,738622.679215897,0,0,0
69301.5934630553,40,2123.2,2086.4,2023.6,0,0,738622.67921636,0,0,0
69301.6334621217,40,2148.6,2101.8,2024,0,0,738622.679216823,0,0,0
69301.6734611881,40,2165.4,2119.6,2037.8,0,0,738622.679217286,0,0,0
69301.7134602545,40,2171.6,2140.6,2049,0,0,738622.679217749,0,0,0
69301.7534593209,40,2151.6,2155.2,2070,0,0,738622.679218212,0,0,0
69301.7934583873,40,2124.2,2156.2,2088,0,0,738622.679218675,0,0,0
69301.8334574537,40,2097.6,2146.6,2097.6,0,0,738622.679219138,0,0,0
69301.8734565201,40,2087,2144.8,2101.6,0,0,738622.679219601,0,0,0
69301.9134555865,40,2096.2,2150.8,2101.2,0,0,738622.679220063,0,0,0
69301.9534546529,40,2120.8,2159.2,2090.8,0,0,738622.679220526,0,0,0
69301.9934537193,40,2155.6,2154.6,2071.6,0,0,738622.679220989,0,0,0
69302.0334527857,40,2169.2,2134.6,2051.6,0,0,738622.679221452,0,0,0
69302.0734518521,40,2155.4,2107,2038.8,0,0,738622.679221915,0,0,0
69302.1134509185,40,2135.2,2090.4,2023.8,0,0,738622.679222378,0,0,0
69302.1534499848,40,2108.6,2076.6,2015,0,0,738622.679222841,0,0,0
69302.1934490513,40,2086.4,2065.2,2010.6,0,0,738622.679223304,0,0,0
69302.2334481177,40,2080.6,2062.4,2010,0,0,738622.679223767,0,0,0
69302.2734471841,40,2084.2,2060.8,2012.8,0,0,738622.67922423,0,0,0
69302.3134462505,40,2092.8,2069.6,2011.2,0,0,738622.679224693,0,0,0
69302.3534453169,40,2099.6,2071.4,2016.4,0,0,738622.679225156,0,0,0
69302.3934443833,40,2102.6,2075.4,2014.6,0,0,738622.679225619,0,0,0
69302.4334434497,40,2109.8,2074,2016.2,0,0,738622.679226082,0,0,0
69302.4734425161,40,2123.2,2084.4,2019.2,0,0,738622.679226545,0,0,0
69302.5134415825,40,2144,2096.2,2025,0,0,738622.679227008,0,0,0
69302.5534406489,40,2163.8,2109.8,2029.4,0,0,738622.679227471,0,0,0
69302.5934397153,40,2173,2130.8,2047,0,0,738622.679227934,0,0,0
69302.6334387817,40,2165.2,2151.4,2062.8,0,0,738622.679228397,0,0,0
69302.6734378481,40,2142.6,2157.8,2077,0,0,738622.679228859,0,0,0
69302.7134369145,40,2115.6,2151.6,2095.8,0,0,738622.679229322,0,0,0
69302.7534359809,40,2097.6,2148,2098.8,0,0,738622.679229785,0,0,0
69302.7934350472,40,2095,2150,2100.4,0,0,738622.679230248,0,0,0
69302.8334341137,40,2110.8,2150.2,2097,0,0,738622.679230711,0,0,0
69302.8734331801,40,2142,2157.8,2078,0,0,738622.679231174,0,0,0
69302.9134322465,40,2164.8,2148.2,2063.8,0,0,738622.679231637,0,0,0
69302.9534313129,40,2167.6,2124.6,2039.8,0,0,738622.6792321,0,0,0
69302.9934303793,40,2148.2,2097.2,2029,0,0,738622.679232563,0,0,0
69303.0334294457,40,2121.4,2078.2,2017,0,0,738622.679233026,0,0,0
69303.0734285121,40,2094,2067,2016.8,0,0,738622.679233489,0,0,0
69303.1134275785,40,2077.4,2056.8,2010.2,0,0,738622.679233952,0,0,0
69303.1534266449,40,2071.4,2059.4,2011.2,0,0,738622.679234415,0,0,0
69303.1934257113,40,2075.2,2064.4,2011.4,0,0,738622.679234878,0,0,0
69303.2334247776,40,2083.4,2067.6,2014.8,0,0,738622.679235341,0,0,0
69303.2734238441,40,2093.8,2072.2,2014.8,0,0,738622.679235804,0,0,0
69303.3134229104,40,2106.2,2078.2,2019,0,0,738622.679236267,0,0,0
69303.3534219769,40,2128.2,2084.6,2019.6,0,0,738622.67923673,0,0,0
69303.3934210432,40,2152,2102.4,2029.6,0,0,738622.679237193,0,0,0
69303.4334201097,40,2167,2121.2,2043.6,0,0,738622.679237656,0,0,0
69303.4734191761,40,2171.6,2136,2054.8,0,0,738622.679238119,0,0,0
69303.5134182425,40,2151.2,2154.2,2070,0,0,738622.679238582,0,0,0
69303.5534173089,40,2132.8,2158.2,2085.2,0,0,738622.679239044,0,0,0
69303.5934163753,40,2103.4,2150.8,2093.4,0,0,738622.679239507,0,0,0
69303.6334154417,40,2082.8,2146.2,2100.4,0,0,738622.67923997,0,0,0
69303.6734145081,40,2080.4,2136,2101.8,0,0,738622.679240433,0,0,0
69303.7134135745,40,2089.4,2143,2102,0,0,738622.679240896,0,0,0
69303.7534126409,40,2111.2,2151.8,2092.8,0,0,738622.679241359,0,0,0
69303.7934117072,40,2138,2155.8,2076,0,0,738622.679241822,0,0,0
69303.8334107737,40,2165.2,2145.4,2058.4,0,0,738622.679242285,0,0,0
69303.87340984,40,2170,2125.2,2038.4,0,0,738622.679242748,0,0,0
69303.9134089065,40,2147.6,2101.2,2028.8,0,0,738622.679243211,0,0,0
69303.9534079728,40,2132.4,2088.6,2023.2,0,0,738622.679243674,0,0,0
69303.9934070393,40,2108.8,2078.4,2016.4,0,0,738622.679244137,0,0,0
69304.0334061056,40,2093.6,2069.6,2013.4,0,0,738622.6792446,0,0,0
69304.0734051721,40,2094.6,2068.8,2013.6,0,0,738622.679245063,0,0,0
69304.1134042385,40,2094.6,2072,2015.8,0,0,738622.679245526,0,0,0
69304.1534033049,40,2104.2,2077.8,2014.8,0,0,738622.679245989,0,0,0
69304.1934023713,40,2116.8,2080,2024,0,0,738622.679246452,0,0,0
69304.2334014377,40,2129.8,2084.6,2020.2,0,0,738622.679246915,0,0,0
69304.2734005041,40,2148.4,2100.2,2026.4,0,0,738622.679247378,0,0,0
69304.3133995705,40,2163.4,2116.4,2037.8,0,0,738622.679247841,0,0,0
69304.3533986369,40,2168.4,2135.8,2054.6,0,0,738622.679248304,0,0,0
69304.3933977033,40,2157.4,2151.6,2073,0,0,738622.679248767,0,0,0
69304.4333967697,40,2133.8,2159,2081.6,0,0,738622.679249229,0,0,0
69304.4733958361,40,2105.6,2154,2093,0,0,738622.679249692,0,0,0
69304.5133949024,40,2092.8,2146.4,2095.4,0,0,738622.679250155,0,0,0
69304.5533939689,40,2086.4,2141.4,2098.4,0,0,738622.679250618,0,0,0
69304.5933930352,40,2097,2145.2,2098.6,0,0,738622.679251081,0,0,0
69304.6333921017,40,2115.8,2157.2,2092.8,0,0,738622.679251544,0,0,0
69304.673391168,40,2140.8,2157,2077.8,0,0,738622.679252007,0,0,0
69304.7133902345,40,2165,2150.8,2061,0,0,738622.67925247,0,0,0
69304.7533893009,40,2173.6,2126,2045.2,0,0,738622.679252933,0,0,0
69304.7933883673,40,2148.8,2104,2030.2,0,0,738622.679253396,0,0,0
69304.8333874337,40,2128.8,2082.8,2021.4,0,0,738622.679253859,0,0,0
69304.8733865001,40,2102.4,2077.6,2019.2,0,0,738622.679254322,0,0,0
69304.9133855665,40,2091.8,2069,2017.4,0,0,738622.679254785,0,0,0
69304.9533846329,40,2084.8,2065.2,2017.8,0,0,738622.679255248,0,0,0
69304.9933836993,40,2089.6,2066.4,2013.4,0,0,738622.679255711,0,0,0
69305.0333827657,40,2096.4,2070.2,2019.6,0,0,738622.679256174,0,0,0
69305.0733818321,40,2106.6,2073.6,2020.2,0,0,738622.679256637,0,0,0
69305.1133808985,40,2122.6,2084,2019.8,0,0,738622.6792571,0,0,0
69305.1533799648,40,2142.4,2096.6,2031.4,0,0,738622.679257563,0,0,0
69305.1933790313,40,2164.4,2117.6,2038.2,0,0,738622.679258025,0,0,0
69305.2333780976,40,2175.4,2138.8,2051,0,0,738622.679258488,0,0,0
69305.2733771641,40,2155.2,2151.6,2063.6,0,0,738622.679258951,0,0,0
69305.3133762304,40,2133,2156.2,2084.6,0,0,738622.679259414,0,0,0
69305.3533752969,40,2107.4,2146.8,2092.8,0,0,738622.679259877,0,0,0
69305.3933743633,40,2084.4,2141.8,2095.2,0,0,738622.67926034,0,0,0
69305.4333734297,40,2083.2,2139.2,2099.6,0,0,738622.679260803,0,0,0
69305.4733724961,40,2090.2,2142.8,2099.6,0,0,738622.679261266,0,0,0
69305.5133715625,40,2108.8,2150.8,2094.8,0,0,738622.679261729,0,0,0
69305.5533706289,40,2134.8,2157.6,2082,0,0,738622.679262192,0,0,0
69305.5933696953,40,2160.4,2149.2,2063,0,0,738622.679262655,0,0,0
69305.6333687617,40,2167.8,2127,2047.4,0,0,738622.679263118,0,0,0
69305.6733678281,40,2154.8,2109.8,2031.8,0,0,738622.679263581,0,0,0
69305.7133668945,40,2128.8,2089.4,2021.4,0,0,738622.679264044,0,0,0
69305.7533659609,40,2104,2076,2018.6,0,0,738622.679264507,0,0,0
69305.7933650272,40,2086.6,2067.4,2011.2,0,0,738622.67926497,0,0,0
69305.8333640937,40,2076.4,2061.6,2012.8,0,0,738622.679265433,0,0,0
69305.87336316,40,2074,2062,2017.6,0,0,738622.679265896,0,0,0
69305.9133622265,40,2079,2067.2,2016.2,0,0,738622.679266359,0,0,0
69305.9533612928,40,2090.2,2067.4,2016.2,0,0,738622.679266822,0,0,0
69305.9933603593,40,2104.8,2070,2016.8,0,0,738622.679267285,0,0,0
69306.0333594257,40,2125.6,2086.4,2018.6,0,0,738622.679267748,0,0,0
69306.0733584921,40,2152.6,2104.8,2029.8,0,0,738622.67926821,0,0,0
69306.1133575585,40,2171.6,2122.2,2039.8,0,0,738622.679268673,0,0,0
69306.1533566249,40,2167.4,2147.4,2054.4,0,0,738622.679269136,0,0,0
69306.1933556913,40,2147.8,2155.8,2075.8,0,0,738622.679269599,0,0,0
69306.2333547577,40,2120.4,2153.8,2088.8,0,0,738622.679270062,0,0,0
69306.2733538241,40,2095.8,2148.6,2093.6,0,0,738622.679270525,0,0,0
69306.3133528905,40,2082,2137,2093.8,0,0,738622.679270988,0,0,0
69306.3533519569,40,2075.4,2132.8,2094.6,0,0,738622.679271451,0,0,0
69306.3933510233,40,2085.6,2140.8,2098.8,0,0,738622.679271914,0,0,0
69306.4333500897,40,2103.2,2153.4,2099,0,0,738622.679272377,0,0,0
69306.4733491561,40,2129.2,2155.8,2083.6,0,0,738622.67927284,0,0,0
69306.5133482224,40,2159.6,2152,2061,0,0,738622.679273303,0,0,0
69306.5533472889,40,2170.2,2128.4,2047.2,0,0,738622.679273766,0,0,0
69306.5933463553,40,2154.8,2100.4,2030.6,0,0,738622.679274229,0,0,0
69306.6333454217,40,2124.8,2081.2,2015.4,0,0,738622.679274692,0,0,0
69306.6733444881,40,2096.2,2067,2011,0,0,738622.679275155,0,0,0
69306.7133435545,40,2084.6,2062.4,2008.6,0,0,738622.679275618,0,0,0
69306.7533426209,40,2075.4,2058.4,2012,0,0,738622.679276081,0,0,0
69306.7933416873,40,2076.8,2064.2,2014.2,0,0,738622.679276544,0,0,0
69306.8333407537,40,2081.2,2069.4,2015.4,0,0,738622.679277007,0,0,0
69306.8733398201,40,2091.4,2063.8,2007.8,0,0,738622.67927747,0,0,0
69306.9133388865,40,2103.2,2074.6,2018,0,0,738622.679277933,0,0,0
69306.9533379529,40,2129.4,2088.8,2022.6,0,0,738622.679278395,0,0,0
69306.9933370193,40,2150.4,2105.2,2037.2,0,0,738622.679278858,0,0,0
69307.0333360857,40,2170.2,2132,2043.4,0,0,738622.679279321,0,0,0
69307.0733351521,40,2167.8,2150.4,2058.8,0,0,738622.679279784,0,0,0
69307.1133342185,40,2142.8,2154.8,2069.6,0,0,738622.679280247,0,0,0
69307.1533332848,40,2119.6,2152.2,2083.2,0,0,738622.67928071,0,0,0
69307.1933323513,40,2104.8,2146.6,2085.4,0,0,738622.679281173,0,0,0
69307.2333314177,40,2092.2,2143.2,2093.6,0,0,738622.679281636,0,0,0
69307.2733304841,40,2088.8,2145,2097.8,0,0,738622.679282099,0,0,0
69307.3133295505,40,2104.8,2154.2,2095.8,0,0,738622.679282562,0,0,0
69307.3533286169,40,2124.8,2155.6,2093,0,0,738622.679283025,0,0,0
69307.3933276833,40,2143,2159,2071.2,0,0,738622.679283488,0,0,0
69307.4333267497,40,2164.2,2144,2055.2,0,0,738622.679283951,0,0,0
69307.4733258161,40,2168.8,2120.4,2046.2,0,0,738622.679284414,0,0,0
69307.5133248825,40,2154.8,2098.2,2027,0,0,738622.679284877,0,0,0
69307.5533239489,40,2127.4,2085.8,2022.6,0,0,738622.67928534,0,0,0
69307.5933230153,40,2105.4,2070.4,2015.2,0,0,738622.679285803,0,0,0
69307.6333220817,40,2095,2071,2011.6,0,0,738622.679286266,0,0,0
69307.6733211481,40,2088.4,2068.8,2014.6,0,0,738622.679286728,0,0,0
69307.7133202145,40,2097.6,2068,2013.2,0,0,738622.679287191,0,0,0
69307.7533192809,40,2104.4,2074.2,2015.8,0,0,738622.679287654,0,0,0
69307.7933183472,40,2111,2083.8,2018.4,0,0,738622.679288117,0,0,0
69307.8333174137,40,2121.4,2085,2022.2,0,0,738622.67928858,0,0,0
69307.8733164801,40,2132,2088,2025.4,0,0,738622.679289043,0,0,0
69307.9133155465,40,2148.4,2094.8,2026.2,0,0,738622.679289506,0,0,0
69307.9533146129,40,2162,2110.8,2034.4,0,0,738622.679289969,0,0,0
69307.9933136793,40,2170.4,2121,2042.6,0,0,738622.679290432,0,0,0
69308.0333127457,40,2167,2141,2053.8,0,0,738622.679290895,0,0,0
69308.0733118121,40,2154.4,2153,2068,0,0,738622.679291358,0,0,0
69308.1133108785,40,2130.8,2156.6,2079.2,0,0,738622.679291821,0,0,0
69308.1533099449,40,2111.2,2154.2,2088,0,0,738622.679292284,0,0,0
69308.1933090113,40,2101.2,2146.8,2094,0,0,738622.679292747,0,0,0
69308.2333080777,40,2096.2,2140.8,2093.4,0,0,738622.67929321,0,0,0
69308.2733071441,40,2092.2,2142.4,2095.2,0,0,738622.679293673,0,0,0
69308.3133062105,40,2099,2142.6,2094.8,0,0,738622.679294136,0,0,0
69308.3533052769,40,2094.2,2145.6,2092.8,0,0,738622.679294599,0,0,0
69308.3933043433,40,2098.4,2144.4,2094,0,0,738622.679295062,0,0,0
69308.4333034097,40,2092,2140.4,2094.2,0,0,738622.679295525,0,0,0
69308.4733024761,40,2094.6,2139,2092.8,0,0,738622.679295988,0,0,0
69308.5133015425,40,2084.2,2134.6,2096.4,0,0,738622.679296451,0,0,0
69308.5533006089,40,2086.8,2139,2092.4,0,0,738622.679296913,0,0,0
69308.5932996753,40,2084,2139.4,2091.2,0,0,738622.679297376,0,0,0
69308.6332987417,40,2083.8,2137.8,2091.2,0,0,738622.679297839,0,0,0
69308.6732978081,40,2081,2137.8,2093.4,0,0,738622.679298302,0,0,0
69308.7132968745,40,2081.2,2134,2097,0,0,738622.679298765,0,0,0
69308.7532959409,40,2074.6,2136.8,2092,0,0,738622.679299228,0,0,0
69308.7932950073,40,2080,2135.2,2093.2,0,0,738622.679299691,0,0,0
69308.8332940737,40,2076.4,2134.6,2090,0,0,738622.679300154,0,0,0
69308.8732931401,40,2074.2,2133.4,2094.4,0,0,738622.679300617,0,0,0
69308.9132922065,40,2073.6,2135,2095.2,0,0,738622.67930108,0,0,0
69308.9532912728,40,2073.6,2133.6,2095,0,0,738622.679301543,0,0,0
69308.9932903393,40,2066.6,2128.2,2097.4,0,0,738622.679302006,0,0,0
69309.0332894056,40,2069.4,2125,2091,0,0,738622.679302469,0,0,0
69309.0732884721,40,2071.6,2129,2096,0,0,738622.679302932,0,0,0
69309.1132875385,40,2066.8,2123.4,2096,0,0,738622.679303395,0,0,0
69309.1532866049,40,2063,2128.2,2095,0,0,738622.679303858,0,0,0
69309.1932856713,40,2067.2,2125.6,2093.4,0,0,738622.679304321,0,0,0
69309.2332847377,40,2061.8,2121.6,2103,0,0,738622.679304784,0,0,0
69309.2732838041,40,2066,2123.4,2094.4,0,0,738622.679305247,0,0,0
69309.3132828705,40,2062.6,2120.2,2091.2,0,0,738622.67930571,0,0,0
69309.3532819369,40,2060.4,2120.8,2093,0,0,738622.679306173,0,0,0
69309.3932810033,40,2061.6,2124,2097.4,0,0,738622.679306636,0,0,0
69309.4332800697,40,2065.4,2125.4,2097.2,0,0,738622.679307098,0,0,0
69309.4732791361,40,2064.6,2123.4,2095.2,0,0,738622.679307561,0,0,0
69309.5132782024,40,2060.2,2123.6,2096.6,0,0,738622.679308024,0,0,0
69309.5532772689,40,2062.6,2124.8,2093.6,0,0,738622.679308487,0,0,0
69309.5932763352,40,2061,2124.4,2102,0,0,738622.67930895,0,0,0
69309.6332754017,40,2060,2121,2097,0,0,738622.679309413,0,0,0
69309.673274468,40,2058.6,2117.8,2094.4,0,0,738622.679309876,0,0,0
69309.7132735345,40,2056.6,2115.2,2096,0,0,738622.679310339,0,0,0
69309.7532726009,40,2058.4,2115.6,2096,0,0,738622.679310802,0,0,0
69309.7932716673,40,2058.6,2117,2092,0,0,738622.679311265,0,0,0
69309.8332707337,40,2056,2115.2,2087,0,0,738622.679311728,0,0,0
69309.8732698001,40,2053,2113.4,2090.8,0,0,738622.679312191,0,0,0
69309.9132688665,40,2052,2109,2087.2,0,0,738622.679312654,0,0,0
69309.9532679329,40,2050.8,2111.4,2090.2,0,0,738622.679313117,0,0,0
69309.9932669993,40,2055.2,2119,2091.8,0,0,738622.67931358,0,0,0
69310.0332660657,40,2052.4,2114,2093.8,0,0,738622.679314043,0,0,0
69310.0732651321,40,2055.2,2117,2093.6,0,0,738622.679314506,0,0,0
69310.1132641985,40,2055,2115.2,2091.8,0,0,738622.679314969,0,0,0
69310.1532632648,40,2055.6,2114.6,2093.4,0,0,738622.679315432,0,0,0
69310.1932623313,40,2048.8,2114.6,2092.4,0,0,738622.679315894,0,0,0
69310.2332613976,40,2052.8,2117.8,2096.6,0,0,738622.679316357,0,0,0
69310.2732604641,40,2057.4,2113.6,2091,0,0,738622.67931682,0,0,0
69310.3132595304,40,2053.6,2114.4,2095.4,0,0,738622.679317283,0,0,0
69310.3532585969,40,2056,2113,2094.6,0,0,738622.679317746,0,0,0
69310.3932576633,40,2055.2,2114.2,2098.6,0,0,738622.679318209,0,0,0
69310.4332567297,40,2054,2113,2095.4,0,0,738622.679318672,0,0,0
69310.4732557961,40,2053.4,2112.4,2093.6,0,0,738622.679319135,0,0,0
69310.5132548625,40,2056.2,2121,2094.2,0,0,738622.679319598,0,0,0
69310.5532539289,40,2051.2,2115.6,2095.2,0,0,738622.679320061,0,0,0
69310.5932529953,40,2056,2116.8,2093,0,0,738622.679320524,0,0,0
69310.6332520617,40,2052.6,2111.6,2093.2,0,0,738622.679320987,0,0,0
69310.6732511281,40,2052.8,2113,2088.8,0,0,738622.67932145,0,0,0
69310.7132501945,40,2051,2113.6,2095.8,0,0,738622.679321913,0,0,0
69310.7532492609,40,2050,2111,2095,0,0,738622.679322376,0,0,0
69310.7932483272,40,2049.4,2111.4,2093.8,0,0,738622.679322839,0,0,0
69310.8332473937,40,2049.4,2108.6,2085.4,0,0,738622.679323302,0,0,0
69310.87324646,40,2046.6,2108,2089.2,0,0,738622.679323765,0,0,0
69310.9132455265,40,2044.4,2106.4,2084.2,0,0,738622.679324228,0,0,0
69310.9532445928,40,2045.4,2101,2082.6,0,0,738622.679324691,0,0,0
69310.9932436593,40,2040.6,2100.2,2081.6,0,0,738622.679325154,0,0,0
69311.0332427257,40,2039,2098.2,2081.2,0,0,738622.679325617,0,0,0
69311.0732417921,40,2038.8,2100.8,2085.4,0,0,738622.679326079,0,0,0
69311.1132408585,40,2043.8,2096.8,2080.2,0,0,738622.679326542,0,0,0
69311.1532399249,40,2042.2,2101,2078,0,0,738622.679327005,0,0,0
69311.1932389913,40,2040.2,2099.8,2079.6,0,0,738622.679327468,0,0,0
69311.2332380577,40,2044.4,2099.4,2081.6,0,0,738622.679327931,0,0,0
69311.2732371241,40,2044.6,2097.6,2083.2,0,0,738622.679328394,0,0,0
69311.3132361905,40,2045.6,2098.8,2080.8,0,0,738622.679328857,0,0,0
69311.3532352569,40,2044.4,2104.4,2081.6,0,0,738622.67932932,0,0,0
69311.3932343233,40,2042.8,2098.4,2083.2,0,0,738622.679329783,0,0,0
69311.4332333897,40,2038.6,2097.2,2080,0,0,738622.679330246,0,0,0
69311.4732324561,40,2040.2,2094,2075.8,0,0,738622.679330709,0,0,0
69311.5132315224,40,2037.8,2092.8,2076,0,0,738622.679331172,0,0,0
69311.5532305889,40,2035.6,2090.8,2074,0,0,738622.679331635,0,0,0
69311.5932296552,40,2039.8,2091.2,2075,0,0,738622.679332098,0,0,0
69311.6332287217,40,2034.4,2091,2073.4,0,0,738622.679332561,0,0,0
69311.6732277881,40,2038.2,2093.2,2074,0,0,738622.679333024,0,0,0
69311.7132268545,40,2039,2094.6,2079.2,0,0,738622.679333487,0,0,0
69311.7532259209,40,2037.6,2094,2081.8,0,0,738622.67933395,0,0,0
69311.7932249873,40,2041.4,2093.2,2080.2,0,0,738622.679334413,0,0,0
69311.8332240537,40,2038,2092,2078.4,0,0,738622.679334876,0,0,0
69311.8732231201,40,2039.6,2094,2076.8,0,0,738622.679335339,0,0,0
69311.9132221865,40,2036.4,2093.2,2078.2,0,0,738622.679335802,0,0,0
69311.9532212529,40,2039.4,2095.2,2074.8,0,0,738622.679336264,0,0,0
69311.9932203193,40,2035.8,2091.6,2074.8,0,0,738622.679336727,0,0,0
69312.0332193857,40,2037.8,2099.2,2075.6,0,0,738622.67933719,0,0,0
69312.0732184521,40,2036.2,2094,2073.2,0,0,738622.679337653,0,0,0
69312.1132175185,40,2037.2,2093,2076.6,0,0,738622.679338116,0,0,0
69312.1532165848,40,2039.2,2091,2075.4,0,0,738622.679338579,0,0,0
69312.1932156513,40,2039.8,2094.6,2076.2,0,0,738622.679339042,0,0,0
69312.2332147176,40,2040,2090.4,2081.4,0,0,738622.679339505,0,0,0
69312.2732137841,40,2037,2093.2,2072.8,0,0,738622.679339968,0,0,0
69312.3132128505,40,2040,2092.2,2077.2,0,0,738622.679340431,0,0,0
69312.3532119169,40,2036.2,2092.2,2075,0,0,738622.679340894,0,0,0
69312.3932109833,40,2039.2,2091.8,2076,0,0,738622.679341357,0,0,0
69312.4332100497,40,2036,2094,2078,0,0,738622.67934182,0,0,0
69312.4732091161,40,2039,2093.4,2075.6,0,0,738622.679342283,0,0,0
69312.5132081825,40,2037.6,2090.8,2071.2,0,0,738622.679342746,0,0,0
69312.5532072489,40,2040,2090.8,2075.4,0,0,738622.679343209,0,0,0
69312.5932063153,40,2039.4,2090,2076,0,0,738622.679343672,0,0,0
69312.6332053817,40,2037.6,2094.6,2076.6,0,0,738622.679344135,0,0,0
69312.6732044481,40,2039.8,2093.4,2080.6,0,0,738622.679344598,0,0,0
69312.7132035145,40,2043.6,2099.6,2082.2,0,0,738622.67934506,0,0,0
69312.7532025809,40,2044.2,2099.2,2083.6,0,0,738622.679345523,0,0,0
69312.7932016472,40,2048,2102.4,2084.4,0,0,738622.679345986,0,0,0
69312.8332007137,40,2050.6,2112.6,2089.8,0,0,738622.679346449,0,0,0
69312.87319978,40,2057.6,2112,2089.6,0,0,738622.679346912,0,0,0
69312.9131988465,40,2057.2,2111.4,2094.2,0,0,738622.679347375,0,0,0
69312.9531979129,40,2062.2,2119.2,2092.4,0,0,738622.679347838,0,0,0
69312.9931969793,40,2069.4,2127.8,2090.4,0,0,738622.679348301,0,0,0
69313.0331960457,40,2078.4,2132.4,2092.4,0,0,738622.679348764,0,0,0
69313.0731951121,40,2082.2,2136.6,2088,0,0,738622.679349227,0,0,0
69313.1131941785,40,2086.6,2141,2091.2,0,0,738622.67934969,0,0,0
69313.1531932449,40,2091.6,2141.6,2090.2,0,0,738622.679350153,0,0,0
69313.1931923113,40,2087,2138,2092.4,0,0,738622.679350616,0,0,0
69313.2331913777,40,2090.8,2139.4,2088.6,0,0,738622.679351079,0,0,0
69313.2731904441,40,2089.8,2137.8,2090.8,0,0,738622.679351542,0,0,0
69313.3131895105,40,2085,2139.2,2090.8,0,0,738622.679352005,0,0,0
69313.3531885769,40,2072.8,2131.4,2094.4,0,0,738622.679352468,0,0,0
69313.3931876433,40,2071.2,2129.6,2088.4,0,0,738622.679352931,0,0,0
69313.4331867097,40,2065,2123.2,2090.6,0,0,738622.679353394,0,0,0
69313.4731857761,40,2060.6,2121.8,2086.8,0,0,738622.679353857,0,0,0
69313.5131848424,40,2055.8,2111.6,2087.2,0,0,738622.67935432,0,0,0
69313.5531839089,40,2054.8,2114.8,2086.6,0,0,738622.679354783,0,0,0
69313.5931829753,40,2055.8,2114.2,2089.8,0,0,738622.679355245,0,0,0
69313.6331820417,40,2060.2,2117.8,2087.2,0,0,738622.679355708,0,0,0
69313.6731811081,40,2060,2117.2,2094.6,0,0,738622.679356171,0,0,0
69313.7131801745,40,2059.8,2120.8,2097.8,0,0,738622.679356634,0,0,0
69313.7531792409,40,2070.6,2128.8,2096.6,0,0,738622.679357097,0,0,0
69313.7931783073,40,2083.2,2137.4,2102.4,0,0,738622.67935756,0,0,0
69313.8331773737,40,2106.8,2154.2,2095,0,0,738622.679358023,0,0,0
69313.8731764401,40,2133.2,2155.2,2084.8,0,0,738622.679358486,0,0,0
69313.9131755065,40,2159,2148,2063,0,0,738622.679358949,0,0,0
69313.9531745729,40,2171.6,2131.4,2042.4,0,0,738622.679359412,0,0,0
69313.9931736393,40,2163.2,2106,2028,0,0,738622.679359875,0,0,0
69314.0331727057,40,2144,2088.6,2021,0,0,738622.679360338,0,0,0
69314.0731717721,40,2117.4,2074.8,2012.6,0,0,738622.679360801,0,0,0
69314.1131708385,40,2101.6,2064.8,2014.2,0,0,738622.679361264,0,0,0
69314.1531699049,40,2094.8,2064.4,2009.6,0,0,738622.679361727,0,0,0
69314.1931689713,40,2095.2,2062.4,2006.2,0,0,738622.67936219,0,0,0
69314.2331680377,40,2100.2,2067.6,2009,0,0,738622.679362653,0,0,0
69314.2731671041,40,2115.6,2072.4,2010,0,0,738622.679363116,0,0,0
69314.3131661705,40,2121,2078.4,2012.2,0,0,738622.679363579,0,0,0
69314.3531652369,40,2135.4,2092.2,2023.2,0,0,738622.679364042,0,0,0
69314.3931643033,40,2144,2096.2,2026.6,0,0,738622.679364505,0,0,0
69314.4331633697,40,2154.2,2106.6,2034.2,0,0,738622.679364968,0,0,0
69314.4731624361,40,2164.2,2119,2042.8,0,0,738622.67936543,0,0,0
69314.5131615025,40,2172,2134.6,2046.8,0,0,738622.679365893,0,0,0
69314.5531605689,40,2153.6,2149.2,2061.4,0,0,738622.679366356,0,0,0
69314.5931596353,40,2121.4,2154.2,2080.8,0,0,738622.679366819,0,0,0
69314.6331587017,40,2083.8,2139,2092,0,0,738622.679367282,0,0,0
69314.673157768,40,2049.2,2113,2091.4,0,0,738622.679367745,0,0,0
69314.7131568345,40,2043.6,2098.2,2082.8,0,0,738622.679368208,0,0,0
69314.7531559008,40,2043.2,2097.2,2079,0,0,738622.679368671,0,0,0
69314.7931549673,40,2045.4,2103.2,2083.4,0,0,738622.679369134,0,0,0
69314.8331540337,40,2052.8,2108.4,2083,0,0,738622.679369597,0,0,0
69314.8731531001,40,2066.8,2123.2,2081.8,0,0,738622.67937006,0,0,0
69314.9131521665,40,2099,2142.2,2075,0,0,738622.679370523,0,0,0
69314.9531512329,40,2142.2,2145.8,2052.6,0,0,738622.679370986,0,0,0
69314.9931502993,40,2164.4,2121.2,2035.8,0,0,738622.679371449,0,0,0
69315.0331493657,40,2149.6,2095.2,2021.6,0,0,738622.679371912,0,0,0
69315.0731484321,40,2123,2077.4,2014.2,0,0,738622.679372375,0,0,0
69315.1131474985,40,2094,2067.6,2011.2,0,0,738622.679372838,0,0,0
69315.1531465648,40,2077.2,2067.2,2008.6,0,0,738622.679373301,0,0,0
69315.1931456313,40,2075.4,2060.4,2008,0,0,738622.679373764,0,0,0
69315.2331446976,40,2078.4,2058.2,2014.2,0,0,738622.679374226,0,0,0
69315.2731437641,40,2086,2065.4,2013,0,0,738622.679374689,0,0,0
69315.3131428304,40,2085.6,2064.8,2012.4,0,0,738622.679375152,0,0,0
69315.3531418969,40,2092.8,2068.6,2015.4,0,0,738622.679375615,0,0,0
69315.3931409632,40,2095,2068.2,2018,0,0,738622.679376078,0,0,0
69315.4331400297,40,2101.8,2070.6,2018.8,0,0,738622.679376541,0,0,0
69315.4731390961,40,2115.6,2080,2021,0,0,738622.679377004,0,0,0
69315.5131381625,40,2137.8,2090,2024,0,0,738622.679377467,0,0,0
69315.5531372289,40,2162,2112.4,2033.4,0,0,738622.67937793,0,0,0
69315.5931362953,40,2171.6,2135.4,2049.4,0,0,738622.679378393,0,0,0
69315.6331353617,40,2150.4,2156,2068.4,0,0,738622.679378856,0,0,0
69315.6731344281,40,2114.4,2151.6,2088,0,0,738622.679379319,0,0,0
69315.7131334945,40,2080,2131.2,2097,0,0,738622.679379782,0,0,0
69315.7531325609,40,2050.2,2112.4,2092,0,0,738622.679380245,0,0,0
69315.7931316272,40,2043.2,2096,2080.2,0,0,738622.679380708,0,0,0
69315.8331306937,40,2042.2,2099.2,2078.8,0,0,738622.679381171,0,0,0
69315.87312976,40,2052,2108.8,2090,0,0,738622.679381634,0,0,0
69315.9131288265,40,2071,2129.4,2093.4,0,0,738622.679382097,0,0,0
69315.9531278928,40,2114.2,2149.8,2088,0,0,738622.67938256,0,0,0
69315.9931269593,40,2154.2,2150.2,2067.4,0,0,738622.679383023,0,0,0
69316.0331260256,40,2168.4,2133,2052,0,0,738622.679383486,0,0,0
69316.0731250921,40,2153,2104,2030.2,0,0,738622.679383948,0,0,0
69316.1131241585,40,2117,2078.6,2022,0,0,738622.679384411,0,0,0
69316.1531232249,40,2091,2067.2,2012.2,0,0,738622.679384874,0,0,0
69316.1931222913,40,2074.2,2060.6,2009.8,0,0,738622.679385337,0,0,0
69316.2331213577,40,2073.4,2060.2,2010.6,0,0,738622.6793858,0,0,0
69316.2731204241,40,2081.4,2062.8,2010.2,0,0,738622.679386263,0,0,0
69316.3131194905,40,2091.4,2064.6,2013.8,0,0,738622.679386726,0,0,0
69316.3531185569,40,2108.6,2071.2,2014.8,0,0,738622.679387189,0,0,0
69316.3931176233,40,2138,2093,2022,0,0,738622.679387652,0,0,0
69316.4331166897,40,2163.4,2115.8,2036,0,0,738622.679388115,0,0,0
69316.4731157561,40,2166.8,2143.2,2051.2,0,0,738622.679388578,0,0,0
69316.5131148224,40,2134.6,2158.4,2079.2,0,0,738622.679389041,0,0,0
69316.5531138889,40,2091.4,2140.6,2098.4,0,0,738622.679389504,0,0,0
69316.5931129552,40,2061.6,2117,2095.2,0,0,738622.679389967,0,0,0
69316.6331120217,40,2043.8,2101,2083.8,0,0,738622.67939043,0,0,0
69316.6731110881,40,2042.2,2098,2083,0,0,738622.679390893,0,0,0
69316.7131101545,40,2052,2108.8,2091,0,0,738622.679391356,0,0,0
69316.7531092209,40,2075,2130.8,2099.2,0,0,738622.679391819,0,0,0
69316.7931082873,40,2110.8,2149.8,2092.8,0,0,738622.679392282,0,0,0
69316.8331073537,40,2155.2,2154.6,2071.8,0,0,738622.679392745,0,0,0
69316.8731064201,40,2171.6,2139.4,2057.2,0,0,738622.679393208,0,0,0
69316.9131054865,40,2158.8,2110.2,2030,0,0,738622.679393671,0,0,0
69316.9531045529,40,2130.2,2082,2020,0,0,738622.679394133,0,0,0
69316.9931036193,40,2096.8,2071.6,2012.8,0,0,738622.679394596,0,0,0
69317.0331026857,40,2074.4,2059.6,2007.8,0,0,738622.679395059,0,0,0
69317.0731017521,40,2066,2057.2,2008.6,0,0,738622.679395522,0,0,0
69317.1131008185,40,2069.8,2054.6,2003.8,0,0,738622.679395985,0,0,0
69317.1530998848,40,2084.6,2062.8,2013.2,0,0,738622.679396448,0,0,0
69317.1930989513,40,2111.2,2077.8,2019,0,0,738622.679396911,0,0,0
69317.2330980176,40,2140,2094.2,2025.6,0,0,738622.679397374,0,0,0
69317.2730970841,40,2167,2118.4,2042.2,0,0,738622.679397837,0,0,0
69317.3130961505,40,2167.6,2146.2,2054,0,0,738622.6793983,0,0,0
69317.3530952169,40,2135.6,2154.6,2076.8,0,0,738622.679398763,0,0,0
69317.3930942833,40,2091.4,2143.6,2088.8,0,0,738622.679399226,0,0,0
69317.4330933497,40,2060,2120.6,2095.4,0,0,738622.679399689,0,0,0
69317.4730924161,40,2043.8,2105.2,2084,0,0,738622.679400152,0,0,0
69317.5130914825,40,2040.2,2094.6,2083,0,0,738622.679400615,0,0,0
69317.5530905489,40,2047,2103.6,2088.2,0,0,738622.679401078,0,0,0
69317.5930896153,40,2059,2119.8,2098.4,0,0,738622.679401541,0,0,0
69317.6330886817,40,2083,2138.4,2095.2,0,0,738622.679402004,0,0,0
69317.6730877481,40,2128.8,2157.6,2081.8,0,0,738622.679402467,0,0,0
69317.7130868145,40,2162.8,2147.8,2060,0,0,738622.679402929,0,0,0
69317.7530858809,40,2169.6,2124.8,2040.2,0,0,738622.679403392,0,0,0
69317.7930849472,40,2145.2,2099.4,2023,0,0,738622.679403855,0,0,0
69317.8330840137,40,2115,2082.4,2025.2,0,0,738622.679404318,0,0,0
69317.87308308,40,2092.8,2068.4,2017.8,0,0,738622.679404781,0,0,0
69317.9130821465,40,2082.8,2066.6,2015.8,0,0,738622.679405244,0,0,0
69317.9530812129,40,2082.4,2065.2,2017.8,0,0,738622.679405707,0,0,0
69317.9930802793,40,2095.4,2067.6,2013.4,0,0,738622.67940617,0,0,0
69318.0330793457,40,2115,2081.2,2015,0,0,738622.679406633,0,0,0
69318.0730784121,40,2142,2094,2024.2,0,0,738622.679407096,0,0,0
69318.1130774785,40,2161,2116,2037.2,0,0,738622.679407559,0,0,0
69318.1530765449,40,2171.4,2139.8,2052.2,0,0,738622.679408022,0,0,0
69318.1930756113,40,2146.4,2150,2071,0,0,738622.679408485,0,0,0
69318.2330746777,40,2112.6,2155,2093,0,0,738622.679408948,0,0,0
69318.2730737441,40,2082,2137.6,2101.4,0,0,738622.679409411,0,0,0
69318.3130728105,40,2056,2117,2095.2,0,0,738622.679409874,0,0,0
69318.3530718769,40,2044.6,2102,2085.6,0,0,738622.679410337,0,0,0
69318.3930709433,40,2050.4,2107.8,2086.2,0,0,738622.6794108,0,0,0
69318.4330700097,40,2058.8,2123.4,2096.2,0,0,738622.679411263,0,0,0
69318.4730690761,40,2087.8,2142.6,2096,0,0,738622.679411726,0,0,0
69318.5130681424,40,2131.2,2156.2,2085,0,0,738622.679412189,0,0,0
69318.5530672089,40,2165,2147.6,2057.6,0,0,738622.679412652,0,0,0
69318.5930662753,40,2166.6,2119,2037,0,0,738622.679413114,0,0,0
69318.6330653417,40,2138.8,2089,2027.2,0,0,738622.679413577,0,0,0
69318.6730644081,40,2101.2,2067.8,2013.6,0,0,738622.67941404,0,0,0
69318.7130634745,40,2079.6,2069,2011.2,0,0,738622.679414503,0,0,0
69318.7530625409,40,2073,2063.4,2010.8,0,0,738622.679414966,0,0,0
69318.7930616073,40,2081.6,2063.6,2015.2,0,0,738622.679415429,0,0,0
69318.8330606737,40,2089.2,2066.6,2017.2,0,0,738622.679415892,0,0,0
69318.8730597401,40,2111,2078.6,2018.8,0,0,738622.679416355,0,0,0
69318.9130588065,40,2136.8,2092.8,2025.4,0,0,738622.679416818,0,0,0
69318.9530578729,40,2158,2110.4,2035,0,0,738622.679417281,0,0,0
69318.9930569393,40,2175.8,2138.2,2051.4,0,0,738622.679417744,0,0,0
69319.0330560057,40,2147.8,2150.4,2078.6,0,0,738622.679418207,0,0,0
69319.0730550721,40,2107,2145,2094.2,0,0,738622.67941867,0,0,0
69319.1130541385,40,2072.4,2130.2,2100.6,0,0,738622.679419133,0,0,0
69319.1530532048,40,2052,2111.4,2087.4,0,0,738622.679419596,0,0,0
69319.1930522713,40,2046.4,2108.6,2089.6,0,0,738622.679420059,0,0,0
69319.2330513377,40,2055.8,2116,2095.2,0,0,738622.679420522,0,0,0
69319.2730504041,40,2077,2133.4,2098,0,0,738622.679420985,0,0,0
69319.3130494705,40,2115.2,2152.6,2086.8,0,0,738622.679421448,0,0,0
69319.3530485369,40,2158,2148.2,2066.8,0,0,738622.679421911,0,0,0
69319.3930476033,40,2171.8,2130,2042.8,0,0,738622.679422374,0,0,0
69319.4330466697,40,2147,2099.2,2028.8,0,0,738622.679422837,0,0,0
69319.4730457361,40,2106.6,2076.4,2019.6,0,0,738622.679423299,0,0,0
69319.5130448025,40,2081.6,2056.4,2015.6,0,0,738622.679423762,0,0,0
69319.5530438689,40,2068.2,2057.6,2010.6,0,0,738622.679424225,0,0,0
69319.5930429353,40,2080,2060.6,2015.2,0,0,738622.679424688,0,0,0
69319.6330420017,40,2089.6,2064.4,2017.8,0,0,738622.679425151,0,0,0
69319.6730410681,40,2112.4,2076.8,2015,0,0,738622.679425614,0,0,0
69319.7130401345,40,2138.8,2086.2,2027.8,0,0,738622.679426077,0,0,0
69319.7530392009,40,2161.8,2115.4,2039.8,0,0,738622.67942654,0,0,0
69319.7930382672,40,2170,2141,2053,0,0,738622.679427003,0,0,0
69319.8330373337,40,2148.4,2159.4,2074,0,0,738622.679427466,0,0,0
69319.8730364001,40,2111.6,2152.8,2091,0,0,738622.679427929,0,0,0
69319.9130354665,40,2076.4,2134.6,2101,0,0,738622.679428392,0,0,0
69319.9530345329,40,2053.8,2112.8,2096.6,0,0,738622.679428855,0,0,0
69319.9930335993,40,2048.4,2106.8,2090.4,0,0,738622.679429318,0,0,0
69320.0330326657,40,2056.4,2120,2095.4,0,0,738622.679429781,0,0,0
69320.0730317321,40,2075.2,2132,2099.4,0,0,738622.679430244,0,0,0
69320.1130307985,40,2117.4,2151.2,2089.2,0,0,738622.679430707,0,0,0
69320.1530298649,40,2155.2,2151.4,2068.6,0,0,738622.67943117,0,0,0
69320.1930289313,40,2173.6,2129,2044.8,0,0,738622.679431633,0,0,0
69320.2330279977,40,2153.6,2102.2,2037.2,0,0,738622.679432095,0,0,0
69320.2730270641,40,2131.4,2085.8,2025.2,0,0,738622.679432558,0,0,0
69320.3130261305,40,2101.2,2073,2020,0,0,738622.679433021,0,0,0
69320.3530251969,40,2089.4,2066.2,2013.6,0,0,738622.679433484,0,0,0
69320.3930242633,40,2084,2066.4,2016.4,0,0,738622.679433947,0,0,0
69320.4330233297,40,2087,2065,2020.4,0,0,738622.67943441,0,0,0
69320.4730223961,40,2097.8,2071.8,2015.4,0,0,738622.679434873,0,0,0
69320.5130214625,40,2109.2,2074,2017.4,0,0,738622.679435336,0,0,0
69320.5530205289,40,2129.6,2082,2020,0,0,738622.679435799,0,0,0
69320.5930195953,40,2155,2100.2,2030.6,0,0,738622.679436262,0,0,0
69320.6330186617,40,2172.4,2126.6,2046.4,0,0,738622.679436725,0,0,0
69320.6730177281,40,2157.4,2152,2062.6,0,0,738622.679437188,0,0,0
69320.7130167945,40,2126.8,2156.2,2089,0,0,738622.679437651,0,0,0
69320.7530158609,40,2089,2141.8,2094.4,0,0,738622.679438114,0,0,0
69320.7930149272,40,2062.8,2122.4,2100.4,0,0,738622.679438577,0,0,0
69320.8330139937,40,2052.8,2111.2,2095.2,0,0,738622.67943904,0,0,0
69320.87301306,40,2055,2115.4,2093.8,0,0,738622.679439503,0,0,0
69320.9130121265,40,2071.4,2129.8,2099.2,0,0,738622.679439966,0,0,0
69320.9530111928,40,2097.4,2146.6,2099.2,0,0,738622.679440429,0,0,0
69320.9930102593,40,2142.2,2159,2076.2,0,0,738622.679440892,0,0,0
69321.0330093256,40,2171,2146.8,2058,0,0,738622.679441355,0,0,0
69321.0730083921,40,2164.6,2119,2041.8,0,0,738622.679441818,0,0,0
69321.1130074585,40,2143.4,2092.4,2022.8,0,0,738622.67944228,0,0,0
69321.1530065249,40,2109,2073.8,2015.8,0,0,738622.679442743,0,0,0
69321.1930055913,40,2088.4,2061.8,2014,0,0,738622.679443206,0,0,0
69321.2330046577,40,2083.4,2064.6,2011,0,0,738622.679443669,0,0,0
69321.2730037241,40,2083.2,2066.8,2018.4,0,0,738622.679444132,0,0,0
69321.3130027905,40,2098.2,2073.4,2014.2,0,0,738622.679444595,0,0,0
69321.3530018569,40,2113.8,2079.2,2021.4,0,0,738622.679445058,0,0,0
69321.3930009233,40,2139.4,2098,2026.8,0,0,738622.679445521,0,0,0
69321.4329999897,40,2167,2117.6,2034.8,0,0,738622.679445984,0,0,0
69321.4729990561,40,2168.8,2142,2053.4,0,0,738622.679446447,0,0,0
69321.5129981224,40,2146.8,2156.8,2076.8,0,0,738622.67944691,0,0,0
69321.5529971889,40,2108,2153.2,2094.2,0,0,738622.679447373,0,0,0
69321.5929962552,40,2080.2,2132.4,2101,0,0,738622.679447836,0,0,0
69321.6329953217,40,2062,2117.2,2091.6,0,0,738622.679448299,0,0,0
69321.672994388,40,2055.2,2113.4,2090.2,0,0,738622.679448762,0,0,0
69321.7129934545,40,2058.4,2121.2,2094.2,0,0,738622.679449225,0,0,0
69321.7529925209,40,2079.8,2137,2099.8,0,0,738622.679449688,0,0,0
69321.7929915873,40,2116.6,2154,2089.4,0,0,738622.679450151,0,0,0
69321.8329906537,40,2156.2,2157.6,2072.4,0,0,738622.679450614,0,0,0
69321.8729897201,40,2168.6,2131,2046.2,0,0,738622.679451077,0,0,0
69321.9129887865,40,2149.8,2100.6,2034,0,0,738622.67945154,0,0,0
69321.9529878529,40,2124.4,2080.8,2020,0,0,738622.679452003,0,0,0
69321.9929869193,40,2089.8,2063.6,2014.6,0,0,738622.679452465,0,0,0
69322.0329859857,40,2076.4,2061.6,2011.4,0,0,738622.679452928,0,0,0
69322.0729850521,40,2073.6,2061.4,2012,0,0,738622.679453391,0,0,0
69322.1129841185,40,2075.2,2062.8,2013.4,0,0,738622.679453854,0,0,0
69322.1529831848,40,2086.8,2068.4,2017.2,0,0,738622.679454317,0,0,0
69322.1929822513,40,2108.2,2078.4,2021.2,0,0,738622.67945478,0,0,0
69322.2329813176,40,2139.2,2091.2,2025.2,0,0,738622.679455243,0,0,0
69322.2729803841,40,2159.2,2110.2,2032.4,0,0,738622.679455706,0,0,0
69322.3129794504,40,2170.4,2139.8,2050.6,0,0,738622.679456169,0,0,0
69322.3529785169,40,2138.4,2151.2,2078,0,0,738622.679456632,0,0,0
69322.3929775833,40,2102.4,2143.6,2095.8,0,0,738622.679457095,0,0,0
69322.4329766497,40,2071.6,2125.6,2098.4,0,0,738622.679457558,0,0,0
69322.4729757161,40,2051.4,2108.8,2093.4,0,0,738622.679458021,0,0,0
69322.5129747825,40,2052.6,2111.6,2087.4,0,0,738622.679458484,0,0,0
69322.5529738489,40,2055.8,2114.4,2095.2,0,0,738622.679458947,0,0,0
69322.5929729153,40,2076.4,2135.2,2100.4,0,0,738622.67945941,0,0,0
69322.6329719817,40,2116.8,2152,2087.6,0,0,738622.679459873,0,0,0
69322.6729710481,40,2155,2157,2069.6,0,0,738622.679460336,0,0,0
69322.7129701145,40,2173.4,2131.6,2046.4,0,0,738622.679460799,0,0,0
69322.7529691809,40,2151,2103.2,2029.4,0,0,738622.679461261,0,0,0
69322.7929682472,40,2114.6,2080.8,2017.4,0,0,738622.679461724,0,0,0
69322.8329673137,40,2081.4,2067.6,2012.8,0,0,738622.679462187,0,0,0
69322.87296638,40,2066,2055.8,2007.8,0,0,738622.67946265,0,0,0
69322.9129654465,40,2075.8,2061.2,2010.4,0,0,738622.679463113,0,0,0
69322.9529645128,40,2082,2063.6,2009,0,0,738622.679463576,0,0,0
69322.9929635793,40,2099.2,2070.8,2012.6,0,0,738622.679464039,0,0,0
69323.0329626457,40,2117.4,2079.6,2019.8,0,0,738622.679464502,0,0,0
69323.0729617121,40,2145.2,2098.6,2024.6,0,0,738622.679464965,0,0,0
69323.1129607785,40,2165,2117.8,2040.4,0,0,738622.679465428,0,0,0
69323.1529598449,40,2169.8,2142,2052.8,0,0,738622.679465891,0,0,0
69323.1929589113,40,2143,2156,2077.8,0,0,738622.679466354,0,0,0
69323.2329579777,40,2099.2,2146.2,2095.4,0,0,738622.679466817,0,0,0
69323.2729570441,40,2062.4,2123.4,2094,0,0,738622.67946728,0,0,0
69323.3129561105,40,2052.4,2108.4,2093.4,0,0,738622.679467743,0,0,0
69323.3529551769,40,2052.2,2111.2,2092,0,0,738622.679468206,0,0,0
69323.3929542433,40,2059.4,2118.2,2101.6,0,0,738622.679468669,0,0,0
69323.4329533097,40,2085.4,2143.4,2094.4,0,0,738622.679469132,0,0,0
69323.4729523761,40,2125.8,2152,2076.2,0,0,738622.679469595,0,0,0
69323.5129514424,40,2157.4,2137,2053.8,0,0,738622.679470058,0,0,0
69323.5529505089,40,2169.6,2118,2032.8,0,0,738622.679470521,0,0,0
69323.5929495752,40,2141.2,2091,2022,0,0,738622.679470983,0,0,0
69323.6329486417,40,2111.2,2074.2,2016.2,0,0,738622.679471446,0,0,0
69323.6729477081,40,2087.6,2065.4,2018,0,0,738622.679471909,0,0,0
69323.7129467745,40,2079.2,2062.8,2011.4,0,0,738622.679472372,0,0,0
69323.7529458409,40,2077.2,2065.8,2019.6,0,0,738622.679472835,0,0,0
69323.7929449073,40,2088.2,2062.6,2011.8,0,0,738622.679473298,0,0,0
69323.8329439737,40,2096,2065.8,2018,0,0,738622.679473761,0,0,0
69323.8729430401,40,2116,2076.8,2017.6,0,0,738622.679474224,0,0,0
69323.9129421065,40,2146.8,2093.6,2024.8,0,0,738622.679474687,0,0,0
69323.9529411729,40,2164,2118.8,2042.8,0,0,738622.67947515,0,0,0
69323.9929402393,40,2172,2143.6,2059,0,0,738622.679475613,0,0,0
69324.0329393057,40,2139.2,2157.4,2080.8,0,0,738622.679476076,0,0,0
69324.0729383721,40,2105.4,2147.2,2093.2,0,0,738622.679476539,0,0,0
69324.1129374385,40,2074,2130.2,2099.4,0,0,738622.679477002,0,0,0
69324.1529365048,40,2059.4,2114.8,2091.6,0,0,738622.679477465,0,0,0
69324.1929355713,40,2050.6,2106.6,2087.8,0,0,738622.679477928,0,0,0
69324.2329346377,40,2059.8,2117.4,2097.4,0,0,738622.679478391,0,0,0
69324.2729337041,40,2073,2132,2100,0,0,738622.679478854,0,0,0
69324.3129327705,40,2100.6,2143.2,2095.8,0,0,738622.679479317,0,0,0
69324.3529318369,40,2140.6,2156.2,2072.4,0,0,738622.67947978,0,0,0
69324.3929309033,40,2167.2,2137.2,2051,0,0,738622.679480243,0,0,0
69324.4329299697,40,2168.4,2113.6,2036,0,0,738622.679480706,0,0,0
69324.4729290361,40,2146.6,2099.8,2033,0,0,738622.679481168,0,0,0
69324.5129281025,40,2122,2082.8,2026.2,0,0,738622.679481631,0,0,0
69324.5529271689,40,2105.8,2073.4,2015.6,0,0,738622.679482094,0,0,0
69324.5929262353,40,2093.4,2067.6,2014.6,0,0,738622.679482557,0,0,0
69324.6329253017,40,2090.4,2069,2018,0,0,738622.67948302,0,0,0
69324.6729243681,40,2101.2,2072.8,2019.6,0,0,738622.679483483,0,0,0
69324.7129234345,40,2113.6,2079.2,2022.2,0,0,738622.679483946,0,0,0
69324.7529225009,40,2129.4,2085.6,2024.6,0,0,738622.679484409,0,0,0
69324.7929215672,40,2153.2,2104.4,2028.8,0,0,738622.679484872,0,0,0
69324.8329206337,40,2172.8,2126.8,2044.8,0,0,738622.679485335,0,0,0
69324.8729197001,40,2166.4,2142.6,2060.2,0,0,738622.679485798,0,0,0
69324.9129187665,40,2148,2161.2,2080.4,0,0,738622.679486261,0,0,0
69324.9529178329,40,2107.6,2152.8,2094.8,0,0,738622.679486724,0,0,0
69324.9929168993,40,2076.6,2136.8,2103,0,0,738622.679487187,0,0,0
69325.0329159657,40,2054.6,2120,2098.8,0,0,738622.67948765,0,0,0
69325.0729150321,40,2053.4,2111.4,2095.6,0,0,738622.679488113,0,0,0
69325.1129140985,40,2064.6,2120.6,2101.2,0,0,738622.679488576,0,0,0
69325.1529131649,40,2089.8,2135,2097.6,0,0,738622.679489039,0,0,0
69325.1929122313,40,2127.4,2154.8,2085.4,0,0,738622.679489502,0,0,0
69325.2329112977,40,2163,2152.4,2067,0,0,738622.679489965,0,0,0
69325.2729103641,40,2170.4,2128.4,2043.2,0,0,738622.679490427,0,0,0
69325.3129094305,40,2149.4,2100.8,2027.6,0,0,738622.67949089,0,0,0
69325.3529084969,40,2121.8,2079.2,2020.6,0,0,738622.679491353,0,0,0
69325.3929075633,40,2097.2,2069.6,2013.4,0,0,738622.679491816,0,0,0
69325.4329066297,40,2080.2,2064.8,2013.4,0,0,738622.679492279,0,0,0
69325.4729056961,40,2084,2064.4,2014.6,0,0,738622.679492742,0,0,0
69325.5129047625,40,2088.2,2070.8,2022.4,0,0,738622.679493205,0,0,0
69325.5529038289,40,2106.2,2074.2,2014,0,0,738622.679493668,0,0,0
69325.5929028953,40,2122.6,2083.4,2023.8,0,0,738622.679494131,0,0,0
69325.6329019617,40,2145,2093.8,2027.6,0,0,738622.679494594,0,0,0
69325.6729010281,40,2169.8,2112.4,2036.2,0,0,738622.679495057,0,0,0
69325.7129000945,40,2169.8,2143.6,2057.6,0,0,738622.67949552,0,0,0
69325.7528991609,40,2146.6,2153.2,2078,0,0,738622.679495983,0,0,0
69325.7928982273,40,2112.2,2153.8,2094.4,0,0,738622.679496446,0,0,0
69325.8328972937,40,2081.8,2136.8,2101.6,0,0,738622.679496909,0,0,0
69325.8728963601,40,2060.4,2124.2,2096,0,0,738622.679497372,0,0,0
69325.9128954265,40,2053.6,2119.6,2096,0,0,738622.679497835,0,0,0
69325.9528944929,40,2062.6,2122.2,2101,0,0,738622.679498298,0,0,0
69325.9928935593,40,2083.6,2138.2,2096,0,0,738622.679498761,0,0,0
69326.0328926257,40,2115.4,2155.8,2090.2,0,0,738622.679499224,0,0,0
69326.0728916921,40,2153.4,2160.4,2069.6,0,0,738622.679499687,0,0,0
69326.1128907585,40,2171.6,2138,2053.2,0,0,738622.679500149,0,0,0
69326.1528898249,40,2160,2111.2,2035,0,0,738622.679500612,0,0,0
69326.1928888913,40,2133,2089.2,2023.6,0,0,738622.679501075,0,0,0
69326.2328879577,40,2107.2,2071.8,2017.2,0,0,738622.679501538,0,0,0
69326.2728870241,40,2093.6,2066.2,2014.2,0,0,738622.679502001,0,0,0
69326.3128860905,40,2087.4,2062,2014.2,0,0,738622.679502464,0,0,0
69326.3528851569,40,2097.6,2068.6,2015.2,0,0,738622.679502927,0,0,0
69326.3928842233,40,2108.4,2077.6,2020.6,0,0,738622.67950339,0,0,0
69326.4328832897,40,2124.4,2086.4,2025.2,0,0,738622.679503853,0,0,0
69326.4728823561,40,2147.6,2100,2032.2,0,0,738622.679504316,0,0,0
69326.5128814224,40,2169.2,2119,2040.4,0,0,738622.679504779,0,0,0
69326.5528804889,40,2173.8,2140.2,2051.8,0,0,738622.679505242,0,0,0
69326.5928795552,40,2153.2,2155.4,2076.2,0,0,738622.679505705,0,0,0
69326.6328786217,40,2121.2,2157.4,2089.6,0,0,738622.679506168,0,0,0
69326.672877688,40,2087.6,2140.4,2097.6,0,0,738622.679506631,0,0,0
69326.7128767545,40,2072,2128.8,2097.4,0,0,738622.679507094,0,0,0
69326.7528758209,40,2058.8,2119.2,2095,0,0,738622.679507557,0,0,0
69326.7928748873,40,2063.4,2122.6,2095.4,0,0,738622.67950802,0,0,0
69326.8328739537,40,2086,2138.8,2098.6,0,0,738622.679508483,0,0,0
69326.8728730201,40,2104.2,2147,2090.2,0,0,738622.679508946,0,0,0
69326.9128720865,40,2144.8,2156.2,2077.4,0,0,738622.679509409,0,0,0
69326.9528711529,40,2166.8,2143,2054.6,0,0,738622.679509872,0,0,0
69326.9928702193,40,2162.6,2118,2041.4,0,0,738622.679510334,0,0,0
69327.0328692857,40,2139.6,2090.2,2023.2,0,0,738622.679510797,0,0,0
69327.0728683521,40,2112.2,2080.2,2016.4,0,0,738622.67951126,0,0,0
69327.1128674185,40,2092.2,2065.8,2014,0,0,738622.679511723,0,0,0
69327.1528664848,40,2084.6,2062.8,2012.4,0,0,738622.679512186,0,0,0
69327.1928655513,40,2085.6,2067.4,2014.2,0,0,738622.679512649,0,0,0
69327.2328646176,40,2098.6,2070.2,2017.2,0,0,738622.679513112,0,0,0
69327.2728636841,40,2104.2,2079,2026.2,0,0,738622.679513575,0,0,0
69327.3128627504,40,2132.4,2082.6,2024.2,0,0,738622.679514038,0,0,0
69327.3528618169,40,2152,2103.6,2029.6,0,0,738622.679514501,0,0,0
69327.3928608833,40,2165.4,2119.8,2043.8,0,0,738622.679514964,0,0,0
69327.4328599497,40,2170,2145.2,2061.8,0,0,738622.679515427,0,0,0
69327.4728590161,40,2142.2,2156,2078.8,0,0,738622.67951589,0,0,0
69327.5128580825,40,2108,2151,2095.4,0,0,738622.679516353,0,0,0
69327.5528571489,40,2079.4,2137.2,2099.6,0,0,738622.679516816,0,0,0
69327.5928562153,40,2062,2122.6,2097,0,0,738622.679517279,0,0,0
69327.6328552817,40,2059.6,2122.6,2101.8,0,0,738622.679517742,0,0,0
69327.6728543481,40,2075.6,2128.8,2101,0,0,738622.679518205,0,0,0
69327.7128534145,40,2095.4,2145,2096,0,0,738622.679518668,0,0,0
69327.7528524809,40,2129.6,2150.6,2084.8,0,0,738622.67951913,0,0,0
69327.7928515472,40,2160.2,2153.2,2063,0,0,738622.679519593,0,0,0
69327.8328506137,40,2171.6,2131.2,2046.8,0,0,738622.679520056,0,0,0
69327.87284968,40,2152.8,2107.2,2033.6,0,0,738622.679520519,0,0,0
69327.9128487465,40,2130.6,2087.2,2019.8,0,0,738622.679520982,0,0,0
69327.9528478128,40,2101.6,2072,2018.4,0,0,738622.679521445,0,0,0
69327.9928468793,40,2088.8,2063,2019,0,0,738622.679521908,0,0,0
69328.0328459457,40,2085.4,2062.2,2014,0,0,738622.679522371,0,0,0
69328.0728450121,40,2094,2066.4,2020.2,0,0,738622.679522834,0,0,0
69328.1128440785,40,2104.2,2069.8,2018.8,0,0,738622.679523297,0,0,0
69328.1528431449,40,2118.4,2078.4,2018.6,0,0,738622.67952376,0,0,0
69328.1928422113,40,2144.4,2095,2025.8,0,0,738622.679524223,0,0,0
69328.2328412777,40,2167.6,2113.8,2036,0,0,738622.679524686,0,0,0
69328.2728403441,40,2168,2139.8,2050.4,0,0,738622.679525149,0,0,0
69328.3128394105,40,2149,2152.6,2071.8,0,0,738622.679525612,0,0,0
69328.3528384769,40,2118.8,2156.2,2089.8,0,0,738622.679526075,0,0,0
69328.3928375433,40,2089.4,2140.8,2102.4,0,0,738622.679526538,0,0,0
69328.4328366097,40,2069.2,2131.8,2099.2,0,0,738622.679527001,0,0,0
69328.4728356761,40,2057.6,2121.8,2099.4,0,0,738622.679527464,0,0,0
69328.5128347424,40,2064.8,2127.4,2100,0,0,738622.679527927,0,0,0
69328.5528338089,40,2087.8,2143.8,2104,0,0,738622.67952839,0,0,0
69328.5928328752,40,2120.2,2158.4,2091.8,0,0,738622.679528853,0,0,0
69328.6328319417,40,2155.2,2152.4,2070.6,0,0,738622.679529315,0,0,0
69328.6728310081,40,2171.2,2133.2,2050.2,0,0,738622.679529778,0,0,0
69328.7128300745,40,2153.8,2105.4,2029.8,0,0,738622.679530241,0,0,0
69328.7528291409,40,2128.6,2087.4,2023.8,0,0,738622.679530704,0,0,0
69328.7928282073,40,2105.4,2070.4,2014.2,0,0,738622.679531167,0,0,0
69328.8328272737,40,2078.4,2064.6,2012.4,0,0,738622.67953163,0,0,0
69328.8728263401,40,2077.4,2061.8,2013.2,0,0,738622.679532093,0,0,0
69328.9128254065,40,2084.8,2065.6,2017.4,0,0,738622.679532556,0,0,0
69328.9528244729,40,2092.6,2067.6,2017.2,0,0,738622.679533019,0,0,0
69328.9928235393,40,2103.2,2078.6,2019.8,0,0,738622.679533482,0,0,0
69329.0328226057,40,2127.4,2086,2023.2,0,0,738622.679533945,0,0,0
69329.0728216721,40,2148.8,2100.6,2028.4,0,0,738622.679534408,0,0,0
69329.1128207385,40,2173.6,2127.6,2041.8,0,0,738622.679534871,0,0,0
69329.1528198048,40,2169.2,2141.8,2057.2,0,0,738622.679535334,0,0,0
69329.1928188713,40,2144.2,2154.8,2075,0,0,738622.679535797,0,0,0
69329.2328179376,40,2112.6,2152.8,2091,0,0,738622.67953626,0,0,0
69329.2728170041,40,2083.6,2139.6,2094.2,0,0,738622.679536723,0,0,0
69329.3128160705,40,2061.8,2124.2,2091.8,0,0,738622.679537186,0,0,0
69329.3528151369,40,2059.8,2121.4,2098.8,0,0,738622.679537649,0,0,0
69329.3928142033,40,2065.2,2127.2,2098,0,0,738622.679538112,0,0,0
69329.4328132697,40,2080.2,2138.4,2100.4,0,0,738622.679538575,0,0,0
69329.4728123361,40,2105.6,2150,2086.4,0,0,738622.679539038,0,0,0
69329.5128114025,40,2142,2146.2,2066.4,0,0,738622.6795395,0,0,0
69329.5528104689,40,2165,2128.2,2041.6,0,0,738622.679539963,0,0,0
69329.5928095353,40,2155.2,2103.4,2025.8,0,0,738622.679540426,0,0,0
69329.6328086017,40,2128,2082.4,2015.2,0,0,738622.679540889,0,0,0
69329.6728076681,40,2101.8,2065.8,2008.2,0,0,738622.679541352,0,0,0
69329.7128067345,40,2074.8,2060.4,2005.6,0,0,738622.679541815,0,0,0
69329.7528058009,40,2064,2055,2004.4,0,0,738622.679542278,0,0,0
69329.7928048672,40,2068.8,2056.8,2004,0,0,738622.679542741,0,0,0
69329.8328039337,40,2076.6,2057.8,2008.6,0,0,738622.679543204,0,0,0
69329.872803,40,2094.6,2068,2014.4,0,0,738622.679543667,0,0,0
69329.9128020665,40,2107.4,2075.2,2019.4,0,0,738622.67954413,0,0,0
69329.9528011329,40,2141.6,2091.6,2025.4,0,0,738622.679544593,0,0,0
69329.9928001993,40,2164.8,2115.6,2034.4,0,0,738622.679545056,0,0,0
69330.0327992657,40,2172.4,2139.6,2053.8,0,0,738622.679545519,0,0,0
69330.0727983321,40,2147.2,2153.2,2073.2,0,0,738622.679545982,0,0,0
69330.1127973985,40,2105.8,2153,2090.6,0,0,738622.679546445,0,0,0
69330.1527964649,40,2075.2,2132.4,2092.6,0,0,738622.679546908,0,0,0
69330.1927955313,40,2058,2111.8,2090,0,0,738622.679547371,0,0,0
69330.2327945977,40,2049.4,2106.2,2089,0,0,738622.679547834,0,0,0
69330.2727936641,40,2052.6,2109.4,2091.8,0,0,738622.679548296,0,0,0
69330.3127927305,40,2054.8,2119.8,2097.8,0,0,738622.679548759,0,0,0
69330.3527917969,40,2078.8,2130,2094.6,0,0,738622.679549222,0,0,0
69330.3927908633,40,2111,2145.4,2078.8,0,0,738622.679549685,0,0,0
69330.4327899297,40,2149.6,2142,2056.2,0,0,738622.679550148,0,0,0
69330.4727889961,40,2169.2,2124,2041.6,0,0,738622.679550611,0,0,0
69330.5127880624,40,2153.2,2095.2,2029.8,0,0,738622.679551074,0,0,0
69330.5527871289,40,2123,2080,2016.6,0,0,738622.679551537,0,0,0
69330.5927861953,40,2098.4,2068.4,2013,0,0,738622.679552,0,0,0
69330.6327852617,40,2083.6,2065.6,2017.4,0,0,738622.679552463,0,0,0
69330.6727843281,40,2080.2,2067.8,2014.8,0,0,738622.679552926,0,0,0
69330.7127833945,40,2083.4,2068.4,2015.4,0,0,738622.679553389,0,0,0
69330.7527824609,40,2096.8,2070,2014.8,0,0,738622.679553852,0,0,0
69330.7927815273,40,2109,2070.4,2013.8,0,0,738622.679554315,0,0,0
69330.8327805937,40,2138,2089.2,2021.2,0,0,738622.679554778,0,0,0
69330.8727796601,40,2165.4,2112.2,2034.6,0,0,738622.679555241,0,0,0
69330.9127787265,40,2171.4,2138,2056.2,0,0,738622.679555704,0,0,0
69330.9527777929,40,2147.8,2154,2079.2,0,0,738622.679556167,0,0,0
69330.9927768593,40,2112.8,2150.8,2095.2,0,0,738622.67955663,0,0,0
69331.0327759257,40,2079.8,2136.2,2097.6,0,0,738622.679557093,0,0,0
69331.0727749921,40,2060.2,2115.4,2095,0,0,738622.679557556,0,0,0
69331.1127740585,40,2051.8,2109.4,2093.8,0,0,738622.679558018,0,0,0
69331.1527731248,40,2060.2,2120.2,2093.2,0,0,738622.679558481,0,0,0
69331.1927721913,40,2073.4,2126.6,2096.4,0,0,738622.679558944,0,0,0
69331.2327712577,40,2098.6,2147.8,2095.2,0,0,738622.679559407,0,0,0
69331.2727703241,40,2137.6,2159.6,2086,0,0,738622.67955987,0,0,0
69331.3127693905,40,2163,2147.2,2060.4,0,0,738622.679560333,0,0,0
69331.3527684569,40,2171,2122.2,2047.4,0,0,738622.679560796,0,0,0
69331.3927675233,40,2149.6,2094.6,2025.6,0,0,738622.679561259,0,0,0
69331.4327665897,40,2108.4,2074.8,2020.2,0,0,738622.679561722,0,0,0
69331.4727656561,40,2090.8,2065.4,2014.8,0,0,738622.679562185,0,0,0
69331.5127647225,40,2076.6,2060.2,2010.2,0,0,738622.679562648,0,0,0
69331.5527637889,40,2081,2062.8,2017.8,0,0,738622.679563111,0,0,0
69331.5927628553,40,2088.8,2067,2016.2,0,0,738622.679563574,0,0,0
69331.6327619217,40,2100,2072.6,2019.4,0,0,738622.679564037,0,0,0
69331.6727609881,40,2119,2076.2,2021,0,0,738622.6795645,0,0,0
69331.7127600545,40,2146,2093.6,2028.8,0,0,738622.679564963,0,0,0
69331.7527591209,40,2166.4,2117,2037.2,0,0,738622.679565426,0,0,0
69331.7927581873,40,2166.4,2146.4,2061.6,0,0,738622.679565889,0,0,0
69331.8357571836,43,2128,2160.6,2084.8,0,0,738622.679566386,0,0,0
69331.87575625,40,2093.6,2150.2,2099.2,0,0,738622.679566849,0,0,0
69331.9157553164,40,2068.4,2120.6,2096.6,0,0,738622.679567312,0,0,0
69331.9557543828,40,2053.8,2113.6,2093.8,0,0,738622.679567775,0,0,0
69331.9957534492,40,2053.6,2114.6,2091.8,0,0,738622.679568238,0,0,0
69332.037752469,42,2068,2123.8,2101.6,0,0,738622.679568724,0,0,0
69332.0777515354,40,2093.8,2142.4,2100,0,0,738622.679569187,0,0,0
69332.1177506018,40,2128.6,2153.6,2088.6,0,0,738622.67956965,0,0,0
69332.1577496682,40,2160.6,2154.6,2067,0,0,738622.679570113,0,0,0
69332.1977487346,40,2171.4,2127.4,2045,0,0,738622.679570576,0,0,0
69332.237747801,40,2154.4,2103.6,2029,0,0,738622.679571039,0,0,0
69332.2777468673,40,2124.2,2089.2,2020.4,0,0,738622.679571502,0,0,0
69332.3177459338,40,2100.6,2074.6,2016,0,0,738622.679571965,0,0,0
69332.3577450001,40,2089.8,2065.4,2013,0,0,738622.679572428,0,0,0
69332.3977440666,40,2085,2064.6,2013.2,0,0,738622.679572891,0,0,0
69332.4377431329,40,2097.2,2070.8,2014.4,0,0,738622.679573354,0,0,0
69332.4777421994,40,2107.6,2076.8,2015.8,0,0,738622.679573817,0,0,0
69332.5177412658,40,2133.6,2090,2025,0,0,738622.67957428,0,0,0
69332.5587403088,41,2159,2107.8,2038,0,0,738622.679574754,0,0,0
69332.5987393752,40,2173.8,2134,2048.8,0,0,738622.679575217,0,0,0
69332.6387384416,40,2150,2154.6,2072.2,0,0,738622.67957568,0,0,0
69332.678737508,40,2117.8,2155,2084.8,0,0,738622.679576143,0,0,0
69332.7187365744,40,2079,2135.6,2090.2,0,0,738622.679576606,0,0,0
69332.7587356408,40,2058.2,2120.2,2094.2,0,0,738622.679577069,0,0,0
69332.7987347072,40,2046,2111.8,2091,0,0,738622.679577532,0,0,0
69332.8387337736,40,2051.8,2115.4,2091.4,0,0,738622.679577995,0,0,0
69332.87873284,40,2066.8,2123.4,2098.4,0,0,738622.679578458,0,0,0
69332.9187319064,40,2090.8,2145.4,2092.6,0,0,738622.679578921,0,0,0
69332.9587309728,40,2133,2154.6,2073,0,0,738622.679579384,0,0,0
69332.9987300392,40,2162.2,2139.4,2050.8,0,0,738622.679579847,0,0,0
69333.0387291056,40,2163.2,2110.6,2033.2,0,0,738622.67958031,0,0,0
69333.078728172,40,2144.4,2088.6,2023.8,0,0,738622.679580773,0,0,0
69333.1187272384,40,2105.8,2071.4,2014.8,0,0,738622.679581236,0,0,0
69333.1587263048,40,2081.4,2064.2,2010.6,0,0,738622.679581698,0,0,0
69333.1987253712,40,2072.2,2062.2,2011.4,0,0,738622.679582161,0,0,0
69333.2387244376,40,2078.4,2061.2,2019.8,0,0,738622.679582624,0,0,0
69333.278723504,40,2089.4,2067.6,2017,0,0,738622.679583087,0,0,0
69333.3187225704,40,2109,2074.4,2021.8,0,0,738622.67958355,0,0,0
69333.3587216368,40,2127.6,2089.2,2026.2,0,0,738622.679584013,0,0,0
69333.3987207032,40,2158.6,2111.2,2030.4,0,0,738622.679584476,0,0,0
69333.4387197696,40,2174.2,2131.4,2047.8,0,0,738622.679584939,0,0,0
69333.478718836,40,2157.6,2150.8,2063.2,0,0,738622.679585402,0,0,0
69333.5187179024,40,2123.8,2155.8,2084,0,0,738622.679585865,0,0,0
69333.5587169688,40,2087.8,2136.4,2096.4,0,0,738622.679586328,0,0,0
69333.5987160352,40,2059.8,2123,2098,0,0,738622.679586791,0,0,0
69333.6387151016,40,2048.6,2110.4,2088.2,0,0,738622.679587254,0,0,0
69333.678714168,40,2057.4,2115.6,2094,0,0,738622.679587717,0,0,0
69333.7187132344,40,2063,2125.6,2097.4,0,0,738622.67958818,0,0,0
69333.7587123008,40,2088.8,2140,2095.2,0,0,738622.679588643,0,0,0
69333.7987113672,40,2123.4,2149.8,2081.6,0,0,738622.679589106,0,0,0
69333.8387104336,40,2165.2,2143.4,2057,0,0,738622.679589569,0,0,0
69333.8787095,40,2168.6,2121.2,2036.2,0,0,738622.679590032,0,0,0
69333.9187085664,40,2142.4,2094.4,2026.2,0,0,738622.679590495,0,0,0
69333.9587076328,40,2116.8,2078.4,2019.4,0,0,738622.679590958,0,0,0
69333.9987066992,40,2092.2,2068,2011,0,0,738622.67959142,0,0,0
69334.0387057656,40,2082.2,2062.4,2013.6,0,0,738622.679591883,0,0,0
69334.078704832,40,2083.2,2065.8,2019.2,0,0,738622.679592346,0,0,0
69334.1187038984,40,2088,2069.6,2012.4,0,0,738622.679592809,0,0,0
69334.1587029648,40,2100.2,2076.6,2014.4,0,0,738622.679593272,0,0,0
69334.1987020312,40,2122.2,2079.8,2020.8,0,0,738622.679593735,0,0,0
69334.2387010976,40,2150.4,2103.6,2026.8,0,0,738622.679594198,0,0,0
69334.278700164,40,2170.4,2123,2044.4,0,0,738622.679594661,0,0,0
69334.3186992304,40,2164,2150.2,2056.4,0,0,738622.679595124,0,0,0
69334.3586982968,40,2130.8,2151.6,2082.4,0,0,738622.679595587,0,0,0
69334.3986973632,40,2094.6,2144.8,2094.4,0,0,738622.67959605,0,0,0
69334.4386964296,40,2065.8,2123,2101,0,0,738622.679596513,0,0,0
69334.478695496,40,2057.4,2116.2,2093.6,0,0,738622.679596976,0,0,0
69334.5186945624,40,2065.2,2127.8,2100.2,0,0,738622.679597439,0,0,0
69334.5586936288,40,2084.6,2138.4,2101.2,0,0,738622.679597902,0,0,0
69334.5986926952,40,2120.8,2155.2,2087,0,0,738622.679598365,0,0,0
69334.6386917616,40,2153.4,2150.8,2070.6,0,0,738622.679598828,0,0,0
69334.678690828,40,2170.6,2133.4,2043.6,0,0,738622.679599291,0,0,0
69334.7186898944,40,2158.8,2102.6,2032.6,0,0,738622.679599754,0,0,0
69334.7586889608,40,2123,2083.8,2023.6,0,0,738622.679600217,0,0,0
69334.7986880272,40,2096,2068,2017,0,0,738622.67960068,0,0,0
69334.8386870936,40,2077.2,2062.6,2013.4,0,0,738622.679601143,0,0,0
69334.87868616,40,2080,2062.4,2015.2,0,0,738622.679601605,0,0,0
69334.9186852264,40,2082,2065.4,2011.2,0,0,738622.679602068,0,0,0
69334.9586842928,40,2093.6,2068.2,2015,0,0,738622.679602531,0,0,0
69334.9986833592,40,2107.8,2075.6,2019,0,0,738622.679602994,0,0,0
69335.0386824256,40,2128.6,2086.6,2020.2,0,0,738622.679603457,0,0,0
69335.078681492,40,2146.2,2101.4,2031.8,0,0,738622.67960392,0,0,0
69335.1186805584,40,2170.8,2121.2,2040.6,0,0,738622.679604383,0,0,0
69335.1586796248,40,2169.8,2143.2,2056.8,0,0,738622.679604846,0,0,0
69335.1986786912,40,2152.8,2148.6,2072.6,0,0,738622.679605309,0,0,0
69335.2386777576,40,2124.4,2153.6,2087,0,0,738622.679605772,0,0,0
69335.278676824,40,2101.4,2148.2,2093.8,0,0,738622.679606235,0,0,0
69335.3186758904,40,2095.8,2148.6,2101.8,0,0,738622.679606698,0,0,0
69335.3586749568,40,2108.2,2153.6,2094,0,0,738622.679607161,0,0,0
69335.3986740232,40,2128.2,2152.6,2080,0,0,738622.679607624,0,0,0
69335.4386730896,40,2155.8,2147,2063.4,0,0,738622.679608087,0,0,0
69335.478672156,40,2167.8,2126.4,2042.8,0,0,738622.67960855,0,0,0
69335.5186712224,40,2160,2101.8,2031.6,0,0,738622.679609013,0,0,0
69335.5586702888,40,2139.6,2087.8,2014.6,0,0,738622.679609476,0,0,0
69335.5986693552,40,2112,2069.8,2009.2,0,0,738622.679609939,0,0,0
69335.6386684216,40,2090.2,2056.2,2007,0,0,738622.679610402,0,0,0
69335.678667488,40,2070,2051.8,2006.4,0,0,738622.679610864,0,0,0
69335.7186665544,40,2061.8,2051.2,2001.2,0,0,738622.679611327,0,0,0
69335.7586656208,40,2054.4,2051.2,2001.6,0,0,738622.67961179,0,0,0
69335.7986646872,40,2053.6,2046.2,2003.8,0,0,738622.679612253,0,0,0
69335.8386637536,40,2065,2049.2,2000.2,0,0,738622.679612716,0,0,0
69335.87866282,40,2058.4,2048.6,1999.8,0,0,738622.679613179,0,0,0
69335.9186618864,40,2069.2,2052.2,2007.4,0,0,738622.679613642,0,0,0
69335.9586609528,40,2069.4,2053.2,2012,0,0,738622.679614105,0,0,0
69335.9986600192,40,2074.2,2056.4,2009.6,0,0,738622.679614568,0,0,0
69336.0386590856,40,2073.8,2061.6,2009.8,0,0,738622.679615031,0,0,0
69336.078658152,40,2078.6,2054.2,2008.6,0,0,738622.679615494,0,0,0
69336.1186572184,40,2085.2,2056.2,2010.4,0,0,738622.679615957,0,0,0
69336.1586562848,40,2085.8,2062.4,2007.8,0,0,738622.67961642,0,0,0
69336.1986553512,40,2082,2060.2,2010.4,0,0,738622.679616883,0,0,0
69336.2386544176,40,2089.6,2059.6,2008.6,0,0,738622.679617346,0,0,0
69336.278653484,40,2084,2057.6,2013.2,0,0,738622.679617809,0,0,0
69336.3186525504,40,2089.4,2065.4,2009,0,0,738622.679618272,0,0,0
69336.3586516168,40,2088.6,2059.6,2005.2,0,0,738622.679618735,0,0,0
69336.3986506832,40,2090.6,2061.8,2005.4,0,0,738622.679619198,0,0,0
69336.4386497496,40,2097.6,2062.4,2012.6,0,0,738622.679619661,0,0,0
69336.478648816,40,2093.6,2056.8,2011.2,0,0,738622.679620124,0,0,0
69336.5186478824,40,2100.8,2061.8,2007.8,0,0,738622.679620586,0,0,0
69336.5586469488,40,2097.4,2064,2005.8,0,0,738622.679621049,0,0,0
69336.5986460152,40,2104,2063.6,2008,0,0,738622.679621512,0,0,0
69336.6386450816,40,2104.4,2065.8,2009.4,0,0,738622.679621975,0,0,0
69336.678644148,40,2102.8,2069.6,2012.4,0,0,738622.679622438,0,0,0
69336.7186432144,40,2112.6,2073.4,2012.6,0,0,738622.679622901,0,0,0
69336.7586422808,40,2113,2075,2015.8,0,0,738622.679623364,0,0,0
69336.7986413472,40,2122.4,2079,2014.4,0,0,738622.679623827,0,0,0
69336.8386404136,40,2116.4,2077,2013.4,0,0,738622.67962429,0,0,0
69336.87863948,40,2120.8,2075.4,2017,0,0,738622.679624753,0,0,0
69336.9186385464,40,2126.6,2082.2,2012.2,0,0,738622.679625216,0,0,0
69336.9586376128,40,2124.2,2080.6,2016,0,0,738622.679625679,0,0,0
69336.9986366792,40,2126.8,2081.8,2018,0,0,738622.679626142,0,0,0
69337.0386357456,40,2127.2,2081.2,2017.6,0,0,738622.679626605,0,0,0
69337.078634812,40,2131,2083.4,2012.6,0,0,738622.679627068,0,0,0
69337.1186338784,40,2133.4,2082.8,2017.4,0,0,738622.679627531,0,0,0
69337.1586329448,40,2133.2,2082.6,2019.8,0,0,738622.679627994,0,0,0
69337.1986320112,40,2135.8,2083.8,2017.8,0,0,738622.679628457,0,0,0
69337.2386310776,40,2138.4,2085,2020.6,0,0,738622.67962892,0,0,0
69337.278630144,40,2142.8,2088,2017.8,0,0,738622.679629383,0,0,0
69337.3186292104,40,2147.2,2089.4,2025.4,0,0,738622.679629846,0,0,0
69337.3586282768,40,2143,2092.2,2025.2,0,0,738622.679630309,0,0,0
69337.3986273432,40,2150.4,2095.6,2030.8,0,0,738622.679630771,0,0,0
69337.4386264096,40,2149,2093.8,2025.6,0,0,738622.679631234,0,0,0
69337.478625476,40,2149.6,2098.6,2025,0,0,738622.679631697,0,0,0
69337.5186245424,40,2149.6,2093.8,2024.2,0,0,738622.67963216,0,0,0
69337.5586236088,40,2146.2,2089.6,2017.2,0,0,738622.679632623,0,0,0
69337.5986226752,40,2141.8,2086.6,2019,0,0,738622.679633086,0,0,0
69337.6386217416,40,2155.6,2100.8,2025.2,0,0,738622.679633549,0,0,0
69337.678620808,40,2164,2109.8,2031.8,0,0,738622.679634012,0,0,0
69337.7186198744,40,2163.6,2130,2040.8,0,0,738622.679634475,0,0,0
69337.7586189408,40,2153.6,2140,2050.8,0,0,738622.679634938,0,0,0
69337.7986180072,40,2132.2,2144.2,2062.6,0,0,738622.679635401,0,0,0
69337.8386170736,40,2105.2,2145.4,2077.4,0,0,738622.679635864,0,0,0
69337.87861614,40,2078.6,2132.6,2084,0,0,738622.679636327,0,0,0
69337.9186152064,40,2053.8,2112.4,2083,0,0,738622.67963679,0,0,0
69337.9586142728,40,2043,2102.8,2077.4,0,0,738622.679637253,0,0,0
69337.9986133392,40,2042.4,2096.4,2084.4,0,0,738622.679637716,0,0,0
69338.0386124056,40,2045,2104,2084.8,0,0,738622.679638179,0,0,0
69338.078611472,40,2055.2,2108.4,2091,0,0,738622.679638642,0,0,0
69338.1186105384,40,2065.8,2124.8,2098.2,0,0,738622.679639105,0,0,0
69338.1586096048,40,2093.6,2147,2093.2,0,0,738622.679639568,0,0,0
69338.1986086712,40,2127,2149.4,2075.6,0,0,738622.67964003,0,0,0
69338.2386077376,40,2155.8,2145,2057.8,0,0,738622.679640493,0,0,0
69338.278606804,40,2165.4,2124,2037.6,0,0,738622.679640956,0,0,0
69338.3186058704,40,2156,2104.2,2026.4,0,0,738622.679641419,0,0,0
69338.3586049368,40,2137.8,2083,2017,0,0,738622.679641882,0,0,0
69338.3986040032,40,2123,2073.8,2012.8,0,0,738622.679642345,0,0,0
69338.4386030696,40,2113.6,2073.4,2011.4,0,0,738622.679642808,0,0,0
69338.478602136,40,2111.4,2069.6,2010.8,0,0,738622.679643271,0,0,0
69338.5186012024,40,2114.8,2071.2,2008.6,0,0,738622.679643734,0,0,0
69338.5586002688,40,2124,2075,2012.8,0,0,738622.679644197,0,0,0
69338.5985993352,40,2132.2,2077.6,2011.4,0,0,738622.67964466,0,0,0
69338.6385984016,40,2137.8,2082.4,2020.4,0,0,738622.679645123,0,0,0
69338.678597468,40,2148.6,2090.2,2016.8,0,0,738622.679645586,0,0,0
69338.7185965344,40,2149.8,2101,2024.6,0,0,738622.679646049,0,0,0
69338.7585956008,40,2168.4,2115,2029.8,0,0,738622.679646512,0,0,0
69338.7985946672,40,2157.4,2128.8,2045.8,0,0,738622.679646975,0,0,0
69338.8385937336,40,2141.4,2146.2,2059.6,0,0,738622.679647438,0,0,0
69338.8785928,40,2107.6,2144.8,2077,0,0,738622.679647901,0,0,0
69338.9185918664,40,2075.6,2134.4,2092.2,0,0,738622.679648364,0,0,0
69338.9585909328,40,2052.4,2106.6,2093.8,0,0,738622.679648827,0,0,0
69338.9985899992,40,2038.6,2097.4,2073.6,0,0,738622.67964929,0,0,0
69339.0385890656,40,2031.2,2087.2,2068.2,0,0,738622.679649752,0,0,0
69339.078588132,40,2033,2087.6,2068.8,0,0,738622.679650215,0,0,0
69339.1185871984,40,2038.8,2095.4,2079.8,0,0,738622.679650678,0,0,0
69339.1585862648,40,2047.2,2107.8,2082.4,0,0,738622.679651141,0,0,0
69339.1985853312,40,2064.4,2118.6,2084.8,0,0,738622.679651604,0,0,0
69339.2385843976,40,2085.4,2134,2081.6,0,0,738622.679652067,0,0,0
69339.278583464,40,2120.2,2144.2,2069.2,0,0,738622.67965253,0,0,0
69339.3185825304,40,2151.8,2138.8,2054.4,0,0,738622.679652993,0,0,0
69339.3585815968,40,2163.6,2122.2,2039.4,0,0,738622.679653456,0,0,0
69339.3985806632,40,2157.6,2103.6,2028.4,0,0,738622.679653919,0,0,0
69339.4385797296,40,2141.6,2093.6,2023.4,0,0,738622.679654382,0,0,0
69339.478578796,40,2127.6,2082,2018,0,0,738622.679654845,0,0,0
69339.5185778624,40,2126.4,2081.2,2014,0,0,738622.679655308,0,0,0
69339.5585769288,40,2132.6,2080.2,2015.8,0,0,738622.679655771,0,0,0
69339.5985759952,40,2147.4,2092.6,2020,0,0,738622.679656234,0,0,0
69339.6385750616,40,2152.4,2093.4,2020,0,0,738622.679656697,0,0,0
69339.678574128,40,2158,2114.4,2030.4,0,0,738622.67965716,0,0,0
69339.7185731944,40,2157.2,2129,2041.8,0,0,738622.679657623,0,0,0
69339.7585722608,40,2131.4,2141.8,2065.6,0,0,738622.679658086,0,0,0
69339.7985713272,40,2099.6,2142.4,2085.4,0,0,738622.679658549,0,0,0
69339.8385703936,40,2067,2122,2091.2,0,0,738622.679659012,0,0,0
69339.87856946,40,2050.6,2113.6,2086.8,0,0,738622.679659475,0,0,0
69339.9185685264,40,2045.2,2102.6,2090,0,0,738622.679659937,0,0,0
69339.9585675928,40,2050.2,2109.8,2089,0,0,738622.6796604,0,0,0
69339.9985666592,40,2065.6,2124.6,2094.8,0,0,738622.679660863,0,0,0
69340.0385657256,40,2088.6,2140.2,2096.4,0,0,738622.679661326,0,0,0
69340.078564792,40,2112.2,2153.4,2079.8,0,0,738622.679661789,0,0,0
69340.1185638584,40,2149,2148,2060.4,0,0,738622.679662252,0,0,0
69340.1585629248,40,2168.8,2122.8,2045.4,0,0,738622.679662715,0,0,0
69340.1985619912,40,2157.8,2101.8,2026.2,0,0,738622.679663178,0,0,0
69340.2385610576,40,2129.8,2085.8,2018.4,0,0,738622.679663641,0,0,0
69340.278560124,40,2107.4,2069.2,2010.6,0,0,738622.679664104,0,0,0
69340.3185591904,40,2091,2062.8,2007.6,0,0,738622.679664567,0,0,0
69340.3585582568,40,2080.8,2057.4,2008.4,0,0,738622.67966503,0,0,0
69340.3985573232,40,2079.8,2054.6,2005.6,0,0,738622.679665493,0,0,0
69340.4385563896,40,2084,2061.8,2004.8,0,0,738622.679665956,0,0,0
69340.478555456,40,2095.8,2060,1998.4,0,0,738622.679666419,0,0,0
69340.5185545224,40,2119,2073.2,2012.4,0,0,738622.679666882,0,0,0
69340.5585535888,40,2148.2,2091.2,2022,0,0,738622.679667345,0,0,0
69340.5985526552,40,2166.2,2116,2031.4,0,0,738622.679667808,0,0,0
69340.6385517216,40,2164.8,2142.6,2057.2,0,0,738622.679668271,0,0,0
69340.678550788,40,2137.6,2152.6,2076.4,0,0,738622.679668734,0,0,0
69340.7185498544,40,2100.6,2139.2,2089,0,0,738622.679669196,0,0,0
69340.7585489208,40,2069,2126.4,2092,0,0,738622.679669659,0,0,0
69340.7985479872,40,2048.8,2105,2088.4,0,0,738622.679670122,0,0,0
69340.8385470536,40,2044.2,2098.8,2080.8,0,0,738622.679670585,0,0,0
69340.87854612,40,2044.4,2100.6,2088.6,0,0,738622.679671048,0,0,0
69340.9185451864,40,2049.4,2107.6,2086.4,0,0,738622.679671511,0,0,0
69340.9585442528,40,2068.8,2127.4,2085,0,0,738622.679671974,0,0,0
69340.9985433192,40,2104,2143.8,2077.4,0,0,738622.679672437,0,0,0
69341.0385423856,40,2142,2140.4,2059.6,0,0,738622.6796729,0,0,0
69341.078541452,40,2167,2128.2,2039.8,0,0,738622.679673363,0,0,0
69341.1185405184,40,2158,2101.6,2024.8,0,0,738622.679673826,0,0,0
69341.1585395848,40,2131.2,2080,2016.8,0,0,738622.679674289,0,0,0
69341.1985386512,40,2101.2,2066.2,2008.8,0,0,738622.679674752,0,0,0
69341.2385377176,40,2082,2057.6,2006.8,0,0,738622.679675215,0,0,0
69341.278536784,40,2071,2054.6,2003.8,0,0,738622.679675678,0,0,0
69341.3185358504,40,2069.4,2052.8,2001,0,0,738622.679676141,0,0,0
69341.3585349168,40,2081.8,2049,2001.4,0,0,738622.679676604,0,0,0
69341.3985339832,40,2111.8,2061,2005.8,0,0,738622.679677067,0,0,0
69341.4385330496,40,2147.8,2087.4,2015.6,0,0,738622.67967753,0,0,0
69341.478532116,40,2167,2115.6,2032.6,0,0,738622.679677993,0,0,0
69341.5185311824,40,2148.8,2137,2054.2,0,0,738622.679678455,0,0,0
69341.5585302488,40,2105.2,2141.6,2073.2,0,0,738622.679678918,0,0,0
69341.5985293152,40,2062.8,2121.8,2079.8,0,0,738622.679679381,0,0,0
69341.6385283816,40,2042,2096.4,2073.4,0,0,738622.679679844,0,0,0
69341.678527448,40,2027.6,2078.2,2058.2,0,0,738622.679680307,0,0,0
69341.7185265144,40,2025.6,2074.4,2050.4,0,0,738622.67968077,0,0,0
69341.7585255808,40,2024.4,2076,2062,0,0,738622.679681233,0,0,0
69341.7985246472,40,2035.2,2088,2069.4,0,0,738622.679681696,0,0,0
69341.8385237136,40,2053.6,2107.6,2080.8,0,0,738622.679682159,0,0,0
69341.87852278,40,2082.8,2129.2,2077.6,0,0,738622.679682622,0,0,0
69341.9185218464,40,2134,2143.4,2059.4,0,0,738622.679683085,0,0,0
69341.9585209128,40,2158.8,2115.6,2033.4,0,0,738622.679683548,0,0,0
69341.9985199792,40,2141.4,2087.8,2018.4,0,0,738622.679684011,0,0,0
69342.0385190456,40,2106.4,2060.4,2002.6,0,0,738622.679684474,0,0,0
69342.078518112,40,2065.8,2049.2,2005.4,0,0,738622.679684937,0,0,0
69342.1185171784,40,2051.8,2042.2,1996,0,0,738622.6796854,0,0,0
69342.1585162448,40,2054.4,2048.8,1999.6,0,0,738622.679685863,0,0,0
69342.1985153112,40,2061.4,2047.8,1998.8,0,0,738622.679686326,0,0,0
69342.2385143776,40,2083.6,2061,2005.4,0,0,738622.679686789,0,0,0
69342.278513444,40,2112.8,2070.4,2010,0,0,738622.679687252,0,0,0
69342.3185125104,40,2145,2090.4,2018.6,0,0,738622.679687715,0,0,0
69342.3585115768,40,2160.4,2112.6,2038.6,0,0,738622.679688178,0,0,0
69342.3985106432,40,2150.8,2142.8,2053,0,0,738622.67968864,0,0,0
69342.4385097096,40,2106.2,2141,2073,0,0,738622.679689103,0,0,0
69342.478508776,40,2063.4,2121.6,2084,0,0,738622.679689566,0,0,0
69342.5185078424,40,2042.2,2095,2076.4,0,0,738622.679690029,0,0,0
69342.5585069088,40,2022.6,2081,2056.8,0,0,738622.679690492,0,0,0
69342.5985059752,40,2021.2,2071,2049.4,0,0,738622.679690955,0,0,0
69342.6385050416,40,2021.4,2072.4,2054,0,0,738622.679691418,0,0,0
69342.678504108,40,2025.2,2077.4,2062.6,0,0,738622.679691881,0,0,0
69342.7185031744,40,2038.6,2097,2075.8,0,0,738622.679692344,0,0,0
69342.7585022408,40,2068.2,2120.4,2087,0,0,738622.679692807,0,0,0
69342.7985013072,40,2118,2148.4,2073.6,0,0,738622.67969327,0,0,0
69342.8385003736,40,2160.2,2142.4,2051.4,0,0,738622.679693733,0,0,0
69342.87849944,40,2167.2,2113.4,2036.4,0,0,738622.679694196,0,0,0
69342.9184985064,40,2133,2081.6,2020,0,0,738622.679694659,0,0,0
69342.9584975728,40,2097.4,2063.2,2012.4,0,0,738622.679695122,0,0,0
69342.9984966392,40,2070.4,2054.4,2003.2,0,0,738622.679695585,0,0,0
69343.0384957056,40,2057.8,2046.4,1998.6,0,0,738622.679696048,0,0,0
69343.078494772,40,2055,2043.8,2005.6,0,0,738622.679696511,0,0,0
69343.1184938384,40,2066.4,2046.2,2000.2,0,0,738622.679696974,0,0,0
69343.1584929048,40,2086.4,2057.6,2005.6,0,0,738622.679697437,0,0,0
69343.1984919712,40,2124,2074,2013.6,0,0,738622.679697899,0,0,0
69343.2384910376,40,2149,2095.4,2018.4,0,0,738622.679698362,0,0,0
69343.278490104,40,2155.2,2119.2,2035.6,0,0,738622.679698825,0,0,0
69343.3184891704,40,2138.6,2143.4,2053.8,0,0,738622.679699288,0,0,0
69343.3584882368,40,2091.6,2134.2,2071.6,0,0,738622.679699751,0,0,0
69343.3984873032,40,2058.2,2112.2,2083.4,0,0,738622.679700214,0,0,0
69343.4384863696,40,2035.2,2087.6,2072.6,0,0,738622.679700677,0,0,0
69343.478485436,40,2024,2076.2,2052.2,0,0,738622.67970114,0,0,0
69343.5184845024,40,2028.2,2074,2046.8,0,0,738622.679701603,0,0,0
69343.5584835688,40,2024.2,2072.6,2052,0,0,738622.679702066,0,0,0
69343.5984826352,40,2029.6,2083.6,2063.4,0,0,738622.679702529,0,0,0
69343.6384817016,40,2043,2096.2,2082,0,0,738622.679702992,0,0,0
69343.678480768,40,2073.6,2125,2079.8,0,0,738622.679703455,0,0,0
69343.7184798344,40,2119.8,2145.6,2066,0,0,738622.679703918,0,0,0
69343.7584789008,40,2155.4,2133.4,2044.6,0,0,738622.679704381,0,0,0
69343.7984779672,40,2161.8,2106.6,2026.6,0,0,738622.679704844,0,0,0
69343.8384770336,40,2130.8,2084.8,2014.4,0,0,738622.679705307,0,0,0
69343.8784761,40,2102.8,2063.6,2008.6,0,0,738622.67970577,0,0,0
69343.9184751664,40,2078.8,2051.2,2006.4,0,0,738622.679706233,0,0,0
69343.9584742328,40,2064.4,2042.6,2001,0,0,738622.679706696,0,0,0
69343.9984732992,40,2066.6,2051.4,1997.4,0,0,738622.679707159,0,0,0
69344.0384723656,40,2078.6,2052.2,2003.2,0,0,738622.679707621,0,0,0
69344.078471432,40,2104.2,2060.8,2006.4,0,0,738622.679708084,0,0,0
69344.1184704984,40,2134.8,2085.8,2010.8,0,0,738622.679708547,0,0,0
69344.1584695648,40,2159.8,2105,2022.6,0,0,738622.67970901,0,0,0
69344.1984686312,40,2162.2,2125.4,2041.4,0,0,738622.679709473,0,0,0
69344.2384676976,40,2130.4,2140,2062.4,0,0,738622.679709936,0,0,0
69344.278466764,40,2085.6,2136.4,2078.8,0,0,738622.679710399,0,0,0
69344.3184658304,40,2055.8,2111.4,2082.2,0,0,738622.679710862,0,0,0
69344.3584648968,40,2040.4,2089.8,2069.6,0,0,738622.679711325,0,0,0
69344.3984639632,40,2023.8,2075.4,2059,0,0,738622.679711788,0,0,0
69344.4384630296,40,2021,2076.8,2053,0,0,738622.679712251,0,0,0
69344.478462096,40,2024,2072.8,2052.8,0,0,738622.679712714,0,0,0
69344.5184611624,40,2031.6,2078.8,2059.2,0,0,738622.679713177,0,0,0
69344.5584602288,40,2038.4,2097.2,2077.4,0,0,738622.67971364,0,0,0
69344.5984592952,40,2059.4,2118.6,2088,0,0,738622.679714103,0,0,0
69344.6384583616,40,2099.8,2146.4,2087,0,0,738622.679714566,0,0,0
69344.678457428,40,2147.2,2145.6,2058.4,0,0,738622.679715029,0,0,0
69344.7184564944,40,2162.8,2117.6,2032.2,0,0,738622.679715492,0,0,0
69344.7584555608,40,2144.2,2089.4,2019,0,0,738622.679715955,0,0,0
69344.7984546272,40,2106.6,2064.2,2004.8,0,0,738622.679716418,0,0,0
69344.8384536936,40,2075,2053.8,2000.6,0,0,738622.679716881,0,0,0
69344.87845276,40,2060.4,2048.2,1997.2,0,0,738622.679717344,0,0,0
69344.9184518264,40,2058.4,2048,1997,0,0,738622.679717806,0,0,0
69344.9584508928,40,2078,2052.8,2002.2,0,0,738622.679718269,0,0,0
69344.9984499592,40,2098.6,2064.6,2005.4,0,0,738622.679718732,0,0,0
69345.0384490256,40,2124.4,2078.6,2013.4,0,0,738622.679719195,0,0,0
69345.078448092,40,2149.8,2094.4,2019.4,0,0,738622.679719658,0,0,0
69345.1184471584,40,2163.4,2108.2,2031.8,0,0,738622.679720121,0,0,0
69345.1584462248,40,2146.6,2139.6,2048,0,0,738622.679720584,0,0,0
69345.1984452912,40,2106.8,2138,2071,0,0,738622.679721047,0,0,0
69345.2384443576,40,2073.4,2128,2084,0,0,738622.67972151,0,0,0
69345.278443424,40,2042.4,2100.6,2078.2,0,0,738622.679721973,0,0,0
69345.3184424904,40,2032.6,2081.2,2061.6,0,0,738622.679722436,0,0,0
69345.3584415568,40,2018.8,2069.8,2054.4,0,0,738622.679722899,0,0,0
69345.3984406232,40,2018.4,2065.4,2046,0,0,738622.679723362,0,0,0
69345.4384396896,40,2023.4,2071.6,2052,0,0,738622.679723825,0,0,0
69345.478438756,40,2030.4,2080.8,2063.2,0,0,738622.679724288,0,0,0
69345.5184378224,40,2044.2,2098.4,2080,0,0,738622.679724751,0,0,0
69345.5584368888,40,2065.8,2123.8,2086.2,0,0,738622.679725214,0,0,0
69345.5984359552,40,2109.4,2144.6,2073.8,0,0,738622.679725677,0,0,0
69345.6384350216,40,2152.6,2138.6,2047,0,0,738622.67972614,0,0,0
69345.678434088,40,2160.8,2110.6,2031.6,0,0,738622.679726603,0,0,0
69345.7184331544,40,2133.4,2077.8,2014,0,0,738622.679727065,0,0,0
69345.7584322208,40,2097.4,2059.8,2006.6,0,0,738622.679727528,0,0,0
69345.7984312872,40,2078,2054.2,1999.6,0,0,738622.679727991,0,0,0
69345.8384303536,40,2058.6,2045.6,1998.8,0,0,738622.679728454,0,0,0
69345.87842942,40,2061,2048,1997,0,0,738622.679728917,0,0,0
69345.9184284864,40,2086.4,2057.4,2001.6,0,0,738622.67972938,0,0,0
69345.9584275528,40,2113.8,2071.6,2010.2,0,0,738622.679729843,0,0,0
69345.9984266192,40,2140.8,2087.8,2018.2,0,0,738622.679730306,0,0,0
69346.0384256856,40,2158,2105,2029.8,0,0,738622.679730769,0,0,0
69346.078424752,40,2163.4,2130.4,2037.6,0,0,738622.679731232,0,0,0
69346.1184238184,40,2137.4,2139.4,2057.2,0,0,738622.679731695,0,0,0
69346.1584228848,40,2100,2138.6,2076.8,0,0,738622.679732158,0,0,0
69346.1984219512,40,2067.6,2123,2082.6,0,0,738622.679732621,0,0,0
69346.2384210176,40,2038.6,2095.6,2077.8,0,0,738622.679733084,0,0,0
69346.278420084,40,2032.8,2081.8,2064.2,0,0,738622.679733547,0,0,0
69346.3184191504,40,2023.6,2075,2052.2,0,0,738622.67973401,0,0,0
69346.3584182168,40,2021,2072.8,2052.8,0,0,738622.679734473,0,0,0
69346.3984172832,40,2023.4,2074,2048.8,0,0,738622.679734936,0,0,0
69346.4384163496,40,2029.6,2082.6,2067.8,0,0,738622.679735399,0,0,0
69346.478415416,40,2045,2100.2,2081.2,0,0,738622.679735862,0,0,0
69346.5184144824,40,2079.4,2128.8,2081,0,0,738622.679736325,0,0,0
69346.5584135488,40,2119.4,2145.2,2066.8,0,0,738622.679736787,0,0,0
69346.5984126152,40,2158.8,2128.8,2045.4,0,0,738622.67973725,0,0,0
69346.6384116816,40,2154,2096.4,2025,0,0,738622.679737713,0,0,0
69346.678410748,40,2122,2078.6,2010.4,0,0,738622.679738176,0,0,0
69346.7184098144,40,2090.6,2061.8,2005.2,0,0,738622.679738639,0,0,0
69346.7584088808,40,2067.8,2051,2003.2,0,0,738622.679739102,0,0,0
69346.7984079472,40,2058.4,2050.6,1998.2,0,0,738622.679739565,0,0,0
69346.8384070136,40,2064.2,2048,2002.6,0,0,738622.679740028,0,0,0
69346.87840608,40,2084,2056.8,2005.8,0,0,738622.679740491,0,0,0
69346.9184051464,40,2104.2,2066.6,2008.8,0,0,738622.679740954,0,0,0
69346.9584042128,40,2136,2084.8,2016.2,0,0,738622.679741417,0,0,0
69346.9984032792,40,2160.6,2101.8,2023.6,0,0,738622.67974188,0,0,0
69347.0384023456,40,2167.8,2127.8,2039,0,0,738622.679742343,0,0,0
69347.078401412,40,2138.2,2140.8,2054.8,0,0,738622.679742806,0,0,0
69347.1184004784,40,2100.6,2138.2,2070.6,0,0,738622.679743269,0,0,0
69347.1583995448,40,2065.4,2120,2079.8,0,0,738622.679743732,0,0,0
69347.1983986112,40,2044.4,2101.4,2079,0,0,738622.679744195,0,0,0
69347.2383976776,40,2033.4,2083.4,2061.6,0,0,738622.679744658,0,0,0
69347.278396744,40,2020.4,2074.2,2057,0,0,738622.679745121,0,0,0
69347.3183958104,40,2026,2074.8,2052.6,0,0,738622.679745584,0,0,0
69347.3583948768,40,2026,2078.2,2063.4,0,0,738622.679746047,0,0,0
69347.3983939432,40,2037,2090.2,2070.8,0,0,738622.67974651,0,0,0
69347.4383930096,40,2051.6,2115.8,2085.8,0,0,738622.679746972,0,0,0
69347.478392076,40,2086.4,2135.8,2081.8,0,0,738622.679747435,0,0,0
69347.5183911424,40,2129.2,2147.4,2066,0,0,738622.679747898,0,0,0
69347.5583902088,40,2163.4,2129.4,2040.2,0,0,738622.679748361,0,0,0
69347.5983892752,40,2151,2096.8,2022.2,0,0,738622.679748824,0,0,0
69347.6383883416,40,2119.2,2075.2,2011.2,0,0,738622.679749287,0,0,0
69347.678387408,40,2085.8,2059.6,2005.4,0,0,738622.67974975,0,0,0
69347.7183864744,40,2064.4,2047.8,1998,0,0,738622.679750213,0,0,0
69347.7583855408,40,2054.4,2047.6,2001.2,0,0,738622.679750676,0,0,0
69347.7983846072,40,2060.6,2044.8,2001.6,0,0,738622.679751139,0,0,0
69347.8383836736,40,2071.4,2054.6,2002.8,0,0,738622.679751602,0,0,0
69347.87838274,40,2093.8,2063.6,2005.4,0,0,738622.679752065,0,0,0
69347.9183818064,40,2119,2075.8,2008.2,0,0,738622.679752528,0,0,0
69347.9583808728,40,2140.2,2086.2,2018,0,0,738622.679752991,0,0,0
69347.9983799392,40,2164.2,2110.4,2025,0,0,738622.679753454,0,0,0
69348.0383790056,40,2156.8,2130.4,2040.4,0,0,738622.679753917,0,0,0
69348.078378072,40,2124.8,2144.4,2065.4,0,0,738622.67975438,0,0,0
69348.1183771384,40,2086,2135.2,2083,0,0,738622.679754843,0,0,0
69348.1583762048,40,2049.8,2112,2087,0,0,738622.679755306,0,0,0
69348.1983752712,40,2038.6,2090.4,2073.8,0,0,738622.679755769,0,0,0
69348.2383743376,40,2027.8,2077.2,2058.6,0,0,738622.679756231,0,0,0
69348.278373404,40,2026.4,2075.4,2056.8,0,0,738622.679756694,0,0,0
69348.3183724704,40,2028.2,2083.8,2061.8,0,0,738622.679757157,0,0,0
69348.3583715368,40,2040,2095.8,2074.2,0,0,738622.67975762,0,0,0
69348.3983706032,40,2059.2,2113,2082.2,0,0,738622.679758083,0,0,0
69348.4383696696,40,2105,2142.6,2069.4,0,0,738622.679758546,0,0,0
69348.478368736,40,2143.4,2141,2051.8,0,0,738622.679759009,0,0,0
69348.5183678024,40,2164.8,2118.8,2032.2,0,0,738622.679759472,0,0,0
69348.5583668688,40,2147.6,2095.6,2018.4,0,0,738622.679759935,0,0,0
69348.5983659352,40,2115.2,2070,2011.4,0,0,738622.679760398,0,0,0
69348.6383650016,40,2088.8,2061.6,2004.6,0,0,738622.679760861,0,0,0
69348.678364068,40,2068,2052,2003,0,0,738622.679761324,0,0,0
69348.7183631344,40,2057.2,2047.6,1994.4,0,0,738622.679761787,0,0,0
69348.7583622008,40,2052.8,2042,1997,0,0,738622.67976225,0,0,0
69348.7983612672,40,2070.4,2052.8,1998.8,0,0,738622.679762713,0,0,0
69348.8383603336,40,2092.2,2058,2006.8,0,0,738622.679763176,0,0,0
69348.8783594,40,2117,2069.4,2007.6,0,0,738622.679763639,0,0,0
69348.9183584664,40,2142.4,2080.8,2016.8,0,0,738622.679764102,0,0,0
69348.9583575328,40,2158.6,2104.2,2019.6,0,0,738622.679764565,0,0,0
69348.9983565992,40,2159,2129,2038,0,0,738622.679765028,0,0,0
69349.0383556656,40,2129.2,2143.6,2064,0,0,738622.67976549,0,0,0
69349.078354732,40,2095.4,2143.4,2078.4,0,0,738622.679765953,0,0,0
69349.1183537984,40,2059.4,2116.2,2083.2,0,0,738622.679766416,0,0,0
69349.1583528648,40,2043.6,2093,2076.6,0,0,738622.679766879,0,0,0
69349.1983519312,40,2031,2086.6,2065.8,0,0,738622.679767342,0,0,0
69349.2383509976,40,2030.6,2084.4,2069.4,0,0,738622.679767805,0,0,0
69349.278350064,40,2034.4,2091.2,2072.6,0,0,738622.679768268,0,0,0
69349.3183491304,40,2045.8,2100.2,2082.8,0,0,738622.679768731,0,0,0
69349.3583481968,40,2064.6,2118,2087.2,0,0,738622.679769194,0,0,0
69349.3983472632,40,2101.2,2140.8,2077.2,0,0,738622.679769657,0,0,0
69349.4383463296,40,2142,2138.2,2052.8,0,0,738622.67977012,0,0,0
69349.478345396,40,2161.4,2121.2,2034.8,0,0,738622.679770583,0,0,0
69349.5183444624,40,2146,2088.8,2016.2,0,0,738622.679771046,0,0,0
69349.5583435288,40,2115.8,2073.8,2010.2,0,0,738622.679771509,0,0,0
69349.5983425952,40,2084.8,2057.2,2002,0,0,738622.679771972,0,0,0
69349.6383416616,40,2060.6,2050.6,2001.2,0,0,738622.679772435,0,0,0
69349.678340728,40,2053.2,2041.8,2003.8,0,0,738622.679772898,0,0,0
69349.7183397944,40,2048.6,2042,1999.4,0,0,738622.679773361,0,0,0
69349.7583388608,40,2063.6,2049.6,2001.6,0,0,738622.679773824,0,0,0
69349.7983379272,40,2082.6,2056,2006,0,0,738622.679774287,0,0,0
69349.8383369936,40,2109.4,2073.6,2010.8,0,0,738622.67977475,0,0,0
69349.87833606,40,2132,2081.6,2014.4,0,0,738622.679775213,0,0,0
69349.9183351264,40,2155.4,2095.6,2019.2,0,0,738622.679775675,0,0,0
69349.9583341928,40,2157.2,2123.2,2038.8,0,0,738622.679776138,0,0,0
69349.9983332592,40,2138.2,2139.2,2052.8,0,0,738622.679776601,0,0,0
69350.0383323256,40,2103.6,2136.6,2074.8,0,0,738622.679777064,0,0,0
69350.078331392,40,2063.2,2119.8,2081.6,0,0,738622.679777527,0,0,0
69350.1183304584,40,2042.6,2099.6,2078.8,0,0,738622.67977799,0,0,0
69350.1583295248,40,2030.6,2079.8,2068.8,0,0,738622.679778453,0,0,0
69350.1983285912,40,2023.6,2076.6,2058.6,0,0,738622.679778916,0,0,0
69350.2383276576,40,2027.6,2079.2,2063.6,0,0,738622.679779379,0,0,0
69350.278326724,40,2037.4,2096,2075.8,0,0,738622.679779842,0,0,0
69350.3183257904,40,2049.6,2106.6,2085,0,0,738622.679780305,0,0,0
69350.3583248568,40,2082,2133.8,2083.4,0,0,738622.679780768,0,0,0
69350.3983239232,40,2125,2147.8,2062.2,0,0,738622.679781231,0,0,0
69350.4383229896,40,2159.6,2128.6,2038,0,0,738622.679781694,0,0,0
69350.478322056,40,2150.4,2097.4,2018.4,0,0,738622.679782157,0,0,0
69350.5183211224,40,2122,2075.8,2007,0,0,738622.67978262,0,0,0
69350.5583201888,40,2094.6,2057.8,2006.6,0,0,738622.679783083,0,0,0
69350.5983192552,40,2071.8,2053.6,2001.8,0,0,738622.679783546,0,0,0
69350.6383183216,40,2062.4,2046.2,2002,0,0,738622.679784009,0,0,0
69350.678317388,40,2059.6,2046.8,2000.4,0,0,738622.679784472,0,0,0
69350.7183164544,40,2073,2054.6,1998,0,0,738622.679784935,0,0,0
69350.7583155208,40,2086.8,2054.6,2002,0,0,738622.679785397,0,0,0
69350.7983145872,40,2107.6,2065.6,2012.4,0,0,738622.67978586,0,0,0
69350.8383136536,40,2130.6,2081.8,2011.8,0,0,738622.679786323,0,0,0
69350.87831272,40,2149.6,2097.8,2023,0,0,738622.679786786,0,0,0
69350.9183117864,40,2161.2,2120.8,2034.4,0,0,738622.679787249,0,0,0
69350.9583108528,40,2145.4,2134.4,2049.6,0,0,738622.679787712,0,0,0
69350.9983099192,40,2107,2141.6,2069,0,0,738622.679788175,0,0,0
69351.0383089856,40,2077.2,2124,2080.2,0,0,738622.679788638,0,0,0
69351.078308052,40,2047.4,2106.4,2078.6,0,0,738622.679789101,0,0,0
69351.1183071184,40,2033.6,2084,2069.8,0,0,738622.679789564,0,0,0
69351.1583061848,40,2030.4,2077.4,2053.6,0,0,738622.679790027,0,0,0
69351.1983052512,40,2025.8,2067,2051,0,0,738622.67979049,0,0,0
69351.2383043176,40,2027.6,2077.4,2052,0,0,738622.679790953,0,0,0
69351.278303384,40,2034.6,2081.2,2062.6,0,0,738622.679791416,0,0,0
69351.3183024504,40,2042.2,2098,2079.8,0,0,738622.679791879,0,0,0
69351.3583015168,40,2061,2121.4,2086.8,0,0,738622.679792342,0,0,0
69351.3983005832,40,2105,2141.8,2075.4,0,0,738622.679792805,0,0,0
69351.4382996496,40,2147.2,2142.4,2053.2,0,0,738622.679793268,0,0,0
69351.478298716,40,2161.4,2116,2031.4,0,0,738622.679793731,0,0,0
69351.5182977824,40,2142.4,2088,2015.8,0,0,738622.679794194,0,0,0
69351.5582968488,40,2105.4,2067.4,2011.6,0,0,738622.679794656,0,0,0
69351.5982959152,40,2078.2,2049.4,2001.4,0,0,738622.679795119,0,0,0
69351.6382949816,40,2065,2047.4,1998,0,0,738622.679795582,0,0,0
69351.678294048,40,2061.2,2047.2,2002,0,0,738622.679796045,0,0,0
69351.7182931144,40,2068.4,2049.6,1999.8,0,0,738622.679796508,0,0,0
69351.7582921808,40,2087.8,2057.6,2004.4,0,0,738622.679796971,0,0,0
69351.7982912472,40,2104.8,2065.8,2007,0,0,738622.679797434,0,0,0
69351.8382903136,40,2136.2,2079.6,2011.2,0,0,738622.679797897,0,0,0
69351.87828938,40,2149.6,2094.8,2021.4,0,0,738622.67979836,0,0,0
69351.9182884464,40,2159.4,2118.8,2034.8,0,0,738622.679798823,0,0,0
69351.9582875128,40,2148.8,2133,2051.8,0,0,738622.679799286,0,0,0
69351.9982865792,40,2115,2140.6,2067,0,0,738622.679799749,0,0,0
69352.0382856456,40,2075,2127.4,2080.4,0,0,738622.679800212,0,0,0
69352.078284712,40,2048.8,2105.6,2079.6,0,0,738622.679800675,0,0,0
69352.1182837784,40,2039.2,2088.8,2072.6,0,0,738622.679801138,0,0,0
69352.1582828448,40,2025,2082.6,2061.2,0,0,738622.679801601,0,0,0
69352.1982819112,40,2024,2077.2,2063.2,0,0,738622.679802064,0,0,0
69352.2382809776,40,2028.2,2078,2063.4,0,0,738622.679802527,0,0,0
69352.278280044,40,2035.2,2086,2075.8,0,0,738622.67980299,0,0,0
69352.3182791104,40,2049,2107.2,2083.2,0,0,738622.679803453,0,0,0
69352.3582781768,40,2070.2,2122.4,2086.6,0,0,738622.679803916,0,0,0
69352.3982772432,40,2108.4,2142.8,2073.2,0,0,738622.679804379,0,0,0
69352.4382763096,40,2150,2137.2,2050.4,0,0,738622.679804841,0,0,0
69352.478275376,40,2158.6,2114.6,2032.6,0,0,738622.679805304,0,0,0
69352.5182744424,40,2147.6,2089.6,2016.2,0,0,738622.679805767,0,0,0
69352.5582735088,40,2123,2072.6,2007.2,0,0,738622.67980623,0,0,0
69352.5982725752,40,2091.4,2060,2009.8,0,0,738622.679806693,0,0,0
69352.6382716416,40,2084,2057.4,2002.4,0,0,738622.679807156,0,0,0
69352.678270708,40,2086.4,2060,2001.4,0,0,738622.679807619,0,0,0
69352.7182697744,40,2096.4,2062.6,2006.6,0,0,738622.679808082,0,0,0
69352.7582688408,40,2111.8,2064.4,2012.4,0,0,738622.679808545,0,0,0
69352.7982679072,40,2132.4,2079.2,2010.4,0,0,738622.679809008,0,0,0
69352.8382669736,40,2156.4,2099.6,2022.4,0,0,738622.679809471,0,0,0
69352.87826604,40,2162.2,2116.4,2033.8,0,0,738622.679809934,0,0,0
69352.9182651064,40,2151.8,2138.4,2048.8,0,0,738622.679810397,0,0,0
69352.9582641728,40,2118.6,2141.6,2064,0,0,738622.67981086,0,0,0
69352.9982632392,40,2090,2134.6,2079.8,0,0,738622.679811323,0,0,0
69353.0382623056,40,2057.2,2116.8,2086.4,0,0,738622.679811786,0,0,0
69353.078261372,40,2042,2098,2076,0,0,738622.679812249,0,0,0
69353.1182604384,40,2029,2084.8,2064.4,0,0,738622.679812712,0,0,0
69353.1582595048,40,2021.6,2078,2057.8,0,0,738622.679813175,0,0,0
69353.1982585712,40,2023.4,2075.8,2062.8,0,0,738622.679813638,0,0,0
69353.2382576376,40,2030,2085.6,2069.6,0,0,738622.6798141,0,0,0
69353.278256704,40,2045.4,2099.2,2083,0,0,738622.679814563,0,0,0
69353.3182557704,40,2069,2130.8,2093.4,0,0,738622.679815026,0,0,0
69353.3582548368,40,2113.8,2148,2085.8,0,0,738622.679815489,0,0,0
69353.3982539032,40,2151.4,2149.8,2060.2,0,0,738622.679815952,0,0,0
69353.4382529696,40,2169.4,2132.2,2046.6,0,0,738622.679816415,0,0,0
69353.478252036,40,2157.6,2109,2033.2,0,0,738622.679816878,0,0,0
69353.5182511024,40,2129.4,2083.4,2015.4,0,0,738622.679817341,0,0,0
69353.5582501688,40,2101.6,2072.2,2013.2,0,0,738622.679817804,0,0,0
69353.5982492352,40,2085.8,2061.2,2001,0,0,738622.679818267,0,0,0
69353.6382483016,40,2077.4,2056.4,2006.2,0,0,738622.67981873,0,0,0
69353.678247368,40,2073.2,2049.8,1999.8,0,0,738622.679819193,0,0,0
69353.7182464344,40,2080.6,2052.2,2003.2,0,0,738622.679819656,0,0,0
69353.7582455008,40,2097.6,2060.4,2007.4,0,0,738622.679820119,0,0,0
69353.7982445672,40,2123.2,2078.4,2013,0,0,738622.679820582,0,0,0
69353.8382436336,40,2146.4,2090.2,2017.4,0,0,738622.679821045,0,0,0
69353.8782427,40,2163.8,2110.8,2029.4,0,0,738622.679821508,0,0,0
69353.9182417664,40,2159.4,2129.8,2044.2,0,0,738622.679821971,0,0,0
69353.9582408328,40,2133.2,2141.2,2055.2,0,0,738622.679822434,0,0,0
69353.9982398992,40,2098.2,2141.6,2075,0,0,738622.679822897,0,0,0
69354.0382389656,40,2062.8,2112.2,2078.2,0,0,738622.67982336,0,0,0
69354.078238032,40,2040.2,2096.2,2078.2,0,0,738622.679823822,0,0,0
69354.1182370984,40,2028.2,2082.6,2063.4,0,0,738622.679824285,0,0,0
69354.1582361648,40,2024.4,2075.2,2054,0,0,738622.679824748,0,0,0
69354.1982352312,40,2022.2,2073.4,2057.8,0,0,738622.679825211,0,0,0
69354.2382342976,40,2029.8,2084.4,2070.4,0,0,738622.679825674,0,0,0
69354.278233364,40,2046.6,2105.4,2077.8,0,0,738622.679826137,0,0,0
69354.3182324304,40,2070.4,2130.4,2089.6,0,0,738622.6798266,0,0,0
69354.3582314968,40,2116.8,2146.8,2077.6,0,0,738622.679827063,0,0,0
69354.3982305632,40,2153.4,2142.2,2054.8,0,0,738622.679827526,0,0,0
69354.4382296296,40,2167,2119.2,2037.2,0,0,738622.679827989,0,0,0
69354.478228696,40,2143.6,2092.8,2021.2,0,0,738622.679828452,0,0,0
69354.5182277624,40,2114,2072,2015,0,0,738622.679828915,0,0,0
69354.5582268288,40,2089.4,2060,2005.6,0,0,738622.679829378,0,0,0
69354.5982258952,40,2064.2,2050.8,2001,0,0,738622.679829841,0,0,0
69354.6382249616,40,2052.8,2041.8,2000.2,0,0,738622.679830304,0,0,0
69354.678224028,40,2065.2,2045.8,1997,0,0,738622.679830767,0,0,0
69354.7182230944,40,2078.4,2055.4,2002.8,0,0,738622.67983123,0,0,0
69354.7582221608,40,2096.6,2058.2,2004.8,0,0,738622.679831693,0,0,0
69354.7982212272,40,2116.2,2068.6,2005.6,0,0,738622.679832156,0,0,0
69354.8382202936,40,2133.4,2077.4,2016.2,0,0,738622.679832619,0,0,0
69354.87821936,40,2155.4,2100.4,2026.4,0,0,738622.679833082,0,0,0
69354.9182184264,40,2156.6,2125.2,2038,0,0,738622.679833545,0,0,0
69354.9582174928,40,2138.2,2137.8,2060,0,0,738622.679834007,0,0,0
69354.9982165592,40,2106.2,2140.6,2075.8,0,0,738622.67983447,0,0,0
69355.0382156256,40,2068,2122.4,2082.2,0,0,738622.679834933,0,0,0
69355.078214692,40,2043.8,2103.2,2084.2,0,0,738622.679835396,0,0,0
69355.1182137584,40,2030,2089.4,2067.6,0,0,738622.679835859,0,0,0
69355.1582128248,40,2028.6,2079,2057.6,0,0,738622.679836322,0,0,0
69355.1982118912,40,2023.2,2077.4,2056.2,0,0,738622.679836785,0,0,0
69355.2382109576,40,2032.4,2082.8,2067,0,0,738622.679837248,0,0,0
69355.278210024,40,2038.8,2097.6,2082.2,0,0,738622.679837711,0,0,0
69355.3182090904,40,2061.4,2114.2,2089.6,0,0,738622.679838174,0,0,0
69355.3582081568,40,2093.4,2136.6,2083.2,0,0,738622.679838637,0,0,0
69355.3982072232,40,2138.2,2146.2,2062.2,0,0,738622.6798391,0,0,0
69355.4382062896,40,2166.8,2127.2,2042.6,0,0,738622.679839563,0,0,0
69355.478205356,40,2156.4,2103.6,2026.2,0,0,738622.679840026,0,0,0
69355.5182044224,40,2123.2,2078.6,2011,0,0,738622.679840489,0,0,0
69355.5582034888,40,2089.4,2057.2,2006.4,0,0,738622.679840952,0,0,0
69355.5982025552,40,2070.8,2056.4,2004.8,0,0,738622.679841415,0,0,0
69355.6382016216,40,2055.6,2046.6,1997.4,0,0,738622.679841878,0,0,0
69355.678200688,40,2058.6,2045.4,1997.6,0,0,738622.679842341,0,0,0
69355.7181997544,40,2077.8,2053.8,2004.8,0,0,738622.679842804,0,0,0
69355.7581988208,40,2097.2,2060.8,2004.6,0,0,738622.679843266,0,0,0
69355.7981978872,40,2120.8,2069.4,2009,0,0,738622.679843729,0,0,0
69355.8381969536,40,2140.2,2088.6,2017,0,0,738622.679844192,0,0,0
69355.87819602,40,2160.4,2112,2030,0,0,738622.679844655,0,0,0
69355.9181950864,40,2145.6,2132.6,2047.4,0,0,738622.679845118,0,0,0
69355.9581941528,40,2114.8,2141.6,2064,0,0,738622.679845581,0,0,0
69355.9981932192,40,2081.2,2126.2,2077.2,0,0,738622.679846044,0,0,0
69356.0381922856,40,2053.6,2106.8,2078.4,0,0,738622.679846507,0,0,0
69356.078191352,40,2034.4,2091.2,2071,0,0,738622.67984697,0,0,0
69356.1181904184,40,2027.4,2081,2052,0,0,738622.679847433,0,0,0
69356.1581894848,40,2028.2,2076.8,2058.8,0,0,738622.679847896,0,0,0
69356.1981885512,40,2032.4,2085.2,2067.2,0,0,738622.679848359,0,0,0
69356.2381876176,40,2043.4,2097.4,2081.6,0,0,738622.679848822,0,0,0
69356.278186684,40,2065.8,2123,2091.2,0,0,738622.679849285,0,0,0
69356.3181857504,40,2106.8,2144.2,2081.6,0,0,738622.679849748,0,0,0
69356.3581848168,40,2146.6,2148.2,2064.4,0,0,738622.679850211,0,0,0
69356.3981838832,40,2167,2122.4,2040.2,0,0,738622.679850674,0,0,0
69356.4381829496,40,2150.6,2096.8,2022.4,0,0,738622.679851137,0,0,0
69356.478182016,40,2114.4,2069.8,2009.2,0,0,738622.6798516,0,0,0
69356.5181810824,40,2080.6,2055.2,2006,0,0,738622.679852063,0,0,0
69356.5581801488,40,2060,2049.4,1999,0,0,738622.679852525,0,0,0
69356.5981792152,40,2050,2044.8,1997.4,0,0,738622.679852988,0,0,0
69356.6381782816,40,2052.4,2043.6,2001.6,0,0,738622.679853451,0,0,0
69356.678177348,40,2060.8,2051.4,1997.6,0,0,738622.679853914,0,0,0
69356.7181764144,40,2075.4,2052.8,2000.8,0,0,738622.679854377,0,0,0
69356.7581754808,40,2094.8,2065.8,2004,0,0,738622.67985484,0,0,0
69356.7981745472,40,2118.2,2072.4,2008.4,0,0,738622.679855303,0,0,0
69356.8381736136,40,2142.2,2086.4,2014,0,0,738622.679855766,0,0,0
69356.87817268,40,2157.8,2107.4,2023.6,0,0,738622.679856229,0,0,0
69356.9181717464,40,2156,2133,2043,0,0,738622.679856692,0,0,0
69356.9581708128,40,2120.6,2141.6,2061.4,0,0,738622.679857155,0,0,0
69356.9981698792,40,2088.8,2128.4,2083.2,0,0,738622.679857618,0,0,0
69357.0381689456,40,2054,2112.8,2082.6,0,0,738622.679858081,0,0,0
69357.078168012,40,2040.4,2088.2,2065.6,0,0,738622.679858544,0,0,0
69357.1181670784,40,2028.8,2075.4,2063.8,0,0,738622.679859007,0,0,0
69357.1581661448,40,2024.6,2078.2,2056.6,0,0,738622.67985947,0,0,0
69357.1981652112,40,2025.8,2076.2,2059.4,0,0,738622.679859933,0,0,0
69357.2381642776,40,2033.8,2087,2067,0,0,738622.679860396,0,0,0
69357.278163344,40,2045,2099.2,2074.6,0,0,738622.679860859,0,0,0
69357.3181624104,40,2068.4,2127.2,2078.8,0,0,738622.679861322,0,0,0
69357.3581614768,40,2108.6,2138.6,2065.2,0,0,738622.679861785,0,0,0
69357.3981605432,40,2150.8,2133,2042.2,0,0,738622.679862248,0,0,0
69357.4381596096,40,2162,2111.2,2027,0,0,738622.67986271,0,0,0
69357.478158676,40,2145.6,2086.6,2013.8,0,0,738622.679863173,0,0,0
69357.5181577424,40,2115.4,2073.4,2011.6,0,0,738622.679863636,0,0,0
69357.5581568088,40,2095.4,2058.2,2005,0,0,738622.679864099,0,0,0
69357.5981558752,40,2077.4,2049.6,2003.4,0,0,738622.679864562,0,0,0
69357.6381549416,40,2076.6,2053.6,2003,0,0,738622.679865025,0,0,0
69357.678154008,40,2090.4,2059.6,2004.2,0,0,738622.679865488,0,0,0
69357.7181530744,40,2108.2,2067.8,2003.8,0,0,738622.679865951,0,0,0
69357.7581521408,40,2124.4,2075,2008,0,0,738622.679866414,0,0,0
69357.7981512072,40,2136.6,2083.2,2014.8,0,0,738622.679866877,0,0,0
69357.8381502736,40,2155.2,2097.8,2024.4,0,0,738622.67986734,0,0,0
69357.87814934,40,2162.2,2124,2036,0,0,738622.679867803,0,0,0
69357.9181484064,40,2139,2140.2,2052.8,0,0,738622.679868266,0,0,0
69357.9581474728,40,2101,2141,2071.8,0,0,738622.679868729,0,0,0
69357.9981465392,40,2065.4,2122.2,2077.8,0,0,738622.679869192,0,0,0
69358.0381456056,40,2046.6,2099.6,2079.6,0,0,738622.679869655,0,0,0
69358.078144672,40,2029.6,2086.2,2065.6,0,0,738622.679870118,0,0,0
69358.1181437384,40,2022.2,2076.2,2055.6,0,0,738622.679870581,0,0,0
69358.1581428048,40,2023.4,2072.2,2050.8,0,0,738622.679871044,0,0,0
69358.1981418712,40,2022.4,2078.2,2055,0,0,738622.679871507,0,0,0
69358.2381409376,40,2035.8,2080.2,2068.6,0,0,738622.67987197,0,0,0
69358.278140004,40,2047.8,2109,2085,0,0,738622.679872432,0,0,0
69358.3181390704,40,2076.8,2126.2,2088,0,0,738622.679872895,0,0,0
69358.3581381368,40,2116.6,2143.2,2075.8,0,0,738622.679873358,0,0,0
69358.3981372032,40,2150.2,2135.2,2053.6,0,0,738622.679873821,0,0,0
69358.4381362696,40,2164.4,2119,2032.6,0,0,738622.679874284,0,0,0
69358.478135336,40,2142,2087.6,2016.4,0,0,738622.679874747,0,0,0
69358.5181344024,40,2110,2069.4,2012.4,0,0,738622.67987521,0,0,0
69358.5581334688,40,2081.6,2054.6,2001.6,0,0,738622.679875673,0,0,0
69358.5981325352,40,2059.4,2046.6,1999,0,0,738622.679876136,0,0,0
69358.6381316016,40,2048,2046,2003.4,0,0,738622.679876599,0,0,0
69358.678130668,40,2055.4,2046.2,2005.8,0,0,738622.679877062,0,0,0
69358.7181297344,40,2079.4,2055,2005.4,0,0,738622.679877525,0,0,0
69358.7581288008,40,2096.6,2058.8,2005.8,0,0,738622.679877988,0,0,0
69358.7981278672,40,2126.8,2074.2,2005.4,0,0,738622.679878451,0,0,0
69358.8381269336,40,2146.4,2094.6,2017,0,0,738622.679878914,0,0,0
69358.878126,40,2161.2,2119.6,2035.4,0,0,738622.679879377,0,0,0
69358.9181250664,40,2140.2,2141.6,2056.8,0,0,738622.67987984,0,0,0
69358.9581241328,40,2103.2,2139.8,2077.6,0,0,738622.679880303,0,0,0
69358.9981231992,40,2067.4,2119.8,2083.6,0,0,738622.679880766,0,0,0
69359.0381222656,40,2040.6,2097.4,2076,0,0,738622.679881229,0,0,0
69359.078121332,40,2028,2083.8,2064.4,0,0,738622.679881691,0,0,0
69359.1181203984,40,2021.6,2073.6,2051,0,0,738622.679882154,0,0,0
69359.1581194648,40,2023.6,2073.6,2053.4,0,0,738622.679882617,0,0,0
69359.1981185312,40,2027.6,2081.6,2057.4,0,0,738622.67988308,0,0,0
69359.2381175976,40,2041,2095.8,2067.6,0,0,738622.679883543,0,0,0
69359.278116664,40,2058,2119.6,2081.2,0,0,738622.679884006,0,0,0
69359.3181157304,40,2093.2,2138.2,2072.8,0,0,738622.679884469,0,0,0
69359.3581147968,40,2146.4,2142.6,2057,0,0,738622.679884932,0,0,0
69359.3981138632,40,2172.8,2123.4,2040.8,0,0,738622.679885395,0,0,0
69359.4381129296,40,2152.6,2101.6,2025.6,0,0,738622.679885858,0,0,0
69359.478111996,40,2125.8,2082.6,2018.4,0,0,738622.679886321,0,0,0
69359.5181110624,40,2104,2071.6,2014,0,0,738622.679886784,0,0,0
69359.5581101288,40,2084,2056.2,2014,0,0,738622.679887247,0,0,0
69359.5981091952,40,2066.2,2054.4,2007.6,0,0,738622.67988771,0,0,0
69359.6381082616,40,2061.2,2050.8,1999.6,0,0,738622.679888173,0,0,0
69359.678107328,40,2062.8,2046,1997.6,0,0,738622.679888636,0,0,0
69359.7181063944,40,2074.2,2051.4,2004.4,0,0,738622.679889099,0,0,0
69359.7581054608,40,2100.6,2061.4,2004.8,0,0,738622.679889562,0,0,0
69359.7981045272,40,2124.4,2077.8,2013.8,0,0,738622.679890025,0,0,0
69359.8381035936,40,2156.2,2102,2021.8,0,0,738622.679890488,0,0,0
69359.87810266,40,2167.8,2113.4,2034.2,0,0,738622.679890951,0,0,0
69359.9181017264,40,2154.2,2130.4,2041.8,0,0,738622.679891414,0,0,0
69359.9581007928,40,2121.8,2139,2063,0,0,738622.679891876,0,0,0
69359.9980998592,40,2083.6,2128.4,2077.8,0,0,738622.679892339,0,0,0
69360.0380989256,40,2053.8,2112.2,2081.4,0,0,738622.679892802,0,0,0
69360.078097992,40,2038.6,2089.6,2067.6,0,0,738622.679893265,0,0,0
69360.1180970584,40,2032.4,2078.6,2055,0,0,738622.679893728,0,0,0
69360.1580961248,40,2025.2,2070.6,2052.2,0,0,738622.679894191,0,0,0
69360.1980951912,40,2026.6,2075.8,2060.8,0,0,738622.679894654,0,0,0
69360.2380942576,40,2031,2085,2067.4,0,0,738622.679895117,0,0,0
69360.278093324,40,2046,2101.6,2083.8,0,0,738622.67989558,0,0,0
69360.3180923904,40,2071.6,2124.4,2089,0,0,738622.679896043,0,0,0
69360.3580914568,40,2113.4,2146.8,2078,0,0,738622.679896506,0,0,0
69360.3980905232,40,2154,2141.8,2051.8,0,0,738622.679896969,0,0,0
69360.4380895896,40,2169.2,2114.8,2032.2,0,0,738622.679897432,0,0,0
69360.478088656,40,2133.4,2083.2,2015.8,0,0,738622.679897895,0,0,0
69360.5180877224,40,2096.8,2057.8,2006.8,0,0,738622.679898358,0,0,0
69360.5580867888,40,2065.4,2043.6,2004.4,0,0,738622.679898821,0,0,0
69360.5980858552,40,2049.4,2044.6,1995,0,0,738622.679899284,0,0,0
69360.6380849216,40,2048,2039.4,1996.2,0,0,738622.679899747,0,0,0
69360.678083988,40,2061.2,2049.8,2003.6,0,0,738622.67990021,0,0,0
69360.7180830544,40,2073.2,2052.8,2002.8,0,0,738622.679900673,0,0,0
69360.7580821208,40,2097.4,2064.4,2006.4,0,0,738622.679901136,0,0,0
69360.7980811872,40,2118.8,2074.6,2007.6,0,0,738622.679901598,0,0,0
69360.8380802536,40,2151.4,2092.2,2014.6,0,0,738622.679902061,0,0,0
69360.87807932,40,2158.6,2114.8,2032.4,0,0,738622.679902524,0,0,0
69360.9180783864,40,2148.8,2138.2,2051,0,0,738622.679902987,0,0,0
69360.9580774528,40,2110.6,2138.4,2064.6,0,0,738622.67990345,0,0,0
69360.9980765192,40,2068.8,2124.4,2085,0,0,738622.679903913,0,0,0
69361.0380755856,40,2046,2099.2,2075.6,0,0,738622.679904376,0,0,0
69361.078074652,40,2028.8,2083.6,2067.6,0,0,738622.679904839,0,0,0
69361.1180737184,40,2023,2072.8,2053.4,0,0,738622.679905302,0,0,0
69361.1580727848,40,2022,2073.2,2052.6,0,0,738622.679905765,0,0,0
69361.1980718512,40,2024.6,2075.8,2054,0,0,738622.679906228,0,0,0
69361.2380709176,40,2034.8,2088.8,2067.4,0,0,738622.679906691,0,0,0
69361.278069984,40,2049.4,2102.6,2075.6,0,0,738622.679907154,0,0,0
69361.3180690504,40,2077.8,2128.2,2073.8,0,0,738622.679907617,0,0,0
69361.3580681168,40,2122.2,2140.8,2063.2,0,0,738622.67990808,0,0,0
69361.3980671832,40,2159.6,2128.2,2039.8,0,0,738622.679908543,0,0,0
69361.4380662496,40,2163.8,2100.8,2030.6,0,0,738622.679909006,0,0,0
69361.478065316,40,2131.4,2083.6,2019,0,0,738622.679909469,0,0,0
69361.5180643824,40,2098.4,2063.6,2008.8,0,0,738622.679909932,0,0,0
69361.5580634488,40,2074,2057.6,2008.8,0,0,738622.679910395,0,0,0
69361.5980625152,40,2065.6,2055.4,2008.6,0,0,738622.679910857,0,0,0
69361.6380615816,40,2070.8,2054,2001.2,0,0,738622.67991132,0,0,0
69361.678060648,40,2073.8,2055.4,2002.4,0,0,738622.679911783,0,0,0
69361.7180597144,40,2085,2053.4,2003.6,0,0,738622.679912246,0,0,0
69361.7580587808,40,2098.4,2060.4,1999.2,0,0,738622.679912709,0,0,0
69361.7980578472,40,2122.6,2074.4,2007.4,0,0,738622.679913172,0,0,0
69361.8380569136,40,2150.2,2098.2,2025.8,0,0,738622.679913635,0,0,0
69361.87805598,40,2162.8,2121.4,2034.6,0,0,738622.679914098,0,0,0
69361.9180550464,40,2144.6,2138.8,2054.8,0,0,738622.679914561,0,0,0
69361.9580541128,40,2108,2140.8,2071.2,0,0,738622.679915024,0,0,0
69361.9980531792,40,2067.8,2122,2080.6,0,0,738622.679915487,0,0,0
69362.0380522456,40,2047,2100.8,2078.6,0,0,738622.67991595,0,0,0
69362.078051312,40,2034.6,2085.2,2067.2,0,0,738622.679916413,0,0,0
69362.1180503784,40,2025.8,2075.8,2052.2,0,0,738622.679916876,0,0,0
69362.1580494448,40,2019.8,2076.8,2056.6,0,0,738622.679917339,0,0,0
69362.1980485112,40,2028.6,2079.4,2061.2,0,0,738622.679917802,0,0,0
69362.2380475776,40,2038.8,2093.6,2078.6,0,0,738622.679918265,0,0,0
69362.278046644,40,2060,2120,2089.6,0,0,738622.679918728,0,0,0
69362.3180457104,40,2094.8,2142.4,2084.2,0,0,738622.679919191,0,0,0
69362.3580447768,40,2142.8,2149.2,2068.8,0,0,738622.679919654,0,0,0
69362.3980438432,40,2170,2131,2046.8,0,0,738622.679920117,0,0,0
69362.4380429096,40,2153.8,2100.4,2021.4,0,0,738622.67992058,0,0,0
69362.478041976,40,2116.2,2074,2013.6,0,0,738622.679921042,0,0,0
69362.5180410424,40,2084.4,2061.6,2006.4,0,0,738622.679921505,0,0,0
69362.5580401088,40,2064,2050.4,2003.2,0,0,738622.679921968,0,0,0
69362.5980391752,40,2053.4,2045.4,1999.2,0,0,738622.679922431,0,0,0
69362.6380382416,40,2050,2044.2,1996.2,0,0,738622.679922894,0,0,0
69362.678037308,40,2067.6,2046.8,1999.2,0,0,738622.679923357,0,0,0
69362.7180363744,40,2095.8,2062.8,2010,0,0,738622.67992382,0,0,0
69362.7580354408,40,2117.2,2075.4,2013,0,0,738622.679924283,0,0,0
69362.7980345072,40,2147.2,2089,2014.2,0,0,738622.679924746,0,0,0
69362.8380335736,40,2164,2111.4,2031.8,0,0,738622.679925209,0,0,0
69362.87803264,40,2150.4,2128,2043.4,0,0,738622.679925672,0,0,0
69362.9180317064,40,2123,2135.8,2059,0,0,738622.679926135,0,0,0
69362.9580307728,40,2079.6,2127.4,2074,0,0,738622.679926598,0,0,0
69362.9980298392,40,2049.8,2104.6,2080.4,0,0,738622.679927061,0,0,0
69363.0380289056,40,2039.2,2084.6,2072.2,0,0,738622.679927524,0,0,0
69363.078027972,40,2028.2,2081,2058.6,0,0,738622.679927987,0,0,0
69363.1180270384,40,2020.2,2072.6,2049.2,0,0,738622.67992845,0,0,0
69363.1580261048,40,2024.2,2069.6,2051.2,0,0,738622.679928913,0,0,0
69363.1980251712,40,2027,2076.6,2054.4,0,0,738622.679929376,0,0,0
69363.2380242376,40,2035.6,2090.2,2072.4,0,0,738622.679929839,0,0,0
69363.278023304,40,2052.8,2113.8,2085.4,0,0,738622.679930301,0,0,0
69363.3180223704,40,2096,2134.6,2071.4,0,0,738622.679930764,0,0,0
69363.3580214368,40,2141.2,2134.2,2050.6,0,0,738622.679931227,0,0,0
69363.3980205032,40,2160.8,2111.2,2030.6,0,0,738622.67993169,0,0,0
69363.4380195696,40,2127.2,2073.6,2017.8,0,0,738622.679932153,0,0,0
69363.478018636,40,2083.4,2058,2008,0,0,738622.679932616,0,0,0
69363.5180177024,40,2057,2048,1998.2,0,0,738622.679933079,0,0,0
69363.5580167688,40,2045.8,2043.8,1995.8,0,0,738622.679933542,0,0,0
69363.5980158352,40,2065.8,2046.2,2002.8,0,0,738622.679934005,0,0,0
69363.6380149016,40,2081,2045.6,2001.4,0,0,738622.679934468,0,0,0
69363.678013968,40,2103.4,2059.8,2003.8,0,0,738622.679934931,0,0,0
69363.7180130344,40,2131,2078.4,2011.8,0,0,738622.679935394,0,0,0
69363.7580121008,40,2160.2,2104.2,2026.2,0,0,738622.679935857,0,0,0
69363.7980111672,40,2153.2,2130.8,2040.4,0,0,738622.67993632,0,0,0
69363.8380102336,40,2114.2,2135,2063,0,0,738622.679936783,0,0,0
69363.8780093,40,2075,2124.6,2081.8,0,0,738622.679937246,0,0,0
69363.9180083664,40,2049.6,2100.2,2076,0,0,738622.679937709,0,0,0
69363.9580074328,40,2033,2083.8,2062.4,0,0,738622.679938172,0,0,0
69363.9980064992,40,2024.6,2073.4,2051.2,0,0,738622.679938635,0,0,0
69364.0380055656,40,2021,2071.4,2045.4,0,0,738622.679939098,0,0,0
69364.078004632,40,2018,2068.8,2053,0,0,738622.67993956,0,0,0
69364.1180036984,40,2032.2,2085.4,2061.2,0,0,738622.679940023,0,0,0
69364.1580027648,40,2046.4,2101.6,2076,0,0,738622.679940486,0,0,0
69364.1980018312,40,2083.4,2127.2,2069.4,0,0,738622.679940949,0,0,0
69364.2380008976,40,2134.2,2132.2,2050.6,0,0,738622.679941412,0,0,0
69364.277999964,40,2157.2,2117.4,2030.4,0,0,738622.679941875,0,0,0
69364.3179990304,40,2142.6,2085,2017.2,0,0,738622.679942338,0,0,0
69364.3579980968,40,2110.8,2065.8,2007,0,0,738622.679942801,0,0,0
69364.3979971632,40,2084.4,2059.2,2008,0,0,738622.679943264,0,0,0
69364.4379962296,40,2064.6,2047.6,2003.6,0,0,738622.679943727,0,0,0
69364.477995296,40,2059.8,2047.6,2000.6,0,0,738622.67994419,0,0,0
69364.5179943624,40,2063.4,2049,2003.2,0,0,738622.679944653,0,0,0
69364.5579934288,40,2084.4,2053.6,2001.8,0,0,738622.679945116,0,0,0
69364.5979924952,40,2120.4,2073.4,2005.8,0,0,738622.679945579,0,0,0
69364.6379915616,40,2151.2,2092.2,2022.4,0,0,738622.679946042,0,0,0
69364.677990628,40,2159.2,2127.8,2042.4,0,0,738622.679946505,0,0,0
69364.7179896944,40,2120.2,2141.2,2062.8,0,0,738622.679946968,0,0,0
69364.7579887608,40,2069.6,2129.6,2079.2,0,0,738622.679947431,0,0,0
69364.7979878272,40,2043,2095.4,2074,0,0,738622.679947894,0,0,0
69364.8379868936,40,2025.6,2074.2,2053,0,0,738622.679948357,0,0,0
69364.87798596,40,2019.4,2070.4,2046.4,0,0,738622.67994882,0,0,0
69364.9179850264,40,2023.4,2067.4,2047.8,0,0,738622.679949283,0,0,0
69364.9579840928,40,2028.8,2074.6,2054.6,0,0,738622.679949745,0,0,0
69364.9979831592,40,2040.2,2099,2074,0,0,738622.679950208,0,0,0
69365.0379822256,40,2072.2,2122.8,2076,0,0,738622.679950671,0,0,0
69365.077981292,40,2107.8,2137.2,2063.4,0,0,738622.679951134,0,0,0
69365.1179803584,40,2149.6,2126.6,2041.4,0,0,738622.679951597,0,0,0
69365.1579794248,40,2154.2,2100.4,2021.6,0,0,738622.67995206,0,0,0
69365.1979784912,40,2123.8,2076.4,2010.2,0,0,738622.679952523,0,0,0
69365.2379775576,40,2092,2060.8,2004.8,0,0,738622.679952986,0,0,0
69365.277976624,40,2072.2,2051,2002.2,0,0,738622.679953449,0,0,0
69365.3179756904,40,2064.6,2052.4,2000.6,0,0,738622.679953912,0,0,0
69365.3579747568,40,2073.2,2052.2,1998.4,0,0,738622.679954375,0,0,0
69365.3979738232,40,2088.4,2059.4,2004,0,0,738622.679954838,0,0,0
69365.4379728896,40,2122.2,2074.4,2005.4,0,0,738622.679955301,0,0,0
69365.477971956,40,2146.8,2091.2,2020.8,0,0,738622.679955764,0,0,0
69365.5179710224,40,2161.6,2117.2,2033.6,0,0,738622.679956227,0,0,0
69365.5579700888,40,2150,2134.2,2051.8,0,0,738622.67995669,0,0,0
69365.5979691552,40,2106.6,2139.6,2069.8,0,0,738622.679957153,0,0,0
69365.6379682216,40,2065,2119.4,2081,0,0,738622.679957616,0,0,0
69365.677967288,40,2041.4,2088.2,2072.6,0,0,738622.679958079,0,0,0
69365.7179663544,40,2025.6,2081.8,2055.8,0,0,738622.679958542,0,0,0
69365.7579654208,40,2021.6,2068.2,2043.8,0,0,738622.679959005,0,0,0
69365.7979644872,40,2020.8,2069.8,2044.4,0,0,738622.679959467,0,0,0
69365.8379635536,40,2023.6,2075.6,2054.8,0,0,738622.67995993,0,0,0
69365.87796262,40,2038.2,2094.8,2072.2,0,0,738622.679960393,0,0,0
69365.9179616864,40,2062.2,2116.6,2083.8,0,0,738622.679960856,0,0,0
69365.9579607528,40,2103,2137.8,2070.6,0,0,738622.679961319,0,0,0
69365.9979598192,40,2150,2132.4,2045.8,0,0,738622.679961782,0,0,0
69366.0379588856,40,2157.6,2106,2027.4,0,0,738622.679962245,0,0,0
69366.077957952,40,2127.6,2077.6,2017.2,0,0,738622.679962708,0,0,0
69366.1179570184,40,2098.4,2060.6,2004.6,0,0,738622.679963171,0,0,0
69366.1579560848,40,2071.6,2048.2,2001.4,0,0,738622.679963634,0,0,0
69366.1979551512,40,2056.6,2044.8,2003,0,0,738622.679964097,0,0,0
69366.2379542176,40,2067.4,2051.4,2000,0,0,738622.67996456,0,0,0
69366.277953284,40,2084.6,2052.8,2006.2,0,0,738622.679965023,0,0,0
69366.3179523504,40,2109,2069.8,2013.2,0,0,738622.679965486,0,0,0
69366.3579514168,40,2142.6,2090.6,2017.2,0,0,738622.679965949,0,0,0
69366.3979504832,40,2158.8,2103,2022.2,0,0,738622.679966412,0,0,0
69366.4379495496,40,2161.4,2130.4,2042.8,0,0,738622.679966875,0,0,0
69366.477948616,40,2136.2,2141,2054.6,0,0,738622.679967338,0,0,0
69366.5179476824,40,2086.4,2134.4,2075.6,0,0,738622.679967801,0,0,0
69366.5579467488,40,2058.4,2111.8,2078,0,0,738622.679968264,0,0,0
69366.5979458152,40,2037,2094.4,2071.8,0,0,738622.679968726,0,0,0
69366.6379448816,40,2025,2078.6,2056.8,0,0,738622.679969189,0,0,0
69366.677943948,40,2021,2064.8,2049.8,0,0,738622.679969652,0,0,0
69366.7179430144,40,2023,2074.2,2052.8,0,0,738622.679970115,0,0,0
69366.7579420808,40,2027.8,2078.6,2058.2,0,0,738622.679970578,0,0,0
69366.7979411472,40,2039.6,2098,2077.6,0,0,738622.679971041,0,0,0
69366.8379402136,40,2064.4,2120.8,2091.4,0,0,738622.679971504,0,0,0
69366.87793928,40,2105.4,2148.8,2083.2,0,0,738622.679971967,0,0,0
69366.9179383464,40,2152,2145.6,2060.8,0,0,738622.67997243,0,0,0
69366.9579374128,40,2165,2119.2,2036,0,0,738622.679972893,0,0,0
69366.9979364792,40,2141.2,2087.8,2021,0,0,738622.679973356,0,0,0
69367.0379355456,40,2107.6,2063.2,2009.4,0,0,738622.679973819,0,0,0
69367.077934612,40,2076.8,2057.4,2007.2,0,0,738622.679974282,0,0,0
69367.1179336784,40,2064,2050.6,1996.8,0,0,738622.679974745,0,0,0
69367.1579327448,40,2071.4,2051,1996.4,0,0,738622.679975208,0,0,0
69367.1979318112,40,2095.2,2062.8,2004.2,0,0,738622.679975671,0,0,0
69367.2379308776,40,2124.8,2080.4,2014.4,0,0,738622.679976134,0,0,0
69367.277929944,40,2155,2102.6,2022,0,0,738622.679976597,0,0,0
69367.3179290104,40,2165.6,2117.4,2034,0,0,738622.67997706,0,0,0
69367.3579280768,40,2141.4,2135.2,2048.8,0,0,738622.679977523,0,0,0
69367.3979271432,40,2101.8,2137,2068,0,0,738622.679977986,0,0,0
69367.4379262096,40,2060.2,2111.2,2076.6,0,0,738622.679978449,0,0,0
69367.477925276,40,2033.8,2087.6,2072,0,0,738622.679978911,0,0,0
69367.5179243424,40,2022.2,2076.8,2056.6,0,0,738622.679979374,0,0,0
69367.5579234088,40,2017.6,2064.8,2046.2,0,0,738622.679979837,0,0,0
69367.5979224752,40,2021,2065.2,2044.2,0,0,738622.6799803,0,0,0
69367.6379215416,40,2021.6,2073.6,2047.4,0,0,738622.679980763,0,0,0
69367.677920608,40,2029.4,2078.2,2057.4,0,0,738622.679981226,0,0,0
69367.7179196744,40,2039,2091.8,2072.2,0,0,738622.679981689,0,0,0
69367.7579187408,40,2061.8,2115.6,2074.2,0,0,738622.679982152,0,0,0
69367.7979178072,40,2104.4,2133.4,2066.4,0,0,738622.679982615,0,0,0
69367.8379168736,40,2143.4,2132,2045.2,0,0,738622.679983078,0,0,0
69367.87791594,40,2159.6,2107,2027.6,0,0,738622.679983541,0,0,0
69367.9179150064,40,2137,2082,2013.8,0,0,738622.679984004,0,0,0
69367.9579140728,40,2104.8,2064.8,2004.4,0,0,738622.679984467,0,0,0
69367.9979131392,40,2085,2057.4,2004.2,0,0,738622.67998493,0,0,0
69368.0379122056,40,2080.6,2054.4,2005.2,0,0,738622.679985393,0,0,0
69368.077911272,40,2070,2051.6,2003.2,0,0,738622.679985856,0,0,0
69368.1179103384,40,2088.6,2056,2001.2,0,0,738622.679986319,0,0,0
69368.1579094048,40,2109,2067,2004.2,0,0,738622.679986782,0,0,0
69368.1979084712,40,2138.6,2079.6,2018.8,0,0,738622.679987245,0,0,0
69368.2379075376,40,2165.4,2106.6,2027.8,0,0,738622.679987708,0,0,0
69368.277906604,40,2159.4,2130,2049.4,0,0,738622.679988171,0,0,0
69368.3179056704,40,2120.6,2147.4,2067.6,0,0,738622.679988633,0,0,0
69368.3579047368,40,2083.2,2130.2,2079.6,0,0,738622.679989096,0,0,0
69368.3979038032,40,2042.2,2103.4,2074.4,0,0,738622.679989559,0,0,0
69368.4379028696,40,2034,2081,2060.4,0,0,738622.679990022,0,0,0
69368.477901936,40,2018.4,2068.8,2048,0,0,738622.679990485,0,0,0
69368.5179010024,40,2019,2064.4,2038.6,0,0,738622.679990948,0,0,0
69368.5579000688,40,2019,2066,2045.2,0,0,738622.679991411,0,0,0
69368.5978991352,40,2019.2,2073.4,2048,0,0,738622.679991874,0,0,0
69368.6378982016,40,2035.4,2080.2,2064,0,0,738622.679992337,0,0,0
69368.677897268,40,2051.4,2104.6,2077.4,0,0,738622.6799928,0,0,0
69368.7178963344,40,2097.8,2131.6,2068.4,0,0,738622.679993263,0,0,0
69368.7578954008,40,2140.6,2136.8,2053.2,0,0,738622.679993726,0,0,0
69368.7978944672,40,2159.2,2110,2030,0,0,738622.679994189,0,0,0
69368.8378935336,40,2136,2080.8,2015.8,0,0,738622.679994652,0,0,0
69368.8778926,40,2096.2,2061.2,2005,0,0,738622.679995115,0,0,0
69368.9178916664,40,2065,2052.8,2003.6,0,0,738622.679995578,0,0,0
69368.9578907328,40,2053.2,2049.6,2005.4,0,0,738622.679996041,0,0,0
69368.9978897992,40,2063.8,2048.2,2001.8,0,0,738622.679996504,0,0,0
69369.0378888656,40,2078,2049.6,2001.6,0,0,738622.679996967,0,0,0
69369.077887932,40,2106,2065.2,2011,0,0,738622.67999743,0,0,0
69369.1178869984,40,2139.8,2085.8,2016.4,0,0,738622.679997892,0,0,0
69369.1578860648,40,2162.4,2124,2035.6,0,0,738622.679998355,0,0,0
69369.1978851312,40,2133.2,2144,2059,0,0,738622.679998818,0,0,0
69369.2378841976,40,2090,2134,2080.2,0,0,738622.679999281,0,0,0
69369.277883264,40,2051.6,2108.6,2075.6,0,0,738622.679999744,0,0,0
69369.3178823304,40,2035.2,2087.2,2059.2,0,0,738622.680000207,0,0,0
69369.3578813968,40,2022.2,2072.4,2048.6,0,0,738622.68000067,0,0,0
69369.3978804632,40,2012.8,2061.4,2042.2,0,0,738622.680001133,0,0,0
69369.4378795296,40,2020,2066.8,2045,0,0,738622.680001596,0,0,0
69369.477878596,40,2025,2075.4,2051,0,0,738622.680002059,0,0,0
69369.5178776624,40,2039,2093.4,2068.2,0,0,738622.680002522,0,0,0
69369.5578767288,40,2059.4,2115.2,2073.4,0,0,738622.680002985,0,0,0
69369.5978757952,40,2098.2,2136.8,2069.8,0,0,738622.680003448,0,0,0
69369.6378748616,40,2145.6,2137.2,2049.8,0,0,738622.680003911,0,0,0
69369.677873928,40,2161,2112.4,2033.2,0,0,738622.680004374,0,0,0
69369.7178729944,40,2143.2,2090.2,2016.8,0,0,738622.680004837,0,0,0
69369.7578720608,40,2113.8,2074.6,2013,0,0,738622.6800053,0,0,0
69369.7978711272,40,2083.8,2056,2006.8,0,0,738622.680005763,0,0,0
69369.8378701936,40,2064.2,2054.8,2005.8,0,0,738622.680006226,0,0,0
69369.87786926,40,2066.6,2048.6,2001.2,0,0,738622.680006689,0,0,0
69369.9178683264,40,2067.2,2049.4,2004,0,0,738622.680007152,0,0,0
69369.9578673928,40,2086.6,2053.4,2003.6,0,0,738622.680007615,0,0,0
69369.9978664592,40,2116.6,2069.4,2011,0,0,738622.680008077,0,0,0
69370.0378655256,40,2149.8,2091.8,2020.8,0,0,738622.68000854,0,0,0
69370.077864592,40,2162.2,2125.2,2040.8,0,0,738622.680009003,0,0,0
69370.1178636584,40,2135.6,2148,2059.6,0,0,738622.680009466,0,0,0
69370.1578627248,40,2083.2,2130.4,2085.6,0,0,738622.680009929,0,0,0
69370.1978617912,40,2048.6,2103.8,2077.8,0,0,738622.680010392,0,0,0
69370.2378608576,40,2029.6,2078.4,2062.6,0,0,738622.680010855,0,0,0
69370.277859924,40,2020.8,2071.8,2045,0,0,738622.680011318,0,0,0
69370.3178589904,40,2016.4,2067,2046.2,0,0,738622.680011781,0,0,0
69370.3578580568,40,2019,2072.8,2046,0,0,738622.680012244,0,0,0
69370.3978571232,40,2028.8,2078.8,2059.8,0,0,738622.680012707,0,0,0
69370.4378561896,40,2039.2,2094.2,2076.6,0,0,738622.68001317,0,0,0
69370.477855256,40,2061.8,2120.2,2085.6,0,0,738622.680013633,0,0,0
69370.5178543224,40,2097.4,2140.2,2079.4,0,0,738622.680014096,0,0,0
69370.5578533888,40,2151.8,2146.2,2058,0,0,738622.680014559,0,0,0
69370.5978524552,40,2167.4,2123,2035.2,0,0,738622.680015022,0,0,0
69370.6378515216,40,2144,2090.4,2017.4,0,0,738622.680015485,0,0,0
69370.677850588,40,2112.2,2069.8,2013.6,0,0,738622.680015948,0,0,0
69370.7178496544,40,2089.2,2061.4,2008,0,0,738622.680016411,0,0,0
69370.7578487208,40,2069,2050.2,2003.2,0,0,738622.680016874,0,0,0
69370.7978477872,40,2069.8,2048.4,2003,0,0,738622.680017337,0,0,0
69370.8378468536,40,2083.6,2053.4,2002.8,0,0,738622.680017799,0,0,0
69370.87784592,40,2107.2,2070.4,2008,0,0,738622.680018262,0,0,0
69370.9178449864,40,2145.6,2089.2,2020.6,0,0,738622.680018725,0,0,0
69370.9578440528,40,2168,2120.4,2036.8,0,0,738622.680019188,0,0,0
69370.9978431192,40,2151.4,2147.6,2056.2,0,0,738622.680019651,0,0,0
69371.0378421856,40,2108,2144.2,2081.4,0,0,738622.680020114,0,0,0
69371.077841252,40,2065,2118.8,2088.6,0,0,738622.680020577,0,0,0
69371.1178403184,40,2042,2096,2071,0,0,738622.68002104,0,0,0
69371.1578393848,40,2027.4,2076.6,2056,0,0,738622.680021503,0,0,0
69371.1978384512,40,2020,2064.6,2048,0,0,738622.680021966,0,0,0
69371.2378375176,40,2021.2,2069.8,2045.4,0,0,738622.680022429,0,0,0
69371.277836584,40,2026.8,2074.2,2053.8,0,0,738622.680022892,0,0,0
69371.3178356504,40,2037.6,2086.8,2069.6,0,0,738622.680023355,0,0,0
69371.3578347168,40,2057,2110,2082.4,0,0,738622.680023818,0,0,0
69371.3978337832,40,2097.6,2138.6,2085.2,0,0,738622.680024281,0,0,0
69371.4378328496,40,2144,2141.2,2058.6,0,0,738622.680024744,0,0,0
69371.477831916,40,2166.4,2128.2,2042.6,0,0,738622.680025207,0,0,0
69371.5178309824,40,2155,2097.6,2027.2,0,0,738622.68002567,0,0,0
69371.5578300488,40,2124.8,2073.6,2013,0,0,738622.680026133,0,0,0
69371.5978291152,40,2091.6,2064,2010.6,0,0,738622.680026595,0,0,0
69371.6378281816,40,2076,2059.4,2006.4,0,0,738622.680027058,0,0,0
69371.677827248,40,2075,2055.6,2004.2,0,0,738622.680027521,0,0,0
69371.7178263144,40,2076.4,2056.4,2004.6,0,0,738622.680027984,0,0,0
69371.7578253808,40,2098.4,2059.8,2004,0,0,738622.680028447,0,0,0
69371.7978244472,40,2131.6,2080.4,2014.2,0,0,738622.68002891,0,0,0
69371.8378235136,40,2159.4,2101,2028.8,0,0,738622.680029373,0,0,0
69371.87782258,40,2161.2,2135,2044.8,0,0,738622.680029836,0,0,0
69371.9178216464,40,2130.8,2146.4,2067,0,0,738622.680030299,0,0,0
69371.9578207128,40,2080.2,2127.4,2083.8,0,0,738622.680030762,0,0,0
69371.9978197792,40,2044.2,2098.2,2075.6,0,0,738622.680031225,0,0,0
69372.0378188456,40,2028.4,2077.6,2067.8,0,0,738622.680031688,0,0,0
69372.077817912,40,2017.6,2068,2050.6,0,0,738622.680032151,0,0,0
69372.1178169784,40,2015.6,2066.2,2040.4,0,0,738622.680032614,0,0,0
69372.1578160448,40,2022.6,2067.2,2044,0,0,738622.680033077,0,0,0
69372.1978151112,40,2020.6,2074.8,2053.2,0,0,738622.68003354,0,0,0
69372.2378141776,40,2040.4,2090.4,2070.6,0,0,738622.680034003,0,0,0
69372.277813244,40,2061,2114.6,2083.8,0,0,738622.680034466,0,0,0
69372.3178123104,40,2102.2,2138.6,2074.2,0,0,738622.680034929,0,0,0
69372.3578113768,40,2151.6,2141.2,2047.8,0,0,738622.680035392,0,0,0
69372.3978104432,40,2160,2103,2025.2,0,0,738622.680035855,0,0,0
69372.4378095096,40,2127.6,2073.2,2016,0,0,738622.680036318,0,0,0
69372.477808576,40,2089,2061.6,2006.8,0,0,738622.68003678,0,0,0
69372.5178076424,40,2061.8,2048.6,2003.4,0,0,738622.680037243,0,0,0
69372.5578067088,40,2060,2044,2000.8,0,0,738622.680037706,0,0,0
69372.5978057752,40,2073.4,2051.2,2000.8,0,0,738622.680038169,0,0,0
69372.6378048416,40,2096,2062.4,2003,0,0,738622.680038632,0,0,0
69372.677803908,40,2133,2080.2,2011.6,0,0,738622.680039095,0,0,0
69372.7178029744,40,2163.6,2106,2021.2,0,0,738622.680039558,0,0,0
69372.7578020408,40,2159,2127.4,2034.6,0,0,738622.680040021,0,0,0
69372.7978011072,40,2116.4,2137,2060,0,0,738622.680040484,0,0,0
69372.8378001736,40,2074.4,2122.8,2077.6,0,0,738622.680040947,0,0,0
69372.87779924,40,2043.6,2099,2071.8,0,0,738622.68004141,0,0,0
69372.9177983064,40,2029.2,2081.6,2065.2,0,0,738622.680041873,0,0,0
69372.9577973728,40,2018.2,2068.8,2050.8,0,0,738622.680042336,0,0,0
69372.9977964392,40,2020.6,2070.8,2042.6,0,0,738622.680042799,0,0,0
69373.0377955056,40,2018.8,2065.8,2041.6,0,0,738622.680043262,0,0,0
69373.077794572,40,2017.8,2068.8,2050.8,0,0,738622.680043725,0,0,0
69373.1177936384,40,2028.8,2081.6,2061,0,0,738622.680044188,0,0,0
69373.1577927048,40,2045.4,2098.6,2074.4,0,0,738622.680044651,0,0,0
69373.1977917712,40,2072,2123.2,2079.6,0,0,738622.680045114,0,0,0
69373.2377908376,40,2117.4,2137.6,2055.8,0,0,738622.680045577,0,0,0
69373.277789904,40,2152,2121.4,2036.8,0,0,738622.68004604,0,0,0
69373.3177889704,40,2154.6,2099,2019.6,0,0,738622.680046503,0,0,0
69373.3577880368,40,2121.2,2075.4,2016.2,0,0,738622.680046965,0,0,0
69373.3977871032,40,2101.4,2065.4,2010.6,0,0,738622.680047428,0,0,0
69373.4377861696,40,2089.8,2064.8,2009.2,0,0,738622.680047891,0,0,0
69373.477785236,40,2102.2,2066.6,2007.8,0,0,738622.680048354,0,0,0
69373.5177843024,40,2112.6,2072,2011.8,0,0,738622.680048817,0,0,0
69373.5577833688,40,2131.4,2083.8,2016,0,0,738622.68004928,0,0,0
69373.5977824352,40,2150.4,2092.6,2020.6,0,0,738622.680049743,0,0,0
69373.6377815016,40,2155.6,2112.4,2031.8,0,0,738622.680050206,0,0,0
69373.677780568,40,2138.2,2135.6,2051,0,0,738622.680050669,0,0,0
69373.7177796344,40,2090.8,2134.2,2072.8,0,0,738622.680051132,0,0,0
69373.7577787008,40,2055,2109.6,2086.6,0,0,738622.680051595,0,0,0
69373.7977777672,40,2036,2087.6,2069.4,0,0,738622.680052058,0,0,0
69373.8377768336,40,2029.6,2080.2,2057,0,0,738622.680052521,0,0,0
69373.8777759,40,2020.6,2069.6,2048.2,0,0,738622.680052984,0,0,0
69373.9177749664,40,2020.8,2069.6,2046.2,0,0,738622.680053447,0,0,0
69373.9577740328,40,2015.4,2070.2,2046.2,0,0,738622.68005391,0,0,0
69373.9977730992,40,2021,2070.4,2048.8,0,0,738622.680054373,0,0,0
69374.0377721656,40,2031.6,2085.8,2069.4,0,0,738622.680054836,0,0,0
69374.077771232,40,2054.4,2111.8,2076.4,0,0,738622.680055299,0,0,0
69374.1177702984,40,2089.8,2130,2072.8,0,0,738622.680055761,0,0,0
69374.1577693648,40,2139.4,2132.4,2044.8,0,0,738622.680056224,0,0,0
69374.1977684312,40,2155.8,2114.2,2032.8,0,0,738622.680056687,0,0,0
69374.2377674976,40,2145.4,2087.4,2018,0,0,738622.68005715,0,0,0
69374.277766564,40,2114.4,2070.2,2008.8,0,0,738622.680057613,0,0,0
69374.3177656304,40,2095.2,2066.4,2010.2,0,0,738622.680058076,0,0,0
69374.3577646968,40,2085.4,2059.6,2008,0,0,738622.680058539,0,0,0
69374.3977637632,40,2093.6,2066.8,2008,0,0,738622.680059002,0,0,0
69374.4377628296,40,2107.8,2070.6,2013.6,0,0,738622.680059465,0,0,0
69374.477761896,40,2121.2,2075.2,2017.2,0,0,738622.680059928,0,0,0
69374.5177609624,40,2141.4,2087,2020.4,0,0,738622.680060391,0,0,0
69374.5577600288,40,2155.2,2106.4,2028.8,0,0,738622.680060854,0,0,0
69374.5977590952,40,2144.8,2138.6,2049,0,0,738622.680061317,0,0,0
69374.6377581616,40,2105,2140.8,2070.6,0,0,738622.68006178,0,0,0
69374.677757228,40,2064.6,2121.8,2084,0,0,738622.680062243,0,0,0
69374.7177562944,40,2041.4,2098.8,2077,0,0,738622.680062706,0,0,0
69374.7577553608,40,2029.2,2080.4,2057,0,0,738622.680063169,0,0,0
69374.7977544272,40,2018.4,2070,2046.6,0,0,738622.680063632,0,0,0
69374.8377534936,40,2020.2,2068.8,2041.6,0,0,738622.680064095,0,0,0
69374.87775256,40,2021.2,2067.6,2044,0,0,738622.680064558,0,0,0
69374.9177516264,40,2024.2,2070.6,2047.2,0,0,738622.680065021,0,0,0
69374.9577506928,40,2031,2084.2,2061.4,0,0,738622.680065484,0,0,0
69374.9977497592,40,2045.4,2103.8,2080.2,0,0,738622.680065946,0,0,0
69375.0377488256,40,2084,2130.4,2077.4,0,0,738622.680066409,0,0,0
69375.077747892,40,2133.4,2138,2058.8,0,0,738622.680066872,0,0,0
69375.1177469584,40,2156.6,2122,2036.4,0,0,738622.680067335,0,0,0
69375.1577460248,40,2140.8,2090.6,2015.6,0,0,738622.680067798,0,0,0
69375.1977450912,40,2111.4,2066.4,2005.8,0,0,738622.680068261,0,0,0
69375.2377441576,40,2083.2,2052.6,2004.8,0,0,738622.680068724,0,0,0
69375.277743224,40,2068,2050.2,2002.2,0,0,738622.680069187,0,0,0
69375.3177422904,40,2069.8,2048.4,2004.2,0,0,738622.68006965,0,0,0
69375.3577413568,40,2078.2,2051.4,2004.8,0,0,738622.680070113,0,0,0
69375.3977404232,40,2104.8,2063.8,2003.8,0,0,738622.680070576,0,0,0
69375.4377394896,40,2135,2084.2,2012,0,0,738622.680071039,0,0,0
69375.477738556,40,2154.2,2101.2,2027,0,0,738622.680071502,0,0,0
69375.5177376224,40,2155.6,2129.2,2048,0,0,738622.680071965,0,0,0
69375.5577366888,40,2120.6,2140.6,2065.6,0,0,738622.680072428,0,0,0
69375.5977357552,40,2070.4,2125,2086.8,0,0,738622.680072891,0,0,0
69375.6377348216,40,2039,2098.8,2077,0,0,738622.680073354,0,0,0
69375.677733888,40,2029.2,2080.2,2057.6,0,0,738622.680073817,0,0,0
69375.7177329544,40,2018.8,2065.8,2043,0,0,738622.68007428,0,0,0
69375.7577320208,40,2013.6,2062.6,2038.8,0,0,738622.680074743,0,0,0
69375.7977310872,40,2014.6,2061.6,2034.4,0,0,738622.680075206,0,0,0
69375.8377301536,40,2017.2,2061.2,2047.4,0,0,738622.680075668,0,0,0
69375.87772922,40,2023.4,2074.8,2052.8,0,0,738622.680076131,0,0,0
69375.9177282864,40,2038.8,2087.4,2069,0,0,738622.680076594,0,0,0
69375.9577273528,40,2061.6,2117,2082.6,0,0,738622.680077057,0,0,0
69375.9977264192,40,2106.6,2139.4,2076,0,0,738622.68007752,0,0,0
69376.0377254856,40,2149.2,2136.2,2045.8,0,0,738622.680077983,0,0,0
69376.077724552,40,2151.4,2106.8,2026.8,0,0,738622.680078446,0,0,0
69376.1177236184,40,2130.2,2074.8,2013.6,0,0,738622.680078909,0,0,0
69376.1577226848,40,2092,2056.4,2003.6,0,0,738622.680079372,0,0,0
69376.1977217512,40,2070.8,2050.6,2002.4,0,0,738622.680079835,0,0,0
69376.2377208176,40,2061.8,2048.2,2001.4,0,0,738622.680080298,0,0,0
69376.277719884,40,2076,2054.6,2002.8,0,0,738622.680080761,0,0,0
69376.3177189504,40,2102.6,2061.4,2007,0,0,738622.680081224,0,0,0
69376.3577180168,40,2131.2,2077.6,2012.8,0,0,738622.680081687,0,0,0
69376.3977170832,40,2154,2097.6,2022,0,0,738622.68008215,0,0,0
69376.4377161496,40,2155.6,2122.6,2039.8,0,0,738622.680082613,0,0,0
69376.477715216,40,2122.2,2144.6,2063.8,0,0,738622.680083076,0,0,0
69376.5177142824,40,2077.4,2128.4,2076.4,0,0,738622.680083539,0,0,0
69376.5577133488,40,2047.4,2106,2074.6,0,0,738622.680084002,0,0,0
69376.5977124152,40,2027.6,2079.8,2064.2,0,0,738622.680084465,0,0,0
69376.6377114816,40,2021,2069.2,2044.2,0,0,738622.680084927,0,0,0
69376.677710548,40,2019.6,2065.2,2034.4,0,0,738622.68008539,0,0,0
69376.7177096144,40,2019.4,2064.6,2040,0,0,738622.680085853,0,0,0
69376.7577086808,40,2017.4,2069.8,2044.8,0,0,738622.680086316,0,0,0
69376.7977077472,40,2028.2,2075.8,2053.4,0,0,738622.680086779,0,0,0
69376.8377068136,40,2041.8,2089.8,2073.4,0,0,738622.680087242,0,0,0
69376.87770588,40,2063.4,2122.2,2084.2,0,0,738622.680087705,0,0,0
69376.9177049464,40,2118.4,2143,2063.6,0,0,738622.680088168,0,0,0
69376.9577040128,40,2154.2,2129,2038,0,0,738622.680088631,0,0,0
69376.9977030792,40,2153,2098,2019.4,0,0,738622.680089094,0,0,0
69377.0377021456,40,2110.4,2071.4,2008.2,0,0,738622.680089557,0,0,0
69377.077701212,40,2076.8,2053.2,2002,0,0,738622.68009002,0,0,0
69377.1177002784,40,2060.4,2043.8,2001.4,0,0,738622.680090483,0,0,0
69377.1576993448,40,2052.8,2044,2001.4,0,0,738622.680090946,0,0,0
69377.1976984112,40,2065.2,2047.6,2001.2,0,0,738622.680091409,0,0,0
69377.2376974776,40,2083.8,2053.2,2003,0,0,738622.680091872,0,0,0
69377.277696544,40,2119.8,2070.8,2015.4,0,0,738622.680092335,0,0,0
69377.3176956104,40,2143.4,2091.6,2016.6,0,0,738622.680092798,0,0,0
69377.3576946768,40,2161.4,2117.4,2029,0,0,738622.680093261,0,0,0
69377.3976937432,40,2137.4,2137.4,2051.4,0,0,738622.680093724,0,0,0
69377.4376928096,40,2090.2,2131,2074.4,0,0,738622.680094187,0,0,0
69377.477691876,40,2052.4,2108.4,2076.2,0,0,738622.68009465,0,0,0
69377.5176909424,40,2033.2,2087.6,2066.8,0,0,738622.680095112,0,0,0
69377.5576900088,40,2021,2071.8,2052.8,0,0,738622.680095575,0,0,0
69377.5976890752,40,2015.6,2060,2037.8,0,0,738622.680096038,0,0,0
69377.6376881416,40,2019,2062.2,2042.6,0,0,738622.680096501,0,0,0
69377.677687208,40,2016,2063.4,2043.2,0,0,738622.680096964,0,0,0
69377.7176862744,40,2022,2071,2050.8,0,0,738622.680097427,0,0,0
69377.7576853408,40,2032.2,2083,2067.8,0,0,738622.68009789,0,0,0
69377.7976844072,40,2047.6,2106.4,2080,0,0,738622.680098353,0,0,0
69377.8376834736,40,2098,2139,2076.4,0,0,738622.680098816,0,0,0
69377.87768254,40,2143.4,2140.2,2049.6,0,0,738622.680099279,0,0,0
69377.9176816064,40,2160.4,2114,2028.2,0,0,738622.680099742,0,0,0
69377.9576806728,40,2129.6,2077,2006.4,0,0,738622.680100205,0,0,0
69377.9976797392,40,2099.6,2065.4,2007.2,0,0,738622.680100668,0,0,0
69378.0376788056,40,2071.6,2046.2,2001,0,0,738622.680101131,0,0,0
69378.077677872,40,2061.8,2049,2000.2,0,0,738622.680101594,0,0,0
69378.1176769384,40,2060,2049.8,1997.8,0,0,738622.680102057,0,0,0
69378.1576760048,40,2078.6,2053,2002.2,0,0,738622.68010252,0,0,0
69378.1976750712,40,2104.4,2064.2,2006.8,0,0,738622.680102983,0,0,0
69378.2376741376,40,2135.4,2078.6,2013.6,0,0,738622.680103446,0,0,0
69378.277673204,40,2157.8,2109.4,2023.6,0,0,738622.680103909,0,0,0
69378.3176722704,40,2150.8,2134.6,2048,0,0,738622.680104372,0,0,0
69378.3576713368,40,2106.4,2141.4,2070.6,0,0,738622.680104834,0,0,0
69378.3976704032,40,2062.8,2116.8,2082,0,0,738622.680105297,0,0,0
69378.4376694696,40,2033.6,2090,2076,0,0,738622.68010576,0,0,0
69378.477668536,40,2018,2074,2055.4,0,0,738622.680106223,0,0,0
69378.5176676024,40,2014.8,2064.2,2040,0,0,738622.680106686,0,0,0
69378.5576666688,40,2015.4,2058.2,2032.8,0,0,738622.680107149,0,0,0
69378.5976657352,40,2014,2060.2,2037.6,0,0,738622.680107612,0,0,0
69378.6376648016,40,2018.4,2062.4,2038.2,0,0,738622.680108075,0,0,0
69378.677663868,40,2019,2073.8,2047.8,0,0,738622.680108538,0,0,0
69378.7176629344,40,2031.6,2083.4,2064.2,0,0,738622.680109001,0,0,0
69378.7576620008,40,2057.6,2114.4,2080,0,0,738622.680109464,0,0,0
69378.7976610672,40,2108.8,2140.2,2064.8,0,0,738622.680109927,0,0,0
69378.8376601336,40,2159.2,2125.4,2039.2,0,0,738622.68011039,0,0,0
69378.8776592,40,2150.6,2095.6,2022.4,0,0,738622.680110853,0,0,0
69378.9176582664,40,2111.8,2070.4,2012,0,0,738622.680111316,0,0,0
69378.9576573328,40,2083.4,2059.6,2001.8,0,0,738622.680111779,0,0,0
69378.9976563992,40,2058.8,2050.8,2003,0,0,738622.680112242,0,0,0
69379.0376554656,40,2063.4,2051.2,2003,0,0,738622.680112705,0,0,0
69379.077654532,40,2076,2054.2,2005.2,0,0,738622.680113168,0,0,0
69379.1176535984,40,2100.8,2062,2005.2,0,0,738622.68011363,0,0,0
69379.1576526648,40,2136,2081,2012.4,0,0,738622.680114093,0,0,0
69379.1976517312,40,2160.8,2110.6,2023.8,0,0,738622.680114556,0,0,0
69379.2376507976,40,2148.6,2136.2,2052.8,0,0,738622.680115019,0,0,0
69379.277649864,40,2097.6,2138.8,2070.2,0,0,738622.680115482,0,0,0
69379.3176489304,40,2060.8,2114.6,2080,0,0,738622.680115945,0,0,0
69379.3576479968,40,2031,2088.4,2069,0,0,738622.680116408,0,0,0
69379.3976470632,40,2021.6,2063.8,2049.4,0,0,738622.680116871,0,0,0
69379.4376461296,40,2014.8,2061.2,2038.8,0,0,738622.680117334,0,0,0
69379.477645196,40,2012.6,2064.6,2037.4,0,0,738622.680117797,0,0,0
69379.5176442624,40,2018.2,2062.2,2042.6,0,0,738622.68011826,0,0,0
69379.5576433288,40,2022.6,2070.6,2053,0,0,738622.680118723,0,0,0
69379.5976423952,40,2039.2,2087.6,2074.2,0,0,738622.680119186,0,0,0
69379.6376414616,40,2066.6,2118.6,2093.8,0,0,738622.680119649,0,0,0
69379.677640528,40,2109.6,2149.8,2084,0,0,738622.680120112,0,0,0
69379.7176395944,40,2158.2,2143.2,2059,0,0,738622.680120575,0,0,0
69379.7576386608,40,2164.2,2110.8,2031.4,0,0,738622.680121038,0,0,0
69379.7976377272,40,2127.4,2079.2,2017.2,0,0,738622.680121501,0,0,0
69379.8376367936,40,2091.2,2057,2004.6,0,0,738622.680121964,0,0,0
69379.87763586,40,2062.8,2042.6,1997.4,0,0,738622.680122427,0,0,0
69379.9176349264,40,2061.6,2046.2,1994.2,0,0,738622.68012289,0,0,0
69379.9576339928,40,2066.4,2052.6,2002.2,0,0,738622.680123353,0,0,0
69379.9976330592,40,2090.2,2058.6,2005.2,0,0,738622.680123815,0,0,0
69380.0376321256,40,2114.2,2067.6,2013.2,0,0,738622.680124278,0,0,0
69380.077631192,40,2141.6,2088.8,2021,0,0,738622.680124741,0,0,0
69380.1176302584,40,2161.4,2112,2033,0,0,738622.680125204,0,0,0
69380.1576293248,40,2139.6,2140.6,2055.2,0,0,738622.680125667,0,0,0
69380.1976283912,40,2094.8,2137.6,2072.8,0,0,738622.68012613,0,0,0
69380.2376274576,40,2055,2107.6,2082.4,0,0,738622.680126593,0,0,0
69380.277626524,40,2029.8,2086.6,2065.8,0,0,738622.680127056,0,0,0
69380.3176255904,40,2021.2,2064.4,2050.2,0,0,738622.680127519,0,0,0
69380.3576246568,40,2014.8,2064.6,2038.8,0,0,738622.680127982,0,0,0
69380.3976237232,40,2014.8,2059.2,2040.4,0,0,738622.680128445,0,0,0
69380.4376227896,40,2026.8,2067,2043.4,0,0,738622.680128908,0,0,0
69380.477621856,40,2026.2,2074,2053.4,0,0,738622.680129371,0,0,0
69380.5176209224,40,2042.6,2091.8,2074.2,0,0,738622.680129834,0,0,0
69380.5576199888,40,2070.8,2122.4,2078.6,0,0,738622.680130297,0,0,0
69380.5976190552,40,2121,2140,2064.8,0,0,738622.68013076,0,0,0
69380.6376181216,40,2156,2123.4,2031.8,0,0,738622.680131223,0,0,0
69380.677617188,40,2141.2,2086.8,2015.6,0,0,738622.680131686,0,0,0
69380.7176162544,40,2103,2062.4,2004.6,0,0,738622.680132149,0,0,0
69380.7576153208,40,2071.2,2048.6,2003,0,0,738622.680132612,0,0,0
69380.7976143872,40,2058.8,2044.6,2000.2,0,0,738622.680133075,0,0,0
69380.8376134536,40,2056,2045,1998.8,0,0,738622.680133538,0,0,0
69380.87761252,40,2071,2052.6,2000.2,0,0,738622.680134,0,0,0
69380.9176115864,40,2095,2057.4,2002.6,0,0,738622.680134463,0,0,0
69380.9576106528,40,2123.6,2076,2012.4,0,0,738622.680134926,0,0,0
69380.9976097192,40,2151,2093,2018.2,0,0,738622.680135389,0,0,0
69381.0376087856,40,2162.8,2120.6,2032.4,0,0,738622.680135852,0,0,0
69381.077607852,40,2138.6,2136.8,2055.8,0,0,738622.680136315,0,0,0
69381.1176069184,40,2092.2,2132.4,2080.6,0,0,738622.680136778,0,0,0
69381.1576059848,40,2054.8,2108,2082,0,0,738622.680137241,0,0,0
69381.1976050512,40,2032.8,2083.6,2068.4,0,0,738622.680137704,0,0,0
69381.2376041176,40,2023.4,2074.6,2051.2,0,0,738622.680138167,0,0,0
69381.277603184,40,2023.6,2065.4,2040,0,0,738622.68013863,0,0,0
69381.3176022504,40,2015.2,2061.4,2040.2,0,0,738622.680139093,0,0,0
69381.3576013168,40,2022.8,2064.6,2042.4,0,0,738622.680139556,0,0,0
69381.3976003832,40,2022,2066,2045.8,0,0,738622.680140019,0,0,0
69381.4375994496,40,2025,2077.8,2055.8,0,0,738622.680140482,0,0,0
69381.477598516,40,2044.2,2097.2,2074.8,0,0,738622.680140945,0,0,0
69381.5175975824,40,2076.2,2129.2,2079.6,0,0,738622.680141408,0,0,0
69381.5575966488,40,2127.6,2140.2,2056.4,0,0,738622.680141871,0,0,0
69381.5975957152,40,2159,2120.4,2032.6,0,0,738622.680142334,0,0,0
69381.6375947816,40,2144.8,2095.8,2018.4,0,0,738622.680142796,0,0,0
69381.677593848,40,2111.6,2065.4,2006.2,0,0,738622.680143259,0,0,0
69381.7175929144,40,2079.2,2058.4,2007,0,0,738622.680143722,0,0,0
69381.7575919808,40,2062.6,2046.6,2000,0,0,738622.680144185,0,0,0
69381.7975910472,40,2063,2044.8,1994.6,0,0,738622.680144648,0,0,0
69381.8375901136,40,2083,2056.2,2002.4,0,0,738622.680145111,0,0,0
69381.87758918,40,2117.6,2072,2010.6,0,0,738622.680145574,0,0,0
69381.9175882464,40,2143.8,2092.2,2019.2,0,0,738622.680146037,0,0,0
69381.9575873128,40,2158.8,2119,2029.4,0,0,738622.6801465,0,0,0
69381.9975863792,40,2132.6,2136.4,2051.8,0,0,738622.680146963,0,0,0
69382.0375854456,40,2090.4,2137.4,2076,0,0,738622.680147426,0,0,0
69382.077584512,40,2055.8,2110.4,2085.8,0,0,738622.680147889,0,0,0
69382.1175835784,40,2035.6,2087.8,2067.8,0,0,738622.680148352,0,0,0
69382.1575826448,40,2019.6,2071.8,2051,0,0,738622.680148815,0,0,0
69382.1975817112,40,2016,2063.4,2039.6,0,0,738622.680149278,0,0,0
69382.2375807776,40,2018,2062.6,2036.6,0,0,738622.680149741,0,0,0
69382.277579844,40,2015.4,2065.6,2042.4,0,0,738622.680150204,0,0,0
69382.3175789104,40,2015.4,2069.2,2045.6,0,0,738622.680150667,0,0,0
69382.3575779768,40,2027.8,2078,2057.2,0,0,738622.68015113,0,0,0
69382.3975770432,40,2039.4,2097.2,2074.4,0,0,738622.680151593,0,0,0
69382.4375761096,40,2067,2120,2076.8,0,0,738622.680152056,0,0,0
69382.477575176,40,2115,2140.6,2064.4,0,0,738622.680152519,0,0,0
69382.5175742424,40,2153.4,2127.4,2039.8,0,0,738622.680152981,0,0,0
69382.5575733088,40,2153.2,2099.8,2018.4,0,0,738622.680153444,0,0,0
69382.5975723752,40,2120.8,2077.2,2013.8,0,0,738622.680153907,0,0,0
69382.6375714416,40,2089.6,2062.4,2008,0,0,738622.68015437,0,0,0
69382.677570508,40,2071.2,2052.8,2009.6,0,0,738622.680154833,0,0,0
69382.7175695744,40,2073.4,2058.8,2009,0,0,738622.680155296,0,0,0
69382.7575686408,40,2083.6,2061,2004.2,0,0,738622.680155759,0,0,0
69382.7975677072,40,2097.8,2062.8,2006.4,0,0,738622.680156222,0,0,0
69382.8375667736,40,2114,2067,2011.2,0,0,738622.680156685,0,0,0
69382.87756584,40,2147.2,2091.6,2017.6,0,0,738622.680157148,0,0,0
69382.9175649064,40,2163,2123.2,2037,0,0,738622.680157611,0,0,0
69382.9575639728,40,2122.6,2141.2,2067.8,0,0,738622.680158074,0,0,0
69382.9975630392,40,2079.2,2128.6,2081.8,0,0,738622.680158537,0,0,0
69383.0375621056,40,2043.2,2105.4,2077.6,0,0,738622.680159,0,0,0
69383.077561172,40,2026.8,2078.6,2055,0,0,738622.680159463,0,0,0
69383.1175602384,40,2018.6,2064.2,2044.2,0,0,738622.680159926,0,0,0
69383.1575593048,40,2017.4,2063.6,2031.8,0,0,738622.680160389,0,0,0
69383.1975583712,40,2014.4,2060,2033.2,0,0,738622.680160852,0,0,0
69383.2375574376,40,2022.6,2063,2040.8,0,0,738622.680161315,0,0,0
69383.277556504,40,2023,2073,2051.8,0,0,738622.680161778,0,0,0
69383.3175555704,40,2039.6,2093,2071.4,0,0,738622.680162241,0,0,0
69383.3575546368,40,2065.4,2120.8,2086.4,0,0,738622.680162704,0,0,0
69383.3975537032,40,2117.4,2146.2,2072.8,0,0,738622.680163166,0,0,0
69383.4375527696,40,2158.6,2140.4,2051.2,0,0,738622.680163629,0,0,0
69383.477551836,40,2161.4,2112,2028.2,0,0,738622.680164092,0,0,0
69383.5175509024,40,2135.8,2080.6,2013.6,0,0,738622.680164555,0,0,0
69383.5575499688,40,2107.2,2064,2010.4,0,0,738622.680165018,0,0,0
69383.5975490352,40,2086.8,2058,2002.8,0,0,738622.680165481,0,0,0
69383.6375481016,40,2080,2051.8,2005.4,0,0,738622.680165944,0,0,0
69383.677547168,40,2087.2,2052.2,2003.6,0,0,738622.680166407,0,0,0
69383.7175462344,40,2107.6,2062.8,2009,0,0,738622.68016687,0,0,0
69383.7575453008,40,2137.6,2081.8,2018.6,0,0,738622.680167333,0,0,0
69383.7975443672,40,2159.2,2103.4,2027.6,0,0,738622.680167796,0,0,0
69383.8375434336,40,2171.4,2131.2,2043.2,0,0,738622.680168259,0,0,0
69383.8775425,40,2141.2,2146.4,2066.6,0,0,738622.680168722,0,0,0
69383.9175415664,40,2100.8,2142.6,2086.6,0,0,738622.680169185,0,0,0
69383.9575406328,40,2063.8,2117.6,2086.6,0,0,738622.680169648,0,0,0
69383.9975396992,40,2042.4,2096.4,2076,0,0,738622.680170111,0,0,0
69384.0375387656,40,2024.4,2074.6,2059.8,0,0,738622.680170574,0,0,0
69384.077537832,40,2019.4,2066,2049.6,0,0,738622.680171037,0,0,0
69384.1175368984,40,2017.4,2069.4,2047.6,0,0,738622.6801715,0,0,0
69384.1575359648,40,2023,2073.8,2055.8,0,0,738622.680171962,0,0,0
69384.1975350312,40,2036.4,2089.2,2071.4,0,0,738622.680172425,0,0,0
69384.2375340976,40,2054.6,2109.6,2087.8,0,0,738622.680172888,0,0,0
69384.277533164,40,2083.6,2133.2,2082.8,0,0,738622.680173351,0,0,0
69384.3175322304,40,2130.4,2152.8,2075.2,0,0,738622.680173814,0,0,0
69384.3575312968,40,2162.8,2146.6,2055.6,0,0,738622.680174277,0,0,0
69384.3975303632,40,2168.6,2112.8,2033.2,0,0,738622.68017474,0,0,0
69384.4375294296,40,2145.4,2091,2020,0,0,738622.680175203,0,0,0
69384.477528496,40,2118.6,2079.4,2013,0,0,738622.680175666,0,0,0
69384.5175275624,40,2098.4,2063.2,2007,0,0,738622.680176129,0,0,0
69384.5575266288,40,2091.6,2059.6,2004.6,0,0,738622.680176592,0,0,0
69384.5975256952,40,2104.6,2064.8,2006,0,0,738622.680177055,0,0,0
69384.6375247616,40,2123.4,2070.6,2011.4,0,0,738622.680177518,0,0,0
69384.677523828,40,2149.4,2088.8,2020.8,0,0,738622.680177981,0,0,0
69384.7175228944,40,2165,2110,2030.6,0,0,738622.680178444,0,0,0
69384.7575219608,40,2171.4,2127.6,2046.4,0,0,738622.680178907,0,0,0
69384.7975210272,40,2150.2,2147.4,2064.2,0,0,738622.68017937,0,0,0
69384.8375200936,40,2113.6,2146,2081.4,0,0,738622.680179833,0,0,0
69384.87751916,40,2075.8,2133.6,2088.4,0,0,738622.680180296,0,0,0
69384.9175182264,40,2047.8,2105.6,2079.2,0,0,738622.680180759,0,0,0
69384.9575172928,40,2034.4,2080.6,2064,0,0,738622.680181222,0,0,0
69384.9975163592,40,2022.4,2073,2053.4,0,0,738622.680181685,0,0,0
69385.0375154256,40,2022.2,2058.2,2040,0,0,738622.680182147,0,0,0
69385.077514492,40,2014,2069,2040,0,0,738622.68018261,0,0,0
69385.1175135584,40,2018.6,2064.4,2045.2,0,0,738622.680183073,0,0,0
69385.1575126248,40,2027,2076.4,2057.8,0,0,738622.680183536,0,0,0
69385.1975116912,40,2044.4,2103.2,2073.8,0,0,738622.680183999,0,0,0
69385.2375107576,40,2076,2129.6,2077.4,0,0,738622.680184462,0,0,0
69385.277509824,40,2122.4,2145.8,2075.4,0,0,738622.680184925,0,0,0
69385.3175088904,40,2160.6,2131.8,2044.8,0,0,738622.680185388,0,0,0
69385.3575079568,40,2162.2,2107.4,2027.8,0,0,738622.680185851,0,0,0
69385.3975070232,40,2130.4,2083.2,2016.2,0,0,738622.680186314,0,0,0
69385.4375060896,40,2098.2,2068.8,2007.2,0,0,738622.680186777,0,0,0
69385.477505156,40,2091.8,2063.8,2010.8,0,0,738622.68018724,0,0,0
69385.5175042224,40,2089.6,2061.8,2007.4,0,0,738622.680187703,0,0,0
69385.5575032888,40,2097,2058,2002.6,0,0,738622.680188166,0,0,0
69385.5975023552,40,2111.8,2070.4,2004,0,0,738622.680188629,0,0,0
69385.6375014216,40,2145.2,2089.4,2017.6,0,0,738622.680189092,0,0,0
69385.677500488,40,2166.8,2113.2,2028,0,0,738622.680189555,0,0,0
69385.7174995544,40,2160.6,2140.8,2052.6,0,0,738622.680190018,0,0,0
69385.7574986208,40,2124.4,2149,2071.6,0,0,738622.680190481,0,0,0
69385.7974976872,40,2085,2138.8,2085.2,0,0,738622.680190944,0,0,0
69385.8374967536,40,2053.6,2111.4,2080.4,0,0,738622.680191407,0,0,0
69385.87749582,40,2033.6,2090.4,2069.4,0,0,738622.680191869,0,0,0
69385.9174948864,40,2024.2,2076.2,2054.4,0,0,738622.680192332,0,0,0
69385.9574939528,40,2020.8,2072.8,2050,0,0,738622.680192795,0,0,0
69385.9974930192,40,2022.4,2073.2,2051.8,0,0,738622.680193258,0,0,0
69386.0374920856,40,2029.4,2084.8,2065.6,0,0,738622.680193721,0,0,0
69386.077491152,40,2041.6,2099.8,2083.8,0,0,738622.680194184,0,0,0
69386.1174902184,40,2061.4,2121.6,2090.6,0,0,738622.680194647,0,0,0
69386.1574892848,40,2104,2148,2099.2,0,0,738622.68019511,0,0,0
69386.1974883512,40,2148.6,2155.4,2068,0,0,738622.680195573,0,0,0
69386.2374874176,40,2172.2,2132.8,2044.2,0,0,738622.680196036,0,0,0
69386.277486484,40,2152.2,2098.2,2031,0,0,738622.680196499,0,0,0
69386.3174855504,40,2118.2,2075,2010.4,0,0,738622.680196962,0,0,0
69386.3574846168,40,2086.8,2064.2,2004.2,0,0,738622.680197425,0,0,0
69386.3974836832,40,2059.2,2052.6,2002,0,0,738622.680197888,0,0,0
69386.4374827496,40,2050.4,2045.8,1996.2,0,0,738622.680198351,0,0,0
69386.477481816,40,2059.6,2049,2000.4,0,0,738622.680198814,0,0,0
69386.5174808824,40,2082,2054,2005,0,0,738622.680199277,0,0,0
69386.5574799488,40,2108,2066.2,2007.2,0,0,738622.68019974,0,0,0
69386.5974790152,40,2141.8,2086.8,2014,0,0,738622.680200203,0,0,0
69386.6374780816,40,2154.8,2095.6,2020.8,0,0,738622.680200665,0,0,0
69386.677477148,40,2154.6,2128,2037.6,0,0,738622.680201128,0,0,0
69386.7174762144,40,2119.8,2142.4,2066.8,0,0,738622.680201591,0,0,0
69386.7574752808,40,2079.6,2132,2083.6,0,0,738622.680202054,0,0,0
69386.7974743472,40,2045.6,2101.6,2083,0,0,738622.680202517,0,0,0
69386.8374734136,40,2029.4,2082.6,2060.6,0,0,738622.68020298,0,0,0
69386.87747248,40,2020.6,2073.8,2053.6,0,0,738622.680203443,0,0,0
69386.9174715464,40,2026,2075.2,2057.2,0,0,738622.680203906,0,0,0
69386.9574706128,40,2033.8,2087,2073.2,0,0,738622.680204369,0,0,0
69386.9974696792,40,2045.2,2099.2,2081.8,0,0,738622.680204832,0,0,0
69387.0374687456,40,2066.4,2124.4,2091.2,0,0,738622.680205295,0,0,0
69387.077467812,40,2108.8,2147.8,2082.4,0,0,738622.680205758,0,0,0
69387.1174668784,40,2148.8,2152.2,2066.2,0,0,738622.680206221,0,0,0
69387.1574659448,40,2167.6,2131.2,2049,0,0,738622.680206684,0,0,0
69387.1974650112,40,2155,2106.2,2033,0,0,738622.680207147,0,0,0
69387.2374640776,40,2121.6,2082.6,2019,0,0,738622.68020761,0,0,0
69387.277463144,40,2090.6,2068,2007.2,0,0,738622.680208073,0,0,0
69387.3174622104,40,2071.8,2053.4,2002,0,0,738622.680208536,0,0,0
69387.3574612768,40,2059.6,2046.6,2004.2,0,0,738622.680208999,0,0,0
69387.3974603432,40,2061.2,2047.8,1998,0,0,738622.680209462,0,0,0
69387.4374594096,40,2091.2,2060.4,2007.8,0,0,738622.680209925,0,0,0
69387.477458476,40,2129.2,2077,2014.2,0,0,738622.680210388,0,0,0
69387.5174575424,40,2156.6,2097.8,2026.4,0,0,738622.68021085,0,0,0
69387.5574566088,40,2161.2,2123.6,2040.2,0,0,738622.680211313,0,0,0
69387.5974556752,40,2134,2139.8,2054.6,0,0,738622.680211776,0,0,0
69387.6374547416,40,2094.6,2135.4,2074.4,0,0,738622.680212239,0,0,0
69387.677453808,40,2059.8,2119.4,2083.4,0,0,738622.680212702,0,0,0
69387.7174528744,40,2040.4,2089,2072.8,0,0,738622.680213165,0,0,0
69387.7574519408,40,2027.2,2079.4,2064.8,0,0,738622.680213628,0,0,0
69387.7974510072,40,2024.8,2073.6,2054.2,0,0,738622.680214091,0,0,0
69387.8374500736,40,2026.2,2071.2,2057,0,0,738622.680214554,0,0,0
69387.87744914,40,2030.8,2081.6,2064.8,0,0,738622.680215017,0,0,0
69387.9174482064,40,2038.2,2096.6,2083.2,0,0,738622.68021548,0,0,0
69387.9574472728,40,2064.6,2121.4,2087,0,0,738622.680215943,0,0,0
69387.9974463392,40,2104.8,2140.6,2079.6,0,0,738622.680216406,0,0,0
69388.0374454056,40,2151.2,2143.2,2057.8,0,0,738622.680216869,0,0,0
69388.077444472,40,2166.6,2117,2038.2,0,0,738622.680217332,0,0,0
69388.1174435384,40,2151,2095,2022.2,0,0,738622.680217795,0,0,0
69388.1574426048,40,2119,2073.8,2016,0,0,738622.680218258,0,0,0
69388.1974416712,40,2089.2,2058.4,2009.2,0,0,738622.680218721,0,0,0
69388.2374407376,40,2070.8,2055.6,2004,0,0,738622.680219184,0,0,0
69388.277439804,40,2060.6,2046.2,1995,0,0,738622.680219647,0,0,0
69388.3174388704,40,2065.6,2043,2002,0,0,738622.68022011,0,0,0
69388.3574379368,40,2084.4,2057,2002.4,0,0,738622.680220573,0,0,0
69388.3974370032,40,2109.2,2069.8,2011.2,0,0,738622.680221035,0,0,0
69388.4374360696,40,2148,2091.8,2021,0,0,738622.680221498,0,0,0
69388.477435136,40,2158.8,2109,2030.4,0,0,738622.680221961,0,0,0
69388.5174342024,40,2160.8,2133.8,2043.4,0,0,738622.680222424,0,0,0
69388.5574332688,40,2120.4,2139.8,2061.8,0,0,738622.680222887,0,0,0
69388.5974323352,40,2075.4,2128.4,2081,0,0,738622.68022335,0,0,0
69388.6374314016,40,2050.2,2105.4,2081.4,0,0,738622.680223813,0,0,0
69388.677430468,40,2037,2090.4,2070.4,0,0,738622.680224276,0,0,0
69388.7174295344,40,2025.2,2072.2,2055,0,0,738622.680224739,0,0,0
69388.7574286008,40,2024.6,2072.2,2049.6,0,0,738622.680225202,0,0,0
69388.7974276672,40,2022.6,2071.4,2057,0,0,738622.680225665,0,0,0
69388.8374267336,40,2030,2085,2068,0,0,738622.680226128,0,0,0
69388.8774258,40,2051,2103.6,2081.8,0,0,738622.680226591,0,0,0
69388.9174248664,40,2087.2,2130.6,2075.4,0,0,738622.680227054,0,0,0
69388.9574239328,40,2137.8,2139.6,2050.2,0,0,738622.680227517,0,0,0
69388.9974229992,40,2162.8,2110,2028,0,0,738622.68022798,0,0,0
69389.0374220656,40,2136.2,2078.8,2012.8,0,0,738622.680228443,0,0,0
69389.077421132,40,2090.8,2056,2002.8,0,0,738622.680228906,0,0,0
69389.1174201984,40,2068,2046.6,2001,0,0,738622.680229369,0,0,0
69389.1574192648,40,2048.8,2044.4,2003.2,0,0,738622.680229831,0,0,0
69389.1974183312,40,2053.2,2046.8,1999.8,0,0,738622.680230294,0,0,0
69389.2374173976,40,2073.2,2047.6,2001.2,0,0,738622.680230757,0,0,0
69389.277416464,40,2088.8,2062.2,2007,0,0,738622.68023122,0,0,0
69389.3174155304,40,2123,2072.6,2011.8,0,0,738622.680231683,0,0,0
69389.3574145968,40,2151.2,2094.8,2024.6,0,0,738622.680232146,0,0,0
69389.3974136632,40,2153,2125.8,2040.8,0,0,738622.680232609,0,0,0
69389.4374127296,40,2121.2,2138.4,2062.6,0,0,738622.680233072,0,0,0
69389.477411796,40,2073,2129.2,2081.8,0,0,738622.680233535,0,0,0
69389.5174108624,40,2040.6,2102,2079.4,0,0,738622.680233998,0,0,0
69389.5574099288,40,2028.8,2080.8,2062.6,0,0,738622.680234461,0,0,0
69389.5974089952,40,2019.2,2065.8,2047.4,0,0,738622.680234924,0,0,0
69389.6374080616,40,2016,2064,2043.6,0,0,738622.680235387,0,0,0
69389.677407128,40,2018,2066.8,2049.8,0,0,738622.68023585,0,0,0
69389.7174061944,40,2025.8,2074.2,2055,0,0,738622.680236313,0,0,0
69389.7574052608,40,2039,2089,2072,0,0,738622.680236776,0,0,0
69389.7974043272,40,2067.2,2121.2,2078,0,0,738622.680237239,0,0,0
69389.8374033936,40,2112.4,2141,2069.8,0,0,738622.680237702,0,0,0
69389.87740246,40,2150.8,2132,2044.6,0,0,738622.680238165,0,0,0
69389.9174015264,40,2158.4,2098.8,2017.8,0,0,738622.680238628,0,0,0
69389.9574005928,40,2118.6,2074.4,2006,0,0,738622.680239091,0,0,0
69389.9973996592,40,2091,2058.6,2002.2,0,0,738622.680239554,0,0,0
69390.0373987256,40,2066.8,2047.6,2001.4,0,0,738622.680240016,0,0,0
69390.077397792,40,2062.2,2046.6,2001.6,0,0,738622.680240479,0,0,0
69390.1173968584,40,2077,2054.4,2002,0,0,738622.680240942,0,0,0
69390.1573959248,40,2095,2063.2,2004.6,0,0,738622.680241405,0,0,0
69390.1973949912,40,2132.6,2075,2013,0,0,738622.680241868,0,0,0
69390.2373940576,40,2156,2102,2023.2,0,0,738622.680242331,0,0,0
69390.277393124,40,2159,2127.4,2040.6,0,0,738622.680242794,0,0,0
69390.3173921904,40,2136.2,2140.4,2056.8,0,0,738622.680243257,0,0,0
69390.3573912568,40,2089,2131.6,2073.2,0,0,738622.68024372,0,0,0
69390.3973903232,40,2049.2,2107.8,2080,0,0,738622.680244183,0,0,0
69390.4373893896,40,2037.2,2084.4,2072.8,0,0,738622.680244646,0,0,0
69390.477388456,40,2021.4,2071,2049.6,0,0,738622.680245109,0,0,0
69390.5173875224,40,2020.4,2067,2045.2,0,0,738622.680245572,0,0,0
69390.5573865888,40,2021.8,2070,2047,0,0,738622.680246035,0,0,0
69390.5973856552,40,2023.4,2070.2,2051.8,0,0,738622.680246498,0,0,0
69390.6373847216,40,2033.4,2086.6,2065.4,0,0,738622.680246961,0,0,0
69390.677383788,40,2050.2,2107.6,2081.4,0,0,738622.680247424,0,0,0
69390.7173828544,40,2086,2130,2074.4,0,0,738622.680247887,0,0,0
69390.7573819208,40,2130.8,2139.6,2057.4,0,0,738622.68024835,0,0,0
69390.7973809872,40,2160.2,2120.4,2033.6,0,0,738622.680248813,0,0,0
69390.8373800536,40,2149.6,2092.8,2019.2,0,0,738622.680249276,0,0,0
69390.87737912,40,2121.8,2077.2,2015,0,0,738622.680249739,0,0,0
69390.9173781864,40,2100,2065.2,2008.8,0,0,738622.680250201,0,0,0
69390.9573772528,40,2083,2058,2002.6,0,0,738622.680250664,0,0,0
69390.9973763192,40,2088.8,2060.2,2002.2,0,0,738622.680251127,0,0,0
69391.0373753856,40,2102.6,2058.8,2003.4,0,0,738622.68025159,0,0,0
69391.077374452,40,2119.8,2071.2,2010.8,0,0,738622.680252053,0,0,0
69391.1173735184,40,2143.4,2083.2,2016.8,0,0,738622.680252516,0,0,0
69391.1573725848,40,2156.8,2115.2,2031.4,0,0,738622.680252979,0,0,0
69391.1973716512,40,2135.6,2138.2,2048.6,0,0,738622.680253442,0,0,0
69391.2373707176,40,2091,2134.6,2070.6,0,0,738622.680253905,0,0,0
69391.277369784,40,2057.4,2114.2,2079,0,0,738622.680254368,0,0,0
69391.3173688504,40,2034.4,2087.2,2067.8,0,0,738622.680254831,0,0,0
69391.3573679168,40,2026.4,2072.8,2050.4,0,0,738622.680255294,0,0,0
69391.3973669832,40,2015.6,2064.6,2049,0,0,738622.680255757,0,0,0
69391.4373660496,40,2015.4,2065.2,2042.8,0,0,738622.68025622,0,0,0
69391.477365116,40,2023,2068.2,2045.8,0,0,738622.680256683,0,0,0
69391.5173641824,40,2024.2,2073.4,2062.4,0,0,738622.680257146,0,0,0
69391.5573632488,40,2043.2,2094.8,2076.2,0,0,738622.680257609,0,0,0
69391.5973623152,40,2062.8,2117.2,2081.2,0,0,738622.680258072,0,0,0
69391.6373613816,40,2107.4,2133.8,2066.6,0,0,738622.680258535,0,0,0
69391.677360448,40,2149.2,2133,2048.6,0,0,738622.680258997,0,0,0
69391.7173595144,40,2161.6,2115,2028.2,0,0,738622.68025946,0,0,0
69391.7573585808,40,2143.6,2088.2,2024,0,0,738622.680259923,0,0,0
69391.7973576472,40,2113.8,2072.8,2017.4,0,0,738622.680260386,0,0,0
69391.8373567136,40,2091.6,2063.8,2011,0,0,738622.680260849,0,0,0
69391.87735578,40,2075,2055.6,2004.2,0,0,738622.680261312,0,0,0
69391.9173548464,40,2074.8,2053,2004.6,0,0,738622.680261775,0,0,0
69391.9573539128,40,2086.6,2056.6,2003.4,0,0,738622.680262238,0,0,0
69391.9973529792,40,2094.8,2057.4,2004,0,0,738622.680262701,0,0,0
69392.0373520456,40,2107.2,2067.6,2005.6,0,0,738622.680263164,0,0,0
69392.077351112,40,2134.2,2076.2,2011.8,0,0,738622.680263627,0,0,0
69392.1173501784,40,2157.8,2104.4,2024.6,0,0,738622.68026409,0,0,0
69392.1573492448,40,2162.2,2123.6,2045.6,0,0,738622.680264553,0,0,0
69392.1973483112,40,2139.6,2148.4,2062,0,0,738622.680265016,0,0,0
69392.2373473776,40,2105.6,2146.2,2080.2,0,0,738622.680265479,0,0,0
69392.277346444,40,2072.4,2125.6,2086.6,0,0,738622.680265942,0,0,0
69392.3173455104,40,2043.6,2099,2080.8,0,0,738622.680266405,0,0,0
69392.3573445768,40,2031,2085.8,2064.8,0,0,738622.680266868,0,0,0
69392.3973436432,40,2025.4,2070.8,2055.4,0,0,738622.680267331,0,0,0
69392.4373427096,40,2021.8,2069,2046.8,0,0,738622.680267794,0,0,0
69392.477341776,40,2020.4,2068,2044.8,0,0,738622.680268257,0,0,0
69392.5173408424,40,2022.8,2071.4,2052.6,0,0,738622.68026872,0,0,0
69392.5573399088,40,2029.4,2080.4,2064.2,0,0,738622.680269182,0,0,0
69392.5973389752,40,2042,2099.8,2076.6,0,0,738622.680269645,0,0,0
69392.6373380416,40,2078.8,2127.4,2078.4,0,0,738622.680270108,0,0,0
69392.677337108,40,2122.6,2138,2060.6,0,0,738622.680270571,0,0,0
69392.7173361744,40,2162.6,2124,2039.6,0,0,738622.680271034,0,0,0
69392.7573352408,40,2152.4,2097,2021,0,0,738622.680271497,0,0,0
69392.7973343072,40,2114.8,2071.6,2013.4,0,0,738622.68027196,0,0,0
69392.8373333736,40,2084.8,2059.6,2008,0,0,738622.680272423,0,0,0
69392.87733244,40,2064.4,2049.8,2001.4,0,0,738622.680272886,0,0,0
69392.9173315064,40,2061.4,2051.8,2003,0,0,738622.680273349,0,0,0
69392.9573305728,40,2065,2053.2,2004.2,0,0,738622.680273812,0,0,0
69392.9973296392,40,2081.2,2055.8,2003.6,0,0,738622.680274275,0,0,0
69393.0373287056,40,2110,2068.8,2012.8,0,0,738622.680274738,0,0,0
69393.077327772,40,2134.6,2085.8,2013.6,0,0,738622.680275201,0,0,0
69393.1173268384,40,2159.6,2108,2017.8,0,0,738622.680275664,0,0,0
69393.1573259048,40,2152.4,2135.2,2045.8,0,0,738622.680276127,0,0,0
69393.1973249712,40,2113.4,2137.4,2071.8,0,0,738622.68027659,0,0,0
69393.2373240376,40,2068.8,2122,2084.4,0,0,738622.680277053,0,0,0
69393.277323104,40,2042.4,2097.4,2074.2,0,0,738622.680277516,0,0,0
69393.3173221704,40,2024,2078,2054.2,0,0,738622.680277979,0,0,0
69393.3573212368,40,2015,2073,2045.8,0,0,738622.680278442,0,0,0
69393.3973203032,40,2019,2071,2042.8,0,0,738622.680278905,0,0,0
69393.4373193696,40,2020,2065,2042.2,0,0,738622.680279367,0,0,0
69393.477318436,40,2020.8,2075.6,2055,0,0,738622.68027983,0,0,0
69393.5173175024,40,2035.2,2092.8,2072.2,0,0,738622.680280293,0,0,0
69393.5573165688,40,2056,2112.6,2079.4,0,0,738622.680280756,0,0,0
69393.5973156352,40,2094.2,2133.6,2078.4,0,0,738622.680281219,0,0,0
69393.6373147016,40,2134.2,2139,2064.8,0,0,738622.680281682,0,0,0
69393.680313698,43,2164.8,2123.4,2038.4,0,0,738622.68028218,0,0,0
69393.7203127644,40,2148.8,2100.8,2026,0,0,738622.680282643,0,0,0
69393.7603118308,40,2124.8,2073,2012.8,0,0,738622.680283106,0,0,0
69393.8003108972,40,2097.6,2061.6,2006,0,0,738622.680283569,0,0,0
69393.8403099636,40,2080.6,2055.4,2005.8,0,0,738622.680284032,0,0,0
69393.88030903,40,2075.8,2054.2,2000.8,0,0,738622.680284495,0,0,0
69393.9203080964,40,2089.2,2056.2,1998.4,0,0,738622.680284958,0,0,0
69393.9603071628,40,2110.2,2064.8,2010,0,0,738622.680285421,0,0,0
69394.0003062292,40,2138,2086.4,2018.6,0,0,738622.680285883,0,0,0
69394.0403052956,40,2161.8,2105.4,2027,0,0,738622.680286346,0,0,0
69394.080304362,40,2159.2,2120.2,2038.8,0,0,738622.680286809,0,0,0
69394.1203034284,40,2131.2,2141.2,2058.2,0,0,738622.680287272,0,0,0
69394.1603024948,40,2083.4,2129.6,2075.4,0,0,738622.680287735,0,0,0
69394.2003015612,40,2053.4,2104,2081.2,0,0,738622.680288198,0,0,0
69394.2403006276,40,2031.8,2080.6,2066.6,0,0,738622.680288661,0,0,0
69394.280299694,40,2025.8,2078.8,2052,0,0,738622.680289124,0,0,0
69394.3202987604,40,2019.6,2066.4,2043,0,0,738622.680289587,0,0,0
69394.3602978268,40,2024,2071.4,2046.8,0,0,738622.68029005,0,0,0
69394.4002968932,40,2024.2,2076.6,2055.8,0,0,738622.680290513,0,0,0
69394.4402959596,40,2041,2094.2,2079.4,0,0,738622.680290976,0,0,0
69394.480295026,40,2062.8,2117,2083.2,0,0,738622.680291439,0,0,0
69394.5202940924,40,2108.8,2140,2072.6,0,0,738622.680291902,0,0,0
69394.5602931588,40,2151.6,2135,2048.2,0,0,738622.680292365,0,0,0
69394.6002922252,40,2160,2101.6,2030,0,0,738622.680292828,0,0,0
69394.6402912916,40,2133,2081,2009,0,0,738622.680293291,0,0,0
69394.680290358,40,2099.6,2062,2005.2,0,0,738622.680293754,0,0,0
69394.7202894244,40,2074.6,2053,2002,0,0,738622.680294217,0,0,0
69394.7602884908,40,2060.4,2046.8,1998.8,0,0,738622.68029468,0,0,0
69394.8002875572,40,2055,2043.4,2000.2,0,0,738622.680295142,0,0,0
69394.8402866236,40,2059.8,2046.8,2000.2,0,0,738622.680295605,0,0,0
69394.88028569,40,2082.4,2050.8,2005.8,0,0,738622.680296068,0,0,0
69394.9202847564,40,2116.4,2067.2,2011.2,0,0,738622.680296531,0,0,0
69394.9602838228,40,2151.4,2095.2,2020.4,0,0,738622.680296994,0,0,0
69395.0002828892,40,2161.8,2125,2038.2,0,0,738622.680297457,0,0,0
69395.0402819556,40,2137.2,2146.2,2056.8,0,0,738622.68029792,0,0,0
69395.080281022,40,2084.2,2132.6,2072.4,0,0,738622.680298383,0,0,0
69395.1202800884,40,2047.6,2107.6,2080,0,0,738622.680298846,0,0,0
69395.1602791548,40,2034.2,2086.4,2065.8,0,0,738622.680299309,0,0,0
69395.2002782212,40,2020.6,2073.4,2051.4,0,0,738622.680299772,0,0,0
69395.2402772876,40,2017.8,2068.4,2043.6,0,0,738622.680300235,0,0,0
69395.280276354,40,2018.6,2066,2045.6,0,0,738622.680300698,0,0,0
69395.3202754204,40,2029.2,2071.6,2051.8,0,0,738622.680301161,0,0,0
69395.3602744868,40,2037,2087.4,2070.6,0,0,738622.680301624,0,0,0
69395.4002735532,40,2053.6,2110.6,2078.4,0,0,738622.680302087,0,0,0
69395.4402726196,40,2098.4,2138.8,2073.4,0,0,738622.68030255,0,0,0
69395.480271686,40,2143.4,2139.6,2056.4,0,0,738622.680303013,0,0,0
69395.5202707524,40,2164.2,2114,2032.8,0,0,738622.680303476,0,0,0
69395.5602698188,40,2143.4,2089.4,2016,0,0,738622.680303939,0,0,0
69395.6002688852,40,2105.4,2070.6,2012.8,0,0,738622.680304402,0,0,0
69395.6402679516,40,2081.2,2053.4,2001.4,0,0,738622.680304865,0,0,0
69395.680267018,40,2061.6,2046.4,2002,0,0,738622.680305327,0,0,0
69395.7202660844,40,2057.4,2046,2000,0,0,738622.68030579,0,0,0
69395.7602651508,40,2065.6,2046.8,2000,0,0,738622.680306253,0,0,0
69395.8002642172,40,2087.4,2058.2,2001.6,0,0,738622.680306716,0,0,0
69395.8402632836,40,2123.8,2072.8,2011,0,0,738622.680307179,0,0,0
69395.88026235,40,2163.2,2106.2,2028,0,0,738622.680307642,0,0,0
69395.9202614164,40,2164,2140.6,2049.8,0,0,738622.680308105,0,0,0
69395.9602604828,40,2118,2143.4,2075,0,0,738622.680308568,0,0,0
69396.0002595492,40,2067.6,2127.6,2080.8,0,0,738622.680309031,0,0,0
69396.0402586156,40,2041.2,2093.8,2071.8,0,0,738622.680309494,0,0,0
69396.080257682,40,2024.8,2076,2050,0,0,738622.680309957,0,0,0
69396.1202567484,40,2019,2064.4,2041.4,0,0,738622.68031042,0,0,0
69396.1602558148,40,2015.2,2058,2042,0,0,738622.680310883,0,0,0
69396.2002548812,40,2019.4,2062,2046.2,0,0,738622.680311346,0,0,0
69396.2402539476,40,2023.4,2076.2,2057.4,0,0,738622.680311809,0,0,0
69396.280253014,40,2037,2089.8,2074.2,0,0,738622.680312272,0,0,0
69396.3202520804,40,2063.4,2120.6,2084.8,0,0,738622.680312735,0,0,0
69396.3602511468,40,2115.2,2143.6,2071.8,0,0,738622.680313198,0,0,0
69396.4002502132,40,2162.2,2134.8,2050,0,0,738622.680313661,0,0,0
69396.4402492796,40,2158,2108.4,2030.8,0,0,738622.680314124,0,0,0
69396.480248346,40,2125.6,2082.6,2019,0,0,738622.680314586,0,0,0
69396.5202474124,40,2093.4,2064.8,2012.4,0,0,738622.680315049,0,0,0
69396.5602464788,40,2064.4,2056.4,2009.6,0,0,738622.680315512,0,0,0
69396.6002455452,40,2069.6,2054.4,2010.8,0,0,738622.680315975,0,0,0
69396.6402446116,40,2078.6,2054.8,2004.6,0,0,738622.680316438,0,0,0
69396.680243678,40,2087.4,2060.2,2008.8,0,0,738622.680316901,0,0,0
69396.7202427444,40,2105.2,2066.8,2004.4,0,0,738622.680317364,0,0,0
69396.7602418108,40,2133.8,2077,2011.6,0,0,738622.680317827,0,0,0
69396.8002408772,40,2158.6,2109.6,2031,0,0,738622.68031829,0,0,0
69396.8402399436,40,2153.8,2137.8,2049.4,0,0,738622.680318753,0,0,0
69396.88023901,40,2118.4,2140.8,2071.6,0,0,738622.680319216,0,0,0
69396.9202380764,40,2066.4,2127.6,2085.6,0,0,738622.680319679,0,0,0
69396.9602371428,40,2044,2097.6,2075.4,0,0,738622.680320142,0,0,0
69397.0002362092,40,2024.2,2074.6,2054,0,0,738622.680320605,0,0,0
69397.0402352756,40,2019,2064.4,2046.2,0,0,738622.680321068,0,0,0
69397.080234342,40,2016.4,2063.4,2039,0,0,738622.680321531,0,0,0
69397.1202334084,40,2018.8,2063,2045.4,0,0,738622.680321994,0,0,0
69397.1602324748,40,2027.4,2075.6,2052.4,0,0,738622.680322457,0,0,0
69397.2002315412,40,2037.6,2095.4,2074.6,0,0,738622.68032292,0,0,0
69397.2402306076,40,2065.8,2120,2090,0,0,738622.680323383,0,0,0
69397.280229674,40,2113.4,2146.4,2079.6,0,0,738622.680323846,0,0,0
69397.3202287404,40,2155.2,2136.8,2056.4,0,0,738622.680324308,0,0,0
69397.3602278068,40,2164.8,2115.4,2031.8,0,0,738622.680324771,0,0,0
69397.4002268732,40,2133.8,2082.6,2016,0,0,738622.680325234,0,0,0
69397.4402259396,40,2087.4,2062.2,2013,0,0,738622.680325697,0,0,0
69397.480225006,40,2066,2050.4,2005.4,0,0,738622.68032616,0,0,0
69397.5202240724,40,2053.8,2044.6,1992.8,0,0,738622.680326623,0,0,0
69397.5602231388,40,2053.2,2044.6,1998.2,0,0,738622.680327086,0,0,0
69397.6002222052,40,2069.2,2046.4,1997.4,0,0,738622.680327549,0,0,0
69397.6402212716,40,2099.8,2059.6,2001.2,0,0,738622.680328012,0,0,0
69397.680220338,40,2135.2,2083.4,2013,0,0,738622.680328475,0,0,0
69397.7202194044,40,2159.4,2114.6,2025.4,0,0,738622.680328938,0,0,0
69397.7602184708,40,2150,2135,2047.6,0,0,738622.680329401,0,0,0
69397.8002175372,40,2106.2,2144,2072.8,0,0,738622.680329864,0,0,0
69397.8402166036,40,2067.2,2120.8,2080.8,0,0,738622.680330327,0,0,0
69397.88021567,40,2036.6,2093.4,2077,0,0,738622.68033079,0,0,0
69397.9202147364,40,2023,2069,2051.4,0,0,738622.680331253,0,0,0
69397.9602138028,40,2017.6,2064,2041,0,0,738622.680331716,0,0,0
69398.0002128692,40,2014,2061.4,2039,0,0,738622.680332179,0,0,0
69398.0402119356,40,2019,2063.4,2050.2,0,0,738622.680332642,0,0,0
69398.080211002,40,2030,2077.2,2056.6,0,0,738622.680333105,0,0,0
69398.1202100684,40,2042.2,2096.6,2076.8,0,0,738622.680333568,0,0,0
69398.1602091348,40,2062.4,2124.2,2082.8,0,0,738622.680334031,0,0,0
69398.2002082012,40,2112.8,2144.2,2070.6,0,0,738622.680334493,0,0,0
69398.2402072676,40,2149.8,2134.6,2049.6,0,0,738622.680334956,0,0,0
69398.280206334,40,2158.4,2106.2,2028.4,0,0,738622.680335419,0,0,0
69398.3202054004,40,2127.8,2080.2,2009.4,0,0,738622.680335882,0,0,0
69398.3602044668,40,2093.2,2064.8,2004.2,0,0,738622.680336345,0,0,0
69398.4002035332,40,2069.8,2051,2001.2,0,0,738622.680336808,0,0,0
69398.4402025996,40,2055.8,2046.8,1998.6,0,0,738622.680337271,0,0,0
69398.480201666,40,2067.6,2050.4,1997.8,0,0,738622.680337734,0,0,0
69398.5202007324,40,2083.6,2056.4,1998.6,0,0,738622.680338197,0,0,0
69398.5601997988,40,2118.2,2071.4,2011.8,0,0,738622.68033866,0,0,0
69398.6001988652,40,2151.8,2097.8,2021,0,0,738622.680339123,0,0,0
69398.6401979316,40,2167,2124,2036,0,0,738622.680339586,0,0,0
69398.680196998,40,2148.2,2143.4,2057.6,0,0,738622.680340049,0,0,0
69398.7201960644,40,2108,2139,2069.6,0,0,738622.680340512,0,0,0
69398.7601951308,40,2070.2,2125.6,2085.6,0,0,738622.680340975,0,0,0
69398.8001941972,40,2046,2099.6,2077.6,0,0,738622.680341438,0,0,0
69398.8401932636,40,2029.2,2079.6,2058.8,0,0,738622.680341901,0,0,0
69398.88019233,40,2019.6,2072.6,2053,0,0,738622.680342364,0,0,0
69398.9201913964,40,2020.8,2066.8,2048.8,0,0,738622.680342827,0,0,0
69398.9601904628,40,2022,2076,2053.2,0,0,738622.68034329,0,0,0
69399.0001895292,40,2028,2082.4,2064.8,0,0,738622.680343752,0,0,0
69399.0401885956,40,2044.6,2094,2073.8,0,0,738622.680344215,0,0,0
69399.080187662,40,2056.4,2116.4,2089.6,0,0,738622.680344678,0,0,0
69399.1201867284,40,2076,2130.8,2090.4,0,0,738622.680345141,0,0,0
69399.1601857948,40,2107.4,2149.8,2090.6,0,0,738622.680345604,0,0,0
69399.2001848612,40,2131.2,2154.8,2079.2,0,0,738622.680346067,0,0,0
69399.2401839276,40,2156,2149.2,2068,0,0,738622.68034653,0,0,0
69399.280182994,40,2164,2146,2056,0,0,738622.680346993,0,0,0
69399.3201820604,40,2175.4,2136,2045,0,0,738622.680347456,0,0,0
69399.3601811268,40,2170.4,2126.8,2042,0,0,738622.680347919,0,0,0
69399.4001801932,40,2167.8,2120.6,2038,0,0,738622.680348382,0,0,0
69399.4401792596,40,2166.2,2118.8,2033.4,0,0,738622.680348845,0,0,0
69399.480178326,40,2166,2119,2037.2,0,0,738622.680349308,0,0,0
69399.5201773924,40,2166,2119,2036.6,0,0,738622.680349771,0,0,0
69399.5601764588,40,2166.6,2118,2035.4,0,0,738622.680350234,0,0,0
69399.6001755252,40,2165.6,2121,2035,0,0,738622.680350697,0,0,0
69399.6401745916,40,2168.2,2122.2,2035.2,0,0,738622.68035116,0,0,0
69399.680173658,40,2165.8,2123.8,2035.6,0,0,738622.680351623,0,0,0
69399.7201727244,40,2166.2,2126,2039.2,0,0,738622.680352086,0,0,0
69399.7601717908,40,2165.4,2124.8,2039.8,0,0,738622.680352549,0,0,0
69399.8001708572,40,2167.4,2132.4,2045.8,0,0,738622.680353011,0,0,0
69399.8401699236,40,2166,2137.2,2047.6,0,0,738622.680353474,0,0,0
69399.88016899,40,2164.2,2140.8,2048.6,0,0,738622.680353937,0,0,0
69399.9201680564,40,2160,2132.8,2052.8,0,0,738622.6803544,0,0,0
69399.9601671228,40,2163.8,2138,2047.8,0,0,738622.680354863,0,0,0
69400.0001661892,40,2163,2140.6,2056.6,0,0,738622.680355326,0,0,0
69400.0401652556,40,2158.8,2140.4,2053.2,0,0,738622.680355789,0,0,0
69400.080164322,40,2157,2144.4,2054.4,0,0,738622.680356252,0,0,0
69400.1201633884,40,2160.6,2142,2054.8,0,0,738622.680356715,0,0,0
69400.1601624548,40,2156.6,2145,2056.4,0,0,738622.680357178,0,0,0
69400.2001615212,40,2152.2,2144,2052.2,0,0,738622.680357641,0,0,0
69400.2401605876,40,2150.4,2143,2056.8,0,0,738622.680358104,0,0,0
69400.280159654,40,2152.6,2146.2,2054,0,0,738622.680358567,0,0,0
69400.3201587204,40,2149.6,2144.8,2059,0,0,738622.68035903,0,0,0
69400.3601577868,40,2146.2,2146.4,2058.6,0,0,738622.680359493,0,0,0
69400.4001568532,40,2143,2142.6,2061.6,0,0,738622.680359956,0,0,0
69400.4401559196,40,2141.4,2146.6,2064.6,0,0,738622.680360419,0,0,0
69400.480154986,40,2139.2,2149.8,2066.6,0,0,738622.680360882,0,0,0
69400.5201540524,40,2138.4,2146.8,2065,0,0,738622.680361345,0,0,0
69400.5601531188,40,2139,2146.2,2069,0,0,738622.680361808,0,0,0
69400.6001521852,40,2136,2149,2067.6,0,0,738622.680362271,0,0,0
69400.6401512516,40,2131.2,2147.2,2065.8,0,0,738622.680362734,0,0,0
69400.680150318,40,2129.8,2148.8,2072.2,0,0,738622.680363197,0,0,0
69400.7201493844,40,2126,2149.2,2068.8,0,0,738622.680363659,0,0,0
69400.7601484508,40,2124.6,2151.2,2072.4,0,0,738622.680364122,0,0,0
69400.8001475172,40,2120.2,2147.2,2073.2,0,0,738622.680364585,0,0,0
69400.8401465836,40,2119.8,2144.6,2074,0,0,738622.680365048,0,0,0
69400.88014565,40,2120.2,2146.8,2074.8,0,0,738622.680365511,0,0,0
69400.9201447164,40,2115,2149.2,2076,0,0,738622.680365974,0,0,0
69400.9601437828,40,2115.6,2149.2,2077.8,0,0,738622.680366437,0,0,0
69401.0001428492,40,2112.6,2148.2,2079.8,0,0,738622.6803669,0,0,0
69401.0401419156,40,2109.2,2146.4,2079.4,0,0,738622.680367363,0,0,0
69401.080140982,40,2108,2150.6,2082.4,0,0,738622.680367826,0,0,0
69401.1201400484,40,2107.8,2143.4,2086.6,0,0,738622.680368289,0,0,0
69401.1601391148,40,2108.6,2148.6,2090,0,0,738622.680368752,0,0,0
69401.2001381812,40,2102,2148.8,2093.6,0,0,738622.680369215,0,0,0
69401.2401372476,40,2101.8,2146.8,2089.4,0,0,738622.680369678,0,0,0
69401.280136314,40,2092.4,2145.4,2099.2,0,0,738622.680370141,0,0,0
69401.3201353804,40,2095.6,2147.8,2096.8,0,0,738622.680370604,0,0,0
69401.3601344468,40,2090.6,2142.4,2094.2,0,0,738622.680371067,0,0,0
69401.4001335132,40,2089,2138.2,2092.8,0,0,738622.68037153,0,0,0
69401.4401325796,40,2086.8,2136.6,2088.4,0,0,738622.680371993,0,0,0
69401.480131646,40,2080.4,2129.4,2088.8,0,0,738622.680372456,0,0,0
69401.5201307124,40,2078.2,2131.2,2087,0,0,738622.680372918,0,0,0
69401.5601297788,40,2080.8,2129,2083.2,0,0,738622.680373381,0,0,0
69401.6001288452,40,2073.8,2123.4,2083,0,0,738622.680373844,0,0,0
69401.6401279116,40,2071.4,2127.6,2085.8,0,0,738622.680374307,0,0,0
69401.680126978,40,2069.6,2126.8,2086.4,0,0,738622.68037477,0,0,0
69401.7201260444,40,2072.6,2125.8,2091,0,0,738622.680375233,0,0,0
69401.7601251108,40,2072.4,2128.4,2090.8,0,0,738622.680375696,0,0,0
69401.8001241772,40,2067,2128.6,2090.6,0,0,738622.680376159,0,0,0
69401.8401232436,40,2064.2,2126.6,2093.6,0,0,738622.680376622,0,0,0
69401.88012231,40,2069.4,2127.6,2092.8,0,0,738622.680377085,0,0,0
69401.9201213764,40,2067.4,2127.8,2096.8,0,0,738622.680377548,0,0,0
69401.9601204428,40,2066.4,2125.8,2098,0,0,738622.680378011,0,0,0
69402.0001195092,40,2062.2,2125,2092.4,0,0,738622.680378474,0,0,0
69402.0401185756,40,2065.4,2121.8,2097.6,0,0,738622.680378937,0,0,0
69402.080117642,40,2061.8,2121.6,2095,0,0,738622.6803794,0,0,0
69402.1201167084,40,2062.2,2125.4,2096,0,0,738622.680379863,0,0,0
69402.1601157748,40,2061,2117.6,2094.4,0,0,738622.680380326,0,0,0
69402.2001148412,40,2060.4,2121,2096.2,0,0,738622.680380789,0,0,0
69402.2401139076,40,2059.8,2115.2,2096.2,0,0,738622.680381252,0,0,0
69402.280112974,40,2056,2115.6,2091,0,0,738622.680381715,0,0,0
69402.3201120404,40,2053.8,2115.6,2095,0,0,738622.680382177,0,0,0
69402.3601111068,40,2051,2111.4,2091.8,0,0,738622.68038264,0,0,0
69402.4001101732,40,2052.8,2112,2091,0,0,738622.680383103,0,0,0
69402.4401092396,40,2051.4,2112.4,2094.2,0,0,738622.680383566,0,0,0
69402.480108306,40,2054,2118.8,2089,0,0,738622.680384029,0,0,0
69402.5201073724,40,2052.2,2113.4,2092.6,0,0,738622.680384492,0,0,0
69402.5601064388,40,2048.8,2110,2088.6,0,0,738622.680384955,0,0,0
69402.6001055052,40,2052.4,2107.6,2093,0,0,738622.680385418,0,0,0
69402.6401045716,40,2047.6,2107.4,2089.6,0,0,738622.680385881,0,0,0
69402.680103638,40,2048.4,2108.2,2087.4,0,0,738622.680386344,0,0,0
69402.7201027044,40,2045.2,2101.6,2088.8,0,0,738622.680386807,0,0,0
69402.7601017708,40,2044.8,2105,2088.8,0,0,738622.68038727,0,0,0
69402.8001008372,40,2045.2,2105,2083.8,0,0,738622.680387733,0,0,0
69402.8400999036,40,2044.4,2096.2,2088.4,0,0,738622.680388196,0,0,0
69402.88009897,40,2042.8,2101.6,2086.6,0,0,738622.680388659,0,0,0
69402.9200980364,40,2045.4,2100.4,2083.6,0,0,738622.680389122,0,0,0
69402.9600971028,40,2041.4,2103.6,2078.8,0,0,738622.680389585,0,0,0
69403.0000961692,40,2041.8,2097.8,2084.4,0,0,738622.680390048,0,0,0
