161680.591286921,40,2088.4,2351.6,2817.6,0,0,738650.256094806,0,0,0
161680.631285987,40,2088.4,2351.8,2816,0,0,738650.256095269,0,0,0
161680.671285054,40,2091.6,2352.8,2813.8,0,0,738650.256095732,0,0,0
161680.71128412,40,2085.8,2350.6,2817.4,0,0,738650.256096195,0,0,0
161680.751283186,40,2086.8,2353.2,2813.8,0,0,738650.256096658,0,0,0
161680.791282253,40,2087.2,2354.8,2819,0,0,738650.256097121,0,0,0
161680.831281319,40,2089.6,2354,2816.8,0,0,738650.256097584,0,0,0
161680.871280386,40,2089.6,2355,2814.8,0,0,738650.256098047,0,0,0
161680.911279452,40,2089,2351.8,2818.6,0,0,738650.25609851,0,0,0
161680.951278519,40,2087.6,2354.2,2820.2,0,0,738650.256098973,0,0,0
161680.991277585,40,2085.4,2355.2,2817.2,0,0,738650.256099436,0,0,0
161681.031276651,40,2089.4,2358,2820.8,0,0,738650.256099899,0,0,0
161681.071275718,40,2087.2,2354.6,2818,0,0,738650.256100362,0,0,0
161681.111274784,40,2092,2353.4,2824.2,0,0,738650.256100825,0,0,0
161681.15127385,40,2086.8,2363.6,2853,0,0,738650.256101288,0,0,0
161681.191272917,40,2089.6,2371.2,2859.6,0,0,738650.256101751,0,0,0
161681.231271983,40,2095.8,2387.6,2872.4,0,0,738650.256102214,0,0,0
161681.27127105,40,2099.8,2419.6,2896.6,0,0,738650.256102677,0,0,0
161681.311270116,40,2114,2464.8,2930.8,0,0,738650.25610314,0,0,0
161681.351269182,40,2134.6,2532.6,2945.2,0,0,738650.256103602,0,0,0
161681.391268249,40,2166.4,2636,2934.8,0,0,738650.256104065,0,0,0
161681.431267315,40,2215.4,2761.6,2860.6,0,0,738650.256104528,0,0,0
161681.471266382,40,2298.2,2891.4,2728.8,0,0,738650.256104991,0,0,0
161681.511265448,40,2402.8,2981.8,2573.8,0,0,738650.256105454,0,0,0
161681.551264515,40,2535.6,2982.2,2432.6,0,0,738650.256105917,0,0,0
161681.591263581,40,2671.4,2909.4,2331.8,0,0,738650.25610638,0,0,0
161681.631262647,40,2773.6,2796.2,2256.8,0,0,738650.256106843,0,0,0
161681.671261714,40,2835.4,2695.6,2211.2,0,0,738650.256107306,0,0,0
161681.71126078,40,2860.8,2624,2185.4,0,0,738650.256107769,0,0,0
161681.751259846,40,2865.6,2595,2175.2,0,0,738650.256108232,0,0,0
161681.791258913,40,2867,2608.4,2180,0,0,738650.256108695,0,0,0
161681.831257979,40,2839.2,2672.4,2207.4,0,0,738650.256109158,0,0,0
161681.871257046,40,2772.8,2780,2255.4,0,0,738650.256109621,0,0,0
161681.911256112,40,2644,2928.8,2346,0,0,738650.256110084,0,0,0
161681.951255178,40,2479.2,3026.8,2501.2,0,0,738650.256110547,0,0,0
161681.991254245,40,2318.4,2948.8,2719.2,0,0,738650.25611101,0,0,0
161682.031253311,40,2212.2,2765.6,2885.6,0,0,738650.256111473,0,0,0
161682.071252378,40,2191.8,2724.8,2920.8,0,0,738650.256111936,0,0,0
161682.111251444,40,2208.8,2760.2,2899.4,0,0,738650.256112399,0,0,0
161682.15125051,40,2235.8,2821.6,2855.6,0,0,738650.256112862,0,0,0
161682.191249577,40,2277,2894.8,2777,0,0,738650.256113325,0,0,0
161682.231248643,40,2338,2954.2,2666,0,0,738650.256113787,0,0,0
161682.27124771,40,2428.8,3004.6,2552.8,0,0,738650.25611425,0,0,0
161682.311246776,40,2555.2,2992.6,2425.8,0,0,738650.256114713,0,0,0
161682.351245842,40,2697.2,2906.6,2316.6,0,0,738650.256115176,0,0,0
161682.391244909,40,2821.6,2774.8,2242.4,0,0,738650.256115639,0,0,0
161682.431243975,40,2889.8,2649.6,2189.6,0,0,738650.256116102,0,0,0
161682.471243042,40,2918,2570.6,2159.6,0,0,738650.256116565,0,0,0
161682.511242108,40,2914.6,2542,2152.8,0,0,738650.256117028,0,0,0
161682.551241175,40,2896.8,2562.2,2160.6,0,0,738650.256117491,0,0,0
161682.591240241,40,2863,2614.6,2183.2,0,0,738650.256117954,0,0,0
161682.631239307,40,2792.2,2694.4,2222.8,0,0,738650.256118417,0,0,0
161682.671238374,40,2692.2,2781.8,2280.8,0,0,738650.25611888,0,0,0
161682.71123744,40,2570.4,2868.2,2361.8,0,0,738650.256119343,0,0,0
161682.751236506,40,2439.8,2904.6,2478.4,0,0,738650.256119806,0,0,0
161682.791235573,40,2326.2,2878.4,2619.8,0,0,738650.256120269,0,0,0
161682.831234639,40,2240.8,2776.2,2765.2,0,0,738650.256120732,0,0,0
161682.871233706,40,2177,2650.2,2862.4,0,0,738650.256121195,0,0,0
161682.911232772,40,2141.8,2547.2,2912,0,0,738650.256121658,0,0,0
161682.951231838,40,2114.8,2471.8,2913.8,0,0,738650.256122121,0,0,0
161682.991230905,40,2100.8,2423.4,2902.2,0,0,738650.256122584,0,0,0
161683.031229971,40,2093.6,2387.2,2884,0,0,738650.256123047,0,0,0
161683.071229038,40,2085.6,2367,2865.6,0,0,738650.256123509,0,0,0
161683.111228104,40,2087.8,2351.2,2799.4,0,0,738650.256123972,0,0,0
161683.15122717,40,2087.6,2347.6,2791.6,0,0,738650.256124435,0,0,0
161683.191226237,40,2087,2361,2816.4,0,0,738650.256124898,0,0,0
161683.231225303,40,2098.2,2381,2815.2,0,0,738650.256125361,0,0,0
161683.27122437,40,2109.2,2418,2819.8,0,0,738650.256125824,0,0,0
161683.311223436,40,2130,2481.6,2821,0,0,738650.256126287,0,0,0
161683.351222503,40,2155.6,2570.4,2817,0,0,738650.25612675,0,0,0
161683.391221569,40,2201.4,2679.2,2770.4,0,0,738650.256127213,0,0,0
161683.431220635,40,2278.6,2802.4,2676.4,0,0,738650.256127676,0,0,0
161683.471219702,40,2389.8,2906.4,2539,0,0,738650.256128139,0,0,0
161683.511218768,40,2549,2924.2,2399.2,0,0,738650.256128602,0,0,0
161683.551217834,40,2730.8,2829.8,2279.6,0,0,738650.256129065,0,0,0
161683.591216901,40,2883.6,2672,2194,0,0,738650.256129528,0,0,0
161683.631215967,40,2951.2,2516.4,2138.8,0,0,738650.256129991,0,0,0
161683.671215034,40,2927.6,2388.4,2102.4,0,0,738650.256130454,0,0,0
161683.7112141,40,2833.8,2300.4,2078.4,0,0,738650.256130917,0,0,0
161683.751213166,40,2728.6,2240.2,2064,0,0,738650.25613138,0,0,0
161683.791212233,40,2632.6,2198.2,2047.2,0,0,738650.256131843,0,0,0
161683.831211299,40,2660.8,2212,2056,0,0,738650.256132306,0,0,0
161683.871210366,40,2706.8,2234,2060.8,0,0,738650.256132768,0,0,0
161683.911209432,40,2795.2,2271.2,2071,0,0,738650.256133231,0,0,0
161683.951208499,40,2868.2,2337.4,2089.6,0,0,738650.256133694,0,0,0
161683.991207565,40,2919.6,2433.6,2119.4,0,0,738650.256134157,0,0,0
161684.031206631,40,2894.4,2573.6,2170.2,0,0,738650.25613462,0,0,0
161684.071205698,40,2753.6,2741.4,2247,0,0,738650.256135083,0,0,0
161684.111204764,40,2549.8,2850.6,2368.2,0,0,738650.256135546,0,0,0
161684.15120383,40,2369.2,2826.8,2518.4,0,0,738650.256136009,0,0,0
161684.191202897,40,2255.6,2748.4,2674.4,0,0,738650.256136472,0,0,0
161684.231201963,40,2178,2626,2824.4,0,0,738650.256136935,0,0,0
161684.27120103,40,2132,2507.8,2914.2,0,0,738650.256137398,0,0,0
161684.311200096,40,2104.2,2435.4,2934.4,0,0,738650.256137861,0,0,0
161684.351199162,40,2099.2,2411.2,2947.8,0,0,738650.256138324,0,0,0
161684.391198229,40,2100.8,2426,2962.4,0,0,738650.256138787,0,0,0
161684.431197295,40,2107.8,2457.8,2972.6,0,0,738650.25613925,0,0,0
161684.471196362,40,2123.8,2512,2969.2,0,0,738650.256139713,0,0,0
161684.511195428,40,2152,2591.2,2941.8,0,0,738650.256140176,0,0,0
161684.551194495,40,2188.4,2681.8,2871.2,0,0,738650.256140639,0,0,0
161684.591193561,40,2239.6,2763.4,2751.8,0,0,738650.256141102,0,0,0
161684.631192627,40,2310.4,2818.4,2611.4,0,0,738650.256141565,0,0,0
161684.671191694,40,2396.4,2829,2479.6,0,0,738650.256142028,0,0,0
161684.71119076,40,2516.6,2818,2370.6,0,0,738650.256142491,0,0,0
161684.751189826,40,2659.4,2758.4,2277.6,0,0,738650.256142953,0,0,0
161684.791188893,40,2804.2,2650.6,2204.6,0,0,738650.256143416,0,0,0
161684.831187959,40,2874.4,2519.6,2153.2,0,0,738650.256143879,0,0,0
161684.871187026,40,2866.2,2414,2119.2,0,0,738650.256144342,0,0,0
161684.911186092,40,2825.8,2340.2,2096,0,0,738650.256144805,0,0,0
161684.951185159,40,2766.8,2290,2079,0,0,738650.256145268,0,0,0
161684.991184225,40,2719,2256.8,2070.2,0,0,738650.256145731,0,0,0
161685.031183291,40,2688.4,2241.4,2065.6,0,0,738650.256146194,0,0,0
161685.071182358,40,2706.4,2246,2065.4,0,0,738650.256146657,0,0,0
161685.111181424,40,2762.8,2279.8,2076.8,0,0,738650.25614712,0,0,0
161685.15118049,40,2820.6,2341.2,2095,0,0,738650.256147583,0,0,0
161685.191179557,40,2864,2447.4,2127.2,0,0,738650.256148046,0,0,0
161685.231178623,40,2814.2,2602.4,2190,0,0,738650.256148509,0,0,0
161685.27117769,40,2645.2,2761.2,2286.6,0,0,738650.256148972,0,0,0
161685.311176756,40,2456.2,2857.2,2438.2,0,0,738650.256149435,0,0,0
161685.351175822,40,2294.4,2826.4,2657,0,0,738650.256149898,0,0,0
161685.391174889,40,2179.2,2649.6,2870,0,0,738650.256150361,0,0,0
161685.431173955,40,2105.4,2442.4,2944.2,0,0,738650.256150824,0,0,0
161685.471173022,40,2082.2,2324,2792.2,0,0,738650.256151287,0,0,0
161685.511172088,40,2087.4,2378.6,2963.6,0,0,738650.25615175,0,0,0
161685.551171155,40,2093.2,2396.6,2937.2,0,0,738650.256152213,0,0,0
161685.591170221,40,2102.4,2427.2,2946.2,0,0,738650.256152675,0,0,0
161685.631169287,40,2116,2472.8,2943,0,0,738650.256153138,0,0,0
161685.671168354,40,2134,2527.6,2916.6,0,0,738650.256153601,0,0,0
161685.71116742,40,2165.8,2604.2,2871,0,0,738650.256154064,0,0,0
161685.751166487,40,2204,2693,2790.8,0,0,738650.256154527,0,0,0
161685.791165553,40,2270.2,2790.6,2681.8,0,0,738650.25615499,0,0,0
161685.831164619,40,2365.6,2865.2,2553.2,0,0,738650.256155453,0,0,0
161685.871163686,40,2494.2,2888.2,2421.2,0,0,738650.256155916,0,0,0
161685.911162752,40,2653.4,2823,2304.8,0,0,738650.256156379,0,0,0
161685.951161818,40,2794,2681,2211.2,0,0,738650.256156842,0,0,0
161685.991160885,40,2878.6,2526.8,2148.4,0,0,738650.256157305,0,0,0
161686.031159951,40,2861.2,2394.4,2107.8,0,0,738650.256157768,0,0,0
161686.071159018,40,2779,2304.4,2079,0,0,738650.256158231,0,0,0
161686.111158084,40,2671,2233.4,2064.6,0,0,738650.256158694,0,0,0
161686.15115715,40,2598.4,2199,2049.8,0,0,738650.256159157,0,0,0
161686.191156217,40,2644.8,2216.4,2060.8,0,0,738650.25615962,0,0,0
161686.231155283,40,2669.6,2233,2062.4,0,0,738650.256160083,0,0,0
161686.27115435,40,2744.8,2270.4,2073.2,0,0,738650.256160546,0,0,0
161686.311153416,40,2823.6,2336.4,2092.6,0,0,738650.256161009,0,0,0
161686.351152483,40,2885.2,2439.8,2120.4,0,0,738650.256161471,0,0,0
161686.391151549,40,2851.4,2594.8,2177.4,0,0,738650.256161934,0,0,0
161686.431150615,40,2709.2,2767.2,2267.2,0,0,738650.256162397,0,0,0
161686.471149682,40,2506.6,2889.2,2409.6,0,0,738650.25616286,0,0,0
161686.511148748,40,2329.2,2856.8,2604.2,0,0,738650.256163323,0,0,0
161686.551147815,40,2202,2679.6,2783.8,0,0,738650.256163786,0,0,0
161686.591146881,40,2124,2470.4,2837.2,0,0,738650.256164249,0,0,0
161686.631145947,40,2084,2315.6,2701.8,0,0,738650.256164712,0,0,0
161686.671145014,40,2088.2,2363,2818.4,0,0,738650.256165175,0,0,0
161686.71114408,40,2100.6,2420.4,2879,0,0,738650.256165638,0,0,0
161686.751143146,40,2111.8,2466.6,2930.2,0,0,738650.256166101,0,0,0
161686.791142213,40,2124.8,2533,2944.2,0,0,738650.256166564,0,0,0
161686.831141279,40,2153.2,2608.2,2949.6,0,0,738650.256167027,0,0,0
161686.871140346,40,2185.2,2691.6,2903.4,0,0,738650.25616749,0,0,0
161686.911139412,40,2232.2,2787.4,2816.2,0,0,738650.256167953,0,0,0
161686.951138479,40,2294.6,2872.8,2697.8,0,0,738650.256168416,0,0,0
161686.991137545,40,2379,2918.2,2560.4,0,0,738650.256168879,0,0,0
161687.031136611,40,2474.8,2891.2,2432.8,0,0,738650.256169342,0,0,0
161687.071135678,40,2575.6,2815.2,2334.2,0,0,738650.256169805,0,0,0
161687.111134744,40,2666.6,2723,2262.8,0,0,738650.256170268,0,0,0
161687.15113381,40,2724.2,2621.4,2208.6,0,0,738650.256170731,0,0,0
161687.191132877,40,2760.4,2537.6,2170.2,0,0,738650.256171194,0,0,0
161687.231131943,40,2780.4,2485.6,2150.4,0,0,738650.256171656,0,0,0
161687.27113101,40,2807.8,2456.6,2135.2,0,0,738650.256172119,0,0,0
161687.311130076,40,2832.8,2454.6,2133,0,0,738650.256172582,0,0,0
161687.351129142,40,2846.6,2479.2,2134.8,0,0,738650.256173045,0,0,0
161687.391128209,40,2840.6,2534.6,2157.4,0,0,738650.256173508,0,0,0
161687.431127275,40,2798.6,2629.4,2197.6,0,0,738650.256173971,0,0,0
161687.471126342,40,2702,2739,2255.6,0,0,738650.256174434,0,0,0
161687.511125408,40,2573.8,2828.2,2342.6,0,0,738650.256174897,0,0,0
161687.551124474,40,2438.4,2850.6,2445,0,0,738650.25617536,0,0,0
161687.591123541,40,2357,2835.4,2532,0,0,738650.256175823,0,0,0
161687.631122607,40,2338.2,2839.6,2566,0,0,738650.256176286,0,0,0
161687.671121674,40,2360.8,2873.2,2554,0,0,738650.256176749,0,0,0
161687.71112074,40,2432,2913.2,2497.4,0,0,738650.256177212,0,0,0
161687.751119806,40,2538.2,2916,2401.2,0,0,738650.256177675,0,0,0
161687.791118873,40,2671.2,2846.2,2306.4,0,0,738650.256178138,0,0,0
161687.831117939,40,2798.6,2727,2229,0,0,738650.256178601,0,0,0
161687.871117006,40,2863.2,2618.4,2179.4,0,0,738650.256179064,0,0,0
161687.911116072,40,2892.6,2526.8,2144,0,0,738650.256179527,0,0,0
161687.951115139,40,2900,2477,2131.2,0,0,738650.25617999,0,0,0
161687.991114205,40,2901.4,2459.4,2124.6,0,0,738650.256180453,0,0,0
161688.031113271,40,2903.6,2486.2,2132.8,0,0,738650.256180916,0,0,0
161688.071112338,40,2893.6,2553.6,2153.2,0,0,738650.256181378,0,0,0
161688.111111404,40,2843.8,2651.4,2196.6,0,0,738650.256181841,0,0,0
161688.15111047,40,2742,2769.2,2255.4,0,0,738650.256182304,0,0,0
161688.191109537,40,2608.2,2864.6,2339.8,0,0,738650.256182767,0,0,0
161688.231108603,40,2476.8,2918.8,2446.6,0,0,738650.25618323,0,0,0
161688.27110767,40,2404.2,2905,2511,0,0,738650.256183693,0,0,0
161688.311106736,40,2418.2,2897.4,2494.6,0,0,738650.256184156,0,0,0
161688.351105802,40,2491,2895,2419.6,0,0,738650.256184619,0,0,0
161688.391104869,40,2601.6,2853.4,2336.8,0,0,738650.256185082,0,0,0
161688.431103935,40,2714,2761.8,2257.8,0,0,738650.256185545,0,0,0
161688.471103002,40,2799.6,2654.8,2203.2,0,0,738650.256186008,0,0,0
161688.511102068,40,2847,2566.4,2166.6,0,0,738650.256186471,0,0,0
161688.551101135,40,2859.4,2501.2,2141,0,0,738650.256186934,0,0,0
161688.591100201,40,2867.4,2469.6,2135.6,0,0,738650.256187397,0,0,0
161688.631099267,40,2878.2,2479.6,2134.6,0,0,738650.25618786,0,0,0
161688.671098334,40,2870,2519,2149,0,0,738650.256188323,0,0,0
161688.7110974,40,2839,2599.8,2180,0,0,738650.256188786,0,0,0
161688.751096466,40,2758.2,2701.2,2231.8,0,0,738650.256189249,0,0,0
161688.791095533,40,2623.2,2801.4,2308.2,0,0,738650.256189712,0,0,0
161688.831094599,40,2478.4,2853.4,2411.6,0,0,738650.256190175,0,0,0
161688.871093666,40,2414.6,2835.8,2460.4,0,0,738650.256190637,0,0,0
161688.911092732,40,2467.8,2799.4,2389.6,0,0,738650.2561911,0,0,0
161688.951091798,40,2560,2750.8,2309,0,0,738650.256191563,0,0,0
161688.991090865,40,2677.6,2695.2,2250.4,0,0,738650.256192026,0,0,0
161689.031089931,40,2772.6,2630.6,2203,0,0,738650.256192489,0,0,0
161689.071088998,40,2847.8,2577,2172.2,0,0,738650.256192952,0,0,0
161689.111088064,40,2889.8,2540.6,2152,0,0,738650.256193415,0,0,0
161689.15108713,40,2921.2,2526.2,2142.6,0,0,738650.256193878,0,0,0
161689.191086197,40,2926.2,2531.8,2145.2,0,0,738650.256194341,0,0,0
161689.231085263,40,2922.6,2569.2,2158,0,0,738650.256194804,0,0,0
161689.27108433,40,2899,2627,2177.8,0,0,738650.256195267,0,0,0
161689.311083396,40,2833,2715.2,2217,0,0,738650.25619573,0,0,0
161689.351082462,40,2730.2,2812.8,2278.8,0,0,738650.256196193,0,0,0
161689.391081529,40,2606.6,2906.4,2359.2,0,0,738650.256196656,0,0,0
161689.431080595,40,2490,2956.4,2454.6,0,0,738650.256197119,0,0,0
161689.471079662,40,2495.4,2923,2430.8,0,0,738650.256197582,0,0,0
161689.511078728,40,2592,2861.4,2346,0,0,738650.256198045,0,0,0
161689.551077795,40,2695.2,2754.8,2263.4,0,0,738650.256198508,0,0,0
161689.591076861,40,2795.4,2640.2,2200.4,0,0,738650.256198971,0,0,0
161689.631075927,40,2853.4,2538.2,2160.2,0,0,738650.256199434,0,0,0
161689.671074994,40,2863.8,2464,2134.8,0,0,738650.256199897,0,0,0
161689.71107406,40,2857.6,2411.8,2114.2,0,0,738650.25620036,0,0,0
161689.751073126,40,2841.6,2385,2106.4,0,0,738650.256200822,0,0,0
161689.791072193,40,2832.2,2380,2102,0,0,738650.256201285,0,0,0
161689.831071259,40,2830,2397.2,2115.2,0,0,738650.256201748,0,0,0
161689.871070326,40,2831.6,2424.8,2124.6,0,0,738650.256202211,0,0,0
161689.911069392,40,2827.2,2468.4,2135.6,0,0,738650.256202674,0,0,0
161689.951068458,40,2815.4,2527.2,2160,0,0,738650.256203137,0,0,0
161689.991067525,40,2788,2602.4,2188.8,0,0,738650.2562036,0,0,0
161690.031066591,40,2735.4,2684.6,2231,0,0,738650.256204063,0,0,0
161690.071065658,40,2669,2775.8,2279.6,0,0,738650.256204526,0,0,0
161690.111064724,40,2618.6,2862.4,2332.6,0,0,738650.256204989,0,0,0
161690.15106379,40,2605.4,2920.8,2364,0,0,738650.256205452,0,0,0
161690.191062857,40,2630.6,2967.8,2367.8,0,0,738650.256205915,0,0,0
161690.231061923,40,2658.6,2981,2361.2,0,0,738650.256206378,0,0,0
161690.27106099,40,2681.2,2959.6,2350.2,0,0,738650.256206841,0,0,0
161690.311060056,40,2704.6,2942.8,2330.4,0,0,738650.256207304,0,0,0
161690.351059123,40,2732,2931.4,2315.6,0,0,738650.256207767,0,0,0
161690.391058189,40,2746.2,2909.6,2304.6,0,0,738650.25620823,0,0,0
161690.431057255,40,2738,2879.2,2298,0,0,738650.256208693,0,0,0
161690.471056322,40,2708.4,2844.4,2294.4,0,0,738650.256209156,0,0,0
161690.511055388,40,2670.4,2820.6,2294.8,0,0,738650.256209619,0,0,0
161690.551054454,40,2644.4,2804.4,2298.8,0,0,738650.256210082,0,0,0
161690.591053521,40,2629.6,2801.2,2302.4,0,0,738650.256210544,0,0,0
161690.631052587,40,2618,2805.8,2309.8,0,0,738650.256211007,0,0,0
161690.671051654,40,2621.2,2829,2317.2,0,0,738650.25621147,0,0,0
161690.71105072,40,2624.6,2858.2,2330.2,0,0,738650.256211933,0,0,0
161690.751049786,40,2628.6,2890,2339,0,0,738650.256212396,0,0,0
161690.791048853,40,2640.8,2926.4,2347,0,0,738650.256212859,0,0,0
161690.831047919,40,2646.6,2961.8,2362,0,0,738650.256213322,0,0,0
161690.871046986,40,2639.2,2984.6,2370.4,0,0,738650.256213785,0,0,0
161690.911046052,40,2630.4,3001.8,2383.4,0,0,738650.256214248,0,0,0
161690.951045119,40,2618.2,3004.4,2391,0,0,738650.256214711,0,0,0
161690.991044185,40,2609,3006.6,2397.4,0,0,738650.256215174,0,0,0
161691.031043251,40,2600.6,3005.4,2399.6,0,0,738650.256215637,0,0,0
161691.071042318,40,2593.2,3007,2405.2,0,0,738650.2562161,0,0,0
161691.111041384,40,2584,3001.6,2408,0,0,738650.256216563,0,0,0
161691.15104045,40,2582.2,2997.2,2409.4,0,0,738650.256217026,0,0,0
161691.191039517,40,2579,2992.4,2406.2,0,0,738650.256217489,0,0,0
161691.231038583,40,2581.2,2995,2404.8,0,0,738650.256217952,0,0,0
161691.27103765,40,2579.2,2991.8,2408.2,0,0,738650.256218415,0,0,0
161691.311036716,40,2585.2,3000,2408.4,0,0,738650.256218878,0,0,0
161691.351035782,40,2589.6,3004.2,2405.8,0,0,738650.256219341,0,0,0
161691.391034849,40,2587.8,3010,2408.2,0,0,738650.256219803,0,0,0
161691.431033915,40,2590.8,3017.2,2408.4,0,0,738650.256220266,0,0,0
161691.471032982,40,2591.8,3013.6,2407.6,0,0,738650.256220729,0,0,0
161691.511032048,40,2589.4,3008.6,2406.2,0,0,738650.256221192,0,0,0
161691.551031115,40,2591.4,3009.4,2406.4,0,0,738650.256221655,0,0,0
161691.591030181,40,2592,3002.4,2402,0,0,738650.256222118,0,0,0
161691.631029247,40,2593.6,2990.8,2399.2,0,0,738650.256222581,0,0,0
161691.671028314,40,2594.6,2995,2399.6,0,0,738650.256223044,0,0,0
161691.71102738,40,2595.2,2984.8,2391.4,0,0,738650.256223507,0,0,0
161691.751026446,40,2598.6,2981.4,2396.6,0,0,738650.25622397,0,0,0
161691.791025513,40,2601,2982.6,2393,0,0,738650.256224433,0,0,0
161691.831024579,40,2604.4,2984.4,2389.2,0,0,738650.256224896,0,0,0
161691.871023646,40,2601.6,2987,2387.4,0,0,738650.256225359,0,0,0
161691.911022712,40,2610.4,2990.2,2390.8,0,0,738650.256225822,0,0,0
161691.951021779,40,2610.6,2992.8,2385.6,0,0,738650.256226285,0,0,0
161691.991020845,40,2615.6,2998.8,2384.4,0,0,738650.256226748,0,0,0
161692.031019911,40,2618,2993,2384.6,0,0,738650.256227211,0,0,0
161692.071018978,40,2620,2994.8,2382.4,0,0,738650.256227674,0,0,0
161692.111018044,40,2623.6,2992.6,2383.6,0,0,738650.256228137,0,0,0
161692.15101711,40,2625.6,2988.8,2379.8,0,0,738650.2562286,0,0,0
161692.191016177,40,2634.4,2984.2,2372.6,0,0,738650.256229063,0,0,0
161692.231015243,40,2638.4,2983,2371.4,0,0,738650.256229526,0,0,0
161692.27101431,40,2647.8,2979.2,2367.8,0,0,738650.256229988,0,0,0
161692.311013376,40,2654.2,2969.4,2362,0,0,738650.256230451,0,0,0
161692.351012442,40,2658.8,2966.4,2354,0,0,738650.256230914,0,0,0
161692.391011509,40,2676.8,2959.8,2346,0,0,738650.256231377,0,0,0
161692.431010575,40,2686.6,2949.6,2342.2,0,0,738650.25623184,0,0,0
161692.471009642,40,2696.4,2945.2,2336.6,0,0,738650.256232303,0,0,0
161692.511008708,40,2702.8,2941.2,2327.4,0,0,738650.256232766,0,0,0
161692.551007775,40,2711.4,2929.8,2319.4,0,0,738650.256233229,0,0,0
161692.591006841,40,2711.6,2927.6,2319.4,0,0,738650.256233692,0,0,0
161692.631005907,40,2716.8,2926.4,2315.4,0,0,738650.256234155,0,0,0
161692.671004974,40,2718.4,2921,2316.6,0,0,738650.256234618,0,0,0
161692.71100404,40,2716.4,2917,2314.2,0,0,738650.256235081,0,0,0
161692.751003106,40,2717.4,2915.2,2312.4,0,0,738650.256235544,0,0,0
161692.791002173,40,2719.6,2911.6,2316.8,0,0,738650.256236007,0,0,0
161692.831001239,40,2722.2,2908.4,2307.2,0,0,738650.25623647,0,0,0
161692.871000306,40,2726.4,2909.4,2307.4,0,0,738650.256236933,0,0,0
161692.910999372,40,2729.2,2901.6,2304,0,0,738650.256237396,0,0,0
161692.950998438,40,2733.8,2898,2297.6,0,0,738650.256237859,0,0,0
161692.990997505,40,2741,2898.4,2297.8,0,0,738650.256238322,0,0,0
161693.030996571,40,2742.2,2898.2,2296.6,0,0,738650.256238785,0,0,0
161693.070995638,40,2748,2893,2297.2,0,0,738650.256239248,0,0,0
161693.110994704,40,2744.6,2892.8,2294,0,0,738650.25623971,0,0,0
161693.15099377,40,2744.8,2895.2,2299.4,0,0,738650.256240173,0,0,0
161693.190992837,40,2741.6,2896.6,2297.8,0,0,738650.256240636,0,0,0
161693.230991903,40,2740.6,2899,2301.6,0,0,738650.256241099,0,0,0
161693.27099097,40,2739,2900.2,2307.8,0,0,738650.256241562,0,0,0
161693.310990036,40,2739.2,2907.2,2305.4,0,0,738650.256242025,0,0,0
161693.350989103,40,2736.8,2908,2305.2,0,0,738650.256242488,0,0,0
161693.390988169,40,2734.6,2910.4,2306.6,0,0,738650.256242951,0,0,0
161693.430987235,40,2737.6,2904.8,2302.8,0,0,738650.256243414,0,0,0
161693.470986302,40,2755.8,2885.2,2289,0,0,738650.256243877,0,0,0
161693.510985368,40,2779.4,2842.8,2268.6,0,0,738650.25624434,0,0,0
161693.550984434,40,2824.8,2781,2244.2,0,0,738650.256244803,0,0,0
161693.590983501,40,2868.8,2703.6,2210.4,0,0,738650.256245266,0,0,0
161693.630982567,40,2901,2614.8,2176.4,0,0,738650.256245729,0,0,0
161693.670981634,40,2901.8,2533,2149.4,0,0,738650.256246192,0,0,0
161693.7109807,40,2892.8,2456.6,2125.2,0,0,738650.256246655,0,0,0
161693.750979766,40,2861.6,2399.2,2106.8,0,0,738650.256247118,0,0,0
161693.790978833,40,2820.4,2343.8,2093.6,0,0,738650.256247581,0,0,0
161693.830977899,40,2770.6,2307.4,2081.8,0,0,738650.256248044,0,0,0
161693.870976966,40,2721.6,2275.4,2072.6,0,0,738650.256248506,0,0,0
161693.910976032,40,2688,2250.2,2067.2,0,0,738650.256248969,0,0,0
161693.950975099,40,2659.2,2237,2064.2,0,0,738650.256249432,0,0,0
161693.990974165,40,2633.8,2222.2,2063.6,0,0,738650.256249895,0,0,0
161694.030973231,40,2619.8,2216.4,2055,0,0,738650.256250358,0,0,0
161694.070972298,40,2618,2212.2,2058,0,0,738650.256250821,0,0,0
161694.110971364,40,2639.6,2223.2,2061.4,0,0,738650.256251284,0,0,0
161694.15097043,40,2685.4,2247.6,2068.8,0,0,738650.256251747,0,0,0
161694.190969497,40,2745.8,2294,2082.6,0,0,738650.25625221,0,0,0
161694.230968563,40,2818.8,2367.6,2105.2,0,0,738650.256252673,0,0,0
161694.27096763,40,2853.2,2487.6,2142.4,0,0,738650.256253136,0,0,0
161694.310966696,40,2798.2,2657.6,2205.4,0,0,738650.256253599,0,0,0
161694.350965762,40,2656.4,2846.4,2311.8,0,0,738650.256254062,0,0,0
161694.390964829,40,2466,2958.2,2478.8,0,0,738650.256254525,0,0,0
161694.430963895,40,2314.8,2921.2,2695.4,0,0,738650.256254988,0,0,0
161694.470962962,40,2213.6,2778,2890.6,0,0,738650.256255451,0,0,0
161694.510962028,40,2158.6,2637.2,2987,0,0,738650.256255914,0,0,0
161694.550961095,40,2134.8,2550.4,3005.6,0,0,738650.256256377,0,0,0
161694.590960161,40,2124,2526.4,3008.8,0,0,738650.25625684,0,0,0
161694.630959227,40,2127.2,2532.8,3004.4,0,0,738650.256257303,0,0,0
161694.670958294,40,2135.2,2557.2,2982.2,0,0,738650.256257766,0,0,0
161694.71095736,40,2160,2616.6,2938.8,0,0,738650.256258229,0,0,0
161694.750956426,40,2192.8,2702.8,2858.4,0,0,738650.256258691,0,0,0
161694.790955493,40,2255.4,2790.4,2728.4,0,0,738650.256259154,0,0,0
161694.830954559,40,2348.2,2866,2578.4,0,0,738650.256259617,0,0,0
161694.870953626,40,2469,2873.8,2431.4,0,0,738650.25626008,0,0,0
161694.910952692,40,2610.4,2815.2,2316.6,0,0,738650.256260543,0,0,0
161694.950951759,40,2741.4,2694.8,2231.4,0,0,738650.256261006,0,0,0
161694.990950825,40,2828.6,2552.8,2169,0,0,738650.256261469,0,0,0
161695.030949891,40,2838.2,2430,2122.4,0,0,738650.256261932,0,0,0
161695.070948958,40,2795,2337.8,2097.2,0,0,738650.256262395,0,0,0
161695.110948024,40,2724.4,2273,2077.8,0,0,738650.256262858,0,0,0
161695.15094709,40,2659,2232,2065.4,0,0,738650.256263321,0,0,0
161695.190946157,40,2620.8,2211.2,2055.8,0,0,738650.256263784,0,0,0
161695.230945223,40,2628,2208.6,2053.6,0,0,738650.256264247,0,0,0
161695.27094429,40,2697.6,2227.6,2058,0,0,738650.25626471,0,0,0
161695.310943356,40,2814.4,2283.8,2073.8,0,0,738650.256265173,0,0,0
161695.350942422,40,2923.8,2380,2101,0,0,738650.256265636,0,0,0
161695.390941489,40,2960.8,2521.4,2139.4,0,0,738650.256266099,0,0,0
161695.430940555,40,2884.8,2721.6,2213.8,0,0,738650.256266562,0,0,0
161695.470939622,40,2689.6,2907.6,2323,0,0,738650.256267025,0,0,0
161695.510938688,40,2473.8,2993.2,2491,0,0,738650.256267488,0,0,0
161695.550937755,40,2304.2,2914.6,2717,0,0,738650.256267951,0,0,0
161695.590936821,40,2189.4,2727.8,2925.8,0,0,738650.256268414,0,0,0
161695.630935887,40,2126.2,2533.8,3013.6,0,0,738650.256268876,0,0,0
161695.670934954,40,2094,2401.8,2953.4,0,0,738650.256269339,0,0,0
161695.71093402,40,2083.2,2330.8,2800.2,0,0,738650.256269802,0,0,0
161695.750933086,40,2084.8,2345.6,2800.2,0,0,738650.256270265,0,0,0
161695.790932153,40,2096.2,2397.2,2890.2,0,0,738650.256270728,0,0,0
161695.830931219,40,2113.6,2462.6,2895.4,0,0,738650.256271191,0,0,0
161695.870930286,40,2147.2,2544.8,2855.8,0,0,738650.256271654,0,0,0
161695.910929352,40,2186.2,2640.8,2780.4,0,0,738650.256272117,0,0,0
161695.950928418,40,2241.4,2722.4,2677.4,0,0,738650.25627258,0,0,0
161695.990927485,40,2314,2768.2,2552.8,0,0,738650.256273043,0,0,0
161696.030926551,40,2394.8,2781.8,2439.6,0,0,738650.256273506,0,0,0
161696.070925618,40,2484.2,2729.6,2341.6,0,0,738650.256273969,0,0,0
161696.110924684,40,2605,2677.8,2257.2,0,0,738650.256274432,0,0,0
161696.15092375,40,2716.2,2587.6,2192.8,0,0,738650.256274895,0,0,0
161696.190922817,40,2783.8,2474.6,2142.2,0,0,738650.256275358,0,0,0
161696.230921883,40,2785.8,2376.2,2107.6,0,0,738650.256275821,0,0,0
161696.27092095,40,2734.8,2301,2083,0,0,738650.256276284,0,0,0
161696.310920016,40,2667.2,2243.6,2068.4,0,0,738650.256276747,0,0,0
161696.350919082,40,2611.8,2216.6,2059,0,0,738650.25627721,0,0,0
161696.390918149,40,2601,2205.2,2053.2,0,0,738650.256277672,0,0,0
161696.430917215,40,2654,2225.8,2060.2,0,0,738650.256278135,0,0,0
161696.470916282,40,2740.8,2273,2070.8,0,0,738650.256278598,0,0,0
161696.510915348,40,2833.4,2357,2097.8,0,0,738650.256279061,0,0,0
161696.550914415,40,2859.6,2489.4,2141.6,0,0,738650.256279524,0,0,0
161696.590913481,40,2759.8,2651.2,2211.4,0,0,738650.256279987,0,0,0
161696.630912547,40,2565.4,2773.6,2320.2,0,0,738650.25628045,0,0,0
161696.670911614,40,2380.2,2786.8,2467.6,0,0,738650.256280913,0,0,0
161696.71091068,40,2241.4,2679,2626.4,0,0,738650.256281376,0,0,0
161696.750909746,40,2159,2533.4,2752.6,0,0,738650.256281839,0,0,0
161696.790908813,40,2108.4,2420.8,2833.4,0,0,738650.256282302,0,0,0
161696.830907879,40,2083.8,2340,2772.4,0,0,738650.256282765,0,0,0
161696.870906946,40,2091.2,2327.2,2767.4,0,0,738650.256283228,0,0,0
161696.910906012,40,2088.2,2379.6,2903.8,0,0,738650.256283691,0,0,0
161696.950905078,40,2099.8,2429.6,2932.8,0,0,738650.256284154,0,0,0
161696.990904145,40,2122.4,2494.4,2927.4,0,0,738650.256284617,0,0,0
161697.030903211,40,2147.8,2560.4,2872,0,0,738650.25628508,0,0,0
161697.070902278,40,2178.6,2612,2779.8,0,0,738650.256285543,0,0,0
161697.110901344,40,2216.6,2661.8,2684.4,0,0,738650.256286006,0,0,0
161697.15090041,40,2258.4,2696.4,2603,0,0,738650.256286469,0,0,0
161697.190899477,40,2320.8,2753.8,2524.6,0,0,738650.256286932,0,0,0
161697.230898543,40,2410.2,2802.8,2437.4,0,0,738650.256287395,0,0,0
161697.27089761,40,2524.6,2809,2353.6,0,0,738650.256287857,0,0,0
161697.310896676,40,2650.2,2762.2,2279.6,0,0,738650.25628832,0,0,0
161697.350895743,40,2758.4,2672.2,2219.2,0,0,738650.256288783,0,0,0
161697.390894809,40,2847,2566.6,2167.6,0,0,738650.256289246,0,0,0
161697.430893875,40,2879.6,2464.6,2131.4,0,0,738650.256289709,0,0,0
161697.470892942,40,2863.4,2387.8,2104.2,0,0,738650.256290172,0,0,0
161697.510892008,40,2821.6,2325.2,2084.4,0,0,738650.256290635,0,0,0
161697.550891074,40,2780.6,2289,2076,0,0,738650.256291098,0,0,0
161697.590890141,40,2762.6,2274.2,2073.6,0,0,738650.256291561,0,0,0
161697.630889207,40,2778.2,2282.8,2076.2,0,0,738650.256292024,0,0,0
161697.670888274,40,2822.4,2322.6,2085.8,0,0,738650.256292487,0,0,0
161697.71088734,40,2867.4,2386,2104.6,0,0,738650.25629295,0,0,0
161697.750886406,40,2881,2490.4,2137.2,0,0,738650.256293413,0,0,0
161697.790885473,40,2809.4,2620.6,2192.8,0,0,738650.256293876,0,0,0
161697.830884539,40,2661,2753,2276.2,0,0,738650.256294339,0,0,0
161697.870883606,40,2479.4,2813.8,2387,0,0,738650.256294802,0,0,0
161697.910882672,40,2325.2,2783.6,2539,0,0,738650.256295265,0,0,0
161697.950881739,40,2215.4,2660,2702.2,0,0,738650.256295728,0,0,0
161697.990880805,40,2143,2523.2,2830.6,0,0,738650.256296191,0,0,0
161698.030879871,40,2101.4,2418.8,2895.6,0,0,738650.256296654,0,0,0
161698.070878938,40,2088.8,2371,2892.6,0,0,738650.256297117,0,0,0
161698.110878004,40,2085.4,2360.8,2889.8,0,0,738650.25629758,0,0,0
161698.15087707,40,2092.6,2395.2,2960.2,0,0,738650.256298042,0,0,0
161698.190876137,40,2102.4,2438.2,2976.6,0,0,738650.256298505,0,0,0
161698.230875203,40,2121.6,2498.4,2963,0,0,738650.256298968,0,0,0
161698.27087427,40,2143.6,2553.2,2898.8,0,0,738650.256299431,0,0,0
161698.310873336,40,2170.6,2589.6,2781,0,0,738650.256299894,0,0,0
161698.350872402,40,2203,2612,2687.6,0,0,738650.256300357,0,0,0
161698.390871469,40,2244.4,2676.2,2630,0,0,738650.25630082,0,0,0
161698.430870535,40,2304.6,2764.8,2564.6,0,0,738650.256301283,0,0,0
161698.470869602,40,2377,2809.8,2481.6,0,0,738650.256301746,0,0,0
161698.510868668,40,2458.8,2809.4,2400,0,0,738650.256302209,0,0,0
161698.550867735,40,2547.2,2775.6,2331.4,0,0,738650.256302672,0,0,0
161698.590866801,40,2628,2720.2,2270.4,0,0,738650.256303135,0,0,0
161698.630865867,40,2705,2641.8,2218.4,0,0,738650.256303598,0,0,0
161698.670864934,40,2767,2560.2,2179.4,0,0,738650.256304061,0,0,0
161698.710864,40,2798.4,2482.8,2146.6,0,0,738650.256304524,0,0,0
161698.750863066,40,2802.6,2415.6,2121,0,0,738650.256304987,0,0,0
161698.790862133,40,2778.2,2360.6,2105.6,0,0,738650.25630545,0,0,0
161698.830861199,40,2763.8,2329.6,2090.8,0,0,738650.256305913,0,0,0
161698.870860266,40,2768.8,2320,2091,0,0,738650.256306376,0,0,0
161698.910859332,40,2799,2343.6,2093.8,0,0,738650.256306838,0,0,0
161698.950858398,40,2846.8,2394.2,2113.2,0,0,738650.256307301,0,0,0
161698.990857465,40,2877.4,2483.8,2136.6,0,0,738650.256307764,0,0,0
161699.030856531,40,2834.2,2607.2,2183.8,0,0,738650.256308227,0,0,0
161699.070855598,40,2715.8,2740.6,2258,0,0,738650.25630869,0,0,0
161699.110854664,40,2558,2838.4,2350.4,0,0,738650.256309153,0,0,0
161699.15085373,40,2399.4,2847.8,2486.4,0,0,738650.256309616,0,0,0
161699.190852797,40,2274,2764,2638.8,0,0,738650.256310079,0,0,0
161699.230851863,40,2184.4,2627.6,2784.6,0,0,738650.256310542,0,0,0
161699.27085093,40,2125.4,2481.4,2878.4,0,0,738650.256311005,0,0,0
161699.310849996,40,2087.6,2374.8,2881,0,0,738650.256311468,0,0,0
161699.350849062,40,2081.8,2326.2,2791.8,0,0,738650.256311931,0,0,0
161699.390848129,40,2089.8,2378,2882.8,0,0,738650.256312394,0,0,0
161699.430847195,40,2100.4,2435.4,2962.2,0,0,738650.256312857,0,0,0
161699.470846262,40,2121.2,2500.4,2985.6,0,0,738650.25631332,0,0,0
161699.510845328,40,2144.6,2583.4,2974.4,0,0,738650.256313783,0,0,0
161699.550844395,40,2180.8,2675.8,2907,0,0,738650.256314246,0,0,0
161699.590843461,40,2226.8,2770.2,2811.8,0,0,738650.256314709,0,0,0
161699.630842527,40,2285.4,2833.6,2686.8,0,0,738650.256315172,0,0,0
161699.670841594,40,2348.2,2883.8,2574,0,0,738650.256315635,0,0,0
161699.71084066,40,2438,2902.4,2474,0,0,738650.256316098,0,0,0
161699.750839726,40,2541.8,2886.8,2380.8,0,0,738650.256316561,0,0,0
161699.790838793,40,2650.4,2825.2,2301.8,0,0,738650.256317023,0,0,0
161699.830837859,40,2763.8,2727.4,2235.6,0,0,738650.256317486,0,0,0
161699.870836926,40,2850.8,2613.4,2182,0,0,738650.256317949,0,0,0
161699.910835992,40,2886,2489.2,2135.6,0,0,738650.256318412,0,0,0
161699.950835058,40,2861.4,2389.2,2102.8,0,0,738650.256318875,0,0,0
161699.990834125,40,2795.4,2311.8,2079.6,0,0,738650.256319338,0,0,0
161700.030833191,40,2709,2248.6,2066.8,0,0,738650.256319801,0,0,0
161700.070832258,40,2635.8,2216,2055.2,0,0,738650.256320264,0,0,0
161700.110831324,40,2601.4,2199.6,2053,0,0,738650.256320727,0,0,0
161700.15083039,40,2623.4,2206.2,2054,0,0,738650.25632119,0,0,0
161700.190829457,40,2677.4,2232.8,2061,0,0,738650.256321653,0,0,0
161700.230828523,40,2772.8,2280,2074,0,0,738650.256322116,0,0,0
161700.27082759,40,2868.2,2356.4,2095.2,0,0,738650.256322579,0,0,0
161700.310826656,40,2921.8,2474.6,2127.4,0,0,738650.256323042,0,0,0
161700.350825723,40,2857.4,2631.6,2186.8,0,0,738650.256323505,0,0,0
161700.390824789,40,2695.2,2779,2271.6,0,0,738650.256323968,0,0,0
161700.430823855,40,2498,2851,2393,0,0,738650.256324431,0,0,0
161700.470822922,40,2332.8,2807.4,2542.4,0,0,738650.256324894,0,0,0
161700.510821988,40,2218,2671,2699,0,0,738650.256325357,0,0,0
161700.550821054,40,2147.6,2541.8,2829.2,0,0,738650.25632582,0,0,0
161700.590820121,40,2107.4,2445,2910.8,0,0,738650.256326283,0,0,0
161700.630819187,40,2090.4,2385.8,2923,0,0,738650.256326745,0,0,0
161700.670818254,40,2086.6,2379.6,2937.8,0,0,738650.256327208,0,0,0
161700.71081732,40,2092.6,2393.6,2962.8,0,0,738650.256327671,0,0,0
161700.750816386,40,2100.4,2424.8,2976.2,0,0,738650.256328134,0,0,0
161700.790815453,40,2114.2,2473.8,2968.8,0,0,738650.256328597,0,0,0
161700.830814519,40,2133.4,2518.4,2925,0,0,738650.25632906,0,0,0
161700.870813586,40,2150.2,2541.6,2814.8,0,0,738650.256329523,0,0,0
161700.910812652,40,2175.6,2566.2,2727,0,0,738650.256329986,0,0,0
161700.950811719,40,2212.6,2652.6,2704.2,0,0,738650.256330449,0,0,0
161700.990810785,40,2264.2,2745.2,2647.2,0,0,738650.256330912,0,0,0
161701.030809851,40,2328.4,2817.8,2566.2,0,0,738650.256331375,0,0,0
161701.070808918,40,2407.4,2836.6,2466.2,0,0,738650.256331838,0,0,0
161701.110807984,40,2489.4,2817.2,2385.4,0,0,738650.256332301,0,0,0
161701.15080705,40,2582.6,2770,2313.6,0,0,738650.256332764,0,0,0
161701.190806117,40,2670,2692.6,2251.6,0,0,738650.256333227,0,0,0
161701.230805183,40,2749,2605.4,2198,0,0,738650.25633369,0,0,0
161701.27080425,40,2799.6,2510.8,2153.8,0,0,738650.256334153,0,0,0
161701.310803316,40,2806.6,2423.6,2122.8,0,0,738650.256334616,0,0,0
161701.350802382,40,2791.8,2358.8,2103.4,0,0,738650.256335079,0,0,0
161701.390801449,40,2763.6,2312.8,2089.2,0,0,738650.256335541,0,0,0
161701.430800515,40,2736.8,2281.6,2077.8,0,0,738650.256336004,0,0,0
161701.470799582,40,2735.6,2270.4,2074,0,0,738650.256336467,0,0,0
161701.510798648,40,2758.2,2273.4,2074.4,0,0,738650.25633693,0,0,0
161701.550797715,40,2799.2,2295.4,2079,0,0,738650.256337393,0,0,0
161701.590796781,40,2864.2,2337.8,2087.4,0,0,738650.256337856,0,0,0
161701.630795847,40,2930.4,2410.2,2107.8,0,0,738650.256338319,0,0,0
161701.670794914,40,2951.8,2510.2,2139.2,0,0,738650.256338782,0,0,0
161701.71079398,40,2912.6,2636.2,2181.4,0,0,738650.256339245,0,0,0
161701.750793046,40,2800,2762.2,2241.4,0,0,738650.256339708,0,0,0
161701.790792113,40,2662,2854.6,2310.8,0,0,738650.256340171,0,0,0
161701.830791179,40,2530.8,2889.2,2387.4,0,0,738650.256340634,0,0,0
161701.870790246,40,2445,2888.2,2462,0,0,738650.256341097,0,0,0
161701.910789312,40,2386,2873,2523,0,0,738650.25634156,0,0,0
161701.950788379,40,2349.6,2863.6,2565.8,0,0,738650.256342023,0,0,0
161701.990787445,40,2345.2,2866.6,2575.2,0,0,738650.256342486,0,0,0
161702.030786511,40,2356.6,2868.4,2554.8,0,0,738650.256342949,0,0,0
161702.070785578,40,2383.4,2869.6,2512.8,0,0,738650.256343412,0,0,0
161702.110784644,40,2425.8,2848.6,2458.2,0,0,738650.256343875,0,0,0
161702.15078371,40,2487.4,2825,2390.2,0,0,738650.256344338,0,0,0
161702.190782777,40,2566.4,2795.6,2328.6,0,0,738650.256344801,0,0,0
161702.230781843,40,2651.4,2736.6,2271.8,0,0,738650.256345264,0,0,0
161702.27078091,40,2727.2,2659.6,2217.8,0,0,738650.256345726,0,0,0
161702.310779976,40,2784.6,2567.6,2178.8,0,0,738650.256346189,0,0,0
161702.350779042,40,2810.6,2478,2143,0,0,738650.256346652,0,0,0
161702.390778109,40,2801.8,2399.2,2115.8,0,0,738650.256347115,0,0,0
161702.430777175,40,2769,2335.8,2094.4,0,0,738650.256347578,0,0,0
161702.470776242,40,2719.2,2286.8,2078,0,0,738650.256348041,0,0,0
161702.510775308,40,2658.8,2248.4,2070,0,0,738650.256348504,0,0,0
161702.550774375,40,2637.2,2225.6,2065.6,0,0,738650.256348967,0,0,0
161702.590773441,40,2662.8,2229.2,2062.2,0,0,738650.25634943,0,0,0
161702.630772507,40,2727.4,2251,2064.8,0,0,738650.256349893,0,0,0
161702.670771574,40,2824.4,2299,2078.4,0,0,738650.256350356,0,0,0
161702.730770173,60,2962.2,2428.6,2110.6,0,0,738650.25635105,0,0,0
161702.953764968,223,2463,2921.8,2456.8,0,0,738650.256353631,0,0,0
161703.19875925,245,2230.2,2696,2686.8,0,0,738650.256356467,0,0,0
161703.449753392,251,2580,2797.6,2323.2,0,0,738650.256359372,0,0,0
161703.77674576,327,2925.6,2385.6,2099.2,0,0,738650.256363157,0,0,0
161704.028739878,252,2377.6,2851.4,2509.8,0,0,738650.256366073,0,0,0
161704.250734696,222,2086.6,2346,2803.8,0,0,738650.256368643,0,0,0
161704.490729095,240,2274.6,2833.8,2718.2,0,0,738650.25637142,0,0,0
161704.739723283,249,2828.8,2537.8,2158.2,0,0,738650.256374302,0,0,0
161704.784722233,45,2828.2,2431,2124.4,0,0,738650.256374823,0,0,0
161704.824721299,40,2787,2360.6,2105.4,0,0,738650.256375286,0,0,0
161704.864720366,40,2749.2,2317.8,2092.8,0,0,738650.256375749,0,0,0
161704.904719432,40,2731,2296.8,2084.4,0,0,738650.256376212,0,0,0
161704.944718499,40,2749.8,2301.2,2082.8,0,0,738650.256376675,0,0,0
161704.984717565,40,2785.4,2321.8,2088.4,0,0,738650.256377138,0,0,0
161705.024716631,40,2833,2365.8,2098,0,0,738650.256377601,0,0,0
161705.064715698,40,2875.2,2430.6,2119.8,0,0,738650.256378064,0,0,0
161705.104714764,40,2881.4,2532.4,2153.8,0,0,738650.256378527,0,0,0
161705.144713831,40,2839.4,2674.4,2206.4,0,0,738650.25637899,0,0,0
161705.184712897,40,2713.8,2836.4,2291.6,0,0,738650.256379453,0,0,0
161705.224711963,40,2531.6,2948.2,2423.4,0,0,738650.256379916,0,0,0
161705.26471103,40,2363.2,2933.6,2608.6,0,0,738650.256380379,0,0,0
161705.304710096,40,2233.2,2787,2802,0,0,738650.256380841,0,0,0
161705.344709163,40,2154,2584.6,2935.8,0,0,738650.256381304,0,0,0
161705.384708229,40,2097,2420,2933.6,0,0,738650.256381767,0,0,0
161705.424707295,40,2080.4,2323.4,2785.4,0,0,738650.25638223,0,0,0
161705.464706362,40,2089.6,2372,2888.2,0,0,738650.256382693,0,0,0
161705.504705428,40,2103.2,2417,2917.4,0,0,738650.256383156,0,0,0
161705.544704495,40,2119.4,2480.8,2923.4,0,0,738650.256383619,0,0,0
161705.584703561,40,2137.4,2542.4,2898.6,0,0,738650.256384082,0,0,0
161705.624702627,40,2168.8,2625.6,2873,0,0,738650.256384545,0,0,0
161705.664701694,40,2204,2706.2,2821.6,0,0,738650.256385008,0,0,0
161705.70470076,40,2240.6,2777.8,2757.4,0,0,738650.256385471,0,0,0
161705.744699827,40,2289.6,2851.8,2691.6,0,0,738650.256385934,0,0,0
161705.784698893,40,2340.4,2902.2,2619.4,0,0,738650.256386397,0,0,0
161705.824697959,40,2404.2,2952.8,2540.2,0,0,738650.25638686,0,0,0
161705.864697026,40,2480.4,2967,2473.4,0,0,738650.256387323,0,0,0
161705.904696092,40,2569.8,2959,2397.8,0,0,738650.256387786,0,0,0
161705.944695159,40,2655.4,2922.6,2337,0,0,738650.256388249,0,0,0
161705.984694225,40,2732.6,2857.6,2289.2,0,0,738650.256388712,0,0,0
161706.024693291,40,2787.4,2793,2248.6,0,0,738650.256389174,0,0,0
161706.064692358,40,2815.8,2745.6,2226.6,0,0,738650.256389637,0,0,0
161706.104691424,40,2814.8,2724.4,2223.8,0,0,738650.2563901,0,0,0
161706.144690491,40,2795,2737,2230.2,0,0,738650.256390563,0,0,0
161706.184689557,40,2744.6,2768.8,2255.2,0,0,738650.256391026,0,0,0
161706.224688623,40,2662.8,2814,2291.4,0,0,738650.256391489,0,0,0
161706.26468769,40,2565,2856.2,2352.8,0,0,738650.256391952,0,0,0
161706.304686756,40,2466.2,2875.6,2432.6,0,0,738650.256392415,0,0,0
161706.344685823,40,2372.6,2878.2,2536.4,0,0,738650.256392878,0,0,0
161706.384684889,40,2292,2839.8,2673.2,0,0,738650.256393341,0,0,0
161706.424683955,40,2228.8,2768.2,2803.8,0,0,738650.256393804,0,0,0
161706.464683022,40,2180.2,2669.6,2906.4,0,0,738650.256394267,0,0,0
161706.504682088,40,2145,2557.4,2930.8,0,0,738650.25639473,0,0,0
161706.544681155,40,2117,2482.8,2940.4,0,0,738650.256395193,0,0,0
161706.584680221,40,2099.4,2424.4,2925,0,0,738650.256395656,0,0,0
161706.624679287,40,2088.6,2375.6,2877.6,0,0,738650.256396119,0,0,0
161706.664678354,40,2083.2,2314.4,2665.4,0,0,738650.256396582,0,0,0
161706.70467742,40,2079.6,2295.2,2625.8,0,0,738650.256397045,0,0,0
161706.744676487,40,2082.8,2313,2645.4,0,0,738650.256397508,0,0,0
161706.784675553,40,2086,2322.8,2672.2,0,0,738650.256397971,0,0,0
161706.824674619,40,2089.2,2324,2666.8,0,0,738650.256398434,0,0,0
161706.864673686,40,2088.2,2324.4,2664,0,0,738650.256398897,0,0,0
161706.904672752,40,2086.6,2330,2664,0,0,738650.25639936,0,0,0
161706.944671819,40,2093.6,2340.2,2677.6,0,0,738650.256399822,0,0,0
161706.984670885,40,2096.4,2365.2,2691.8,0,0,738650.256400285,0,0,0
161707.024669951,40,2106.2,2389.6,2717.6,0,0,738650.256400748,0,0,0
161707.064669018,40,2116.6,2428.4,2739.8,0,0,738650.256401211,0,0,0
161707.104668084,40,2132.2,2471.4,2763.8,0,0,738650.256401674,0,0,0
161707.144667151,40,2149.6,2530.2,2779.8,0,0,738650.256402137,0,0,0
161707.184666217,40,2176.8,2609.8,2780,0,0,738650.2564026,0,0,0
161707.224665283,40,2209.2,2689.4,2760,0,0,738650.256403063,0,0,0
161707.26466435,40,2249.2,2772.6,2717.2,0,0,738650.256403526,0,0,0
161707.304663416,40,2306.4,2842.8,2644.6,0,0,738650.256403989,0,0,0
161707.344662483,40,2374.8,2894.8,2558,0,0,738650.256404452,0,0,0
161707.384661549,40,2466,2910.2,2453.8,0,0,738650.256404915,0,0,0
161707.424660615,40,2571,2870.4,2360.6,0,0,738650.256405378,0,0,0
161707.464659682,40,2674.8,2802.8,2283.6,0,0,738650.256405841,0,0,0
161707.504658748,40,2752,2706,2225.6,0,0,738650.256406304,0,0,0
161707.544657815,40,2800.8,2624.6,2191.2,0,0,738650.256406767,0,0,0
161707.584656881,40,2807,2561.4,2167.2,0,0,738650.25640723,0,0,0
161707.624655947,40,2805.6,2538.6,2159.6,0,0,738650.256407693,0,0,0
161707.664655014,40,2797.8,2533.2,2162.2,0,0,738650.256408156,0,0,0
161707.70465408,40,2775.8,2572.2,2177.8,0,0,738650.256408619,0,0,0
161707.744653147,40,2739.8,2635.8,2206.6,0,0,738650.256409082,0,0,0
161707.784652213,40,2671,2732.2,2262.8,0,0,738650.256409544,0,0,0
161707.824651279,40,2556.6,2825,2346.2,0,0,738650.256410007,0,0,0
161707.864650346,40,2427.4,2864.4,2458.6,0,0,738650.25641047,0,0,0
161707.904649412,40,2327.6,2834.2,2591.4,0,0,738650.256410933,0,0,0
161707.944648479,40,2313.2,2820.8,2591,0,0,738650.256411396,0,0,0
161707.984647545,40,2382.4,2851.4,2511.4,0,0,738650.256411859,0,0,0
161708.024646611,40,2493.2,2851,2397.6,0,0,738650.256412322,0,0,0
161708.064645678,40,2629.2,2780,2295.6,0,0,738650.256412785,0,0,0
161708.104644744,40,2748.6,2670,2216.8,0,0,738650.256413248,0,0,0
161708.144643811,40,2806.6,2549.4,2161.2,0,0,738650.256413711,0,0,0
161708.184642877,40,2813,2467.6,2137,0,0,738650.256414174,0,0,0
161708.224641943,40,2803,2420.6,2119.2,0,0,738650.256414637,0,0,0
161708.26464101,40,2795.8,2415.6,2118.6,0,0,738650.2564151,0,0,0
161708.304640076,40,2799.4,2453.6,2131,0,0,738650.256415563,0,0,0
161708.344639143,40,2786.8,2522.2,2155.8,0,0,738650.256416026,0,0,0
161708.384638209,40,2736.4,2636.6,2210.6,0,0,738650.256416489,0,0,0
161708.424637275,40,2625,2769.4,2287.4,0,0,738650.256416952,0,0,0
161708.464636342,40,2471,2844.8,2414.4,0,0,738650.256417415,0,0,0
161708.504635408,40,2351.8,2824.6,2530.6,0,0,738650.256417878,0,0,0
161708.544634475,40,2376.6,2821.4,2491,0,0,738650.25641834,0,0,0
161708.584633541,40,2480.6,2824.2,2389.4,0,0,738650.256418803,0,0,0
161708.624632607,40,2623.2,2750.4,2282.6,0,0,738650.256419266,0,0,0
161708.664631674,40,2748.8,2631.4,2203.6,0,0,738650.256419729,0,0,0
161708.70463074,40,2796.4,2515.2,2148.4,0,0,738650.256420192,0,0,0
161708.744629807,40,2804.4,2428.8,2122,0,0,738650.256420655,0,0,0
161708.784628873,40,2794.8,2383.6,2107,0,0,738650.256421118,0,0,0
161708.824627939,40,2785.6,2372.2,2103.6,0,0,738650.256421581,0,0,0
161708.864627006,40,2792.8,2395.4,2110.8,0,0,738650.256422044,0,0,0
161708.904626072,40,2788.4,2454.2,2134.4,0,0,738650.256422507,0,0,0
161708.944625139,40,2767.2,2545,2170.6,0,0,738650.25642297,0,0,0
161708.984624205,40,2675.8,2657.4,2231.8,0,0,738650.256423433,0,0,0
161709.024623271,40,2537.6,2765.8,2327.2,0,0,738650.256423896,0,0,0
161709.064622338,40,2390.4,2787.4,2454.4,0,0,738650.256424359,0,0,0
161709.104621404,40,2332.2,2782.2,2524.8,0,0,738650.256424822,0,0,0
161709.144620471,40,2392.4,2806.2,2469.2,0,0,738650.256425285,0,0,0
161709.184619537,40,2503.6,2810.8,2372.4,0,0,738650.256425748,0,0,0
161709.224618603,40,2647.4,2743.8,2274.8,0,0,738650.256426211,0,0,0
161709.26461767,40,2759.6,2629.4,2198.4,0,0,738650.256426674,0,0,0
161709.304616736,40,2809,2516.2,2151.2,0,0,738650.256427137,0,0,0
161709.344615803,40,2817.4,2449.8,2129.2,0,0,738650.2564276,0,0,0
161709.384614869,40,2803,2411.8,2115.4,0,0,738650.256428063,0,0,0
161709.424613935,40,2802,2415.8,2121.8,0,0,738650.256428525,0,0,0
161709.464613002,40,2813.2,2459,2133,0,0,738650.256428988,0,0,0
161709.504612068,40,2800.4,2531.4,2156.2,0,0,738650.256429451,0,0,0
161709.544611135,40,2737.6,2640.4,2210,0,0,738650.256429914,0,0,0
161709.584610201,40,2613.6,2755,2294.8,0,0,738650.256430377,0,0,0
161709.624609267,40,2454.6,2810.2,2408.6,0,0,738650.25643084,0,0,0
161709.664608334,40,2360,2785.2,2494,0,0,738650.256431303,0,0,0
161709.7046074,40,2406.6,2783.2,2439.2,0,0,738650.256431766,0,0,0
161709.744606467,40,2500.8,2758.4,2347.8,0,0,738650.256432229,0,0,0
161709.784605533,40,2621,2698.2,2262,0,0,738650.256432692,0,0,0
161709.824604599,40,2717.8,2600.8,2197.4,0,0,738650.256433155,0,0,0
161709.864603666,40,2771.2,2509.6,2155.6,0,0,738650.256433618,0,0,0
161709.904602732,40,2790.8,2438.2,2124.8,0,0,738650.256434081,0,0,0
161709.944601799,40,2786.6,2397.4,2114,0,0,738650.256434544,0,0,0
161709.984600865,40,2780,2389.8,2112,0,0,738650.256435007,0,0,0
161710.024599931,40,2783.4,2415.4,2117.6,0,0,738650.25643547,0,0,0
161710.064598998,40,2784.6,2470,2141.6,0,0,738650.256435933,0,0,0
161710.104598064,40,2749.8,2550.2,2173.8,0,0,738650.256436396,0,0,0
161710.144597131,40,2676,2655.4,2230,0,0,738650.256436859,0,0,0
161710.184596197,40,2556.2,2754,2311,0,0,738650.256437322,0,0,0
161710.224595263,40,2422.8,2799.8,2420.2,0,0,738650.256437785,0,0,0
161710.26459433,40,2391.2,2810.4,2474,0,0,738650.256438248,0,0,0
161710.304593396,40,2454.8,2839.4,2414.2,0,0,738650.25643871,0,0,0
161710.344592463,40,2568.8,2824.2,2338.4,0,0,738650.256439173,0,0,0
161710.384591529,40,2694.4,2748.6,2258.2,0,0,738650.256439636,0,0,0
161710.424590595,40,2788,2642.6,2198.4,0,0,738650.256440099,0,0,0
161710.464589662,40,2836.8,2540.2,2157.6,0,0,738650.256440562,0,0,0
161710.504588728,40,2844,2467.2,2132,0,0,738650.256441025,0,0,0
161710.544587795,40,2828,2423.4,2116.6,0,0,738650.256441488,0,0,0
161710.584586861,40,2832.8,2420,2116.2,0,0,738650.256441951,0,0,0
161710.624585927,40,2834.6,2450.2,2128.6,0,0,738650.256442414,0,0,0
161710.664584994,40,2822.2,2513,2149.2,0,0,738650.256442877,0,0,0
161710.70458406,40,2772.8,2604.8,2193,0,0,738650.25644334,0,0,0
161710.744583127,40,2681.6,2708.4,2247,0,0,738650.256443803,0,0,0
161710.784582193,40,2553.6,2790.2,2330.2,0,0,738650.256444266,0,0,0
161710.824581259,40,2468,2829.6,2405.6,0,0,738650.256444729,0,0,0
161710.864580326,40,2508,2834.2,2378,0,0,738650.256445192,0,0,0
161710.904579392,40,2619.2,2795,2301.6,0,0,738650.256445655,0,0,0
161710.944578459,40,2743,2696.6,2227,0,0,738650.256446118,0,0,0
161710.984577525,40,2816,2577.8,2176.6,0,0,738650.256446581,0,0,0
161711.024576591,40,2840.8,2484.2,2139.2,0,0,738650.256447044,0,0,0
161711.064575658,40,2837,2426.8,2119.6,0,0,738650.256447506,0,0,0
161711.104574724,40,2815.6,2397.6,2109,0,0,738650.256447969,0,0,0
161711.144573791,40,2817.2,2412.4,2114.2,0,0,738650.256448432,0,0,0
161711.184572857,40,2830,2457.8,2132.6,0,0,738650.256448895,0,0,0
161711.224571923,40,2815.2,2527.6,2161,0,0,738650.256449358,0,0,0
161711.26457099,40,2762.4,2625.6,2199.2,0,0,738650.256449821,0,0,0
161711.304570056,40,2661.4,2729,2264.4,0,0,738650.256450284,0,0,0
161711.344569123,40,2533.2,2804.4,2351.2,0,0,738650.256450747,0,0,0
161711.384568189,40,2452.2,2824.8,2420.4,0,0,738650.25645121,0,0,0
161711.424567255,40,2505,2831.6,2381.2,0,0,738650.256451673,0,0,0
161711.464566322,40,2627.8,2797.6,2304.4,0,0,738650.256452136,0,0,0
161711.504565388,40,2749.8,2694.6,2229,0,0,738650.256452599,0,0,0
161711.544564455,40,2822.4,2581.4,2172.6,0,0,738650.256453062,0,0,0
161711.584563521,40,2850,2497,2143.8,0,0,738650.256453525,0,0,0
161711.624562587,40,2840,2436.4,2119,0,0,738650.256453988,0,0,0
161711.664561654,40,2825.4,2401.2,2112.6,0,0,738650.256454451,0,0,0
161711.70456072,40,2820.6,2401.8,2109.6,0,0,738650.256454914,0,0,0
161711.744559787,40,2829.2,2437.4,2122.8,0,0,738650.256455377,0,0,0
161711.784558853,40,2827,2495.4,2143,0,0,738650.25645584,0,0,0
161711.824557919,40,2798.4,2591.4,2181.4,0,0,738650.256456303,0,0,0
161711.864556986,40,2714.6,2704.6,2238,0,0,738650.256456766,0,0,0
161711.904556052,40,2590.8,2803.2,2319.6,0,0,738650.256457229,0,0,0
161711.944555119,40,2486.2,2848.8,2403,0,0,738650.256457691,0,0,0
161711.984554185,40,2487.8,2830.6,2389,0,0,738650.256458154,0,0,0
161712.024553251,40,2578.4,2790.6,2319.8,0,0,738650.256458617,0,0,0
161712.064552318,40,2678.2,2697.8,2243.8,0,0,738650.25645908,0,0,0
161712.104551384,40,2751,2589,2187.2,0,0,738650.256459543,0,0,0
161712.144550451,40,2791,2490.4,2147.8,0,0,738650.256460006,0,0,0
161712.184549517,40,2796.4,2420.4,2120,0,0,738650.256460469,0,0,0
161712.224548583,40,2786.6,2381.2,2106.6,0,0,738650.256460932,0,0,0
161712.26454765,40,2781,2369.4,2103.4,0,0,738650.256461395,0,0,0
161712.304546716,40,2788,2387.4,2104.4,0,0,738650.256461858,0,0,0
161712.344545783,40,2790,2426.8,2122.6,0,0,738650.256462321,0,0,0
161712.384544849,40,2779,2487.6,2148.4,0,0,738650.256462784,0,0,0
161712.424543915,40,2725,2580.4,2191.4,0,0,738650.256463247,0,0,0
161712.464542982,40,2626.6,2671.2,2249.6,0,0,738650.25646371,0,0,0
161712.504542048,40,2513.2,2743.6,2332.2,0,0,738650.256464173,0,0,0
161712.544541115,40,2424.2,2757.6,2400.6,0,0,738650.256464636,0,0,0
161712.584540181,40,2444.4,2771.8,2390.2,0,0,738650.256465099,0,0,0
161712.624539247,40,2533.2,2771,2332,0,0,738650.256465562,0,0,0
161712.664538314,40,2644.6,2723.6,2264.4,0,0,738650.256466025,0,0,0
161712.70453738,40,2738.2,2635.4,2207.8,0,0,738650.256466488,0,0,0
161712.744536447,40,2798.6,2548.4,2164.2,0,0,738650.256466951,0,0,0
161712.784535513,40,2825.2,2480.2,2137.2,0,0,738650.256467414,0,0,0
161712.824534579,40,2821.6,2428,2121,0,0,738650.256467876,0,0,0
161712.864533646,40,2817,2413,2114.6,0,0,738650.256468339,0,0,0
161712.904532712,40,2826.6,2428.2,2122.8,0,0,738650.256468802,0,0,0
161712.944531779,40,2829.6,2467.8,2133.8,0,0,738650.256469265,0,0,0
161712.984530845,40,2816.6,2536,2162.2,0,0,738650.256469728,0,0,0
161713.024529911,40,2756.8,2630.4,2203,0,0,738650.256470191,0,0,0
161713.064528978,40,2646.2,2721.2,2266,0,0,738650.256470654,0,0,0
161713.104528044,40,2504.6,2766.6,2348.6,0,0,738650.256471117,0,0,0
161713.144527111,40,2399,2761.4,2425.6,0,0,738650.25647158,0,0,0
161713.184526177,40,2404.4,2760.4,2421.8,0,0,738650.256472043,0,0,0
161713.224525243,40,2459.8,2762.4,2374,0,0,738650.256472506,0,0,0
161713.26452431,40,2542.8,2737.8,2314.4,0,0,738650.256472969,0,0,0
161713.304523376,40,2644.8,2686.8,2249.2,0,0,738650.256473432,0,0,0
161713.344522443,40,2729,2609.4,2201.4,0,0,738650.256473895,0,0,0
161713.384521509,40,2784,2534.4,2162.6,0,0,738650.256474358,0,0,0
161713.424520575,40,2803.2,2481.8,2137.6,0,0,738650.256474821,0,0,0
161713.464519642,40,2807.6,2446.2,2124,0,0,738650.256475284,0,0,0
161713.508518615,44,2802.6,2438,2119.6,0,0,738650.256475793,0,0,0
161713.548517681,40,2805,2456.2,2134,0,0,738650.256476256,0,0,0
161713.588516748,40,2792.2,2502,2149.6,0,0,738650.256476719,0,0,0
161713.628515814,40,2738,2573.2,2187.8,0,0,738650.256477182,0,0,0
161713.66851488,40,2642.6,2649.6,2235.2,0,0,738650.256477645,0,0,0
161713.708513947,40,2543,2718.2,2308.2,0,0,738650.256478108,0,0,0
161713.748513013,40,2441.2,2757.8,2389.2,0,0,738650.256478571,0,0,0
161713.78851208,40,2408,2795,2434.6,0,0,738650.256479034,0,0,0
161713.828511146,40,2469,2838.8,2409.6,0,0,738650.256479496,0,0,0
161713.868510212,40,2562,2840.6,2352.4,0,0,738650.256479959,0,0,0
161713.908509279,40,2670.6,2790.6,2284.8,0,0,738650.256480422,0,0,0
161713.948508345,40,2768,2707.8,2226.2,0,0,738650.256480885,0,0,0
161713.988507412,40,2832,2619.6,2183.6,0,0,738650.256481348,0,0,0
161714.028506478,40,2868.4,2545.4,2154.4,0,0,738650.256481811,0,0,0
161714.068505544,40,2881.8,2495.8,2140.2,0,0,738650.256482274,0,0,0
161714.108504611,40,2883.8,2493.6,2136,0,0,738650.256482737,0,0,0
161714.148503677,40,2895.6,2531.6,2149.4,0,0,738650.2564832,0,0,0
161714.188502744,40,2880.8,2596.2,2174.4,0,0,738650.256483663,0,0,0
161714.22850181,40,2823.8,2699.6,2214.4,0,0,738650.256484126,0,0,0
161714.268500876,40,2739.2,2809.2,2272.6,0,0,738650.256484589,0,0,0
161714.308499943,40,2617.8,2904.2,2348.4,0,0,738650.256485052,0,0,0
161714.348499009,40,2487.2,2936.4,2449.4,0,0,738650.256485515,0,0,0
161714.388498076,40,2401,2929.6,2544.8,0,0,738650.256485978,0,0,0
161714.428497142,40,2370.2,2892.2,2560.2,0,0,738650.256486441,0,0,0
161714.468496208,40,2402,2889.6,2506.8,0,0,738650.256486904,0,0,0
161714.508495275,40,2454.6,2881,2439.8,0,0,738650.256487367,0,0,0
161714.548494341,40,2538,2841.6,2367.4,0,0,738650.25648783,0,0,0
161714.588493408,40,2616.4,2787.2,2299.8,0,0,738650.256488293,0,0,0
161714.628492474,40,2702.2,2728.2,2248.2,0,0,738650.256488756,0,0,0
161714.66849154,40,2764.2,2674.6,2213.8,0,0,738650.256489219,0,0,0
161714.708490607,40,2800.4,2636.4,2192,0,0,738650.256489681,0,0,0
161714.748489673,40,2820.8,2632,2190.6,0,0,738650.256490144,0,0,0
161714.78848874,40,2825,2671.4,2201.2,0,0,738650.256490607,0,0,0
161714.828487806,40,2791.6,2732,2228,0,0,738650.25649107,0,0,0
161714.868486872,40,2722.4,2816.4,2275,0,0,738650.256491533,0,0,0
161714.908485939,40,2620.8,2904.4,2343.2,0,0,738650.256491996,0,0,0
161714.948485005,40,2503.2,2952.6,2443.2,0,0,738650.256492459,0,0,0
161714.988484072,40,2390.4,2936.6,2556.6,0,0,738650.256492922,0,0,0
161715.028483138,40,2335.4,2885.6,2619.6,0,0,738650.256493385,0,0,0
161715.068482204,40,2341.6,2843.2,2567.8,0,0,738650.256493848,0,0,0
161715.108481271,40,2379.4,2816.8,2485.4,0,0,738650.256494311,0,0,0
161715.148480337,40,2438.6,2779.2,2401.6,0,0,738650.256494774,0,0,0
161715.188479404,40,2515.4,2735.6,2325.2,0,0,738650.256495237,0,0,0
161715.22847847,40,2604.4,2681.4,2264,0,0,738650.2564957,0,0,0
161715.268477536,40,2683.4,2626.2,2219,0,0,738650.256496163,0,0,0
161715.308476603,40,2749.6,2575,2183.2,0,0,738650.256496626,0,0,0
161715.348475669,40,2790.2,2539.2,2168,0,0,738650.256497089,0,0,0
161715.388474736,40,2808.2,2532.2,2159,0,0,738650.256497552,0,0,0
161715.428473802,40,2804,2542.8,2164.8,0,0,738650.256498015,0,0,0
161715.468472868,40,2783.2,2588.8,2185,0,0,738650.256498478,0,0,0
161715.508471935,40,2724.6,2640.6,2213.4,0,0,738650.256498941,0,0,0
161715.548471001,40,2646,2697.4,2261.6,0,0,738650.256499404,0,0,0
161715.588470068,40,2548.8,2750,2316.6,0,0,738650.256499866,0,0,0
161715.628469134,40,2459.2,2779.8,2389.8,0,0,738650.256500329,0,0,0
161715.6684682,40,2389.2,2786.6,2455.6,0,0,738650.256500792,0,0,0
161715.708467267,40,2369.2,2794,2480.6,0,0,738650.256501255,0,0,0
161715.748466333,40,2410.4,2817.2,2452.2,0,0,738650.256501718,0,0,0
161715.7884654,40,2485.4,2827.6,2391.4,0,0,738650.256502181,0,0,0
161715.828464466,40,2595.8,2793.6,2312.4,0,0,738650.256502644,0,0,0
161715.868463532,40,2704.4,2707,2241.8,0,0,738650.256503107,0,0,0
161715.908462599,40,2780.2,2603.4,2189.2,0,0,738650.25650357,0,0,0
161715.948461665,40,2817.6,2515.8,2150.2,0,0,738650.256504033,0,0,0
161715.988460732,40,2818.8,2457.8,2133.4,0,0,738650.256504496,0,0,0
161716.028459798,40,2810,2435,2122,0,0,738650.256504959,0,0,0
161716.068458864,40,2796.6,2446.8,2128,0,0,738650.256505422,0,0,0
161716.108457931,40,2785,2482.2,2143.6,0,0,738650.256505885,0,0,0
161716.148456997,40,2764,2544.2,2172.4,0,0,738650.256506348,0,0,0
161716.188456064,40,2712.2,2626,2210.8,0,0,738650.256506811,0,0,0
161716.22845513,40,2626,2713.2,2271.2,0,0,738650.256507274,0,0,0
161716.268454196,40,2510.4,2782.2,2349,0,0,738650.256507737,0,0,0
161716.308453263,40,2411.4,2795.4,2436.4,0,0,738650.256508199,0,0,0
161716.348452329,40,2396.2,2808,2455.6,0,0,738650.256508662,0,0,0
161716.388451396,40,2458.6,2796.2,2397.2,0,0,738650.256509125,0,0,0
161716.428450462,40,2552.6,2761.8,2322,0,0,738650.256509588,0,0,0
161716.468449528,40,2655.6,2688.2,2246.6,0,0,738650.256510051,0,0,0
161716.508448595,40,2740.8,2594.8,2190.8,0,0,738650.256510514,0,0,0
161716.548447661,40,2787.4,2513.4,2153,0,0,738650.256510977,0,0,0
161716.588446728,40,2806.6,2444.6,2129.6,0,0,738650.25651144,0,0,0
161716.628445794,40,2804.4,2408.8,2116.8,0,0,738650.256511903,0,0,0
161716.66844486,40,2804,2396,2114.2,0,0,738650.256512366,0,0,0
161716.708443927,40,2805,2413.6,2119.6,0,0,738650.256512829,0,0,0
161716.748442993,40,2809.4,2456.4,2134.2,0,0,738650.256513292,0,0,0
161716.78844206,40,2788.6,2521,2159.8,0,0,738650.256513755,0,0,0
161716.828441126,40,2728.6,2608,2201.8,0,0,738650.256514218,0,0,0
161716.868440192,40,2633.8,2687.2,2260,0,0,738650.256514681,0,0,0
161716.908439259,40,2519.6,2748.4,2331,0,0,738650.256515144,0,0,0
161716.948438325,40,2442,2767.8,2393.6,0,0,738650.256515607,0,0,0
161716.988437392,40,2455.4,2772,2383.4,0,0,738650.25651607,0,0,0
161717.028436458,40,2520.4,2769,2337.2,0,0,738650.256516533,0,0,0
161717.068435524,40,2617.2,2741.4,2280.8,0,0,738650.256516996,0,0,0
161717.108434591,40,2720.2,2670,2223,0,0,738650.256517459,0,0,0
161717.148433657,40,2805,2592,2180.2,0,0,738650.256517922,0,0,0
161717.188432724,40,2842.8,2510,2148.6,0,0,738650.256518384,0,0,0
161717.22843179,40,2852.8,2456,2124.4,0,0,738650.256518847,0,0,0
161717.268430856,40,2847.8,2426,2114.4,0,0,738650.25651931,0,0,0
161717.308429923,40,2853.2,2438.4,2122.8,0,0,738650.256519773,0,0,0
161717.348428989,40,2857.8,2483.8,2136.2,0,0,738650.256520236,0,0,0
161717.388428056,40,2841.4,2563.8,2165.4,0,0,738650.256520699,0,0,0
161717.428427122,40,2788.2,2665.8,2209.4,0,0,738650.256521162,0,0,0
161717.468426188,40,2683.2,2770,2270.4,0,0,738650.256521625,0,0,0
161717.508425255,40,2561.6,2845,2352.8,0,0,738650.256522088,0,0,0
161717.548424321,40,2469.2,2861.6,2425.4,0,0,738650.256522551,0,0,0
161717.588423388,40,2463.6,2844.8,2416,0,0,738650.256523014,0,0,0
161717.628422454,40,2518.8,2836.2,2370.2,0,0,738650.256523477,0,0,0
161717.66842152,40,2602.6,2799.4,2310.2,0,0,738650.25652394,0,0,0
161717.708420587,40,2697.4,2726.2,2249.8,0,0,738650.256524403,0,0,0
161717.748419653,40,2783.4,2634.2,2195.8,0,0,738650.256524866,0,0,0
161717.78841872,40,2835,2550.4,2160.6,0,0,738650.256525329,0,0,0
161717.828417786,40,2851,2482.8,2138.2,0,0,738650.256525792,0,0,0
161717.868416852,40,2847.8,2439.8,2123,0,0,738650.256526255,0,0,0
161717.908415919,40,2843.6,2423,2115.2,0,0,738650.256526718,0,0,0
161717.948414985,40,2851.8,2440.4,2124.6,0,0,738650.256527181,0,0,0
161717.988414052,40,2841.8,2475.4,2139.4,0,0,738650.256527644,0,0,0
161718.028413118,40,2830.2,2535.8,2159.4,0,0,738650.256528107,0,0,0
161718.068412184,40,2783.8,2620.6,2192.8,0,0,738650.25652857,0,0,0
161718.108411251,40,2700,2711.8,2244.4,0,0,738650.256529032,0,0,0
161718.148410317,40,2592,2796.2,2317,0,0,738650.256529495,0,0,0
161718.188409384,40,2482.6,2837.6,2395.2,0,0,738650.256529958,0,0,0
161718.22840845,40,2452.8,2845.6,2432.8,0,0,738650.256530421,0,0,0
161718.268407516,40,2494.4,2852,2397.4,0,0,738650.256530884,0,0,0
161718.308406583,40,2583.6,2826.2,2337.2,0,0,738650.256531347,0,0,0
161718.348405649,40,2688.6,2748.4,2261.4,0,0,738650.25653181,0,0,0
161718.388404716,40,2785.8,2641.2,2200.8,0,0,738650.256532273,0,0,0
161718.428403782,40,2834.2,2542.4,2155.4,0,0,738650.256532736,0,0,0
161718.468402848,40,2850.8,2466,2134.6,0,0,738650.256533199,0,0,0
161718.508401915,40,2846.2,2419.8,2119.6,0,0,738650.256533662,0,0,0
161718.548400981,40,2835.2,2408.4,2109.8,0,0,738650.256534125,0,0,0
161718.588400048,40,2846,2428.2,2114.2,0,0,738650.256534588,0,0,0
161718.628399114,40,2858.2,2480.2,2132,0,0,738650.256535051,0,0,0
161718.66839818,40,2845,2551.6,2160.8,0,0,738650.256535514,0,0,0
161718.708397247,40,2794.8,2650.4,2203.8,0,0,738650.256535977,0,0,0
161718.748396313,40,2704,2756.6,2260.8,0,0,738650.25653644,0,0,0
161718.78839538,40,2583.2,2852,2344.6,0,0,738650.256536903,0,0,0
161718.828394446,40,2454.2,2891.2,2450.8,0,0,738650.256537365,0,0,0
161718.868393512,40,2359.6,2877.6,2565.2,0,0,738650.256537828,0,0,0
161718.908392579,40,2350.8,2861.4,2564.4,0,0,738650.256538291,0,0,0
161718.948391645,40,2431,2882.2,2471.4,0,0,738650.256538754,0,0,0
161718.988390712,40,2552.8,2839.8,2352,0,0,738650.256539217,0,0,0
161719.028389778,40,2685,2729.2,2251.8,0,0,738650.25653968,0,0,0
161719.068388844,40,2785.8,2599.8,2183.8,0,0,738650.256540143,0,0,0
161719.108387911,40,2829.2,2490,2143,0,0,738650.256540606,0,0,0
161719.148386977,40,2829.8,2424,2116.6,0,0,738650.256541069,0,0,0
161719.188386044,40,2821.6,2395.8,2110.4,0,0,738650.256541532,0,0,0
161719.22838511,40,2823,2397.8,2112.6,0,0,738650.256541995,0,0,0
161719.268384176,40,2836.4,2432.8,2122.2,0,0,738650.256542458,0,0,0
161719.308383243,40,2834.4,2490.6,2143.8,0,0,738650.256542921,0,0,0
161719.348382309,40,2803.4,2581.8,2177.4,0,0,738650.256543384,0,0,0
161719.388381376,40,2717.8,2689.4,2234.8,0,0,738650.256543847,0,0,0
161719.428380442,40,2583.2,2788.4,2319.8,0,0,738650.25654431,0,0,0
161719.468379508,40,2448.4,2827.6,2423.8,0,0,738650.256544773,0,0,0
161719.508378575,40,2382.4,2821.6,2485.8,0,0,738650.256545236,0,0,0
161719.548377641,40,2444.2,2833,2429.2,0,0,738650.256545699,0,0,0
161719.588376708,40,2564.2,2823.4,2339.4,0,0,738650.256546162,0,0,0
161719.628375774,40,2687,2751.4,2258.8,0,0,738650.256546625,0,0,0
161719.66837484,40,2789.4,2649,2202.2,0,0,738650.256547088,0,0,0
161719.708373907,40,2836,2562.4,2164.4,0,0,738650.25654755,0,0,0
161719.748372973,40,2856.8,2492.6,2142.6,0,0,738650.256548013,0,0,0
161719.78837204,40,2852.4,2451.6,2126.4,0,0,738650.256548476,0,0,0
161719.828371106,40,2850.2,2443.6,2122.4,0,0,738650.256548939,0,0,0
161719.868370172,40,2854.6,2471.8,2132.2,0,0,738650.256549402,0,0,0
161719.908369239,40,2846.8,2529.2,2154.2,0,0,738650.256549865,0,0,0
161719.948368305,40,2810.2,2617.6,2187.4,0,0,738650.256550328,0,0,0
161719.988367372,40,2728.2,2718.8,2242,0,0,738650.256550791,0,0,0
161720.028366438,40,2603,2812.4,2315.8,0,0,738650.256551254,0,0,0
161720.068365504,40,2468.2,2844.6,2415.4,0,0,738650.256551717,0,0,0
161720.108364571,40,2364,2803.4,2492.2,0,0,738650.25655218,0,0,0
161720.148363637,40,2374,2783,2469.2,0,0,738650.256552643,0,0,0
161720.188362704,40,2449.6,2774.8,2388.6,0,0,738650.256553106,0,0,0
161720.22836177,40,2564,2738.2,2301,0,0,738650.256553569,0,0,0
161720.268360836,40,2671.6,2659.2,2231,0,0,738650.256554032,0,0,0
161720.308359903,40,2765,2581.2,2184.6,0,0,738650.256554495,0,0,0
161720.348358969,40,2822.4,2500.6,2146,0,0,738650.256554958,0,0,0
161720.388358036,40,2841.6,2443.2,2124.2,0,0,738650.256555421,0,0,0
161720.428357102,40,2836.2,2402.4,2110.8,0,0,738650.256555884,0,0,0
161720.468356168,40,2834.6,2394.2,2108.8,0,0,738650.256556347,0,0,0
161720.508355235,40,2846.8,2410.6,2114.2,0,0,738650.25655681,0,0,0
161720.548354301,40,2856.8,2452.2,2125.8,0,0,738650.256557273,0,0,0
161720.588353368,40,2853.8,2523.8,2150,0,0,738650.256557735,0,0,0
161720.628352434,40,2813.6,2620.8,2191.6,0,0,738650.256558198,0,0,0
161720.6683515,40,2722.4,2733.6,2249.4,0,0,738650.256558661,0,0,0
161720.708350567,40,2591.4,2822.6,2328,0,0,738650.256559124,0,0,0
161720.748349633,40,2469.2,2841,2410.4,0,0,738650.256559587,0,0,0
161720.7883487,40,2421.2,2802,2429.4,0,0,738650.25656005,0,0,0
161720.828347766,40,2450,2779.8,2393.2,0,0,738650.256560513,0,0,0
161720.868346832,40,2514.4,2742.2,2330,0,0,738650.256560976,0,0,0
161720.908345899,40,2615.6,2675.6,2259.4,0,0,738650.256561439,0,0,0
161720.948344965,40,2714.4,2588.2,2197.2,0,0,738650.256561902,0,0,0
161720.988344032,40,2790.8,2502.2,2153.2,0,0,738650.256562365,0,0,0
161721.028343098,40,2817.4,2432.6,2125.4,0,0,738650.256562828,0,0,0
161721.068342164,40,2820.4,2388,2104.6,0,0,738650.256563291,0,0,0
161721.108341231,40,2819,2371.8,2104.4,0,0,738650.256563754,0,0,0
161721.148340297,40,2835.8,2394.4,2109.4,0,0,738650.256564217,0,0,0
161721.188339364,40,2847.2,2434.8,2121.4,0,0,738650.25656468,0,0,0
161721.22833843,40,2851.6,2507.6,2150,0,0,738650.256565143,0,0,0
161721.268337496,40,2813.6,2607,2186,0,0,738650.256565606,0,0,0
161721.308336563,40,2731.4,2715.2,2240.6,0,0,738650.256566069,0,0,0
161721.348335629,40,2614.8,2819.2,2315.8,0,0,738650.256566531,0,0,0
161721.388334696,40,2481.2,2876.6,2422.8,0,0,738650.256566994,0,0,0
161721.428333762,40,2360,2862.2,2546.4,0,0,738650.256567457,0,0,0
161721.468332828,40,2260,2776,2682.4,0,0,738650.25656792,0,0,0
161721.508331895,40,2188.8,2647.4,2790.6,0,0,738650.256568383,0,0,0
161721.548330961,40,2139.4,2523.4,2839.8,0,0,738650.256568846,0,0,0
161721.588330028,40,2112.6,2435.4,2839.6,0,0,738650.256569309,0,0,0
161721.628329094,40,2102.6,2399.4,2828.8,0,0,738650.256569772,0,0,0
161721.66832816,40,2099.4,2392.8,2816.6,0,0,738650.256570235,0,0,0
161721.708327227,40,2105,2410.4,2810.6,0,0,738650.256570698,0,0,0
161721.748326293,40,2116.2,2442.8,2805.8,0,0,738650.256571161,0,0,0
161721.78832536,40,2140.2,2495.4,2788.8,0,0,738650.256571624,0,0,0
161721.828324426,40,2171.8,2581,2753.4,0,0,738650.256572087,0,0,0
161721.868323492,40,2229.2,2680.6,2675.2,0,0,738650.25657255,0,0,0
161721.908322559,40,2307.2,2769.6,2562.4,0,0,738650.256573013,0,0,0
161721.948321625,40,2407.4,2808,2447.6,0,0,738650.256573476,0,0,0
161721.988320692,40,2508.4,2801.2,2361,0,0,738650.256573939,0,0,0
161722.028319758,40,2587.2,2754,2303.6,0,0,738650.256574402,0,0,0
161722.068318824,40,2627.8,2708,2265.6,0,0,738650.256574865,0,0,0
161722.108317891,40,2633.8,2684.8,2250.8,0,0,738650.256575328,0,0,0
161722.148316957,40,2621.4,2698.2,2265.6,0,0,738650.256575791,0,0,0
161722.188316024,40,2585.2,2734.2,2294.8,0,0,738650.256576254,0,0,0
161722.22831509,40,2524.6,2775.4,2337.2,0,0,738650.256576716,0,0,0
161722.268314156,40,2449.2,2810.8,2412,0,0,738650.256577179,0,0,0
161722.308313223,40,2362.2,2816.6,2504.8,0,0,738650.256577642,0,0,0
161722.348312289,40,2289.2,2779.6,2606.2,0,0,738650.256578105,0,0,0
161722.388311356,40,2227,2707.2,2702.2,0,0,738650.256578568,0,0,0
161722.428310422,40,2191.4,2647.8,2764.6,0,0,738650.256579031,0,0,0
161722.468309488,40,2179.8,2631,2791.8,0,0,738650.256579494,0,0,0
161722.508308555,40,2195.2,2674.6,2794.4,0,0,738650.256579957,0,0,0
161722.548307621,40,2224,2728.6,2754.4,0,0,738650.25658042,0,0,0
161722.588306688,40,2273,2791,2673.4,0,0,738650.256580883,0,0,0
161722.628305754,40,2341.6,2832,2558.6,0,0,738650.256581346,0,0,0
161722.66830482,40,2428.8,2834.6,2443.6,0,0,738650.256581809,0,0,0
161722.708303887,40,2520,2779.4,2346.2,0,0,738650.256582272,0,0,0
161722.748302953,40,2608.6,2703.8,2268.8,0,0,738650.256582735,0,0,0
161722.78830202,40,2672,2626.6,2216.8,0,0,738650.256583198,0,0,0
161722.828301086,40,2720.4,2560.4,2185.8,0,0,738650.256583661,0,0,0
161722.868300152,40,2748.8,2517.4,2162.4,0,0,738650.256584124,0,0,0
161722.908299219,40,2759.4,2511.6,2163.4,0,0,738650.256584587,0,0,0
161722.948298285,40,2765,2538,2171.2,0,0,738650.25658505,0,0,0
161722.988297352,40,2754.2,2586.8,2188,0,0,738650.256585513,0,0,0
161723.028296418,40,2719.8,2659.2,2218.6,0,0,738650.256585976,0,0,0
161723.068295484,40,2661.8,2739,2270.8,0,0,738650.256586439,0,0,0
161723.108294551,40,2562.4,2821.2,2341.4,0,0,738650.256586901,0,0,0
161723.148293617,40,2459.4,2871.2,2441,0,0,738650.256587364,0,0,0
161723.188292684,40,2382.8,2880.6,2527.8,0,0,738650.256587827,0,0,0
161723.22829175,40,2391,2885,2525.2,0,0,738650.25658829,0,0,0
161723.268290816,40,2462.8,2905,2450.2,0,0,738650.256588753,0,0,0
161723.308289883,40,2591,2868.6,2347.8,0,0,738650.256589216,0,0,0
161723.348288949,40,2714.4,2751.2,2257.2,0,0,738650.256589679,0,0,0
161723.388288016,40,2808.2,2622.8,2189.4,0,0,738650.256590142,0,0,0
161723.428287082,40,2840.4,2506.2,2145.8,0,0,738650.256590605,0,0,0
161723.468286148,40,2839.2,2428.2,2116.6,0,0,738650.256591068,0,0,0
161723.508285215,40,2820.8,2375.6,2102.8,0,0,738650.256591531,0,0,0
161723.548284281,40,2808,2356.8,2095.8,0,0,738650.256591994,0,0,0
161723.588283348,40,2816.2,2366.2,2102.8,0,0,738650.256592457,0,0,0
161723.628282414,40,2835,2408.8,2113.8,0,0,738650.25659292,0,0,0
161723.66828148,40,2841.6,2494.6,2143.4,0,0,738650.256593383,0,0,0
161723.708280547,40,2790.8,2620.2,2197.4,0,0,738650.256593846,0,0,0
161723.748279613,40,2662.4,2752,2270.2,0,0,738650.256594309,0,0,0
161723.78827868,40,2530.2,2821.2,2367.8,0,0,738650.256594772,0,0,0
161723.828277746,40,2536.6,2802,2346.8,0,0,738650.256595235,0,0,0
161723.868276812,40,2647.8,2730.6,2268.2,0,0,738650.256595697,0,0,0
161723.908275879,40,2755.2,2619.8,2198.8,0,0,738650.25659616,0,0,0
161723.948274945,40,2815.2,2503.8,2148.6,0,0,738650.256596623,0,0,0
161723.988274012,40,2821.4,2415.6,2119,0,0,738650.256597086,0,0,0
161724.028273078,40,2809.4,2361.6,2099.4,0,0,738650.256597549,0,0,0
161724.068272144,40,2797.8,2344.4,2094.2,0,0,738650.256598012,0,0,0
161724.108271211,40,2810.6,2357.8,2098.2,0,0,738650.256598475,0,0,0
161724.148270277,40,2829.6,2403.4,2111.8,0,0,738650.256598938,0,0,0
161724.188269344,40,2837.2,2479.6,2138,0,0,738650.256599401,0,0,0
161724.22826841,40,2802.4,2576.2,2176.8,0,0,738650.256599864,0,0,0
161724.268267476,40,2713.8,2696.8,2239.2,0,0,738650.256600327,0,0,0
161724.308266543,40,2569.2,2812.8,2334.2,0,0,738650.25660079,0,0,0
161724.348265609,40,2457.8,2849,2429.8,0,0,738650.256601253,0,0,0
161724.388264676,40,2507.2,2848.4,2386.2,0,0,738650.256601716,0,0,0
161724.428263742,40,2631.6,2796.4,2299.4,0,0,738650.256602179,0,0,0
161724.468262808,40,2740.4,2672.4,2220,0,0,738650.256602642,0,0,0
161724.508261875,40,2827.2,2554.8,2165.2,0,0,738650.256603105,0,0,0
161724.548260941,40,2842.4,2462.6,2133.4,0,0,738650.256603568,0,0,0
161724.588260008,40,2832.2,2403.2,2109.8,0,0,738650.256604031,0,0,0
161724.628259074,40,2821.6,2375.4,2100.6,0,0,738650.256604494,0,0,0
161724.66825814,40,2825.4,2380.8,2103.4,0,0,738650.256604957,0,0,0
161724.708257207,40,2838.8,2419.2,2113.4,0,0,738650.256605419,0,0,0
161724.748256273,40,2836.6,2483.2,2136.6,0,0,738650.256605882,0,0,0
161724.78825534,40,2812.2,2580.6,2175.4,0,0,738650.256606345,0,0,0
161724.828254406,40,2729.8,2697.4,2233.8,0,0,738650.256606808,0,0,0
161724.868253472,40,2599.8,2823.8,2322,0,0,738650.256607271,0,0,0
161724.908252539,40,2472.8,2876.2,2431,0,0,738650.256607734,0,0,0
161724.948251605,40,2467.4,2869.2,2425.6,0,0,738650.256608197,0,0,0
161724.988250672,40,2579.4,2821.6,2330.8,0,0,738650.25660866,0,0,0
161725.028249738,40,2697.8,2706,2237.4,0,0,738650.256609123,0,0,0
161725.068248804,40,2792.6,2591.4,2181.2,0,0,738650.256609586,0,0,0
161725.108247871,40,2821.8,2492,2145.2,0,0,738650.256610049,0,0,0
161725.148246937,40,2826.4,2423.4,2117,0,0,738650.256610512,0,0,0
161725.188246004,40,2824.2,2388.8,2107.2,0,0,738650.256610975,0,0,0
161725.22824507,40,2830.4,2375.2,2103.8,0,0,738650.256611438,0,0,0
161725.268244136,40,2845.8,2400,2110.6,0,0,738650.256611901,0,0,0
161725.308243203,40,2858.4,2457.2,2127,0,0,738650.256612364,0,0,0
161725.348242269,40,2843.8,2548.4,2161.6,0,0,738650.256612827,0,0,0
161725.388241336,40,2786.8,2667.8,2216,0,0,738650.25661329,0,0,0
161725.428240402,40,2646.6,2794.8,2295.8,0,0,738650.256613753,0,0,0
161725.468239468,40,2486,2867.4,2410,0,0,738650.256614216,0,0,0
161725.508238535,40,2412.6,2862,2480.2,0,0,738650.256614679,0,0,0
161725.548237601,40,2486,2838.6,2399.6,0,0,738650.256615142,0,0,0
161725.588236668,40,2621.2,2784.4,2304,0,0,738650.256615605,0,0,0
161725.628235734,40,2749,2674.8,2218.2,0,0,738650.256616067,0,0,0
161725.6682348,40,2830.4,2556.2,2160.4,0,0,738650.25661653,0,0,0
161725.708233867,40,2860,2463,2126,0,0,738650.256616993,0,0,0
161725.748232933,40,2861.8,2407.2,2110.2,0,0,738650.256617456,0,0,0
161725.788232,40,2858.8,2386.4,2101.8,0,0,738650.256617919,0,0,0
161725.828231066,40,2874,2397.2,2104.2,0,0,738650.256618382,0,0,0
161725.868230132,40,2891.4,2437.4,2116.2,0,0,738650.256618845,0,0,0
161725.908229199,40,2879.6,2513.2,2139.6,0,0,738650.256619308,0,0,0
161725.948228265,40,2837,2623.8,2186,0,0,738650.256619771,0,0,0
161725.988227332,40,2729.4,2769.8,2262.2,0,0,738650.256620234,0,0,0
161726.028226398,40,2569.6,2870,2363.4,0,0,738650.256620697,0,0,0
161726.068225464,40,2485.6,2851.6,2404.6,0,0,738650.25662116,0,0,0
161726.108224531,40,2551.4,2786.8,2335.4,0,0,738650.256621623,0,0,0
161726.148223597,40,2656,2694,2252.2,0,0,738650.256622086,0,0,0
161726.188222664,40,2735.8,2586.8,2196,0,0,738650.256622549,0,0,0
161726.22822173,40,2783.6,2499.2,2150.2,0,0,738650.256623012,0,0,0
161726.268220796,40,2794.4,2432,2126,0,0,738650.256623475,0,0,0
161726.308219863,40,2805,2389.8,2108.4,0,0,738650.256623938,0,0,0
161726.348218929,40,2810.4,2385.2,2106.8,0,0,738650.2566244,0,0,0
161726.388217996,40,2817.6,2419.4,2120,0,0,738650.256624863,0,0,0
161726.428217062,40,2816.8,2488.4,2144.8,0,0,738650.256625326,0,0,0
161726.468216128,40,2765.2,2593,2192.2,0,0,738650.256625789,0,0,0
161726.508215195,40,2645.8,2708.4,2261.2,0,0,738650.256626252,0,0,0
161726.548214261,40,2498.6,2789.6,2365,0,0,738650.256626715,0,0,0
161726.588213328,40,2404,2795.6,2446.2,0,0,738650.256627178,0,0,0
161726.628212394,40,2445.2,2790.8,2402.2,0,0,738650.256627641,0,0,0
161726.66821146,40,2559.4,2765,2320.4,0,0,738650.256628104,0,0,0
161726.708210527,40,2676.8,2691.6,2243.2,0,0,738650.256628567,0,0,0
161726.748209593,40,2774.8,2591,2188.4,0,0,738650.25662903,0,0,0
161726.78820866,40,2818.8,2496.4,2147,0,0,738650.256629493,0,0,0
161726.828207726,40,2832.4,2434.4,2122.2,0,0,738650.256629956,0,0,0
161726.868206792,40,2829.8,2404.6,2113.8,0,0,738650.256630419,0,0,0
161726.908205859,40,2837.2,2407.6,2112.4,0,0,738650.256630882,0,0,0
161726.948204925,40,2849.4,2447.6,2125,0,0,738650.256631345,0,0,0
161726.988203992,40,2843.4,2515.2,2151.4,0,0,738650.256631808,0,0,0
161727.028203058,40,2789.8,2610,2191.2,0,0,738650.256632271,0,0,0
161727.068202124,40,2677.6,2716,2255.6,0,0,738650.256632734,0,0,0
161727.108201191,40,2535,2795.4,2348.2,0,0,738650.256633197,0,0,0
161727.148200257,40,2423.4,2795,2426,0,0,738650.25663366,0,0,0
161727.188199324,40,2446.8,2790.2,2403.2,0,0,738650.256634123,0,0,0
161727.22819839,40,2546,2762.8,2323.6,0,0,738650.256634585,0,0,0
161727.268197456,40,2669.2,2684.6,2242,0,0,738650.256635048,0,0,0
161727.308196523,40,2766,2582,2186.2,0,0,738650.256635511,0,0,0
161727.348195589,40,2815,2482.8,2142.4,0,0,738650.256635974,0,0,0
161727.388194656,40,2825.6,2415.4,2117,0,0,738650.256636437,0,0,0
161727.428193722,40,2821.6,2380.6,2110,0,0,738650.2566369,0,0,0
161727.468192788,40,2821.8,2378,2103.8,0,0,738650.256637363,0,0,0
161727.508191855,40,2831.2,2415.8,2116.8,0,0,738650.256637826,0,0,0
161727.548190921,40,2825.8,2484.4,2143,0,0,738650.256638289,0,0,0
161727.588189988,40,2777.2,2593,2188,0,0,738650.256638752,0,0,0
161727.628189054,40,2646.2,2707,2261.4,0,0,738650.256639215,0,0,0
161727.66818812,40,2487.2,2786,2366.6,0,0,738650.256639678,0,0,0
161727.708187187,40,2437.8,2788.2,2403.6,0,0,738650.256640141,0,0,0
161727.748186253,40,2518.2,2745.8,2333.2,0,0,738650.256640604,0,0,0
161727.78818532,40,2615.6,2667.2,2253,0,0,738650.256641067,0,0,0
161727.828184386,40,2723.2,2580.4,2191.8,0,0,738650.25664153,0,0,0
161727.868183452,40,2783.8,2500.4,2151.2,0,0,738650.256641993,0,0,0
161727.908182519,40,2806,2431.4,2122.8,0,0,738650.256642456,0,0,0
161727.948181585,40,2810.4,2389.6,2112.6,0,0,738650.256642919,0,0,0
161727.988180652,40,2815.2,2388,2106.2,0,0,738650.256643382,0,0,0
161728.028179718,40,2832.2,2413,2117.8,0,0,738650.256643845,0,0,0
161728.068178784,40,2838.6,2479.4,2138,0,0,738650.256644308,0,0,0
161728.108177851,40,2810.6,2573,2175.2,0,0,738650.25664477,0,0,0
161728.148176917,40,2715.4,2692.2,2239.6,0,0,738650.256645233,0,0,0
161728.188175984,40,2572.4,2799,2330,0,0,738650.256645696,0,0,0
161728.22817505,40,2432.2,2817.6,2431.4,0,0,738650.256646159,0,0,0
161728.268174116,40,2426.2,2802.4,2428.2,0,0,738650.256646622,0,0,0
161728.308173183,40,2512.2,2782.8,2352.8,0,0,738650.256647085,0,0,0
161728.348172249,40,2619,2718.6,2271,0,0,738650.256647548,0,0,0
161728.388171316,40,2727.8,2613.2,2206.6,0,0,738650.256648011,0,0,0
161728.428170382,40,2789.6,2512.4,2155.8,0,0,738650.256648474,0,0,0
161728.468169448,40,2817.6,2431.4,2126.6,0,0,738650.256648937,0,0,0
161728.508168515,40,2815,2383.6,2105.4,0,0,738650.2566494,0,0,0
161728.548167581,40,2817,2361,2101.6,0,0,738650.256649863,0,0,0
161728.588166648,40,2823,2382,2102.8,0,0,738650.256650326,0,0,0
161728.628165714,40,2835.4,2434,2124.4,0,0,738650.256650789,0,0,0
161728.66816478,40,2818.4,2507.4,2151.2,0,0,738650.256651252,0,0,0
161728.708163847,40,2736.2,2614.8,2204.6,0,0,738650.256651715,0,0,0
161728.748162913,40,2606.6,2716,2282.2,0,0,738650.256652178,0,0,0
161728.78816198,40,2471.6,2776,2376.6,0,0,738650.256652641,0,0,0
161728.828161046,40,2470.6,2777.4,2377,0,0,738650.256653104,0,0,0
161728.868160112,40,2582.2,2782.4,2314,0,0,738650.256653566,0,0,0
161728.908159179,40,2713.4,2697.2,2236.8,0,0,738650.256654029,0,0,0
161728.948158245,40,2821.2,2588,2178,0,0,738650.256654492,0,0,0
161728.988157312,40,2860,2494.2,2138.6,0,0,738650.256654955,0,0,0
161729.028156378,40,2861.6,2424.6,2119.4,0,0,738650.256655418,0,0,0
161729.068155444,40,2848.2,2388,2102.2,0,0,738650.256655881,0,0,0
161729.108154511,40,2864.2,2387.8,2103.6,0,0,738650.256656344,0,0,0
161729.148153577,40,2874,2430.2,2114.2,0,0,738650.256656807,0,0,0
161729.188152644,40,2884.2,2507.8,2141.6,0,0,738650.25665727,0,0,0
161729.22815171,40,2850.6,2622.2,2185.2,0,0,738650.256657733,0,0,0
161729.268150776,40,2719.2,2765,2265.8,0,0,738650.256658196,0,0,0
161729.308149843,40,2532,2871.6,2383.2,0,0,738650.256658659,0,0,0
161729.348148909,40,2412.4,2864.8,2488.2,0,0,738650.256659122,0,0,0
161729.388147976,40,2444.4,2877.2,2451.4,0,0,738650.256659585,0,0,0
161729.428147042,40,2549.8,2859.2,2366.8,0,0,738650.256660048,0,0,0
161729.468146108,40,2674.2,2773.2,2276.4,0,0,738650.256660511,0,0,0
161729.508145175,40,2799,2665,2205.4,0,0,738650.256660974,0,0,0
161729.548144241,40,2846.8,2550.6,2161.2,0,0,738650.256661437,0,0,0
161729.588143308,40,2870.8,2467.6,2129.6,0,0,738650.2566619,0,0,0
161729.628142374,40,2871.2,2420.4,2114.2,0,0,738650.256662363,0,0,0
161729.66814144,40,2867,2415.4,2112,0,0,738650.256662826,0,0,0
161729.708140507,40,2877.4,2454.2,2122.8,0,0,738650.256663289,0,0,0
161729.748139573,40,2860.8,2517.6,2148.6,0,0,738650.256663751,0,0,0
161729.78813864,40,2806.4,2608.4,2190.2,0,0,738650.256664214,0,0,0
161729.828137706,40,2677.8,2709.4,2251.6,0,0,738650.256664677,0,0,0
161729.868136772,40,2530.8,2782,2339.6,0,0,738650.25666514,0,0,0
161729.908135839,40,2419.4,2811,2441.4,0,0,738650.256665603,0,0,0
161729.948134905,40,2431.6,2874.2,2462.2,0,0,738650.256666066,0,0,0
161729.988133972,40,2552.4,2924,2396.8,0,0,738650.256666529,0,0,0
161730.028133038,40,2708.6,2873.2,2301.8,0,0,738650.256666992,0,0,0
161730.068132104,40,2857.6,2764.2,2228.8,0,0,738650.256667455,0,0,0
161730.108131171,40,2939.4,2631.4,2177.4,0,0,738650.256667918,0,0,0
161730.148130237,40,2970.6,2534.4,2140.4,0,0,738650.256668381,0,0,0
161730.188129304,40,2953.6,2470.6,2125.2,0,0,738650.256668844,0,0,0
161730.22812837,40,2943.4,2468.4,2121.8,0,0,738650.256669307,0,0,0
161730.268127436,40,2937.4,2509.8,2135.8,0,0,738650.25666977,0,0,0
161730.308126503,40,2887.8,2596,2170,0,0,738650.256670233,0,0,0
161730.348125569,40,2804,2705.2,2220.6,0,0,738650.256670696,0,0,0
161730.388124636,40,2668.8,2836.6,2300.8,0,0,738650.256671159,0,0,0
161730.428123702,40,2506.4,2905.8,2415,0,0,738650.256671622,0,0,0
161730.468122768,40,2434.8,2897.4,2471.8,0,0,738650.256672085,0,0,0
161730.508121835,40,2499.8,2848,2391,0,0,738650.256672548,0,0,0
161730.548120901,40,2605.6,2786.8,2306,0,0,738650.256673011,0,0,0
161730.588119968,40,2712.6,2696.6,2236.4,0,0,738650.256673474,0,0,0
161730.628119034,40,2797.4,2594.6,2181.2,0,0,738650.256673936,0,0,0
161730.6681181,40,2857.2,2517.8,2144.2,0,0,738650.256674399,0,0,0
161730.708117167,40,2869.4,2460,2126.4,0,0,738650.256674862,0,0,0
161730.748116233,40,2881.2,2425.6,2114,0,0,738650.256675325,0,0,0
161730.7881153,40,2901.6,2428,2114.2,0,0,738650.256675788,0,0,0
161730.828114366,40,2926.6,2473.2,2124.2,0,0,738650.256676251,0,0,0
161730.868113432,40,2902.8,2551.6,2156,0,0,738650.256676714,0,0,0
161730.908112499,40,2821.8,2674,2208.8,0,0,738650.256677177,0,0,0
161730.948111565,40,2696.8,2818.4,2290.2,0,0,738650.25667764,0,0,0
161730.988110632,40,2513.2,2861.8,2390.4,0,0,738650.256678103,0,0,0
161731.028109698,40,2464.8,2821,2408.4,0,0,738650.256678566,0,0,0
161731.068108764,40,2527.2,2776.8,2341,0,0,738650.256679029,0,0,0
161731.108107831,40,2618,2696,2264.6,0,0,738650.256679492,0,0,0
161731.148106897,40,2716.2,2607.6,2204.6,0,0,738650.256679955,0,0,0
161731.188105964,40,2789,2520.2,2162,0,0,738650.256680418,0,0,0
161731.22810503,40,2841.4,2455.2,2130.2,0,0,738650.256680881,0,0,0
161731.268104096,40,2847.8,2403.2,2112,0,0,738650.256681344,0,0,0
161731.308103163,40,2850.6,2382.4,2102.2,0,0,738650.256681807,0,0,0
161731.348102229,40,2865.4,2388.2,2107.4,0,0,738650.25668227,0,0,0
161731.388101296,40,2884.4,2422.8,2118.2,0,0,738650.256682732,0,0,0
161731.428100362,40,2894.4,2493.2,2135,0,0,738650.256683195,0,0,0
161731.468099428,40,2857.4,2596.8,2177.4,0,0,738650.256683658,0,0,0
161731.508098495,40,2754.4,2735.2,2245,0,0,738650.256684121,0,0,0
161731.548097561,40,2598,2844.2,2338.6,0,0,738650.256684584,0,0,0
161731.588096628,40,2508.4,2855.8,2397.4,0,0,738650.256685047,0,0,0
161731.628095694,40,2542.4,2848.8,2366,0,0,738650.25668551,0,0,0
161731.66809476,40,2641.8,2818,2299.6,0,0,738650.256685973,0,0,0
161731.708093827,40,2748,2737.4,2241,0,0,738650.256686436,0,0,0
161731.748092893,40,2828.6,2641.6,2194.6,0,0,738650.256686899,0,0,0
161731.78809196,40,2874.6,2555.6,2162,0,0,738650.256687362,0,0,0
161731.828091026,40,2897.6,2493.6,2138.4,0,0,738650.256687825,0,0,0
161731.868090092,40,2900.6,2459.4,2126.8,0,0,738650.256688288,0,0,0
161731.908089159,40,2904.6,2447.6,2122.6,0,0,738650.256688751,0,0,0
161731.948088225,40,2903.6,2480.2,2128.8,0,0,738650.256689214,0,0,0
161731.988087292,40,2894.4,2533.2,2148.4,0,0,738650.256689677,0,0,0
161732.028086358,40,2848.8,2622.4,2185.8,0,0,738650.25669014,0,0,0
161732.068085424,40,2770,2738.2,2239.4,0,0,738650.256690603,0,0,0
161732.108084491,40,2641.4,2841.4,2317.4,0,0,738650.256691066,0,0,0
161732.148083557,40,2519,2904.2,2402.6,0,0,738650.256691529,0,0,0
161732.188082624,40,2501.2,2903.2,2420.8,0,0,738650.256691992,0,0,0
161732.22808169,40,2610,2880,2344.6,0,0,738650.256692454,0,0,0
161732.268080756,40,2748.6,2798.2,2267,0,0,738650.256692917,0,0,0
161732.308079823,40,2837.8,2674.6,2198.4,0,0,738650.25669338,0,0,0
161732.348078889,40,2887.6,2565.2,2160.6,0,0,738650.256693843,0,0,0
161732.388077956,40,2903.6,2483,2132.4,0,0,738650.256694306,0,0,0
161732.428077022,40,2902.8,2436.2,2113.4,0,0,738650.256694769,0,0,0
161732.468076088,40,2892,2417.4,2111.8,0,0,738650.256695232,0,0,0
161732.508075155,40,2903.4,2432.8,2119.6,0,0,738650.256695695,0,0,0
161732.548074221,40,2912.2,2477.8,2130.2,0,0,738650.256696158,0,0,0
161732.588073288,40,2900.2,2550.8,2155.6,0,0,738650.256696621,0,0,0
161732.628072354,40,2847.8,2654.2,2195.4,0,0,738650.256697084,0,0,0
161732.66807142,40,2750,2776,2258.2,0,0,738650.256697547,0,0,0
161732.708070487,40,2615.6,2879,2342.6,0,0,738650.25669801,0,0,0
161732.748069553,40,2473,2917.4,2452.2,0,0,738650.256698473,0,0,0
161732.78806862,40,2389.4,2898.8,2535,0,0,738650.256698936,0,0,0
161732.828067686,40,2432.2,2902,2485.6,0,0,738650.256699399,0,0,0
161732.868066752,40,2552.4,2898.8,2384.6,0,0,738650.256699862,0,0,0
161732.908065819,40,2702.2,2826.6,2287,0,0,738650.256700325,0,0,0
161732.948064885,40,2815.2,2705.4,2216.6,0,0,738650.256700788,0,0,0
161732.988063952,40,2877.4,2596.8,2172.2,0,0,738650.256701251,0,0,0
161733.028063018,40,2918.6,2517.6,2140,0,0,738650.256701714,0,0,0
161733.068062084,40,2943.6,2473,2125.2,0,0,738650.256702177,0,0,0
161733.108061151,40,2945.4,2470,2119.8,0,0,738650.25670264,0,0,0
161733.148060217,40,2961.8,2498.4,2130.6,0,0,738650.256703102,0,0,0
161733.188059284,40,2962.8,2555.8,2151.2,0,0,738650.256703565,0,0,0
161733.22805835,40,2927.6,2650.2,2186.2,0,0,738650.256704028,0,0,0
161733.268057416,40,2826.6,2778.4,2240.4,0,0,738650.256704491,0,0,0
161733.308056483,40,2673.6,2908.6,2329.2,0,0,738650.256704954,0,0,0
161733.348055549,40,2540.6,2971.4,2421.6,0,0,738650.256705417,0,0,0
161733.388054616,40,2566.6,2952,2400.2,0,0,738650.25670588,0,0,0
161733.428053682,40,2684.2,2888.6,2319.6,0,0,738650.256706343,0,0,0
161733.468052748,40,2808,2782,2246.2,0,0,738650.256706806,0,0,0
161733.508051815,40,2883.6,2660.2,2189.6,0,0,738650.256707269,0,0,0
161733.548050881,40,2917.6,2567,2153.6,0,0,738650.256707732,0,0,0
161733.588049948,40,2932.4,2497.4,2136.6,0,0,738650.256708195,0,0,0
161733.628049014,40,2944,2471.4,2123.4,0,0,738650.256708658,0,0,0
161733.66804808,40,2952.6,2464.2,2122.2,0,0,738650.256709121,0,0,0
161733.708047147,40,2959.4,2502.2,2131.8,0,0,738650.256709584,0,0,0
161733.748046213,40,2948.8,2558,2150.4,0,0,738650.256710047,0,0,0
161733.78804528,40,2893,2642.6,2186.6,0,0,738650.25671051,0,0,0
161733.828044346,40,2806.4,2758,2235.6,0,0,738650.256710973,0,0,0
161733.868043412,40,2687,2877.4,2310.6,0,0,738650.256711436,0,0,0
161733.908042479,40,2536.6,2932.2,2407.6,0,0,738650.256711898,0,0,0
161733.948041545,40,2477.6,2926.4,2457.8,0,0,738650.256712361,0,0,0
161733.988040612,40,2535.2,2886.8,2388.6,0,0,738650.256712824,0,0,0
161734.028039678,40,2653.2,2815.6,2302,0,0,738650.256713287,0,0,0
161734.068038744,40,2761.2,2707.4,2226.2,0,0,738650.25671375,0,0,0
161734.108037811,40,2827.2,2594.8,2180.6,0,0,738650.256714213,0,0,0
161734.148036877,40,2863.8,2508.6,2145.2,0,0,738650.256714676,0,0,0
161734.188035944,40,2873.6,2450,2123.8,0,0,738650.256715139,0,0,0
161734.22803501,40,2867.8,2409.2,2112.6,0,0,738650.256715602,0,0,0
161734.268034076,40,2859,2404.4,2107.4,0,0,738650.256716065,0,0,0
161734.308033143,40,2864,2417.4,2115.8,0,0,738650.256716528,0,0,0
161734.348032209,40,2866.4,2451.8,2125.4,0,0,738650.256716991,0,0,0
161734.388031276,40,2858.8,2512.4,2146.2,0,0,738650.256717454,0,0,0
161734.428030342,40,2818.6,2604.2,2184.2,0,0,738650.256717917,0,0,0
161734.468029408,40,2735,2718.4,2241.8,0,0,738650.25671838,0,0,0
161734.508028475,40,2610.6,2827,2326.4,0,0,738650.256718843,0,0,0
161734.548027541,40,2493.4,2883.2,2414.8,0,0,738650.256719306,0,0,0
161734.588026608,40,2506.2,2886.8,2409.6,0,0,738650.256719769,0,0,0
161734.628025674,40,2611.6,2847.2,2330.4,0,0,738650.256720232,0,0,0
161734.66802474,40,2726.4,2748.2,2254.4,0,0,738650.256720695,0,0,0
161734.708023807,40,2821,2636.4,2193.6,0,0,738650.256721158,0,0,0
161734.748022873,40,2861.2,2535,2153.4,0,0,738650.25672162,0,0,0
161734.78802194,40,2876.4,2462,2128.8,0,0,738650.256722083,0,0,0
161734.828021006,40,2872.2,2416.2,2112.6,0,0,738650.256722546,0,0,0
161734.868020072,40,2874.4,2397.8,2107.8,0,0,738650.256723009,0,0,0
161734.908019139,40,2880.6,2403.8,2110.4,0,0,738650.256723472,0,0,0
161734.948018205,40,2900,2435.4,2120.4,0,0,738650.256723935,0,0,0
161734.988017272,40,2902.6,2483.4,2133,0,0,738650.256724398,0,0,0
161735.028016338,40,2895.2,2540.8,2152.8,0,0,738650.256724861,0,0,0
161735.068015404,40,2860.2,2622,2183.2,0,0,738650.256725324,0,0,0
161735.108014471,40,2813,2719,2224.2,0,0,738650.256725787,0,0,0
161735.148013537,40,2720,2797.2,2274,0,0,738650.25672625,0,0,0
161735.188012604,40,2615.4,2865.8,2335.6,0,0,738650.256726713,0,0,0
161735.22801167,40,2514.8,2893.6,2409.2,0,0,738650.256727176,0,0,0
161735.268010736,40,2434.8,2880.8,2467.8,0,0,738650.256727639,0,0,0
161735.308009803,40,2414.2,2854.2,2472.6,0,0,738650.256728102,0,0,0
161735.348008869,40,2447,2845.2,2438.6,0,0,738650.256728565,0,0,0
161735.388007936,40,2508.2,2845.2,2385.6,0,0,738650.256729028,0,0,0
161735.428007002,40,2585.4,2815.8,2325.6,0,0,738650.256729491,0,0,0
161735.468006068,40,2667.4,2767.2,2274.8,0,0,738650.256729954,0,0,0
161735.508005135,40,2744,2698.2,2229.4,0,0,738650.256730417,0,0,0
161735.548004201,40,2809.2,2633.6,2197.2,0,0,738650.25673088,0,0,0
161735.588003268,40,2847,2581,2169.6,0,0,738650.256731343,0,0,0
161735.628002334,40,2866.6,2550.4,2159,0,0,738650.256731805,0,0,0
161735.6680014,40,2873.6,2551,2158.8,0,0,738650.256732268,0,0,0
161735.708000467,40,2874.4,2583.8,2167.2,0,0,738650.256732731,0,0,0
161735.747999533,40,2864.2,2625.2,2179.6,0,0,738650.256733194,0,0,0
161735.7879986,40,2842.2,2689.8,2206.8,0,0,738650.256733657,0,0,0
161735.827997666,40,2798.2,2764.4,2243.2,0,0,738650.25673412,0,0,0
161735.867996732,40,2734.8,2845.6,2285.8,0,0,738650.256734583,0,0,0
161735.907995799,40,2655.6,2910.6,2335.4,0,0,738650.256735046,0,0,0
161735.947994865,40,2574.6,2960.8,2398.6,0,0,738650.256735509,0,0,0
161735.987993932,40,2502.6,2980.6,2459,0,0,738650.256735972,0,0,0
161736.027992998,40,2453.6,2972.4,2500,0,0,738650.256736435,0,0,0
161736.067992064,40,2453.2,2938.8,2488.2,0,0,738650.256736898,0,0,0
161736.107991131,40,2469,2911.6,2449.6,0,0,738650.256737361,0,0,0
161736.147990197,40,2508.2,2879.2,2401.6,0,0,738650.256737824,0,0,0
161736.187989264,40,2557.6,2829.4,2346.2,0,0,738650.256738287,0,0,0
161736.22798833,40,2627,2774.2,2293.8,0,0,738650.25673875,0,0,0
161736.267987396,40,2702.2,2711,2241.4,0,0,738650.256739213,0,0,0
161736.307986463,40,2775.2,2644.4,2204.6,0,0,738650.256739676,0,0,0
161736.347985529,40,2841.8,2585.2,2173,0,0,738650.256740139,0,0,0
161736.387984596,40,2887.6,2530.8,2148.8,0,0,738650.256740602,0,0,0
161736.427983662,40,2912.8,2492.8,2135,0,0,738650.256741064,0,0,0
161736.467982728,40,2927,2479.6,2129,0,0,738650.256741527,0,0,0
161736.507981795,40,2954.4,2480.2,2129.4,0,0,738650.25674199,0,0,0
161736.547980861,40,2973.6,2505.6,2132.6,0,0,738650.256742453,0,0,0
161736.587979928,40,2982.4,2544.8,2144.6,0,0,738650.256742916,0,0,0
161736.627978994,40,2963.6,2595.6,2158.6,0,0,738650.256743379,0,0,0
161736.66797806,40,2915.6,2671.2,2188.6,0,0,738650.256743842,0,0,0
161736.707977127,40,2839,2764.8,2230.6,0,0,738650.256744305,0,0,0
161736.747976193,40,2724.4,2855.6,2290.8,0,0,738650.256744768,0,0,0
161736.78797526,40,2606,2920,2365.2,0,0,738650.256745231,0,0,0
161736.827974326,40,2485.4,2930.4,2446,0,0,738650.256745694,0,0,0
161736.867973392,40,2385,2888.2,2530,0,0,738650.256746157,0,0,0
161736.907972459,40,2349.8,2840,2553.2,0,0,738650.25674662,0,0,0
161736.947971525,40,2363.4,2826.4,2518.2,0,0,738650.256747083,0,0,0
161736.987970592,40,2398.2,2825,2475.6,0,0,738650.256747546,0,0,0
161737.027969658,40,2453.8,2826.4,2415,0,0,738650.256748009,0,0,0
161737.067968724,40,2531.6,2806,2351.6,0,0,738650.256748472,0,0,0
161737.107967791,40,2630.4,2769.4,2290.4,0,0,738650.256748935,0,0,0
161737.147966857,40,2729,2718.4,2241.6,0,0,738650.256749398,0,0,0
161737.187965924,40,2818.4,2651.4,2199.8,0,0,738650.256749861,0,0,0
161737.22796499,40,2879.8,2590,2172.2,0,0,738650.256750324,0,0,0
161737.267964056,40,2909.8,2541.2,2150,0,0,738650.256750786,0,0,0
161737.307963123,40,2940.8,2511.8,2141,0,0,738650.256751249,0,0,0
161737.347962189,40,2957,2512,2137.2,0,0,738650.256751712,0,0,0
161737.387961256,40,2968,2528,2141.2,0,0,738650.256752175,0,0,0
161737.427960322,40,2977.2,2561.8,2150,0,0,738650.256752638,0,0,0
161737.467959388,40,2956.4,2598.8,2164.6,0,0,738650.256753101,0,0,0
161737.507958455,40,2926,2648.4,2186.6,0,0,738650.256753564,0,0,0
161737.547957521,40,2878.2,2718.4,2210.8,0,0,738650.256754027,0,0,0
161737.587956588,40,2789.8,2802.4,2254.4,0,0,738650.25675449,0,0,0
161737.627955654,40,2693.6,2890.4,2318.4,0,0,738650.256754953,0,0,0
161737.66795472,40,2587.2,2961.2,2394.2,0,0,738650.256755416,0,0,0
161737.707953787,40,2482.4,2983.4,2480,0,0,738650.256755879,0,0,0
161737.747952853,40,2410.2,2958.8,2543.8,0,0,738650.256756342,0,0,0
161737.78795192,40,2392.4,2932.2,2549.6,0,0,738650.256756805,0,0,0
161737.827950986,40,2394.4,2899.4,2520.2,0,0,738650.256757268,0,0,0
161737.867950052,40,2408.6,2858.4,2482.8,0,0,738650.256757731,0,0,0
161737.907949119,40,2422.6,2820.6,2444.4,0,0,738650.256758194,0,0,0
161737.947948185,40,2444.8,2793.2,2406.2,0,0,738650.256758657,0,0,0
161737.987947252,40,2481.8,2783.8,2370.8,0,0,738650.25675912,0,0,0
161738.027946318,40,2545.2,2781.4,2334,0,0,738650.256759583,0,0,0
161738.067945384,40,2620.4,2762,2292.6,0,0,738650.256760046,0,0,0
161738.107944451,40,2699,2745.2,2257.4,0,0,738650.256760509,0,0,0
161738.147943517,40,2773.8,2713.8,2228.4,0,0,738650.256760971,0,0,0
161738.187942584,40,2827.6,2680.2,2204.6,0,0,738650.256761434,0,0,0
161738.22794165,40,2871,2663.4,2193.6,0,0,738650.256761897,0,0,0
161738.267940716,40,2885.2,2666.8,2191.4,0,0,738650.25676236,0,0,0
161738.307939783,40,2895.6,2694.6,2198.6,0,0,738650.256762823,0,0,0
161738.347938849,40,2883.4,2732.6,2214.6,0,0,738650.256763286,0,0,0
161738.387937916,40,2838,2778.8,2236.4,0,0,738650.256763749,0,0,0
161738.427936982,40,2769.8,2835.8,2268,0,0,738650.256764212,0,0,0
161738.467936048,40,2674.4,2884.4,2318.2,0,0,738650.256764675,0,0,0
161738.507935115,40,2594.8,2935.4,2376,0,0,738650.256765138,0,0,0
161738.547934181,40,2494.8,2934.4,2443,0,0,738650.256765601,0,0,0
161738.587933248,40,2417,2908.2,2505.6,0,0,738650.256766064,0,0,0
161738.627932314,40,2387.4,2893,2531.8,0,0,738650.256766527,0,0,0
161738.66793138,40,2414.6,2891.6,2498.6,0,0,738650.25676699,0,0,0
161738.707930447,40,2461.6,2877.8,2437.4,0,0,738650.256767453,0,0,0
161738.747929513,40,2549.6,2857.4,2359.4,0,0,738650.256767916,0,0,0
161738.78792858,40,2656.8,2793.4,2291.2,0,0,738650.256768379,0,0,0
161738.827927646,40,2755,2706.4,2229.8,0,0,738650.256768842,0,0,0
161738.867926712,40,2829.8,2615.4,2185.2,0,0,738650.256769305,0,0,0
161738.907925779,40,2866,2540.2,2158,0,0,738650.256769767,0,0,0
161738.947924845,40,2878.6,2500,2143,0,0,738650.25677023,0,0,0
161738.987923912,40,2883,2500.4,2139.4,0,0,738650.256770693,0,0,0
161739.027922978,40,2873.2,2542.2,2156.2,0,0,738650.256771156,0,0,0
161739.086921601,59,2789.8,2677.6,2216,0,0,738650.256771839,0,0,0
161739.126920667,40,2654.8,2806.4,2300.2,0,0,738650.256772302,0,0,0
161739.166919734,40,2481.8,2879,2425.6,0,0,738650.256772765,0,0,0
161739.2069188,40,2408.6,2872.4,2486.4,0,0,738650.256773228,0,0,0
161739.246917867,40,2488.8,2843.2,2402.4,0,0,738650.256773691,0,0,0
161739.286916933,40,2600,2783.4,2310.6,0,0,738650.256774154,0,0,0
161739.326915999,40,2710.4,2694.8,2238.2,0,0,738650.256774617,0,0,0
161739.366915066,40,2771.8,2597.2,2190.6,0,0,738650.25677508,0,0,0
161739.406914132,40,2811.4,2537.8,2161.2,0,0,738650.256775543,0,0,0
161739.446913199,40,2829.4,2505,2144.6,0,0,738650.256776006,0,0,0
161739.486912265,40,2851,2504.2,2149.8,0,0,738650.256776469,0,0,0
161739.526911331,40,2859.2,2529.2,2151,0,0,738650.256776932,0,0,0
161739.566910398,40,2855.2,2578.2,2166,0,0,738650.256777395,0,0,0
161739.606909464,40,2833.8,2636.4,2193.8,0,0,738650.256777858,0,0,0
161739.64690853,40,2778.4,2715.4,2227.4,0,0,738650.256778321,0,0,0
161739.686907597,40,2703.4,2812.4,2288.4,0,0,738650.256778784,0,0,0
161739.726906663,40,2579.6,2891,2361,0,0,738650.256779246,0,0,0
161739.76690573,40,2453.6,2910.4,2461.6,0,0,738650.256779709,0,0,0
161739.806904796,40,2367.8,2873,2548.8,0,0,738650.256780172,0,0,0
161739.846903863,40,2384,2846.8,2504.2,0,0,738650.256780635,0,0,0
161739.886902929,40,2465,2830.6,2413.4,0,0,738650.256781098,0,0,0
161739.926901995,40,2567.4,2793.2,2330,0,0,738650.256781561,0,0,0
161739.966901062,40,2677.6,2731.2,2261.2,0,0,738650.256782024,0,0,0
161740.006900128,40,2766.6,2644.4,2208,0,0,738650.256782487,0,0,0
161740.046899195,40,2833.6,2574.4,2174,0,0,738650.25678295,0,0,0
161740.086898261,40,2868.4,2521.4,2146.4,0,0,738650.256783413,0,0,0
161740.126897327,40,2884.6,2489.8,2136,0,0,738650.256783876,0,0,0
161740.166896394,40,2899.4,2492.4,2137.2,0,0,738650.256784339,0,0,0
161740.20689546,40,2906.6,2527.6,2148.2,0,0,738650.256784802,0,0,0
161740.246894526,40,2879,2594.8,2170.4,0,0,738650.256785265,0,0,0
161740.286893593,40,2802.4,2701.6,2218.6,0,0,738650.256785728,0,0,0
161740.326892659,40,2642.4,2804.4,2300.4,0,0,738650.256786191,0,0,0
161740.366891726,40,2453.6,2809.2,2412,0,0,738650.256786654,0,0,0
161740.406890792,40,2363.8,2771.2,2481.6,0,0,738650.256787117,0,0,0
161740.446889859,40,2427.2,2805,2431.4,0,0,738650.25678758,0,0,0
161740.486888925,40,2563.4,2839.6,2351.6,0,0,738650.256788043,0,0,0
161740.526887991,40,2712.8,2795.2,2276.2,0,0,738650.256788505,0,0,0
161740.566887058,40,2837.4,2698.8,2208.4,0,0,738650.256788968,0,0,0
161740.606886124,40,2927.8,2614.6,2171.8,0,0,738650.256789431,0,0,0
161740.646885191,40,2962.8,2541.4,2145.8,0,0,738650.256789894,0,0,0
161740.686884257,40,2973,2502.8,2134.8,0,0,738650.256790357,0,0,0
161740.726883323,40,2975,2495,2128.4,0,0,738650.25679082,0,0,0
161740.76688239,40,2977,2520.2,2136.4,0,0,738650.256791283,0,0,0
161740.806881456,40,2959.4,2570,2157.4,0,0,738650.256791746,0,0,0
161740.846880523,40,2888,2647.4,2186.8,0,0,738650.256792209,0,0,0
161740.886879589,40,2793.6,2747.2,2234.6,0,0,738650.256792672,0,0,0
161740.926878655,40,2662,2847,2310.4,0,0,738650.256793135,0,0,0
161740.966877722,40,2510.8,2887,2406.6,0,0,738650.256793598,0,0,0
161741.006876788,40,2384.8,2844.4,2507,0,0,738650.256794061,0,0,0
161741.046875854,40,2350.8,2825.8,2532.6,0,0,738650.256794524,0,0,0
161741.086874921,40,2396.6,2827.6,2473.6,0,0,738650.256794987,0,0,0
161741.126873987,40,2477.6,2835.8,2406,0,0,738650.25679545,0,0,0
161741.166873054,40,2586.6,2830.6,2335,0,0,738650.256795913,0,0,0
161741.20687212,40,2694.2,2784.2,2274.4,0,0,738650.256796376,0,0,0
161741.246871187,40,2784.6,2724.4,2225.6,0,0,738650.256796839,0,0,0
161741.286870253,40,2858.4,2669.6,2197.2,0,0,738650.256797302,0,0,0
161741.326869319,40,2924.8,2643.4,2178.4,0,0,738650.256797765,0,0,0
161741.366868386,40,2962.2,2635.2,2173,0,0,738650.256798228,0,0,0
161741.406867452,40,2949.2,2656.8,2178.4,0,0,738650.25679869,0,0,0
161741.446866519,40,2933.8,2693.6,2194.4,0,0,738650.256799153,0,0,0
161741.486865585,40,2879.8,2750,2220.2,0,0,738650.256799616,0,0,0
161741.526864651,40,2764.6,2820,2265.8,0,0,738650.256800079,0,0,0
161741.566863718,40,2626.2,2892.8,2345,0,0,738650.256800542,0,0,0
161741.606862784,40,2466.4,2920.2,2456.6,0,0,738650.256801005,0,0,0
161741.646861851,40,2330.8,2842.2,2583.2,0,0,738650.256801468,0,0,0
161741.686860917,40,2270.2,2762.4,2643.2,0,0,738650.256801931,0,0,0
161741.726859983,40,2290.8,2773.8,2605.6,0,0,738650.256802394,0,0,0
161741.76685905,40,2350,2807.2,2526.8,0,0,738650.256802857,0,0,0
161741.806858116,40,2433.6,2845.8,2446,0,0,738650.25680332,0,0,0
161741.846857183,40,2544.8,2844.2,2363.4,0,0,738650.256803783,0,0,0
161741.886856249,40,2667.6,2818.2,2299.6,0,0,738650.256804246,0,0,0
161741.926855315,40,2770,2758.6,2245.4,0,0,738650.256804709,0,0,0
161741.966854382,40,2854.4,2698.6,2208.4,0,0,738650.256805172,0,0,0
161742.006853448,40,2917.8,2663,2185.8,0,0,738650.256805635,0,0,0
161742.046852514,40,2945,2649,2177.8,0,0,738650.256806098,0,0,0
161742.086851581,40,2935,2683.4,2187.8,0,0,738650.256806561,0,0,0
161742.126850647,40,2898.2,2741.8,2214.4,0,0,738650.256807024,0,0,0
161742.166849714,40,2809.4,2823.2,2260.6,0,0,738650.256807487,0,0,0
161742.20684878,40,2667.8,2908.8,2329,0,0,738650.25680795,0,0,0
161742.246847847,40,2502.8,2937.8,2435.2,0,0,738650.256808412,0,0,0
161742.286846913,40,2369.6,2882.8,2546.6,0,0,738650.256808875,0,0,0
161742.326845979,40,2304.2,2794,2604.6,0,0,738650.256809338,0,0,0
161742.366845046,40,2319.2,2819.4,2586.2,0,0,738650.256809801,0,0,0
161742.406844112,40,2384.6,2849.6,2504.4,0,0,738650.256810264,0,0,0
161742.446843179,40,2481.2,2853.8,2411.6,0,0,738650.256810727,0,0,0
161742.486842245,40,2605.4,2832.2,2329,0,0,738650.25681119,0,0,0
161742.526841311,40,2725.4,2763,2259.8,0,0,738650.256811653,0,0,0
161742.566840378,40,2822.4,2681.4,2210.6,0,0,738650.256812116,0,0,0
161742.606839444,40,2893.6,2610.6,2174.6,0,0,738650.256812579,0,0,0
161742.64683851,40,2937.2,2564.8,2156,0,0,738650.256813042,0,0,0
161742.686837577,40,2945.6,2542,2150,0,0,738650.256813505,0,0,0
161742.726836643,40,2950.4,2571,2157.4,0,0,738650.256813968,0,0,0
161742.76683571,40,2931.4,2626.4,2175.2,0,0,738650.256814431,0,0,0
161742.806834776,40,2871.2,2718.2,2206.2,0,0,738650.256814894,0,0,0
161742.846833843,40,2760.2,2818.2,2268.8,0,0,738650.256815357,0,0,0
161742.886832909,40,2622.2,2918.2,2353.8,0,0,738650.25681582,0,0,0
161742.926831975,40,2473.2,2947.8,2462.8,0,0,738650.256816283,0,0,0
161742.966831042,40,2356.2,2899.6,2588,0,0,738650.256816746,0,0,0
161743.006830108,40,2304,2846,2644,0,0,738650.256817208,0,0,0
161743.046829175,40,2333.8,2861,2591.4,0,0,738650.256817671,0,0,0
161743.086828241,40,2404.8,2871.2,2495.6,0,0,738650.256818134,0,0,0
161743.126827307,40,2509.2,2876,2400.6,0,0,738650.256818597,0,0,0
161743.166826374,40,2633.2,2828.2,2310.6,0,0,738650.25681906,0,0,0
161743.20682544,40,2758,2751.4,2244.4,0,0,738650.256819523,0,0,0
161743.246824507,40,2844.2,2663.8,2196.6,0,0,738650.256819986,0,0,0
161743.286823573,40,2909.8,2599.4,2166.6,0,0,738650.256820449,0,0,0
161743.326822639,40,2946.6,2554.6,2147.4,0,0,738650.256820912,0,0,0
161743.366821706,40,2956,2535,2147.4,0,0,738650.256821375,0,0,0
161743.406820772,40,2952.2,2566,2151.2,0,0,738650.256821838,0,0,0
161743.446819839,40,2911,2620.2,2178.4,0,0,738650.256822301,0,0,0
161743.486818905,40,2838.4,2705,2212,0,0,738650.256822764,0,0,0
161743.526817971,40,2732.8,2799,2271.8,0,0,738650.256823227,0,0,0
161743.566817038,40,2584.2,2867,2355.4,0,0,738650.25682369,0,0,0
161743.606816104,40,2443.4,2867.2,2452.2,0,0,738650.256824153,0,0,0
161743.646815171,40,2347,2831.8,2550.8,0,0,738650.256824616,0,0,0
161743.686814237,40,2347.2,2812.4,2535.8,0,0,738650.256825079,0,0,0
161743.726813303,40,2412.2,2828.8,2460.2,0,0,738650.256825542,0,0,0
161743.76681237,40,2516,2816.8,2368.8,0,0,738650.256826005,0,0,0
161743.806811436,40,2654.8,2775,2286,0,0,738650.256826468,0,0,0
161743.846810503,40,2770,2695.2,2223.2,0,0,738650.256826931,0,0,0
161743.886809569,40,2851.2,2615,2184.8,0,0,738650.256827393,0,0,0
161743.926808635,40,2891,2540.8,2151.6,0,0,738650.256827856,0,0,0
161743.966807702,40,2915.2,2492.6,2135,0,0,738650.256828319,0,0,0
161744.006806768,40,2931.2,2478,2126.2,0,0,738650.256828782,0,0,0
161744.046805834,40,2943.8,2495.8,2132.2,0,0,738650.256829245,0,0,0
161744.086804901,40,2945.8,2548.6,2149.4,0,0,738650.256829708,0,0,0
161744.126803967,40,2908.4,2630.2,2181.2,0,0,738650.256830171,0,0,0
161744.166803034,40,2824.6,2738.4,2227.4,0,0,738650.256830634,0,0,0
161744.2068021,40,2695.8,2849.2,2299.4,0,0,738650.256831097,0,0,0
161744.246801167,40,2546.2,2918,2397.4,0,0,738650.25683156,0,0,0
161744.286800233,40,2414.2,2899,2503.4,0,0,738650.256832023,0,0,0
161744.326799299,40,2355.2,2843.4,2538.8,0,0,738650.256832486,0,0,0
161744.366798366,40,2390.2,2830.4,2484.6,0,0,738650.256832949,0,0,0
161744.406797432,40,2456.4,2815.4,2409.8,0,0,738650.256833412,0,0,0
161744.446796499,40,2564.6,2806.4,2337.6,0,0,738650.256833875,0,0,0
161744.486795565,40,2694,2759,2265,0,0,738650.256834338,0,0,0
161744.526794631,40,2817.6,2675,2208.2,0,0,738650.256834801,0,0,0
161744.566793698,40,2892,2585,2166.8,0,0,738650.256835264,0,0,0
161744.606792764,40,2938,2519.4,2143.2,0,0,738650.256835727,0,0,0
161744.646791831,40,2965.4,2484.4,2127.2,0,0,738650.25683619,0,0,0
161744.686790897,40,2980,2489.2,2127.8,0,0,738650.256836653,0,0,0
161744.726789963,40,2996.8,2536.2,2139,0,0,738650.256837116,0,0,0
161744.76678903,40,2968,2613.8,2167,0,0,738650.256837578,0,0,0
161744.806788096,40,2892.6,2719.6,2209,0,0,738650.256838041,0,0,0
161744.846787163,40,2761,2830.2,2272.6,0,0,738650.256838504,0,0,0
161744.886786229,40,2613.2,2919,2358.4,0,0,738650.256838967,0,0,0
161744.926785295,40,2458.6,2919.8,2466.4,0,0,738650.25683943,0,0,0
161744.966784362,40,2346.4,2859.4,2568.6,0,0,738650.256839893,0,0,0
161745.006783428,40,2335.6,2808.4,2550,0,0,738650.256840356,0,0,0
161745.046782494,40,2388.8,2806.6,2478.4,0,0,738650.256840819,0,0,0
161745.086781561,40,2485,2854.2,2408.4,0,0,738650.256841282,0,0,0
161745.126780627,40,2619.4,2850.4,2330.2,0,0,738650.256841745,0,0,0
161745.166779694,40,2734.4,2786.2,2263.4,0,0,738650.256842208,0,0,0
161745.20677876,40,2840.4,2712.4,2215.8,0,0,738650.256842671,0,0,0
161745.246777827,40,2922.4,2657.6,2184.4,0,0,738650.256843134,0,0,0
161745.286776893,40,2974.2,2621.4,2169,0,0,738650.256843597,0,0,0
161745.326775959,40,2985.6,2625.8,2168.8,0,0,738650.25684406,0,0,0
161745.366775026,40,2977,2645.4,2175,0,0,738650.256844523,0,0,0
161745.406774092,40,2934.4,2694,2194.2,0,0,738650.256844986,0,0,0
161745.446773159,40,2860,2763.2,2229.2,0,0,738650.256845449,0,0,0
161745.486772225,40,2734.2,2833.4,2278.8,0,0,738650.256845912,0,0,0
161745.526771291,40,2605.2,2885.4,2349.6,0,0,738650.256846374,0,0,0
161745.566770358,40,2469.4,2891.6,2442,0,0,738650.256846837,0,0,0
161745.606769424,40,2359.8,2851,2540,0,0,738650.2568473,0,0,0
161745.64676849,40,2281.6,2780.2,2636.2,0,0,738650.256847763,0,0,0
161745.686767557,40,2237.6,2715.8,2699,0,0,738650.256848226,0,0,0
161745.726766623,40,2230.4,2700,2705.8,0,0,738650.256848689,0,0,0
161745.76676569,40,2244.6,2770.6,2715.4,0,0,738650.256849152,0,0,0
161745.806764756,40,2289.6,2845.2,2685,0,0,738650.256849615,0,0,0
161745.846763823,40,2340.4,2917.2,2633.6,0,0,738650.256850078,0,0,0
161745.886762889,40,2405.2,2965.8,2551.6,0,0,738650.256850541,0,0,0
161745.926761955,40,2491,2992.8,2475,0,0,738650.256851004,0,0,0
161745.966761022,40,2599.2,2964.8,2387.8,0,0,738650.256851467,0,0,0
161746.006760088,40,2710.8,2906.4,2314,0,0,738650.25685193,0,0,0
161746.046759155,40,2811.2,2821.8,2255.4,0,0,738650.256852393,0,0,0
161746.086758221,40,2879.6,2747.6,2217.4,0,0,738650.256852856,0,0,0
161746.126757287,40,2908.2,2720.8,2203.4,0,0,738650.256853319,0,0,0
161746.166756354,40,2900.6,2743.4,2211.2,0,0,738650.256853782,0,0,0
161746.20675542,40,2856.2,2802.2,2240.6,0,0,738650.256854245,0,0,0
161746.246754487,40,2763.2,2887.8,2290.6,0,0,738650.256854708,0,0,0
161746.286753553,40,2620.6,2978.2,2380.2,0,0,738650.256855171,0,0,0
161746.326752619,40,2468.2,3013,2506.4,0,0,738650.256855634,0,0,0
161746.366751686,40,2342,2943,2649.4,0,0,738650.256856097,0,0,0
161746.406750752,40,2257.6,2828.6,2754.6,0,0,738650.256856559,0,0,0
161746.446749819,40,2239.8,2784.8,2776.6,0,0,738650.256857022,0,0,0
161746.486748885,40,2255,2820,2768.6,0,0,738650.256857485,0,0,0
161746.526747951,40,2292.6,2888.2,2723.4,0,0,738650.256857948,0,0,0
161746.566747018,40,2360.6,2975.2,2638.6,0,0,738650.256858411,0,0,0
161746.606746084,40,2453.2,3024.8,2529,0,0,738650.256858874,0,0,0
161746.646745151,40,2578.6,3026.8,2422.4,0,0,738650.256859337,0,0,0
161746.686744217,40,2704.6,2957.6,2335.4,0,0,738650.2568598,0,0,0
161746.726743283,40,2803.4,2870.4,2270.2,0,0,738650.256860263,0,0,0
161746.76674235,40,2872.6,2793,2231.8,0,0,738650.256860726,0,0,0
161746.806741416,40,2902.4,2745,2210.8,0,0,738650.256861189,0,0,0
161746.846740483,40,2903.4,2728.2,2211.6,0,0,738650.256861652,0,0,0
161746.886739549,40,2881,2761.2,2223.8,0,0,738650.256862115,0,0,0
161746.926738615,40,2823.2,2803.6,2247.2,0,0,738650.256862578,0,0,0
161746.966737682,40,2744.6,2873,2291.4,0,0,738650.256863041,0,0,0
161747.006736748,40,2645,2934.4,2348.2,0,0,738650.256863504,0,0,0
161747.046735815,40,2536.4,2986.4,2435.2,0,0,738650.256863967,0,0,0
161747.086734881,40,2422,2963.2,2533.8,0,0,738650.25686443,0,0,0
161747.126733947,40,2335.2,2906,2640.8,0,0,738650.256864893,0,0,0
161747.166733014,40,2276.6,2827,2703,0,0,738650.256865356,0,0,0
161747.20673208,40,2273.4,2834.4,2716.6,0,0,738650.256865819,0,0,0
161747.246731147,40,2301.2,2882.2,2681.4,0,0,738650.256866282,0,0,0
161747.286730213,40,2358,2962.6,2629.4,0,0,738650.256866744,0,0,0
161747.326729279,40,2440,3026.4,2547.4,0,0,738650.256867207,0,0,0
161747.366728346,40,2536.2,3035.4,2452.2,0,0,738650.25686767,0,0,0
161747.406727412,40,2652.2,2993.6,2365.4,0,0,738650.256868133,0,0,0
161747.446726479,40,2765.8,2917.8,2296,0,0,738650.256868596,0,0,0
161747.486725545,40,2848.4,2821.6,2245.6,0,0,738650.256869059,0,0,0
161747.526724611,40,2899,2732.4,2209.2,0,0,738650.256869522,0,0,0
161747.566723678,40,2907,2666.8,2189.2,0,0,738650.256869985,0,0,0
161747.606722744,40,2884.8,2639.8,2183.2,0,0,738650.256870448,0,0,0
161747.646721811,40,2843.8,2638.8,2193,0,0,738650.256870911,0,0,0
161747.686720877,40,2798.2,2653.6,2208,0,0,738650.256871374,0,0,0
161747.726719943,40,2723.2,2669.2,2226.8,0,0,738650.256871837,0,0,0
161747.76671901,40,2664,2712.4,2260.4,0,0,738650.2568723,0,0,0
161747.806718076,40,2602.4,2781.8,2312.8,0,0,738650.256872763,0,0,0
161747.846717143,40,2518,2863.2,2390,0,0,738650.256873226,0,0,0
161747.886716209,40,2413.8,2884,2499.2,0,0,738650.256873689,0,0,0
161747.926715275,40,2317.6,2858.6,2624.2,0,0,738650.256874152,0,0,0
161747.966714342,40,2269.8,2817.2,2721,0,0,738650.256874615,0,0,0
161748.006713408,40,2289.2,2858.6,2703,0,0,738650.256875078,0,0,0
161748.046712474,40,2352.2,2929.8,2619.2,0,0,738650.25687554,0,0,0
161748.086711541,40,2443.8,2977.8,2514.4,0,0,738650.256876003,0,0,0
161748.126710607,40,2566.4,2969,2406,0,0,738650.256876466,0,0,0
161748.166709674,40,2679,2883.2,2319.4,0,0,738650.256876929,0,0,0
161748.20670874,40,2790.8,2799.6,2255.4,0,0,738650.256877392,0,0,0
161748.246707807,40,2840.6,2703,2211,0,0,738650.256877855,0,0,0
161748.286706873,40,2874,2638.2,2186.4,0,0,738650.256878318,0,0,0
161748.326705939,40,2886,2605.8,2174.6,0,0,738650.256878781,0,0,0
161748.366705006,40,2883.8,2614.6,2179.4,0,0,738650.256879244,0,0,0
161748.406704072,40,2869.6,2646,2187,0,0,738650.256879707,0,0,0
161748.446703139,40,2835.2,2687.6,2210.6,0,0,738650.25688017,0,0,0
161748.486702205,40,2776.2,2751.2,2244,0,0,738650.256880633,0,0,0
161748.526701271,40,2681.4,2820.8,2296.4,0,0,738650.256881096,0,0,0
161748.566700338,40,2577.6,2891.6,2366.2,0,0,738650.256881559,0,0,0
161748.606699404,40,2456.2,2902.4,2461.8,0,0,738650.256882022,0,0,0
161748.646698471,40,2356,2867.2,2565.6,0,0,738650.256882485,0,0,0
161748.686697537,40,2278,2802,2674.2,0,0,738650.256882948,0,0,0
161748.726696603,40,2244.8,2776.6,2750.6,0,0,738650.256883411,0,0,0
161748.76669567,40,2266.6,2841.2,2747.8,0,0,738650.256883874,0,0,0
161748.806694736,40,2321.4,2926.6,2679.6,0,0,738650.256884337,0,0,0
161748.846693803,40,2415.2,3018.8,2573.8,0,0,738650.2568848,0,0,0
161748.886692869,40,2549,3035,2447,0,0,738650.256885263,0,0,0
161748.926691935,40,2689.2,2956,2335,0,0,738650.256885725,0,0,0
161748.966691002,40,2807,2842.8,2262,0,0,738650.256886188,0,0,0
161749.006690068,40,2895.2,2738.6,2213.8,0,0,738650.256886651,0,0,0
161749.046689134,40,2930,2659,2188.6,0,0,738650.256887114,0,0,0
161749.086688201,40,2927.4,2616,2173.2,0,0,738650.256887577,0,0,0
161749.126687267,40,2917.8,2619,2175.6,0,0,738650.25688804,0,0,0
161749.166686334,40,2882.6,2658.8,2191.6,0,0,738650.256888503,0,0,0
161749.2066854,40,2817.6,2707.4,2219,0,0,738650.256888966,0,0,0
161749.246684467,40,2738.2,2781,2260.6,0,0,738650.256889429,0,0,0
161749.286683533,40,2638.6,2853.4,2320.6,0,0,738650.256889892,0,0,0
161749.326682599,40,2533.2,2923.6,2412,0,0,738650.256890355,0,0,0
161749.366681666,40,2417.8,2948.4,2528.4,0,0,738650.256890818,0,0,0
161749.406680732,40,2317.4,2892.6,2657,0,0,738650.256891281,0,0,0
161749.446679799,40,2244.6,2801.2,2783.8,0,0,738650.256891744,0,0,0
161749.486678865,40,2210,2733,2835,0,0,738650.256892207,0,0,0
161749.526677931,40,2215.2,2757.6,2827.4,0,0,738650.25689267,0,0,0
161749.566676998,40,2256.8,2830.8,2773.2,0,0,738650.256893133,0,0,0
161749.606676064,40,2323.2,2900.2,2653,0,0,738650.256893596,0,0,0
161749.64667513,40,2417.8,2920.4,2512,0,0,738650.256894059,0,0,0
161749.686674197,40,2530.2,2885,2395.6,0,0,738650.256894522,0,0,0
161749.726673263,40,2631.4,2804.8,2304,0,0,738650.256894985,0,0,0
161749.76667233,40,2713.4,2724.4,2249.8,0,0,738650.256895447,0,0,0
161749.806671396,40,2765.2,2664.4,2210.8,0,0,738650.25689591,0,0,0
161749.846670463,40,2793.4,2625.8,2200.2,0,0,738650.256896373,0,0,0
161749.886669529,40,2799.8,2637.2,2201.2,0,0,738650.256896836,0,0,0
161749.926668595,40,2784.2,2676.4,2214.2,0,0,738650.256897299,0,0,0
161749.966667662,40,2741.8,2730.4,2245.8,0,0,738650.256897762,0,0,0
161750.006666728,40,2669,2799.6,2293,0,0,738650.256898225,0,0,0
161750.046665795,40,2571.6,2859,2358.2,0,0,738650.256898688,0,0,0
161750.086664861,40,2473.4,2913,2454,0,0,738650.256899151,0,0,0
161750.126663927,40,2367,2889.4,2566,0,0,738650.256899614,0,0,0
161750.166662994,40,2283.4,2830.4,2685.8,0,0,738650.256900077,0,0,0
161750.20666206,40,2225.6,2751.6,2792.4,0,0,738650.25690054,0,0,0
161750.246661126,40,2213.2,2737.8,2835.8,0,0,738650.256901003,0,0,0
161750.286660193,40,2237,2788.2,2807,0,0,738650.256901466,0,0,0
161750.326659259,40,2281.2,2871.6,2736.2,0,0,738650.256901929,0,0,0
161750.366658326,40,2354,2938.6,2622.6,0,0,738650.256902392,0,0,0
161750.406657392,40,2452.6,2981.2,2507,0,0,738650.256902855,0,0,0
161750.446656459,40,2565.8,2959,2401,0,0,738650.256903318,0,0,0
161750.486655525,40,2675.2,2894.6,2320.4,0,0,738650.256903781,0,0,0
161750.526654591,40,2747.4,2806.6,2267.6,0,0,738650.256904243,0,0,0
161750.566653658,40,2778.8,2756,2241.2,0,0,738650.256904706,0,0,0
161750.606652724,40,2788.6,2743.6,2238.6,0,0,738650.256905169,0,0,0
161750.646651791,40,2765.8,2758.4,2246.2,0,0,738650.256905632,0,0,0
161750.686650857,40,2739.6,2806.2,2274.8,0,0,738650.256906095,0,0,0
161750.726649923,40,2679.2,2852.4,2305.2,0,0,738650.256906558,0,0,0
161750.76664899,40,2608.6,2905.2,2356.2,0,0,738650.256907021,0,0,0
161750.806648056,40,2516.8,2953,2437.6,0,0,738650.256907484,0,0,0
161750.846647123,40,2420.8,2951.6,2526.8,0,0,738650.256907947,0,0,0
161750.886646189,40,2331,2898.6,2630.6,0,0,738650.25690841,0,0,0
161750.926645255,40,2265,2823,2722.4,0,0,738650.256908873,0,0,0
161750.966644322,40,2222.2,2744,2789.8,0,0,738650.256909336,0,0,0
161751.006643388,40,2221.6,2735.6,2788.2,0,0,738650.256909799,0,0,0
161751.046642454,40,2240,2765.2,2738.2,0,0,738650.256910262,0,0,0
161751.086641521,40,2283,2816,2674.2,0,0,738650.256910725,0,0,0
161751.126640587,40,2334.2,2867.6,2599.2,0,0,738650.256911188,0,0,0
161751.166639654,40,2406.2,2903.2,2515,0,0,738650.256911651,0,0,0
161751.20663872,40,2488,2916.2,2438.2,0,0,738650.256912114,0,0,0
161751.246637787,40,2575.6,2901.6,2374.6,0,0,738650.256912577,0,0,0
161751.286636853,40,2646.4,2859.2,2321.2,0,0,738650.25691304,0,0,0
161751.326635919,40,2691.6,2822,2289.8,0,0,738650.256913503,0,0,0
161751.366634986,40,2719.6,2811.4,2276.8,0,0,738650.256913966,0,0,0
161751.406634052,40,2706.4,2818.4,2283.4,0,0,738650.256914429,0,0,0
161751.446633119,40,2676.4,2852.6,2305,0,0,738650.256914891,0,0,0
161751.486632185,40,2621.4,2884.2,2343.6,0,0,738650.256915354,0,0,0
161751.526631251,40,2546.2,2923.8,2401.6,0,0,738650.256915817,0,0,0
161751.566630318,40,2457.2,2940.8,2479.6,0,0,738650.25691628,0,0,0
161751.606629384,40,2378.8,2918.4,2568.8,0,0,738650.256916743,0,0,0
161751.646628451,40,2308,2859.6,2652.6,0,0,738650.256917206,0,0,0
161751.686627517,40,2262.8,2801,2711.6,0,0,738650.256917669,0,0,0
161751.726626583,40,2256.2,2781,2710.8,0,0,738650.256918132,0,0,0
161751.76662565,40,2278,2809.6,2683.2,0,0,738650.256918595,0,0,0
161751.806624716,40,2318.2,2869.2,2643,0,0,738650.256919058,0,0,0
161751.846623783,40,2373.8,2906.8,2564.8,0,0,738650.256919521,0,0,0
161751.886622849,40,2454.6,2932,2478.6,0,0,738650.256919984,0,0,0
161751.926621915,40,2542.2,2919.6,2404.6,0,0,738650.256920447,0,0,0
161751.966620982,40,2614.2,2878,2341.4,0,0,738650.25692091,0,0,0
161752.006620048,40,2678.4,2826.6,2300.4,0,0,738650.256921373,0,0,0
161752.046619114,40,2718.2,2792.4,2272.8,0,0,738650.256921836,0,0,0
161752.086618181,40,2725.8,2775.2,2260.8,0,0,738650.256922299,0,0,0
161752.126617247,40,2715,2797.2,2274.6,0,0,738650.256922762,0,0,0
161752.166616314,40,2688.2,2833.4,2299.6,0,0,738650.256923225,0,0,0
161752.20661538,40,2631,2863.2,2329,0,0,738650.256923688,0,0,0
161752.246614447,40,2572.2,2898,2377.2,0,0,738650.256924151,0,0,0
161752.286613513,40,2501.2,2921.8,2435,0,0,738650.256924613,0,0,0
161752.326612579,40,2428.4,2922.4,2500.4,0,0,738650.256925076,0,0,0
161752.366611646,40,2370,2904.6,2567.4,0,0,738650.256925539,0,0,0
161752.406610712,40,2318.6,2870.4,2634.8,0,0,738650.256926002,0,0,0
161752.446609779,40,2287.4,2842.2,2690.2,0,0,738650.256926465,0,0,0
161752.486608845,40,2281.2,2843,2697.4,0,0,738650.256926928,0,0,0
161752.526607911,40,2297.6,2861,2681.4,0,0,738650.256927391,0,0,0
161752.566606978,40,2311.8,2874.2,2657.4,0,0,738650.256927854,0,0,0
161752.606606044,40,2336,2892.6,2624.6,0,0,738650.256928317,0,0,0
161752.64660511,40,2363.6,2916.8,2589.2,0,0,738650.25692878,0,0,0
161752.686604177,40,2399.2,2926.8,2546.4,0,0,738650.256929243,0,0,0
161752.726603243,40,2435.2,2933.4,2496.6,0,0,738650.256929706,0,0,0
161752.76660231,40,2480.6,2932.8,2453.2,0,0,738650.256930169,0,0,0
161752.806601376,40,2527.6,2916.6,2411.8,0,0,738650.256930632,0,0,0
161752.846600443,40,2567,2887.4,2371,0,0,738650.256931095,0,0,0
161752.886599509,40,2606.2,2867.6,2337.2,0,0,738650.256931558,0,0,0
161752.926598575,40,2637,2833.8,2313,0,0,738650.256932021,0,0,0
161752.966597642,40,2657.4,2824.6,2302.6,0,0,738650.256932484,0,0,0
161753.006596708,40,2672.8,2819.4,2298.6,0,0,738650.256932947,0,0,0
161753.046595775,40,2671.8,2832.6,2303,0,0,738650.256933409,0,0,0
161753.086594841,40,2660,2849.8,2312.8,0,0,738650.256933872,0,0,0
161753.126593907,40,2652,2870,2325.8,0,0,738650.256934335,0,0,0
161753.166592974,40,2643.2,2881.2,2330.8,0,0,738650.256934798,0,0,0
161753.20659204,40,2636.2,2880.6,2334.2,0,0,738650.256935261,0,0,0
161753.246591107,40,2625.2,2887.4,2339,0,0,738650.256935724,0,0,0
161753.286590173,40,2606,2882.6,2345.6,0,0,738650.256936187,0,0,0
161753.326589239,40,2596.6,2874,2348,0,0,738650.25693665,0,0,0
161753.366588306,40,2578.8,2865.8,2356.8,0,0,738650.256937113,0,0,0
161753.406587372,40,2566.4,2872.4,2366.6,0,0,738650.256937576,0,0,0
161753.446586439,40,2558,2878.6,2372.2,0,0,738650.256938039,0,0,0
161753.486585505,40,2552.4,2887,2376.2,0,0,738650.256938502,0,0,0
161753.526584571,40,2549,2902.4,2387.4,0,0,738650.256938965,0,0,0
161753.566583638,40,2546.6,2925.4,2398,0,0,738650.256939428,0,0,0
161753.606582704,40,2544.8,2948.2,2408.2,0,0,738650.256939891,0,0,0
161753.646581771,40,2544.6,2965.2,2417.6,0,0,738650.256940354,0,0,0
161753.686580837,40,2541.2,2980.6,2425.8,0,0,738650.256940817,0,0,0
161753.726579903,40,2536,2987.4,2435.6,0,0,738650.25694128,0,0,0
161753.76657897,40,2532.8,3000.6,2446.2,0,0,738650.256941743,0,0,0
161753.806578036,40,2523.6,3013,2453.2,0,0,738650.256942206,0,0,0
161753.846577103,40,2511,3006.8,2462.6,0,0,738650.256942669,0,0,0
161753.886576169,40,2505.2,3008,2471.6,0,0,738650.256943132,0,0,0
161753.926575235,40,2494.8,3005,2478.4,0,0,738650.256943594,0,0,0
161753.966574302,40,2483.4,3002.2,2483.4,0,0,738650.256944057,0,0,0
161754.006573368,40,2470,2990.8,2495.2,0,0,738650.25694452,0,0,0
161754.046572435,40,2461.2,2975.6,2499.6,0,0,738650.256944983,0,0,0
161754.086571501,40,2453.6,2959.8,2497.6,0,0,738650.256945446,0,0,0
161754.126570567,40,2451.8,2950.8,2489.8,0,0,738650.256945909,0,0,0
161754.166569634,40,2481.8,2937.6,2455,0,0,738650.256946372,0,0,0
161754.2065687,40,2548.8,2929.8,2398.2,0,0,738650.256946835,0,0,0
161754.246567767,40,2654.8,2892.8,2328.8,0,0,738650.256947298,0,0,0
161754.286566833,40,2772,2809,2262.8,0,0,738650.256947761,0,0,0
161754.326565899,40,2864.4,2717.6,2210.4,0,0,738650.256948224,0,0,0
161754.366564966,40,2938.8,2635.4,2177.8,0,0,738650.256948687,0,0,0
161754.406564032,40,2978.6,2578,2153.6,0,0,738650.25694915,0,0,0
161754.446563099,40,2996.4,2547.6,2141.8,0,0,738650.256949613,0,0,0
161754.486562165,40,2995,2558.2,2148.8,0,0,738650.256950076,0,0,0
161754.526561231,40,2978.4,2601.2,2163.4,0,0,738650.256950539,0,0,0
161754.566560298,40,2937.2,2678,2189.4,0,0,738650.256951002,0,0,0
161754.606559364,40,2834.2,2776.8,2239.6,0,0,738650.256951465,0,0,0
161754.646558431,40,2691.6,2874.8,2310,0,0,738650.256951928,0,0,0
161754.686557497,40,2531.6,2917.4,2406.8,0,0,738650.256952391,0,0,0
161754.726556563,40,2406.6,2876.2,2503.2,0,0,738650.256952854,0,0,0
161754.76655563,40,2372.4,2845.6,2527.8,0,0,738650.256953317,0,0,0
161754.806554696,40,2422,2856.2,2468.8,0,0,738650.256953779,0,0,0
161754.846553763,40,2522.6,2841.6,2380.2,0,0,738650.256954242,0,0,0
161754.886552829,40,2658.4,2783.4,2289.2,0,0,738650.256954705,0,0,0
161754.926551895,40,2795.6,2691,2219.8,0,0,738650.256955168,0,0,0
161754.966550962,40,2880.2,2591.2,2170.6,0,0,738650.256955631,0,0,0
161755.006550028,40,2939,2517.8,2139.4,0,0,738650.256956094,0,0,0
161755.046549094,40,2977.8,2476.8,2127.4,0,0,738650.256956557,0,0,0
161755.086548161,40,2988.6,2470.6,2120.6,0,0,738650.25695702,0,0,0
161755.126547227,40,2995,2492.6,2125.8,0,0,738650.256957483,0,0,0
161755.166546294,40,2996.6,2531,2141.6,0,0,738650.256957946,0,0,0
161755.20654536,40,2963.8,2591.2,2163.4,0,0,738650.256958409,0,0,0
161755.246544427,40,2872.6,2659.6,2193.6,0,0,738650.256958872,0,0,0
161755.286543493,40,2771.8,2738.6,2239.2,0,0,738650.256959335,0,0,0
161755.326542559,40,2638.6,2800.2,2304.2,0,0,738650.256959798,0,0,0
161755.366541626,40,2512.8,2853,2392.6,0,0,738650.256960261,0,0,0
161755.406540692,40,2422.4,2837,2460.4,0,0,738650.256960724,0,0,0
161755.446539759,40,2466.8,2879.2,2437.8,0,0,738650.256961187,0,0,0
161755.486538825,40,2580.2,2872.8,2360.2,0,0,738650.25696165,0,0,0
161755.526537891,40,2720,2810,2281.4,0,0,738650.256962113,0,0,0
161755.566536958,40,2846.2,2715,2216.2,0,0,738650.256962575,0,0,0
161755.606536024,40,2924.6,2618.8,2173.6,0,0,738650.256963038,0,0,0
161755.64653509,40,2989.6,2557.4,2148.4,0,0,738650.256963501,0,0,0
161755.686534157,40,2997.2,2515.6,2132.8,0,0,738650.256963964,0,0,0
161755.726533223,40,3001.6,2508.8,2134.8,0,0,738650.256964427,0,0,0
161755.76653229,40,2992.6,2532.4,2142,0,0,738650.25696489,0,0,0
161755.806531356,40,2986.8,2573,2151.8,0,0,738650.256965353,0,0,0
161755.846530423,40,2935.2,2627.2,2177.8,0,0,738650.256965816,0,0,0
161755.886529489,40,2869.2,2695.2,2207.4,0,0,738650.256966279,0,0,0
161755.926528555,40,2787.6,2779.8,2250,0,0,738650.256966742,0,0,0
161755.966527622,40,2670.8,2860.2,2312.6,0,0,738650.256967205,0,0,0
161756.006526688,40,2538.8,2919.6,2404,0,0,738650.256967668,0,0,0
161756.046525755,40,2424.2,2921,2503.2,0,0,738650.256968131,0,0,0
161756.086524821,40,2378.6,2886,2543.8,0,0,738650.256968594,0,0,0
161756.126523887,40,2400.6,2886.4,2515.8,0,0,738650.256969057,0,0,0
161756.166522954,40,2460,2908.4,2464.6,0,0,738650.25696952,0,0,0
161756.20652202,40,2553.8,2893,2382.2,0,0,738650.256969983,0,0,0
161756.246521087,40,2686.8,2856,2302,0,0,738650.256970446,0,0,0
161756.286520153,40,2803,2759.8,2238,0,0,738650.256970909,0,0,0
161756.326519219,40,2895.2,2669.6,2196.8,0,0,738650.256971372,0,0,0
161756.366518286,40,2970,2596,2161.8,0,0,738650.256971835,0,0,0
161756.406517352,40,2988.6,2545.4,2145.8,0,0,738650.256972298,0,0,0
161756.446516419,40,2996.6,2534.8,2138.6,0,0,738650.25697276,0,0,0
161756.486515485,40,2989.6,2553,2143.6,0,0,738650.256973223,0,0,0
161756.526514551,40,2984,2591.4,2157.2,0,0,738650.256973686,0,0,0
161756.566513618,40,2951.6,2652.8,2179.6,0,0,738650.256974149,0,0,0
161756.606512684,40,2870.8,2723.4,2212.8,0,0,738650.256974612,0,0,0
161756.64651175,40,2767.2,2793.6,2260.8,0,0,738650.256975075,0,0,0
161756.686510817,40,2641.6,2847,2322.2,0,0,738650.256975538,0,0,0
161756.726509883,40,2517,2869.2,2391.6,0,0,738650.256976001,0,0,0
161756.76650895,40,2425.6,2856.2,2469.4,0,0,738650.256976464,0,0,0
161756.806508016,40,2389.8,2856.4,2510.2,0,0,738650.256976927,0,0,0
161756.846507083,40,2432.6,2897.2,2483,0,0,738650.25697739,0,0,0
161756.886506149,40,2527.6,2925.6,2413.4,0,0,738650.256977853,0,0,0
161756.926505215,40,2656,2904.4,2329.6,0,0,738650.256978316,0,0,0
161756.966504282,40,2797.2,2818,2260.4,0,0,738650.256978779,0,0,0
161757.006503348,40,2924,2703.4,2200.2,0,0,738650.256979242,0,0,0
161757.046502415,40,2987.4,2583.4,2154,0,0,738650.256979705,0,0,0
161757.086501481,40,2993.2,2489.6,2127.4,0,0,738650.256980168,0,0,0
161757.126500547,40,2974.2,2433.6,2110.8,0,0,738650.256980631,0,0,0
161757.166499614,40,2967.6,2421.8,2108.2,0,0,738650.256981094,0,0,0
161757.20649868,40,2984,2442.2,2113,0,0,738650.256981557,0,0,0
161757.246497746,40,2998.8,2497.6,2131.8,0,0,738650.25698202,0,0,0
161757.286496813,40,2979.6,2592.6,2161.8,0,0,738650.256982483,0,0,0
161757.326495879,40,2879,2713.8,2211.4,0,0,738650.256982945,0,0,0
161757.366494946,40,2739.2,2844,2284.8,0,0,738650.256983408,0,0,0
161757.406494012,40,2559.8,2901,2385.4,0,0,738650.256983871,0,0,0
161757.446493079,40,2417.2,2872,2489.8,0,0,738650.256984334,0,0,0
161757.486492145,40,2388,2823,2490.8,0,0,738650.256984797,0,0,0
161757.526491211,40,2462.8,2863.8,2437.6,0,0,738650.25698526,0,0,0
161757.566490278,40,2579.2,2881,2366.2,0,0,738650.256985723,0,0,0
161757.606489344,40,2712,2817.2,2280,0,0,738650.256986186,0,0,0
161757.646488411,40,2832.2,2726.4,2224.4,0,0,738650.256986649,0,0,0
161757.686487477,40,2913.6,2633.8,2181.8,0,0,738650.256987112,0,0,0
161757.726486543,40,2975.8,2565.8,2151,0,0,738650.256987575,0,0,0
161757.76648561,40,3002,2514.8,2133.8,0,0,738650.256988038,0,0,0
161757.806484676,40,2994,2500,2129.8,0,0,738650.256988501,0,0,0
161757.846483743,40,2990.4,2509.6,2135.6,0,0,738650.256988964,0,0,0
161757.886482809,40,2997.8,2553.2,2145,0,0,738650.256989427,0,0,0
161757.926481875,40,2959.8,2618.8,2171.2,0,0,738650.25698989,0,0,0
161757.966480942,40,2879,2699.2,2203.8,0,0,738650.256990353,0,0,0
161758.006480008,40,2777.4,2793.8,2257.4,0,0,738650.256990816,0,0,0
161758.046479074,40,2643.2,2873.6,2330,0,0,738650.256991278,0,0,0
161758.086478141,40,2497,2899.2,2422.4,0,0,738650.256991741,0,0,0
161758.126477207,40,2389.4,2872.6,2524.8,0,0,738650.256992204,0,0,0
161758.166476274,40,2383.6,2842.4,2507.8,0,0,738650.256992667,0,0,0
161758.20647534,40,2467.6,2857.6,2428.8,0,0,738650.25699313,0,0,0
161758.246474407,40,2619,2838.2,2328,0,0,738650.256993593,0,0,0
161758.286473473,40,2763,2755.2,2248,0,0,738650.256994056,0,0,0
161758.326472539,40,2870.8,2644.4,2187.6,0,0,738650.256994519,0,0,0
161758.366471606,40,2934.6,2559,2154.2,0,0,738650.256994982,0,0,0
161758.406470672,40,2979.8,2502.2,2132.8,0,0,738650.256995445,0,0,0
161758.446469739,40,2998,2493.2,2127.2,0,0,738650.256995908,0,0,0
161758.486468805,40,2991.2,2528,2139.6,0,0,738650.256996371,0,0,0
161758.526467871,40,2964.2,2633.8,2173.6,0,0,738650.256996834,0,0,0
161758.566466938,40,2857.4,2790.4,2236.6,0,0,738650.256997297,0,0,0
161758.606466004,40,2679.6,2947.6,2340.4,0,0,738650.25699776,0,0,0
161758.646465071,40,2496.6,2995.8,2470.8,0,0,738650.256998223,0,0,0
161758.686464137,40,2420.6,2944,2525,0,0,738650.256998686,0,0,0
161758.726463203,40,2445,2883.2,2461.6,0,0,738650.256999149,0,0,0
161758.76646227,40,2517.2,2825.2,2374.8,0,0,738650.256999612,0,0,0
161758.806461336,40,2661.2,2788.8,2288.4,0,0,738650.257000075,0,0,0
161758.846460403,40,2809.6,2702.8,2218.8,0,0,738650.257000538,0,0,0
161758.886459469,40,2911.8,2618.6,2175,0,0,738650.257001001,0,0,0
161758.926458535,40,2969.2,2558.2,2149.2,0,0,738650.257001464,0,0,0
161758.966457602,40,2994.8,2549.4,2144.4,0,0,738650.257001926,0,0,0
161759.006456668,40,2983.6,2596.4,2155.4,0,0,738650.257002389,0,0,0
161759.046455734,40,2945.4,2675.6,2187.8,0,0,738650.257002852,0,0,0
161759.086454801,40,2814.4,2767.6,2236.6,0,0,738650.257003315,0,0,0
161759.126453867,40,2664,2855,2316.4,0,0,738650.257003778,0,0,0
161759.166452934,40,2511.6,2892.6,2407.4,0,0,738650.257004241,0,0,0
161759.206452,40,2409.2,2849.8,2483.4,0,0,738650.257004704,0,0,0
161759.246451067,40,2411.8,2835.8,2470.6,0,0,738650.257005167,0,0,0
161759.286450133,40,2494.6,2869.4,2415.4,0,0,738650.25700563,0,0,0
161759.326449199,40,2619.6,2848.8,2330.4,0,0,738650.257006093,0,0,0
161759.366448266,40,2755.4,2784.4,2261.8,0,0,738650.257006556,0,0,0
161759.406447332,40,2855.8,2700.4,2209.8,0,0,738650.257007019,0,0,0
161759.446446399,40,2913.8,2635.6,2182.4,0,0,738650.257007482,0,0,0
161759.486445465,40,2938.6,2622.6,2172.2,0,0,738650.257007945,0,0,0
161759.526444531,40,2923.6,2679.2,2192,0,0,738650.257008408,0,0,0
161759.566443598,40,2855,2775.4,2235.2,0,0,738650.257008871,0,0,0
161759.606442664,40,2728.4,2869.4,2300,0,0,738650.257009334,0,0,0
161759.64644173,40,2579.8,2936.8,2389,0,0,738650.257009797,0,0,0
161759.686440797,40,2453.6,2939.8,2487.4,0,0,738650.25701026,0,0,0
161759.726439863,40,2368.4,2860,2545.8,0,0,738650.257010723,0,0,0
161759.76643893,40,2374.6,2844.6,2520,0,0,738650.257011186,0,0,0
161759.806437996,40,2434,2844.2,2451.4,0,0,738650.257011649,0,0,0
161759.846437063,40,2538.4,2840.8,2367.2,0,0,738650.257012111,0,0,0
161759.886436129,40,2689.2,2802.8,2287.8,0,0,738650.257012574,0,0,0
161759.926435195,40,2813,2694,2218,0,0,738650.257013037,0,0,0
161759.966434262,40,2877,2601.4,2175.4,0,0,738650.2570135,0,0,0
161760.006433328,40,2903.6,2548.8,2153.2,0,0,738650.257013963,0,0,0
161760.046432395,40,2901.4,2559.2,2160.8,0,0,738650.257014426,0,0,0
161760.086431461,40,2870,2622.8,2182.6,0,0,738650.257014889,0,0,0
161760.126430527,40,2788.6,2717.2,2230.2,0,0,738650.257015352,0,0,0
161760.166429594,40,2658.6,2807.6,2302.4,0,0,738650.257015815,0,0,0
161760.20642866,40,2516,2862.2,2392,0,0,738650.257016278,0,0,0
161760.246427727,40,2410.6,2873.4,2500,0,0,738650.257016741,0,0,0
161760.286426793,40,2363,2844.6,2534.6,0,0,738650.257017204,0,0,0
161760.326425859,40,2423.4,2898.2,2496.2,0,0,738650.257017667,0,0,0
161760.366424926,40,2519.6,2907.2,2408,0,0,738650.25701813,0,0,0
161760.406423992,40,2636.4,2855.8,2322.6,0,0,738650.257018593,0,0,0
161760.446423059,40,2759.2,2781.6,2255.6,0,0,738650.257019056,0,0,0
161760.486422125,40,2845.4,2700.4,2210.4,0,0,738650.257019519,0,0,0
161760.526421191,40,2911,2635.2,2179.6,0,0,738650.257019982,0,0,0
161760.566420258,40,2941.8,2607.6,2165,0,0,738650.257020444,0,0,0
161760.606419324,40,2950.4,2630.8,2172.2,0,0,738650.257020907,0,0,0
161760.646418391,40,2923.4,2698.6,2199.2,0,0,738650.25702137,0,0,0
161760.686417457,40,2837.2,2798,2243.4,0,0,738650.257021833,0,0,0
161760.726416523,40,2709.8,2915.8,2319.4,0,0,738650.257022296,0,0,0
161760.76641559,40,2563.6,2991.4,2418.4,0,0,738650.257022759,0,0,0
161760.806414656,40,2427,2977.8,2535.8,0,0,738650.257023222,0,0,0
161760.846413723,40,2342,2906.8,2619.2,0,0,738650.257023685,0,0,0
161760.886412789,40,2363.4,2889.6,2570.2,0,0,738650.257024148,0,0,0
161760.926411855,40,2416.8,2864.2,2481.4,0,0,738650.257024611,0,0,0
161760.966410922,40,2497,2841.4,2395.4,0,0,738650.257025074,0,0,0
161761.006409988,40,2625.4,2823,2316.8,0,0,738650.257025537,0,0,0
161761.046409055,40,2743.8,2759.4,2250.4,0,0,738650.257026,0,0,0
161761.086408121,40,2854.6,2711,2209,0,0,738650.257026463,0,0,0
161761.126407187,40,2936.4,2678,2188.8,0,0,738650.257026926,0,0,0
161761.166406254,40,2942.6,2685.6,2191.2,0,0,738650.257027389,0,0,0
161761.20640532,40,2913,2736.6,2210.6,0,0,738650.257027852,0,0,0
161761.246404387,40,2849.2,2821.8,2250.6,0,0,738650.257028315,0,0,0
161761.286403453,40,2727,2906.6,2307.8,0,0,738650.257028778,0,0,0
161761.326402519,40,2577.8,2946,2390,0,0,738650.257029241,0,0,0
161761.366401586,40,2436.4,2916.8,2491,0,0,738650.257029704,0,0,0
161761.406400652,40,2337.6,2835,2569.4,0,0,738650.257030167,0,0,0
161761.446399719,40,2355.8,2867.8,2570,0,0,738650.257030629,0,0,0
161761.486398785,40,2418.8,2900.4,2497.6,0,0,738650.257031092,0,0,0
161761.526397851,40,2514.8,2912.4,2413.2,0,0,738650.257031555,0,0,0
161761.566396918,40,2633.4,2876.4,2331.4,0,0,738650.257032018,0,0,0
161761.606395984,40,2752.4,2803.6,2268,0,0,738650.257032481,0,0,0
161761.646395051,40,2831.8,2725.4,2222.6,0,0,738650.257032944,0,0,0
161761.686394117,40,2896.6,2671,2191.8,0,0,738650.257033407,0,0,0
161761.726393183,40,2927.4,2659.4,2181.6,0,0,738650.25703387,0,0,0
161761.76639225,40,2926.2,2695,2201.4,0,0,738650.257034333,0,0,0
161761.806391316,40,2879.2,2769,2226.2,0,0,738650.257034796,0,0,0
161761.846390383,40,2793.4,2878.8,2279.4,0,0,738650.257035259,0,0,0
161761.886389449,40,2659.6,2969,2354.2,0,0,738650.257035722,0,0,0
161761.926388515,40,2531,3036,2459.2,0,0,738650.257036185,0,0,0
161761.966387582,40,2417.2,3012.4,2569.2,0,0,738650.257036648,0,0,0
161762.006386648,40,2375,2954.8,2602.8,0,0,738650.257037111,0,0,0
161762.046385714,40,2403.2,2938,2543.8,0,0,738650.257037574,0,0,0
161762.086384781,40,2463.6,2926.2,2468,0,0,738650.257038037,0,0,0
161762.126383847,40,2535.6,2852,2376.8,0,0,738650.2570385,0,0,0
161762.166382914,40,2621.8,2775.4,2303,0,0,738650.257038963,0,0,0
161762.20638198,40,2710.4,2719.4,2248,0,0,738650.257039426,0,0,0
161762.246381047,40,2785.6,2669,2212.8,0,0,738650.257039889,0,0,0
161762.286380113,40,2837.4,2645.4,2194.4,0,0,738650.257040352,0,0,0
161762.326379179,40,2867.2,2670.6,2201.4,0,0,738650.257040814,0,0,0
161762.366378246,40,2851,2744,2223.6,0,0,738650.257041277,0,0,0
161762.406377312,40,2778,2836,2268,0,0,738650.25704174,0,0,0
161762.446376379,40,2659.4,2926.4,2341.2,0,0,738650.257042203,0,0,0
161762.486375445,40,2524.6,2983,2441.8,0,0,738650.257042666,0,0,0
161762.526374511,40,2415.2,2975.2,2545.4,0,0,738650.257043129,0,0,0
161762.566373578,40,2388.6,2948.4,2563,0,0,738650.257043592,0,0,0
161762.606372644,40,2449,2956.4,2498.2,0,0,738650.257044055,0,0,0
161762.64637171,40,2525.2,2925.8,2418.4,0,0,738650.257044518,0,0,0
161762.686370777,40,2632.6,2858.2,2322.4,0,0,738650.257044981,0,0,0
161762.726369843,40,2729.4,2755.8,2255.4,0,0,738650.257045444,0,0,0
161762.76636891,40,2810,2663.2,2207.2,0,0,738650.257045907,0,0,0
161762.806367976,40,2839.4,2590.4,2180.2,0,0,738650.25704637,0,0,0
161762.846367043,40,2868,2575,2168,0,0,738650.257046833,0,0,0
161762.886366109,40,2892.6,2616.2,2178.4,0,0,738650.257047296,0,0,0
161762.926365175,40,2886,2699.6,2204.2,0,0,738650.257047759,0,0,0
161762.966364242,40,2825.2,2809.6,2251.2,0,0,738650.257048222,0,0,0
161763.006363308,40,2708,2933.4,2328.8,0,0,738650.257048685,0,0,0
161763.046362375,40,2563.8,3007,2427,0,0,738650.257049148,0,0,0
161763.086361441,40,2437.8,3012.8,2539.6,0,0,738650.25704961,0,0,0
161763.126360507,40,2373.4,2962.6,2589.6,0,0,738650.257050073,0,0,0
161763.166359574,40,2420.4,2973.4,2537.2,0,0,738650.257050536,0,0,0
161763.20635864,40,2482.4,2936.8,2456.6,0,0,738650.257050999,0,0,0
161763.246357707,40,2560.2,2846.2,2364,0,0,738650.257051462,0,0,0
161763.286356773,40,2633.4,2760,2292,0,0,738650.257051925,0,0,0
161763.326355839,40,2727.4,2696.2,2235.6,0,0,738650.257052388,0,0,0
161763.366354906,40,2811.6,2637.8,2201.8,0,0,738650.257052851,0,0,0
161763.406353972,40,2892.8,2616.8,2177.8,0,0,738650.257053314,0,0,0
161763.446353039,40,2964.6,2625,2169.8,0,0,738650.257053777,0,0,0
161763.486352105,40,2973.8,2666.8,2181.6,0,0,738650.25705424,0,0,0
161763.526351171,40,2948.4,2727.8,2202.4,0,0,738650.257054703,0,0,0
161763.566350238,40,2877.2,2808.8,2239,0,0,738650.257055166,0,0,0
161763.606349304,40,2767.6,2907.6,2295.6,0,0,738650.257055629,0,0,0
161763.646348371,40,2625.4,2985.4,2379,0,0,738650.257056092,0,0,0
161763.686347437,40,2474.2,2972.6,2482,0,0,738650.257056555,0,0,0
161763.726346503,40,2354.8,2896,2589.8,0,0,738650.257057018,0,0,0
161763.76634557,40,2281.6,2770.2,2643.6,0,0,738650.257057481,0,0,0
161763.806344636,40,2241.8,2719.8,2681,0,0,738650.257057944,0,0,0
161763.846343703,40,2253.2,2742.4,2682,0,0,738650.257058407,0,0,0
161763.886342769,40,2284.4,2813,2673.4,0,0,738650.25705887,0,0,0
161763.926341835,40,2330.4,2896,2637.4,0,0,738650.257059333,0,0,0
161763.966340902,40,2395,2969.8,2577.2,0,0,738650.257059795,0,0,0
161764.006339968,40,2482.6,3026.4,2501.8,0,0,738650.257060258,0,0,0
161764.046339035,40,2591.6,3027,2415,0,0,738650.257060721,0,0,0
161764.086338101,40,2722,2945.8,2322.6,0,0,738650.257061184,0,0,0
161764.126337167,40,2871.6,2818.2,2240,0,0,738650.257061647,0,0,0
161764.166336234,40,2974,2646.2,2175.4,0,0,738650.25706211,0,0,0
161764.2063353,40,2996,2492.2,2129.2,0,0,738650.257062573,0,0,0
161764.246334367,40,2931.6,2374.8,2102,0,0,738650.257063036,0,0,0
161764.286333433,40,2834.2,2295.4,2075.2,0,0,738650.257063499,0,0,0
161764.326332499,40,2727.2,2243,2063,0,0,738650.257063962,0,0,0
161764.366331566,40,2644.2,2208.8,2054.4,0,0,738650.257064425,0,0,0
161764.406330632,40,2647.8,2209,2053.2,0,0,738650.257064888,0,0,0
161764.446329699,40,2670.6,2221.2,2059,0,0,738650.257065351,0,0,0
161764.486328765,40,2729.4,2247.4,2064.6,0,0,738650.257065814,0,0,0
161764.526327831,40,2797.8,2292.8,2078.4,0,0,738650.257066277,0,0,0
161764.566326898,40,2871.6,2363.8,2097,0,0,738650.25706674,0,0,0
161764.606325964,40,2914,2478,2133.4,0,0,738650.257067203,0,0,0
161764.646325031,40,2851.2,2619.4,2187,0,0,738650.257067666,0,0,0
161764.686324097,40,2711.6,2765.2,2264.8,0,0,738650.257068129,0,0,0
161764.726323163,40,2554,2864.6,2373,0,0,738650.257068592,0,0,0
161764.76632223,40,2411.8,2883.4,2500.2,0,0,738650.257069055,0,0,0
161764.806321296,40,2313.4,2834.4,2626.6,0,0,738650.257069518,0,0,0
161764.846320363,40,2234.6,2761.4,2765.8,0,0,738650.25706998,0,0,0
161764.886319429,40,2185.4,2671.8,2855.2,0,0,738650.257070443,0,0,0
161764.926318495,40,2169.2,2625.6,2882.2,0,0,738650.257070906,0,0,0
161764.966317562,40,2178.4,2642.4,2861.8,0,0,738650.257071369,0,0,0
161765.006316628,40,2203.2,2694.4,2807.8,0,0,738650.257071832,0,0,0
161765.046315694,40,2240,2749.2,2723.4,0,0,738650.257072295,0,0,0
161765.086314761,40,2306.2,2796,2607,0,0,738650.257072758,0,0,0
161765.126313827,40,2408.6,2854.4,2485,0,0,738650.257073221,0,0,0
161765.166312894,40,2558.6,2864.6,2368,0,0,738650.257073684,0,0,0
161765.20631196,40,2725.2,2771.2,2260.2,0,0,738650.257074147,0,0,0
161765.246311027,40,2841.8,2628.6,2191.6,0,0,738650.25707461,0,0,0
161765.286310093,40,2883.4,2488.4,2140.4,0,0,738650.257075073,0,0,0
161765.326309159,40,2840.8,2382.6,2110.2,0,0,738650.257075536,0,0,0
161765.366308226,40,2769.2,2314.2,2088,0,0,738650.257075999,0,0,0
161765.406307292,40,2704.4,2267.4,2078,0,0,738650.257076462,0,0,0
161765.446306359,40,2665.6,2244.4,2068.8,0,0,738650.257076925,0,0,0
161765.486305425,40,2644.6,2237.6,2068.8,0,0,738650.257077388,0,0,0
161765.526304491,40,2675.2,2246.6,2068,0,0,738650.257077851,0,0,0
161765.566303558,40,2722.2,2277,2080.4,0,0,738650.257078314,0,0,0
161765.606302624,40,2775,2330.6,2095.8,0,0,738650.257078776,0,0,0
161765.646301691,40,2830.8,2405.8,2118.4,0,0,738650.257079239,0,0,0
161765.686300757,40,2849.6,2521,2160.4,0,0,738650.257079702,0,0,0
161765.726299823,40,2785.2,2667.2,2215.6,0,0,738650.257080165,0,0,0
161765.76629889,40,2650,2813.4,2306.2,0,0,738650.257080628,0,0,0
161765.806297956,40,2496.4,2899.8,2427.6,0,0,738650.257081091,0,0,0
161765.846297023,40,2358.6,2891.6,2580.8,0,0,738650.257081554,0,0,0
161765.886296089,40,2266,2813,2736,0,0,738650.257082017,0,0,0
161765.926295155,40,2197.2,2690,2823.6,0,0,738650.25708248,0,0,0
161765.966294222,40,2166,2603.2,2846.8,0,0,738650.257082943,0,0,0
161766.006293288,40,2158,2568.4,2842.2,0,0,738650.257083406,0,0,0
161766.046292354,40,2165.6,2599.4,2835.8,0,0,738650.257083869,0,0,0
161766.086291421,40,2191.6,2656.2,2804.6,0,0,738650.257084332,0,0,0
161766.126290487,40,2232.6,2745.6,2753.2,0,0,738650.257084795,0,0,0
161766.166289554,40,2298.2,2843.6,2665.2,0,0,738650.257085258,0,0,0
161766.20628862,40,2389.8,2907.4,2550.4,0,0,738650.257085721,0,0,0
161766.246287687,40,2513.8,2917.8,2421.2,0,0,738650.257086184,0,0,0
161766.286286753,40,2659.6,2849,2312.4,0,0,738650.257086647,0,0,0
161766.326285819,40,2779.2,2703,2226.6,0,0,738650.25708711,0,0,0
161766.366284886,40,2829.8,2549.8,2164.2,0,0,738650.257087573,0,0,0
161766.406283952,40,2836,2439.4,2128.6,0,0,738650.257088036,0,0,0
161766.446283019,40,2795.4,2353.4,2099.8,0,0,738650.257088499,0,0,0
161766.486282085,40,2749.2,2304.8,2084.2,0,0,738650.257088961,0,0,0
161766.526281151,40,2715.8,2266.8,2076.4,0,0,738650.257089424,0,0,0
161766.566280218,40,2691.8,2249.6,2066.2,0,0,738650.257089887,0,0,0
161766.606279284,40,2712,2255.2,2068.2,0,0,738650.25709035,0,0,0
161766.64627835,40,2772,2277.6,2072.8,0,0,738650.257090813,0,0,0
161766.686277417,40,2860,2329.6,2084.6,0,0,738650.257091276,0,0,0
161766.726276483,40,2939.2,2419.4,2111.8,0,0,738650.257091739,0,0,0
161766.76627555,40,2964.4,2554,2150,0,0,738650.257092202,0,0,0
161766.806274616,40,2893,2742.4,2220.8,0,0,738650.257092665,0,0,0
161766.846273683,40,2712.2,2904,2315.8,0,0,738650.257093128,0,0,0
161766.886272749,40,2532.8,2989.4,2439.2,0,0,738650.257093591,0,0,0
161766.926271815,40,2393.2,2981,2581.6,0,0,738650.257094054,0,0,0
161766.966270882,40,2301.8,2908.4,2717.2,0,0,738650.257094517,0,0,0
161767.006269948,40,2242.8,2828.2,2805,0,0,738650.25709498,0,0,0
161767.046269015,40,2225.8,2773.6,2831.2,0,0,738650.257095443,0,0,0
161767.086268081,40,2228.4,2777.4,2813.2,0,0,738650.257095906,0,0,0
161767.126267147,40,2252.2,2803.4,2773,0,0,738650.257096369,0,0,0
161767.166266214,40,2284.6,2850,2707,0,0,738650.257096832,0,0,0
161767.20626528,40,2332.2,2895.8,2623.2,0,0,738650.257097295,0,0,0
161767.246264346,40,2410.4,2929.2,2526.2,0,0,738650.257097758,0,0,0
161767.286263413,40,2520.8,2936.8,2426.2,0,0,738650.257098221,0,0,0
161767.326262479,40,2664,2891.2,2327.2,0,0,738650.257098684,0,0,0
161767.366261546,40,2809.6,2789.8,2244.2,0,0,738650.257099146,0,0,0
161767.406260612,40,2928,2654.6,2184.8,0,0,738650.257099609,0,0,0
161767.446259679,40,2983,2524.4,2140,0,0,738650.257100072,0,0,0
161767.486258745,40,2973.6,2420.4,2107.4,0,0,738650.257100535,0,0,0
161767.526257811,40,2913.6,2345.8,2090,0,0,738650.257100998,0,0,0
161767.566256878,40,2836.8,2291.4,2075.2,0,0,738650.257101461,0,0,0
161767.606255944,40,2763.2,2251.2,2066.6,0,0,738650.257101924,0,0,0
161767.646255011,40,2714.2,2230.2,2058.6,0,0,738650.257102387,0,0,0
161767.686254077,40,2683.6,2233.2,2060.4,0,0,738650.25710285,0,0,0
161767.726253143,40,2704,2253,2066.6,0,0,738650.257103313,0,0,0
161767.76625221,40,2747.8,2294,2080.2,0,0,738650.257103776,0,0,0
161767.806251276,40,2807.8,2364.4,2100.4,0,0,738650.257104239,0,0,0
161767.846250343,40,2853.8,2476.8,2145,0,0,738650.257104702,0,0,0
161767.886249409,40,2837.8,2644.4,2201.6,0,0,738650.257105165,0,0,0
161767.926248475,40,2695,2811.2,2293,0,0,738650.257105628,0,0,0
161767.966247542,40,2517.4,2917.4,2419.6,0,0,738650.257106091,0,0,0
161768.006246608,40,2366,2917.4,2581.8,0,0,738650.257106554,0,0,0
161768.046245674,40,2259.2,2835.2,2759.8,0,0,738650.257107017,0,0,0
161768.086244741,40,2192.6,2716.2,2904.6,0,0,738650.257107479,0,0,0
161768.126243807,40,2151.6,2621.6,2985,0,0,738650.257107942,0,0,0
161768.166242874,40,2138.6,2573.8,2997.4,0,0,738650.257108405,0,0,0
161768.20624194,40,2146.4,2586.6,2990.6,0,0,738650.257108868,0,0,0
161768.246241007,40,2160.4,2640.2,2993,0,0,738650.257109331,0,0,0
161768.286240073,40,2189.4,2713.6,2916.2,0,0,738650.257109794,0,0,0
161768.326239139,40,2238.8,2809.8,2833.8,0,0,738650.257110257,0,0,0
161768.366238206,40,2311,2914,2710.2,0,0,738650.25711072,0,0,0
161768.406237272,40,2401.6,2972,2571.6,0,0,738650.257111183,0,0,0
161768.446236339,40,2523.4,2962.2,2432.6,0,0,738650.257111646,0,0,0
161768.486235405,40,2664.4,2893.4,2326.8,0,0,738650.257112109,0,0,0
161768.526234471,40,2803.6,2778.6,2243,0,0,738650.257112572,0,0,0
161768.566233538,40,2908.6,2638.2,2183.4,0,0,738650.257113035,0,0,0
161768.606232604,40,2958.2,2509,2135.8,0,0,738650.257113498,0,0,0
161768.646231671,40,2943.6,2404.4,2105.2,0,0,738650.257113961,0,0,0
161768.686230737,40,2872.6,2325.2,2083,0,0,738650.257114424,0,0,0
161768.726229803,40,2777.4,2267.2,2069.8,0,0,738650.257114887,0,0,0
161768.76622887,40,2692,2225.2,2057.6,0,0,738650.25711535,0,0,0
161768.806227936,40,2634.2,2198.4,2052,0,0,738650.257115813,0,0,0
161768.846227003,40,2653.2,2205.8,2055.8,0,0,738650.257116276,0,0,0
161768.886226069,40,2685.2,2221.8,2058.6,0,0,738650.257116739,0,0,0
161768.926225135,40,2735.4,2246.2,2063.4,0,0,738650.257117202,0,0,0
161768.966224202,40,2797.2,2287.2,2076.6,0,0,738650.257117664,0,0,0
161769.006223268,40,2872,2350,2094.2,0,0,738650.257118127,0,0,0
161769.046222334,40,2917.8,2451.2,2126.2,0,0,738650.25711859,0,0,0
161769.086221401,40,2893.4,2586.2,2172,0,0,738650.257119053,0,0,0
161769.126220467,40,2784.6,2755.8,2247.6,0,0,738650.257119516,0,0,0
161769.166219534,40,2604.2,2911.8,2364,0,0,738650.257119979,0,0,0
161769.2062186,40,2418.6,2968.4,2540,0,0,738650.257120442,0,0,0
161769.246217667,40,2275.6,2872.4,2765.6,0,0,738650.257120905,0,0,0
161769.286216733,40,2175.2,2686.2,2948,0,0,738650.257121368,0,0,0
161769.326215799,40,2121,2504.6,3006.8,0,0,738650.257121831,0,0,0
161769.366214866,40,2089.2,2377,2936.6,0,0,738650.257122294,0,0,0
161769.406213932,40,2080.2,2329.4,2793.2,0,0,738650.257122757,0,0,0
161769.446212999,40,2083.6,2350.6,2827.2,0,0,738650.25712322,0,0,0
161769.486212065,40,2093.2,2391.4,2869.6,0,0,738650.257123683,0,0,0
161769.526211131,40,2105.8,2428.6,2852.8,0,0,738650.257124146,0,0,0
161769.566210198,40,2127,2483,2814.6,0,0,738650.257124609,0,0,0
161769.606209264,40,2161,2556.6,2778.8,0,0,738650.257125072,0,0,0
161769.64620833,40,2208.4,2660.6,2723.2,0,0,738650.257125535,0,0,0
161769.686207397,40,2280.4,2784.8,2638.4,0,0,738650.257125998,0,0,0
161769.726206463,40,2386,2875,2514.8,0,0,738650.257126461,0,0,0
161769.76620553,40,2530,2904.8,2398.4,0,0,738650.257126924,0,0,0
161769.806204596,40,2686,2847,2296,0,0,738650.257127387,0,0,0
161769.846203663,40,2845,2732,2217.4,0,0,738650.257127849,0,0,0
161769.886202729,40,2940.2,2588.8,2162.4,0,0,738650.257128312,0,0,0
161769.926201795,40,2956,2453.2,2123,0,0,738650.257128775,0,0,0
161769.966200862,40,2871,2343.4,2087.4,0,0,738650.257129238,0,0,0
161770.006199928,40,2769.8,2277.4,2072,0,0,738650.257129701,0,0,0
161770.046198995,40,2666.2,2227.4,2061.4,0,0,738650.257130164,0,0,0
161770.086198061,40,2590.8,2203,2054.4,0,0,738650.257130627,0,0,0
161770.126197127,40,2604.4,2207,2054.4,0,0,738650.25713109,0,0,0
161770.166196194,40,2642.6,2222.8,2058.4,0,0,738650.257131553,0,0,0
161770.20619526,40,2704.2,2252.6,2065.2,0,0,738650.257132016,0,0,0
161770.246194327,40,2791,2302.6,2079.2,0,0,738650.257132479,0,0,0
161770.286193393,40,2891.6,2386.2,2101.6,0,0,738650.257132942,0,0,0
161770.326192459,40,2952.6,2509.8,2137,0,0,738650.257133405,0,0,0
161770.366191526,40,2916.4,2703.8,2203.6,0,0,738650.257133868,0,0,0
161770.406190592,40,2745.2,2898,2300,0,0,738650.257134331,0,0,0
161770.446189659,40,2537.8,3027.2,2451.6,0,0,738650.257134794,0,0,0
161770.486188725,40,2361,2973.8,2637.4,0,0,738650.257135257,0,0,0
161770.526187791,40,2241.2,2819,2827.4,0,0,738650.25713572,0,0,0
161770.566186858,40,2163.8,2629,2934.4,0,0,738650.257136183,0,0,0
161770.606185924,40,2118.2,2477.4,2943.6,0,0,738650.257136645,0,0,0
161770.646184991,40,2088.8,2371.2,2882.2,0,0,738650.257137108,0,0,0
161770.686184057,40,2086.2,2320,2749.6,0,0,738650.257137571,0,0,0
161770.726183123,40,2086.8,2369.6,2894.2,0,0,738650.257138034,0,0,0
161770.76618219,40,2092.2,2404.4,2936.2,0,0,738650.257138497,0,0,0
161770.806181256,40,2104,2447,2964,0,0,738650.25713896,0,0,0
161770.846180323,40,2126.8,2513.8,2986,0,0,738650.257139423,0,0,0
161770.886179389,40,2158.4,2617.4,2957,0,0,738650.257139886,0,0,0
161770.926178455,40,2207.2,2752,2885.8,0,0,738650.257140349,0,0,0
161770.966177522,40,2288.6,2898.8,2760.8,0,0,738650.257140812,0,0,0
161771.006176588,40,2389,2987.4,2591.2,0,0,738650.257141275,0,0,0
161771.046175655,40,2522.2,2990.8,2444,0,0,738650.257141738,0,0,0
161771.086174721,40,2659.8,2908.2,2329.2,0,0,738650.257142201,0,0,0
161771.126173787,40,2766,2775.6,2253,0,0,738650.257142664,0,0,0
161771.166172854,40,2842.2,2646.2,2191.2,0,0,738650.257143127,0,0,0
161771.20617192,40,2877,2527.4,2153,0,0,738650.25714359,0,0,0
161771.246170987,40,2866.6,2441,2117.6,0,0,738650.257144053,0,0,0
161771.286170053,40,2819.8,2363,2095.8,0,0,738650.257144516,0,0,0
161771.326169119,40,2760.6,2295.6,2078,0,0,738650.257144979,0,0,0
161771.366168186,40,2690.4,2255.8,2067,0,0,738650.257145442,0,0,0
161771.406167252,40,2629,2218.2,2058.2,0,0,738650.257145905,0,0,0
161771.446166319,40,2583.4,2202.8,2053.8,0,0,738650.257146368,0,0,0
161771.486165385,40,2594.6,2206.8,2055.4,0,0,738650.25714683,0,0,0
161771.526164451,40,2619.6,2215.4,2058.6,0,0,738650.257147293,0,0,0
161771.566163518,40,2671.8,2242.8,2065.4,0,0,738650.257147756,0,0,0
161771.606162584,40,2740.2,2286.8,2077.2,0,0,738650.257148219,0,0,0
161771.646161651,40,2813.4,2349.4,2096.6,0,0,738650.257148682,0,0,0
161771.686160717,40,2868.4,2445.2,2124.6,0,0,738650.257149145,0,0,0
161771.726159783,40,2859.4,2583.4,2172.2,0,0,738650.257149608,0,0,0
161771.76615885,40,2772.8,2743,2242.2,0,0,738650.257150071,0,0,0
161771.806157916,40,2614.6,2896.8,2346.2,0,0,738650.257150534,0,0,0
161771.846156983,40,2448.8,2963.8,2500.6,0,0,738650.257150997,0,0,0
161771.886156049,40,2304.2,2894,2692.2,0,0,738650.25715146,0,0,0
161771.926155115,40,2205.4,2729,2860,0,0,738650.257151923,0,0,0
161771.966154182,40,2139.2,2555.6,2949.8,0,0,738650.257152386,0,0,0
161772.006153248,40,2093.6,2416,2935.2,0,0,738650.257152849,0,0,0
161772.046152314,40,2080.4,2325.6,2774,0,0,738650.257153312,0,0,0
161772.086151381,40,2083.8,2368,2894.2,0,0,738650.257153775,0,0,0
161772.126150447,40,2096.8,2400.4,2924.6,0,0,738650.257154238,0,0,0
161772.166149514,40,2105.4,2435.4,2931,0,0,738650.257154701,0,0,0
161772.20614858,40,2120.6,2492.4,2935.4,0,0,738650.257155164,0,0,0
161772.246147647,40,2147.6,2573.6,2927.2,0,0,738650.257155627,0,0,0
161772.286146713,40,2185.8,2682.2,2894.2,0,0,738650.25715609,0,0,0
161772.326145779,40,2241.2,2807.2,2809.2,0,0,738650.257156553,0,0,0
161772.366144846,40,2324,2924.6,2672,0,0,738650.257157015,0,0,0
161772.406143912,40,2449.2,2991,2518.2,0,0,738650.257157478,0,0,0
161772.446142979,40,2601.2,2965.8,2380.6,0,0,738650.257157941,0,0,0
161772.486142045,40,2761.8,2848.2,2276,0,0,738650.257158404,0,0,0
161772.526141111,40,2868.8,2693.8,2201,0,0,738650.257158867,0,0,0
161772.566140178,40,2902.2,2544.8,2151.8,0,0,738650.25715933,0,0,0
161772.606139244,40,2891.8,2429.2,2118.6,0,0,738650.257159793,0,0,0
161772.64613831,40,2832.4,2348.2,2090.2,0,0,738650.257160256,0,0,0
161772.686137377,40,2752.4,2285.8,2076.6,0,0,738650.257160719,0,0,0
161772.726136443,40,2669.8,2237.8,2062.2,0,0,738650.257161182,0,0,0
161772.76613551,40,2603.2,2206.2,2056.2,0,0,738650.257161645,0,0,0
161772.806134576,40,2581.2,2205.2,2052,0,0,738650.257162108,0,0,0
161772.846133643,40,2600.6,2209.4,2055.8,0,0,738650.257162571,0,0,0
161772.886132709,40,2635,2226,2060.8,0,0,738650.257163034,0,0,0
161772.926131775,40,2686.6,2249.6,2066.8,0,0,738650.257163497,0,0,0
161772.966130842,40,2748,2284.6,2076.4,0,0,738650.25716396,0,0,0
161773.006129908,40,2823.2,2345.8,2094,0,0,738650.257164423,0,0,0
161773.046128974,40,2886.8,2434,2118.6,0,0,738650.257164886,0,0,0
161773.086128041,40,2878.2,2568,2164,0,0,738650.257165349,0,0,0
161773.126127107,40,2788.2,2740,2236.8,0,0,738650.257165811,0,0,0
161773.166126174,40,2622.8,2897.8,2344.4,0,0,738650.257166274,0,0,0
161773.20612524,40,2437.4,2952,2508,0,0,738650.257166737,0,0,0
161773.246124307,40,2291,2867,2700,0,0,738650.2571672,0,0,0
161773.286123373,40,2193.2,2703.8,2861,0,0,738650.257167663,0,0,0
161773.326122439,40,2133.6,2536,2939.8,0,0,738650.257168126,0,0,0
161773.366121506,40,2098.4,2417.8,2921.6,0,0,738650.257168589,0,0,0
161773.406120572,40,2082.4,2333,2797,0,0,738650.257169052,0,0,0
161773.446119639,40,2082.2,2341,2774.2,0,0,738650.257169515,0,0,0
161773.486118705,40,2087.6,2370.8,2875,0,0,738650.257169978,0,0,0
161773.526117771,40,2095.6,2403.2,2873.8,0,0,738650.257170441,0,0,0
161773.566116838,40,2115.4,2454.8,2877.6,0,0,738650.257170904,0,0,0
161773.606115904,40,2138.6,2531.4,2870.4,0,0,738650.257171367,0,0,0
161773.64611497,40,2176.4,2633.6,2845,0,0,738650.25717183,0,0,0
161773.705113593,59,2267.6,2826,2729.6,0,0,738650.257172513,0,0,0
161773.74511266,40,2360.8,2928.4,2604.4,0,0,738650.257172976,0,0,0
161773.785111726,40,2485.8,2969.4,2470.8,0,0,738650.257173439,0,0,0
161773.825110793,40,2629.6,2922.2,2348.6,0,0,738650.257173902,0,0,0
161773.865109859,40,2781.6,2803.2,2255,0,0,738650.257174365,0,0,0
161773.905108925,40,2877.8,2645.8,2186.8,0,0,738650.257174828,0,0,0
161773.945107992,40,2892.8,2509.6,2138.2,0,0,738650.25717529,0,0,0
161773.985107058,40,2869.6,2406.8,2110.2,0,0,738650.257175753,0,0,0
161774.025106125,40,2808,2331.8,2087.8,0,0,738650.257176216,0,0,0
161774.065105191,40,2732.4,2275,2072.8,0,0,738650.257176679,0,0,0
161774.105104257,40,2653.6,2239.4,2063,0,0,738650.257177142,0,0,0
161774.145103324,40,2584.6,2210.8,2052.6,0,0,738650.257177605,0,0,0
161774.18510239,40,2568,2201.2,2053.6,0,0,738650.257178068,0,0,0
161774.225101457,40,2585.8,2213.4,2060.4,0,0,738650.257178531,0,0,0
161774.265100523,40,2598.4,2215.8,2057,0,0,738650.257178994,0,0,0
161774.305099589,40,2616.6,2221.8,2064.2,0,0,738650.257179457,0,0,0
161774.345098656,40,2646,2241.2,2065.4,0,0,738650.25717992,0,0,0
161774.385097722,40,2695.6,2263.6,2067,0,0,738650.257180383,0,0,0
161774.425096789,40,2752.2,2311.8,2083.6,0,0,738650.257180846,0,0,0
161774.465095855,40,2817.2,2377.8,2103.6,0,0,738650.257181309,0,0,0
161774.505094921,40,2859.2,2481,2142.4,0,0,738650.257181772,0,0,0
161774.545093988,40,2839.4,2648.6,2196.4,0,0,738650.257182235,0,0,0
161774.585093054,40,2718.4,2838,2286.4,0,0,738650.257182698,0,0,0
161774.625092121,40,2522.4,2965.6,2422.8,0,0,738650.257183161,0,0,0
161774.665091187,40,2362.6,2947,2613.8,0,0,738650.257183624,0,0,0
161774.705090253,40,2240.2,2798.8,2790.2,0,0,738650.257184087,0,0,0
161774.74508932,40,2165.8,2626.8,2908.8,0,0,738650.257184549,0,0,0
161774.785088386,40,2114,2475.4,2923.6,0,0,738650.257185012,0,0,0
161774.825087453,40,2085,2366.8,2853.4,0,0,738650.257185475,0,0,0
161774.865086519,40,2081.8,2310.2,2694.8,0,0,738650.257185938,0,0,0
161774.905085585,40,2087.8,2353,2806,0,0,738650.257186401,0,0,0
161774.945084652,40,2091,2369.4,2822,0,0,738650.257186864,0,0,0
161774.985083718,40,2098.2,2399.8,2838.2,0,0,738650.257187327,0,0,0
161775.025082785,40,2114.8,2461.6,2863,0,0,738650.25718779,0,0,0
161775.065081851,40,2138.4,2538.4,2886.8,0,0,738650.257188253,0,0,0
161775.105080917,40,2172.6,2629.8,2870.4,0,0,738650.257188716,0,0,0
161775.145079984,40,2217.4,2717.4,2804,0,0,738650.257189179,0,0,0
161775.18507905,40,2276.6,2823.8,2709.2,0,0,738650.257189642,0,0,0
161775.22707807,42,2368.2,2914,2580.6,0,0,738650.257190128,0,0,0
161775.267077136,40,2476,2936,2458.2,0,0,738650.257190591,0,0,0
161775.307076203,40,2605.6,2900,2347.8,0,0,738650.257191054,0,0,0
161775.347075269,40,2728.6,2788.4,2259.4,0,0,738650.257191517,0,0,0
161775.387074336,40,2817.2,2660.8,2198.4,0,0,738650.25719198,0,0,0
161775.427073402,40,2862.8,2538.4,2152.4,0,0,738650.257192443,0,0,0
161775.467072468,40,2848.6,2438.8,2123.4,0,0,738650.257192906,0,0,0
161775.507071535,40,2803.2,2356.2,2093.2,0,0,738650.257193369,0,0,0
161775.547070601,40,2748.8,2303.2,2081.2,0,0,738650.257193832,0,0,0
161775.587069668,40,2685,2258.2,2066.6,0,0,738650.257194295,0,0,0
161775.627068734,40,2620.4,2224.4,2060.4,0,0,738650.257194758,0,0,0
161775.6670678,40,2551.2,2199,2052.4,0,0,738650.257195221,0,0,0
161775.707066867,40,2577.2,2206.4,2055.6,0,0,738650.257195684,0,0,0
161775.747065933,40,2587.2,2217,2059.2,0,0,738650.257196146,0,0,0
161775.787065,40,2605.2,2224,2063.6,0,0,738650.257196609,0,0,0
161775.827064066,40,2635.2,2241.4,2063.8,0,0,738650.257197072,0,0,0
161775.867063132,40,2674.2,2259.4,2068.4,0,0,738650.257197535,0,0,0
161775.907062199,40,2739.4,2299.8,2079.4,0,0,738650.257197998,0,0,0
161775.947061265,40,2802.6,2362.6,2099.4,0,0,738650.257198461,0,0,0
161775.987060332,40,2855,2454.8,2130.8,0,0,738650.257198924,0,0,0
161776.027059398,40,2849.2,2593,2177,0,0,738650.257199387,0,0,0
161776.067058464,40,2757.8,2755.4,2249.8,0,0,738650.25719985,0,0,0
161776.107057531,40,2590.8,2892.6,2359.4,0,0,738650.257200313,0,0,0
161776.147056597,40,2417.8,2936.6,2516.6,0,0,738650.257200776,0,0,0
161776.187055664,40,2278.8,2836.2,2701.6,0,0,738650.257201239,0,0,0
161776.22705473,40,2182.2,2665,2847.6,0,0,738650.257201702,0,0,0
161776.267053796,40,2121.6,2495.2,2903,0,0,738650.257202165,0,0,0
161776.307052863,40,2093.6,2380,2862.8,0,0,738650.257202628,0,0,0
161776.347051929,40,2082.8,2319.2,2724.8,0,0,738650.257203091,0,0,0
161776.387050996,40,2085.6,2371.6,2887,0,0,738650.257203554,0,0,0
161776.427050062,40,2094,2388.6,2907.6,0,0,738650.257204017,0,0,0
161776.467049128,40,2099.6,2418,2914,0,0,738650.25720448,0,0,0
161776.507048195,40,2110.2,2460.4,2929,0,0,738650.257204943,0,0,0
161776.547047261,40,2125,2508.8,2929.8,0,0,738650.257205406,0,0,0
161776.587046328,40,2149.2,2586.8,2916.6,0,0,738650.257205868,0,0,0
161776.627045394,40,2188.8,2677.4,2874.2,0,0,738650.257206331,0,0,0
161776.66704446,40,2240.2,2795.6,2792,0,0,738650.257206794,0,0,0
161776.707043527,40,2318.4,2898.2,2668.4,0,0,738650.257207257,0,0,0
161776.747042593,40,2421.8,2952.8,2528.6,0,0,738650.25720772,0,0,0
161776.78704166,40,2548.4,2933.8,2398.2,0,0,738650.257208183,0,0,0
161776.827040726,40,2681,2839,2298.2,0,0,738650.257208646,0,0,0
161776.867039792,40,2786.8,2704.4,2222.2,0,0,738650.257209109,0,0,0
161776.907038859,40,2854,2577.2,2167.4,0,0,738650.257209572,0,0,0
161776.947037925,40,2865.6,2468.8,2131,0,0,738650.257210035,0,0,0
161776.987036992,40,2834.6,2379.4,2107.2,0,0,738650.257210498,0,0,0
161777.027036058,40,2766.2,2311,2084.4,0,0,738650.257210961,0,0,0
161777.067035124,40,2683.6,2258.2,2069,0,0,738650.257211424,0,0,0
161777.107034191,40,2598,2213.4,2055.6,0,0,738650.257211887,0,0,0
161777.147033257,40,2561.4,2197.6,2055.4,0,0,738650.25721235,0,0,0
161777.187032324,40,2575.6,2205.2,2050,0,0,738650.257212813,0,0,0
161777.22703139,40,2598,2220.4,2060.4,0,0,738650.257213276,0,0,0
161777.267030456,40,2619,2231.8,2062.4,0,0,738650.257213739,0,0,0
161777.307029523,40,2656,2247.2,2068,0,0,738650.257214202,0,0,0
161777.347028589,40,2712.2,2279.2,2076.2,0,0,738650.257214665,0,0,0
161777.387027656,40,2777,2325.4,2085.6,0,0,738650.257215127,0,0,0
161777.427026722,40,2834.8,2385,2105,0,0,738650.25721559,0,0,0
161777.467025788,40,2876.8,2475.6,2134.4,0,0,738650.257216053,0,0,0
161777.507024855,40,2856.6,2601.2,2178.6,0,0,738650.257216516,0,0,0
161777.547023921,40,2771,2744.8,2242.8,0,0,738650.257216979,0,0,0
161777.587022988,40,2624.4,2881.2,2337.6,0,0,738650.257217442,0,0,0
161777.627022054,40,2458,2941.6,2474.6,0,0,738650.257217905,0,0,0
161777.66702112,40,2319.4,2883.4,2653.2,0,0,738650.257218368,0,0,0
161777.707020187,40,2214.6,2738.4,2816.6,0,0,738650.257218831,0,0,0
161777.747019253,40,2149.4,2573.2,2919.2,0,0,738650.257219294,0,0,0
161777.78701832,40,2106.8,2440.2,2920.8,0,0,738650.257219757,0,0,0
161777.827017386,40,2085.4,2364.8,2872.4,0,0,738650.25722022,0,0,0
161777.867016452,40,2086.2,2364.6,2882.6,0,0,738650.257220683,0,0,0
161777.907015519,40,2090.2,2389,2901.4,0,0,738650.257221146,0,0,0
161777.947014585,40,2102,2427.6,2902.8,0,0,738650.257221609,0,0,0
161777.987013652,40,2123.4,2486.8,2909.4,0,0,738650.257222072,0,0,0
161778.027012718,40,2144,2561.2,2891.8,0,0,738650.257222535,0,0,0
161778.067011784,40,2182.6,2657.8,2862.6,0,0,738650.257222998,0,0,0
161778.107010851,40,2232.4,2771.4,2788.2,0,0,738650.257223461,0,0,0
161778.147009917,40,2305,2885.2,2681.4,0,0,738650.257223924,0,0,0
161778.187008984,40,2406,2964.6,2555.4,0,0,738650.257224387,0,0,0
161778.22700805,40,2517.4,2976,2442.2,0,0,738650.25722485,0,0,0
161778.267007116,40,2640.8,2919,2341,0,0,738650.257225312,0,0,0
161778.307006183,40,2770,2819.4,2262.8,0,0,738650.257225775,0,0,0
161778.347005249,40,2860.4,2687.8,2204,0,0,738650.257226238,0,0,0
161778.387004316,40,2905.4,2569,2159,0,0,738650.257226701,0,0,0
161778.427003382,40,2894.6,2459,2121.4,0,0,738650.257227164,0,0,0
161778.467002448,40,2842.4,2373,2097.6,0,0,738650.257227627,0,0,0
161778.507001515,40,2768.2,2304.2,2080.2,0,0,738650.25722809,0,0,0
161778.547000581,40,2695.4,2257.8,2071.2,0,0,738650.257228553,0,0,0
161778.586999648,40,2620.8,2224,2059.4,0,0,738650.257229016,0,0,0
161778.626998714,40,2558,2198.8,2054.2,0,0,738650.257229479,0,0,0
161778.66699778,40,2577.2,2203.8,2052.2,0,0,738650.257229942,0,0,0
161778.706996847,40,2590.4,2213.6,2055.6,0,0,738650.257230405,0,0,0
161778.746995913,40,2621.6,2233.6,2063.6,0,0,738650.257230868,0,0,0
161778.78699498,40,2665.6,2252.2,2069.4,0,0,738650.257231331,0,0,0
161778.826994046,40,2714,2281.8,2078.2,0,0,738650.257231794,0,0,0
161778.866993112,40,2770.4,2324.8,2089,0,0,738650.257232257,0,0,0
161778.906992179,40,2818.8,2385.6,2108.2,0,0,738650.25723272,0,0,0
161778.946991245,40,2849.4,2471.2,2137.8,0,0,738650.257233183,0,0,0
161778.986990312,40,2831,2581.4,2177.2,0,0,738650.257233646,0,0,0
161779.026989378,40,2750.8,2712.2,2232.8,0,0,738650.257234109,0,0,0
161779.066988444,40,2629,2834.6,2318,0,0,738650.257234572,0,0,0
161779.106987511,40,2505.4,2913.2,2422.4,0,0,738650.257235034,0,0,0
161779.146986577,40,2393.4,2925.8,2539.8,0,0,738650.257235497,0,0,0
161779.186985644,40,2314.2,2880.4,2655.6,0,0,738650.25723596,0,0,0
161779.22698471,40,2260.6,2825.8,2752.6,0,0,738650.257236423,0,0,0
161779.266983776,40,2227.2,2775.4,2808,0,0,738650.257236886,0,0,0
161779.306982843,40,2215.2,2760.6,2827,0,0,738650.257237349,0,0,0
161779.346981909,40,2223,2776.8,2813.4,0,0,738650.257237812,0,0,0
161779.386980976,40,2250.4,2814.6,2776.4,0,0,738650.257238275,0,0,0
161779.426980042,40,2280.8,2858,2717.2,0,0,738650.257238738,0,0,0
161779.466979108,40,2320.4,2893.2,2648.8,0,0,738650.257239201,0,0,0
161779.506978175,40,2366.8,2902.6,2569.4,0,0,738650.257239664,0,0,0
161779.546977241,40,2412.2,2889.8,2491.8,0,0,738650.257240127,0,0,0
161779.586976308,40,2451,2848.4,2432,0,0,738650.25724059,0,0,0
161779.626975374,40,2482.6,2794.8,2374.8,0,0,738650.257241053,0,0,0
161779.66697444,40,2512.2,2767,2346.2,0,0,738650.257241516,0,0,0
161779.706973507,40,2535.2,2741.8,2317.6,0,0,738650.257241979,0,0,0
161779.746972573,40,2556.2,2716.8,2298.8,0,0,738650.257242442,0,0,0
161779.78697164,40,2586,2711,2280.4,0,0,738650.257242905,0,0,0
161779.826970706,40,2599.4,2711,2278.6,0,0,738650.257243368,0,0,0
161779.866969772,40,2610.2,2711.4,2275,0,0,738650.25724383,0,0,0
161779.906968839,40,2628.8,2714.2,2264.8,0,0,738650.257244293,0,0,0
161779.946967905,40,2661.8,2724.2,2257.4,0,0,738650.257244756,0,0,0
161779.986966972,40,2710,2724,2244,0,0,738650.257245219,0,0,0
161780.026966038,40,2762,2700.2,2227,0,0,738650.257245682,0,0,0
161780.066965104,40,2808.8,2664,2202.2,0,0,738650.257246145,0,0,0
161780.106964171,40,2856.4,2620,2181.8,0,0,738650.257246608,0,0,0
161780.146963237,40,2893.8,2572.8,2162.6,0,0,738650.257247071,0,0,0
161780.186962304,40,2915,2522.8,2140.6,0,0,738650.257247534,0,0,0
161780.22696137,40,2932.8,2492.2,2131.4,0,0,738650.257247997,0,0,0
161780.266960436,40,2934,2470.8,2124.2,0,0,738650.25724846,0,0,0
161780.306959503,40,2939.8,2470.4,2126.2,0,0,738650.257248923,0,0,0
161780.346958569,40,2941.2,2497.6,2132.8,0,0,738650.257249386,0,0,0
161780.386957636,40,2932.6,2544.2,2151,0,0,738650.257249849,0,0,0
161780.426956702,40,2904.8,2616.8,2175.2,0,0,738650.257250312,0,0,0
161780.466955768,40,2828.8,2702.4,2215.2,0,0,738650.257250775,0,0,0
161780.506954835,40,2724.8,2814.2,2275.4,0,0,738650.257251238,0,0,0
161780.546953901,40,2596.6,2905.2,2358.2,0,0,738650.257251701,0,0,0
161780.586952968,40,2473.2,2940,2463.2,0,0,738650.257252164,0,0,0
161780.626952034,40,2409.2,2937.8,2530.2,0,0,738650.257252627,0,0,0
161780.6669511,40,2448,2959,2491.8,0,0,738650.25725309,0,0,0
161780.706950167,40,2562.2,2963.8,2402,0,0,738650.257253553,0,0,0
161780.746949233,40,2708.2,2894.2,2304.8,0,0,738650.257254015,0,0,0
161780.7869483,40,2850.2,2780,2228,0,0,738650.257254478,0,0,0
161780.826947366,40,2931.8,2646.2,2178.2,0,0,738650.257254941,0,0,0
161780.866946432,40,2962,2547.4,2146,0,0,738650.257255404,0,0,0
161780.906945499,40,2936.4,2472.4,2124.6,0,0,738650.257255867,0,0,0
161780.946944565,40,2924,2457.6,2122,0,0,738650.25725633,0,0,0
161780.986943632,40,2919.4,2485.8,2131.2,0,0,738650.257256793,0,0,0
161781.026942698,40,2904,2537.6,2145.2,0,0,738650.257257256,0,0,0
161781.066941764,40,2867.2,2611.2,2175.2,0,0,738650.257257719,0,0,0
161781.106940831,40,2801.6,2703.6,2219,0,0,738650.257258182,0,0,0
161781.146939897,40,2708.8,2804.2,2278.2,0,0,738650.257258645,0,0,0
161781.186938964,40,2583.2,2882.4,2355.4,0,0,738650.257259108,0,0,0
161781.22693803,40,2468.2,2912.8,2445.6,0,0,738650.257259571,0,0,0
161781.266937096,40,2392.2,2902.8,2525.8,0,0,738650.257260034,0,0,0
161781.306936163,40,2414.6,2923.8,2511.8,0,0,738650.257260497,0,0,0
161781.346935229,40,2513,2952,2435.8,0,0,738650.25726096,0,0,0
161781.386934296,40,2646.2,2904.8,2336.8,0,0,738650.257261423,0,0,0
161781.426933362,40,2785.8,2799.8,2253.4,0,0,738650.257261886,0,0,0
161781.466932428,40,2882.8,2668,2191.2,0,0,738650.257262349,0,0,0
161781.506931495,40,2956.2,2574.6,2154.6,0,0,738650.257262812,0,0,0
161781.546930561,40,2962.4,2492.8,2131.8,0,0,738650.257263275,0,0,0
161781.586929628,40,2943,2454.4,2122.4,0,0,738650.257263737,0,0,0
161781.626928694,40,2925.8,2451.6,2119.2,0,0,738650.2572642,0,0,0
161781.66692776,40,2929,2471.6,2125.8,0,0,738650.257264663,0,0,0
161781.706926827,40,2908.2,2513.4,2140.8,0,0,738650.257265126,0,0,0
161781.746925893,40,2885.6,2566.4,2161.4,0,0,738650.257265589,0,0,0
161781.78692496,40,2838.6,2634,2191.2,0,0,738650.257266052,0,0,0
161781.826924026,40,2767.4,2725.8,2234.6,0,0,738650.257266515,0,0,0
161781.866923092,40,2656,2796,2292.2,0,0,738650.257266978,0,0,0
161781.906922159,40,2548.4,2841.2,2358,0,0,738650.257267441,0,0,0
161781.946921225,40,2477,2861.2,2416.2,0,0,738650.257267904,0,0,0
161781.986920292,40,2482.2,2888,2424.4,0,0,738650.257268367,0,0,0
161782.026919358,40,2538.8,2904,2388.6,0,0,738650.25726883,0,0,0
161782.066918424,40,2637.6,2901.8,2336.4,0,0,738650.257269293,0,0,0
161782.106917491,40,2749.6,2836,2272.6,0,0,738650.257269756,0,0,0
161782.146916557,40,2870.8,2749.6,2220,0,0,738650.257270219,0,0,0
161782.186915624,40,2926.8,2650.6,2181.6,0,0,738650.257270682,0,0,0
161782.22691469,40,2959.6,2565.2,2154,0,0,738650.257271145,0,0,0
161782.266913756,40,2953.8,2513.4,2134.8,0,0,738650.257271608,0,0,0
161782.306912823,40,2937.4,2502.6,2135.6,0,0,738650.257272071,0,0,0
161782.346911889,40,2925.8,2531.4,2144.2,0,0,738650.257272534,0,0,0
161782.386910956,40,2907.4,2573.8,2160.6,0,0,738650.257272996,0,0,0
161782.426910022,40,2876.4,2626.8,2176.8,0,0,738650.257273459,0,0,0
161782.466909088,40,2824.4,2699.6,2214.4,0,0,738650.257273922,0,0,0
161782.506908155,40,2771.8,2783,2255,0,0,738650.257274385,0,0,0
161782.546907221,40,2682,2851.8,2304,0,0,738650.257274848,0,0,0
161782.586906288,40,2585.4,2898.6,2366.8,0,0,738650.257275311,0,0,0
161782.626905354,40,2505.6,2912.4,2421,0,0,738650.257275774,0,0,0
161782.66690442,40,2466.8,2909,2450.8,0,0,738650.257276237,0,0,0
161782.706903487,40,2491.2,2899.2,2421.2,0,0,738650.2572767,0,0,0
161782.746902553,40,2569.6,2866.2,2358,0,0,738650.257277163,0,0,0
161782.78690162,40,2664.4,2786.4,2284.4,0,0,738650.257277626,0,0,0
161782.826900686,40,2750.8,2663.4,2216.6,0,0,738650.257278089,0,0,0
161782.866899752,40,2797.6,2536.6,2163.6,0,0,738650.257278552,0,0,0
161782.906898819,40,2781.6,2437.2,2129.8,0,0,738650.257279015,0,0,0
161782.946897885,40,2757.6,2376,2107.8,0,0,738650.257279478,0,0,0
161782.986896952,40,2733,2341,2097,0,0,738650.257279941,0,0,0
161783.026896018,40,2724.4,2338.2,2099.2,0,0,738650.257280404,0,0,0
161783.066895084,40,2748.6,2357.8,2104.8,0,0,738650.257280867,0,0,0
161783.106894151,40,2784.8,2388.6,2113.4,0,0,738650.25728133,0,0,0
161783.146893217,40,2816,2433.2,2123.2,0,0,738650.257281793,0,0,0
161783.186892284,40,2850.4,2499.4,2148.2,0,0,738650.257282256,0,0,0
161783.22689135,40,2845.4,2589.2,2175,0,0,738650.257282719,0,0,0
161783.266890416,40,2796.4,2686,2214,0,0,738650.257283181,0,0,0
161783.306889483,40,2707.8,2795,2274.8,0,0,738650.257283644,0,0,0
161783.346888549,40,2597,2871.8,2347.4,0,0,738650.257284107,0,0,0
161783.386887616,40,2522,2921.6,2413.4,0,0,738650.25728457,0,0,0
161783.426886682,40,2533.8,2889,2389.4,0,0,738650.257285033,0,0,0
161783.466885748,40,2605.2,2833.8,2326.6,0,0,738650.257285496,0,0,0
161783.506884815,40,2680.2,2755.4,2269.6,0,0,738650.257285959,0,0,0
161783.546883881,40,2760.6,2650.2,2212.2,0,0,738650.257286422,0,0,0
161783.586882948,40,2814.2,2549.8,2167.2,0,0,738650.257286885,0,0,0
161783.626882014,40,2839,2469.6,2136,0,0,738650.257287348,0,0,0
161783.66688108,40,2844.6,2414.8,2113.8,0,0,738650.257287811,0,0,0
161783.706880147,40,2841.4,2378,2103.4,0,0,738650.257288274,0,0,0
161783.746879213,40,2840.2,2374.2,2097.6,0,0,738650.257288737,0,0,0
161783.78687828,40,2858.8,2393.2,2104.4,0,0,738650.2572892,0,0,0
161783.826877346,40,2872.2,2427.6,2116.2,0,0,738650.257289663,0,0,0
161783.866876412,40,2880.6,2478.2,2133.8,0,0,738650.257290126,0,0,0
161783.906875479,40,2873.2,2558.4,2163.6,0,0,738650.257290589,0,0,0
161783.946874545,40,2822.6,2664.4,2206,0,0,738650.257291052,0,0,0
161783.986873612,40,2715.4,2766.6,2263.4,0,0,738650.257291515,0,0,0
161784.026872678,40,2585.2,2866,2350.4,0,0,738650.257291978,0,0,0
161784.066871744,40,2471,2906.8,2446,0,0,738650.257292441,0,0,0
161784.106870811,40,2459.2,2901.6,2452.4,0,0,738650.257292903,0,0,0
161784.146869877,40,2539.8,2868.4,2373.4,0,0,738650.257293366,0,0,0
161784.186868944,40,2644.8,2781.8,2291.8,0,0,738650.257293829,0,0,0
161784.22686801,40,2742.2,2672.2,2221,0,0,738650.257294292,0,0,0
161784.266867076,40,2813,2559.2,2170.4,0,0,738650.257294755,0,0,0
161784.306866143,40,2834.4,2465.4,2135.2,0,0,738650.257295218,0,0,0
161784.346865209,40,2831.8,2398,2110.4,0,0,738650.257295681,0,0,0
161784.386864276,40,2809.6,2351.2,2094.6,0,0,738650.257296144,0,0,0
161784.426863342,40,2778.2,2321.8,2088,0,0,738650.257296607,0,0,0
161784.466862408,40,2772.4,2316.8,2086.6,0,0,738650.25729707,0,0,0
161784.506861475,40,2780,2329.8,2090,0,0,738650.257297533,0,0,0
161784.546860541,40,2797,2356.2,2097,0,0,738650.257297996,0,0,0
161784.586859608,40,2814.8,2390.6,2114.4,0,0,738650.257298459,0,0,0
161784.626858674,40,2825.2,2448.6,2130.6,0,0,738650.257298922,0,0,0
161784.66685774,40,2822.2,2528.6,2159,0,0,738650.257299385,0,0,0
161784.706856807,40,2775.8,2637.8,2205.6,0,0,738650.257299848,0,0,0
161784.746855873,40,2677.2,2748.6,2269,0,0,738650.257300311,0,0,0
161784.78685494,40,2570.2,2819.6,2340,0,0,738650.257300774,0,0,0
161784.826854006,40,2563.4,2781.6,2323.2,0,0,738650.257301237,0,0,0
161784.866853072,40,2644,2706.8,2263.2,0,0,738650.2573017,0,0,0
161784.906852139,40,2726.2,2627.4,2210.6,0,0,738650.257302162,0,0,0
161784.946851205,40,2771.6,2521.2,2161.4,0,0,738650.257302625,0,0,0
161784.986850272,40,2791.4,2442.4,2132,0,0,738650.257303088,0,0,0
161785.026849338,40,2784.6,2385.8,2112.2,0,0,738650.257303551,0,0,0
161785.066848404,40,2775.4,2347.6,2101.8,0,0,738650.257304014,0,0,0
161785.106847471,40,2777.4,2338.4,2090.4,0,0,738650.257304477,0,0,0
161785.146846537,40,2779.4,2341.2,2094,0,0,738650.25730494,0,0,0
161785.186845604,40,2791.4,2369,2104.2,0,0,738650.257305403,0,0,0
161785.22684467,40,2804.2,2397,2113.6,0,0,738650.257305866,0,0,0
161785.266843736,40,2817.4,2444.8,2128,0,0,738650.257306329,0,0,0
161785.306842803,40,2817.4,2510.6,2152.8,0,0,738650.257306792,0,0,0
161785.346841869,40,2805.4,2600.8,2184.6,0,0,738650.257307255,0,0,0
161785.386840936,40,2750,2694.4,2228.4,0,0,738650.257307718,0,0,0
161785.426840002,40,2668.8,2801.2,2293,0,0,738650.257308181,0,0,0
161785.466839068,40,2561.6,2888.6,2372,0,0,738650.257308644,0,0,0
161785.506838135,40,2499.4,2940.8,2446.4,0,0,738650.257309107,0,0,0
161785.546837201,40,2537,2937.2,2415.8,0,0,738650.25730957,0,0,0
161785.586836268,40,2644.6,2870.8,2329,0,0,738650.257310033,0,0,0
161785.626835334,40,2769.8,2745.8,2240,0,0,738650.257310496,0,0,0
161785.6668344,40,2842.8,2595.2,2176,0,0,738650.257310959,0,0,0
161785.706833467,40,2858.8,2474.4,2133.4,0,0,738650.257311422,0,0,0
161785.746832533,40,2831.8,2391.4,2112.8,0,0,738650.257311885,0,0,0
161785.7868316,40,2796.2,2342,2091.8,0,0,738650.257312347,0,0,0
161785.826830666,40,2771.8,2320.2,2086.4,0,0,738650.25731281,0,0,0
161785.866829732,40,2777.6,2325.4,2090.2,0,0,738650.257313273,0,0,0
161785.906828799,40,2793.8,2346.8,2093,0,0,738650.257313736,0,0,0
161785.946827865,40,2818.4,2373.8,2104.8,0,0,738650.257314199,0,0,0
161785.986826932,40,2834,2410.8,2117.6,0,0,738650.257314662,0,0,0
161786.026825998,40,2849.4,2456.6,2131,0,0,738650.257315125,0,0,0
161786.066825064,40,2853.2,2527.4,2155,0,0,738650.257315588,0,0,0
161786.106824131,40,2820,2621.2,2192,0,0,738650.257316051,0,0,0
161786.146823197,40,2744.6,2729.4,2240,0,0,738650.257316514,0,0,0
161786.186822264,40,2633.8,2825.6,2315,0,0,738650.257316977,0,0,0
161786.22682133,40,2532,2895.8,2394.6,0,0,738650.25731744,0,0,0
161786.266820396,40,2508.8,2908.4,2415.8,0,0,738650.257317903,0,0,0
161786.306819463,40,2585.2,2880.6,2356.4,0,0,738650.257318366,0,0,0
161786.346818529,40,2687.4,2808,2285.4,0,0,738650.257318829,0,0,0
161786.386817596,40,2785.6,2698.8,2219.8,0,0,738650.257319292,0,0,0
161786.426816662,40,2861,2603.8,2173.4,0,0,738650.257319755,0,0,0
161786.466815728,40,2895,2512.2,2142.6,0,0,738650.257320218,0,0,0
161786.506814795,40,2885.2,2451.4,2125.4,0,0,738650.257320681,0,0,0
161786.546813861,40,2875.4,2407.2,2110.2,0,0,738650.257321144,0,0,0
161786.586812928,40,2868.2,2392.4,2104,0,0,738650.257321607,0,0,0
161786.626811994,40,2877.2,2396.2,2105.8,0,0,738650.257322069,0,0,0
161786.66681106,40,2888.6,2417.2,2108.4,0,0,738650.257322532,0,0,0
161786.706810127,40,2896.6,2445.2,2123.2,0,0,738650.257322995,0,0,0
161786.746809193,40,2899,2481.2,2130.8,0,0,738650.257323458,0,0,0
161786.78680826,40,2900.2,2526.8,2145.6,0,0,738650.257323921,0,0,0
161786.826807326,40,2893.8,2594,2164.4,0,0,738650.257324384,0,0,0
161786.866806392,40,2839.2,2671.8,2200,0,0,738650.257324847,0,0,0
161786.906805459,40,2782.8,2765.6,2250.6,0,0,738650.25732531,0,0,0
161786.946804525,40,2674.2,2854.6,2308.4,0,0,738650.257325773,0,0,0
161786.986803592,40,2565.6,2915.6,2382.2,0,0,738650.257326236,0,0,0
161787.026802658,40,2498.2,2932.2,2444.2,0,0,738650.257326699,0,0,0
161787.066801724,40,2544.8,2915.4,2393.8,0,0,738650.257327162,0,0,0
161787.106800791,40,2656.8,2863.4,2317.8,0,0,738650.257327625,0,0,0
161787.146799857,40,2762.6,2754.6,2245.6,0,0,738650.257328088,0,0,0
161787.186798924,40,2848.4,2646.8,2190.4,0,0,738650.257328551,0,0,0
161787.22679799,40,2894,2550.4,2157.2,0,0,738650.257329014,0,0,0
161787.266797056,40,2897.4,2476.2,2134.8,0,0,738650.257329477,0,0,0
161787.306796123,40,2888.6,2432.6,2117.6,0,0,738650.25732994,0,0,0
161787.346795189,40,2889.4,2403.4,2111,0,0,738650.257330403,0,0,0
161787.386794256,40,2883,2402,2108.6,0,0,738650.257330865,0,0,0
161787.426793322,40,2891.8,2419,2114.8,0,0,738650.257331328,0,0,0
161787.466792388,40,2898.8,2443.4,2119.2,0,0,738650.257331791,0,0,0
161787.506791455,40,2904.8,2478.6,2130.2,0,0,738650.257332254,0,0,0
161787.546790521,40,2897.4,2523.4,2147.4,0,0,738650.257332717,0,0,0
161787.586789588,40,2880,2585.8,2170.2,0,0,738650.25733318,0,0,0
161787.626788654,40,2837,2655.2,2199.8,0,0,738650.257333643,0,0,0
161787.66678772,40,2761.4,2738.6,2240,0,0,738650.257334106,0,0,0
161787.706786787,40,2654.8,2812.6,2302.2,0,0,738650.257334569,0,0,0
161787.746785853,40,2535.2,2858.4,2368.4,0,0,738650.257335032,0,0,0
161787.78678492,40,2454.2,2853,2435,0,0,738650.257335495,0,0,0
161787.826783986,40,2469.2,2843.8,2417.4,0,0,738650.257335958,0,0,0
161787.866783052,40,2557.4,2826,2351,0,0,738650.257336421,0,0,0
161787.906782119,40,2655,2769,2278.8,0,0,738650.257336884,0,0,0
161787.946781185,40,2756.8,2691.8,2226.4,0,0,738650.257337347,0,0,0
161787.986780252,40,2831.8,2613.8,2181,0,0,738650.25733781,0,0,0
161788.026779318,40,2873.8,2548.4,2152.4,0,0,738650.257338273,0,0,0
161788.066778384,40,2888.6,2498.2,2135,0,0,738650.257338736,0,0,0
161788.106777451,40,2895.4,2481,2130.8,0,0,738650.257339199,0,0,0
161788.146776517,40,2903.8,2488.2,2132.2,0,0,738650.257339662,0,0,0
161788.186775584,40,2906,2520,2139.8,0,0,738650.257340125,0,0,0
161788.22677465,40,2893.4,2553.8,2152.6,0,0,738650.257340588,0,0,0
161788.266773716,40,2871.6,2587,2170,0,0,738650.25734105,0,0,0
161788.306772783,40,2840.8,2634.2,2191,0,0,738650.257341513,0,0,0
161788.346771849,40,2793.2,2691,2219.2,0,0,738650.257341976,0,0,0
161788.386770916,40,2719.8,2753.6,2255.8,0,0,738650.257342439,0,0,0
161788.426769982,40,2635.8,2820,2309,0,0,738650.257342902,0,0,0
161788.466769048,40,2543.6,2860.8,2369.6,0,0,738650.257343365,0,0,0
161788.506768115,40,2469,2873.6,2435.4,0,0,738650.257343828,0,0,0
161788.546767181,40,2458.2,2889.2,2448.2,0,0,738650.257344291,0,0,0
161788.586766248,40,2526,2889.4,2394,0,0,738650.257344754,0,0,0
161788.626765314,40,2635.6,2842,2316.6,0,0,738650.257345217,0,0,0
161788.66676438,40,2745.8,2744.6,2247.4,0,0,738650.25734568,0,0,0
161788.706763447,40,2840.6,2642.8,2195,0,0,738650.257346143,0,0,0
161788.746762513,40,2879.4,2545.6,2155.6,0,0,738650.257346606,0,0,0
161788.78676158,40,2891,2478.2,2127.6,0,0,738650.257347069,0,0,0
161788.826760646,40,2882.6,2427.4,2115,0,0,738650.257347532,0,0,0
161788.866759712,40,2878.4,2403,2108.8,0,0,738650.257347995,0,0,0
161788.906758779,40,2872.4,2397.4,2108.2,0,0,738650.257348458,0,0,0
161788.946757845,40,2883.8,2418.6,2112.6,0,0,738650.257348921,0,0,0
161788.986756912,40,2890.8,2442,2122.4,0,0,738650.257349384,0,0,0
161789.026755978,40,2888,2473,2130.8,0,0,738650.257349847,0,0,0
161789.066755044,40,2881.4,2519.2,2149.2,0,0,738650.25735031,0,0,0
161789.106754111,40,2862.6,2583.8,2170.2,0,0,738650.257350773,0,0,0
161789.146753177,40,2806.2,2665.6,2206.6,0,0,738650.257351235,0,0,0
161789.186752244,40,2712.6,2757.2,2261.2,0,0,738650.257351698,0,0,0
161789.22675131,40,2599.2,2852.4,2338.2,0,0,738650.257352161,0,0,0
161789.266750376,40,2493,2891.4,2421.8,0,0,738650.257352624,0,0,0
161789.306749443,40,2490.8,2893.6,2425.2,0,0,738650.257353087,0,0,0
161789.346748509,40,2608.2,2874.6,2344.2,0,0,738650.25735355,0,0,0
161789.386747576,40,2753.8,2780,2259.2,0,0,738650.257354013,0,0,0
161789.426746642,40,2866.4,2656,2189.2,0,0,738650.257354476,0,0,0
161789.466745708,40,2920.4,2535.8,2147.8,0,0,738650.257354939,0,0,0
161789.506744775,40,2924,2450,2119,0,0,738650.257355402,0,0,0
161789.546743841,40,2909.2,2393.2,2104.6,0,0,738650.257355865,0,0,0
161789.586742908,40,2897,2364.2,2093,0,0,738650.257356328,0,0,0
161789.626741974,40,2894.4,2359.8,2091.8,0,0,738650.257356791,0,0,0
161789.66674104,40,2917.6,2386.4,2098.8,0,0,738650.257357254,0,0,0
161789.706740107,40,2933.8,2418.4,2107.8,0,0,738650.257357717,0,0,0
161789.746739173,40,2938,2463,2123,0,0,738650.25735818,0,0,0
161789.78673824,40,2928,2525.2,2141.6,0,0,738650.257358643,0,0,0
161789.826737306,40,2899.2,2602.4,2171,0,0,738650.257359106,0,0,0
161789.866736372,40,2840.6,2697.6,2212.6,0,0,738650.257359569,0,0,0
161789.906735439,40,2748.8,2789,2264,0,0,738650.257360031,0,0,0
161789.946734505,40,2654.8,2872.2,2324.8,0,0,738650.257360494,0,0,0
161789.986733572,40,2576,2921.8,2378.8,0,0,738650.257360957,0,0,0
161790.026732638,40,2606,2916,2363.4,0,0,738650.25736142,0,0,0
161790.066731704,40,2689.4,2845.2,2299.2,0,0,738650.257361883,0,0,0
161790.106730771,40,2782.4,2743.6,2234.8,0,0,738650.257362346,0,0,0
161790.146729837,40,2860.2,2636,2188,0,0,738650.257362809,0,0,0
161790.186728904,40,2898,2551,2154,0,0,738650.257363272,0,0,0
161790.22672797,40,2898.4,2481,2132.8,0,0,738650.257363735,0,0,0
161790.266727036,40,2893.6,2445.6,2123.4,0,0,738650.257364198,0,0,0
161790.306726103,40,2892,2425.8,2115.6,0,0,738650.257364661,0,0,0
161790.346725169,40,2887,2431.8,2117.2,0,0,738650.257365124,0,0,0
161790.386724236,40,2888.6,2454.4,2122.4,0,0,738650.257365587,0,0,0
161790.426723302,40,2873,2480.4,2134.8,0,0,738650.25736605,0,0,0
161790.466722368,40,2849.2,2522.4,2150.8,0,0,738650.257366513,0,0,0
161790.506721435,40,2819.4,2578.6,2178,0,0,738650.257366976,0,0,0
161790.546720501,40,2764.4,2642.8,2203.8,0,0,738650.257367439,0,0,0
161790.586719568,40,2685.4,2689.6,2248,0,0,738650.257367902,0,0,0
161790.626718634,40,2604.2,2756.2,2302.4,0,0,738650.257368365,0,0,0
161790.6667177,40,2525,2806.8,2360.6,0,0,738650.257368828,0,0,0
161790.706716767,40,2460,2849.6,2424.6,0,0,738650.257369291,0,0,0
161790.746715833,40,2475.6,2902,2444.4,0,0,738650.257369754,0,0,0
161790.7867149,40,2574.2,2918.6,2381,0,0,738650.257370216,0,0,0
161790.826713966,40,2707.2,2866,2299.4,0,0,738650.257370679,0,0,0
161790.866713032,40,2838,2753.8,2230.8,0,0,738650.257371142,0,0,0
161790.906712099,40,2923.4,2631.2,2178.6,0,0,738650.257371605,0,0,0
161790.946711165,40,2954.2,2527.6,2147.8,0,0,738650.257372068,0,0,0
161790.986710232,40,2952.4,2457.8,2121.2,0,0,738650.257372531,0,0,0
161791.026709298,40,2940.4,2412.8,2107.2,0,0,738650.257372994,0,0,0
161791.066708364,40,2931.2,2395,2099.8,0,0,738650.257373457,0,0,0
161791.106707431,40,2921.4,2401.4,2105.4,0,0,738650.25737392,0,0,0
161791.146706497,40,2936.2,2427.8,2113.8,0,0,738650.257374383,0,0,0
161791.186705564,40,2936.8,2465.6,2125,0,0,738650.257374846,0,0,0
161791.22670463,40,2928,2520.4,2142.8,0,0,738650.257375309,0,0,0
161791.266703696,40,2916.4,2591.6,2169.8,0,0,738650.257375772,0,0,0
161791.306702763,40,2861.2,2681.4,2203.6,0,0,738650.257376235,0,0,0
161791.346701829,40,2762,2787.4,2257.4,0,0,738650.257376698,0,0,0
161791.386700896,40,2634.8,2869.2,2334.2,0,0,738650.257377161,0,0,0
161791.426699962,40,2530.2,2906.2,2401,0,0,738650.257377624,0,0,0
161791.466699028,40,2542.6,2884.6,2380.2,0,0,738650.257378087,0,0,0
161791.506698095,40,2636.4,2815.6,2309.4,0,0,738650.25737855,0,0,0
161791.546697161,40,2754,2725.6,2239,0,0,738650.257379013,0,0,0
161791.586696228,40,2853.8,2608.6,2182.6,0,0,738650.257379476,0,0,0
161791.626695294,40,2897.2,2498.2,2140.6,0,0,738650.257379938,0,0,0
161791.66669436,40,2894.2,2418.4,2109.2,0,0,738650.257380401,0,0,0
161791.706693427,40,2866.6,2364.8,2094.6,0,0,738650.257380864,0,0,0
161791.746692493,40,2841.4,2335,2090.6,0,0,738650.257381327,0,0,0
161791.78669156,40,2849.6,2338.2,2090.4,0,0,738650.25738179,0,0,0
161791.826690626,40,2860.8,2366.8,2096,0,0,738650.257382253,0,0,0
161791.866689692,40,2878.4,2399.2,2106.6,0,0,738650.257382716,0,0,0
161791.906688759,40,2881.2,2442.2,2123,0,0,738650.257383179,0,0,0
161791.946687825,40,2870,2506.8,2146.2,0,0,738650.257383642,0,0,0
161791.986686892,40,2825.6,2589,2182.4,0,0,738650.257384105,0,0,0
161792.026685958,40,2723.8,2671.4,2228,0,0,738650.257384568,0,0,0
161792.066685024,40,2611.4,2756.2,2294.6,0,0,738650.257385031,0,0,0
161792.106684091,40,2513.4,2815.2,2368.4,0,0,738650.257385494,0,0,0
161792.146683157,40,2496.6,2833.2,2394.4,0,0,738650.257385957,0,0,0
161792.186682224,40,2571.6,2846,2352.6,0,0,738650.25738642,0,0,0
161792.22668129,40,2694.2,2812.8,2290.2,0,0,738650.257386883,0,0,0
161792.266680356,40,2823.2,2726.2,2222.6,0,0,738650.257387346,0,0,0
161792.306679423,40,2911.6,2611.4,2170.8,0,0,738650.257387809,0,0,0
161792.346678489,40,2940.2,2508.4,2136.6,0,0,738650.257388272,0,0,0
161792.386677556,40,2937.8,2436.8,2114.6,0,0,738650.257388735,0,0,0
161792.426676622,40,2917.4,2389.2,2098.6,0,0,738650.257389197,0,0,0
161792.466675688,40,2907.8,2371,2094.4,0,0,738650.25738966,0,0,0
161792.506674755,40,2922.4,2381.6,2098,0,0,738650.257390123,0,0,0
161792.546673821,40,2936.6,2411.6,2103,0,0,738650.257390586,0,0,0
161792.586672888,40,2942.4,2446.8,2120.8,0,0,738650.257391049,0,0,0
161792.626671954,40,2940.8,2498.4,2134.6,0,0,738650.257391512,0,0,0
161792.66667102,40,2923.6,2572.6,2158.8,0,0,738650.257391975,0,0,0
161792.706670087,40,2871.8,2660.4,2195.2,0,0,738650.257392438,0,0,0
161792.746669153,40,2764.4,2759.8,2252.6,0,0,738650.257392901,0,0,0
161792.78666822,40,2627,2841,2325,0,0,738650.257393364,0,0,0
161792.826667286,40,2506.2,2882.4,2406.2,0,0,738650.257393827,0,0,0
161792.866666352,40,2471.2,2903.8,2441.4,0,0,738650.25739429,0,0,0
161792.906665419,40,2529.6,2905.2,2399.8,0,0,738650.257394753,0,0,0
161792.946664485,40,2611.6,2885.4,2350,0,0,738650.257395216,0,0,0
161792.986663552,40,2711.4,2836.4,2290.2,0,0,738650.257395679,0,0,0
161793.026662618,40,2809.4,2750.6,2236.4,0,0,738650.257396142,0,0,0
161793.066661684,40,2881,2654.2,2189.6,0,0,738650.257396605,0,0,0
161793.106660751,40,2916.4,2569.4,2158.8,0,0,738650.257397068,0,0,0
161793.146659817,40,2926.8,2509.8,2140.2,0,0,738650.257397531,0,0,0
161793.186658884,40,2929.4,2470.8,2130.2,0,0,738650.257397994,0,0,0
161793.22665795,40,2930.8,2471.4,2127.6,0,0,738650.257398457,0,0,0
161793.266657016,40,2940,2494.2,2133.8,0,0,738650.25739892,0,0,0
161793.306656083,40,2937,2524.2,2143.6,0,0,738650.257399382,0,0,0
161793.346655149,40,2920.4,2571.4,2160.6,0,0,738650.257399845,0,0,0
161793.386654216,40,2900.6,2633.4,2180.8,0,0,738650.257400308,0,0,0
161793.426653282,40,2852,2704.4,2213.2,0,0,738650.257400771,0,0,0
161793.466652348,40,2779.4,2788.4,2255.8,0,0,738650.257401234,0,0,0
161793.506651415,40,2680.4,2862.6,2309.2,0,0,738650.257401697,0,0,0
161793.546650481,40,2571.6,2923.2,2381.2,0,0,738650.25740216,0,0,0
161793.586649548,40,2478.8,2940.8,2461,0,0,738650.257402623,0,0,0
161793.626648614,40,2420.8,2923.4,2514,0,0,738650.257403086,0,0,0
161793.66664768,40,2446,2897,2465.6,0,0,738650.257403549,0,0,0
161793.706646747,40,2510.4,2848.4,2389.2,0,0,738650.257404012,0,0,0
161793.746645813,40,2594.6,2782.2,2315.4,0,0,738650.257404475,0,0,0
161793.78664488,40,2683.2,2714,2254.4,0,0,738650.257404938,0,0,0
161793.826643946,40,2755.8,2628.2,2205.8,0,0,738650.257405401,0,0,0
161793.866643012,40,2799.4,2547.8,2169,0,0,738650.257405864,0,0,0
161793.906642079,40,2829.2,2500.8,2150.6,0,0,738650.257406327,0,0,0
161793.946641145,40,2838.8,2464,2136.4,0,0,738650.25740679,0,0,0
161793.986640212,40,2849,2460.2,2131.6,0,0,738650.257407253,0,0,0
161794.026639278,40,2852.8,2471.4,2135.4,0,0,738650.257407716,0,0,0
161794.066638344,40,2855.6,2503.8,2147.8,0,0,738650.257408179,0,0,0
161794.106637411,40,2856,2537.6,2154,0,0,738650.257408642,0,0,0
161794.146636477,40,2855.8,2588.6,2177.4,0,0,738650.257409104,0,0,0
161794.186635544,40,2837.2,2649,2198.4,0,0,738650.257409567,0,0,0
161794.22663461,40,2796.2,2722.4,2230.6,0,0,738650.25741003,0,0,0
161794.266633676,40,2719,2792.8,2271.2,0,0,738650.257410493,0,0,0
161794.306632743,40,2633.4,2860.2,2326,0,0,738650.257410956,0,0,0
161794.346631809,40,2544,2895.2,2388.6,0,0,738650.257411419,0,0,0
161794.386630876,40,2477.8,2896.8,2434.4,0,0,738650.257411882,0,0,0
161794.426629942,40,2461.2,2857.2,2426.2,0,0,738650.257412345,0,0,0
161794.466629008,40,2496.2,2813.8,2380.4,0,0,738650.257412808,0,0,0
161794.506628075,40,2559.2,2769.8,2322.4,0,0,738650.257413271,0,0,0
161794.546627141,40,2634.6,2699,2263.6,0,0,738650.257413734,0,0,0
161794.586626208,40,2743.6,2630.6,2209,0,0,738650.257414197,0,0,0
161794.626625274,40,2816.8,2543.4,2171.8,0,0,738650.25741466,0,0,0
161794.66662434,40,2857.8,2477.4,2136.4,0,0,738650.257415123,0,0,0
161794.706623407,40,2865.6,2425.4,2121.2,0,0,738650.257415586,0,0,0
161794.746622473,40,2880,2398.4,2107.2,0,0,738650.257416049,0,0,0
161794.78662154,40,2888.4,2398.2,2105.4,0,0,738650.257416512,0,0,0
161794.826620606,40,2903.2,2420.8,2113.6,0,0,738650.257416975,0,0,0
161794.866619672,40,2923,2458.2,2124.6,0,0,738650.257417438,0,0,0
161794.906618739,40,2927.4,2514.8,2143.8,0,0,738650.2574179,0,0,0
161794.946617805,40,2914.4,2597,2168.8,0,0,738650.257418363,0,0,0
161794.986616872,40,2861.2,2690.2,2211,0,0,738650.257418826,0,0,0
161795.026615938,40,2765.4,2798.4,2260,0,0,738650.257419289,0,0,0
161795.066615004,40,2654.6,2878.6,2326.8,0,0,738650.257419752,0,0,0
161795.106614071,40,2535.8,2921.8,2402.6,0,0,738650.257420215,0,0,0
161795.146613137,40,2444.6,2924.8,2484.6,0,0,738650.257420678,0,0,0
161795.186612204,40,2432.6,2901.6,2480.2,0,0,738650.257421141,0,0,0
161795.22661127,40,2496.4,2854.6,2400.8,0,0,738650.257421604,0,0,0
161795.266610336,40,2585.6,2789.2,2314.4,0,0,738650.257422067,0,0,0
161795.306609403,40,2688.2,2721.4,2257.8,0,0,738650.25742253,0,0,0
161795.346608469,40,2775.8,2643.2,2206.6,0,0,738650.257422993,0,0,0
161795.386607536,40,2814,2546.6,2166.4,0,0,738650.257423456,0,0,0
161795.426606602,40,2859.4,2493.8,2143,0,0,738650.257423919,0,0,0
161795.466605668,40,2861,2444.8,2125.4,0,0,738650.257424382,0,0,0
161795.506604735,40,2865.4,2419.6,2120.8,0,0,738650.257424845,0,0,0
161795.546603801,40,2867.4,2418.4,2118.6,0,0,738650.257425308,0,0,0
161795.586602868,40,2876,2438.4,2124.4,0,0,738650.257425771,0,0,0
161795.626601934,40,2872.8,2473.4,2135.2,0,0,738650.257426234,0,0,0
161795.666601,40,2868.6,2514.2,2150.2,0,0,738650.257426697,0,0,0
161795.706600067,40,2845.2,2571.8,2173.8,0,0,738650.25742716,0,0,0
161795.746599133,40,2813.2,2649,2201,0,0,738650.257427623,0,0,0
161795.7865982,40,2734.4,2749.6,2254,0,0,738650.257428085,0,0,0
161795.826597266,40,2630.8,2846.4,2322,0,0,738650.257428548,0,0,0
161795.866596332,40,2541.2,2905,2394,0,0,738650.257429011,0,0,0
161795.906595399,40,2571,2878.6,2367.6,0,0,738650.257429474,0,0,0
161795.946594465,40,2661.4,2818,2299.6,0,0,738650.257429937,0,0,0
161795.986593532,40,2752.8,2729.6,2238.8,0,0,738650.2574304,0,0,0
161796.026592598,40,2823,2628.4,2193.4,0,0,738650.257430863,0,0,0
161796.066591664,40,2857.6,2543.4,2158.4,0,0,738650.257431326,0,0,0
161796.106590731,40,2878.8,2487.2,2138.8,0,0,738650.257431789,0,0,0
161796.146589797,40,2881.6,2447.8,2125,0,0,738650.257432252,0,0,0
161796.186588864,40,2880.8,2432.6,2120.4,0,0,738650.257432715,0,0,0
161796.22658793,40,2887.4,2443.2,2124.2,0,0,738650.257433178,0,0,0
161796.266586996,40,2893.8,2473.2,2131.2,0,0,738650.257433641,0,0,0
161796.306586063,40,2894.4,2513.4,2144,0,0,738650.257434104,0,0,0
161796.346585129,40,2887.4,2556.4,2159.8,0,0,738650.257434567,0,0,0
161796.386584196,40,2858.6,2614.4,2182.8,0,0,738650.25743503,0,0,0
161796.426583262,40,2819,2684.4,2213.2,0,0,738650.257435493,0,0,0
161796.466582328,40,2752.4,2758.2,2253.8,0,0,738650.257435956,0,0,0
161796.506581395,40,2665.8,2843,2307.8,0,0,738650.257436419,0,0,0
161796.546580461,40,2565.4,2901.8,2378.8,0,0,738650.257436882,0,0,0
161796.586579528,40,2494,2917,2436,0,0,738650.257437345,0,0,0
161796.626578594,40,2520.4,2895,2407.8,0,0,738650.257437808,0,0,0
161796.66657766,40,2614.2,2842.6,2323.6,0,0,738650.25743827,0,0,0
161796.706576727,40,2719.6,2764.6,2257.4,0,0,738650.257438733,0,0,0
161796.746575793,40,2818,2667.8,2206,0,0,738650.257439196,0,0,0
161796.78657486,40,2871.8,2579.4,2169,0,0,738650.257439659,0,0,0
161796.826573926,40,2893,2507.8,2143.4,0,0,738650.257440122,0,0,0
161796.866572992,40,2901.6,2469.2,2130,0,0,738650.257440585,0,0,0
161796.906572059,40,2903.6,2450.4,2124.2,0,0,738650.257441048,0,0,0
161796.946571125,40,2905,2451.8,2123.2,0,0,738650.257441511,0,0,0
161796.986570192,40,2904.2,2477.6,2130.4,0,0,738650.257441974,0,0,0
161797.026569258,40,2892,2503,2141.8,0,0,738650.257442437,0,0,0
161797.066568324,40,2881.8,2528,2150.4,0,0,738650.2574429,0,0,0
161797.106567391,40,2853.8,2561.8,2165.6,0,0,738650.257443363,0,0,0
161797.146566457,40,2838.4,2603.2,2184.2,0,0,738650.257443826,0,0,0
161797.186565524,40,2812.8,2654.8,2202,0,0,738650.257444289,0,0,0
161797.22656459,40,2792.4,2708.2,2224.8,0,0,738650.257444752,0,0,0
161797.266563656,40,2770,2759.2,2248.6,0,0,738650.257445215,0,0,0
161797.306562723,40,2758.2,2795.4,2264.8,0,0,738650.257445678,0,0,0
161797.346561789,40,2762.2,2820,2272.4,0,0,738650.257446141,0,0,0
161797.386560856,40,2772.6,2824.2,2269.2,0,0,738650.257446604,0,0,0
161797.426559922,40,2778.8,2835.4,2269.4,0,0,738650.257447066,0,0,0
161797.466558988,40,2775.6,2850.6,2278.6,0,0,738650.257447529,0,0,0
161797.506558055,40,2771.6,2857.6,2276.2,0,0,738650.257447992,0,0,0
161797.546557121,40,2760.4,2850.6,2279.6,0,0,738650.257448455,0,0,0
161797.586556188,40,2742.8,2847.4,2281.4,0,0,738650.257448918,0,0,0
161797.626555254,40,2717.4,2828.4,2288.6,0,0,738650.257449381,0,0,0
161797.66655432,40,2690.2,2811.4,2290.6,0,0,738650.257449844,0,0,0
161797.706553387,40,2663.4,2792.2,2288.6,0,0,738650.257450307,0,0,0
161797.746552453,40,2640,2775,2292.8,0,0,738650.25745077,0,0,0
161797.78655152,40,2629.4,2766.6,2292.2,0,0,738650.257451233,0,0,0
161797.826550586,40,2632,2781.2,2299.2,0,0,738650.257451696,0,0,0
161797.866549652,40,2640,2809,2306.6,0,0,738650.257452159,0,0,0
161797.906548719,40,2647.8,2843.2,2315.6,0,0,738650.257452622,0,0,0
161797.946547785,40,2657.8,2874.2,2324.6,0,0,738650.257453085,0,0,0
161797.986546852,40,2677.6,2908.2,2328.4,0,0,738650.257453548,0,0,0
161798.026545918,40,2680.4,2934.8,2333.6,0,0,738650.257454011,0,0,0
161798.066544984,40,2683.6,2962.6,2343.6,0,0,738650.257454474,0,0,0
161798.106544051,40,2678,2969,2348.6,0,0,738650.257454937,0,0,0
161798.146543117,40,2664.4,2971,2351.2,0,0,738650.2574554,0,0,0
161798.186542184,40,2650,2962.8,2359,0,0,738650.257455863,0,0,0
161798.22654125,40,2632.4,2957.2,2361,0,0,738650.257456326,0,0,0
161798.266540316,40,2611.6,2935.2,2366.2,0,0,738650.257456789,0,0,0
161798.306539383,40,2587.2,2911.2,2366.4,0,0,738650.257457251,0,0,0
161798.346538449,40,2561,2876.8,2369.2,0,0,738650.257457714,0,0,0
161798.386537516,40,2539,2847.2,2368.4,0,0,738650.257458177,0,0,0
161798.426536582,40,2524,2822.8,2366.4,0,0,738650.25745864,0,0,0
161798.466535648,40,2514.8,2814,2369.4,0,0,738650.257459103,0,0,0
161798.506534715,40,2513,2822.6,2374.2,0,0,738650.257459566,0,0,0
161798.546533781,40,2511.2,2844,2388.6,0,0,738650.257460029,0,0,0
161798.586532848,40,2519,2879,2393,0,0,738650.257460492,0,0,0
161798.626531914,40,2525.2,2910,2404.8,0,0,738650.257460955,0,0,0
161798.66653098,40,2529,2935.4,2415.2,0,0,738650.257461418,0,0,0
161798.706530047,40,2538.6,2968,2421,0,0,738650.257461881,0,0,0
161798.746529113,40,2538.2,2990.2,2434,0,0,738650.257462344,0,0,0
161798.78652818,40,2535.2,3002.2,2442.2,0,0,738650.257462807,0,0,0
161798.826527246,40,2527.6,3009.2,2447.6,0,0,738650.25746327,0,0,0
161798.866526312,40,2524.8,3012,2451.2,0,0,738650.257463733,0,0,0
161798.906525379,40,2515.4,3013.6,2458.8,0,0,738650.257464196,0,0,0
161798.946524445,40,2503,3004,2466.2,0,0,738650.257464659,0,0,0
161798.986523512,40,2495.4,2996,2468.8,0,0,738650.257465122,0,0,0
161799.026522578,40,2482.8,2971.2,2471.2,0,0,738650.257465585,0,0,0
161799.066521644,40,2467.4,2946.4,2472.4,0,0,738650.257466048,0,0,0
161799.106520711,40,2451,2921.8,2471,0,0,738650.257466511,0,0,0
161799.146519777,40,2437.6,2896.8,2473,0,0,738650.257466974,0,0,0
161799.186518844,40,2429,2877.2,2469.8,0,0,738650.257467436,0,0,0
161799.22651791,40,2418.6,2870,2480,0,0,738650.257467899,0,0,0
161799.266516976,40,2418,2873.8,2477.6,0,0,738650.257468362,0,0,0
161799.306516043,40,2420,2887.8,2488,0,0,738650.257468825,0,0,0
161799.346515109,40,2411.8,2911,2505,0,0,738650.257469288,0,0,0
161799.386514176,40,2415,2928,2514.6,0,0,738650.257469751,0,0,0
161799.426513242,40,2414.4,2944.8,2523.8,0,0,738650.257470214,0,0,0
161799.466512308,40,2416.4,2961.6,2534.6,0,0,738650.257470677,0,0,0
161799.506511375,40,2412.2,2972.8,2549.2,0,0,738650.25747114,0,0,0
161799.546510441,40,2409,2979.6,2556.6,0,0,738650.257471603,0,0,0
161799.586509508,40,2407,2979.6,2567,0,0,738650.257472066,0,0,0
161799.626508574,40,2399.4,2976.6,2572.2,0,0,738650.257472529,0,0,0
161799.66650764,40,2392.8,2970.4,2577.4,0,0,738650.257472992,0,0,0
161799.706506707,40,2383.4,2964.4,2585.2,0,0,738650.257473455,0,0,0
161799.746505773,40,2377.4,2947.8,2583,0,0,738650.257473918,0,0,0
161799.78650484,40,2373,2930.2,2589.6,0,0,738650.257474381,0,0,0
161799.826503906,40,2364,2917.2,2585.4,0,0,738650.257474844,0,0,0
161799.866502972,40,2352,2895.6,2585.8,0,0,738650.257475307,0,0,0
161799.906502039,40,2346.2,2879.4,2586.6,0,0,738650.25747577,0,0,0
161799.946501105,40,2337.4,2876.2,2590.2,0,0,738650.257476232,0,0,0
161799.986500172,40,2339,2870.2,2598.4,0,0,738650.257476695,0,0,0
161800.026499238,40,2331.2,2875.2,2605.8,0,0,738650.257477158,0,0,0
161800.066498304,40,2328.2,2877.4,2620.2,0,0,738650.257477621,0,0,0
161800.106497371,40,2327,2887,2627,0,0,738650.257478084,0,0,0
161800.146496437,40,2326,2889.8,2638.8,0,0,738650.257478547,0,0,0
161800.186495504,40,2319,2899.4,2651.8,0,0,738650.25747901,0,0,0
161800.22649457,40,2315.8,2899.8,2661.2,0,0,738650.257479473,0,0,0
161800.266493636,40,2317.8,2904,2667.6,0,0,738650.257479936,0,0,0
161800.306492703,40,2313.6,2895.2,2675.2,0,0,738650.257480399,0,0,0
161800.346491769,40,2302.4,2887.2,2682.8,0,0,738650.257480862,0,0,0
161800.386490836,40,2301.2,2880,2685.2,0,0,738650.257481325,0,0,0
161800.426489902,40,2295.6,2870.8,2688.4,0,0,738650.257481788,0,0,0
161800.466488968,40,2285.8,2859.8,2691.4,0,0,738650.257482251,0,0,0
161800.506488035,40,2284.2,2844.6,2694,0,0,738650.257482714,0,0,0
161800.546487101,40,2278.8,2838.2,2696,0,0,738650.257483177,0,0,0
161800.586486168,40,2276.8,2825.6,2698.4,0,0,738650.25748364,0,0,0
161800.626485234,40,2268.4,2820.2,2701.2,0,0,738650.257484103,0,0,0
161800.6664843,40,2264,2812.8,2705.8,0,0,738650.257484566,0,0,0
161800.706483367,40,2264.6,2808.6,2716,0,0,738650.257485029,0,0,0
161800.746482433,40,2259.6,2805.8,2718.4,0,0,738650.257485492,0,0,0
161800.7864815,40,2257.2,2807.4,2733.4,0,0,738650.257485955,0,0,0
161800.826480566,40,2253.4,2808.4,2739.4,0,0,738650.257486417,0,0,0
161800.866479632,40,2252,2806.2,2750.6,0,0,738650.25748688,0,0,0
161800.906478699,40,2246.8,2800.2,2760.2,0,0,738650.257487343,0,0,0
161800.946477765,40,2245,2799.8,2769.6,0,0,738650.257487806,0,0,0
161800.986476832,40,2244.6,2793.6,2774.4,0,0,738650.257488269,0,0,0
161801.026475898,40,2239.4,2787.2,2782,0,0,738650.257488732,0,0,0
161801.066474964,40,2236.2,2778.4,2781.4,0,0,738650.257489195,0,0,0
161801.106474031,40,2228.8,2756,2768.2,0,0,738650.257489658,0,0,0
161801.146473097,40,2244.6,2747.4,2712,0,0,738650.257490121,0,0,0
161801.186472164,40,2304.8,2799.6,2597.2,0,0,738650.257490584,0,0,0
161801.22647123,40,2413.4,2827.8,2462.6,0,0,738650.257491047,0,0,0
161801.266470296,40,2555.2,2784,2328.2,0,0,738650.25749151,0,0,0
161801.306469363,40,2700.2,2686.6,2241.6,0,0,738650.257491973,0,0,0
161801.346468429,40,2794.6,2582.8,2185.2,0,0,738650.257492436,0,0,0
161801.386467496,40,2841.6,2522,2154.2,0,0,738650.257492899,0,0,0
161801.426466562,40,2843.8,2528.2,2159,0,0,738650.257493362,0,0,0
161801.466465628,40,2811.8,2601.8,2184,0,0,738650.257493825,0,0,0
161801.506464695,40,2702.4,2703,2245.4,0,0,738650.257494288,0,0,0
161801.546463761,40,2537.2,2819.8,2355.2,0,0,738650.257494751,0,0,0
161801.586462828,40,2362.6,2842.2,2530.4,0,0,738650.257495214,0,0,0
161801.626461894,40,2236.8,2716.4,2699.2,0,0,738650.257495677,0,0,0
161801.66646096,40,2183.4,2616,2763.2,0,0,738650.25749614,0,0,0
161801.706460027,40,2217.4,2649.4,2673.8,0,0,738650.257496602,0,0,0
161801.746459093,40,2330,2808.6,2553.6,0,0,738650.257497065,0,0,0
161801.78645816,40,2536.8,2882.6,2387.2,0,0,738650.257497528,0,0,0
161801.826457226,40,2761.6,2749.6,2245.2,0,0,738650.257497991,0,0,0
161801.866456292,40,2907.6,2575.4,2161.6,0,0,738650.257498454,0,0,0
161801.906455359,40,2912.4,2436.4,2119.4,0,0,738650.257498917,0,0,0
161801.946454425,40,2884.4,2369.8,2098.6,0,0,738650.25749938,0,0,0
161801.986453492,40,2892.2,2374.4,2097.8,0,0,738650.257499843,0,0,0
161802.026452558,40,2924.8,2441.4,2115.8,0,0,738650.257500306,0,0,0
161802.066451624,40,2921,2559.4,2156.8,0,0,738650.257500769,0,0,0
161802.106450691,40,2790.2,2749.4,2240,0,0,738650.257501232,0,0,0
161802.146449757,40,2539.6,2871,2383,0,0,738650.257501695,0,0,0
161802.186448824,40,2318.8,2792.4,2572.2,0,0,738650.257502158,0,0,0
161802.22644789,40,2205.4,2630.8,2691,0,0,738650.257502621,0,0,0
161802.266446956,40,2233.4,2687.6,2675.2,0,0,738650.257503084,0,0,0
161802.306446023,40,2342.8,2792.8,2526,0,0,738650.257503547,0,0,0
161802.346445089,40,2538.2,2816.6,2354.2,0,0,738650.25750401,0,0,0
161802.386444156,40,2729.4,2644.4,2216.8,0,0,738650.257504473,0,0,0
161802.426443222,40,2823.4,2479.6,2144.4,0,0,738650.257504935,0,0,0
161802.466442288,40,2772.4,2354.2,2105.2,0,0,738650.257505398,0,0,0
161802.506441355,40,2702.4,2299.2,2087,0,0,738650.257505861,0,0,0
161802.546440421,40,2706.4,2313.6,2089.4,0,0,738650.257506324,0,0,0
161802.586439488,40,2791.4,2394.4,2116.8,0,0,738650.257506787,0,0,0
161802.626438554,40,2776.8,2528.2,2168.4,0,0,738650.25750725,0,0,0
161802.66643762,40,2644.8,2718.2,2274.8,0,0,738650.257507713,0,0,0
161802.706436687,40,2425.4,2831,2446.8,0,0,738650.257508176,0,0,0
161802.746435753,40,2248,2717.4,2661.8,0,0,738650.257508639,0,0,0
161802.78643482,40,2187.4,2595.8,2703.6,0,0,738650.257509102,0,0,0
161802.826433886,40,2249.2,2721.2,2663.2,0,0,738650.257509565,0,0,0
161802.866432952,40,2400.8,2856.4,2488.4,0,0,738650.257510028,0,0,0
161802.906432019,40,2622.6,2804.6,2307,0,0,738650.257510491,0,0,0
161802.946431085,40,2813.6,2609.6,2187.8,0,0,738650.257510954,0,0,0
161802.986430152,40,2820.2,2424.6,2125.2,0,0,738650.257511417,0,0,0
161803.026429218,40,2738.2,2316.6,2089.6,0,0,738650.25751188,0,0,0
161803.066428284,40,2653.2,2276.8,2080.4,0,0,738650.257512343,0,0,0
161803.106427351,40,2718.6,2307,2087.2,0,0,738650.257512806,0,0,0
161803.146426417,40,2811.4,2398.2,2116.4,0,0,738650.257513269,0,0,0
161803.186425484,40,2789.4,2556,2176.4,0,0,738650.257513732,0,0,0
161803.22642455,40,2605,2736.8,2288.4,0,0,738650.257514195,0,0,0
161803.266423616,40,2391,2809.6,2472.8,0,0,738650.257514658,0,0,0
161803.306422683,40,2233.6,2695.6,2679.2,0,0,738650.25751512,0,0,0
161803.346421749,40,2219.6,2653.2,2677.2,0,0,738650.257515583,0,0,0
161803.386420816,40,2326.4,2842.8,2599.8,0,0,738650.257516046,0,0,0
161803.426419882,40,2549.6,2915.2,2400.4,0,0,738650.257516509,0,0,0
161803.466418948,40,2783.8,2730.8,2235.2,0,0,738650.257516972,0,0,0
161803.506418015,40,2908,2508.6,2144.4,0,0,738650.257517435,0,0,0
161803.546417081,40,2802,2337.2,2093.6,0,0,738650.257517898,0,0,0
161803.586416148,40,2664.6,2259.6,2077,0,0,738650.257518361,0,0,0
161803.626415214,40,2609.2,2250,2074.2,0,0,738650.257518824,0,0,0
161803.66641428,40,2737.8,2312,2090.2,0,0,738650.257519287,0,0,0
161803.706413347,40,2840,2423.8,2122.6,0,0,738650.25751975,0,0,0
161803.746412413,40,2792.4,2616,2195,0,0,738650.257520213,0,0,0
161803.78641148,40,2573,2792.2,2328.2,0,0,738650.257520676,0,0,0
161803.826410546,40,2339.6,2792.8,2524.4,0,0,738650.257521139,0,0,0
161803.866409612,40,2245.4,2689.4,2634.4,0,0,738650.257521602,0,0,0
161803.906408679,40,2312.6,2781.6,2576,0,0,738650.257522065,0,0,0
161803.946407745,40,2472.2,2820.8,2400.8,0,0,738650.257522528,0,0,0
161803.986406812,40,2666,2705.6,2253.2,0,0,738650.257522991,0,0,0
161804.026405878,40,2745.4,2494.6,2158.6,0,0,738650.257523454,0,0,0
161804.066404944,40,2763.8,2355.8,2105,0,0,738650.257523917,0,0,0
161804.106404011,40,2653.6,2265.2,2078.2,0,0,738650.25752438,0,0,0
161804.146403077,40,2615.8,2237.2,2070,0,0,738650.257524843,0,0,0
161804.186402144,40,2684.2,2274,2078.2,0,0,738650.257525305,0,0,0
161804.22640121,40,2793.8,2358.6,2104,0,0,738650.257525768,0,0,0
161804.266400276,40,2812.2,2515,2156.8,0,0,738650.257526231,0,0,0
161804.306399343,40,2665.6,2726.6,2265.6,0,0,738650.257526694,0,0,0
161804.346398409,40,2424.6,2837.4,2446.6,0,0,738650.257527157,0,0,0
161804.386397476,40,2253.8,2712.4,2644.8,0,0,738650.25752762,0,0,0
161804.426396542,40,2257.2,2711.6,2618.4,0,0,738650.257528083,0,0,0
161804.466395608,40,2391.8,2851.6,2494.2,0,0,738650.257528546,0,0,0
161804.506394675,40,2612.8,2793.2,2307,0,0,738650.257529009,0,0,0
161804.546393741,40,2797.2,2606.8,2188.6,0,0,738650.257529472,0,0,0
161804.586392808,40,2764.2,2394.6,2115.2,0,0,738650.257529935,0,0,0
161804.626391874,40,2685.6,2280,2083.8,0,0,738650.257530398,0,0,0
161804.66639094,40,2591,2225.8,2068,0,0,738650.257530861,0,0,0
161804.706390007,40,2604.4,2229.8,2069,0,0,738650.257531324,0,0,0
161804.746389073,40,2694.8,2277,2079.4,0,0,738650.257531787,0,0,0
161804.78638814,40,2812.6,2384.4,2113,0,0,738650.25753225,0,0,0
161804.826387206,40,2796.8,2578.2,2182.8,0,0,738650.257532713,0,0,0
161804.866386272,40,2597.6,2775.8,2309.8,0,0,738650.257533176,0,0,0
161804.906385339,40,2363.8,2803,2503.8,0,0,738650.257533639,0,0,0
161804.946384405,40,2258.8,2705.6,2623.2,0,0,738650.257534101,0,0,0
161804.986383472,40,2336.2,2805.2,2548.2,0,0,738650.257534564,0,0,0
161805.026382538,40,2505.2,2804.2,2369.8,0,0,738650.257535027,0,0,0
161805.066381604,40,2706.2,2686.2,2237.2,0,0,738650.25753549,0,0,0
161805.106380671,40,2771.2,2472.4,2148,0,0,738650.257535953,0,0,0
161805.146379737,40,2741.6,2331,2096.8,0,0,738650.257536416,0,0,0
161805.186378804,40,2643,2252.4,2072.4,0,0,738650.257536879,0,0,0
161805.22637787,40,2589.2,2225.6,2066.6,0,0,738650.257537342,0,0,0
161805.266376936,40,2648.6,2256.2,2076,0,0,738650.257537805,0,0,0
161805.306376003,40,2743.4,2331.6,2095.8,0,0,738650.257538268,0,0,0
161805.346375069,40,2834.4,2489,2149.2,0,0,738650.257538731,0,0,0
161805.386374136,40,2723.6,2723,2247.4,0,0,738650.257539194,0,0,0
161805.426373202,40,2470,2859.2,2427.6,0,0,738650.257539657,0,0,0
161805.466372268,40,2276.6,2736.8,2615.6,0,0,738650.25754012,0,0,0
161805.506371335,40,2275.4,2724.4,2607.4,0,0,738650.257540583,0,0,0
161805.546370401,40,2405.4,2875.8,2494.6,0,0,738650.257541046,0,0,0
161805.586369468,40,2614.8,2779.2,2303.6,0,0,738650.257541509,0,0,0
161805.626368534,40,2817,2615,2187,0,0,738650.257541972,0,0,0
161805.6663676,40,2807,2406,2116,0,0,738650.257542435,0,0,0
161805.706366667,40,2668.4,2279.4,2081.4,0,0,738650.257542898,0,0,0
161805.746365733,40,2583.2,2230,2065.8,0,0,738650.257543361,0,0,0
161805.7863648,40,2589.6,2223.6,2064.8,0,0,738650.257543824,0,0,0
161805.826363866,40,2686,2268.4,2078.4,0,0,738650.257544286,0,0,0
161805.866362932,40,2804.2,2373.2,2105.6,0,0,738650.257544749,0,0,0
161805.906361999,40,2793.6,2553.4,2173.4,0,0,738650.257545212,0,0,0
161805.946361065,40,2606.4,2759.2,2301,0,0,738650.257545675,0,0,0
161805.986360132,40,2363.8,2800,2501,0,0,738650.257546138,0,0,0
161806.026359198,40,2230.6,2667.8,2650,0,0,738650.257546601,0,0,0
161806.066358264,40,2273.8,2723.4,2595,0,0,738650.257547064,0,0,0
161806.106357331,40,2428.4,2839.4,2450.6,0,0,738650.257547527,0,0,0
161806.146356397,40,2661.4,2753.2,2274.4,0,0,738650.25754799,0,0,0
161806.186355464,40,2812.2,2543.6,2165.8,0,0,738650.257548453,0,0,0
161806.22635453,40,2708,2345.2,2103,0,0,738650.257548916,0,0,0
161806.266353596,40,2644.4,2256.6,2076.2,0,0,738650.257549379,0,0,0
161806.306352663,40,2554.6,2213,2063,0,0,738650.257549842,0,0,0
161806.346351729,40,2600.6,2226.8,2064.2,0,0,738650.257550305,0,0,0
161806.386350796,40,2713.4,2291,2082.8,0,0,738650.257550768,0,0,0
161806.426349862,40,2799.6,2408.6,2121.6,0,0,738650.257551231,0,0,0
161806.466348928,40,2750.8,2603.6,2201.4,0,0,738650.257551694,0,0,0
161806.506347995,40,2536,2774.4,2340.8,0,0,738650.257552157,0,0,0
161806.546347061,40,2315,2763.8,2546,0,0,738650.25755262,0,0,0
161806.586346128,40,2215,2638,2662.4,0,0,738650.257553083,0,0,0
161806.626345194,40,2275.6,2726.2,2594.4,0,0,738650.257553546,0,0,0
161806.66634426,40,2439.4,2843.8,2440.4,0,0,738650.257554009,0,0,0
161806.706343327,40,2670.2,2745.8,2267.4,0,0,738650.257554471,0,0,0
161806.746342393,40,2833.4,2547,2162.2,0,0,738650.257554934,0,0,0
161806.78634146,40,2724.4,2349,2104.4,0,0,738650.257555397,0,0,0
161806.826340526,40,2677.6,2262.8,2074,0,0,738650.25755586,0,0,0
161806.866339592,40,2563.8,2219.6,2065.8,0,0,738650.257556323,0,0,0
161806.906338659,40,2600.4,2239.6,2068.2,0,0,738650.257556786,0,0,0
161806.946337725,40,2731.6,2302.8,2086.6,0,0,738650.257557249,0,0,0
161806.986336792,40,2824,2437.8,2128.6,0,0,738650.257557712,0,0,0
161807.026335858,40,2737,2642.4,2219,0,0,738650.257558175,0,0,0
161807.066334924,40,2492.8,2772.4,2365.2,0,0,738650.257558638,0,0,0
161807.106333991,40,2291.2,2737,2576.2,0,0,738650.257559101,0,0,0
161807.146333057,40,2211,2625.6,2666.8,0,0,738650.257559564,0,0,0
161807.186332124,40,2283,2741.6,2589.8,0,0,738650.257560027,0,0,0
161807.22633119,40,2455.6,2840.8,2427,0,0,738650.25756049,0,0,0
161807.266330256,40,2696.2,2751.4,2262.6,0,0,738650.257560953,0,0,0
161807.306329323,40,2847.8,2540.2,2158.8,0,0,738650.257561416,0,0,0
161807.346328389,40,2802,2357.4,2100,0,0,738650.257561879,0,0,0
161807.386327456,40,2667,2257.2,2074.2,0,0,738650.257562342,0,0,0
161807.426326522,40,2556.2,2218,2065.6,0,0,738650.257562805,0,0,0
161807.466325588,40,2593.6,2236,2069,0,0,738650.257563267,0,0,0
161807.506324655,40,2739,2306,2084.8,0,0,738650.25756373,0,0,0
161807.546323721,40,2811,2441,2130.6,0,0,738650.257564193,0,0,0
161807.586322788,40,2716.8,2638.8,2216.6,0,0,738650.257564656,0,0,0
161807.626321854,40,2490.8,2791.6,2372.8,0,0,738650.257565119,0,0,0
161807.66632092,40,2285.4,2746.6,2589.6,0,0,738650.257565582,0,0,0
161807.706319987,40,2217,2636.2,2661.4,0,0,738650.257566045,0,0,0
161807.746319053,40,2299.6,2771.4,2587.4,0,0,738650.257566508,0,0,0
161807.78631812,40,2478.8,2823.8,2393.6,0,0,738650.257566971,0,0,0
161807.826317186,40,2719,2716.8,2245.2,0,0,738650.257567434,0,0,0
161807.866316252,40,2826,2500.2,2148.6,0,0,738650.257567897,0,0,0
161807.906315319,40,2717,2322.8,2092.6,0,0,738650.25756836,0,0,0
161807.946314385,40,2581,2235,2070,0,0,738650.257568823,0,0,0
161807.986313452,40,2531.6,2209.2,2058.6,0,0,738650.257569286,0,0,0
161808.026312518,40,2605,2232.6,2071.8,0,0,738650.257569749,0,0,0
161808.066311584,40,2735.8,2318,2095.4,0,0,738650.257570212,0,0,0
161808.106310651,40,2792,2466.2,2145.2,0,0,738650.257570675,0,0,0
161808.146309717,40,2668.2,2661.6,2237.6,0,0,738650.257571138,0,0,0
161808.186308784,40,2433.8,2764.6,2401.6,0,0,738650.257571601,0,0,0
161808.22630785,40,2260,2690.4,2595.6,0,0,738650.257572064,0,0,0
161808.266306916,40,2254.4,2665.6,2585.2,0,0,738650.257572527,0,0,0
161808.306305983,40,2374.2,2808,2496.8,0,0,738650.25757299,0,0,0
161808.366304582,60,2675.4,2694,2249.4,0,0,738650.257573684,0,0,0
161808.406303649,40,2800,2503.4,2154.6,0,0,738650.257574147,0,0,0
161808.446302715,40,2763.8,2352.2,2100,0,0,738650.25757461,0,0,0
161808.486301782,40,2638.4,2261.6,2077.2,0,0,738650.257575073,0,0,0
161808.526300848,40,2545.2,2217.4,2062.8,0,0,738650.257575536,0,0,0
161808.566299914,40,2590.2,2235.6,2068,0,0,738650.257575999,0,0,0
161808.606298981,40,2718.4,2304.8,2085,0,0,738650.257576462,0,0,0
161808.646298047,40,2783.8,2432.2,2131.4,0,0,738650.257576925,0,0,0
161808.686297114,40,2692.8,2619.4,2218.4,0,0,738650.257577387,0,0,0
161808.72629618,40,2477.2,2761.4,2366.2,0,0,738650.25757785,0,0,0
161808.766295246,40,2284.4,2722.6,2574.6,0,0,738650.257578313,0,0,0
161808.806294313,40,2236,2642.2,2603.6,0,0,738650.257578776,0,0,0
161808.846293379,40,2326,2766.4,2521.8,0,0,738650.257579239,0,0,0
161808.886292446,40,2527.4,2803.6,2357,0,0,738650.257579702,0,0,0
161808.926291512,40,2765.6,2681.4,2222.6,0,0,738650.257580165,0,0,0
161808.966290578,40,2826.6,2458.4,2127.6,0,0,738650.257580628,0,0,0
161809.006289645,40,2760.6,2316.6,2085.6,0,0,738650.257581091,0,0,0
161809.046288711,40,2619.2,2238.4,2066,0,0,738650.257581554,0,0,0
161809.086287778,40,2538.2,2211.2,2063,0,0,738650.257582017,0,0,0
161809.126286844,40,2610.4,2245.6,2070,0,0,738650.25758248,0,0,0
161809.16628591,40,2748.8,2329.8,2093.2,0,0,738650.257582943,0,0,0
161809.206284977,40,2800.2,2483.2,2146,0,0,738650.257583406,0,0,0
161809.246284043,40,2651.2,2684.6,2251.2,0,0,738650.257583869,0,0,0
161809.28628311,40,2405.8,2757.4,2420,0,0,738650.257584332,0,0,0
161809.326282176,40,2241.4,2674.2,2626.2,0,0,738650.257584795,0,0,0
161809.366281242,40,2221.6,2618,2621.2,0,0,738650.257585258,0,0,0
161809.406280309,40,2320.2,2780.8,2550,0,0,738650.257585721,0,0,0
161809.446279375,40,2526,2816.6,2362.6,0,0,738650.257586184,0,0,0
161809.486278442,40,2737.4,2671.2,2225.6,0,0,738650.257586647,0,0,0
161809.526277508,40,2750,2436.8,2133,0,0,738650.25758711,0,0,0
161809.566276574,40,2712.6,2307.2,2087,0,0,738650.257587573,0,0,0
161809.606275641,40,2582.6,2230.8,2066.8,0,0,738650.257588035,0,0,0
161809.646274707,40,2525.4,2206.8,2062.6,0,0,738650.257588498,0,0,0
161809.686273774,40,2605.8,2245.8,2070.2,0,0,738650.257588961,0,0,0
161809.72627284,40,2726.6,2332.6,2097.4,0,0,738650.257589424,0,0,0
161809.766271906,40,2773.6,2472.2,2149.8,0,0,738650.257589887,0,0,0
161809.806270973,40,2637.8,2663.4,2247.4,0,0,738650.25759035,0,0,0
161809.846270039,40,2406.8,2748.8,2412.4,0,0,738650.257590813,0,0,0
161809.886269106,40,2242,2668.6,2619,0,0,738650.257591276,0,0,0
161809.926268172,40,2208.2,2599.2,2614,0,0,738650.257591739,0,0,0
161809.966267238,40,2301.4,2746.2,2545.6,0,0,738650.257592202,0,0,0
161810.006266305,40,2494,2811,2386,0,0,738650.257592665,0,0,0
161810.046265371,40,2736.4,2710.4,2240.6,0,0,738650.257593128,0,0,0
161810.086264438,40,2840.8,2487,2140.4,0,0,738650.257593591,0,0,0
161810.126263504,40,2760,2325.2,2089.8,0,0,738650.257594054,0,0,0
161810.16626257,40,2643.8,2247.2,2063.8,0,0,738650.257594517,0,0,0
161810.206261637,40,2543.4,2217,2061.2,0,0,738650.25759498,0,0,0
161810.246260703,40,2577,2237.6,2075.4,0,0,738650.257595443,0,0,0
161810.28625977,40,2709.4,2316.2,2089.8,0,0,738650.257595906,0,0,0
161810.326258836,40,2787.2,2455.2,2139.2,0,0,738650.257596369,0,0,0
161810.366257902,40,2673,2653.2,2233.8,0,0,738650.257596832,0,0,0
161810.406256969,40,2438,2758.6,2388.4,0,0,738650.257597295,0,0,0
161810.446256035,40,2261,2699.4,2597.8,0,0,738650.257597758,0,0,0
161810.486255102,40,2213.6,2603.6,2622.4,0,0,738650.25759822,0,0,0
161810.526254168,40,2296.4,2723,2539.2,0,0,738650.257598683,0,0,0
161810.566253234,40,2485,2823.4,2390.8,0,0,738650.257599146,0,0,0
161810.606252301,40,2721,2717.6,2244.2,0,0,738650.257599609,0,0,0
161810.646251367,40,2868.6,2505.6,2145.6,0,0,738650.257600072,0,0,0
161810.686250434,40,2771.6,2332.2,2092.2,0,0,738650.257600535,0,0,0
161810.7262495,40,2653,2246.2,2066.2,0,0,738650.257600998,0,0,0
161810.766248566,40,2549.4,2213,2058.6,0,0,738650.257601461,0,0,0
161810.806247633,40,2552.2,2232.2,2069.2,0,0,738650.257601924,0,0,0
161810.846246699,40,2693.4,2303,2085,0,0,738650.257602387,0,0,0
161810.886245766,40,2793,2432.6,2128.8,0,0,738650.25760285,0,0,0
161810.926244832,40,2719.4,2633.6,2212.2,0,0,738650.257603313,0,0,0
161810.966243898,40,2493.4,2791.4,2365.2,0,0,738650.257603776,0,0,0
161811.006242965,40,2286,2721,2560,0,0,738650.257604239,0,0,0
161811.046242031,40,2205.2,2598.2,2635.4,0,0,738650.257604702,0,0,0
161811.086241098,40,2265.4,2697.6,2579,0,0,738650.257605165,0,0,0
161811.126240164,40,2414.4,2774.2,2420.8,0,0,738650.257605628,0,0,0
161811.16623923,40,2616.4,2714.8,2273,0,0,738650.257606091,0,0,0
161811.206238297,40,2735,2523.2,2169.8,0,0,738650.257606553,0,0,0
161811.246237363,40,2744.6,2375.4,2113.2,0,0,738650.257607016,0,0,0
161811.28623643,40,2637.2,2269.4,2080.4,0,0,738650.257607479,0,0,0
161811.326235496,40,2547.8,2222.6,2065.2,0,0,738650.257607942,0,0,0
161811.366234562,40,2567.8,2235.6,2067.8,0,0,738650.257608405,0,0,0
161811.406233629,40,2684.8,2292.6,2085.4,0,0,738650.257608868,0,0,0
161811.446232695,40,2763.6,2411.2,2123.6,0,0,738650.257609331,0,0,0
161811.486231762,40,2715.8,2594,2204.2,0,0,738650.257609794,0,0,0
161811.526230828,40,2511.6,2743.4,2332.4,0,0,738650.257610257,0,0,0
161811.566229894,40,2307.2,2718.4,2518.4,0,0,738650.25761072,0,0,0
161811.606228961,40,2208,2604,2626.4,0,0,738650.257611183,0,0,0
161811.646228027,40,2260.4,2674.8,2568.8,0,0,738650.257611646,0,0,0
161811.686227094,40,2397.6,2759.6,2429.6,0,0,738650.257612109,0,0,0
161811.72622616,40,2580,2704,2276.8,0,0,738650.257612572,0,0,0
161811.766225226,40,2725.2,2543,2178.2,0,0,738650.257613035,0,0,0
161811.806224293,40,2749.8,2387.8,2115.4,0,0,738650.257613498,0,0,0
161811.846223359,40,2645.6,2279,2079.6,0,0,738650.257613961,0,0,0
161811.886222426,40,2551.4,2226,2066.8,0,0,738650.257614424,0,0,0
161811.926221492,40,2561.8,2225.6,2066,0,0,738650.257614887,0,0,0
161811.966220558,40,2659,2277.8,2080.6,0,0,738650.25761535,0,0,0
161812.006219625,40,2751.4,2374.6,2113.6,0,0,738650.257615813,0,0,0
161812.046218691,40,2733.2,2541,2176.2,0,0,738650.257616276,0,0,0
161812.086217758,40,2566.4,2714.2,2296,0,0,738650.257616738,0,0,0
161812.126216824,40,2353.8,2747.4,2474.6,0,0,738650.257617201,0,0,0
161812.16621589,40,2210.8,2616.8,2629.4,0,0,738650.257617664,0,0,0
161812.206214957,40,2230.4,2631.8,2599.6,0,0,738650.257618127,0,0,0
161812.246214023,40,2349,2759.8,2486.4,0,0,738650.25761859,0,0,0
161812.28621309,40,2531.6,2731.2,2311.4,0,0,738650.257619053,0,0,0
161812.326212156,40,2729.2,2607.6,2198.2,0,0,738650.257619516,0,0,0
161812.366211222,40,2766.2,2414,2121.8,0,0,738650.257619979,0,0,0
161812.406210289,40,2678.8,2286.4,2081.4,0,0,738650.257620442,0,0,0
161812.446209355,40,2555.8,2223.2,2065.4,0,0,738650.257620905,0,0,0
161812.486208422,40,2527.4,2210,2062.4,0,0,738650.257621368,0,0,0
161812.526207488,40,2617.6,2249.6,2072.8,0,0,738650.257621831,0,0,0
161812.566206554,40,2724.8,2341,2101.2,0,0,738650.257622294,0,0,0
161812.606205621,40,2744.8,2495.4,2157.6,0,0,738650.257622757,0,0,0
161812.646204687,40,2599.8,2685.8,2269.8,0,0,738650.25762322,0,0,0
161812.686203754,40,2384.2,2748.8,2436.6,0,0,738650.257623683,0,0,0
161812.72620282,40,2222,2630.8,2619.6,0,0,738650.257624146,0,0,0
161812.766201886,40,2198.8,2579.8,2625.8,0,0,738650.257624609,0,0,0
161812.806200953,40,2288.4,2726.4,2564.8,0,0,738650.257625072,0,0,0
161812.846200019,40,2458.8,2778,2387.2,0,0,738650.257625535,0,0,0
161812.886199086,40,2645.6,2663.2,2243.8,0,0,738650.257625998,0,0,0
161812.926198152,40,2749.6,2478,2150.6,0,0,738650.257626461,0,0,0
161812.966197218,40,2716.2,2344.8,2096.4,0,0,738650.257626923,0,0,0
161813.006196285,40,2634.6,2260.6,2074.2,0,0,738650.257627386,0,0,0
161813.046195351,40,2537,2222.8,2065,0,0,738650.257627849,0,0,0
161813.086194418,40,2583.4,2238.2,2070.6,0,0,738650.257628312,0,0,0
161813.126193484,40,2709,2311.4,2087,0,0,738650.257628775,0,0,0
161813.16619255,40,2778.8,2448.6,2137.4,0,0,738650.257629238,0,0,0
161813.206191617,40,2673.8,2635,2219.4,0,0,738650.257629701,0,0,0
161813.246190683,40,2460.6,2750.8,2373.8,0,0,738650.257630164,0,0,0
161813.28618975,40,2266.8,2686.2,2554.6,0,0,738650.257630627,0,0,0
161813.326188816,40,2193.6,2575,2638.6,0,0,738650.25763109,0,0,0
161813.366187882,40,2247.4,2664.4,2579.4,0,0,738650.257631553,0,0,0
161813.406186949,40,2397.4,2764.8,2428.8,0,0,738650.257632016,0,0,0
161813.446186015,40,2610.4,2721.8,2280.8,0,0,738650.257632479,0,0,0
161813.486185082,40,2753,2535.4,2169.8,0,0,738650.257632942,0,0,0
161813.526184148,40,2744.2,2370.6,2107.2,0,0,738650.257633405,0,0,0
161813.566183214,40,2656,2271.6,2074.8,0,0,738650.257633868,0,0,0
161813.606182281,40,2542.4,2219,2065.6,0,0,738650.257634331,0,0,0
161813.646181347,40,2546.8,2224.8,2065.8,0,0,738650.257634794,0,0,0
161813.686180414,40,2667.6,2281.6,2082,0,0,738650.257635257,0,0,0
161813.72617948,40,2762.2,2388.8,2114.6,0,0,738650.257635719,0,0,0
161813.766178546,40,2727.6,2560,2186,0,0,738650.257636182,0,0,0
161813.806177613,40,2532.2,2727.6,2314.8,0,0,738650.257636645,0,0,0
161813.846176679,40,2320.6,2723.2,2498.8,0,0,738650.257637108,0,0,0
161813.886175746,40,2197.6,2598.2,2649.6,0,0,738650.257637571,0,0,0
161813.926174812,40,2227.2,2629.6,2606.6,0,0,738650.257638034,0,0,0
161813.966173878,40,2344.2,2772,2495.4,0,0,738650.257638497,0,0,0
161814.006172945,40,2541.8,2751.6,2317.8,0,0,738650.25763896,0,0,0
161814.046172011,40,2737,2605.6,2195.4,0,0,738650.257639423,0,0,0
161814.086171078,40,2766.4,2410.8,2121.4,0,0,738650.257639886,0,0,0
161814.126170144,40,2700.4,2296.2,2082.8,0,0,738650.257640349,0,0,0
161814.16616921,40,2580.2,2228.8,2064.2,0,0,738650.257640812,0,0,0
161814.206168277,40,2534.2,2217.8,2062.4,0,0,738650.257641275,0,0,0
161814.246167343,40,2619.8,2256.8,2072.8,0,0,738650.257641738,0,0,0
161814.28616641,40,2739.2,2348,2100.2,0,0,738650.257642201,0,0,0
161814.326165476,40,2776,2502.2,2155.8,0,0,738650.257642664,0,0,0
161814.366164542,40,2619.8,2694,2262.6,0,0,738650.257643127,0,0,0
161814.406163609,40,2391.6,2767.8,2435.4,0,0,738650.25764359,0,0,0
161814.446162675,40,2225,2635.8,2619.8,0,0,738650.257644053,0,0,0
161814.486161742,40,2194.8,2576.6,2641.4,0,0,738650.257644516,0,0,0
161814.526160808,40,2274.2,2704.6,2573,0,0,738650.257644979,0,0,0
161814.566159874,40,2434.6,2758.2,2392.2,0,0,738650.257645442,0,0,0
161814.606158941,40,2629.6,2672,2251,0,0,738650.257645904,0,0,0
161814.646158007,40,2722.2,2483.2,2154.6,0,0,738650.257646367,0,0,0
161814.686157074,40,2721,2349,2099.4,0,0,738650.25764683,0,0,0
161814.72615614,40,2619,2260,2075.6,0,0,738650.257647293,0,0,0
161814.766155206,40,2543.4,2221.6,2066.6,0,0,738650.257647756,0,0,0
161814.806154273,40,2569.2,2236.6,2067,0,0,738650.257648219,0,0,0
161814.846153339,40,2689.2,2298,2082.6,0,0,738650.257648682,0,0,0
161814.886152406,40,2774.4,2415.2,2124.2,0,0,738650.257649145,0,0,0
161814.926151472,40,2716.8,2590,2199.8,0,0,738650.257649608,0,0,0
161814.966150538,40,2517.4,2755.4,2336,0,0,738650.257650071,0,0,0
161815.006149605,40,2307.8,2723.8,2518.6,0,0,738650.257650534,0,0,0
161815.046148671,40,2196.4,2584.8,2648.4,0,0,738650.257650997,0,0,0
161815.086147738,40,2228.4,2632.8,2601.2,0,0,738650.25765146,0,0,0
161815.126146804,40,2348.2,2771,2490.2,0,0,738650.257651923,0,0,0
161815.16614587,40,2544.4,2748.2,2319.2,0,0,738650.257652386,0,0,0
161815.206144937,40,2730.6,2603.8,2198.6,0,0,738650.257652849,0,0,0
161815.246144003,40,2750.6,2414.8,2122.6,0,0,738650.257653312,0,0,0
161815.28614307,40,2697,2305.8,2088,0,0,738650.257653775,0,0,0
161815.326142136,40,2587,2239,2070.4,0,0,738650.257654238,0,0,0
161815.366141202,40,2537.4,2224.4,2066.4,0,0,738650.257654701,0,0,0
161815.406140269,40,2625.2,2267.6,2080.8,0,0,738650.257655164,0,0,0
161815.446139335,40,2746,2360.6,2104.8,0,0,738650.257655627,0,0,0
161815.486138402,40,2767.8,2526.8,2167.2,0,0,738650.257656089,0,0,0
161815.526137468,40,2611.4,2731,2281.8,0,0,738650.257656552,0,0,0
161815.566136534,40,2374.8,2782.8,2464.4,0,0,738650.257657015,0,0,0
161815.606135601,40,2217.4,2620,2623.6,0,0,738650.257657478,0,0,0
161815.646134667,40,2210.4,2590.4,2611.4,0,0,738650.257657941,0,0,0
161815.686133734,40,2304,2753.4,2549.4,0,0,738650.257658404,0,0,0
161815.7261328,40,2505.4,2810.2,2369.2,0,0,738650.257658867,0,0,0
161815.766131866,40,2749.8,2707.6,2235,0,0,738650.25765933,0,0,0
161815.806130933,40,2842.4,2488.2,2140.6,0,0,738650.257659793,0,0,0
161815.846129999,40,2750.4,2325.2,2089.8,0,0,738650.257660256,0,0,0
161815.886129066,40,2624.4,2243.4,2067.8,0,0,738650.257660719,0,0,0
161815.926128132,40,2560,2220.2,2064.8,0,0,738650.257661182,0,0,0
161815.966127198,40,2558.8,2237.2,2070.6,0,0,738650.257661645,0,0,0
161816.006126265,40,2685.2,2301,2086,0,0,738650.257662108,0,0,0
161816.046125331,40,2779.6,2420.6,2126.4,0,0,738650.257662571,0,0,0
161816.086124398,40,2724.2,2618.2,2209,0,0,738650.257663034,0,0,0
161816.126123464,40,2499.4,2761.2,2351.4,0,0,738650.257663497,0,0,0
161816.16612253,40,2295.2,2716.4,2536.8,0,0,738650.25766396,0,0,0
161816.206121597,40,2193,2569.2,2641.2,0,0,738650.257664423,0,0,0
161816.246120663,40,2223.2,2626.2,2596,0,0,738650.257664885,0,0,0
161816.28611973,40,2352,2761.2,2483.6,0,0,738650.257665348,0,0,0
161816.326118796,40,2560.2,2766,2317.2,0,0,738650.257665811,0,0,0
161816.366117862,40,2736.2,2604.4,2196.2,0,0,738650.257666274,0,0,0
161816.406116929,40,2798.4,2426.4,2120.6,0,0,738650.257666737,0,0,0
161816.446115995,40,2688.6,2293.6,2082,0,0,738650.2576672,0,0,0
161816.486115062,40,2593.2,2232,2063.6,0,0,738650.257667663,0,0,0
161816.526114128,40,2518.8,2211,2061.6,0,0,738650.257668126,0,0,0
161816.566113194,40,2577,2238.4,2069.4,0,0,738650.257668589,0,0,0
161816.606112261,40,2710.6,2320.2,2094.8,0,0,738650.257669052,0,0,0
161816.646111327,40,2776.2,2467.8,2141.8,0,0,738650.257669515,0,0,0
161816.686110394,40,2676.8,2674.8,2236.6,0,0,738650.257669978,0,0,0
161816.72610946,40,2443.8,2789.8,2398.4,0,0,738650.257670441,0,0,0
161816.766108526,40,2262,2697.4,2589.8,0,0,738650.257670904,0,0,0
161816.806107593,40,2193.6,2567.6,2626.8,0,0,738650.257671367,0,0,0
161816.846106659,40,2254.4,2669.6,2576,0,0,738650.25767183,0,0,0
161816.886105726,40,2415.4,2824.4,2455.8,0,0,738650.257672293,0,0,0
161816.926104792,40,2661.8,2796.8,2291.4,0,0,738650.257672756,0,0,0
161816.966103858,40,2842.8,2582.8,2172.2,0,0,738650.257673219,0,0,0
161817.006102925,40,2839.2,2390.4,2104.4,0,0,738650.257673682,0,0,0
161817.046101991,40,2702.6,2274.6,2071.4,0,0,738650.257674145,0,0,0
161817.086101058,40,2596.6,2220.4,2059.2,0,0,738650.257674608,0,0,0
161817.126100124,40,2559.8,2215.6,2060.8,0,0,738650.25767507,0,0,0
161817.16609919,40,2580.2,2250.6,2075,0,0,738650.257675533,0,0,0
161817.206098257,40,2646.2,2315,2097.8,0,0,738650.257675996,0,0,0
161817.246097323,40,2731.4,2464.4,2148.4,0,0,738650.257676459,0,0,0
161817.28609639,40,2634.2,2658,2242.8,0,0,738650.257676922,0,0,0
161817.326095456,40,2433.6,2770.4,2401.6,0,0,738650.257677385,0,0,0
161817.366094522,40,2256.6,2690.6,2590.2,0,0,738650.257677848,0,0,0
161817.406093589,40,2205.8,2586.4,2617.6,0,0,738650.257678311,0,0,0
161817.446092655,40,2284.4,2692.4,2536.6,0,0,738650.257678774,0,0,0
161817.486091722,40,2461.2,2805,2406.2,0,0,738650.257679237,0,0,0
161817.526090788,40,2698.8,2747,2262,0,0,738650.2576797,0,0,0
161817.566089854,40,2854,2542.2,2157.2,0,0,738650.257680163,0,0,0
161817.606088921,40,2803.2,2364.8,2096.2,0,0,738650.257680626,0,0,0
161817.646087987,40,2699.8,2268.8,2069.6,0,0,738650.257681089,0,0,0
161817.686087054,40,2606.2,2219.4,2057.2,0,0,738650.257681552,0,0,0
161817.72608612,40,2580.2,2220.4,2062.2,0,0,738650.257682015,0,0,0
161817.766085186,40,2604.6,2258.6,2075,0,0,738650.257682478,0,0,0
161817.806084253,40,2652.2,2329.4,2103.6,0,0,738650.257682941,0,0,0
161817.846083319,40,2712,2477.4,2154.8,0,0,738650.257683404,0,0,0
161817.886082386,40,2611.4,2664,2252.6,0,0,738650.257683867,0,0,0
161817.926081452,40,2410,2766.2,2414.4,0,0,738650.25768433,0,0,0
161817.966080518,40,2249.8,2683.4,2605,0,0,738650.257684793,0,0,0
161818.006079585,40,2222.4,2611.2,2598.4,0,0,738650.257685255,0,0,0
161818.046078651,40,2319.2,2719.2,2493,0,0,738650.257685718,0,0,0
161818.086077718,40,2522.2,2795.8,2348.8,0,0,738650.257686181,0,0,0
161818.126076784,40,2764.8,2698,2224.2,0,0,738650.257686644,0,0,0
161818.16607585,40,2861.6,2487.2,2135,0,0,738650.257687107,0,0,0
161818.206074917,40,2767.4,2326.8,2088,0,0,738650.25768757,0,0,0
161818.246073983,40,2662.6,2248.8,2067.8,0,0,738650.257688033,0,0,0
161818.28607305,40,2588.2,2219.2,2060,0,0,738650.257688496,0,0,0
161818.326072116,40,2598.4,2231.6,2062.2,0,0,738650.257688959,0,0,0
161818.366071182,40,2637.8,2287.8,2085.8,0,0,738650.257689422,0,0,0
161818.406070249,40,2685.6,2386.8,2123.6,0,0,738650.257689885,0,0,0
161818.446069315,40,2683.8,2563,2194.2,0,0,738650.257690348,0,0,0
161818.486068382,40,2526,2741.4,2321.8,0,0,738650.257690811,0,0,0
161818.526067448,40,2325.6,2751.6,2513.4,0,0,738650.257691274,0,0,0
161818.566066514,40,2200.2,2615,2667.6,0,0,738650.257691737,0,0,0
161818.606065581,40,2216.6,2600,2604.2,0,0,738650.2576922,0,0,0
161818.646064647,40,2332.6,2768.6,2516.8,0,0,738650.257692663,0,0,0
161818.686063714,40,2558,2837.8,2354.2,0,0,738650.257693126,0,0,0
161818.72606278,40,2768.2,2671,2213.2,0,0,738650.257693589,0,0,0
161818.766061846,40,2858.4,2467,2129.8,0,0,738650.257694051,0,0,0
161818.806060913,40,2777.4,2326.8,2089.2,0,0,738650.257694514,0,0,0
161818.846059979,40,2667,2244,2061.6,0,0,738650.257694977,0,0,0
161818.886059046,40,2594.8,2211.4,2054.4,0,0,738650.25769544,0,0,0
161818.926058112,40,2611.4,2228.2,2063.4,0,0,738650.257695903,0,0,0
161818.966057178,40,2645.4,2275.2,2076.8,0,0,738650.257696366,0,0,0
161819.006056245,40,2662.4,2355,2111.8,0,0,738650.257696829,0,0,0
161819.046055311,40,2699.6,2526.4,2175.8,0,0,738650.257697292,0,0,0
161819.086054378,40,2572.6,2722.6,2293.8,0,0,738650.257697755,0,0,0
161819.126053444,40,2372.8,2806.4,2485.2,0,0,738650.257698218,0,0,0
161819.16605251,40,2221.6,2686.6,2693.8,0,0,738650.257698681,0,0,0
161819.206051577,40,2203.6,2592.2,2627.4,0,0,738650.257699144,0,0,0
161819.246050643,40,2296.8,2707.4,2521.6,0,0,738650.257699607,0,0,0
161819.28604971,40,2500.6,2837.8,2387,0,0,738650.25770007,0,0,0
161819.326048776,40,2741,2725.6,2236.2,0,0,738650.257700533,0,0,0
161819.366047842,40,2877.6,2517.2,2145.8,0,0,738650.257700996,0,0,0
161819.406046909,40,2811,2348.4,2092,0,0,738650.257701459,0,0,0
161819.446045975,40,2686.6,2256.2,2066,0,0,738650.257701922,0,0,0
161819.486045042,40,2600.4,2211,2055.4,0,0,738650.257702385,0,0,0
161819.526044108,40,2596,2211.8,2055.2,0,0,738650.257702848,0,0,0
161819.566043174,40,2628.4,2249.4,2072.4,0,0,738650.257703311,0,0,0
161819.606042241,40,2656.2,2314.4,2096.4,0,0,738650.257703773,0,0,0
161819.646041307,40,2699.4,2440.4,2141.4,0,0,738650.257704236,0,0,0
161819.686040374,40,2652.6,2637.8,2231,0,0,738650.257704699,0,0,0
161819.72603944,40,2459.6,2803.4,2395.2,0,0,738650.257705162,0,0,0
161819.766038506,40,2272.4,2745.8,2620,0,0,738650.257705625,0,0,0
161819.806037573,40,2189.6,2595,2693,0,0,738650.257706088,0,0,0
161819.846036639,40,2241.6,2637.6,2574.4,0,0,738650.257706551,0,0,0
161819.886035706,40,2405.4,2842.6,2481.2,0,0,738650.257707014,0,0,0
161819.926034772,40,2656.8,2830.4,2304.6,0,0,738650.257707477,0,0,0
161819.966033838,40,2867,2632.8,2184.4,0,0,738650.25770794,0,0,0
161820.006032905,40,2857,2413.4,2110.8,0,0,738650.257708403,0,0,0
161820.046031971,40,2750.2,2292.6,2073.2,0,0,738650.257708866,0,0,0
161820.086031038,40,2628.2,2220,2057.2,0,0,738650.257709329,0,0,0
161820.126030104,40,2570.2,2201,2052.4,0,0,738650.257709792,0,0,0
161820.16602917,40,2582.2,2220,2057.8,0,0,738650.257710255,0,0,0
161820.206028237,40,2610.2,2259.4,2076.4,0,0,738650.257710718,0,0,0
161820.246027303,40,2664.4,2340.2,2104.2,0,0,738650.257711181,0,0,0
161820.28602637,40,2727.4,2503.8,2162,0,0,738650.257711644,0,0,0
161820.326025436,40,2610,2713.4,2275,0,0,738650.257712107,0,0,0
161820.366024502,40,2405,2819.2,2452.2,0,0,738650.25771257,0,0,0
161820.406023569,40,2243.2,2715.2,2664,0,0,738650.257713033,0,0,0
161820.446022635,40,2208.2,2609,2626.6,0,0,738650.257713496,0,0,0
161820.486021702,40,2295.8,2702.4,2514.2,0,0,738650.257713958,0,0,0
161820.526020768,40,2495.2,2850,2398.4,0,0,738650.257714421,0,0,0
161820.566019834,40,2740.8,2736.6,2243,0,0,738650.257714884,0,0,0
161820.606018901,40,2852.2,2516,2146.8,0,0,738650.257715347,0,0,0
161820.646017967,40,2811,2353.8,2094,0,0,738650.25771581,0,0,0
161820.686017034,40,2673.4,2254.2,2067,0,0,738650.257716273,0,0,0
161820.7260161,40,2575.4,2205.4,2054.8,0,0,738650.257716736,0,0,0
161820.766015166,40,2564,2209.2,2054.6,0,0,738650.257717199,0,0,0
161820.806014233,40,2602.8,2236.6,2067.2,0,0,738650.257717662,0,0,0
161820.846013299,40,2648.8,2296.8,2088,0,0,738650.257718125,0,0,0
161820.886012366,40,2709,2411.2,2132.8,0,0,738650.257718588,0,0,0
161820.926011432,40,2681,2596.2,2211,0,0,738650.257719051,0,0,0
161820.966010498,40,2500.8,2758.8,2347.8,0,0,738650.257719514,0,0,0
161821.006009565,40,2318.4,2769.8,2543.6,0,0,738650.257719977,0,0,0
161821.046008631,40,2208.4,2647.2,2680.6,0,0,738650.25772044,0,0,0
161821.086007698,40,2240,2634.4,2567.6,0,0,738650.257720903,0,0,0
161821.126006764,40,2377.4,2811.8,2485,0,0,738650.257721366,0,0,0
161821.16600583,40,2603.8,2815.6,2317.2,0,0,738650.257721829,0,0,0
161821.206004897,40,2826.8,2655.2,2197.8,0,0,738650.257722292,0,0,0
161821.246003963,40,2845.8,2438.4,2123.8,0,0,738650.257722754,0,0,0
161821.28600303,40,2759.8,2310,2082.4,0,0,738650.257723217,0,0,0
161821.326002096,40,2641.6,2236.8,2062.2,0,0,738650.25772368,0,0,0
161821.366001162,40,2577,2205.4,2053.2,0,0,738650.257724143,0,0,0
161821.406000229,40,2557.6,2222,2060.4,0,0,738650.257724606,0,0,0
161821.445999295,40,2601.8,2259.8,2074.8,0,0,738650.257725069,0,0,0
161821.485998362,40,2708.6,2348.6,2107,0,0,738650.257725532,0,0,0
161821.525997428,40,2752,2510.6,2161.8,0,0,738650.257725995,0,0,0
161821.565996494,40,2615,2695.4,2266.4,0,0,738650.257726458,0,0,0
161821.605995561,40,2404,2776.6,2431.4,0,0,738650.257726921,0,0,0
161821.645994627,40,2244.2,2683.8,2610.6,0,0,738650.257727384,0,0,0
161821.685993694,40,2212.4,2606.2,2627.2,0,0,738650.257727847,0,0,0
161821.72599276,40,2302.4,2736.2,2546.4,0,0,738650.25772831,0,0,0
161821.765991826,40,2467.6,2777,2376,0,0,738650.257728773,0,0,0
161821.805990893,40,2677.6,2693.4,2241,0,0,738650.257729236,0,0,0
161821.845989959,40,2785.2,2499.2,2149.4,0,0,738650.257729699,0,0,0
161821.885989026,40,2724,2340.2,2099.8,0,0,738650.257730162,0,0,0
161821.925988092,40,2608,2249.8,2070,0,0,738650.257730625,0,0,0
161821.965987158,40,2512.8,2204,2055.8,0,0,738650.257731088,0,0,0
161822.005986225,40,2544.4,2219.4,2066.6,0,0,738650.257731551,0,0,0
161822.045985291,40,2640,2275,2078.4,0,0,738650.257732014,0,0,0
161822.085984358,40,2724.2,2364.2,2108.4,0,0,738650.257732477,0,0,0
161822.125983424,40,2724.4,2525.6,2173.2,0,0,738650.257732939,0,0,0
161822.16598249,40,2577.6,2697.8,2283.2,0,0,738650.257733402,0,0,0
161822.205981557,40,2374.2,2765.4,2451.8,0,0,738650.257733865,0,0,0
161822.245980623,40,2231.6,2655.8,2632.4,0,0,738650.257734328,0,0,0
161822.28597969,40,2200,2590.6,2632.8,0,0,738650.257734791,0,0,0
161822.325978756,40,2289.6,2741.4,2577,0,0,738650.257735254,0,0,0
161822.365977822,40,2472.8,2849,2417.6,0,0,738650.257735717,0,0,0
161822.405976889,40,2675,2722.6,2254.6,0,0,738650.25773618,0,0,0
161822.445975955,40,2808.6,2531.4,2160.8,0,0,738650.257736643,0,0,0
161822.485975022,40,2755.4,2363,2104.2,0,0,738650.257737106,0,0,0
161822.525974088,40,2646.4,2264.8,2074,0,0,738650.257737569,0,0,0
161822.565973154,40,2547.6,2215.6,2060.6,0,0,738650.257738032,0,0,0
161822.605972221,40,2517.2,2205.6,2060.6,0,0,738650.257738495,0,0,0
161822.645971287,40,2612.6,2244.8,2068.4,0,0,738650.257738958,0,0,0
161822.685970354,40,2727.2,2325.4,2096.6,0,0,738650.257739421,0,0,0
161822.72596942,40,2774.8,2469.4,2146.4,0,0,738650.257739884,0,0,0
161822.765968486,40,2665.6,2663.8,2235.6,0,0,738650.257740347,0,0,0
161822.805967553,40,2451.8,2781.2,2392,0,0,738650.25774081,0,0,0
161822.845966619,40,2276.4,2713.4,2579.6,0,0,738650.257741273,0,0,0
161822.885965686,40,2196.6,2587,2655.2,0,0,738650.257741736,0,0,0
161822.925964752,40,2241.8,2680,2613.4,0,0,738650.257742199,0,0,0
161822.965963818,40,2378.2,2794.2,2471.6,0,0,738650.257742662,0,0,0
161823.005962885,40,2586.4,2781.4,2312.8,0,0,738650.257743124,0,0,0
161823.045961951,40,2759.6,2588,2186.2,0,0,738650.257743587,0,0,0
161823.085961018,40,2770,2406.8,2120.6,0,0,738650.25774405,0,0,0
161823.125960084,40,2686.6,2294.4,2084.8,0,0,738650.257744513,0,0,0
161823.16595915,40,2568,2225.6,2066.2,0,0,738650.257744976,0,0,0
161823.205958217,40,2528.6,2206.8,2063.2,0,0,738650.257745439,0,0,0
161823.245957283,40,2584.2,2225.4,2064.2,0,0,738650.257745902,0,0,0
161823.28595635,40,2682.2,2282.2,2077.4,0,0,738650.257746365,0,0,0
161823.325955416,40,2770.4,2390.4,2117.4,0,0,738650.257746828,0,0,0
161823.365954482,40,2744,2561.6,2182.4,0,0,738650.257747291,0,0,0
161823.405953549,40,2557.8,2723.8,2298,0,0,738650.257747754,0,0,0
161823.445952615,40,2356.8,2755.6,2474,0,0,738650.257748217,0,0,0
161823.485951682,40,2218,2640.4,2644.8,0,0,738650.25774868,0,0,0
161823.525950748,40,2201.8,2599.2,2643.2,0,0,738650.257749143,0,0,0
161823.565949814,40,2289.6,2746.4,2582,0,0,738650.257749606,0,0,0
161823.605948881,40,2462,2807.6,2406.8,0,0,738650.257750069,0,0,0
161823.645947947,40,2693,2737.8,2256.4,0,0,738650.257750532,0,0,0
161823.685947014,40,2803.6,2519.4,2154.4,0,0,738650.257750995,0,0,0
161823.72594608,40,2769.6,2360,2104,0,0,738650.257751458,0,0,0
161823.765945146,40,2668.2,2267.8,2075.6,0,0,738650.25775192,0,0,0
161823.805944213,40,2562,2215.4,2059.4,0,0,738650.257752383,0,0,0
161823.845943279,40,2537.8,2212.4,2058,0,0,738650.257752846,0,0,0
161823.885942346,40,2610.6,2237.4,2068.4,0,0,738650.257753309,0,0,0
161823.925941412,40,2720,2307,2087.2,0,0,738650.257753772,0,0,0
161823.965940478,40,2788,2430.8,2127.6,0,0,738650.257754235,0,0,0
161824.005939545,40,2714.4,2621.4,2206.2,0,0,738650.257754698,0,0,0
161824.045938611,40,2509.4,2764.2,2344,0,0,738650.257755161,0,0,0
161824.085937678,40,2322.8,2750.4,2517,0,0,738650.257755624,0,0,0
161824.125936744,40,2223.6,2643.6,2631.6,0,0,738650.257756087,0,0,0
161824.16593581,40,2273.8,2698.4,2568.4,0,0,738650.25775655,0,0,0
161824.205934877,40,2404,2786.4,2436.6,0,0,738650.257757013,0,0,0
161824.245933943,40,2595.6,2754.2,2295.6,0,0,738650.257757476,0,0,0
161824.28593301,40,2749.4,2592.2,2186.4,0,0,738650.257757939,0,0,0
161824.325932076,40,2760.4,2417.6,2129.6,0,0,738650.257758402,0,0,0
161824.365931142,40,2701.8,2312.8,2090.8,0,0,738650.257758865,0,0,0
161824.405930209,40,2609.6,2251.2,2075.6,0,0,738650.257759328,0,0,0
161824.445929275,40,2562.6,2226.8,2066.4,0,0,738650.257759791,0,0,0
161824.485928342,40,2593.6,2240.4,2070.6,0,0,738650.257760254,0,0,0
161824.525927408,40,2672.6,2286.8,2084,0,0,738650.257760717,0,0,0
161824.565926474,40,2763.4,2377.2,2109.2,0,0,738650.25776118,0,0,0
161824.605925541,40,2775.6,2530.8,2167,0,0,738650.257761643,0,0,0
161824.645924607,40,2661,2712.8,2262.2,0,0,738650.257762105,0,0,0
161824.685923674,40,2472.2,2811.8,2394.8,0,0,738650.257762568,0,0,0
161824.72592274,40,2318.6,2769.4,2539.8,0,0,738650.257763031,0,0,0
161824.765921806,40,2284,2697.6,2541.8,0,0,738650.257763494,0,0,0
161824.805920873,40,2376.4,2796,2476.2,0,0,738650.257763957,0,0,0
161824.845919939,40,2550.4,2819.8,2343.6,0,0,738650.25776442,0,0,0
161824.885919006,40,2733.4,2692.8,2230.4,0,0,738650.257764883,0,0,0
161824.925918072,40,2839,2522.4,2154,0,0,738650.257765346,0,0,0
161824.965917138,40,2816.2,2386.6,2108.2,0,0,738650.257765809,0,0,0
161825.005916205,40,2742,2298.2,2084.2,0,0,738650.257766272,0,0,0
161825.045915271,40,2661.2,2251.2,2065.2,0,0,738650.257766735,0,0,0
161825.085914338,40,2608.2,2234.2,2063.8,0,0,738650.257767198,0,0,0
161825.125913404,40,2598.8,2244.6,2070.2,0,0,738650.257767661,0,0,0
161825.16591247,40,2659.6,2289.4,2086.4,0,0,738650.257768124,0,0,0
161825.205911537,40,2768.4,2386.8,2114.8,0,0,738650.257768587,0,0,0
161825.245910603,40,2796.6,2531.2,2164.4,0,0,738650.25776905,0,0,0
161825.28590967,40,2697.4,2720.8,2251.8,0,0,738650.257769513,0,0,0
161825.325908736,40,2521.2,2855.4,2378.6,0,0,738650.257769976,0,0,0
161825.365907802,40,2356.8,2847.4,2539,0,0,738650.257770439,0,0,0
161825.405906869,40,2295.4,2747.6,2565,0,0,738650.257770902,0,0,0
161825.445905935,40,2349.8,2737.6,2465.2,0,0,738650.257771365,0,0,0
161825.485905002,40,2521.4,2834,2369.4,0,0,738650.257771828,0,0,0
161825.525904068,40,2725.2,2764,2256.2,0,0,738650.25777229,0,0,0
161825.565903134,40,2882.6,2599.2,2170.8,0,0,738650.257772753,0,0,0
161825.605902201,40,2902,2437.4,2116.4,0,0,738650.257773216,0,0,0
161825.645901267,40,2839,2330.2,2087.2,0,0,738650.257773679,0,0,0
161825.685900334,40,2751,2267,2071.4,0,0,738650.257774142,0,0,0
161825.7258994,40,2694,2241.6,2061.8,0,0,738650.257774605,0,0,0
161825.765898466,40,2691.8,2259,2066.8,0,0,738650.257775068,0,0,0
161825.805897533,40,2710.8,2301,2086.6,0,0,738650.257775531,0,0,0
161825.845896599,40,2729,2378.6,2115.2,0,0,738650.257775994,0,0,0
161825.885895666,40,2774.4,2502.4,2160.6,0,0,738650.257776457,0,0,0
161825.925894732,40,2731.2,2697.6,2235.4,0,0,738650.25777692,0,0,0
161825.965893798,40,2579.2,2880.8,2361,0,0,738650.257777383,0,0,0
161826.005892865,40,2412,2950,2538,0,0,738650.257777846,0,0,0
161826.045891931,40,2326,2872,2614.2,0,0,738650.257778309,0,0,0
161826.085890998,40,2343,2777.6,2502.6,0,0,738650.257778772,0,0,0
161826.125890064,40,2464,2805.8,2396,0,0,738650.257779235,0,0,0
161826.16588913,40,2682,2807,2283,0,0,738650.257779698,0,0,0
161826.205888197,40,2863,2661.6,2196.2,0,0,738650.257780161,0,0,0
161826.245887263,40,2952,2500.4,2135.6,0,0,738650.257780624,0,0,0
161826.28588633,40,2932.6,2379.2,2099.8,0,0,738650.257781086,0,0,0
161826.325885396,40,2826.8,2291.6,2079.4,0,0,738650.257781549,0,0,0
161826.365884462,40,2713.4,2243.6,2065.8,0,0,738650.257782012,0,0,0
161826.405883529,40,2691.8,2241.6,2063.8,0,0,738650.257782475,0,0,0
161826.445882595,40,2709.2,2275.6,2075,0,0,738650.257782938,0,0,0
161826.485881662,40,2729,2352.6,2106,0,0,738650.257783401,0,0,0
161826.525880728,40,2780.4,2478.6,2149.4,0,0,738650.257783864,0,0,0
161826.565879794,40,2745,2682.8,2225.8,0,0,738650.257784327,0,0,0
161826.605878861,40,2570,2860,2356,0,0,738650.25778479,0,0,0
161826.645877927,40,2383,2907,2550.6,0,0,738650.257785253,0,0,0
161826.685876994,40,2260,2796,2701,0,0,738650.257785716,0,0,0
161826.72587606,40,2261.6,2712.4,2612.6,0,0,738650.257786179,0,0,0
161826.765875126,40,2354.8,2803.2,2504.4,0,0,738650.257786642,0,0,0
161826.805874193,40,2557.8,2881.8,2373,0,0,738650.257787105,0,0,0
161826.845873259,40,2801.6,2794.2,2245.8,0,0,738650.257787568,0,0,0
161826.885872326,40,2946.6,2583,2158.6,0,0,738650.257788031,0,0,0
161826.925871392,40,2953.2,2422.4,2112,0,0,738650.257788494,0,0,0
161826.965870458,40,2844.4,2309.6,2080.6,0,0,738650.257788957,0,0,0
161827.005869525,40,2720.2,2249.4,2066.6,0,0,738650.25778942,0,0,0
161827.045868591,40,2664,2228.6,2058.2,0,0,738650.257789883,0,0,0
161827.085867658,40,2676.2,2245,2066.6,0,0,738650.257790346,0,0,0
161827.125866724,40,2704.4,2298,2085.8,0,0,738650.257790808,0,0,0
161827.16586579,40,2745,2386.6,2120.6,0,0,738650.257791271,0,0,0
161827.205864857,40,2776.4,2534.2,2172.2,0,0,738650.257791734,0,0,0
161827.245863923,40,2690.2,2743.2,2261.2,0,0,738650.257792197,0,0,0
161827.28586299,40,2508,2875,2399.8,0,0,738650.25779266,0,0,0
161827.325862056,40,2348.6,2876,2591.4,0,0,738650.257793123,0,0,0
161827.365861122,40,2260.6,2761.4,2669.6,0,0,738650.257793586,0,0,0
161827.405860189,40,2295,2734.4,2558.2,0,0,738650.257794049,0,0,0
161827.445859255,40,2449.8,2868.8,2450.6,0,0,738650.257794512,0,0,0
161827.485858322,40,2668.4,2863.8,2312.6,0,0,738650.257794975,0,0,0
161827.525857388,40,2885.2,2686.2,2199,0,0,738650.257795438,0,0,0
161827.565856454,40,2944.2,2481.6,2129.4,0,0,738650.257795901,0,0,0
161827.605855521,40,2893.4,2352.8,2090.8,0,0,738650.257796364,0,0,0
161827.645854587,40,2776,2268.8,2069.6,0,0,738650.257796827,0,0,0
161827.685853654,40,2671,2224.8,2058.2,0,0,738650.25779729,0,0,0
161827.72585272,40,2649.8,2223.2,2058,0,0,738650.257797753,0,0,0
161827.765851786,40,2670.2,2249.6,2064,0,0,738650.257798216,0,0,0
161827.805850853,40,2690.2,2308,2091.2,0,0,738650.257798679,0,0,0
161827.845849919,40,2757.2,2406.8,2125.8,0,0,738650.257799142,0,0,0
161827.885848986,40,2785,2580.2,2185.6,0,0,738650.257799605,0,0,0
161827.925848052,40,2673.6,2808.2,2293.2,0,0,738650.257800068,0,0,0
161827.965847118,40,2468.6,2942.4,2463,0,0,738650.257800531,0,0,0
161828.005846185,40,2306.6,2882,2670.2,0,0,738650.257800993,0,0,0
161828.045845251,40,2258.8,2782,2693.6,0,0,738650.257801456,0,0,0
161828.085844318,40,2316.6,2750.6,2537,0,0,738650.257801919,0,0,0
161828.125843384,40,2495.2,2878,2408.4,0,0,738650.257802382,0,0,0
161828.16584245,40,2744.2,2823.6,2270.6,0,0,738650.257802845,0,0,0
161828.205841517,40,2939.6,2625.2,2173.8,0,0,738650.257803308,0,0,0
161828.245840583,40,2944.4,2429,2113.2,0,0,738650.257803771,0,0,0
161828.28583965,40,2850.4,2309.8,2077.8,0,0,738650.257804234,0,0,0
161828.325838716,40,2718.2,2239.6,2062.2,0,0,738650.257804697,0,0,0
161828.365837782,40,2633,2208.6,2050.4,0,0,738650.25780516,0,0,0
161828.405836849,40,2640.4,2220.2,2056.8,0,0,738650.257805623,0,0,0
161828.445835915,40,2668.6,2257.4,2072.4,0,0,738650.257806086,0,0,0
161828.485834982,40,2703.4,2326,2099.2,0,0,738650.257806549,0,0,0
161828.525834048,40,2809.4,2458.2,2138.4,0,0,738650.257807012,0,0,0
161828.565833114,40,2796.8,2672.4,2215.6,0,0,738650.257807475,0,0,0
161828.605832181,40,2623.8,2887.8,2343.4,0,0,738650.257807938,0,0,0
161828.645831247,40,2414.6,2960.2,2534.8,0,0,738650.257808401,0,0,0
161828.685830314,40,2282.4,2836,2688.8,0,0,738650.257808864,0,0,0
161828.72582938,40,2292,2750.6,2584.4,0,0,738650.257809327,0,0,0
161828.765828446,40,2415.4,2855.6,2467.6,0,0,738650.25780979,0,0,0
161828.805827513,40,2654.2,2900.2,2336,0,0,738650.257810252,0,0,0
161828.845826579,40,2897.2,2736.2,2212.4,0,0,738650.257810715,0,0,0
161828.885825646,40,2970.4,2511.4,2133,0,0,738650.257811178,0,0,0
161828.925824712,40,2898,2362.2,2096.8,0,0,738650.257811641,0,0,0
161828.965823778,40,2783.6,2273.6,2070.2,0,0,738650.257812104,0,0,0
161829.005822845,40,2672.8,2221,2058.2,0,0,738650.257812567,0,0,0
161829.045821911,40,2628.2,2212.6,2058.2,0,0,738650.25781303,0,0,0
161829.085820978,40,2638.4,2240.6,2066,0,0,738650.257813493,0,0,0
161829.125820044,40,2672.8,2289.2,2085.4,0,0,738650.257813956,0,0,0
161829.16581911,40,2785.8,2389.4,2115.2,0,0,738650.257814419,0,0,0
161829.205818177,40,2837.8,2564.4,2171,0,0,738650.257814882,0,0,0
161829.245817243,40,2726.2,2805.4,2276.6,0,0,738650.257815345,0,0,0
161829.28581631,40,2499.2,2947.8,2443,0,0,738650.257815808,0,0,0
161829.325815376,40,2316.8,2888.4,2657.2,0,0,738650.257816271,0,0,0
161829.365814442,40,2254.4,2762.4,2686.8,0,0,738650.257816734,0,0,0
161829.405813509,40,2316.6,2756,2532.6,0,0,738650.257817197,0,0,0
161829.445812575,40,2512.8,2901.2,2408.6,0,0,738650.25781766,0,0,0
161829.485811642,40,2785.4,2834.2,2265,0,0,738650.257818123,0,0,0
161829.525810708,40,2960.6,2604.4,2163.4,0,0,738650.257818586,0,0,0
161829.565809774,40,2933,2405,2108.4,0,0,738650.257819049,0,0,0
161829.605808841,40,2816,2287.6,2073.6,0,0,738650.257819512,0,0,0
161829.645807907,40,2666.4,2217.8,2055.6,0,0,738650.257819974,0,0,0
161829.685806974,40,2614,2204.8,2054.6,0,0,738650.257820437,0,0,0
161829.72580604,40,2657.6,2230.6,2063.8,0,0,738650.2578209,0,0,0
161829.765805106,40,2704.2,2272.2,2076,0,0,738650.257821363,0,0,0
161829.805804173,40,2730.6,2355.2,2109.4,0,0,738650.257821826,0,0,0
161829.845803239,40,2812.2,2510,2158.4,0,0,738650.257822289,0,0,0
161829.885802306,40,2741.8,2737.2,2249.8,0,0,738650.257822752,0,0,0
161829.925801372,40,2533.8,2922.8,2405.2,0,0,738650.257823215,0,0,0
161829.965800438,40,2339.4,2922.6,2631.4,0,0,738650.257823678,0,0,0
161830.005799505,40,2239.8,2764.4,2729.4,0,0,738650.257824141,0,0,0
161830.045798571,40,2276.4,2719.2,2590.2,0,0,738650.257824604,0,0,0
161830.085797638,40,2423,2908.2,2492.8,0,0,738650.257825067,0,0,0
161830.125796704,40,2681.6,2937.8,2339.6,0,0,738650.25782553,0,0,0
161830.16579577,40,2908.6,2715.6,2204,0,0,738650.257825993,0,0,0
161830.205794837,40,2962,2495.8,2135.8,0,0,738650.257826456,0,0,0
161830.245793903,40,2899,2356,2091.8,0,0,738650.257826919,0,0,0
161830.28579297,40,2770,2264,2068.4,0,0,738650.257827382,0,0,0
161830.325792036,40,2653,2220.8,2057.2,0,0,738650.257827845,0,0,0
161830.365791102,40,2616.2,2214.4,2055.6,0,0,738650.257828308,0,0,0
161830.405790169,40,2614.8,2240.6,2069.2,0,0,738650.257828771,0,0,0
161830.445789235,40,2701,2298,2091.4,0,0,738650.257829234,0,0,0
161830.485788302,40,2804.2,2414.8,2124.4,0,0,738650.257829697,0,0,0
161830.525787368,40,2799.4,2602,2193.2,0,0,738650.257830159,0,0,0
161830.565786434,40,2633.2,2813.4,2311.2,0,0,738650.257830622,0,0,0
161830.605785501,40,2414.4,2864,2478.4,0,0,738650.257831085,0,0,0
161830.645784567,40,2264.8,2744,2655,0,0,738650.257831548,0,0,0
161830.685783634,40,2228.6,2663.8,2654.8,0,0,738650.257832011,0,0,0
161830.7257827,40,2313.4,2818.2,2601,0,0,738650.257832474,0,0,0
161830.765781766,40,2477,2858.4,2416.8,0,0,738650.257832937,0,0,0
161830.805780833,40,2702.4,2780,2275.4,0,0,738650.2578334,0,0,0
161830.845779899,40,2843,2590.8,2174.8,0,0,738650.257833863,0,0,0
161830.885778966,40,2816.6,2417,2118.8,0,0,738650.257834326,0,0,0
161830.925778032,40,2731,2310.6,2090.2,0,0,738650.257834789,0,0,0
161830.965777098,40,2627.6,2250.4,2072.4,0,0,738650.257835252,0,0,0
161831.005776165,40,2580.4,2227.2,2067.2,0,0,738650.257835715,0,0,0
161831.045775231,40,2630.4,2242.2,2071.2,0,0,738650.257836178,0,0,0
161831.085774298,40,2713.8,2292.2,2085.4,0,0,738650.257836641,0,0,0
161831.125773364,40,2792.4,2388.8,2116.6,0,0,738650.257837104,0,0,0
161831.16577243,40,2784.4,2536.8,2169.6,0,0,738650.257837567,0,0,0
161831.205771497,40,2655.6,2718.6,2265.6,0,0,738650.25783803,0,0,0
161831.245770563,40,2468.8,2828,2410.6,0,0,738650.257838493,0,0,0
161831.28576963,40,2301.4,2787.2,2596.6,0,0,738650.257838955,0,0,0
161831.325768696,40,2216.8,2672.4,2699,0,0,738650.257839418,0,0,0
161831.365767762,40,2268.4,2719.6,2605.2,0,0,738650.257839881,0,0,0
161831.405766829,40,2402.6,2885,2503,0,0,738650.257840344,0,0,0
161831.445765895,40,2631.8,2865.2,2327,0,0,738650.257840807,0,0,0
161831.485764962,40,2841.6,2693.4,2209,0,0,738650.25784127,0,0,0
161831.525764028,40,2920,2496.8,2136.4,0,0,738650.257841733,0,0,0
161831.565763094,40,2861.2,2354.6,2096.6,0,0,738650.257842196,0,0,0
161831.605762161,40,2747.2,2273,2074.2,0,0,738650.257842659,0,0,0
161831.645761227,40,2646.6,2233.8,2061.6,0,0,738650.257843122,0,0,0
161831.685760294,40,2590.2,2227,2065.2,0,0,738650.257843585,0,0,0
161831.72575936,40,2643.4,2261.2,2076.6,0,0,738650.257844048,0,0,0
161831.765758426,40,2771,2346.4,2101.6,0,0,738650.257844511,0,0,0
161831.805757493,40,2817.2,2485.4,2147,0,0,738650.257844974,0,0,0
161831.845756559,40,2730.4,2691.2,2235.8,0,0,738650.257845437,0,0,0
161831.885755626,40,2511.4,2824.8,2378.8,0,0,738650.2578459,0,0,0
161831.925754692,40,2328,2799.6,2557.8,0,0,738650.257846363,0,0,0
161831.965753758,40,2212.4,2664.8,2717.2,0,0,738650.257846826,0,0,0
161832.005752825,40,2217.4,2647.6,2670.2,0,0,738650.257847289,0,0,0
161832.045751891,40,2307.4,2814.2,2607.2,0,0,738650.257847752,0,0,0
161832.085750958,40,2488.2,2893.4,2423.4,0,0,738650.257848215,0,0,0
161832.125750024,40,2723.6,2791.2,2269.4,0,0,738650.257848678,0,0,0
161832.16574909,40,2870.4,2587.8,2170.2,0,0,738650.25784914,0,0,0
161832.205748157,40,2867,2423,2115.8,0,0,738650.257849603,0,0,0
161832.245747223,40,2790.2,2312,2088,0,0,738650.257850066,0,0,0
161832.28574629,40,2674.4,2252.4,2066.2,0,0,738650.257850529,0,0,0
161832.325745356,40,2613.8,2227.4,2062.6,0,0,738650.257850992,0,0,0
161832.365744422,40,2623.6,2244.8,2076.2,0,0,738650.257851455,0,0,0
161832.405743489,40,2717.8,2304,2082.8,0,0,738650.257851918,0,0,0
161832.445742555,40,2812.4,2405.6,2119.2,0,0,738650.257852381,0,0,0
161832.485741622,40,2795.6,2579.8,2182.8,0,0,738650.257852844,0,0,0
161832.525740688,40,2629.8,2757.2,2288.8,0,0,738650.257853307,0,0,0
161832.565739754,40,2427.4,2832.2,2446.8,0,0,738650.25785377,0,0,0
161832.605738821,40,2271.8,2747.8,2625.6,0,0,738650.257854233,0,0,0
161832.645737887,40,2208.8,2644.8,2693.4,0,0,738650.257854696,0,0,0
161832.685736954,40,2273.8,2754.4,2633.2,0,0,738650.257855159,0,0,0
161832.72573602,40,2421.6,2847.2,2467.2,0,0,738650.257855622,0,0,0
161832.765735086,40,2651.4,2826,2304,0,0,738650.257856085,0,0,0
161832.805734153,40,2818.4,2620.8,2189.8,0,0,738650.257856548,0,0,0
161832.845733219,40,2821.4,2431,2123.4,0,0,738650.257857011,0,0,0
161832.885732286,40,2758,2316.4,2088.4,0,0,738650.257857474,0,0,0
161832.925731352,40,2646.2,2249.2,2073.2,0,0,738650.257857937,0,0,0
161832.965730418,40,2566.6,2217.4,2063.6,0,0,738650.2578584,0,0,0
161833.005729485,40,2579.8,2224.2,2064.2,0,0,738650.257858863,0,0,0
161833.045728551,40,2672,2266.6,2073.6,0,0,738650.257859325,0,0,0
161833.085727618,40,2771.6,2343.6,2099.8,0,0,738650.257859788,0,0,0
161833.125726684,40,2799.4,2479.2,2148.4,0,0,738650.257860251,0,0,0
161833.16572575,40,2695.2,2669.6,2235.2,0,0,738650.257860714,0,0,0
161833.205724817,40,2502.2,2817.2,2379.2,0,0,738650.257861177,0,0,0
161833.245723883,40,2322.8,2806.4,2571.6,0,0,738650.25786164,0,0,0
161833.28572295,40,2215.4,2695.8,2729,0,0,738650.257862103,0,0,0
161833.325722016,40,2245,2694.4,2635.6,0,0,738650.257862566,0,0,0
161833.365721082,40,2376.6,2855.8,2522.2,0,0,738650.257863029,0,0,0
161833.405720149,40,2604.6,2897.4,2356,0,0,738650.257863492,0,0,0
161833.445719215,40,2850,2723,2217,0,0,738650.257863955,0,0,0
161833.485718282,40,2936.2,2509.2,2136.8,0,0,738650.257864418,0,0,0
161833.525717348,40,2857,2354,2092.6,0,0,738650.257864881,0,0,0
161833.565716414,40,2736,2262,2068.4,0,0,738650.257865344,0,0,0
161833.605715481,40,2643,2218.4,2059.6,0,0,738650.257865807,0,0,0
161833.645714547,40,2602.8,2216.6,2060,0,0,738650.25786627,0,0,0
161833.685713614,40,2633,2252,2074.2,0,0,738650.257866733,0,0,0
161833.72571268,40,2713.6,2312.4,2092.8,0,0,738650.257867196,0,0,0
161833.765711746,40,2809.2,2434.8,2127.2,0,0,738650.257867659,0,0,0
161833.805710813,40,2772.2,2607.4,2195.4,0,0,738650.257868121,0,0,0
161833.845709879,40,2595.2,2789.2,2312.2,0,0,738650.257868584,0,0,0
161833.885708946,40,2407.8,2854.4,2478.6,0,0,738650.257869047,0,0,0
161833.925708012,40,2262.6,2759.6,2654,0,0,738650.25786951,0,0,0
161833.965707078,40,2262.6,2710.4,2611,0,0,738650.257869973,0,0,0
161834.005706145,40,2372.2,2848.2,2518.6,0,0,738650.257870436,0,0,0
161834.045705211,40,2583,2880.6,2359,0,0,738650.257870899,0,0,0
161834.085704278,40,2816.4,2732.6,2225.2,0,0,738650.257871362,0,0,0
161834.125703344,40,2947.4,2527.2,2144.2,0,0,738650.257871825,0,0,0
161834.16570241,40,2900.8,2371.8,2099,0,0,738650.257872288,0,0,0
161834.205701477,40,2778.4,2279.2,2071.2,0,0,738650.257872751,0,0,0
161834.245700543,40,2669.6,2225,2059.8,0,0,738650.257873214,0,0,0
161834.28569961,40,2599.2,2209.8,2057.4,0,0,738650.257873677,0,0,0
161834.325698676,40,2594.6,2224.2,2063.2,0,0,738650.25787414,0,0,0
161834.365697742,40,2638.6,2260.2,2076.6,0,0,738650.257874603,0,0,0
161834.405696809,40,2764.2,2350,2102,0,0,738650.257875066,0,0,0
161834.445695875,40,2818.2,2479.2,2144.8,0,0,738650.257875529,0,0,0
161834.485694942,40,2752.6,2677.6,2224.4,0,0,738650.257875992,0,0,0
161834.525694008,40,2555.4,2821.4,2345.8,0,0,738650.257876455,0,0,0
161834.565693074,40,2373,2834.2,2510.6,0,0,738650.257876918,0,0,0
161834.605692141,40,2293.4,2759.2,2595,0,0,738650.257877381,0,0,0
161834.645691207,40,2363,2795.2,2502.6,0,0,738650.257877843,0,0,0
161834.685690274,40,2534.4,2846.6,2374.2,0,0,738650.257878306,0,0,0
161834.72568934,40,2776.8,2773.4,2252.6,0,0,738650.257878769,0,0,0
161834.765688406,40,2913,2576.8,2160,0,0,738650.257879232,0,0,0
161834.805687473,40,2908.8,2416.2,2108.6,0,0,738650.257879695,0,0,0
161834.845686539,40,2813,2307.4,2082.4,0,0,738650.257880158,0,0,0
161834.885685606,40,2711,2248.4,2066,0,0,738650.257880621,0,0,0
161834.925684672,40,2643,2222.2,2058.6,0,0,738650.257881084,0,0,0
161834.965683738,40,2635.8,2228.6,2060.2,0,0,738650.257881547,0,0,0
161835.005682805,40,2664,2264.6,2080,0,0,738650.25788201,0,0,0
161835.045681871,40,2727.8,2337.4,2101.4,0,0,738650.257882473,0,0,0
161835.085680938,40,2810.6,2466.4,2141.8,0,0,738650.257882936,0,0,0
161835.125680004,40,2758,2653.8,2216.4,0,0,738650.257883399,0,0,0
161835.16567907,40,2588.8,2842.6,2340.8,0,0,738650.257883862,0,0,0
161835.205678137,40,2398.8,2882.4,2511.2,0,0,738650.257884325,0,0,0
161835.245677203,40,2283.2,2774.6,2612,0,0,738650.257884788,0,0,0
161835.28567627,40,2328,2768.8,2522.6,0,0,738650.257885251,0,0,0
161835.325675336,40,2490.2,2872,2411.4,0,0,738650.257885714,0,0,0
161835.365674402,40,2731.2,2832,2280.4,0,0,738650.257886177,0,0,0
161835.405673469,40,2922.8,2627.8,2178.2,0,0,738650.25788664,0,0,0
161835.445672535,40,2924.2,2431.2,2113.2,0,0,738650.257887103,0,0,0
161835.485671602,40,2831.2,2311.4,2082,0,0,738650.257887566,0,0,0
161835.525670668,40,2708.4,2244.2,2061.2,0,0,738650.257888028,0,0,0
161835.565669734,40,2624.6,2212.6,2057.2,0,0,738650.257888491,0,0,0
161835.605668801,40,2602.2,2216.4,2059.8,0,0,738650.257888954,0,0,0
161835.645667867,40,2618.4,2248,2072,0,0,738650.257889417,0,0,0
161835.685666934,40,2699,2309,2093.4,0,0,738650.25788988,0,0,0
161835.725666,40,2808.4,2432,2128.8,0,0,738650.257890343,0,0,0
161835.765665066,40,2772.6,2627.4,2201.6,0,0,738650.257890806,0,0,0
161835.805664133,40,2594.2,2801.6,2322.8,0,0,738650.257891269,0,0,0
161835.845663199,40,2387,2834.6,2487,0,0,738650.257891732,0,0,0
161835.885662266,40,2257.6,2730.6,2631.2,0,0,738650.257892195,0,0,0
161835.925661332,40,2280.8,2735.4,2578.8,0,0,738650.257892658,0,0,0
161835.965660398,40,2407.4,2860.4,2480.2,0,0,738650.257893121,0,0,0
161836.005659465,40,2615,2827.4,2327.2,0,0,738650.257893584,0,0,0
161836.045658531,40,2810.8,2676.4,2208.6,0,0,738650.257894047,0,0,0
161836.085657598,40,2880,2476.4,2133,0,0,738650.25789451,0,0,0
161836.125656664,40,2806.2,2339,2094.4,0,0,738650.257894973,0,0,0
161836.16565573,40,2699,2258.4,2068,0,0,738650.257895436,0,0,0
161836.205654797,40,2606,2216.6,2062.4,0,0,738650.257895899,0,0,0
161836.245653863,40,2551.8,2214.2,2060.6,0,0,738650.257896362,0,0,0
161836.28565293,40,2608,2242.2,2073.4,0,0,738650.257896825,0,0,0
161836.325651996,40,2712.4,2297.8,2084.4,0,0,738650.257897287,0,0,0
161836.365651062,40,2799.8,2414.2,2120.4,0,0,738650.25789775,0,0,0
161836.405650129,40,2754.8,2583.4,2192.4,0,0,738650.257898213,0,0,0
161836.445649195,40,2594.4,2766.2,2310,0,0,738650.257898676,0,0,0
161836.485648262,40,2402.4,2838.4,2473,0,0,738650.257899139,0,0,0
161836.525647328,40,2280.2,2773,2643.2,0,0,738650.257899602,0,0,0
161836.565646394,40,2293,2740,2572.4,0,0,738650.257900065,0,0,0
161836.605645461,40,2408.6,2818.6,2462.4,0,0,738650.257900528,0,0,0
161836.645644527,40,2613.2,2832.4,2325.8,0,0,738650.257900991,0,0,0
161836.685643594,40,2820.4,2711.6,2217.6,0,0,738650.257901454,0,0,0
161836.72564266,40,2922.6,2530.2,2146.2,0,0,738650.257901917,0,0,0
161836.765641726,40,2890.8,2392.4,2104.4,0,0,738650.25790238,0,0,0
161836.805640793,40,2816.2,2307.8,2081.4,0,0,738650.257902843,0,0,0
161836.845639859,40,2732.4,2257.4,2067.8,0,0,738650.257903306,0,0,0
161836.885638926,40,2683.6,2246.2,2066.2,0,0,738650.257903769,0,0,0
161836.925637992,40,2706,2268,2075,0,0,738650.257904232,0,0,0
161836.965637058,40,2757.4,2326.2,2089.2,0,0,738650.257904695,0,0,0
161837.005636125,40,2786.4,2423.6,2126.6,0,0,738650.257905158,0,0,0
161837.045635191,40,2780.8,2588.4,2187.6,0,0,738650.257905621,0,0,0
161837.085634258,40,2639.8,2772.6,2294.8,0,0,738650.257906084,0,0,0
161837.125633324,40,2446.2,2858.8,2447.8,0,0,738650.257906547,0,0,0
161837.16563239,40,2324,2829.8,2586,0,0,738650.257907009,0,0,0
161837.205631457,40,2372.4,2856,2526.4,0,0,738650.257907472,0,0,0
161837.245630523,40,2484.4,2822.6,2395,0,0,738650.257907935,0,0,0
161837.28562959,40,2628,2734.2,2280.2,0,0,738650.257908398,0,0,0
161837.325628656,40,2759.8,2612.6,2196,0,0,738650.257908861,0,0,0
161837.365627722,40,2823.2,2479.8,2143,0,0,738650.257909324,0,0,0
161837.405626789,40,2800,2380,2104.2,0,0,738650.257909787,0,0,0
161837.445625855,40,2772.6,2319.6,2085.8,0,0,738650.25791025,0,0,0
161837.485624922,40,2732.6,2280,2076.6,0,0,738650.257910713,0,0,0
161837.525623988,40,2739.2,2273.2,2072.2,0,0,738650.257911176,0,0,0
161837.565623054,40,2791.4,2295.6,2076.4,0,0,738650.257911639,0,0,0
161837.605622121,40,2861.2,2346.8,2091.4,0,0,738650.257912102,0,0,0
161837.645621187,40,2926.4,2465.6,2126,0,0,738650.257912565,0,0,0
161837.685620254,40,2907.4,2658.4,2191.4,0,0,738650.257913028,0,0,0
161837.72561932,40,2714.6,2886.4,2305.4,0,0,738650.257913491,0,0,0
161837.765618386,40,2490,2984.4,2471.2,0,0,738650.257913954,0,0,0
161837.805617453,40,2471.6,2997.4,2492,0,0,738650.257914417,0,0,0
161837.845616519,40,2624.8,2967.4,2369.8,0,0,738650.25791488,0,0,0
161837.885615586,40,2815,2804.6,2250.8,0,0,738650.257915343,0,0,0
161837.925614652,40,2929,2608.6,2171.2,0,0,738650.257915806,0,0,0
161837.965613718,40,2941.8,2455,2119.2,0,0,738650.257916269,0,0,0
161838.005612785,40,2879.2,2352.8,2094.4,0,0,738650.257916732,0,0,0
161838.045611851,40,2795.8,2293.2,2077.2,0,0,738650.257917194,0,0,0
161838.085610918,40,2742.8,2253,2064.4,0,0,738650.257917657,0,0,0
161838.125609984,40,2715.6,2246.6,2065.2,0,0,738650.25791812,0,0,0
161838.16560905,40,2742.8,2263.8,2068.6,0,0,738650.257918583,0,0,0
161838.205608117,40,2799.4,2300.6,2081,0,0,738650.257919046,0,0,0
161838.245607183,40,2878,2383.8,2100.6,0,0,738650.257919509,0,0,0
161838.28560625,40,2883.6,2510.8,2145.6,0,0,738650.257919972,0,0,0
161838.325605316,40,2777.8,2700,2224.8,0,0,738650.257920435,0,0,0
161838.365604382,40,2586,2841.2,2341.6,0,0,738650.257920898,0,0,0
161838.405603449,40,2424,2851.6,2463.2,0,0,738650.257921361,0,0,0
161838.445602515,40,2473,2855.6,2422.8,0,0,738650.257921824,0,0,0
161838.485601582,40,2601.6,2761.2,2301.2,0,0,738650.257922287,0,0,0
161838.525600648,40,2742,2625.4,2207.6,0,0,738650.25792275,0,0,0
161838.565599714,40,2852.4,2503.2,2147.8,0,0,738650.257923213,0,0,0
161838.605598781,40,2820.4,2384.8,2106.8,0,0,738650.257923676,0,0,0
161838.645597847,40,2778.8,2310.6,2084,0,0,738650.257924139,0,0,0
161838.685596914,40,2728.6,2268.8,2074.6,0,0,738650.257924602,0,0,0
161838.72559598,40,2695.2,2246,2066.8,0,0,738650.257925065,0,0,0
161838.765595046,40,2702.6,2254.4,2068.6,0,0,738650.257925528,0,0,0
161838.805594113,40,2741.6,2274.2,2072.2,0,0,738650.257925991,0,0,0
161838.845593179,40,2793.4,2317.8,2086.4,0,0,738650.257926453,0,0,0
161838.885592246,40,2834.4,2404.4,2114.8,0,0,738650.257926916,0,0,0
161838.925591312,40,2822.8,2559.4,2170.6,0,0,738650.257927379,0,0,0
161838.965590378,40,2682.8,2736.6,2265.4,0,0,738650.257927842,0,0,0
161839.005589445,40,2491,2845.2,2401,0,0,738650.257928305,0,0,0
161839.045588511,40,2401.4,2844.6,2483.8,0,0,738650.257928768,0,0,0
161839.085587578,40,2497.2,2832.8,2387.8,0,0,738650.257929231,0,0,0
161839.125586644,40,2667.6,2770.2,2280.4,0,0,738650.257929694,0,0,0
161839.16558571,40,2813.8,2629.4,2194.4,0,0,738650.257930157,0,0,0
161839.205584777,40,2848,2483,2140.6,0,0,738650.25793062,0,0,0
161839.245583843,40,2823.6,2377.2,2105,0,0,738650.257931083,0,0,0
161839.28558291,40,2770.8,2305.2,2086.4,0,0,738650.257931546,0,0,0
161839.325581976,40,2710.8,2260.8,2068.6,0,0,738650.257932009,0,0,0
161839.365581042,40,2670.8,2237.6,2063.4,0,0,738650.257932472,0,0,0
161839.405580109,40,2672.6,2237.2,2063.8,0,0,738650.257932935,0,0,0
161839.445579175,40,2725.4,2270.8,2073.8,0,0,738650.257933398,0,0,0
161839.485578242,40,2812,2337,2096.6,0,0,738650.257933861,0,0,0
161839.525577308,40,2856.2,2468.2,2135.6,0,0,738650.257934324,0,0,0
161839.565576374,40,2778.6,2664,2216.2,0,0,738650.257934787,0,0,0
161839.605575441,40,2571.8,2841,2349.4,0,0,738650.25793525,0,0,0
161839.645574507,40,2374,2842.8,2516,0,0,738650.257935713,0,0,0
161839.685573574,40,2320.4,2768.6,2539.8,0,0,738650.257936175,0,0,0
161839.72557264,40,2435.8,2815,2436.4,0,0,738650.257936638,0,0,0
161839.765571706,40,2644.2,2841.2,2313.4,0,0,738650.257937101,0,0,0
161839.805570773,40,2878.4,2691.4,2200.2,0,0,738650.257937564,0,0,0
161839.845569839,40,2938.2,2490.2,2130.8,0,0,738650.257938027,0,0,0
161839.885568906,40,2859.6,2351.8,2091.4,0,0,738650.25793849,0,0,0
161839.925567972,40,2764.6,2268.2,2072.4,0,0,738650.257938953,0,0,0
161839.965567038,40,2699.6,2237.8,2066.4,0,0,738650.257939416,0,0,0
161840.005566105,40,2709.4,2248.8,2066,0,0,738650.257939879,0,0,0
161840.045565171,40,2797,2302.8,2081,0,0,738650.257940342,0,0,0
161840.085564238,40,2857.8,2409.4,2113,0,0,738650.257940805,0,0,0
161840.125563304,40,2809.4,2579.4,2179.8,0,0,738650.257941268,0,0,0
161840.16556237,40,2617.4,2746.8,2292.8,0,0,738650.257941731,0,0,0
161840.205561437,40,2421.4,2829.8,2449.4,0,0,738650.257942194,0,0,0
161840.245560503,40,2314,2824.8,2609.8,0,0,738650.257942657,0,0,0
161840.28555957,40,2344,2854.2,2577.4,0,0,738650.25794312,0,0,0
161840.325558636,40,2488.2,2929.2,2441.6,0,0,738650.257943583,0,0,0
161840.365557702,40,2718.2,2849.2,2290.8,0,0,738650.257944046,0,0,0
161840.405556769,40,2884,2639,2187.2,0,0,738650.257944509,0,0,0
161840.445555835,40,2886.8,2450.2,2124.2,0,0,738650.257944972,0,0,0
161840.485554902,40,2821.6,2341.4,2091.6,0,0,738650.257945435,0,0,0
161840.525553968,40,2728.4,2274.8,2075.8,0,0,738650.257945898,0,0,0
161840.565553034,40,2674.8,2248.6,2069.4,0,0,738650.25794636,0,0,0
161840.605552101,40,2718.4,2274.8,2075,0,0,738650.257946823,0,0,0
161840.645551167,40,2819.8,2338.2,2091,0,0,738650.257947286,0,0,0
161840.685550234,40,2892.6,2485.2,2139.8,0,0,738650.257947749,0,0,0
161840.7255493,40,2783.2,2679.8,2216.8,0,0,738650.257948212,0,0,0
161840.765548366,40,2546.4,2814,2352.2,0,0,738650.257948675,0,0,0
161840.805547433,40,2359.6,2815,2514,0,0,738650.257949138,0,0,0
161840.845546499,40,2321,2816.2,2584.8,0,0,738650.257949601,0,0,0
161840.885545566,40,2405.8,2829.6,2468.2,0,0,738650.257950064,0,0,0
161840.925544632,40,2564.6,2819,2335.8,0,0,738650.257950527,0,0,0
161840.965543698,40,2743.8,2696.2,2232.4,0,0,738650.25795099,0,0,0
161841.005542765,40,2820,2531,2159.2,0,0,738650.257951453,0,0,0
161841.045541831,40,2809.8,2398,2117.2,0,0,738650.257951916,0,0,0
161841.085540898,40,2760.6,2316.6,2090.2,0,0,738650.257952379,0,0,0
161841.125539964,40,2703,2267.6,2069.2,0,0,738650.257952842,0,0,0
161841.16553903,40,2687.4,2255.6,2069.8,0,0,738650.257953305,0,0,0
161841.205538097,40,2739.4,2283,2079.2,0,0,738650.257953768,0,0,0
161841.245537163,40,2807.2,2354.2,2099,0,0,738650.257954231,0,0,0
161841.28553623,40,2827.8,2500.2,2148.6,0,0,738650.257954694,0,0,0
161841.325535296,40,2713,2692.4,2241.2,0,0,738650.257955156,0,0,0
161841.365534362,40,2493.8,2801.8,2379,0,0,738650.257955619,0,0,0
161841.405533429,40,2345.4,2826.2,2545,0,0,738650.257956082,0,0,0
161841.445532495,40,2329,2834.4,2573,0,0,738650.257956545,0,0,0
161841.485531562,40,2435.6,2842.2,2448,0,0,738650.257957008,0,0,0
161841.525530628,40,2600.2,2807.6,2323,0,0,738650.257957471,0,0,0
161841.565529694,40,2756.8,2703.6,2234.8,0,0,738650.257957934,0,0,0
161841.605528761,40,2849,2552,2163.8,0,0,738650.257958397,0,0,0
161841.645527827,40,2866,2428,2116.2,0,0,738650.25795886,0,0,0
161841.685526894,40,2813.4,2325.8,2088.8,0,0,738650.257959323,0,0,0
161841.72552596,40,2732,2260.2,2070.8,0,0,738650.257959786,0,0,0
161841.765525026,40,2706.2,2248.8,2067.2,0,0,738650.257960249,0,0,0
161841.805524093,40,2767.2,2288,2079.8,0,0,738650.257960712,0,0,0
161841.845523159,40,2831.4,2379.4,2104.6,0,0,738650.257961175,0,0,0
161841.885522226,40,2808.6,2541.4,2172,0,0,738650.257961638,0,0,0
161841.925521292,40,2657,2741.6,2269.8,0,0,738650.257962101,0,0,0
161841.965520358,40,2435.6,2834,2438.4,0,0,738650.257962564,0,0,0
161842.005519425,40,2294.6,2792.2,2622.4,0,0,738650.257963027,0,0,0
161842.045518491,40,2275,2753.8,2629.2,0,0,738650.25796349,0,0,0
161842.085517558,40,2374.4,2818.8,2501.2,0,0,738650.257963953,0,0,0
161842.125516624,40,2544.4,2827.4,2349.6,0,0,738650.257964416,0,0,0
161842.16551569,40,2718.4,2688.4,2233.6,0,0,738650.257964878,0,0,0
161842.205514757,40,2798.2,2510.6,2156.4,0,0,738650.257965341,0,0,0
161842.245513823,40,2771.6,2374.6,2107.4,0,0,738650.257965804,0,0,0
161842.28551289,40,2717.4,2293.6,2083.2,0,0,738650.257966267,0,0,0
161842.325511956,40,2661.8,2252,2067.2,0,0,738650.25796673,0,0,0
161842.365511022,40,2661.4,2241.2,2065.6,0,0,738650.257967193,0,0,0
161842.405510089,40,2706,2270,2076.6,0,0,738650.257967656,0,0,0
161842.445509155,40,2801.2,2348.8,2098.8,0,0,738650.257968119,0,0,0
161842.485508222,40,2841,2498.2,2149,0,0,738650.257968582,0,0,0
161842.525507288,40,2718,2686.2,2236.6,0,0,738650.257969045,0,0,0
161842.565506354,40,2493.4,2814.8,2379.6,0,0,738650.257969508,0,0,0
161842.605505421,40,2327.2,2811.4,2561.4,0,0,738650.257969971,0,0,0
161842.645504487,40,2277.2,2776.4,2645.4,0,0,738650.257970434,0,0,0
161842.685503554,40,2345.2,2810.8,2533.4,0,0,738650.257970897,0,0,0
161842.72550262,40,2490.6,2834.2,2392.2,0,0,738650.25797136,0,0,0
161842.765501686,40,2664.6,2752.8,2274.2,0,0,738650.257971823,0,0,0
161842.805500753,40,2812.2,2606.2,2189.4,0,0,738650.257972286,0,0,0
161842.845499819,40,2841.6,2463.4,2133.6,0,0,738650.257972749,0,0,0
161842.885498886,40,2838.8,2354,2094.2,0,0,738650.257973212,0,0,0
161842.925497952,40,2755.4,2270.6,2070.8,0,0,738650.257973675,0,0,0
161842.985496552,60,2660.4,2227.6,2060.2,0,0,738650.257974369,0,0,0
161843.025495618,40,2715.2,2259.8,2069.2,0,0,738650.257974832,0,0,0
161843.065494684,40,2793.4,2342.6,2094.4,0,0,738650.257975295,0,0,0
161843.105493751,40,2811.8,2486.2,2148,0,0,738650.257975758,0,0,0
161843.145492817,40,2718.6,2683.6,2237.4,0,0,738650.257976221,0,0,0
161843.185491884,40,2524.6,2847.8,2381.2,0,0,738650.257976684,0,0,0
161843.22549095,40,2334,2811,2558.8,0,0,738650.257977147,0,0,0
161843.265490016,40,2266,2739.4,2633.6,0,0,738650.25797761,0,0,0
161843.305489083,40,2334,2802.8,2544.4,0,0,738650.257978073,0,0,0
161843.345488149,40,2491.4,2846,2398.4,0,0,738650.257978536,0,0,0
161843.385487216,40,2699.8,2764.4,2266.6,0,0,738650.257978999,0,0,0
161843.425486282,40,2828.8,2587.8,2174.6,0,0,738650.257979461,0,0,0
161843.465485348,40,2844.8,2434,2122.4,0,0,738650.257979924,0,0,0
161843.505484415,40,2791.2,2329.4,2088.2,0,0,738650.257980387,0,0,0
161843.545483481,40,2708.2,2267.6,2074.4,0,0,738650.25798085,0,0,0
161843.585482548,40,2646.2,2238.6,2069.4,0,0,738650.257981313,0,0,0
161843.625481614,40,2659.2,2237,2063.4,0,0,738650.257981776,0,0,0
161843.66548068,40,2732,2288.8,2076,0,0,738650.257982239,0,0,0
161843.705479747,40,2825.2,2393.8,2112,0,0,738650.257982702,0,0,0
161843.745478813,40,2805.8,2565.6,2173.4,0,0,738650.257983165,0,0,0
161843.78547788,40,2634.2,2743.4,2287.4,0,0,738650.257983628,0,0,0
161843.825476946,40,2434.6,2831.6,2445.6,0,0,738650.257984091,0,0,0
161843.865476012,40,2311,2819.4,2611,0,0,738650.257984554,0,0,0
161843.905475079,40,2326.4,2807,2564.8,0,0,738650.257985017,0,0,0
161843.945474145,40,2445.8,2846.4,2442.2,0,0,738650.25798548,0,0,0
161843.985473212,40,2612.6,2798.2,2308.8,0,0,738650.257985943,0,0,0
161844.025472278,40,2785.8,2687.6,2218,0,0,738650.257986406,0,0,0
161844.065471344,40,2859.2,2523.6,2153.2,0,0,738650.257986869,0,0,0
161844.105470411,40,2859.2,2403.8,2110.6,0,0,738650.257987332,0,0,0
161844.145469477,40,2789.2,2305.2,2079.8,0,0,738650.257987795,0,0,0
161844.185468544,40,2706.6,2247.2,2067.2,0,0,738650.257988258,0,0,0
161844.22546761,40,2680.6,2239.2,2063.6,0,0,738650.257988721,0,0,0
161844.265466676,40,2740,2273.6,2074.4,0,0,738650.257989184,0,0,0
161844.305465743,40,2807.8,2363.6,2098.8,0,0,738650.257989646,0,0,0
161844.345464809,40,2807.2,2510,2159,0,0,738650.257990109,0,0,0
161844.385463876,40,2700,2702.6,2249.2,0,0,738650.257990572,0,0,0
161844.425462942,40,2493.6,2839,2394.4,0,0,738650.257991035,0,0,0
161844.465462008,40,2321,2802.4,2569.6,0,0,738650.257991498,0,0,0
161844.505461075,40,2253.4,2748.2,2674,0,0,738650.257991961,0,0,0
161844.545460141,40,2318.4,2808,2581.8,0,0,738650.257992424,0,0,0
161844.585459208,40,2462.2,2883.6,2440.2,0,0,738650.257992887,0,0,0
161844.625458274,40,2676.8,2826,2297.8,0,0,738650.25799335,0,0,0
161844.66545734,40,2803.6,2613.4,2190.8,0,0,738650.257993813,0,0,0
161844.705456407,40,2818.6,2439.8,2127.2,0,0,738650.257994276,0,0,0
161844.745455473,40,2760.4,2340.6,2095.4,0,0,738650.257994739,0,0,0
161844.78545454,40,2668.6,2266.4,2075.2,0,0,738650.257995202,0,0,0
161844.825453606,40,2622.2,2235.8,2067.2,0,0,738650.257995665,0,0,0
161844.865452672,40,2642.6,2243.6,2069.4,0,0,738650.257996128,0,0,0
161844.905451739,40,2740.6,2302.8,2083.4,0,0,738650.257996591,0,0,0
161844.945450805,40,2822.8,2412.8,2117.8,0,0,738650.257997054,0,0,0
161844.985449872,40,2796.6,2603.8,2190.4,0,0,738650.257997517,0,0,0
161845.025448938,40,2593.2,2783.6,2316.2,0,0,738650.25799798,0,0,0
161845.065448004,40,2389.6,2824.8,2484.6,0,0,738650.257998443,0,0,0
161845.105447071,40,2285.8,2785.2,2637,0,0,738650.257998905,0,0,0
161845.145446137,40,2316.4,2801.6,2576.4,0,0,738650.257999368,0,0,0
161845.185445204,40,2445.4,2850.4,2437.8,0,0,738650.257999831,0,0,0
161845.22544427,40,2622.4,2799.2,2307.2,0,0,738650.258000294,0,0,0
161845.265443336,40,2789.4,2678.4,2215,0,0,738650.258000757,0,0,0
161845.305442403,40,2860.6,2510.2,2147.2,0,0,738650.25800122,0,0,0
161845.345441469,40,2863.2,2394,2105.8,0,0,738650.258001683,0,0,0
161845.385440536,40,2782.6,2297.4,2079.8,0,0,738650.258002146,0,0,0
161845.425439602,40,2686.6,2240,2065.4,0,0,738650.258002609,0,0,0
161845.465438668,40,2650,2221,2058.6,0,0,738650.258003072,0,0,0
161845.505437735,40,2693,2255,2072.2,0,0,738650.258003535,0,0,0
161845.545436801,40,2752.6,2319.6,2090,0,0,738650.258003998,0,0,0
161845.585435868,40,2804,2452.2,2133.4,0,0,738650.258004461,0,0,0
161845.625434934,40,2760.6,2645.4,2212.6,0,0,738650.258004924,0,0,0
161845.665434,40,2563.6,2809.4,2340.6,0,0,738650.258005387,0,0,0
161845.705433067,40,2369.4,2823.2,2508,0,0,738650.25800585,0,0,0
161845.745432133,40,2276.8,2759.6,2630.6,0,0,738650.258006313,0,0,0
161845.7854312,40,2321.8,2799.6,2561,0,0,738650.258006776,0,0,0
161845.825430266,40,2468.2,2841.4,2414.8,0,0,738650.258007239,0,0,0
161845.865429332,40,2654.2,2757.4,2279.2,0,0,738650.258007702,0,0,0
161845.905428399,40,2818.4,2606.2,2187.6,0,0,738650.258008165,0,0,0
161845.945427465,40,2815.2,2428.4,2125.6,0,0,738650.258008627,0,0,0
161845.985426532,40,2750.6,2324.2,2094.4,0,0,738650.25800909,0,0,0
161846.025425598,40,2671.6,2257.8,2072,0,0,738650.258009553,0,0,0
161846.065424664,40,2633.2,2231.4,2067.2,0,0,738650.258010016,0,0,0
161846.105423731,40,2634.6,2234.4,2067.2,0,0,738650.258010479,0,0,0
161846.145422797,40,2708.2,2274.6,2075.6,0,0,738650.258010942,0,0,0
161846.185421864,40,2788,2363.2,2104.8,0,0,738650.258011405,0,0,0
161846.22542093,40,2802.4,2522.4,2164,0,0,738650.258011868,0,0,0
161846.265419996,40,2666.8,2708.2,2260.6,0,0,738650.258012331,0,0,0
161846.305419063,40,2475.4,2825.4,2400.2,0,0,738650.258012794,0,0,0
161846.345418129,40,2329.8,2816.2,2564.2,0,0,738650.258013257,0,0,0
161846.385417196,40,2309.2,2804.6,2595.6,0,0,738650.25801372,0,0,0
161846.425416262,40,2412,2866,2490.6,0,0,738650.258014183,0,0,0
161846.465415328,40,2578.4,2859.6,2351.6,0,0,738650.258014646,0,0,0
161846.505414395,40,2759.2,2764,2249.8,0,0,738650.258015109,0,0,0
161846.545413461,40,2874.6,2603.4,2177.4,0,0,738650.258015572,0,0,0
161846.585412528,40,2898.2,2466.6,2129,0,0,738650.258016035,0,0,0
161846.625411594,40,2868.4,2361,2097.8,0,0,738650.258016498,0,0,0
161846.66541066,40,2786.8,2280.6,2074.6,0,0,738650.258016961,0,0,0
161846.705409727,40,2717,2249,2064.6,0,0,738650.258017424,0,0,0
161846.745408793,40,2741,2261,2067.4,0,0,738650.258017887,0,0,0
161846.78540786,40,2798.6,2331.2,2089.8,0,0,738650.25801835,0,0,0
161846.825406926,40,2823.6,2448.8,2130.8,0,0,738650.258018812,0,0,0
161846.865405992,40,2748.8,2619.8,2207.2,0,0,738650.258019275,0,0,0
161846.905405059,40,2593.8,2798.8,2319.8,0,0,738650.258019738,0,0,0
161846.945404125,40,2396,2834.4,2482,0,0,738650.258020201,0,0,0
161846.985403192,40,2287.4,2777.4,2624.6,0,0,738650.258020664,0,0,0
161847.025402258,40,2310.6,2767.2,2551.8,0,0,738650.258021127,0,0,0
161847.065401324,40,2447.2,2822.2,2421,0,0,738650.25802159,0,0,0
161847.105400391,40,2631.2,2749.6,2286.6,0,0,738650.258022053,0,0,0
161847.145399457,40,2810,2630.2,2197.6,0,0,738650.258022516,0,0,0
161847.185398524,40,2823.8,2448.6,2128.2,0,0,738650.258022979,0,0,0
161847.22539759,40,2774.4,2342,2098.8,0,0,738650.258023442,0,0,0
161847.265396656,40,2708,2270.4,2076,0,0,738650.258023905,0,0,0
161847.305395723,40,2653.2,2237.6,2064.4,0,0,738650.258024368,0,0,0
161847.345394789,40,2640.2,2230.4,2065,0,0,738650.258024831,0,0,0
161847.385393856,40,2693.4,2261.2,2074.2,0,0,738650.258025294,0,0,0
161847.425392922,40,2786.2,2336.8,2093.6,0,0,738650.258025757,0,0,0
161847.465391988,40,2828.4,2480.4,2144.2,0,0,738650.25802622,0,0,0
161847.505391055,40,2750,2697.6,2236.4,0,0,738650.258026683,0,0,0
161847.545390121,40,2520,2847.2,2379.4,0,0,738650.258027146,0,0,0
161847.585389188,40,2327.2,2809.6,2566.4,0,0,738650.258027609,0,0,0
161847.625388254,40,2271.2,2722.4,2602,0,0,738650.258028071,0,0,0
161847.66538732,40,2364.2,2836.8,2522.4,0,0,738650.258028534,0,0,0
161847.705386387,40,2528.2,2870.6,2378.8,0,0,738650.258028997,0,0,0
161847.745385453,40,2726.2,2780.8,2261.6,0,0,738650.25802946,0,0,0
161847.78538452,40,2861,2610.8,2181,0,0,738650.258029923,0,0,0
161847.825383586,40,2910.4,2458.8,2125.8,0,0,738650.258030386,0,0,0
161847.865382652,40,2860.6,2349.2,2096.2,0,0,738650.258030849,0,0,0
161847.905381719,40,2757.8,2269.6,2071.6,0,0,738650.258031312,0,0,0
161847.945380785,40,2684.4,2229,2059.8,0,0,738650.258031775,0,0,0
161847.985379852,40,2710.8,2252,2068,0,0,738650.258032238,0,0,0
161848.025378918,40,2778.2,2306.2,2086,0,0,738650.258032701,0,0,0
161848.065377984,40,2827.6,2428.4,2127.8,0,0,738650.258033164,0,0,0
161848.105377051,40,2768,2611.2,2204.6,0,0,738650.258033627,0,0,0
161848.145376117,40,2584.8,2787,2321.6,0,0,738650.25803409,0,0,0
161848.185375184,40,2387.4,2828.6,2486.2,0,0,738650.258034553,0,0,0
161848.22537425,40,2278.2,2768.8,2643.6,0,0,738650.258035016,0,0,0
161848.265373316,40,2285.8,2757,2607.6,0,0,738650.258035479,0,0,0
161848.305372383,40,2396.6,2838,2481.4,0,0,738650.258035942,0,0,0
161848.345371449,40,2569.4,2835.6,2347.6,0,0,738650.258036405,0,0,0
161848.385370516,40,2757.2,2725.2,2235,0,0,738650.258036868,0,0,0
161848.425369582,40,2843.2,2543.4,2160.2,0,0,738650.258037331,0,0,0
161848.465368648,40,2858.4,2411,2112.2,0,0,738650.258037793,0,0,0
161848.505367715,40,2813.4,2312.6,2085,0,0,738650.258038256,0,0,0
161848.545366781,40,2727.4,2248.4,2063.8,0,0,738650.258038719,0,0,0
161848.585365848,40,2692,2228,2057.2,0,0,738650.258039182,0,0,0
161848.625364914,40,2774.6,2272.4,2069,0,0,738650.258039645,0,0,0
161848.66536398,40,2852.8,2363.8,2097.8,0,0,738650.258040108,0,0,0
161848.705363047,40,2834,2517.2,2154,0,0,738650.258040571,0,0,0
161848.745362113,40,2693.4,2717.4,2256.8,0,0,738650.258041034,0,0,0
161848.78536118,40,2475.4,2828.6,2402,0,0,738650.258041497,0,0,0
161848.825360246,40,2311.8,2798.4,2587.4,0,0,738650.25804196,0,0,0
161848.865359312,40,2265.6,2738.4,2628.8,0,0,738650.258042423,0,0,0
161848.905358379,40,2352.6,2816.2,2527.8,0,0,738650.258042886,0,0,0
161848.945357445,40,2524.2,2859.8,2383.4,0,0,738650.258043349,0,0,0
161848.985356512,40,2735.2,2763,2254,0,0,738650.258043812,0,0,0
161849.025355578,40,2869.8,2575.8,2166,0,0,738650.258044275,0,0,0
161849.065354644,40,2865,2419.2,2120.4,0,0,738650.258044738,0,0,0
161849.105353711,40,2794,2321.4,2087.4,0,0,738650.258045201,0,0,0
161849.145352777,40,2705.8,2257.4,2068.2,0,0,738650.258045664,0,0,0
161849.185351844,40,2641.6,2222,2061,0,0,738650.258046127,0,0,0
161849.22535091,40,2647.6,2226.2,2057.8,0,0,738650.25804659,0,0,0
161849.265349976,40,2721.8,2269.6,2072.6,0,0,738650.258047053,0,0,0
161849.305349043,40,2819.2,2367.8,2103.4,0,0,738650.258047516,0,0,0
161849.345348109,40,2848,2539,2157.6,0,0,738650.258047978,0,0,0
161849.385347176,40,2698.8,2767.4,2273,0,0,738650.258048441,0,0,0
161849.425346242,40,2459,2851.6,2430.6,0,0,738650.258048904,0,0,0
161849.465345308,40,2302.8,2775.4,2583.8,0,0,738650.258049367,0,0,0
161849.505344375,40,2312.8,2767.4,2557.2,0,0,738650.25804983,0,0,0
161849.545343441,40,2454.6,2858,2441.2,0,0,738650.258050293,0,0,0
161849.585342508,40,2655.2,2857.8,2317.6,0,0,738650.258050756,0,0,0
161849.625341574,40,2869.2,2727.2,2215.2,0,0,738650.258051219,0,0,0
161849.66534064,40,2965.6,2543.8,2142.8,0,0,738650.258051682,0,0,0
161849.705339707,40,2929.4,2396.4,2105.6,0,0,738650.258052145,0,0,0
161849.745338773,40,2840.2,2298.2,2076,0,0,738650.258052608,0,0,0
161849.78533784,40,2720,2235.8,2057.2,0,0,738650.258053071,0,0,0
161849.825336906,40,2645.4,2212.4,2053.2,0,0,738650.258053534,0,0,0
161849.865335972,40,2691.4,2239.4,2062.2,0,0,738650.258053997,0,0,0
161849.905335039,40,2757.6,2298.8,2082.4,0,0,738650.25805446,0,0,0
161849.945334105,40,2823.8,2434.4,2129.6,0,0,738650.258054923,0,0,0
161849.985333172,40,2767,2629.4,2207,0,0,738650.258055386,0,0,0
161850.025332238,40,2558.6,2810.8,2340.2,0,0,738650.258055849,0,0,0
161850.065331304,40,2360.2,2820.4,2519.2,0,0,738650.258056312,0,0,0
161850.105330371,40,2272.4,2743,2623.2,0,0,738650.258056775,0,0,0
161850.145329437,40,2322.8,2805.6,2567.8,0,0,738650.258057237,0,0,0
161850.185328504,40,2468,2864.8,2429.6,0,0,738650.2580577,0,0,0
161850.22532757,40,2679.4,2837,2295.8,0,0,738650.258058163,0,0,0
161850.265326636,40,2857.2,2674.6,2197.6,0,0,738650.258058626,0,0,0
161850.305325703,40,2923,2495,2134.8,0,0,738650.258059089,0,0,0
161850.345324769,40,2884.8,2367.2,2100.6,0,0,738650.258059552,0,0,0
161850.385323836,40,2790.2,2276.6,2068.8,0,0,738650.258060015,0,0,0
161850.425322902,40,2699.8,2225.6,2059,0,0,738650.258060478,0,0,0
161850.465321968,40,2668.4,2221,2056.8,0,0,738650.258060941,0,0,0
161850.505321035,40,2738.8,2263,2070.6,0,0,738650.258061404,0,0,0
161850.545320101,40,2790.4,2341,2095,0,0,738650.258061867,0,0,0
161850.585319168,40,2801.4,2491.2,2147.6,0,0,738650.25806233,0,0,0
161850.625318234,40,2734.8,2695,2236,0,0,738650.258062793,0,0,0
161850.6653173,40,2522.6,2840.2,2377,0,0,738650.258063256,0,0,0
161850.705316367,40,2340.4,2805.6,2538.2,0,0,738650.258063719,0,0,0
161850.745315433,40,2280.6,2736.8,2607.8,0,0,738650.258064182,0,0,0
161850.7853145,40,2358.8,2821.8,2528.8,0,0,738650.258064645,0,0,0
161850.825313566,40,2520.6,2857.4,2388,0,0,738650.258065108,0,0,0
161850.865312632,40,2731.6,2758.8,2256,0,0,738650.258065571,0,0,0
161850.905311699,40,2862.4,2578,2167.8,0,0,738650.258066034,0,0,0
161850.945310765,40,2849.4,2410,2115.6,0,0,738650.258066496,0,0,0
161850.985309832,40,2769.2,2311.8,2088.4,0,0,738650.258066959,0,0,0
161851.025308898,40,2674,2242.4,2066,0,0,738650.258067422,0,0,0
161851.065307964,40,2616.4,2212,2059.2,0,0,738650.258067885,0,0,0
161851.105307031,40,2617.4,2220.2,2059.4,0,0,738650.258068348,0,0,0
161851.145306097,40,2710.4,2271.6,2074.6,0,0,738650.258068811,0,0,0
161851.185305164,40,2824.8,2383.6,2107.4,0,0,738650.258069274,0,0,0
161851.22530423,40,2837.2,2572.6,2173.2,0,0,738650.258069737,0,0,0
161851.265303296,40,2677.4,2794,2288.8,0,0,738650.2580702,0,0,0
161851.305302363,40,2444.2,2850.6,2441.4,0,0,738650.258070663,0,0,0
161851.345301429,40,2306,2776.4,2591.4,0,0,738650.258071126,0,0,0
161851.385300496,40,2319.2,2789,2562.6,0,0,738650.258071589,0,0,0
161851.425299562,40,2452.8,2865,2445.8,0,0,738650.258072052,0,0,0
161851.465298628,40,2643.8,2855.2,2321,0,0,738650.258072515,0,0,0
161851.505297695,40,2830.2,2719.2,2218.4,0,0,738650.258072978,0,0,0
161851.545296761,40,2941.2,2550,2148.8,0,0,738650.258073441,0,0,0
161851.585295828,40,2926.2,2408.4,2109.4,0,0,738650.258073904,0,0,0
161851.625294894,40,2833.2,2305,2077.6,0,0,738650.258074367,0,0,0
161851.66529396,40,2698.6,2239.2,2062.6,0,0,738650.25807483,0,0,0
161851.705293027,40,2654.4,2214.2,2056.2,0,0,738650.258075293,0,0,0
161851.745292093,40,2712.4,2251.2,2066.4,0,0,738650.258075756,0,0,0
161851.78529116,40,2807.4,2338.2,2092.2,0,0,738650.258076219,0,0,0
161851.825290226,40,2827.2,2488.6,2147.8,0,0,738650.258076681,0,0,0
161851.865289292,40,2718.2,2699,2241.8,0,0,738650.258077144,0,0,0
161851.905288359,40,2499.6,2831.2,2387.6,0,0,738650.258077607,0,0,0
161851.945287425,40,2326.4,2810,2563.8,0,0,738650.25807807,0,0,0
161851.985286492,40,2279.4,2781.6,2635,0,0,738650.258078533,0,0,0
161852.025285558,40,2373,2843.2,2523.2,0,0,738650.258078996,0,0,0
161852.065284624,40,2564.2,2901.6,2378.4,0,0,738650.258079459,0,0,0
161852.105283691,40,2788.2,2787.4,2249.8,0,0,738650.258079922,0,0,0
161852.145282757,40,2935.2,2586.8,2163.6,0,0,738650.258080385,0,0,0
161852.185281824,40,2922,2419,2110.8,0,0,738650.258080848,0,0,0
161852.22528089,40,2838.4,2306.4,2076.4,0,0,738650.258081311,0,0,0
161852.265279956,40,2696,2227.4,2061.2,0,0,738650.258081774,0,0,0
161852.305279023,40,2626.2,2200.6,2053,0,0,738650.258082237,0,0,0
161852.345278089,40,2685.6,2225.2,2057.8,0,0,738650.2580827,0,0,0
161852.385277156,40,2796,2291.4,2076.8,0,0,738650.258083163,0,0,0
161852.425276222,40,2852.2,2405,2113.4,0,0,738650.258083626,0,0,0
161852.465275288,40,2793.8,2582.2,2184.6,0,0,738650.258084089,0,0,0
161852.505274355,40,2607.8,2761.8,2301.4,0,0,738650.258084552,0,0,0
161852.545273421,40,2414,2833.8,2457.2,0,0,738650.258085015,0,0,0
161852.585272488,40,2298,2796.6,2618.2,0,0,738650.258085478,0,0,0
161852.625271554,40,2313.2,2800,2584.8,0,0,738650.25808594,0,0,0
161852.66527062,40,2430,2848.2,2450.6,0,0,738650.258086403,0,0,0
161852.705269687,40,2619,2834.8,2324,0,0,738650.258086866,0,0,0
161852.745268753,40,2814.2,2723.8,2221,0,0,738650.258087329,0,0,0
161852.78526782,40,2923.6,2547.8,2155,0,0,738650.258087792,0,0,0
161852.825266886,40,2915.4,2411.8,2105.8,0,0,738650.258088255,0,0,0
161852.865265952,40,2844.2,2312,2080.8,0,0,738650.258088718,0,0,0
161852.905265019,40,2737.8,2240.2,2059.2,0,0,738650.258089181,0,0,0
161852.945264085,40,2656.8,2218.8,2058.4,0,0,738650.258089644,0,0,0
161852.985263152,40,2719.8,2247,2067.6,0,0,738650.258090107,0,0,0
161853.025262218,40,2801.4,2325.8,2088.6,0,0,738650.25809057,0,0,0
161853.065261284,40,2829.2,2460.6,2138.4,0,0,738650.258091033,0,0,0
161853.105260351,40,2745,2653,2219.8,0,0,738650.258091496,0,0,0
161853.145259417,40,2559,2819.8,2348.4,0,0,738650.258091959,0,0,0
161853.185258484,40,2369.6,2824.8,2512.2,0,0,738650.258092422,0,0,0
161853.22525755,40,2279.4,2769.6,2624.8,0,0,738650.258092885,0,0,0
161853.265256616,40,2332.6,2808.2,2560,0,0,738650.258093348,0,0,0
161853.305255683,40,2477.4,2856.2,2412.6,0,0,738650.258093811,0,0,0
161853.345254749,40,2691.4,2795.8,2281.8,0,0,738650.258094274,0,0,0
161853.385253816,40,2846,2609,2181,0,0,738650.258094737,0,0,0
161853.425252882,40,2862.4,2442.2,2124.8,0,0,738650.2580952,0,0,0
161853.465251948,40,2797.2,2334,2088.6,0,0,738650.258095662,0,0,0
161853.505251015,40,2703.2,2263.2,2070.6,0,0,738650.258096125,0,0,0
161853.545250081,40,2627.4,2218.4,2060,0,0,738650.258096588,0,0,0
161853.585249148,40,2595.4,2203.4,2054.6,0,0,738650.258097051,0,0,0
161853.625248214,40,2668,2229.4,2062.6,0,0,738650.258097514,0,0,0
161853.66524728,40,2792.4,2320.2,2086.8,0,0,738650.258097977,0,0,0
161853.705246347,40,2856.2,2459.4,2136,0,0,738650.25809844,0,0,0
161853.745245413,40,2778,2680.4,2223.8,0,0,738650.258098903,0,0,0
161853.78524448,40,2555.4,2839.8,2360.8,0,0,738650.258099366,0,0,0
161853.825243546,40,2353.8,2821.2,2532.2,0,0,738650.258099829,0,0,0
161853.865242612,40,2302.6,2763,2576.4,0,0,738650.258100292,0,0,0
161853.905241679,40,2401.6,2845.6,2482.6,0,0,738650.258100755,0,0,0
161853.945240745,40,2578.6,2883.6,2358.2,0,0,738650.258101218,0,0,0
161853.985239812,40,2788.2,2761.8,2244.2,0,0,738650.258101681,0,0,0
161854.025238878,40,2903.8,2575,2163.4,0,0,738650.258102144,0,0,0
161854.065237944,40,2902.8,2420.8,2112.6,0,0,738650.258102607,0,0,0
161854.105237011,40,2812.4,2310,2082.6,0,0,738650.25810307,0,0,0
161854.145236077,40,2690.2,2240.2,2064,0,0,738650.258103533,0,0,0
161854.185235144,40,2599.8,2204.8,2054.2,0,0,738650.258103996,0,0,0
161854.22523421,40,2618.6,2221.2,2059,0,0,738650.258104459,0,0,0
161854.265233276,40,2705,2272.6,2076.2,0,0,738650.258104922,0,0,0
161854.305232343,40,2816.6,2380.4,2106,0,0,738650.258105385,0,0,0
161854.345231409,40,2848,2563.4,2168.8,0,0,738650.258105847,0,0,0
161854.385230476,40,2693.4,2791,2282.8,0,0,738650.25810631,0,0,0
161854.425229542,40,2468.6,2881.2,2434.2,0,0,738650.258106773,0,0,0
161854.465228608,40,2310.4,2807.8,2596.6,0,0,738650.258107236,0,0,0
161854.505227675,40,2282.8,2741.4,2600.4,0,0,738650.258107699,0,0,0
161854.545226741,40,2373,2831,2509.8,0,0,738650.258108162,0,0,0
161854.585225808,40,2537,2838.2,2366.6,0,0,738650.258108625,0,0,0
161854.625224874,40,2751.6,2765.4,2253,0,0,738650.258109088,0,0,0
161854.66522394,40,2893.6,2595.4,2170.2,0,0,738650.258109551,0,0,0
161854.705223007,40,2902.4,2430,2118.8,0,0,738650.258110014,0,0,0
161854.745222073,40,2848.6,2318.2,2086.4,0,0,738650.258110477,0,0,0
161854.78522114,40,2720.6,2241,2061.8,0,0,738650.25811094,0,0,0
161854.825220206,40,2635.2,2205,2052.6,0,0,738650.258111403,0,0,0
161854.865219272,40,2657.4,2223.8,2056.8,0,0,738650.258111866,0,0,0
161854.905218339,40,2754.6,2284,2078.6,0,0,738650.258112329,0,0,0
161854.945217405,40,2829,2401.2,2117.6,0,0,738650.258112792,0,0,0
161854.985216472,40,2791.4,2582.8,2185.6,0,0,738650.258113255,0,0,0
161855.025215538,40,2628.8,2780.6,2298,0,0,738650.258113718,0,0,0
161855.065214604,40,2422.2,2844,2460.4,0,0,738650.258114181,0,0,0
161855.105213671,40,2299.4,2797.8,2611.2,0,0,738650.258114644,0,0,0
161855.145212737,40,2316.6,2795.8,2573.6,0,0,738650.258115106,0,0,0
161855.185211804,40,2444.2,2843.6,2435.6,0,0,738650.258115569,0,0,0
161855.22521087,40,2628.2,2780.4,2303.2,0,0,738650.258116032,0,0,0
161855.265209936,40,2804.4,2634.6,2202.8,0,0,738650.258116495,0,0,0
161855.305209003,40,2853,2463.8,2134,0,0,738650.258116958,0,0,0
161855.345208069,40,2820.4,2351,2096.2,0,0,738650.258117421,0,0,0
161855.385207136,40,2705.2,2267,2076.6,0,0,738650.258117884,0,0,0
161855.425206202,40,2600.4,2215.8,2059.4,0,0,738650.258118347,0,0,0
161855.465205268,40,2596.8,2212.8,2061.2,0,0,738650.25811881,0,0,0
161855.505204335,40,2683.2,2239.6,2065.8,0,0,738650.258119273,0,0,0
161855.545203401,40,2801.6,2317.8,2086.4,0,0,738650.258119736,0,0,0
161855.585202468,40,2871.2,2466.6,2134.8,0,0,738650.258120199,0,0,0
161855.625201534,40,2782.2,2689.6,2219.2,0,0,738650.258120662,0,0,0
161855.6652006,40,2538.4,2838.8,2364.8,0,0,738650.258121125,0,0,0
161855.705199667,40,2347,2804.2,2524,0,0,738650.258121588,0,0,0
161855.745198733,40,2319,2773,2550.4,0,0,738650.258122051,0,0,0
161855.7851978,40,2444.8,2848.8,2446.4,0,0,738650.258122514,0,0,0
161855.825196866,40,2644.4,2852.8,2315.6,0,0,738650.258122977,0,0,0
161855.865195932,40,2843,2707,2210.2,0,0,738650.25812344,0,0,0
161855.905194999,40,2911.8,2526.6,2146.4,0,0,738650.258123903,0,0,0
161855.945194065,40,2882.4,2394.6,2106.2,0,0,738650.258124366,0,0,0
161855.985193132,40,2802,2305.8,2082.8,0,0,738650.258124828,0,0,0
161856.025192198,40,2722.4,2259.2,2067.4,0,0,738650.258125291,0,0,0
161856.065191264,40,2686.4,2237.6,2064.8,0,0,738650.258125754,0,0,0
161856.105190331,40,2712.6,2257.4,2069.6,0,0,738650.258126217,0,0,0
161856.145189397,40,2781.2,2302.8,2084.4,0,0,738650.25812668,0,0,0
161856.185188464,40,2848.4,2385.2,2111.4,0,0,738650.258127143,0,0,0
161856.22518753,40,2857,2522.2,2154.4,0,0,738650.258127606,0,0,0
161856.265186596,40,2743.2,2704.4,2235.4,0,0,738650.258128069,0,0,0
161856.305185663,40,2537.4,2828.8,2361,0,0,738650.258128532,0,0,0
161856.345184729,40,2358.2,2828,2527,0,0,738650.258128995,0,0,0
161856.385183796,40,2305,2798.4,2596.4,0,0,738650.258129458,0,0,0
161856.425182862,40,2390.8,2838.2,2497.2,0,0,738650.258129921,0,0,0
161856.465181928,40,2553.8,2821.2,2347.6,0,0,738650.258130384,0,0,0
161856.505180995,40,2727.2,2681.6,2231.4,0,0,738650.258130847,0,0,0
161856.545180061,40,2815,2514.6,2152.4,0,0,738650.25813131,0,0,0
161856.585179128,40,2793.6,2383.8,2113.6,0,0,738650.258131773,0,0,0
161856.625178194,40,2733.4,2301.6,2083.8,0,0,738650.258132236,0,0,0
161856.66517726,40,2656.6,2250.4,2073,0,0,738650.258132699,0,0,0
161856.705176327,40,2613,2226.4,2061,0,0,738650.258133162,0,0,0
161856.745175393,40,2613.8,2225.2,2062.6,0,0,738650.258133625,0,0,0
161856.78517446,40,2662.6,2251.2,2068,0,0,738650.258134088,0,0,0
161856.825173526,40,2728,2301.8,2087.4,0,0,738650.258134551,0,0,0
161856.865172592,40,2790.4,2373.8,2108.6,0,0,738650.258135013,0,0,0
161856.905171659,40,2829.8,2492.2,2148.4,0,0,738650.258135476,0,0,0
161856.945170725,40,2796.6,2649.6,2205.6,0,0,738650.258135939,0,0,0
161856.985169792,40,2676.8,2806,2292.2,0,0,738650.258136402,0,0,0
161857.025168858,40,2550.4,2886.6,2381,0,0,738650.258136865,0,0,0
161857.065167924,40,2544.8,2856.2,2368.6,0,0,738650.258137328,0,0,0
161857.105166991,40,2613.8,2764.8,2297.8,0,0,738650.258137791,0,0,0
161857.145166057,40,2708.2,2646.2,2222.6,0,0,738650.258138254,0,0,0
161857.185165124,40,2820.4,2538.2,2163,0,0,738650.258138717,0,0,0
161857.22516419,40,2832.4,2419.4,2121.4,0,0,738650.25813918,0,0,0
161857.265163256,40,2776.2,2334.4,2093,0,0,738650.258139643,0,0,0
161857.305162323,40,2727.2,2278.2,2080.4,0,0,738650.258140106,0,0,0
161857.345161389,40,2653.4,2244,2069.2,0,0,738650.258140569,0,0,0
161857.385160456,40,2615.4,2234.8,2067,0,0,738650.258141032,0,0,0
161857.425159522,40,2625,2240.4,2070.8,0,0,738650.258141495,0,0,0
161857.465158588,40,2677.4,2264,2073,0,0,738650.258141958,0,0,0
161857.505157655,40,2746.8,2306.8,2083.4,0,0,738650.258142421,0,0,0
161857.545156721,40,2798,2372.8,2109,0,0,738650.258142884,0,0,0
161857.585155788,40,2829.6,2475.2,2143,0,0,738650.258143347,0,0,0
161857.625154854,40,2776.4,2597.2,2191.8,0,0,738650.25814381,0,0,0
161857.66515392,40,2682.8,2713.6,2261.4,0,0,738650.258144272,0,0,0
161857.705152987,40,2576,2797.4,2331.2,0,0,738650.258144735,0,0,0
161857.745152053,40,2534.2,2798.4,2352.2,0,0,738650.258145198,0,0,0
161857.78515112,40,2597.4,2756,2304.2,0,0,738650.258145661,0,0,0
161857.825150186,40,2712.2,2686.8,2239.4,0,0,738650.258146124,0,0,0
161857.865149252,40,2798.8,2562.2,2177.6,0,0,738650.258146587,0,0,0
161857.905148319,40,2815.2,2432.6,2125.4,0,0,738650.25814705,0,0,0
161857.945147385,40,2762.4,2334,2094.8,0,0,738650.258147513,0,0,0
161857.985146452,40,2691.2,2270.6,2076.2,0,0,738650.258147976,0,0,0
161858.025145518,40,2628.6,2231.6,2062,0,0,738650.258148439,0,0,0
161858.065144584,40,2571.6,2209.8,2059.8,0,0,738650.258148902,0,0,0
161858.105143651,40,2578.4,2213.4,2060.2,0,0,738650.258149365,0,0,0
161858.145142717,40,2637.4,2247,2072.6,0,0,738650.258149828,0,0,0
161858.185141784,40,2740.8,2305,2086.8,0,0,738650.258150291,0,0,0
161858.22514085,40,2816.4,2408.6,2120.2,0,0,738650.258150754,0,0,0
161858.265139916,40,2827.4,2572,2176.8,0,0,738650.258151217,0,0,0
161858.305138983,40,2698.2,2742.2,2263.4,0,0,738650.25815168,0,0,0
161858.345138049,40,2520.8,2857.2,2384.4,0,0,738650.258152143,0,0,0
161858.385137116,40,2371.8,2840.8,2512.2,0,0,738650.258152606,0,0,0
161858.425136182,40,2361,2779,2490,0,0,738650.258153069,0,0,0
161858.465135248,40,2480.6,2824.6,2393.6,0,0,738650.258153531,0,0,0
161858.505134315,40,2672.6,2777.4,2277.8,0,0,738650.258153994,0,0,0
161858.545133381,40,2845.6,2608.4,2182.8,0,0,738650.258154457,0,0,0
161858.585132448,40,2853.6,2434.8,2122.4,0,0,738650.25815492,0,0,0
161858.625131514,40,2778.2,2315.2,2088,0,0,738650.258155383,0,0,0
161858.66513058,40,2664.6,2247.2,2067.6,0,0,738650.258155846,0,0,0
161858.705129647,40,2559.2,2202,2062,0,0,738650.258156309,0,0,0
161858.745128713,40,2598.6,2221,2063.8,0,0,738650.258156772,0,0,0
161858.78512778,40,2662,2250.2,2073,0,0,738650.258157235,0,0,0
161858.825126846,40,2736.2,2311.8,2090.4,0,0,738650.258157698,0,0,0
161858.865125912,40,2806.6,2417,2124.2,0,0,738650.258158161,0,0,0
161858.905124979,40,2791.2,2583.8,2182.6,0,0,738650.258158624,0,0,0
161858.945124045,40,2646.8,2755.2,2280.6,0,0,738650.258159087,0,0,0
161858.985123112,40,2471.2,2873,2424.8,0,0,738650.25815955,0,0,0
161859.025122178,40,2336.4,2838.2,2568.4,0,0,738650.258160013,0,0,0
161859.065121244,40,2338.4,2767.2,2514.8,0,0,738650.258160476,0,0,0
161859.105120311,40,2477.6,2865.4,2415.4,0,0,738650.258160939,0,0,0
161859.145119377,40,2707,2811.4,2289.4,0,0,738650.258161402,0,0,0
161859.185118444,40,2880.8,2622.6,2183.2,0,0,738650.258161865,0,0,0
161859.22511751,40,2901,2435.6,2117.4,0,0,738650.258162328,0,0,0
161859.265116576,40,2804.4,2315.8,2089.6,0,0,738650.258162791,0,0,0
161859.305115643,40,2688.2,2245.4,2066,0,0,738650.258163254,0,0,0
161859.345114709,40,2586.4,2206.8,2054.4,0,0,738650.258163716,0,0,0
161859.385113776,40,2596.4,2218,2059.6,0,0,738650.258164179,0,0,0
161859.425112842,40,2661.6,2248,2071.6,0,0,738650.258164642,0,0,0
161859.465111908,40,2732.4,2314.6,2090.4,0,0,738650.258165105,0,0,0
161859.505110975,40,2799.6,2417.8,2124.2,0,0,738650.258165568,0,0,0
161859.545110041,40,2778,2586.6,2187.4,0,0,738650.258166031,0,0,0
161859.585109108,40,2643,2776,2293.4,0,0,738650.258166494,0,0,0
161859.625108174,40,2456.4,2893.6,2450.8,0,0,738650.258166957,0,0,0
161859.66510724,40,2313,2823.2,2604.6,0,0,738650.25816742,0,0,0
161859.705106307,40,2312.2,2748.8,2545.4,0,0,738650.258167883,0,0,0
161859.745105373,40,2438.6,2885.6,2465.2,0,0,738650.258168346,0,0,0
161859.78510444,40,2668.8,2874,2320,0,0,738650.258168809,0,0,0
161859.825103506,40,2868.4,2684.4,2204.4,0,0,738650.258169272,0,0,0
161859.865102572,40,2935.8,2481.6,2129,0,0,738650.258169735,0,0,0
161859.905101639,40,2844,2342.6,2090.4,0,0,738650.258170198,0,0,0
161859.945100705,40,2726.8,2262,2069,0,0,738650.258170661,0,0,0
161859.985099772,40,2624.4,2217.6,2060.6,0,0,738650.258171124,0,0,0
161860.025098838,40,2576.8,2209.2,2062.8,0,0,738650.258171587,0,0,0
161860.065097904,40,2614,2236,2069.6,0,0,738650.25817205,0,0,0
161860.105096971,40,2717.2,2290.6,2086.4,0,0,738650.258172513,0,0,0
161860.145096037,40,2828.6,2396.4,2112.4,0,0,738650.258172976,0,0,0
161860.185095104,40,2842.6,2573.8,2171.6,0,0,738650.258173438,0,0,0
161860.22509417,40,2693.8,2783.6,2277.2,0,0,738650.258173901,0,0,0
161860.265093236,40,2471.8,2888,2431.2,0,0,738650.258174364,0,0,0
161860.305092303,40,2301.2,2821.6,2618,0,0,738650.258174827,0,0,0
161860.345091369,40,2270,2714.8,2594,0,0,738650.25817529,0,0,0
161860.385090436,40,2371.8,2863.4,2537.6,0,0,738650.258175753,0,0,0
161860.425089502,40,2575.8,2902.4,2377.6,0,0,738650.258176216,0,0,0
161860.465088568,40,2798,2766.6,2240,0,0,738650.258176679,0,0,0
161860.505087635,40,2911.4,2541.6,2149.8,0,0,738650.258177142,0,0,0
161860.545086701,40,2862,2382.2,2104.2,0,0,738650.258177605,0,0,0
161860.585085768,40,2759.4,2287,2078,0,0,738650.258178068,0,0,0
161860.625084834,40,2651.4,2236.4,2065.4,0,0,738650.258178531,0,0,0
161860.6650839,40,2584.6,2212.2,2059.8,0,0,738650.258178994,0,0,0
161860.705082967,40,2589,2225.8,2063.6,0,0,738650.258179457,0,0,0
161860.745082033,40,2695.6,2269.8,2076.2,0,0,738650.25817992,0,0,0
161860.7850811,40,2820.2,2362.6,2102,0,0,738650.258180383,0,0,0
161860.825080166,40,2900.8,2526,2150.4,0,0,738650.258180846,0,0,0
161860.865079232,40,2791.4,2748,2239.2,0,0,738650.258181309,0,0,0
161860.905078299,40,2564.8,2906.8,2386.4,0,0,738650.258181772,0,0,0
161860.945077365,40,2354,2874.4,2568.4,0,0,738650.258182235,0,0,0
161860.985076432,40,2267.8,2725.4,2613,0,0,738650.258182697,0,0,0
161861.025075498,40,2336,2795.4,2533.6,0,0,738650.25818316,0,0,0
161861.065074564,40,2510.8,2891.4,2405.2,0,0,738650.258183623,0,0,0
161861.105073631,40,2778.4,2820.4,2268,0,0,738650.258184086,0,0,0
161861.145072697,40,2926.2,2587,2160.8,0,0,738650.258184549,0,0,0
161861.185071764,40,2894.8,2401.4,2104.2,0,0,738650.258185012,0,0,0
161861.22507083,40,2783.6,2289.6,2076.8,0,0,738650.258185475,0,0,0
161861.265069896,40,2667.4,2225.6,2062.2,0,0,738650.258185938,0,0,0
161861.305068963,40,2594,2200.8,2055,0,0,738650.258186401,0,0,0
161861.345068029,40,2616.2,2223.4,2063,0,0,738650.258186864,0,0,0
161861.385067096,40,2665,2261.4,2075,0,0,738650.258187327,0,0,0
161861.425066162,40,2744.6,2335.8,2099.8,0,0,738650.25818779,0,0,0
161861.465065228,40,2818.8,2470.2,2140.2,0,0,738650.258188253,0,0,0
161861.505064295,40,2773.8,2684.8,2222.6,0,0,738650.258188716,0,0,0
161861.545063361,40,2583.4,2860.2,2348.2,0,0,738650.258189179,0,0,0
161861.585062428,40,2390.2,2916.4,2542.6,0,0,738650.258189642,0,0,0
161861.625061494,40,2268.4,2799.2,2683.4,0,0,738650.258190105,0,0,0
161861.66506056,40,2297,2739,2561,0,0,738650.258190568,0,0,0
161861.705059627,40,2445.4,2917.4,2478.6,0,0,738650.258191031,0,0,0
161861.745058693,40,2692.8,2876,2313,0,0,738650.258191494,0,0,0
161861.78505776,40,2915,2682.2,2193.8,0,0,738650.258191957,0,0,0
161861.825056826,40,2945,2470.6,2128.8,0,0,738650.25819242,0,0,0
161861.865055892,40,2867.4,2337.6,2088.8,0,0,738650.258192882,0,0,0
161861.905054959,40,2747.2,2257,2071.4,0,0,738650.258193345,0,0,0
161861.945054025,40,2654.2,2218,2058.8,0,0,738650.258193808,0,0,0
161861.985053092,40,2609.6,2209,2055.6,0,0,738650.258194271,0,0,0
161862.025052158,40,2625.6,2229.6,2066,0,0,738650.258194734,0,0,0
161862.065051224,40,2676.8,2276.4,2082.6,0,0,738650.258195197,0,0,0
161862.105050291,40,2801.2,2373.4,2110,0,0,738650.25819566,0,0,0
161862.145049357,40,2852.2,2543.4,2163,0,0,738650.258196123,0,0,0
161862.185048424,40,2734.6,2771.8,2264.4,0,0,738650.258196586,0,0,0
161862.22504749,40,2503.8,2893.2,2418.6,0,0,738650.258197049,0,0,0
161862.265046556,40,2314.2,2840.2,2612,0,0,738650.258197512,0,0,0
161862.305045623,40,2246.8,2692.4,2636.8,0,0,738650.258197975,0,0,0
161862.345044689,40,2323.2,2816,2576.4,0,0,738650.258198438,0,0,0
161862.385043756,40,2483.2,2872.6,2421.4,0,0,738650.258198901,0,0,0
161862.425042822,40,2739.6,2840.6,2282.8,0,0,738650.258199364,0,0,0
161862.465041888,40,2877.8,2599.6,2176.2,0,0,738650.258199827,0,0,0
161862.505040955,40,2875.4,2418.4,2116.4,0,0,738650.25820029,0,0,0
161862.545040021,40,2771.4,2307.4,2084.4,0,0,738650.258200753,0,0,0
161862.585039088,40,2651.6,2241.8,2067.2,0,0,738650.258201216,0,0,0
161862.625038154,40,2580.4,2215.2,2062.8,0,0,738650.258201679,0,0,0
161862.66503722,40,2577.6,2215.6,2064,0,0,738650.258202142,0,0,0
161862.705036287,40,2663.6,2255.4,2077.2,0,0,738650.258202604,0,0,0
161862.745035353,40,2792.4,2335.4,2092.4,0,0,738650.258203067,0,0,0
161862.78503442,40,2883.4,2477.2,2131.4,0,0,738650.25820353,0,0,0
161862.825033486,40,2811.8,2685.6,2220.2,0,0,738650.258203993,0,0,0
161862.865032552,40,2588,2861,2352,0,0,738650.258204456,0,0,0
161862.905031619,40,2379.4,2850.6,2517,0,0,738650.258204919,0,0,0
161862.945030685,40,2257.2,2714.8,2639,0,0,738650.258205382,0,0,0
161862.985029752,40,2290.8,2745.6,2589,0,0,738650.258205845,0,0,0
161863.025028818,40,2420,2873.4,2481.6,0,0,738650.258206308,0,0,0
161863.065027884,40,2632.6,2833.4,2313.6,0,0,738650.258206771,0,0,0
161863.105026951,40,2791.6,2640,2201.2,0,0,738650.258207234,0,0,0
161863.145026017,40,2810.4,2450.8,2131,0,0,738650.258207697,0,0,0
161863.185025084,40,2743.8,2327.2,2094.6,0,0,738650.25820816,0,0,0
161863.22502415,40,2646.4,2257,2077.6,0,0,738650.258208623,0,0,0
161863.265023216,40,2591.4,2218.6,2062.6,0,0,738650.258209086,0,0,0
161863.305022283,40,2580.2,2210.8,2061,0,0,738650.258209549,0,0,0
161863.345021349,40,2628.4,2235.4,2065.6,0,0,738650.258210012,0,0,0
161863.385020416,40,2714.6,2291.6,2083,0,0,738650.258210475,0,0,0
161863.425019482,40,2808.2,2390.2,2111.6,0,0,738650.258210938,0,0,0
161863.465018548,40,2812.4,2551.6,2173,0,0,738650.258211401,0,0,0
161863.505017615,40,2686,2754.2,2269,0,0,738650.258211863,0,0,0
161863.545016681,40,2484.4,2868,2412.2,0,0,738650.258212326,0,0,0
161863.585015748,40,2324.4,2819.2,2579.6,0,0,738650.258212789,0,0,0
161863.625014814,40,2291.4,2740.2,2577.8,0,0,738650.258213252,0,0,0
161863.66501388,40,2394.2,2860.4,2501.2,0,0,738650.258213715,0,0,0
161863.705012947,40,2595.4,2882.4,2359,0,0,738650.258214178,0,0,0
161863.745012013,40,2773.8,2699,2225.8,0,0,738650.258214641,0,0,0
161863.78501108,40,2882.4,2515.4,2146.2,0,0,738650.258215104,0,0,0
161863.825010146,40,2836.4,2372.8,2102.8,0,0,738650.258215567,0,0,0
161863.865009212,40,2729,2280.8,2076.8,0,0,738650.25821603,0,0,0
161863.905008279,40,2615.8,2228,2066.6,0,0,738650.258216493,0,0,0
161863.945007345,40,2556.2,2209.2,2062.8,0,0,738650.258216956,0,0,0
161863.985006412,40,2602.8,2223.8,2064.2,0,0,738650.258217419,0,0,0
161864.025005478,40,2698.4,2274.8,2075.8,0,0,738650.258217882,0,0,0
161864.065004544,40,2816.8,2369.2,2104.6,0,0,738650.258218345,0,0,0
161864.105003611,40,2870.8,2538,2158.4,0,0,738650.258218808,0,0,0
161864.145002677,40,2736.6,2754.6,2254.6,0,0,738650.258219271,0,0,0
161864.185001744,40,2511.8,2875.2,2407.4,0,0,738650.258219734,0,0,0
161864.22500081,40,2324.8,2828.4,2587.4,0,0,738650.258220197,0,0,0
161864.264999876,40,2257.8,2711.6,2623.4,0,0,738650.25822066,0,0,0
161864.304998943,40,2336.6,2827.4,2561.6,0,0,738650.258221123,0,0,0
161864.344998009,40,2487.8,2865.6,2410.6,0,0,738650.258221586,0,0,0
161864.384997076,40,2714,2791.4,2271.8,0,0,738650.258222048,0,0,0
161864.424996142,40,2852.8,2586.8,2173.6,0,0,738650.258222511,0,0,0
161864.464995208,40,2840.8,2417.2,2116.4,0,0,738650.258222974,0,0,0
161864.504994275,40,2741.8,2307.4,2090,0,0,738650.258223437,0,0,0
161864.544993341,40,2641.4,2248.6,2069.2,0,0,738650.2582239,0,0,0
161864.584992408,40,2571.4,2217.6,2064.8,0,0,738650.258224363,0,0,0
161864.624991474,40,2589.2,2218.2,2063,0,0,738650.258224826,0,0,0
161864.66499054,40,2666,2258.8,2071.8,0,0,738650.258225289,0,0,0
161864.704989607,40,2772,2327.8,2098.6,0,0,738650.258225752,0,0,0
161864.744988673,40,2848,2455.2,2132,0,0,738650.258226215,0,0,0
161864.78498774,40,2803.4,2655.2,2207.6,0,0,738650.258226678,0,0,0
161864.824986806,40,2609.8,2850.6,2331.2,0,0,738650.258227141,0,0,0
161864.864985872,40,2401.2,2904.8,2523.4,0,0,738650.258227604,0,0,0
161864.904984939,40,2263.8,2780.4,2672.6,0,0,738650.258228067,0,0,0
161864.944984005,40,2282.8,2731.6,2582.6,0,0,738650.25822853,0,0,0
161864.984983072,40,2419.6,2923,2507.6,0,0,738650.258228993,0,0,0
161865.024982138,40,2666.4,2912,2334,0,0,738650.258229456,0,0,0
161865.064981204,40,2904.2,2722.6,2208.4,0,0,738650.258229919,0,0,0
161865.104980271,40,2960,2496.6,2133.4,0,0,738650.258230382,0,0,0
161865.144979337,40,2876.8,2346.6,2087,0,0,738650.258230845,0,0,0
161865.184978404,40,2743,2257.4,2070.6,0,0,738650.258231307,0,0,0
161865.22497747,40,2643.6,2213.6,2055.8,0,0,738650.25823177,0,0,0
161865.264976536,40,2593.2,2205.4,2055.2,0,0,738650.258232233,0,0,0
161865.304975603,40,2607.6,2228.6,2064.8,0,0,738650.258232696,0,0,0
161865.344974669,40,2678.4,2281.6,2083.2,0,0,738650.258233159,0,0,0
161865.384973736,40,2805.4,2377,2108,0,0,738650.258233622,0,0,0
161865.424972802,40,2860.6,2549,2161.8,0,0,738650.258234085,0,0,0
161865.464971868,40,2735,2774.4,2261.2,0,0,738650.258234548,0,0,0
161865.504970935,40,2511,2908.6,2413.2,0,0,738650.258235011,0,0,0
161865.544970001,40,2325.2,2862.4,2613.4,0,0,738650.258235474,0,0,0
161865.584969068,40,2252.6,2716.6,2641.8,0,0,738650.258235937,0,0,0
161865.624968134,40,2314.8,2766.4,2546,0,0,738650.2582364,0,0,0
161865.6649672,40,2496.8,2908.6,2424,0,0,738650.258236863,0,0,0
161865.704966267,40,2774,2859,2282.4,0,0,738650.258237326,0,0,0
161865.744965333,40,2934.2,2620,2173.8,0,0,738650.258237789,0,0,0
161865.7849644,40,2943.8,2427.4,2111.6,0,0,738650.258238252,0,0,0
161865.824963466,40,2826.2,2301.6,2084,0,0,738650.258238715,0,0,0
161865.864962532,40,2705.6,2235.8,2062.6,0,0,738650.258239178,0,0,0
161865.904961599,40,2620.2,2203,2054.4,0,0,738650.258239641,0,0,0
161865.944960665,40,2638,2215.2,2054.8,0,0,738650.258240104,0,0,0
161865.984959732,40,2683,2249.4,2069,0,0,738650.258240566,0,0,0
161866.024958798,40,2719.4,2308,2089.2,0,0,738650.258241029,0,0,0
161866.064957864,40,2783.4,2421.4,2127,0,0,738650.258241492,0,0,0
161866.104956931,40,2779.6,2610.4,2194.2,0,0,738650.258241955,0,0,0
161866.144955997,40,2623.8,2817.8,2314.4,0,0,738650.258242418,0,0,0
161866.184955064,40,2421,2912.8,2498.6,0,0,738650.258242881,0,0,0
161866.22495413,40,2283.8,2810.8,2670.8,0,0,738650.258243344,0,0,0
161866.264953196,40,2284,2730.8,2581.4,0,0,738650.258243807,0,0,0
161866.304952263,40,2405.4,2874.4,2495.6,0,0,738650.25824427,0,0,0
161866.344951329,40,2636,2917,2348.4,0,0,738650.258244733,0,0,0
161866.384950396,40,2865.2,2748.6,2221.6,0,0,738650.258245196,0,0,0
161866.424949462,40,2957.2,2525.4,2141.4,0,0,738650.258245659,0,0,0
161866.464948528,40,2904,2376,2094.4,0,0,738650.258246122,0,0,0
161866.504947595,40,2799.4,2279.6,2073.8,0,0,738650.258246585,0,0,0
161866.544946661,40,2681.2,2224,2056.6,0,0,738650.258247048,0,0,0
161866.584945728,40,2622.6,2205.6,2053.4,0,0,738650.258247511,0,0,0
161866.624944794,40,2639.8,2219.4,2059.6,0,0,738650.258247974,0,0,0
161866.66494386,40,2674.8,2259.6,2072.4,0,0,738650.258248437,0,0,0
161866.704942927,40,2719.8,2337.6,2103.8,0,0,738650.2582489,0,0,0
161866.744941993,40,2811.4,2485,2148,0,0,738650.258249363,0,0,0
161866.78494106,40,2757.8,2705.6,2232.6,0,0,738650.258249826,0,0,0
161866.824940126,40,2553,2876.6,2373.2,0,0,738650.258250289,0,0,0
161866.864939192,40,2363.8,2905.2,2570.8,0,0,738650.258250751,0,0,0
161866.904938259,40,2266.8,2788.4,2675.6,0,0,738650.258251214,0,0,0
161866.944937325,40,2317,2762,2540.6,0,0,738650.258251677,0,0,0
161866.984936392,40,2477.4,2902.4,2435.8,0,0,738650.25825214,0,0,0
161867.024935458,40,2736.4,2871,2291.6,0,0,738650.258252603,0,0,0
161867.064934524,40,2934.8,2652.2,2181.4,0,0,738650.258253066,0,0,0
161867.104933591,40,2948.8,2448.4,2119,0,0,738650.258253529,0,0,0
161867.144932657,40,2849.2,2326.2,2083.8,0,0,738650.258253992,0,0,0
161867.184931724,40,2723,2243.8,2065.2,0,0,738650.258254455,0,0,0
161867.22493079,40,2630.6,2207.2,2055.2,0,0,738650.258254918,0,0,0
161867.264929856,40,2626.6,2210.8,2057.4,0,0,738650.258255381,0,0,0
161867.304928923,40,2647.4,2233.6,2067,0,0,738650.258255844,0,0,0
161867.344927989,40,2700.4,2294.2,2086.6,0,0,738650.258256307,0,0,0
161867.384927056,40,2788.4,2399.2,2121.4,0,0,738650.25825677,0,0,0
161867.424926122,40,2800.2,2573.8,2179.2,0,0,738650.258257233,0,0,0
161867.464925188,40,2665.2,2786.6,2289.8,0,0,738650.258257696,0,0,0
161867.504924255,40,2460.6,2889.4,2450.6,0,0,738650.258258159,0,0,0
161867.544923321,40,2297.8,2826.2,2647.2,0,0,738650.258258622,0,0,0
161867.584922388,40,2263.8,2726.8,2631.6,0,0,738650.258259085,0,0,0
161867.624921454,40,2338.4,2792.2,2524.6,0,0,738650.258259548,0,0,0
161867.66492052,40,2538.4,2909,2402.6,0,0,738650.258260011,0,0,0
161867.704919587,40,2766,2801,2259,0,0,738650.258260473,0,0,0
161867.744918653,40,2923.8,2597.6,2165.6,0,0,738650.258260936,0,0,0
161867.78491772,40,2906,2411.4,2111.8,0,0,738650.258261399,0,0,0
161867.824916786,40,2826.2,2305.4,2075.6,0,0,738650.258261862,0,0,0
161867.864915852,40,2702.2,2239,2063.2,0,0,738650.258262325,0,0,0
161867.904914919,40,2620.8,2205.2,2050,0,0,738650.258262788,0,0,0
161867.944913985,40,2612,2211,2058.6,0,0,738650.258263251,0,0,0
161867.984913052,40,2634.8,2242.2,2072.6,0,0,738650.258263714,0,0,0
161868.024912118,40,2688.8,2309,2090,0,0,738650.258264177,0,0,0
161868.064911184,40,2806.2,2428.2,2129,0,0,738650.25826464,0,0,0
161868.104910251,40,2815.2,2641.6,2197.4,0,0,738650.258265103,0,0,0
161868.144909317,40,2641.2,2853.6,2322.8,0,0,738650.258265566,0,0,0
161868.184908384,40,2431.4,2948.4,2511.8,0,0,738650.258266029,0,0,0
161868.22490745,40,2274.2,2825.6,2699.2,0,0,738650.258266492,0,0,0
161868.264906516,40,2260,2709.6,2623.6,0,0,738650.258266955,0,0,0
161868.304905583,40,2361.2,2838,2530.2,0,0,738650.258267418,0,0,0
161868.344904649,40,2586.2,2938.8,2390.8,0,0,738650.258267881,0,0,0
161868.384903716,40,2850.2,2805.6,2240.6,0,0,738650.258268344,0,0,0
161868.424902782,40,2973,2559.2,2149,0,0,738650.258268807,0,0,0
161868.464901848,40,2913.4,2381,2097,0,0,738650.25826927,0,0,0
161868.504900915,40,2785.2,2275.2,2067.6,0,0,738650.258269732,0,0,0
161868.544899981,40,2668.2,2218.6,2054.4,0,0,738650.258270195,0,0,0
161868.584899048,40,2624.8,2204.6,2052.8,0,0,738650.258270658,0,0,0
161868.624898114,40,2660.6,2221,2060.2,0,0,738650.258271121,0,0,0
161868.66489718,40,2694.8,2258,2073.4,0,0,738650.258271584,0,0,0
161868.704896247,40,2744.2,2333.6,2097.8,0,0,738650.258272047,0,0,0
161868.744895313,40,2788.4,2459.6,2139.6,0,0,738650.25827251,0,0,0
161868.78489438,40,2747.4,2655.4,2220,0,0,738650.258272973,0,0,0
161868.824893446,40,2577.2,2839.8,2350.6,0,0,738650.258273436,0,0,0
161868.864892512,40,2383,2895.4,2539.2,0,0,738650.258273899,0,0,0
161868.904891579,40,2253.8,2769.8,2693,0,0,738650.258274362,0,0,0
161868.944890645,40,2271.2,2713.6,2596.8,0,0,738650.258274825,0,0,0
161868.984889712,40,2396.2,2902.6,2536.8,0,0,738650.258275288,0,0,0
161869.024888778,40,2615.8,2929.8,2365,0,0,738650.258275751,0,0,0
161869.064887844,40,2866,2779.8,2233.8,0,0,738650.258276214,0,0,0
161869.104886911,40,2959.4,2544.4,2143.2,0,0,738650.258276677,0,0,0
161869.144885977,40,2919.6,2381.6,2099.6,0,0,738650.25827714,0,0,0
161869.184885044,40,2795.6,2281,2072.6,0,0,738650.258277603,0,0,0
161869.22488411,40,2676.2,2223.6,2058.2,0,0,738650.258278066,0,0,0
161869.264883176,40,2612,2202.4,2056.8,0,0,738650.258278529,0,0,0
161869.304882243,40,2628.2,2217.8,2059,0,0,738650.258278992,0,0,0
161869.344881309,40,2680.8,2269.8,2077.8,0,0,738650.258279455,0,0,0
161869.384880376,40,2725,2345.6,2106.8,0,0,738650.258279917,0,0,0
161869.424879442,40,2807.2,2494.6,2150.8,0,0,738650.25828038,0,0,0
161869.464878508,40,2737.6,2704.8,2238.4,0,0,738650.258280843,0,0,0
161869.504877575,40,2544.6,2877.8,2379,0,0,738650.258281306,0,0,0
161869.544876641,40,2360,2890.8,2575.2,0,0,738650.258281769,0,0,0
161869.584875708,40,2261.4,2774.8,2674.2,0,0,738650.258282232,0,0,0
161869.624874774,40,2298.4,2745.8,2560.8,0,0,738650.258282695,0,0,0
161869.66487384,40,2449.2,2875.4,2452,0,0,738650.258283158,0,0,0
161869.704872907,40,2690.4,2889.6,2316.6,0,0,738650.258283621,0,0,0
161869.744871973,40,2889.8,2687.4,2197.8,0,0,738650.258284084,0,0,0
161869.78487104,40,2945.4,2485.2,2130.4,0,0,738650.258284547,0,0,0
161869.824870106,40,2878.8,2342.4,2088.6,0,0,738650.25828501,0,0,0
161869.864869172,40,2759.4,2260.8,2069.6,0,0,738650.258285473,0,0,0
161869.904868239,40,2655.4,2216.6,2059.8,0,0,738650.258285936,0,0,0
161869.944867305,40,2605.8,2205.4,2054.8,0,0,738650.258286399,0,0,0
161869.984866372,40,2614.2,2226.8,2064.6,0,0,738650.258286862,0,0,0
161870.024865438,40,2658.8,2276.6,2084.2,0,0,738650.258287325,0,0,0
161870.064864504,40,2789.4,2380,2111.6,0,0,738650.258287788,0,0,0
161870.104863571,40,2841.4,2554.2,2170,0,0,738650.258288251,0,0,0
161870.144862637,40,2715.2,2770,2268,0,0,738650.258288714,0,0,0
161870.184861704,40,2504.2,2919.6,2424.2,0,0,738650.258289177,0,0,0
161870.22486077,40,2324.6,2864.2,2623.4,0,0,738650.258289639,0,0,0
161870.264859836,40,2256,2729.6,2653,0,0,738650.258290102,0,0,0
161870.304858903,40,2312.6,2758.2,2548.4,0,0,738650.258290565,0,0,0
161870.344857969,40,2489.4,2911.8,2438.4,0,0,738650.258291028,0,0,0
161870.384857036,40,2730.6,2865.8,2295,0,0,738650.258291491,0,0,0
161870.424856102,40,2927.6,2654.6,2186.2,0,0,738650.258291954,0,0,0
161870.464855168,40,2961.2,2459,2120,0,0,738650.258292417,0,0,0
161870.504854235,40,2871,2325.8,2086.6,0,0,738650.25829288,0,0,0
161870.544853301,40,2720,2247.4,2064.8,0,0,738650.258293343,0,0,0
161870.584852368,40,2625,2208.4,2052.8,0,0,738650.258293806,0,0,0
161870.624851434,40,2615.6,2212.8,2059.4,0,0,738650.258294269,0,0,0
161870.6648505,40,2641,2245,2070,0,0,738650.258294732,0,0,0
161870.704849567,40,2695.8,2300.6,2088.4,0,0,738650.258295195,0,0,0
161870.744848633,40,2807.8,2414,2124.6,0,0,738650.258295658,0,0,0
161870.7848477,40,2818,2597.8,2186.6,0,0,738650.258296121,0,0,0
161870.824846766,40,2672.2,2807,2290.8,0,0,738650.258296584,0,0,0
161870.864845832,40,2471.4,2921.6,2453.6,0,0,738650.258297047,0,0,0
161870.904844899,40,2303.2,2834.4,2632,0,0,738650.25829751,0,0,0
161870.944843965,40,2257.2,2707.4,2616.4,0,0,738650.258297973,0,0,0
161870.984843032,40,2330.8,2798,2546.8,0,0,738650.258298436,0,0,0
161871.024842098,40,2503.6,2897.6,2419.8,0,0,738650.258298898,0,0,0
161871.064841164,40,2726,2826.6,2281.6,0,0,738650.258299361,0,0,0
161871.104840231,40,2904,2624.8,2177.6,0,0,738650.258299824,0,0,0
161871.144839297,40,2925.2,2439.4,2117.2,0,0,738650.258300287,0,0,0
161871.184838364,40,2825.8,2316.8,2084.8,0,0,738650.25830075,0,0,0
161871.22483743,40,2700,2246.4,2065.8,0,0,738650.258301213,0,0,0
161871.264836496,40,2615.8,2212.4,2055.4,0,0,738650.258301676,0,0,0
161871.304835563,40,2576.4,2211.8,2059,0,0,738650.258302139,0,0,0
161871.344834629,40,2611.2,2244.4,2073.8,0,0,738650.258302602,0,0,0
161871.384833696,40,2757.8,2317.2,2089.6,0,0,738650.258303065,0,0,0
161871.424832762,40,2849.8,2445.2,2127,0,0,738650.258303528,0,0,0
161871.464831828,40,2809.8,2641.4,2201.8,0,0,738650.258303991,0,0,0
161871.504830895,40,2622.8,2827.2,2323.6,0,0,738650.258304454,0,0,0
161871.544829961,40,2410,2866,2485,0,0,738650.258304917,0,0,0
161871.584829028,40,2273.4,2763,2635.4,0,0,738650.25830538,0,0,0
161871.624828094,40,2281.6,2734.8,2595.8,0,0,738650.258305843,0,0,0
161871.66482716,40,2366,2829.8,2517.4,0,0,738650.258306306,0,0,0
161871.704826227,40,2491.2,2843,2399.6,0,0,738650.258306769,0,0,0
161871.744825293,40,2650.4,2812.2,2296.8,0,0,738650.258307232,0,0,0
161871.78482436,40,2786,2687.4,2220.2,0,0,738650.258307695,0,0,0
161871.824823426,40,2865.8,2564.8,2162.2,0,0,738650.258308158,0,0,0
161871.864822492,40,2884.6,2466,2128.6,0,0,738650.258308621,0,0,0
161871.904821559,40,2862.6,2393,2111,0,0,738650.258309083,0,0,0
161871.944820625,40,2826.4,2346.2,2094.8,0,0,738650.258309546,0,0,0
161871.984819692,40,2805.8,2322.6,2089.8,0,0,738650.258310009,0,0,0
161872.024818758,40,2799,2318.4,2084.4,0,0,738650.258310472,0,0,0
161872.064817824,40,2813.6,2326.4,2085.6,0,0,738650.258310935,0,0,0
161872.104816891,40,2829.8,2341.2,2091.2,0,0,738650.258311398,0,0,0
161872.144815957,40,2839.4,2341.8,2093.4,0,0,738650.258311861,0,0,0
161872.184815024,40,2836.6,2346.2,2095.6,0,0,738650.258312324,0,0,0
161872.22481409,40,2842.6,2352.6,2097.6,0,0,738650.258312787,0,0,0
161872.264813156,40,2839.6,2356.2,2099.6,0,0,738650.25831325,0,0,0
161872.304812223,40,2834,2359.6,2102,0,0,738650.258313713,0,0,0
161872.344811289,40,2825.4,2362.4,2102.6,0,0,738650.258314176,0,0,0
161872.384810356,40,2823.6,2367.4,2102.6,0,0,738650.258314639,0,0,0
161872.424809422,40,2841.4,2380.6,2105,0,0,738650.258315102,0,0,0
161872.464808488,40,2846.2,2381.2,2109,0,0,738650.258315565,0,0,0
161872.504807555,40,2859.2,2391.2,2105.8,0,0,738650.258316028,0,0,0
161872.544806621,40,2868.2,2397.8,2106.8,0,0,738650.258316491,0,0,0
161872.584805688,40,2880,2407.8,2111.6,0,0,738650.258316954,0,0,0
161872.624804754,40,2889.4,2410.2,2112.4,0,0,738650.258317417,0,0,0
161872.66480382,40,2898.4,2417.8,2115.4,0,0,738650.25831788,0,0,0
161872.704802887,40,2909.6,2426.6,2116,0,0,738650.258318343,0,0,0
161872.744801953,40,2915.8,2436.4,2122,0,0,738650.258318805,0,0,0
161872.78480102,40,2918.8,2447.2,2119.6,0,0,738650.258319268,0,0,0
161872.824800086,40,2924.4,2448.8,2125,0,0,738650.258319731,0,0,0
161872.864799152,40,2922.4,2454,2126,0,0,738650.258320194,0,0,0
161872.904798219,40,2917.8,2465.2,2129.8,0,0,738650.258320657,0,0,0
161872.944797285,40,2912,2472.6,2130.8,0,0,738650.25832112,0,0,0
161872.984796352,40,2911.4,2480.2,2135.6,0,0,738650.258321583,0,0,0
161873.024795418,40,2912.8,2489,2138,0,0,738650.258322046,0,0,0
161873.064794484,40,2899.6,2492.6,2138.8,0,0,738650.258322509,0,0,0
161873.104793551,40,2897.4,2503.4,2139.8,0,0,738650.258322972,0,0,0
161873.144792617,40,2893.8,2510.8,2147.8,0,0,738650.258323435,0,0,0
161873.184791684,40,2889,2516,2146,0,0,738650.258323898,0,0,0
161873.22479075,40,2886.4,2525.4,2150.2,0,0,738650.258324361,0,0,0
161873.264789816,40,2885.6,2532.6,2155,0,0,738650.258324824,0,0,0
161873.304788883,40,2883.2,2541.8,2155.2,0,0,738650.258325287,0,0,0
161873.344787949,40,2887,2550.8,2159,0,0,738650.25832575,0,0,0
161873.384787016,40,2884,2558,2161.4,0,0,738650.258326213,0,0,0
161873.424786082,40,2890,2572.8,2166.6,0,0,738650.258326676,0,0,0
161873.464785148,40,2886.2,2581.6,2164.4,0,0,738650.258327139,0,0,0
161873.504784215,40,2890.6,2589,2170,0,0,738650.258327601,0,0,0
161873.544783281,40,2895.6,2597.4,2177.4,0,0,738650.258328064,0,0,0
161873.584782348,40,2893.4,2605.6,2178,0,0,738650.258328527,0,0,0
161873.624781414,40,2892.4,2618.6,2183.4,0,0,738650.25832899,0,0,0
161873.66478048,40,2891.4,2628,2180.4,0,0,738650.258329453,0,0,0
161873.704779547,40,2885.8,2637.4,2189.2,0,0,738650.258329916,0,0,0
161873.744778613,40,2882.2,2645,2188,0,0,738650.258330379,0,0,0
161873.78477768,40,2874,2650.6,2193.4,0,0,738650.258330842,0,0,0
161873.824776746,40,2870,2656.8,2197.6,0,0,738650.258331305,0,0,0
161873.864775812,40,2857.6,2666.2,2202,0,0,738650.258331768,0,0,0
161873.904774879,40,2850,2674,2202.2,0,0,738650.258332231,0,0,0
161873.944773945,40,2848.4,2681,2206,0,0,738650.258332694,0,0,0
161873.984773012,40,2839,2688.2,2212.4,0,0,738650.258333157,0,0,0
161874.024772078,40,2832.6,2696.2,2213.4,0,0,738650.25833362,0,0,0
161874.064771144,40,2823.8,2704.4,2217.8,0,0,738650.258334083,0,0,0
161874.104770211,40,2822.6,2717.8,2223.2,0,0,738650.258334546,0,0,0
161874.144769277,40,2822.4,2730.4,2229,0,0,738650.258335009,0,0,0
161874.184768344,40,2820,2750,2236,0,0,738650.258335472,0,0,0
161874.22476741,40,2821.8,2760,2237.4,0,0,738650.258335935,0,0,0
161874.264766476,40,2820.6,2773,2241,0,0,738650.258336398,0,0,0
161874.304765543,40,2814.2,2784.8,2251.2,0,0,738650.258336861,0,0,0
161874.344764609,40,2803.4,2794,2249.8,0,0,738650.258337324,0,0,0
161874.384763676,40,2788.8,2795.2,2254.4,0,0,738650.258337786,0,0,0
161874.424762742,40,2772.4,2806,2260.6,0,0,738650.258338249,0,0,0
161874.464761808,40,2760,2805.6,2265.2,0,0,738650.258338712,0,0,0
161874.504760875,40,2755.8,2810.8,2270.4,0,0,738650.258339175,0,0,0
161874.544759941,40,2754,2814.4,2270.8,0,0,738650.258339638,0,0,0
161874.584759008,40,2754.8,2814.4,2271,0,0,738650.258340101,0,0,0
161874.624758074,40,2771,2805.4,2262.8,0,0,738650.258340564,0,0,0
161874.66475714,40,2801.4,2769.2,2243,0,0,738650.258341027,0,0,0
161874.704756207,40,2844,2694,2213,0,0,738650.25834149,0,0,0
161874.744755273,40,2878.2,2606.8,2175.8,0,0,738650.258341953,0,0,0
161874.78475434,40,2893.4,2519.2,2148.2,0,0,738650.258342416,0,0,0
161874.824753406,40,2894.2,2445.2,2121.8,0,0,738650.258342879,0,0,0
161874.864752472,40,2882.4,2380.8,2101.4,0,0,738650.258343342,0,0,0
161874.904751539,40,2848.2,2329.4,2085.8,0,0,738650.258343805,0,0,0
161874.944750605,40,2802.8,2299,2080.8,0,0,738650.258344268,0,0,0
161874.984749672,40,2776.2,2274.2,2073.4,0,0,738650.258344731,0,0,0
161875.024748738,40,2772.6,2270.8,2071,0,0,738650.258345194,0,0,0
161875.064747804,40,2824.4,2304,2083.6,0,0,738650.258345657,0,0,0
161875.104746871,40,2858.8,2359.8,2097.6,0,0,738650.25834612,0,0,0
161875.144745937,40,2865.2,2438,2125.4,0,0,738650.258346583,0,0,0
161875.184745004,40,2825.8,2533.8,2162.8,0,0,738650.258347046,0,0,0
161875.22474407,40,2754.2,2633.4,2209.2,0,0,738650.258347508,0,0,0
161875.264743136,40,2685.4,2725.2,2259.2,0,0,738650.258347971,0,0,0
161875.304742203,40,2622.2,2780.8,2305.2,0,0,738650.258348434,0,0,0
161875.344741269,40,2596.4,2834,2330.6,0,0,738650.258348897,0,0,0
161875.384740336,40,2631.4,2835,2319.8,0,0,738650.25834936,0,0,0
161875.424739402,40,2711.4,2773.2,2265.2,0,0,738650.258349823,0,0,0
161875.464738468,40,2796.2,2664.2,2209.2,0,0,738650.258350286,0,0,0
161875.504737535,40,2836.2,2548.6,2164.6,0,0,738650.258350749,0,0,0
161875.544736601,40,2829.8,2448,2133,0,0,738650.258351212,0,0,0
161875.584735668,40,2785.8,2379.8,2111.4,0,0,738650.258351675,0,0,0
161875.624734734,40,2752.8,2343.8,2101.4,0,0,738650.258352138,0,0,0
161875.6647338,40,2750.4,2340.8,2101.4,0,0,738650.258352601,0,0,0
161875.704732867,40,2785.4,2367.6,2108,0,0,738650.258353064,0,0,0
161875.744731933,40,2826.2,2417.2,2124.4,0,0,738650.258353527,0,0,0
161875.784731,40,2856,2490.8,2142.6,0,0,738650.25835399,0,0,0
161875.824730066,40,2859,2609,2182.4,0,0,738650.258354453,0,0,0
161875.864729132,40,2784,2751.2,2240.2,0,0,738650.258354916,0,0,0
161875.904728199,40,2644,2899.8,2337.4,0,0,738650.258355379,0,0,0
161875.944727265,40,2512.2,2960,2438.6,0,0,738650.258355842,0,0,0
161875.984726332,40,2542.4,2890,2391,0,0,738650.258356305,0,0,0
161876.024725398,40,2665.8,2759.2,2276.4,0,0,738650.258356767,0,0,0
161876.064724464,40,2767.8,2597,2191.4,0,0,738650.25835723,0,0,0
161876.104723531,40,2812.2,2459.2,2133.2,0,0,738650.258357693,0,0,0
161876.144722597,40,2789,2359,2104.6,0,0,738650.258358156,0,0,0
161876.184721664,40,2768.2,2318.2,2089.2,0,0,738650.258358619,0,0,0
161876.22472073,40,2768.4,2311.4,2083,0,0,738650.258359082,0,0,0
161876.264719796,40,2809.4,2337.6,2090.8,0,0,738650.258359545,0,0,0
161876.304718863,40,2841,2389.6,2109.6,0,0,738650.258360008,0,0,0
161876.344717929,40,2865.4,2453.4,2128.8,0,0,738650.258360471,0,0,0
161876.384716996,40,2857.2,2543,2157.6,0,0,738650.258360934,0,0,0
161876.424716062,40,2807.8,2656.8,2203,0,0,738650.258361397,0,0,0
161876.464715128,40,2710.8,2797,2276.6,0,0,738650.25836186,0,0,0
161876.504714195,40,2566.2,2909.8,2377.8,0,0,738650.258362323,0,0,0
161876.544713261,40,2442.8,2956,2504,0,0,738650.258362786,0,0,0
161876.584712328,40,2479.4,2992,2483.2,0,0,738650.258363249,0,0,0
161876.624711394,40,2642.6,2930.6,2347.2,0,0,738650.258363712,0,0,0
161876.66471046,40,2854,2765.6,2225.6,0,0,738650.258364175,0,0,0
161876.704709527,40,2953.2,2575.2,2160.6,0,0,738650.258364638,0,0,0
161876.744708593,40,2944,2437,2115,0,0,738650.258365101,0,0,0
161876.78470766,40,2902.8,2364.6,2095.8,0,0,738650.258365564,0,0,0
161876.824706726,40,2882,2331,2085.2,0,0,738650.258366027,0,0,0
161876.864705792,40,2899.4,2342.2,2087.6,0,0,738650.25836649,0,0,0
161876.904704859,40,2945.6,2398.8,2100.8,0,0,738650.258366952,0,0,0
161876.944703925,40,2976,2479.4,2125.6,0,0,738650.258367415,0,0,0
161876.984702992,40,2950.8,2601.8,2167,0,0,738650.258367878,0,0,0
161877.024702058,40,2837.4,2750.6,2229.4,0,0,738650.258368341,0,0,0
161877.064701124,40,2654.4,2888.4,2329.8,0,0,738650.258368804,0,0,0
161877.104700191,40,2487,2926.8,2443,0,0,738650.258369267,0,0,0
161877.144699257,40,2516.4,2942,2431.4,0,0,738650.25836973,0,0,0
161877.184698324,40,2698.4,2884.8,2310.4,0,0,738650.258370193,0,0,0
161877.22469739,40,2873.4,2687,2203,0,0,738650.258370656,0,0,0
161877.264696456,40,2968.8,2513.4,2137.4,0,0,738650.258371119,0,0,0
161877.304695523,40,2932.6,2392.6,2101,0,0,738650.258371582,0,0,0
161877.344694589,40,2880.4,2335.6,2081.6,0,0,738650.258372045,0,0,0
161877.384693656,40,2876.4,2322.2,2082.4,0,0,738650.258372508,0,0,0
161877.424692722,40,2905.8,2341.4,2087,0,0,738650.258372971,0,0,0
161877.464691788,40,2923.8,2368,2096,0,0,738650.258373434,0,0,0
161877.504690855,40,2951.6,2432.8,2114.6,0,0,738650.258373897,0,0,0
161877.544689921,40,2953,2519.6,2144.2,0,0,738650.25837436,0,0,0
161877.584688988,40,2881,2643,2187.4,0,0,738650.258374823,0,0,0
161877.648687494,64,2621.2,2843.4,2325.8,0,0,738650.258375563,0,0,0
161877.68868656,40,2464.2,2852.6,2426.6,0,0,738650.258376026,0,0,0
161877.728685627,40,2450,2882.6,2457,0,0,738650.258376489,0,0,0
161877.768684693,40,2628.2,2891.8,2346.8,0,0,738650.258376952,0,0,0
161877.808683759,40,2846.6,2737,2224.8,0,0,738650.258377415,0,0,0
161877.848682826,40,2953.6,2535.8,2143.6,0,0,738650.258377878,0,0,0
161877.888681892,40,2924.4,2398,2105,0,0,738650.258378341,0,0,0
161877.928680959,40,2857,2328.2,2084.2,0,0,738650.258378804,0,0,0
161877.968680025,40,2827.6,2301.2,2076.6,0,0,738650.258379267,0,0,0
161878.008679091,40,2852.2,2315.8,2081.8,0,0,738650.25837973,0,0,0
161878.048678158,40,2891,2357.4,2093.4,0,0,738650.258380193,0,0,0
161878.088677224,40,2943.2,2420.2,2110.2,0,0,738650.258380656,0,0,0
161878.128676291,40,2949.4,2509.8,2141.6,0,0,738650.258381119,0,0,0
161878.168675357,40,2885.4,2640,2189,0,0,738650.258381582,0,0,0
161878.208674423,40,2735.8,2773.6,2264.6,0,0,738650.258382045,0,0,0
161878.24867349,40,2553.2,2887.8,2377,0,0,738650.258382508,0,0,0
161878.288672556,40,2492.2,2923,2441,0,0,738650.258382971,0,0,0
161878.328671623,40,2661.8,2935.4,2346.6,0,0,738650.258383434,0,0,0
161878.368670689,40,2860.6,2761.8,2227.2,0,0,738650.258383897,0,0,0
161878.408669755,40,2981,2557.6,2150.6,0,0,738650.258384359,0,0,0
161878.448668822,40,2949.2,2405.4,2103.2,0,0,738650.258384822,0,0,0
161878.488667888,40,2859.8,2318.2,2085.4,0,0,738650.258385285,0,0,0
161878.528666955,40,2807.2,2283.2,2071.4,0,0,738650.258385748,0,0,0
161878.568666021,40,2800,2285.6,2072.6,0,0,738650.258386211,0,0,0
161878.608665087,40,2837.6,2318.8,2082.6,0,0,738650.258386674,0,0,0
161878.648664154,40,2880.8,2368.8,2099.4,0,0,738650.258387137,0,0,0
161878.68866322,40,2921.8,2449,2120.6,0,0,738650.2583876,0,0,0
161878.728662287,40,2918.2,2571.2,2162,0,0,738650.258388063,0,0,0
161878.768661353,40,2820.2,2733.6,2229.2,0,0,738650.258388526,0,0,0
161878.808660419,40,2633,2900,2340,0,0,738650.258388989,0,0,0
161878.848659486,40,2477.8,2959.6,2468,0,0,738650.258389452,0,0,0
161878.888658552,40,2543.6,2943,2411.4,0,0,738650.258389915,0,0,0
161878.928657619,40,2717.4,2811.6,2283.4,0,0,738650.258390378,0,0,0
161878.968656685,40,2841.8,2612.4,2183.2,0,0,738650.258390841,0,0,0
161879.008655751,40,2873,2444.6,2127.2,0,0,738650.258391304,0,0,0
161879.048654818,40,2807.8,2343.8,2095.4,0,0,738650.258391767,0,0,0
161879.088653884,40,2758,2293,2080,0,0,738650.25839223,0,0,0
161879.128652951,40,2748.2,2290,2077,0,0,738650.258392693,0,0,0
161879.168652017,40,2785,2329.4,2095.2,0,0,738650.258393156,0,0,0
161879.208651083,40,2821.4,2383,2109.4,0,0,738650.258393619,0,0,0
161879.24865015,40,2838.4,2466.6,2133.8,0,0,738650.258394081,0,0,0
161879.288649216,40,2825.6,2584,2179,0,0,738650.258394544,0,0,0
161879.328648283,40,2731.4,2734,2248.8,0,0,738650.258395007,0,0,0
161879.368647349,40,2566.6,2864,2359.8,0,0,738650.25839547,0,0,0
161879.408646415,40,2478.2,2880.4,2434.6,0,0,738650.258395933,0,0,0
161879.448645482,40,2559.8,2795.6,2336.8,0,0,738650.258396396,0,0,0
161879.488644548,40,2708.8,2703.2,2244.4,0,0,738650.258396859,0,0,0
161879.528643615,40,2801.4,2545,2167.2,0,0,738650.258397322,0,0,0
161879.568642681,40,2801.4,2416.8,2123,0,0,738650.258397785,0,0,0
161879.608641747,40,2769.6,2343.6,2099.8,0,0,738650.258398248,0,0,0
161879.648640814,40,2748.2,2317,2089.8,0,0,738650.258398711,0,0,0
161879.68863988,40,2781.6,2330.2,2091.8,0,0,738650.258399174,0,0,0
161879.728638947,40,2824.4,2369,2100.8,0,0,738650.258399637,0,0,0
161879.768638013,40,2871.2,2431.6,2120,0,0,738650.2584001,0,0,0
161879.808637079,40,2893.4,2524,2152.2,0,0,738650.258400563,0,0,0
161879.848636146,40,2862,2649,2195.2,0,0,738650.258401026,0,0,0
161879.888635212,40,2763,2793.6,2264.2,0,0,738650.258401489,0,0,0
161879.928634279,40,2610,2919,2361,0,0,738650.258401952,0,0,0
161879.968633345,40,2503.8,2962.2,2449.2,0,0,738650.258402415,0,0,0
161880.008632411,40,2557,2914,2388.6,0,0,738650.258402878,0,0,0
161880.048631478,40,2698,2786,2279.6,0,0,738650.25840334,0,0,0
161880.088630544,40,2827,2631.4,2194.6,0,0,738650.258403803,0,0,0
161880.128629611,40,2892.6,2491,2137,0,0,738650.258404266,0,0,0
161880.168628677,40,2883.6,2388.8,2103.2,0,0,738650.258404729,0,0,0
161880.208627743,40,2837.4,2336.8,2090.8,0,0,738650.258405192,0,0,0
161880.24862681,40,2828.2,2329.6,2088.6,0,0,738650.258405655,0,0,0
161880.288625876,40,2866.2,2366,2100,0,0,738650.258406118,0,0,0
161880.328624943,40,2897.4,2428,2116.8,0,0,738650.258406581,0,0,0
161880.368624009,40,2903,2513.8,2144.8,0,0,738650.258407044,0,0,0
161880.408623075,40,2854.8,2642.2,2195.6,0,0,738650.258407507,0,0,0
161880.448622142,40,2731.8,2779.6,2264.8,0,0,738650.25840797,0,0,0
161880.488621208,40,2566.8,2883.6,2365.6,0,0,738650.258408433,0,0,0
161880.528620275,40,2451.6,2903.4,2462.8,0,0,738650.258408896,0,0,0
161880.568619341,40,2497.8,2911.8,2428.6,0,0,738650.258409359,0,0,0
161880.608618407,40,2650.4,2859.4,2321.8,0,0,738650.258409822,0,0,0
161880.648617474,40,2816.6,2727,2227.2,0,0,738650.258410285,0,0,0
161880.68861654,40,2917,2560.4,2158,0,0,738650.258410748,0,0,0
161880.728615607,40,2929.8,2438,2117.4,0,0,738650.258411211,0,0,0
161880.768614673,40,2883.4,2368,2096.2,0,0,738650.258411674,0,0,0
161880.808613739,40,2860.4,2342.8,2088.8,0,0,738650.258412137,0,0,0
161880.848612806,40,2887.4,2365.2,2093.4,0,0,738650.2584126,0,0,0
161880.888611872,40,2925,2414.6,2109.4,0,0,738650.258413063,0,0,0
161880.928610939,40,2933.4,2485.6,2129.8,0,0,738650.258413525,0,0,0
161880.968610005,40,2909.6,2593,2167.8,0,0,738650.258413988,0,0,0
161881.008609071,40,2808.2,2735.8,2233.8,0,0,738650.258414451,0,0,0
161881.048608138,40,2633.4,2866,2328.2,0,0,738650.258414914,0,0,0
161881.088607204,40,2471.4,2918.6,2447.4,0,0,738650.258415377,0,0,0
161881.128606271,40,2470.6,2937,2462.6,0,0,738650.25841584,0,0,0
161881.168605337,40,2612.2,2914.4,2354.8,0,0,738650.258416303,0,0,0
161881.208604403,40,2793,2787,2251.2,0,0,738650.258416766,0,0,0
161881.312601976,104,2930.2,2428.6,2113.8,0,0,738650.25841797,0,0,0
161881.352601042,40,2890.4,2368.2,2099.8,0,0,738650.258418433,0,0,0
161881.392600109,40,2880.8,2361.6,2093.2,0,0,738650.258418896,0,0,0
161881.432599175,40,2924,2405.8,2108.8,0,0,738650.258419359,0,0,0
161881.472598242,40,2949.2,2487,2131.2,0,0,738650.258419822,0,0,0
161881.512597308,40,2921.4,2602.8,2170.4,0,0,738650.258420285,0,0,0
161881.552596374,40,2821.6,2754.4,2234.2,0,0,738650.258420747,0,0,0
161881.592595441,40,2659.6,2892.2,2330,0,0,738650.25842121,0,0,0
161881.632594507,40,2501.4,2946.8,2440.8,0,0,738650.258421673,0,0,0
161881.672593574,40,2499.6,2940,2444.6,0,0,738650.258422136,0,0,0
161881.71259264,40,2621.6,2886.8,2342.8,0,0,738650.258422599,0,0,0
161881.752591706,40,2784.2,2752.4,2241,0,0,738650.258423062,0,0,0
161881.792590773,40,2882.6,2581,2167.4,0,0,738650.258423525,0,0,0
161881.832589839,40,2888.6,2446.8,2120.6,0,0,738650.258423988,0,0,0
161881.872588906,40,2852,2364.2,2099.4,0,0,738650.258424451,0,0,0
161881.912587972,40,2817.2,2324.4,2086.8,0,0,738650.258424914,0,0,0
161881.952587038,40,2812.2,2326.2,2088.8,0,0,738650.258425377,0,0,0
161881.992586105,40,2837,2358.4,2096.6,0,0,738650.25842584,0,0,0
161882.032585171,40,2867.8,2410,2112.4,0,0,738650.258426303,0,0,0
161882.072584238,40,2877,2489.2,2145.6,0,0,738650.258426766,0,0,0
161882.112583304,40,2827.6,2611.2,2186.8,0,0,738650.258427229,0,0,0
161882.15258237,40,2696.8,2749,2261.8,0,0,738650.258427692,0,0,0
161882.192581437,40,2533.2,2830,2364.2,0,0,738650.258428155,0,0,0
161882.232580503,40,2434.4,2863.6,2460.4,0,0,738650.258428618,0,0,0
161882.27257957,40,2500.6,2858,2399.6,0,0,738650.258429081,0,0,0
161882.312578636,40,2638.4,2788.4,2303.6,0,0,738650.258429544,0,0,0
161882.352577702,40,2787.6,2693.8,2221.4,0,0,738650.258430007,0,0,0
161882.392576769,40,2874,2561,2162.6,0,0,738650.25843047,0,0,0
161882.432575835,40,2886,2455.4,2127.2,0,0,738650.258430932,0,0,0
161882.472574902,40,2851,2388,2106.2,0,0,738650.258431395,0,0,0
161882.512573968,40,2820.6,2360.6,2101.4,0,0,738650.258431858,0,0,0
161882.552573034,40,2802.8,2373,2108.4,0,0,738650.258432321,0,0,0
161882.592572101,40,2805.2,2413.2,2121,0,0,738650.258432784,0,0,0
161882.632571167,40,2808.2,2475.8,2145.4,0,0,738650.258433247,0,0,0
161882.672570234,40,2787.4,2570,2181.4,0,0,738650.25843371,0,0,0
161882.7125693,40,2737.6,2705.2,2236.8,0,0,738650.258434173,0,0,0
161882.752568366,40,2635.6,2854,2327,0,0,738650.258434636,0,0,0
161882.792567433,40,2520.8,2953.8,2430.2,0,0,738650.258435099,0,0,0
161882.832566499,40,2523,2985.6,2446.2,0,0,738650.258435562,0,0,0
161882.872565566,40,2634.2,2887,2334,0,0,738650.258436025,0,0,0
161882.912564632,40,2760.4,2732.8,2240.6,0,0,738650.258436488,0,0,0
161882.952563698,40,2831.4,2578.6,2175.4,0,0,738650.258436951,0,0,0
161882.992562765,40,2817.2,2450.6,2131.4,0,0,738650.258437414,0,0,0
161883.032561831,40,2787.4,2378,2108,0,0,738650.258437877,0,0,0
161883.072560898,40,2773,2346.2,2098.8,0,0,738650.25843834,0,0,0
161883.112559964,40,2802.4,2372,2106,0,0,738650.258438803,0,0,0
161883.15255903,40,2847.8,2440.6,2127.2,0,0,738650.258439266,0,0,0
161883.192558097,40,2868.6,2533,2155.8,0,0,738650.258439729,0,0,0
161883.232557163,40,2814.4,2665.2,2209.2,0,0,738650.258440192,0,0,0
161883.27255623,40,2695,2821.6,2290.2,0,0,738650.258440654,0,0,0
161883.312555296,40,2536,2937.8,2410,0,0,738650.258441117,0,0,0
161883.352554362,40,2430.8,2965.8,2523.4,0,0,738650.25844158,0,0,0
161883.392553429,40,2463.8,2977.8,2485.8,0,0,738650.258442043,0,0,0
161883.432552495,40,2612.4,2961.2,2375.6,0,0,738650.258442506,0,0,0
161883.472551562,40,2781.6,2812.8,2262.4,0,0,738650.258442969,0,0,0
161883.512550628,40,2920,2625.2,2174.6,0,0,738650.258443432,0,0,0
161883.552549694,40,2942.8,2460.6,2124.4,0,0,738650.258443895,0,0,0
161883.592548761,40,2904.8,2368.4,2098.2,0,0,738650.258444358,0,0,0
161883.632547827,40,2886,2335.2,2084.2,0,0,738650.258444821,0,0,0
161883.672546894,40,2920.2,2363,2093.2,0,0,738650.258445284,0,0,0
161883.71254596,40,2975.2,2422,2102.4,0,0,738650.258445747,0,0,0
161883.752545026,40,2975.8,2488.8,2126.6,0,0,738650.25844621,0,0,0
161883.792544093,40,2945.8,2603.4,2169.6,0,0,738650.258446673,0,0,0
161883.832543159,40,2850.4,2743.8,2224.2,0,0,738650.258447136,0,0,0
161883.872542226,40,2685.2,2871.6,2310.6,0,0,738650.258447599,0,0,0
161883.912541292,40,2517.6,2928.8,2420.4,0,0,738650.258448062,0,0,0
161883.952540358,40,2417.2,2921.8,2509,0,0,738650.258448525,0,0,0
161883.992539425,40,2466.8,2919.6,2460,0,0,738650.258448988,0,0,0
161884.032538491,40,2610,2907.2,2352.4,0,0,738650.25844945,0,0,0
161884.072537558,40,2783.8,2803,2255.4,0,0,738650.258449913,0,0,0
161884.112536624,40,2915,2654.4,2191.2,0,0,738650.258450376,0,0,0
161884.15253569,40,2978,2527,2144.2,0,0,738650.258450839,0,0,0
161884.192534757,40,2980.4,2449,2118.6,0,0,738650.258451302,0,0,0
161884.232533823,40,2963.2,2410.4,2106.8,0,0,738650.258451765,0,0,0
161884.27253289,40,2973,2433.8,2111,0,0,738650.258452228,0,0,0
161884.312531956,40,2992,2498.4,2131.8,0,0,738650.258452691,0,0,0
161884.352531022,40,2957.8,2570.8,2154.6,0,0,738650.258453154,0,0,0
161884.392530089,40,2883.2,2683.6,2198.4,0,0,738650.258453617,0,0,0
161884.432529155,40,2761.8,2803.6,2264,0,0,738650.25845408,0,0,0
161884.472528222,40,2603.4,2894.2,2356,0,0,738650.258454543,0,0,0
161884.512527288,40,2465.4,2914.4,2453.4,0,0,738650.258455006,0,0,0
161884.552526354,40,2438.6,2921.4,2489,0,0,738650.258455469,0,0,0
161884.592525421,40,2548.6,2918.8,2396.6,0,0,738650.258455932,0,0,0
161884.632524487,40,2724.4,2838.8,2286.2,0,0,738650.258456395,0,0,0
161884.672523554,40,2877.6,2696.2,2205.6,0,0,738650.258456858,0,0,0
161884.71252262,40,2951.4,2559.8,2153.6,0,0,738650.258457321,0,0,0
161884.752521686,40,2972.4,2461.4,2123.4,0,0,738650.258457784,0,0,0
161884.792520753,40,2943.2,2406.8,2105.8,0,0,738650.258458247,0,0,0
161884.832519819,40,2951.6,2413.2,2109.8,0,0,738650.25845871,0,0,0
161884.872518886,40,2964.8,2465.8,2122.2,0,0,738650.258459173,0,0,0
161884.912517952,40,2953,2532.8,2145.2,0,0,738650.258459635,0,0,0
161884.952517018,40,2899.6,2623,2177.6,0,0,738650.258460098,0,0,0
161884.992516085,40,2803.4,2732.2,2228,0,0,738650.258460561,0,0,0
161885.032515151,40,2661.2,2832.8,2303.8,0,0,738650.258461024,0,0,0
161885.072514218,40,2512.6,2876.4,2398.2,0,0,738650.258461487,0,0,0
161885.112513284,40,2384.4,2883.2,2522.6,0,0,738650.25846195,0,0,0
161885.15251235,40,2286,2824.2,2665.4,0,0,738650.258462413,0,0,0
161885.192511417,40,2205.2,2711.4,2817,0,0,738650.258462876,0,0,0
161885.232510483,40,2146.2,2572.2,2922.4,0,0,738650.258463339,0,0,0
161885.27250955,40,2108.6,2457.2,2938,0,0,738650.258463802,0,0,0
161885.312508616,40,2089.2,2385,2910.6,0,0,738650.258464265,0,0,0
161885.352507682,40,2094.8,2396.6,2918.2,0,0,738650.258464728,0,0,0
161885.392506749,40,2109.8,2448.4,2937.8,0,0,738650.258465191,0,0,0
161885.432505815,40,2139.2,2548.4,2918,0,0,738650.258465654,0,0,0
161885.472504882,40,2196.8,2703,2845.8,0,0,738650.258466117,0,0,0
161885.512503948,40,2300.4,2849,2657.4,0,0,738650.25846658,0,0,0
161885.552503014,40,2476.4,2899.4,2443.4,0,0,738650.258467043,0,0,0
161885.592502081,40,2683.2,2770.4,2274,0,0,738650.258467506,0,0,0
161885.632501147,40,2834,2566.8,2169.6,0,0,738650.258467969,0,0,0
161885.672500214,40,2847.8,2397.4,2113.8,0,0,738650.258468432,0,0,0
161885.71249928,40,2751.4,2284.8,2074.2,0,0,738650.258468895,0,0,0
161885.752498346,40,2635.4,2218.4,2058,0,0,738650.258469358,0,0,0
161885.792497413,40,2612.6,2201.8,2055.8,0,0,738650.25846982,0,0,0
161885.832496479,40,2656.4,2219.6,2061.8,0,0,738650.258470283,0,0,0
161885.872495546,40,2736,2267.2,2071.8,0,0,738650.258470746,0,0,0
161885.912494612,40,2797.2,2324.6,2090,0,0,738650.258471209,0,0,0
161885.952493678,40,2847.4,2435.2,2128,0,0,738650.258471672,0,0,0
161885.992492745,40,2810.2,2590.2,2186.6,0,0,738650.258472135,0,0,0
161886.032491811,40,2661.8,2775,2289.2,0,0,738650.258472598,0,0,0
161886.072490878,40,2457.4,2887.4,2447.8,0,0,738650.258473061,0,0,0
161886.112489944,40,2296.4,2820.4,2641.4,0,0,738650.258473524,0,0,0
161886.15248901,40,2190.2,2666.8,2807.4,0,0,738650.258473987,0,0,0
161886.192488077,40,2127.4,2504,2900,0,0,738650.25847445,0,0,0
161886.232487143,40,2097,2385.6,2870.2,0,0,738650.258474913,0,0,0
161886.27248621,40,2081.2,2310.2,2717.6,0,0,738650.258475376,0,0,0
161886.312485276,40,2089.2,2362.2,2873.2,0,0,738650.258475839,0,0,0
161886.352484342,40,2101,2420.6,2940.2,0,0,738650.258476302,0,0,0
161886.392483409,40,2124.2,2515.6,2968,0,0,738650.258476765,0,0,0
161886.432482475,40,2168.4,2657.4,2939.2,0,0,738650.258477228,0,0,0
161886.472481542,40,2242.4,2825.6,2828.6,0,0,738650.258477691,0,0,0
161886.512480608,40,2362.4,2966.2,2625.4,0,0,738650.258478154,0,0,0
161886.552479674,40,2529.2,2959.4,2429,0,0,738650.258478616,0,0,0
161886.592478741,40,2700.8,2810,2284,0,0,738650.258479079,0,0,0
161886.632477807,40,2813.8,2612.4,2186.6,0,0,738650.258479542,0,0,0
161886.672476874,40,2827.4,2448.6,2127.6,0,0,738650.258480005,0,0,0
161886.71247594,40,2752.2,2330.6,2095.2,0,0,738650.258480468,0,0,0
161886.752475006,40,2658.4,2255.8,2070.6,0,0,738650.258480931,0,0,0
161886.792474073,40,2568.4,2207,2057.4,0,0,738650.258481394,0,0,0
161886.832473139,40,2566.8,2210.6,2058.8,0,0,738650.258481857,0,0,0
161886.872472206,40,2630.6,2229.8,2063.6,0,0,738650.25848232,0,0,0
161886.912471272,40,2699,2262.4,2072.8,0,0,738650.258482783,0,0,0
161886.952470338,40,2793.4,2325,2088.2,0,0,738650.258483246,0,0,0
161886.992469405,40,2871.4,2432.8,2122.6,0,0,738650.258483709,0,0,0
161887.032468471,40,2875,2615.4,2181.8,0,0,738650.258484172,0,0,0
161887.072467538,40,2703.8,2823.6,2288.2,0,0,738650.258484635,0,0,0
161887.112466604,40,2479.2,2950.2,2461.6,0,0,738650.258485098,0,0,0
161887.15246567,40,2299.8,2890,2696.4,0,0,738650.258485561,0,0,0
161887.192464737,40,2184.6,2696.8,2903,0,0,738650.258486024,0,0,0
161887.232463803,40,2119,2502.6,2963,0,0,738650.258486487,0,0,0
161887.27246287,40,2084.2,2369,2910.2,0,0,738650.25848695,0,0,0
161887.312461936,40,2083.8,2334,2782.8,0,0,738650.258487413,0,0,0
161887.352461002,40,2088.6,2395.2,2923.2,0,0,738650.258487876,0,0,0
161887.392460069,40,2118.2,2490,2957.8,0,0,738650.258488339,0,0,0
161887.432459135,40,2164,2637.6,2935.2,0,0,738650.258488801,0,0,0
161887.472458202,40,2251.4,2824.2,2802.2,0,0,738650.258489264,0,0,0
161887.512457268,40,2385,2961.4,2584.8,0,0,738650.258489727,0,0,0
161887.552456334,40,2585,2942.6,2380.8,0,0,738650.25849019,0,0,0
161887.592455401,40,2797,2773.6,2244.8,0,0,738650.258490653,0,0,0
161887.632454467,40,2908,2563.4,2157.2,0,0,738650.258491116,0,0,0
161887.672453534,40,2886.8,2398.6,2106.8,0,0,738650.258491579,0,0,0
161887.7124526,40,2773.4,2289.4,2077.4,0,0,738650.258492042,0,0,0
161887.752451666,40,2661.4,2227.8,2060.2,0,0,738650.258492505,0,0,0
161887.792450733,40,2586,2197.4,2052.2,0,0,738650.258492968,0,0,0
161887.832449799,40,2614.2,2209,2054.4,0,0,738650.258493431,0,0,0
161887.872448866,40,2652,2233.2,2061.2,0,0,738650.258493894,0,0,0
161887.912447932,40,2691.6,2260.6,2070.6,0,0,738650.258494357,0,0,0
161887.952446998,40,2754.6,2316.6,2088.8,0,0,738650.25849482,0,0,0
161887.992446065,40,2813.2,2402.4,2114.4,0,0,738650.258495283,0,0,0
161888.032445131,40,2819.6,2534.8,2160.6,0,0,738650.258495746,0,0,0
161888.072444198,40,2726.6,2701.4,2236.6,0,0,738650.258496209,0,0,0
161888.112443264,40,2552.8,2855.6,2361.4,0,0,738650.258496672,0,0,0
161888.15244233,40,2370.8,2874,2538.4,0,0,738650.258497135,0,0,0
161888.192441397,40,2237.4,2741,2731,0,0,738650.258497598,0,0,0
161888.232440463,40,2148.4,2560.8,2846,0,0,738650.258498061,0,0,0
161888.27243953,40,2104.6,2412.2,2837.2,0,0,738650.258498524,0,0,0
161888.312438596,40,2086,2315.2,2688,0,0,738650.258498986,0,0,0
161888.352437662,40,2086.8,2333.2,2724.6,0,0,738650.258499449,0,0,0
161888.392436729,40,2099,2380.4,2762.6,0,0,738650.258499912,0,0,0
161888.432435795,40,2122.2,2453.2,2789,0,0,738650.258500375,0,0,0
161888.472434862,40,2155.6,2558.6,2787.8,0,0,738650.258500838,0,0,0
161888.512433928,40,2220,2679.2,2723,0,0,738650.258501301,0,0,0
161888.552432994,40,2300,2793.4,2602.4,0,0,738650.258501764,0,0,0
161888.592432061,40,2426.2,2859.6,2463.6,0,0,738650.258502227,0,0,0
161888.632431127,40,2573.4,2817.2,2332.8,0,0,738650.25850269,0,0,0
161888.672430194,40,2702.2,2687.4,2234.4,0,0,738650.258503153,0,0,0
161888.71242926,40,2776.4,2544.2,2166.8,0,0,738650.258503616,0,0,0
161888.752428326,40,2792,2420.4,2123.4,0,0,738650.258504079,0,0,0
161888.792427393,40,2745.6,2326.8,2092.2,0,0,738650.258504542,0,0,0
161888.832426459,40,2683.6,2265.4,2070.8,0,0,738650.258505005,0,0,0
161888.872425526,40,2609.6,2218.8,2058.8,0,0,738650.258505468,0,0,0
161888.912424592,40,2557.4,2194.2,2051,0,0,738650.258505931,0,0,0
161888.952423658,40,2581,2205,2056.6,0,0,738650.258506394,0,0,0
161888.992422725,40,2645.2,2237.8,2064.8,0,0,738650.258506857,0,0,0
161889.032421791,40,2719.2,2294.6,2080.2,0,0,738650.25850732,0,0,0
161889.072420858,40,2767.4,2388.4,2115,0,0,738650.258507782,0,0,0
161889.112419924,40,2746.2,2519.4,2165.8,0,0,738650.258508245,0,0,0
161889.15241899,40,2630.2,2670.2,2253.8,0,0,738650.258508708,0,0,0
161889.192418057,40,2463.6,2778,2379.8,0,0,738650.258509171,0,0,0
161889.232417123,40,2306,2751.8,2541.8,0,0,738650.258509634,0,0,0
161889.27241619,40,2202.2,2628.4,2702.2,0,0,738650.258510097,0,0,0
161889.312415256,40,2132.4,2477,2779.6,0,0,738650.25851056,0,0,0
161889.352414322,40,2096,2363,2749,0,0,738650.258511023,0,0,0
161889.392413389,40,2082,2303.6,2654.6,0,0,738650.258511486,0,0,0
161889.432412455,40,2084,2336.6,2715.2,0,0,738650.258511949,0,0,0
161889.472411522,40,2105.4,2395.6,2758.6,0,0,738650.258512412,0,0,0
161889.512410588,40,2130.8,2478.2,2772,0,0,738650.258512875,0,0,0
161889.552409654,40,2178.6,2597.4,2747,0,0,738650.258513338,0,0,0
161889.592408721,40,2254.4,2721,2637,0,0,738650.258513801,0,0,0
161889.632407787,40,2375.2,2793.4,2478.2,0,0,738650.258514264,0,0,0
161889.672406854,40,2517.4,2752.6,2330.4,0,0,738650.258514727,0,0,0
161889.71240592,40,2657.8,2633.2,2225,0,0,738650.25851519,0,0,0
161889.752404986,40,2731.2,2489.6,2152.4,0,0,738650.258515653,0,0,0
161889.792404053,40,2717,2365.6,2109.2,0,0,738650.258516116,0,0,0
161889.832403119,40,2648.4,2275.4,2080.6,0,0,738650.258516579,0,0,0
161889.872402186,40,2574,2223.8,2061.2,0,0,738650.258517042,0,0,0
161889.912401252,40,2540.4,2204.4,2061.6,0,0,738650.258517505,0,0,0
161889.952400318,40,2581.8,2215.4,2058.8,0,0,738650.258517967,0,0,0
161889.992399385,40,2635.6,2241.2,2067.6,0,0,738650.25851843,0,0,0
161890.032398451,40,2691,2282.8,2075,0,0,738650.258518893,0,0,0
161890.072397518,40,2744,2351.4,2102.4,0,0,738650.258519356,0,0,0
161890.112396584,40,2766.2,2458.4,2141.6,0,0,738650.258519819,0,0,0
161890.15239565,40,2706.8,2598.8,2202.2,0,0,738650.258520282,0,0,0
161890.192394717,40,2577,2751.6,2306.4,0,0,738650.258520745,0,0,0
161890.232393783,40,2413.6,2828.6,2455,0,0,738650.258521208,0,0,0
161890.27239285,40,2277.4,2783,2644.2,0,0,738650.258521671,0,0,0
161890.312391916,40,2182.6,2645,2821.6,0,0,738650.258522134,0,0,0
161890.352390982,40,2124,2489.8,2886,0,0,738650.258522597,0,0,0
161890.392390049,40,2093.2,2382.6,2869,0,0,738650.25852306,0,0,0
161890.432389115,40,2081.4,2325.4,2762.2,0,0,738650.258523523,0,0,0
161890.472388182,40,2086.4,2368.6,2861.2,0,0,738650.258523986,0,0,0
161890.512387248,40,2110.2,2439.8,2890.6,0,0,738650.258524449,0,0,0
161890.552386314,40,2148.4,2558.8,2876.4,0,0,738650.258524912,0,0,0
161890.592385381,40,2215.6,2711,2774,0,0,738650.258525375,0,0,0
161890.632384447,40,2325,2826,2591,0,0,738650.258525838,0,0,0
161890.672383514,40,2473,2833.2,2409.4,0,0,738650.258526301,0,0,0
161890.71238258,40,2631.4,2721.6,2272.4,0,0,738650.258526764,0,0,0
161890.752381646,40,2756,2569.2,2180.8,0,0,738650.258527227,0,0,0
161890.792380713,40,2799.2,2425.6,2120.4,0,0,738650.258527689,0,0,0
161890.832379779,40,2751.8,2323,2089,0,0,738650.258528152,0,0,0
161890.872378846,40,2678.8,2256.4,2068.4,0,0,738650.258528615,0,0,0
161890.912377912,40,2599,2206,2055.4,0,0,738650.258529078,0,0,0
161890.952376978,40,2586.4,2199.8,2050.8,0,0,738650.258529541,0,0,0
161890.992376045,40,2616.4,2216.8,2058.2,0,0,738650.258530004,0,0,0
161891.032375111,40,2667.2,2250.4,2067.2,0,0,738650.258530467,0,0,0
161891.072374178,40,2717,2299,2081.8,0,0,738650.25853093,0,0,0
161891.112373244,40,2753.8,2378.6,2111.8,0,0,738650.258531393,0,0,0
161891.15237231,40,2743.4,2487.4,2155.2,0,0,738650.258531856,0,0,0
161891.192371377,40,2658.8,2628.8,2224,0,0,738650.258532319,0,0,0
161891.232370443,40,2513.6,2752.6,2335,0,0,738650.258532782,0,0,0
161891.27236951,40,2356.6,2779.2,2487.8,0,0,738650.258533245,0,0,0
161891.312368576,40,2234.8,2684.6,2656.4,0,0,738650.258533708,0,0,0
161891.352367642,40,2155,2537.2,2762.8,0,0,738650.258534171,0,0,0
161891.392366709,40,2108.6,2404.8,2759,0,0,738650.258534634,0,0,0
161891.432365775,40,2085.4,2321,2680.4,0,0,738650.258535097,0,0,0
161891.472364842,40,2082.8,2325.8,2714.2,0,0,738650.25853556,0,0,0
161891.512363908,40,2102.2,2385.4,2764.4,0,0,738650.258536023,0,0,0
161891.552362974,40,2138.4,2488,2792.2,0,0,738650.258536485,0,0,0
161891.592362041,40,2188,2618,2735.2,0,0,738650.258536948,0,0,0
161891.632361107,40,2274,2744.4,2613,0,0,738650.258537411,0,0,0
161891.672360174,40,2400.4,2803.4,2457,0,0,738650.258537874,0,0,0
161891.71235924,40,2549,2751,2316.8,0,0,738650.258538337,0,0,0
161891.752358306,40,2685.2,2630,2215.6,0,0,738650.2585388,0,0,0
161891.792357373,40,2752.8,2485.2,2150.8,0,0,738650.258539263,0,0,0
161891.832356439,40,2736.8,2363.6,2106.8,0,0,738650.258539726,0,0,0
161891.872355506,40,2658.6,2276.2,2079,0,0,738650.258540189,0,0,0
161891.912354572,40,2575.2,2220.4,2062.4,0,0,738650.258540652,0,0,0
161891.952353638,40,2531.4,2198.6,2053.6,0,0,738650.258541115,0,0,0
161891.992352705,40,2571.6,2215.8,2057.8,0,0,738650.258541578,0,0,0
161892.032351771,40,2622.8,2240.4,2063.4,0,0,738650.258542041,0,0,0
161892.072350838,40,2691.2,2283,2076.4,0,0,738650.258542504,0,0,0
161892.112349904,40,2759,2349.4,2097.6,0,0,738650.258542967,0,0,0
161892.15234897,40,2778.6,2458.4,2140.8,0,0,738650.25854343,0,0,0
161892.192348037,40,2710.6,2590.6,2200.4,0,0,738650.258543893,0,0,0
161892.232347103,40,2572.4,2735.2,2299.6,0,0,738650.258544356,0,0,0
161892.27234617,40,2407.6,2789.2,2440.8,0,0,738650.258544819,0,0,0
161892.312345236,40,2271.8,2737,2618.4,0,0,738650.258545282,0,0,0
161892.352344302,40,2177.6,2609.8,2779.4,0,0,738650.258545745,0,0,0
161892.392343369,40,2120.4,2468.8,2853.6,0,0,738650.258546208,0,0,0
161892.432342435,40,2088.2,2361,2840,0,0,738650.25854667,0,0,0
161892.472341502,40,2082.2,2320.4,2734.4,0,0,738650.258547133,0,0,0
161892.512340568,40,2089.6,2372.4,2863.6,0,0,738650.258547596,0,0,0
161892.552339634,40,2108.4,2438.8,2883.4,0,0,738650.258548059,0,0,0
161892.592338701,40,2149.6,2554.8,2865,0,0,738650.258548522,0,0,0
161892.632337767,40,2213.4,2693.6,2758.2,0,0,738650.258548985,0,0,0
161892.672336834,40,2309.2,2773.8,2564.2,0,0,738650.258549448,0,0,0
161892.7123359,40,2441,2792.6,2405,0,0,738650.258549911,0,0,0
161892.752334966,40,2592.4,2718.4,2283.8,0,0,738650.258550374,0,0,0
161892.792334033,40,2721.8,2584,2190.6,0,0,738650.258550837,0,0,0
161892.832333099,40,2787,2447.2,2129.8,0,0,738650.2585513,0,0,0
161892.872332166,40,2767.6,2338.8,2095.2,0,0,738650.258551763,0,0,0
161892.912331232,40,2703.4,2266.4,2068.6,0,0,738650.258552226,0,0,0
161892.952330298,40,2623.2,2216.4,2055.6,0,0,738650.258552689,0,0,0
161892.992329365,40,2589.2,2194,2049.4,0,0,738650.258553152,0,0,0
161893.032328431,40,2627.2,2212.6,2057.6,0,0,738650.258553615,0,0,0
161893.072327498,40,2685.8,2251.2,2068,0,0,738650.258554078,0,0,0
161893.112326564,40,2746.4,2311,2086,0,0,738650.258554541,0,0,0
161893.15232563,40,2784.2,2409,2120.4,0,0,738650.258555004,0,0,0
161893.192324697,40,2749.4,2544.2,2175.4,0,0,738650.258555467,0,0,0
161893.232323763,40,2615.6,2698,2264.6,0,0,738650.25855593,0,0,0
161893.27232283,40,2443,2779.8,2398,0,0,738650.258556393,0,0,0
161893.312321896,40,2295,2738,2555.8,0,0,738650.258556855,0,0,0
161893.352320962,40,2195,2611,2688.8,0,0,738650.258557318,0,0,0
161893.392320029,40,2135.4,2479.6,2760.6,0,0,738650.258557781,0,0,0
161893.432319095,40,2096.4,2376,2752,0,0,738650.258558244,0,0,0
161893.472318162,40,2083,2310.8,2674.8,0,0,738650.258558707,0,0,0
161893.512317228,40,2086.6,2332.6,2714.2,0,0,738650.25855917,0,0,0
161893.552316294,40,2095.8,2385,2767,0,0,738650.258559633,0,0,0
161893.592315361,40,2128.8,2470.4,2789.8,0,0,738650.258560096,0,0,0
161893.632314427,40,2179.8,2585.8,2730.6,0,0,738650.258560559,0,0,0
161893.672313494,40,2260.4,2707.6,2609.2,0,0,738650.258561022,0,0,0
161893.71231256,40,2381.6,2776.4,2461.6,0,0,738650.258561485,0,0,0
161893.752311626,40,2522,2737,2318.4,0,0,738650.258561948,0,0,0
161893.792310693,40,2657.4,2623,2220,0,0,738650.258562411,0,0,0
161893.832309759,40,2717.8,2482,2156.2,0,0,738650.258562874,0,0,0
161893.872308826,40,2717.8,2375.8,2112.4,0,0,738650.258563337,0,0,0
161893.912307892,40,2667,2296.4,2084.2,0,0,738650.2585638,0,0,0
161893.952306958,40,2618.4,2239.8,2067,0,0,738650.258564263,0,0,0
161893.992306025,40,2568,2204.8,2056.2,0,0,738650.258564726,0,0,0
161894.032305091,40,2572.8,2205.4,2056,0,0,738650.258565189,0,0,0
161894.072304158,40,2594.8,2215,2058,0,0,738650.258565651,0,0,0
161894.112303224,40,2651.4,2243.8,2068.6,0,0,738650.258566114,0,0,0
161894.15230229,40,2726.2,2299.4,2084,0,0,738650.258566577,0,0,0
161894.192301357,40,2765.4,2388.4,2114.8,0,0,738650.25856704,0,0,0
161894.232300423,40,2737.4,2525.2,2171.4,0,0,738650.258567503,0,0,0
161894.27229949,40,2607.8,2682.4,2267,0,0,738650.258567966,0,0,0
161894.312298556,40,2427.4,2771.2,2406.2,0,0,738650.258568429,0,0,0
161894.352297622,40,2282.4,2720.8,2569.2,0,0,738650.258568892,0,0,0
161894.392296689,40,2186.4,2595.2,2700.8,0,0,738650.258569355,0,0,0
161894.432295755,40,2133,2466.4,2742.8,0,0,738650.258569818,0,0,0
161894.472294822,40,2103.8,2385.2,2721.4,0,0,738650.258570281,0,0,0
161894.512293888,40,2097.8,2366.2,2713.6,0,0,738650.258570744,0,0,0
161894.552292954,40,2110.6,2405.4,2743.4,0,0,738650.258571207,0,0,0
161894.592292021,40,2135.4,2484.4,2756,0,0,738650.25857167,0,0,0
161894.632291087,40,2187.2,2602.2,2720.4,0,0,738650.258572133,0,0,0
161894.672290154,40,2263.8,2730.2,2621.2,0,0,738650.258572596,0,0,0
161894.71228922,40,2382,2794.2,2467.8,0,0,738650.258573059,0,0,0
161894.752288286,40,2534,2761,2326,0,0,738650.258573522,0,0,0
161894.792287353,40,2664.6,2625,2219.4,0,0,738650.258573985,0,0,0
161894.832286419,40,2724.8,2480.4,2152,0,0,738650.258574448,0,0,0
161894.872285486,40,2686.2,2352.6,2108.2,0,0,738650.258574911,0,0,0
161894.912284552,40,2626,2274.2,2082.4,0,0,738650.258575374,0,0,0
161894.952283618,40,2570.4,2225.4,2064.2,0,0,738650.258575836,0,0,0
161894.992282685,40,2528.2,2200,2055.4,0,0,738650.258576299,0,0,0
161895.032281751,40,2562.4,2214.2,2061.4,0,0,738650.258576762,0,0,0
161895.072280818,40,2590.8,2229,2066,0,0,738650.258577225,0,0,0
161895.112279884,40,2647.2,2269.6,2077.2,0,0,738650.258577688,0,0,0
161895.15227895,40,2713.4,2328.8,2095.4,0,0,738650.258578151,0,0,0
161895.192278017,40,2742.4,2419.2,2128,0,0,738650.258578614,0,0,0
161895.232277083,40,2722.6,2543,2175.6,0,0,738650.258579077,0,0,0
161895.27227615,40,2629,2665.6,2249.4,0,0,738650.25857954,0,0,0
161895.312275216,40,2510,2756.8,2338,0,0,738650.258580003,0,0,0
161895.352274282,40,2402.6,2787,2441.6,0,0,738650.258580466,0,0,0
161895.392273349,40,2316.8,2758.2,2534,0,0,738650.258580929,0,0,0
161895.432272415,40,2264,2711.2,2604.8,0,0,738650.258581392,0,0,0
161895.472271482,40,2234.4,2675.2,2636.4,0,0,738650.258581855,0,0,0
161895.512270548,40,2230.6,2665,2631.2,0,0,738650.258582318,0,0,0
161895.552269614,40,2248.8,2680.4,2596.4,0,0,738650.258582781,0,0,0
161895.592268681,40,2285.4,2717.8,2552.8,0,0,738650.258583244,0,0,0
161895.632267747,40,2355.4,2742.4,2465,0,0,738650.258583707,0,0,0
161895.672266814,40,2458.4,2750.2,2366.8,0,0,738650.25858417,0,0,0
161895.71226588,40,2586.8,2693,2271.8,0,0,738650.258584633,0,0,0
161895.752264946,40,2685.6,2576,2197,0,0,738650.258585096,0,0,0
161895.792264013,40,2737.2,2461.8,2144.8,0,0,738650.258585559,0,0,0
161895.832263079,40,2716.8,2360.8,2106.2,0,0,738650.258586021,0,0,0
161895.872262146,40,2663,2289.6,2083,0,0,738650.258586484,0,0,0
161895.912261212,40,2606.6,2239.2,2068,0,0,738650.258586947,0,0,0
161895.952260278,40,2547.4,2201,2053,0,0,738650.25858741,0,0,0
161895.992259345,40,2568.6,2209.2,2056.8,0,0,738650.258587873,0,0,0
161896.032258411,40,2592.6,2215.8,2062.2,0,0,738650.258588336,0,0,0
161896.072257478,40,2646.2,2237.8,2066,0,0,738650.258588799,0,0,0
161896.112256544,40,2700.8,2271.2,2074.6,0,0,738650.258589262,0,0,0
161896.15225561,40,2752.2,2318,2087.4,0,0,738650.258589725,0,0,0
161896.192254677,40,2800.6,2382.6,2110.8,0,0,738650.258590188,0,0,0
161896.232253743,40,2810.2,2492.4,2141.2,0,0,738650.258590651,0,0,0
161896.27225281,40,2752.2,2603.8,2197.4,0,0,738650.258591114,0,0,0
161896.312251876,40,2651.6,2711,2257.4,0,0,738650.258591577,0,0,0
161896.352250942,40,2531.6,2785.6,2339.8,0,0,738650.25859204,0,0,0
161896.392250009,40,2444.8,2797.2,2411.2,0,0,738650.258592503,0,0,0
161896.432249075,40,2377,2787,2462.2,0,0,738650.258592966,0,0,0
161896.472248142,40,2340.2,2763.4,2499.2,0,0,738650.258593429,0,0,0
161896.512247208,40,2341.2,2763.4,2495.2,0,0,738650.258593892,0,0,0
161896.552246274,40,2380.6,2770,2451.8,0,0,738650.258594355,0,0,0
161896.592245341,40,2437.6,2765.4,2395,0,0,738650.258594817,0,0,0
161896.632244407,40,2527.8,2735,2316.4,0,0,738650.25859528,0,0,0
161896.672243474,40,2639.6,2657.6,2240.8,0,0,738650.258595743,0,0,0
161896.71224254,40,2718,2545.2,2178.8,0,0,738650.258596206,0,0,0
161896.752241606,40,2742.8,2429,2133.4,0,0,738650.258596669,0,0,0
161896.792240673,40,2720,2339.4,2095.8,0,0,738650.258597132,0,0,0
161896.832239739,40,2657,2264,2076.2,0,0,738650.258597595,0,0,0
161896.872238806,40,2592.8,2217.4,2061.6,0,0,738650.258598058,0,0,0
161896.912237872,40,2562.2,2198.4,2053.8,0,0,738650.258598521,0,0,0
161896.952236938,40,2589.8,2215,2059.4,0,0,738650.258598984,0,0,0
161896.992236005,40,2641.4,2238,2062,0,0,738650.258599447,0,0,0
161897.032235071,40,2694.8,2280,2079.8,0,0,738650.25859991,0,0,0
161897.072234138,40,2731.8,2358.2,2106.8,0,0,738650.258600373,0,0,0
161897.112233204,40,2751.6,2467.6,2147.8,0,0,738650.258600836,0,0,0
161897.15223227,40,2675.4,2620,2222.8,0,0,738650.258601299,0,0,0
161897.192231337,40,2537.6,2759.8,2328.8,0,0,738650.258601762,0,0,0
161897.232230403,40,2377.8,2795.2,2476.6,0,0,738650.258602225,0,0,0
161897.27222947,40,2257,2729.8,2645.4,0,0,738650.258602688,0,0,0
161897.312228536,40,2173.2,2609.2,2798.8,0,0,738650.258603151,0,0,0
161897.352227602,40,2125,2485.6,2879,0,0,738650.258603614,0,0,0
161897.392226669,40,2093.8,2393.4,2886.4,0,0,738650.258604077,0,0,0
161897.432225735,40,2085.4,2343.2,2810.4,0,0,738650.25860454,0,0,0
161897.472224802,40,2088.6,2375.6,2908.6,0,0,738650.258605002,0,0,0
161897.512223868,40,2104.6,2433.2,2945.6,0,0,738650.258605465,0,0,0
161897.552222934,40,2130.6,2537.8,2956,0,0,738650.258605928,0,0,0
161897.592222001,40,2186.4,2693.6,2886.2,0,0,738650.258606391,0,0,0
161897.632221067,40,2282.4,2834,2694.6,0,0,738650.258606854,0,0,0
161897.672220134,40,2418.8,2888.2,2491.4,0,0,738650.258607317,0,0,0
161897.7122192,40,2581.4,2809,2328.2,0,0,738650.25860778,0,0,0
161897.752218266,40,2721.4,2666,2221.2,0,0,738650.258608243,0,0,0
161897.792217333,40,2793.8,2513,2155.6,0,0,738650.258608706,0,0,0
161897.832216399,40,2792,2394,2114.6,0,0,738650.258609169,0,0,0
161897.872215466,40,2737.8,2312.4,2087.2,0,0,738650.258609632,0,0,0
161897.912214532,40,2681.6,2262.4,2073,0,0,738650.258610095,0,0,0
161897.952213598,40,2633,2234.6,2068,0,0,738650.258610558,0,0,0
161897.992212665,40,2634.2,2242.2,2064.8,0,0,738650.258611021,0,0,0
161898.032211731,40,2658,2268.4,2074.6,0,0,738650.258611484,0,0,0
161898.072210798,40,2702.2,2312.4,2093.2,0,0,738650.258611947,0,0,0
161898.112209864,40,2755.2,2398.2,2122.6,0,0,738650.25861241,0,0,0
161898.15220893,40,2761.2,2522.4,2166.6,0,0,738650.258612873,0,0,0
161898.192207997,40,2674.6,2673.8,2240.4,0,0,738650.258613336,0,0,0
161898.232207063,40,2521,2807.8,2360.4,0,0,738650.258613799,0,0,0
161898.27220613,40,2365.6,2826.6,2514,0,0,738650.258614262,0,0,0
161898.312205196,40,2249.2,2728,2675,0,0,738650.258614725,0,0,0
161898.352204262,40,2172.8,2592.6,2777.6,0,0,738650.258615187,0,0,0
161898.392203329,40,2129.6,2469.4,2792.2,0,0,738650.25861565,0,0,0
161898.432202395,40,2100.8,2387.6,2755.2,0,0,738650.258616113,0,0,0
161898.472201462,40,2091.6,2354,2715.8,0,0,738650.258616576,0,0,0
161898.512200528,40,2101.4,2378,2726.8,0,0,738650.258617039,0,0,0
161898.552199594,40,2121.6,2444,2752.8,0,0,738650.258617502,0,0,0
161898.592198661,40,2162.4,2552.8,2727.4,0,0,738650.258617965,0,0,0
161898.632197727,40,2242.6,2691.4,2651.2,0,0,738650.258618428,0,0,0
161898.672196794,40,2354.4,2805.6,2509.6,0,0,738650.258618891,0,0,0
161898.71219586,40,2512.2,2798.8,2353.2,0,0,738650.258619354,0,0,0
161898.752194926,40,2673.4,2674.4,2240.2,0,0,738650.258619817,0,0,0
161898.792193993,40,2756.2,2511.8,2158,0,0,738650.25862028,0,0,0
161898.832193059,40,2747.2,2375.4,2109.4,0,0,738650.258620743,0,0,0
161898.872192126,40,2666,2282.8,2083.8,0,0,738650.258621206,0,0,0
161898.912191192,40,2582,2224.4,2061.2,0,0,738650.258621669,0,0,0
161898.952190258,40,2532.4,2203.4,2061.8,0,0,738650.258622132,0,0,0
161898.992189325,40,2590.2,2222.2,2060,0,0,738650.258622595,0,0,0
161899.032188391,40,2647.4,2251.8,2070,0,0,738650.258623058,0,0,0
161899.072187458,40,2717.8,2297,2080.8,0,0,738650.25862352,0,0,0
161899.112186524,40,2764.8,2368.4,2106.2,0,0,738650.258623983,0,0,0
161899.15218559,40,2764.6,2472.8,2145.8,0,0,738650.258624446,0,0,0
161899.192184657,40,2681.6,2608,2210.8,0,0,738650.258624909,0,0,0
161899.232183723,40,2559.6,2733.6,2301.6,0,0,738650.258625372,0,0,0
161899.27218279,40,2422.4,2787.8,2422.2,0,0,738650.258625835,0,0,0
161899.312181856,40,2301,2747.8,2544.8,0,0,738650.258626298,0,0,0
161899.352180922,40,2224.6,2658.2,2658.6,0,0,738650.258626761,0,0,0
161899.392179989,40,2171,2579.2,2744.4,0,0,738650.258627224,0,0,0
161899.432179055,40,2147.8,2525.4,2800.8,0,0,738650.258627687,0,0,0
161899.472178122,40,2130.6,2502.6,2852.2,0,0,738650.25862815,0,0,0
161899.512177188,40,2128.8,2515.4,2890.4,0,0,738650.258628613,0,0,0
161899.552176254,40,2147.2,2565.8,2893.2,0,0,738650.258629076,0,0,0
161899.592175321,40,2182.4,2652.4,2822.8,0,0,738650.258629539,0,0,0
161899.632174387,40,2253.4,2743,2681.4,0,0,738650.258630002,0,0,0
161899.672173454,40,2347.4,2794.2,2518.4,0,0,738650.258630465,0,0,0
161899.71217252,40,2461.8,2775.8,2386.4,0,0,738650.258630928,0,0,0
161899.752171586,40,2586.2,2689,2277,0,0,738650.258631391,0,0,0
161899.792170653,40,2719.6,2595.2,2200.2,0,0,738650.258631854,0,0,0
161899.832169719,40,2794.2,2474.2,2144,0,0,738650.258632317,0,0,0
161899.872168786,40,2823.2,2381.2,2105.4,0,0,738650.25863278,0,0,0
161899.912167852,40,2784.2,2302.4,2083,0,0,738650.258633243,0,0,0
161899.952166918,40,2719.4,2255.6,2064.2,0,0,738650.258633705,0,0,0
161899.992165985,40,2669.4,2219.2,2060,0,0,738650.258634168,0,0,0
161900.032165051,40,2663.4,2216.2,2057,0,0,738650.258634631,0,0,0
161900.072164118,40,2691.4,2232.6,2060.4,0,0,738650.258635094,0,0,0
161900.112163184,40,2734.2,2265.4,2071.4,0,0,738650.258635557,0,0,0
161900.15216225,40,2753,2323.2,2090.2,0,0,738650.25863602,0,0,0
161900.192161317,40,2743.4,2401,2123.4,0,0,738650.258636483,0,0,0
161900.232160383,40,2741,2511.8,2169.6,0,0,738650.258636946,0,0,0
161900.27215945,40,2705.2,2681,2237.2,0,0,738650.258637409,0,0,0
161900.312158516,40,2583.6,2851.2,2343.8,0,0,738650.258637872,0,0,0
161900.352157582,40,2425,2920.6,2503.2,0,0,738650.258638335,0,0,0
161900.392156649,40,2295,2865.6,2685.4,0,0,738650.258638798,0,0,0
161900.432155715,40,2205.2,2728.2,2831.6,0,0,738650.258639261,0,0,0
161900.472154782,40,2157.4,2598.2,2888.8,0,0,738650.258639724,0,0,0
161900.512153848,40,2127.6,2500.6,2886.2,0,0,738650.258640187,0,0,0
161900.552152914,40,2117.4,2459.6,2850.2,0,0,738650.25864065,0,0,0
161900.592151981,40,2125.6,2472,2813.2,0,0,738650.258641113,0,0,0
161900.632151047,40,2143.8,2519.2,2786,0,0,738650.258641576,0,0,0
161900.672150114,40,2181.4,2600.4,2743,0,0,738650.258642039,0,0,0
161900.71214918,40,2244,2707.6,2660.4,0,0,738650.258642502,0,0,0
161900.752148246,40,2342,2806.6,2528.4,0,0,738650.258642965,0,0,0
161900.792147313,40,2483.4,2816.2,2386.2,0,0,738650.258643428,0,0,0
161900.832146379,40,2660.6,2728,2264.2,0,0,738650.25864389,0,0,0
161900.872145446,40,2785,2576.4,2175,0,0,738650.258644353,0,0,0
161900.912144512,40,2808.6,2428.2,2123,0,0,738650.258644816,0,0,0
161900.952143578,40,2755.8,2325.8,2090.2,0,0,738650.258645279,0,0,0
161900.992142645,40,2676.2,2257.8,2073,0,0,738650.258645742,0,0,0
161901.032141711,40,2616,2218.2,2062.8,0,0,738650.258646205,0,0,0
161901.072140778,40,2583,2201.8,2055.2,0,0,738650.258646668,0,0,0
161901.112139844,40,2613.4,2217.4,2057.6,0,0,738650.258647131,0,0,0
161901.15213891,40,2668.8,2246.6,2067.6,0,0,738650.258647594,0,0,0
161901.192137977,40,2739.4,2307.6,2087.6,0,0,738650.258648057,0,0,0
161901.232137043,40,2786,2403.4,2128.6,0,0,738650.25864852,0,0,0
161901.27213611,40,2763.4,2555.2,2176.8,0,0,738650.258648983,0,0,0
161901.312135176,40,2642.2,2722.6,2272.2,0,0,738650.258649446,0,0,0
161901.352134242,40,2462.6,2840,2419.2,0,0,738650.258649909,0,0,0
161901.392133309,40,2296,2789.2,2615.4,0,0,738650.258650372,0,0,0
161901.432132375,40,2178.8,2616.2,2772.6,0,0,738650.258650835,0,0,0
161901.472131442,40,2119.4,2443.6,2792.8,0,0,738650.258651298,0,0,0
161901.512130508,40,2085.6,2325.4,2716.8,0,0,738650.258651761,0,0,0
161901.552129574,40,2086,2337.4,2732,0,0,738650.258652224,0,0,0
161901.592128641,40,2100,2389.8,2784.2,0,0,738650.258652686,0,0,0
161901.632127707,40,2122.4,2481.6,2886.2,0,0,738650.258653149,0,0,0
161901.672126774,40,2166,2615.6,2872.2,0,0,738650.258653612,0,0,0
161901.71212584,40,2244,2787.6,2763,0,0,738650.258654075,0,0,0
161901.752124906,40,2364.4,2893.4,2564.8,0,0,738650.258654538,0,0,0
161901.792123973,40,2526,2868,2384,0,0,738650.258655001,0,0,0
161901.832123039,40,2681.4,2739.2,2258.8,0,0,738650.258655464,0,0,0
161901.872122106,40,2776.6,2569.2,2176.6,0,0,738650.258655927,0,0,0
161901.912121172,40,2785,2429.2,2126.6,0,0,738650.25865639,0,0,0
161901.952120238,40,2726.2,2324.6,2093,0,0,738650.258656853,0,0,0
161901.992119305,40,2654.6,2257.8,2074.4,0,0,738650.258657316,0,0,0
161902.032118371,40,2585,2212.8,2059.2,0,0,738650.258657779,0,0,0
161902.072117438,40,2582.8,2208.2,2059,0,0,738650.258658242,0,0,0
161902.112116504,40,2630,2230.2,2063.2,0,0,738650.258658705,0,0,0
161902.15211557,40,2690,2260.2,2072.8,0,0,738650.258659168,0,0,0
161902.192114637,40,2758.4,2320,2089.4,0,0,738650.258659631,0,0,0
161902.232113703,40,2804.6,2412.8,2119.6,0,0,738650.258660094,0,0,0
161902.27211277,40,2777.6,2554.2,2174.6,0,0,738650.258660557,0,0,0
161902.312111836,40,2653.2,2719.2,2265.6,0,0,738650.25866102,0,0,0
161902.352110902,40,2474.8,2824.4,2396,0,0,738650.258661483,0,0,0
161902.392109969,40,2316.2,2788.8,2557.4,0,0,738650.258661946,0,0,0
161902.432109035,40,2216.4,2666.6,2698,0,0,738650.258662409,0,0,0
161902.472108102,40,2153,2541.2,2783.6,0,0,738650.258662871,0,0,0
161902.512107168,40,2116.6,2441,2820,0,0,738650.258663334,0,0,0
161902.552106234,40,2093.4,2381.8,2847.4,0,0,738650.258663797,0,0,0
161902.592105301,40,2084,2360.2,2868.4,0,0,738650.25866426,0,0,0
161902.632104367,40,2094.4,2387.6,2902.8,0,0,738650.258664723,0,0,0
161902.672103434,40,2109.6,2447.2,2904.2,0,0,738650.258665186,0,0,0
161902.7121025,40,2143.8,2545.4,2866.2,0,0,738650.258665649,0,0,0
161902.752101566,40,2202.4,2671.4,2763.8,0,0,738650.258666112,0,0,0
161902.792100633,40,2298.6,2790,2607,0,0,738650.258666575,0,0,0
161902.832099699,40,2432.6,2830.2,2435.4,0,0,738650.258667038,0,0,0
161902.872098766,40,2596.4,2773,2306.2,0,0,738650.258667501,0,0,0
161902.912097832,40,2747.6,2647,2210.8,0,0,738650.258667964,0,0,0
161902.952096898,40,2839.4,2513,2150,0,0,738650.258668427,0,0,0
161902.992095965,40,2843,2394,2107.4,0,0,738650.25866889,0,0,0
161903.032095031,40,2788.6,2310.2,2080,0,0,738650.258669353,0,0,0
161903.072094098,40,2713.2,2255.8,2072.4,0,0,738650.258669816,0,0,0
161903.112093164,40,2653.6,2221,2058.2,0,0,738650.258670279,0,0,0
161903.15209223,40,2620,2208,2054.6,0,0,738650.258670742,0,0,0
161903.192091297,40,2645.2,2220,2058,0,0,738650.258671205,0,0,0
161903.232090363,40,2689.8,2254.2,2069.4,0,0,738650.258671668,0,0,0
161903.27208943,40,2743.8,2304,2085,0,0,738650.258672131,0,0,0
161903.312088496,40,2795,2382.6,2108.6,0,0,738650.258672594,0,0,0
161903.352087562,40,2791.8,2500.8,2154,0,0,738650.258673056,0,0,0
161903.392086629,40,2721.2,2651.6,2220.8,0,0,738650.258673519,0,0,0
161903.432085695,40,2578.8,2788,2320.2,0,0,738650.258673982,0,0,0
161903.472084762,40,2415.2,2829.2,2454.4,0,0,738650.258674445,0,0,0
161903.512083828,40,2284.8,2762,2600.8,0,0,738650.258674908,0,0,0
161903.552082894,40,2205.8,2648.2,2706.8,0,0,738650.258675371,0,0,0
161903.592081961,40,2159.4,2541,2757.4,0,0,738650.258675834,0,0,0
161903.632081027,40,2134.6,2483.2,2776.6,0,0,738650.258676297,0,0,0
161903.672080094,40,2132.6,2483.8,2780.8,0,0,738650.25867676,0,0,0
161903.71207916,40,2155,2546.2,2781,0,0,738650.258677223,0,0,0
161903.752078226,40,2203.4,2647.2,2718.8,0,0,738650.258677686,0,0,0
161903.792077293,40,2281.8,2757.6,2608,0,0,738650.258678149,0,0,0
161903.832076359,40,2393.4,2802.2,2461,0,0,738650.258678612,0,0,0
161903.872075426,40,2555.6,2772.4,2323.6,0,0,738650.258679075,0,0,0
161903.912074492,40,2710.6,2642.4,2220,0,0,738650.258679538,0,0,0
161903.952073558,40,2785,2496.8,2151.6,0,0,738650.258680001,0,0,0
161903.992072625,40,2764.6,2378.8,2112,0,0,738650.258680464,0,0,0
161904.032071691,40,2710.4,2296.2,2087.6,0,0,738650.258680927,0,0,0
161904.072070758,40,2659.4,2252,2070.4,0,0,738650.25868139,0,0,0
161904.112069824,40,2612.6,2221.6,2060,0,0,738650.258681852,0,0,0
161904.15206889,40,2597.4,2205.4,2054.6,0,0,738650.258682315,0,0,0
161904.192067957,40,2603.8,2212.4,2054.4,0,0,738650.258682778,0,0,0
161904.232067023,40,2663.2,2234.8,2063,0,0,738650.258683241,0,0,0
161904.27206609,40,2725,2284.2,2079.4,0,0,738650.258683704,0,0,0
161904.312065156,40,2780.4,2351.8,2101.2,0,0,738650.258684167,0,0,0
161904.352064222,40,2805.4,2451,2138.4,0,0,738650.25868463,0,0,0
161904.392063289,40,2770.6,2582,2188.8,0,0,738650.258685093,0,0,0
161904.432062355,40,2664.6,2726.2,2264.2,0,0,738650.258685556,0,0,0
161904.472061422,40,2509.6,2827,2377.8,0,0,738650.258686019,0,0,0
161904.512060488,40,2355.2,2822,2530.8,0,0,738650.258686482,0,0,0
161904.552059554,40,2231.8,2698,2675.2,0,0,738650.258686945,0,0,0
161904.592058621,40,2157.8,2533.8,2750.6,0,0,738650.258687408,0,0,0
161904.632057687,40,2112.4,2412.8,2762.6,0,0,738650.258687871,0,0,0
161904.672056754,40,2082.8,2334.4,2722.6,0,0,738650.258688334,0,0,0
161904.71205582,40,2082.6,2321.2,2709.6,0,0,738650.258688797,0,0,0
161904.752054886,40,2091.2,2364.8,2794,0,0,738650.25868926,0,0,0
161904.792053953,40,2106.4,2412.2,2836.2,0,0,738650.258689723,0,0,0
161904.832053019,40,2125.8,2483.2,2853.8,0,0,738650.258690186,0,0,0
161904.872052086,40,2162,2583.6,2806.2,0,0,738650.258690649,0,0,0
161904.912051152,40,2227.2,2694.2,2700.8,0,0,738650.258691112,0,0,0
161904.952050218,40,2317.6,2777.4,2561.6,0,0,738650.258691575,0,0,0
161904.992049285,40,2440.6,2791.8,2409.8,0,0,738650.258692037,0,0,0
161905.032048351,40,2612.8,2740.6,2284.2,0,0,738650.2586925,0,0,0
161905.072047418,40,2751.2,2606.2,2196.4,0,0,738650.258692963,0,0,0
161905.112046484,40,2805.2,2471.6,2143.4,0,0,738650.258693426,0,0,0
161905.15204555,40,2778,2368,2106.2,0,0,738650.258693889,0,0,0
161905.192044617,40,2722,2296,2083.2,0,0,738650.258694352,0,0,0
161905.232043683,40,2660.4,2248.6,2071.2,0,0,738650.258694815,0,0,0
161905.27204275,40,2608.8,2211.6,2059.4,0,0,738650.258695278,0,0,0
161905.312041816,40,2600.6,2204.8,2058.4,0,0,738650.258695741,0,0,0
161905.352040882,40,2658.4,2230,2063.6,0,0,738650.258696204,0,0,0
161905.392039949,40,2753,2281.6,2075.8,0,0,738650.258696667,0,0,0
161905.432039015,40,2844,2368.6,2103,0,0,738650.25869713,0,0,0
161905.472038082,40,2858,2499.8,2145.2,0,0,738650.258697593,0,0,0
161905.512037148,40,2743.6,2667.8,2221,0,0,738650.258698056,0,0,0
161905.552036214,40,2557,2794.6,2333.6,0,0,738650.258698519,0,0,0
161905.592035281,40,2382,2821,2499.4,0,0,738650.258698982,0,0,0
161905.632034347,40,2248.8,2711.6,2647.6,0,0,738650.258699445,0,0,0
161905.672033414,40,2172.6,2576.8,2755.4,0,0,738650.258699908,0,0,0
161905.71203248,40,2124.2,2455.6,2776.8,0,0,738650.258700371,0,0,0
161905.752031546,40,2097.6,2379.2,2768.2,0,0,738650.258700834,0,0,0
161905.792030613,40,2084.8,2339,2758.2,0,0,738650.258701297,0,0,0
161905.832029679,40,2088.8,2354.2,2791.4,0,0,738650.25870176,0,0,0
161905.872028746,40,2097,2405,2854.2,0,0,738650.258702222,0,0,0
161905.912027812,40,2123.6,2502.4,2924.2,0,0,738650.258702685,0,0,0
161905.952026878,40,2170.8,2647.8,2919.6,0,0,738650.258703148,0,0,0
161905.992025945,40,2244,2807.4,2794,0,0,738650.258703611,0,0,0
161906.032025011,40,2357.6,2941.8,2623.6,0,0,738650.258704074,0,0,0
161906.072024078,40,2514,2958.4,2435.8,0,0,738650.258704537,0,0,0
161906.112023144,40,2681,2829.6,2297.2,0,0,738650.258705,0,0,0
161906.15202221,40,2795.6,2659.4,2207.8,0,0,738650.258705463,0,0,0
161906.192021277,40,2830,2501,2147.4,0,0,738650.258705926,0,0,0
161906.232020343,40,2795.8,2386.4,2110.8,0,0,738650.258706389,0,0,0
161906.27201941,40,2739.8,2307.2,2087.6,0,0,738650.258706852,0,0,0
161906.312018476,40,2680.2,2258.2,2069.8,0,0,738650.258707315,0,0,0
161906.352017542,40,2621.4,2216.8,2059.2,0,0,738650.258707778,0,0,0
161906.392016609,40,2599.2,2204,2054.6,0,0,738650.258708241,0,0,0
161906.432015675,40,2638.4,2218.2,2058.6,0,0,738650.258708704,0,0,0
161906.472014742,40,2707,2250.4,2067,0,0,738650.258709167,0,0,0
161906.512013808,40,2807.2,2307.4,2082.2,0,0,738650.25870963,0,0,0
161906.552012874,40,2903.8,2411.4,2110.4,0,0,738650.258710093,0,0,0
161906.592011941,40,2929.4,2570.2,2162,0,0,738650.258710555,0,0,0
161906.632011007,40,2790.8,2764,2248.6,0,0,738650.258711018,0,0,0
161906.672010074,40,2576.4,2917.4,2376.4,0,0,738650.258711481,0,0,0
161906.71200914,40,2376,2913.8,2563.8,0,0,738650.258711944,0,0,0
161906.752008206,40,2236,2751.2,2745,0,0,738650.258712407,0,0,0
161906.792007273,40,2154.6,2564.6,2829.2,0,0,738650.25871287,0,0,0
161906.832006339,40,2110.6,2423.6,2811.8,0,0,738650.258713333,0,0,0
161906.872005406,40,2087.4,2339.2,2763.8,0,0,738650.258713796,0,0,0
161906.912004472,40,2083.6,2328.2,2768.6,0,0,738650.258714259,0,0,0
161906.952003538,40,2094.4,2382.8,2852.6,0,0,738650.258714722,0,0,0
161906.992002605,40,2113.4,2463.8,2905.2,0,0,738650.258715185,0,0,0
161907.032001671,40,2150.4,2596.6,2919.8,0,0,738650.258715648,0,0,0
161907.072000738,40,2221.2,2770.4,2853.4,0,0,738650.258716111,0,0,0
161907.111999804,40,2319,2918.4,2682.6,0,0,738650.258716574,0,0,0
161907.15199887,40,2456.4,2991.8,2508.4,0,0,738650.258717037,0,0,0
161907.191997937,40,2611.2,2946,2370,0,0,738650.2587175,0,0,0
161907.231997003,40,2760.2,2826.6,2272.8,0,0,738650.258717963,0,0,0
161907.27199607,40,2857.8,2684,2203,0,0,738650.258718426,0,0,0
161907.311995136,40,2909,2559.8,2162.6,0,0,738650.258718889,0,0,0
161907.351994202,40,2907.2,2459.6,2124.2,0,0,738650.258719352,0,0,0
161907.391993269,40,2876,2374.6,2101.6,0,0,738650.258719815,0,0,0
161907.431992335,40,2826.4,2313.6,2082.4,0,0,738650.258720278,0,0,0
161907.471991402,40,2767,2270.4,2068.8,0,0,738650.25872074,0,0,0
161907.511990468,40,2736,2247.2,2068,0,0,738650.258721203,0,0,0
161907.551989534,40,2753.4,2252.6,2068.6,0,0,738650.258721666,0,0,0
161907.591988601,40,2828.4,2296,2077,0,0,738650.258722129,0,0,0
161907.631987667,40,2891.6,2373.8,2095.8,0,0,738650.258722592,0,0,0
161907.671986734,40,2919.6,2490.6,2138.4,0,0,738650.258723055,0,0,0
161907.7119858,40,2829.8,2658.6,2203.8,0,0,738650.258723518,0,0,0
161907.751984866,40,2626.6,2791.6,2304,0,0,738650.258723981,0,0,0
161907.791983933,40,2443.2,2841.8,2441.4,0,0,738650.258724444,0,0,0
161907.831982999,40,2304.4,2797,2605.8,0,0,738650.258724907,0,0,0
161907.871982066,40,2212.6,2693,2745.4,0,0,738650.25872537,0,0,0
161907.911981132,40,2157.6,2577,2858.4,0,0,738650.258725833,0,0,0
161907.951980198,40,2123.4,2486.4,2900.4,0,0,738650.258726296,0,0,0
161907.991979265,40,2102.2,2427,2902.8,0,0,738650.258726759,0,0,0
161908.031978331,40,2100,2417.8,2896.2,0,0,738650.258727222,0,0,0
161908.071977398,40,2113.6,2451.2,2900.8,0,0,738650.258727685,0,0,0
161908.111976464,40,2132.6,2512.6,2871.6,0,0,738650.258728148,0,0,0
161908.15197553,40,2170.8,2608.4,2815.4,0,0,738650.258728611,0,0,0
161908.191974597,40,2233.4,2720.4,2714.8,0,0,738650.258729074,0,0,0
161908.231973663,40,2321,2798.6,2569,0,0,738650.258729537,0,0,0
161908.27197273,40,2456.6,2834.8,2425.6,0,0,738650.25873,0,0,0
161908.311971796,40,2613.2,2771.6,2300.2,0,0,738650.258730463,0,0,0
161908.351970862,40,2757,2646,2210,0,0,738650.258730926,0,0,0
161908.391969929,40,2821,2508,2149,0,0,738650.258731388,0,0,0
161908.431968995,40,2824.4,2394.8,2110.8,0,0,738650.258731851,0,0,0
161908.471968062,40,2788.8,2314.2,2087.4,0,0,738650.258732314,0,0,0
161908.511967128,40,2727,2260.2,2069.6,0,0,738650.258732777,0,0,0
161908.551966194,40,2668.4,2224.4,2060.8,0,0,738650.25873324,0,0,0
161908.591965261,40,2645.2,2207.2,2052.8,0,0,738650.258733703,0,0,0
161908.631964327,40,2689.8,2225.2,2059.4,0,0,738650.258734166,0,0,0
161908.671963394,40,2764,2270,2071,0,0,738650.258734629,0,0,0
161908.71196246,40,2842.2,2338,2089.8,0,0,738650.258735092,0,0,0
161908.751961526,40,2878.2,2447,2123.8,0,0,738650.258735555,0,0,0
161908.791960593,40,2817.4,2588.8,2184.4,0,0,738650.258736018,0,0,0
161908.831959659,40,2683,2735.8,2262.4,0,0,738650.258736481,0,0,0
161908.871958726,40,2514.4,2829.8,2379.2,0,0,738650.258736944,0,0,0
161908.911957792,40,2379.8,2831.2,2500,0,0,738650.258737407,0,0,0
161908.951956858,40,2288,2794,2638.4,0,0,738650.25873787,0,0,0
161908.991955925,40,2225.6,2724.2,2752,0,0,738650.258738333,0,0,0
161909.031954991,40,2186,2665.4,2844.6,0,0,738650.258738796,0,0,0
161909.071954058,40,2171.6,2633.4,2890,0,0,738650.258739259,0,0,0
161909.111953124,40,2168.2,2643.6,2888,0,0,738650.258739721,0,0,0
161909.15195219,40,2187,2679.6,2843.2,0,0,738650.258740184,0,0,0
161909.191951257,40,2216.2,2704,2750,0,0,738650.258740647,0,0,0
161909.231950323,40,2260.2,2732.2,2657.6,0,0,738650.25874111,0,0,0
161909.27194939,40,2316.8,2769,2562.2,0,0,738650.258741573,0,0,0
161909.311948456,40,2410.6,2846.4,2474.2,0,0,738650.258742036,0,0,0
161909.351947522,40,2503.4,2851.4,2390.2,0,0,738650.258742499,0,0,0
161909.391946589,40,2606.2,2839.8,2329.8,0,0,738650.258742962,0,0,0
161909.431945655,40,2700,2818.2,2282.8,0,0,738650.258743425,0,0,0
161909.471944722,40,2771.6,2802.6,2258.2,0,0,738650.258743888,0,0,0
161909.511943788,40,2804.4,2800.6,2247.6,0,0,738650.258744351,0,0,0
161909.551942854,40,2792.4,2835.4,2265,0,0,738650.258744814,0,0,0
161909.591941921,40,2757.4,2889,2294.8,0,0,738650.258745277,0,0,0
161909.631940987,40,2685,2927,2331.6,0,0,738650.25874574,0,0,0
161909.671940054,40,2593.4,2963.4,2387.6,0,0,738650.258746203,0,0,0
161909.71193912,40,2489.4,2990.6,2471,0,0,738650.258746666,0,0,0
161909.751938186,40,2384,2958.2,2578,0,0,738650.258747129,0,0,0
161909.791937253,40,2310.4,2884,2673.4,0,0,738650.258747592,0,0,0
161909.831936319,40,2273.2,2825.6,2702,0,0,738650.258748055,0,0,0
161909.871935386,40,2318.8,2849.6,2612.6,0,0,738650.258748518,0,0,0
161909.911934452,40,2422.2,2869.4,2475.4,0,0,738650.258748981,0,0,0
161909.951933518,40,2581,2831.2,2339.8,0,0,738650.258749444,0,0,0
161909.991932585,40,2738.8,2721.4,2242,0,0,738650.258749906,0,0,0
161910.031931651,40,2836.8,2582,2174,0,0,738650.258750369,0,0,0
161910.071930718,40,2884.8,2475.2,2131.8,0,0,738650.258750832,0,0,0
161910.111929784,40,2881.2,2403.8,2114,0,0,738650.258751295,0,0,0
161910.15192885,40,2858,2371.8,2098.8,0,0,738650.258751758,0,0,0
161910.191927917,40,2860.8,2381.6,2103.4,0,0,738650.258752221,0,0,0
161910.231926983,40,2877.4,2419.2,2111.4,0,0,738650.258752684,0,0,0
161910.27192605,40,2885,2488.8,2139.4,0,0,738650.258753147,0,0,0
161910.311925116,40,2860,2590.8,2176.8,0,0,738650.25875361,0,0,0
161910.351924182,40,2776.2,2721.4,2234.4,0,0,738650.258754073,0,0,0
161910.391923249,40,2632.6,2849.6,2323,0,0,738650.258754536,0,0,0
161910.431922315,40,2480.6,2924.4,2457.2,0,0,738650.258754999,0,0,0
161910.471921382,40,2385,2927.8,2559.6,0,0,738650.258755462,0,0,0
161910.511920448,40,2442.6,2940.2,2498,0,0,738650.258755925,0,0,0
161910.551919514,40,2576.6,2883.2,2358,0,0,738650.258756388,0,0,0
161910.591918581,40,2740.6,2761.2,2253.6,0,0,738650.258756851,0,0,0
161910.631917647,40,2843,2602.8,2180.2,0,0,738650.258757314,0,0,0
161910.671916714,40,2871.2,2476.4,2132.6,0,0,738650.258757777,0,0,0
161910.71191578,40,2845.6,2389,2107,0,0,738650.25875824,0,0,0
161910.751914846,40,2814.6,2350.6,2094.6,0,0,738650.258758703,0,0,0
161910.791913913,40,2801.2,2339.6,2098,0,0,738650.258759166,0,0,0
161910.831912979,40,2806.4,2362.2,2103.6,0,0,738650.258759629,0,0,0
161910.871912046,40,2833.6,2394.6,2112,0,0,738650.258760091,0,0,0
161910.911911112,40,2845,2453,2130.2,0,0,738650.258760554,0,0,0
161910.951910178,40,2853,2538.4,2159.4,0,0,738650.258761017,0,0,0
161910.991909245,40,2801.4,2666.4,2208.2,0,0,738650.25876148,0,0,0
161911.031908311,40,2696.2,2811.8,2288.6,0,0,738650.258761943,0,0,0
161911.071907378,40,2544.6,2947,2411,0,0,738650.258762406,0,0,0
161911.111906444,40,2384,2979.8,2595,0,0,738650.258762869,0,0,0
161911.15190551,40,2254.8,2842.8,2794.4,0,0,738650.258763332,0,0,0
161911.191904577,40,2162.2,2642,2945.8,0,0,738650.258763795,0,0,0
161911.231903643,40,2109.6,2452.6,2942.4,0,0,738650.258764258,0,0,0
161911.27190271,40,2081,2321,2745.2,0,0,738650.258764721,0,0,0
161911.311901776,40,2090.8,2344.4,2744.4,0,0,738650.258765184,0,0,0
161911.351900842,40,2092.4,2393.4,2911.6,0,0,738650.258765647,0,0,0
161911.391899909,40,2116.4,2473.4,2926.4,0,0,738650.25876611,0,0,0
161911.431898975,40,2157.4,2607.2,2908.2,0,0,738650.258766573,0,0,0
161911.471898042,40,2231,2757.6,2786.2,0,0,738650.258767036,0,0,0
161911.511897108,40,2346.2,2864.4,2577.8,0,0,738650.258767499,0,0,0
161911.551896174,40,2520,2855.2,2384,0,0,738650.258767962,0,0,0
161911.591895241,40,2681.4,2703.2,2245.8,0,0,738650.258768425,0,0,0
161911.631894307,40,2767.4,2524.6,2164.8,0,0,738650.258768887,0,0,0
161911.671893374,40,2753.6,2384.6,2112.8,0,0,738650.25876935,0,0,0
161911.71189244,40,2692,2295.2,2087.4,0,0,738650.258769813,0,0,0
161911.751891506,40,2619.8,2238.6,2063,0,0,738650.258770276,0,0,0
161911.791890573,40,2557.4,2204.2,2057.2,0,0,738650.258770739,0,0,0
161911.831889639,40,2579.8,2209,2057,0,0,738650.258771202,0,0,0
161911.871888706,40,2605.6,2224.8,2061.8,0,0,738650.258771665,0,0,0
161911.911887772,40,2672.2,2258.8,2073,0,0,738650.258772128,0,0,0
161911.951886838,40,2738,2319,2089.6,0,0,738650.258772591,0,0,0
161911.991885905,40,2772.8,2410.8,2121.8,0,0,738650.258773054,0,0,0
161912.031884971,40,2746.8,2541.4,2176,0,0,738650.258773517,0,0,0
161912.071884038,40,2626,2696.4,2264.6,0,0,738650.25877398,0,0,0
161912.111883104,40,2453.8,2793.2,2400.2,0,0,738650.258774443,0,0,0
161912.15188217,40,2293.6,2762.4,2583.6,0,0,738650.258774906,0,0,0
161912.191881237,40,2189.4,2618,2739,0,0,738650.258775369,0,0,0
161912.231880303,40,2122.2,2456.8,2788,0,0,738650.258775832,0,0,0
161912.27187937,40,2090.4,2349,2739.4,0,0,738650.258776295,0,0,0
161912.463874888,192,2165.6,2627.4,2919.2,0,0,738650.258778517,0,0,0
161912.733868587,270,2784.6,2517.8,2158.2,0,0,738650.258781642,0,0,0
161912.977862892,244,2606.4,2221.4,2060.2,0,0,738650.258784466,0,0,0
161913.21185743,234,2575.4,3003,2414.2,0,0,738650.258787174,0,0,0
161913.458851665,247,2088.8,2328.6,2695.8,0,0,738650.258790033,0,0,0
161913.691846227,233,2354,2908.4,2597.2,0,0,738650.25879273,0,0,0
161913.926840742,235,2861.2,2369.8,2101.6,0,0,738650.258795449,0,0,0
161914.176834907,250,2768.6,2309.2,2079.6,0,0,738650.258798343,0,0,0
161914.450828512,274,2286.8,2811.2,2650,0,0,738650.258801514,0,0,0
161914.490827578,40,2238.8,2738.4,2702,0,0,738650.258801977,0,0,0
161914.530826645,40,2228,2713,2709,0,0,738650.25880244,0,0,0
161914.570825711,40,2257.4,2752.6,2665.6,0,0,738650.258802903,0,0,0
161914.610824777,40,2317.4,2806.4,2578.2,0,0,738650.258803366,0,0,0
161914.650823844,40,2418.8,2829.8,2449.8,0,0,738650.258803829,0,0,0
161914.69082291,40,2548.4,2779,2326.8,0,0,738650.258804292,0,0,0
161914.730821977,40,2677.2,2658.2,2232.6,0,0,738650.258804755,0,0,0
161914.770821043,40,2744.4,2528.2,2167,0,0,738650.258805218,0,0,0
161914.810820109,40,2756,2425.4,2127.8,0,0,738650.258805681,0,0,0
161914.850819176,40,2743.4,2363.4,2103.8,0,0,738650.258806144,0,0,0
161914.890818242,40,2718.6,2327.8,2095.2,0,0,738650.258806607,0,0,0
161914.930817309,40,2733.4,2336.4,2099,0,0,738650.25880707,0,0,0
161914.970816375,40,2759.2,2377.2,2111.4,0,0,738650.258807532,0,0,0
161915.010815441,40,2773.2,2413.6,2120,0,0,738650.258807995,0,0,0
161915.050814508,40,2769,2469,2144.4,0,0,738650.258808458,0,0,0
161915.090813574,40,2738.4,2542.2,2173.4,0,0,738650.258808921,0,0,0
161915.130812641,40,2676.6,2641.4,2222.2,0,0,738650.258809384,0,0,0
161915.170811707,40,2575.6,2730.8,2298.4,0,0,738650.258809847,0,0,0
161915.210810773,40,2456.6,2788.8,2389,0,0,738650.25881031,0,0,0
161915.25080984,40,2368.6,2793.8,2489.2,0,0,738650.258810773,0,0,0
161915.290808906,40,2334.8,2802.4,2543.8,0,0,738650.258811236,0,0,0
161915.330807973,40,2383.8,2855.8,2511.2,0,0,738650.258811699,0,0,0
161915.370807039,40,2487.4,2886.4,2424,0,0,738650.258812162,0,0,0
161915.410806105,40,2619,2854.4,2328,0,0,738650.258812625,0,0,0
161915.450805172,40,2759.6,2760,2245.2,0,0,738650.258813088,0,0,0
161915.490804238,40,2838.4,2638.6,2186.6,0,0,738650.258813551,0,0,0
161915.530803305,40,2876.2,2528,2147.8,0,0,738650.258814014,0,0,0
161915.570802371,40,2880,2457.6,2126.2,0,0,738650.258814477,0,0,0
161915.610801437,40,2860.2,2410.8,2110.8,0,0,738650.25881494,0,0,0
161915.650800504,40,2856.2,2401.8,2109,0,0,738650.258815403,0,0,0
161915.69079957,40,2865.2,2415,2114.8,0,0,738650.258815866,0,0,0
161915.730798637,40,2870.8,2444.4,2123.2,0,0,738650.258816329,0,0,0
161915.770797703,40,2874.8,2483.6,2131.8,0,0,738650.258816791,0,0,0
161915.810796769,40,2871.6,2528.6,2150.6,0,0,738650.258817254,0,0,0
161915.850795836,40,2859,2596.2,2175,0,0,738650.258817717,0,0,0
161915.890794902,40,2792.2,2677.6,2211,0,0,738650.25881818,0,0,0
161915.930793969,40,2687.6,2775.6,2274.2,0,0,738650.258818643,0,0,0
161915.970793035,40,2552.6,2858.2,2365.8,0,0,738650.258819106,0,0,0
161916.010792101,40,2436.4,2859.8,2455,0,0,738650.258819569,0,0,0
161916.050791168,40,2423.2,2847.8,2458.6,0,0,738650.258820032,0,0,0
161916.090790234,40,2495.8,2823.2,2382.4,0,0,738650.258820495,0,0,0
161916.130789301,40,2598.8,2753.4,2296.6,0,0,738650.258820958,0,0,0
161916.170788367,40,2701.4,2655.8,2224.2,0,0,738650.258821421,0,0,0
161916.210787433,40,2769.2,2547,2169.2,0,0,738650.258821884,0,0,0
161916.2507865,40,2782,2455.2,2133.2,0,0,738650.258822347,0,0,0
161916.290785566,40,2787.6,2403,2114.4,0,0,738650.25882281,0,0,0
161916.330784633,40,2776.8,2366.8,2104.6,0,0,738650.258823273,0,0,0
161916.370783699,40,2776.6,2365,2104.8,0,0,738650.258823736,0,0,0
161916.410782765,40,2790,2386.4,2110.8,0,0,738650.258824199,0,0,0
161916.450781832,40,2805.6,2426,2123.8,0,0,738650.258824662,0,0,0
161916.490780898,40,2812.2,2471,2139.2,0,0,738650.258825125,0,0,0
161916.530779965,40,2807.2,2526.2,2155.6,0,0,738650.258825588,0,0,0
161916.570779031,40,2787.8,2599.4,2190.4,0,0,738650.258826051,0,0,0
161916.610778097,40,2737.2,2681,2227,0,0,738650.258826514,0,0,0
161916.650777164,40,2661.4,2779.6,2282.4,0,0,738650.258826976,0,0,0
161916.69077623,40,2558.6,2869.4,2361.4,0,0,738650.258827439,0,0,0
161916.730775297,40,2473.6,2898.6,2437.6,0,0,738650.258827902,0,0,0
161916.770774363,40,2450.4,2898,2458,0,0,738650.258828365,0,0,0
161916.810773429,40,2523.2,2859.8,2382.8,0,0,738650.258828828,0,0,0
161916.850772496,40,2628.4,2775.4,2290.4,0,0,738650.258829291,0,0,0
161916.890771562,40,2729.8,2658.6,2216,0,0,738650.258829754,0,0,0
161916.930770629,40,2789.2,2549.2,2170,0,0,738650.258830217,0,0,0
161916.970769695,40,2797.6,2458,2134.6,0,0,738650.25883068,0,0,0
161917.010768761,40,2786.6,2402,2116.6,0,0,738650.258831143,0,0,0
161917.050767828,40,2780.8,2376.2,2106.2,0,0,738650.258831606,0,0,0
161917.090766894,40,2781.8,2379.4,2108.2,0,0,738650.258832069,0,0,0
161917.130765961,40,2791,2406.4,2118,0,0,738650.258832532,0,0,0
161917.170765027,40,2815.4,2436.4,2124.6,0,0,738650.258832995,0,0,0
161917.210764093,40,2828.8,2479,2135.6,0,0,738650.258833458,0,0,0
161917.25076316,40,2829.8,2526.8,2156.8,0,0,738650.258833921,0,0,0
161917.290762226,40,2816.6,2594.4,2182,0,0,738650.258834384,0,0,0
161917.330761293,40,2772.8,2685.2,2219.2,0,0,738650.258834847,0,0,0
161917.370760359,40,2671.4,2790.4,2286.6,0,0,738650.25883531,0,0,0
161917.410759425,40,2553.2,2872.6,2368,0,0,738650.258835773,0,0,0
161917.450758492,40,2483.4,2892.8,2430,0,0,738650.258836236,0,0,0
161917.490757558,40,2526.6,2859.4,2381.6,0,0,738650.258836698,0,0,0
161917.530756625,40,2617.4,2784.2,2302.8,0,0,738650.258837161,0,0,0
161917.570755691,40,2699.2,2686.6,2238.2,0,0,738650.258837624,0,0,0
161917.610754757,40,2768.8,2607.8,2189.6,0,0,738650.258838087,0,0,0
161917.650753824,40,2800,2522.4,2159.8,0,0,738650.25883855,0,0,0
161917.69075289,40,2812.8,2470.4,2135.6,0,0,738650.258839013,0,0,0
161917.730751957,40,2810.8,2435.6,2124.6,0,0,738650.258839476,0,0,0
161917.770751023,40,2816.2,2431.2,2122.4,0,0,738650.258839939,0,0,0
161917.810750089,40,2826,2450.6,2129.4,0,0,738650.258840402,0,0,0
161917.850749156,40,2833.2,2486.2,2139.8,0,0,738650.258840865,0,0,0
161917.890748222,40,2835,2523.2,2152.4,0,0,738650.258841328,0,0,0
161917.930747289,40,2832.4,2571.2,2172.4,0,0,738650.258841791,0,0,0
161917.970746355,40,2813,2627.6,2192.4,0,0,738650.258842254,0,0,0
161918.010745421,40,2771.4,2695,2222.4,0,0,738650.258842717,0,0,0
161918.050744488,40,2699.8,2768.8,2265.8,0,0,738650.25884318,0,0,0
161918.090743554,40,2610.6,2835.4,2318.6,0,0,738650.258843643,0,0,0
161918.130742621,40,2533,2880.6,2385.2,0,0,738650.258844106,0,0,0
161918.170741687,40,2465.6,2886.4,2434.2,0,0,738650.258844569,0,0,0
161918.210740753,40,2451.8,2875.4,2444.2,0,0,738650.258845032,0,0,0
161918.25073982,40,2505.8,2845.2,2383.8,0,0,738650.258845494,0,0,0
161918.290738886,40,2590.8,2781,2311.4,0,0,738650.258845957,0,0,0
161918.330737953,40,2677.4,2705.2,2248.4,0,0,738650.25884642,0,0,0
161918.370737019,40,2740.6,2618,2201.8,0,0,738650.258846883,0,0,0
161918.410736085,40,2785.2,2546,2167.2,0,0,738650.258847346,0,0,0
161918.450735152,40,2802.4,2494.4,2145.2,0,0,738650.258847809,0,0,0
161918.490734218,40,2819,2490.4,2140,0,0,738650.258848272,0,0,0
161918.530733285,40,2819.4,2506,2150.8,0,0,738650.258848735,0,0,0
161918.570732351,40,2819.6,2550,2162.2,0,0,738650.258849198,0,0,0
161918.610731417,40,2800.8,2593.2,2181,0,0,738650.258849661,0,0,0
161918.650730484,40,2769,2655.2,2208.8,0,0,738650.258850124,0,0,0
161918.69072955,40,2719.4,2715.6,2241.4,0,0,738650.258850587,0,0,0
161918.730728617,40,2647.6,2789,2290.4,0,0,738650.25885105,0,0,0
161918.770727683,40,2555.4,2855.8,2359.8,0,0,738650.258851513,0,0,0
161918.810726749,40,2464.2,2895.4,2441.8,0,0,738650.258851976,0,0,0
161918.850725816,40,2390.6,2892.2,2524.4,0,0,738650.258852439,0,0,0
161918.890724882,40,2388.8,2887.4,2527.2,0,0,738650.258852902,0,0,0
161918.930723949,40,2451.2,2885.2,2450.6,0,0,738650.258853365,0,0,0
161918.970723015,40,2547.8,2867.6,2365,0,0,738650.258853828,0,0,0
161919.010722081,40,2662.2,2782.8,2285.8,0,0,738650.258854291,0,0,0
161919.050721148,40,2746.4,2686.2,2222,0,0,738650.258854754,0,0,0
161919.090720214,40,2795.6,2613.6,2189.4,0,0,738650.258855217,0,0,0
161919.130719281,40,2813.6,2567.2,2167,0,0,738650.25885568,0,0,0
161919.170718347,40,2805.4,2574.6,2172.2,0,0,738650.258856142,0,0,0
161919.210717413,40,2770.6,2628.4,2200.2,0,0,738650.258856605,0,0,0
161919.25071648,40,2708.2,2693.2,2236.6,0,0,738650.258857068,0,0,0
161919.290715546,40,2619.6,2767,2295.4,0,0,738650.258857531,0,0,0
161919.330714613,40,2524.4,2831.4,2367.6,0,0,738650.258857994,0,0,0
161919.370713679,40,2438,2849.2,2440.8,0,0,738650.258858457,0,0,0
161919.410712745,40,2377,2825.4,2497.4,0,0,738650.25885892,0,0,0
161919.450711812,40,2397.8,2816.4,2464.8,0,0,738650.258859383,0,0,0
161919.490710878,40,2475.2,2796.8,2383,0,0,738650.258859846,0,0,0
161919.530709945,40,2587.4,2741.6,2297.2,0,0,738650.258860309,0,0,0
161919.570709011,40,2671,2650,2228,0,0,738650.258860772,0,0,0
161919.610708077,40,2731.2,2561.8,2184,0,0,738650.258861235,0,0,0
161919.650707144,40,2752,2505,2156.2,0,0,738650.258861698,0,0,0
161919.69070621,40,2762.2,2486.2,2150.4,0,0,738650.258862161,0,0,0
161919.730705277,40,2749,2524.4,2163.2,0,0,738650.258862624,0,0,0
161919.770704343,40,2723.2,2587.8,2193.2,0,0,738650.258863087,0,0,0
161919.810703409,40,2667.6,2664.8,2237.6,0,0,738650.25886355,0,0,0
161919.850702476,40,2590.4,2743,2296.4,0,0,738650.258864013,0,0,0
161919.890701542,40,2500.2,2799.8,2368.4,0,0,738650.258864476,0,0,0
161919.930700609,40,2423,2825.4,2441.4,0,0,738650.258864939,0,0,0
161919.970699675,40,2388.6,2825.4,2481.6,0,0,738650.258865401,0,0,0
161920.010698741,40,2440.2,2824.2,2425.8,0,0,738650.258865864,0,0,0
161920.050697808,40,2541.6,2794.8,2338.2,0,0,738650.258866327,0,0,0
161920.090696874,40,2645.8,2722.6,2260.6,0,0,738650.25886679,0,0,0
161920.130695941,40,2723.6,2632.2,2208.6,0,0,738650.258867253,0,0,0
161920.170695007,40,2768.6,2546.6,2170.8,0,0,738650.258867716,0,0,0
161920.210694073,40,2773,2482,2146.8,0,0,738650.258868179,0,0,0
161920.25069314,40,2769.6,2464.4,2136.4,0,0,738650.258868642,0,0,0
161920.290692206,40,2757,2486.6,2147,0,0,738650.258869105,0,0,0
161920.330691273,40,2740,2543.4,2174.2,0,0,738650.258869568,0,0,0
161920.370690339,40,2699.2,2619.4,2212,0,0,738650.258870031,0,0,0
161920.410689405,40,2617,2711,2272.2,0,0,738650.258870494,0,0,0
161920.450688472,40,2520.6,2795.2,2351.6,0,0,738650.258870957,0,0,0
161920.490687538,40,2429.8,2832.2,2438.4,0,0,738650.25887142,0,0,0
161920.530686605,40,2449,2834.6,2425,0,0,738650.258871883,0,0,0
161920.570685671,40,2538.8,2794.8,2340,0,0,738650.258872346,0,0,0
161920.610684737,40,2642.6,2725.8,2266.2,0,0,738650.258872809,0,0,0
161920.650683804,40,2730.8,2625.6,2205,0,0,738650.258873272,0,0,0
161920.69068287,40,2778,2536.4,2163.8,0,0,738650.258873735,0,0,0
161920.730681937,40,2792.6,2471.2,2138.6,0,0,738650.258874198,0,0,0
161920.770681003,40,2803.2,2437.8,2127.2,0,0,738650.25887466,0,0,0
161920.810680069,40,2803.2,2431.2,2126.2,0,0,738650.258875123,0,0,0
161920.850679136,40,2813.4,2457,2132.4,0,0,738650.258875586,0,0,0
161920.890678202,40,2815.6,2483,2141.2,0,0,738650.258876049,0,0,0
161920.930677269,40,2815.4,2520.6,2154.4,0,0,738650.258876512,0,0,0
161920.970676335,40,2806,2568.2,2172.2,0,0,738650.258876975,0,0,0
161921.010675401,40,2784.4,2620,2196.6,0,0,738650.258877438,0,0,0
161921.050674468,40,2745.2,2688.2,2226.6,0,0,738650.258877901,0,0,0
161921.090673534,40,2689.4,2772.8,2271.8,0,0,738650.258878364,0,0,0
161921.130672601,40,2604.2,2850.4,2334,0,0,738650.258878827,0,0,0
161921.170671667,40,2514.8,2913.8,2410.6,0,0,738650.25887929,0,0,0
161921.210670733,40,2452.8,2927.8,2469.6,0,0,738650.258879753,0,0,0
161921.2506698,40,2454.2,2909.6,2470.6,0,0,738650.258880216,0,0,0
161921.290668866,40,2509.4,2871.6,2395.6,0,0,738650.258880679,0,0,0
161921.330667933,40,2588.8,2794,2319.4,0,0,738650.258881142,0,0,0
161921.370666999,40,2667.8,2712.4,2250.6,0,0,738650.258881605,0,0,0
161921.410666065,40,2727.4,2619.4,2205.4,0,0,738650.258882068,0,0,0
161921.450665132,40,2755.6,2530.8,2171,0,0,738650.258882531,0,0,0
161921.490664198,40,2769.4,2473.2,2146.8,0,0,738650.258882994,0,0,0
161921.530663265,40,2769.4,2433.4,2127.4,0,0,738650.258883457,0,0,0
161921.570662331,40,2766.4,2418.8,2120.4,0,0,738650.25888392,0,0,0
161921.610661397,40,2764.6,2421.8,2126.2,0,0,738650.258884383,0,0,0
161921.650660464,40,2770.6,2441,2131,0,0,738650.258884845,0,0,0
161921.69065953,40,2781.6,2464.2,2140.4,0,0,738650.258885308,0,0,0
161921.730658597,40,2787.2,2493.8,2149.8,0,0,738650.258885771,0,0,0
161921.770657663,40,2802.6,2544.2,2165.2,0,0,738650.258886234,0,0,0
161921.810656729,40,2804.2,2607.6,2188,0,0,738650.258886697,0,0,0
161921.850655796,40,2782.8,2675.2,2213.2,0,0,738650.25888716,0,0,0
161921.890654862,40,2738.6,2755.6,2255.2,0,0,738650.258887623,0,0,0
161921.930653929,40,2668.8,2852.6,2307.2,0,0,738650.258888086,0,0,0
161921.970652995,40,2575.2,2921.6,2380.2,0,0,738650.258888549,0,0,0
161922.010652061,40,2490.2,2944,2449.8,0,0,738650.258889012,0,0,0
161922.050651128,40,2454.2,2939.2,2475.8,0,0,738650.258889475,0,0,0
161922.090650194,40,2488.4,2927.8,2436.4,0,0,738650.258889938,0,0,0
161922.130649261,40,2563.8,2887.4,2371.8,0,0,738650.258890401,0,0,0
161922.170648327,40,2642.6,2823,2303,0,0,738650.258890864,0,0,0
161922.210647393,40,2723.6,2735,2245.6,0,0,738650.258891327,0,0,0
161922.25064646,40,2783.8,2632.2,2199.4,0,0,738650.25889179,0,0,0
161922.290645526,40,2820.2,2544,2161.4,0,0,738650.258892253,0,0,0
161922.330644593,40,2832,2479.8,2142.8,0,0,738650.258892716,0,0,0
161922.370643659,40,2818.8,2431.2,2120.2,0,0,738650.258893179,0,0,0
161922.410642725,40,2797.8,2404,2114.8,0,0,738650.258893642,0,0,0
161922.450641792,40,2788,2405.6,2115.4,0,0,738650.258894105,0,0,0
161922.490640858,40,2790.8,2430.2,2125.6,0,0,738650.258894567,0,0,0
161922.530639925,40,2792,2458,2137,0,0,738650.25889503,0,0,0
161922.570638991,40,2798.4,2496.8,2148.2,0,0,738650.258895493,0,0,0
161922.610638057,40,2799.8,2550.8,2164.8,0,0,738650.258895956,0,0,0
161922.650637124,40,2786,2618.6,2194.2,0,0,738650.258896419,0,0,0
161922.69063619,40,2749.4,2700.2,2233.2,0,0,738650.258896882,0,0,0
161922.730635257,40,2683.4,2802,2284.6,0,0,738650.258897345,0,0,0
161922.770634323,40,2603,2901,2358.8,0,0,738650.258897808,0,0,0
161922.810633389,40,2510.6,2953.6,2434.6,0,0,738650.258898271,0,0,0
161922.850632456,40,2441,2955.2,2497.8,0,0,738650.258898734,0,0,0
161922.890631522,40,2426.2,2940.6,2508,0,0,738650.258899197,0,0,0
161922.930630589,40,2456.8,2931.2,2468.6,0,0,738650.25889966,0,0,0
161922.970629655,40,2505.6,2909.8,2418.6,0,0,738650.258900123,0,0,0
161923.010628721,40,2571.6,2874.6,2356.8,0,0,738650.258900586,0,0,0
161923.050627788,40,2649.4,2816,2299.8,0,0,738650.258901049,0,0,0
161923.090626854,40,2721.2,2754.4,2252,0,0,738650.258901512,0,0,0
161923.130625921,40,2781.8,2688.2,2218.8,0,0,738650.258901975,0,0,0
161923.170624987,40,2823.4,2641,2191,0,0,738650.258902438,0,0,0
161923.210624053,40,2849.2,2602,2177.4,0,0,738650.258902901,0,0,0
161923.25062312,40,2858.2,2585.8,2170,0,0,738650.258903364,0,0,0
161923.290622186,40,2840.2,2594,2175.4,0,0,738650.258903826,0,0,0
161923.330621253,40,2805,2610.8,2188.6,0,0,738650.258904289,0,0,0
161923.370620319,40,2766.2,2626,2198,0,0,738650.258904752,0,0,0
161923.410619385,40,2720.4,2639.6,2209,0,0,738650.258905215,0,0,0
161923.450618452,40,2664,2673.8,2243.4,0,0,738650.258905678,0,0,0
161923.490617518,40,2607.8,2728,2283.8,0,0,738650.258906141,0,0,0
161923.530616585,40,2541.2,2781.6,2335.6,0,0,738650.258906604,0,0,0
161923.570615651,40,2475.8,2827.6,2399.2,0,0,738650.258907067,0,0,0
161923.610614717,40,2405.6,2848.6,2478.8,0,0,738650.25890753,0,0,0
161923.650613784,40,2342.2,2851.8,2568,0,0,738650.258907993,0,0,0
161923.69061285,40,2291.4,2833.8,2660,0,0,738650.258908456,0,0,0
161923.730611917,40,2259.6,2811,2730.8,0,0,738650.258908919,0,0,0
161923.770610983,40,2249,2797.4,2753.2,0,0,738650.258909382,0,0,0
161923.810610049,40,2253.6,2805.2,2739.6,0,0,738650.258909845,0,0,0
161923.850609116,40,2264.4,2813.6,2717.8,0,0,738650.258910308,0,0,0
161923.890608182,40,2277.8,2814.6,2690,0,0,738650.258910771,0,0,0
161923.930607249,40,2302.8,2842.2,2648.2,0,0,738650.258911234,0,0,0
161923.970606315,40,2339.2,2872.6,2588.8,0,0,738650.258911697,0,0,0
161924.010605381,40,2389.4,2887,2521.4,0,0,738650.25891216,0,0,0
161924.050604448,40,2438,2878.6,2463.8,0,0,738650.258912623,0,0,0
161924.090603514,40,2486.2,2868.4,2411.4,0,0,738650.258913086,0,0,0
161924.130602581,40,2520.4,2846.8,2382.2,0,0,738650.258913549,0,0,0
161924.170601647,40,2540.2,2837,2358.8,0,0,738650.258914011,0,0,0
161924.210600713,40,2544,2832.2,2354.2,0,0,738650.258914474,0,0,0
161924.25059978,40,2543.4,2834.2,2358.2,0,0,738650.258914937,0,0,0
161924.290598846,40,2530.8,2844,2370,0,0,738650.2589154,0,0,0
161924.330597913,40,2523.4,2849.2,2376.6,0,0,738650.258915863,0,0,0
161924.370596979,40,2526.2,2861.6,2379.4,0,0,738650.258916326,0,0,0
161924.410596045,40,2521.6,2876.6,2391.4,0,0,738650.258916789,0,0,0
161924.450595112,40,2518.4,2896.8,2403.2,0,0,738650.258917252,0,0,0
161924.490594178,40,2522,2918.4,2408,0,0,738650.258917715,0,0,0
161924.530593245,40,2524.6,2943.8,2418,0,0,738650.258918178,0,0,0
161924.570592311,40,2519.4,2954.8,2428.6,0,0,738650.258918641,0,0,0
161924.610591377,40,2515.6,2971.8,2441.8,0,0,738650.258919104,0,0,0
161924.650590444,40,2506.6,2985,2453,0,0,738650.258919567,0,0,0
161924.69058951,40,2484.6,2979.6,2474,0,0,738650.25892003,0,0,0
161924.730588577,40,2448.2,2987,2510.4,0,0,738650.258920493,0,0,0
161924.770587643,40,2399.2,2982,2579.8,0,0,738650.258920956,0,0,0
161924.810586709,40,2332.4,2926.6,2660,0,0,738650.258921419,0,0,0
161924.850585776,40,2276.2,2865.8,2749,0,0,738650.258921882,0,0,0
161924.890584842,40,2234.8,2796.4,2806.8,0,0,738650.258922345,0,0,0
161924.930583909,40,2240.2,2789.6,2785.6,0,0,738650.258922808,0,0,0
161924.970582975,40,2280.2,2823.2,2674.8,0,0,738650.258923271,0,0,0
161925.010582041,40,2366,2857.4,2540.4,0,0,738650.258923733,0,0,0
161925.050581108,40,2472.2,2847.2,2414.8,0,0,738650.258924196,0,0,0
161925.090580174,40,2583.6,2776.2,2309.6,0,0,738650.258924659,0,0,0
161925.130579241,40,2680.4,2673.6,2236.8,0,0,738650.258925122,0,0,0
161925.170578307,40,2744.6,2575.8,2185.6,0,0,738650.258925585,0,0,0
161925.210577373,40,2771.6,2508.4,2154,0,0,738650.258926048,0,0,0
161925.25057644,40,2779,2466.2,2140.2,0,0,738650.258926511,0,0,0
161925.290575506,40,2775.6,2457,2138.8,0,0,738650.258926974,0,0,0
161925.330574573,40,2777.2,2472.2,2146,0,0,738650.258927437,0,0,0
161925.370573639,40,2781.4,2511.4,2157.6,0,0,738650.2589279,0,0,0
161925.410572705,40,2779.8,2546.4,2167.2,0,0,738650.258928363,0,0,0
161925.450571772,40,2794,2607.6,2188,0,0,738650.258928826,0,0,0
161925.490570838,40,2788.8,2680,2213.2,0,0,738650.258929289,0,0,0
161925.530569905,40,2752.2,2776.2,2254.8,0,0,738650.258929752,0,0,0
161925.570568971,40,2671.4,2873.6,2314,0,0,738650.258930215,0,0,0
161925.610568037,40,2568,2966.6,2404.4,0,0,738650.258930678,0,0,0
161925.650567104,40,2442.4,2992,2523,0,0,738650.258931141,0,0,0
161925.69056617,40,2327,2925.6,2660.6,0,0,738650.258931604,0,0,0
161925.730565237,40,2243.6,2800.8,2766.8,0,0,738650.258932067,0,0,0
161925.770564303,40,2221,2760.4,2799.6,0,0,738650.258932529,0,0,0
161925.810563369,40,2259.6,2802.6,2722.8,0,0,738650.258932992,0,0,0
161925.850562436,40,2332.8,2856.6,2595,0,0,738650.258933455,0,0,0
161925.890561502,40,2426.4,2875.2,2471.6,0,0,738650.258933918,0,0,0
161925.930560569,40,2522.8,2842.8,2370,0,0,738650.258934381,0,0,0
161925.970559635,40,2617.6,2788.2,2301.8,0,0,738650.258934844,0,0,0
161926.010558701,40,2695.4,2705.2,2244.2,0,0,738650.258935307,0,0,0
161926.050557768,40,2746.2,2634.8,2204.8,0,0,738650.25893577,0,0,0
161926.090556834,40,2777.8,2583.6,2182.6,0,0,738650.258936233,0,0,0
161926.130555901,40,2779.4,2555.6,2173.8,0,0,738650.258936696,0,0,0
161926.170554967,40,2764,2566.6,2178.4,0,0,738650.258937159,0,0,0
161926.210554033,40,2749.2,2604.4,2193.2,0,0,738650.258937622,0,0,0
161926.2505531,40,2731.2,2647.2,2212.8,0,0,738650.258938085,0,0,0
161926.290552166,40,2705.2,2700.8,2238,0,0,738650.258938548,0,0,0
161926.330551233,40,2667.4,2762,2273.2,0,0,738650.258939011,0,0,0
161926.370550299,40,2620.2,2826.6,2318,0,0,738650.258939474,0,0,0
161926.410549365,40,2566,2901.8,2376.4,0,0,738650.258939937,0,0,0
161926.450548432,40,2488.4,2951.4,2454.8,0,0,738650.2589404,0,0,0
161926.490547498,40,2406.2,2958.4,2543.8,0,0,738650.258940863,0,0,0
161926.530546565,40,2322.4,2914.4,2659.2,0,0,738650.258941326,0,0,0
161926.570545631,40,2260,2828.8,2768.6,0,0,738650.258941789,0,0,0
161926.610544697,40,2208.2,2730.4,2833.6,0,0,738650.258942252,0,0,0
161926.650543764,40,2205,2731,2849.4,0,0,738650.258942715,0,0,0
161926.69054283,40,2247.4,2805.4,2778.4,0,0,738650.258943177,0,0,0
161926.730541897,40,2322.6,2899.8,2651,0,0,738650.25894364,0,0,0
161926.770540963,40,2433.8,2955.4,2513.4,0,0,738650.258944103,0,0,0
161926.810540029,40,2556.4,2938.8,2394.6,0,0,738650.258944566,0,0,0
161926.850539096,40,2669.4,2844,2302,0,0,738650.258945029,0,0,0
161926.890538162,40,2754.6,2744.4,2246,0,0,738650.258945492,0,0,0
161926.930537229,40,2803.2,2660.6,2205.4,0,0,738650.258945955,0,0,0
161926.970536295,40,2825.8,2612.6,2185.8,0,0,738650.258946418,0,0,0
161927.010535361,40,2827.2,2588.2,2173.6,0,0,738650.258946881,0,0,0
161927.050534428,40,2804.8,2604.8,2185.8,0,0,738650.258947344,0,0,0
161927.090533494,40,2775,2638.2,2203.6,0,0,738650.258947807,0,0,0
161927.130532561,40,2745.6,2674.4,2220.2,0,0,738650.25894827,0,0,0
161927.170531627,40,2711.2,2733.4,2250.2,0,0,738650.258948733,0,0,0
161927.210530693,40,2665.2,2803.8,2294.4,0,0,738650.258949196,0,0,0
161927.25052976,40,2607.4,2888.2,2347.8,0,0,738650.258949659,0,0,0
161927.290528826,40,2534,2969.4,2425.6,0,0,738650.258950122,0,0,0
161927.330527893,40,2438,2997.6,2532.4,0,0,738650.258950585,0,0,0
161927.370526959,40,2345.2,2963.8,2664.8,0,0,738650.258951048,0,0,0
161927.410526025,40,2267.8,2875.6,2788,0,0,738650.258951511,0,0,0
161927.450525092,40,2224,2793.4,2858.2,0,0,738650.258951974,0,0,0
161927.490524158,40,2241,2813.2,2824.6,0,0,738650.258952437,0,0,0
161927.530523225,40,2292,2881.8,2711.4,0,0,738650.258952899,0,0,0
161927.570522291,40,2377.2,2938.4,2571.8,0,0,738650.258953362,0,0,0
161927.610521357,40,2485.4,2922.4,2441.4,0,0,738650.258953825,0,0,0
161927.650520424,40,2584.4,2862,2347,0,0,738650.258954288,0,0,0
161927.69051949,40,2676,2775.2,2278.8,0,0,738650.258954751,0,0,0
161927.730518557,40,2749.8,2702.8,2226,0,0,738650.258955214,0,0,0
161927.770517623,40,2795,2628.8,2191.6,0,0,738650.258955677,0,0,0
161927.810516689,40,2817.8,2585.2,2178.2,0,0,738650.25895614,0,0,0
161927.850515756,40,2825.8,2567.8,2167.2,0,0,738650.258956603,0,0,0
161927.890514822,40,2813.6,2579.2,2175.8,0,0,738650.258957066,0,0,0
161927.930513889,40,2805.8,2622.8,2191,0,0,738650.258957529,0,0,0
161927.970512955,40,2785.4,2664,2208.8,0,0,738650.258957992,0,0,0
161928.010512021,40,2766.2,2707.6,2227.8,0,0,738650.258958455,0,0,0
161928.050511088,40,2738.2,2787.8,2260,0,0,738650.258958918,0,0,0
161928.090510154,40,2696,2884.2,2307,0,0,738650.258959381,0,0,0
161928.130509221,40,2608.8,2964.8,2377.8,0,0,738650.258959844,0,0,0
161928.170508287,40,2496,3020.6,2479.4,0,0,738650.258960307,0,0,0
161928.210507353,40,2384.6,2989,2605.2,0,0,738650.25896077,0,0,0
161928.25050642,40,2294.8,2905.8,2734.2,0,0,738650.258961233,0,0,0
161928.290505486,40,2232.2,2791.2,2810.2,0,0,738650.258961695,0,0,0
161928.330504553,40,2231,2773,2796.6,0,0,738650.258962158,0,0,0
161928.370503619,40,2268.2,2807.2,2686.4,0,0,738650.258962621,0,0,0
161928.410502685,40,2343.2,2847.2,2571,0,0,738650.258963084,0,0,0
161928.450501752,40,2427.4,2847,2454.4,0,0,738650.258963547,0,0,0
161928.490500818,40,2517.6,2824.8,2372.6,0,0,738650.25896401,0,0,0
161928.530499885,40,2597,2762,2303.2,0,0,738650.258964473,0,0,0
161928.570498951,40,2666.6,2709,2253.6,0,0,738650.258964936,0,0,0
161928.610498017,40,2713.8,2656.8,2223,0,0,738650.258965399,0,0,0
161928.650497084,40,2735.8,2626.6,2205.4,0,0,738650.258965862,0,0,0
161928.69049615,40,2748,2631.4,2202.8,0,0,738650.258966325,0,0,0
161928.730495217,40,2739.8,2638.6,2213.6,0,0,738650.258966788,0,0,0
161928.770494283,40,2728.8,2675.2,2226.4,0,0,738650.258967251,0,0,0
161928.810493349,40,2716,2709.8,2241.6,0,0,738650.258967714,0,0,0
161928.850492416,40,2693.2,2757.6,2265.4,0,0,738650.258968177,0,0,0
161928.890491482,40,2663.8,2807,2295.4,0,0,738650.25896864,0,0,0
161928.930490549,40,2627.8,2877.2,2335.4,0,0,738650.258969103,0,0,0
161928.970489615,40,2574.2,2958.2,2390.6,0,0,738650.258969566,0,0,0
161929.010488681,40,2497.4,3008,2475.4,0,0,738650.258970029,0,0,0
161929.050487748,40,2410.6,3002.6,2570.2,0,0,738650.258970492,0,0,0
161929.090486814,40,2326.2,2958,2699,0,0,738650.258970955,0,0,0
161929.130485881,40,2258.8,2861.2,2820.2,0,0,738650.258971418,0,0,0
161929.170484947,40,2212.6,2761.4,2887.8,0,0,738650.25897188,0,0,0
161929.210484013,40,2210.4,2757,2872.4,0,0,738650.258972343,0,0,0
161929.25048308,40,2247.8,2771,2729.4,0,0,738650.258972806,0,0,0
161929.290482146,40,2302,2793.6,2602,0,0,738650.258973269,0,0,0
161929.330481213,40,2374.2,2797.8,2487,0,0,738650.258973732,0,0,0
161929.370480279,40,2462,2785.6,2390.4,0,0,738650.258974195,0,0,0
161929.410479345,40,2588.2,2777,2310,0,0,738650.258974658,0,0,0
161929.450478412,40,2698.4,2721,2251.4,0,0,738650.258975121,0,0,0
161929.490477478,40,2797.2,2672.2,2213,0,0,738650.258975584,0,0,0
161929.530476545,40,2868.6,2617.6,2180.4,0,0,738650.258976047,0,0,0
161929.570475611,40,2920.8,2586.8,2165.6,0,0,738650.25897651,0,0,0
161929.610474677,40,2937.2,2576.8,2158.4,0,0,738650.258976973,0,0,0
161929.650473744,40,2956,2604.4,2165,0,0,738650.258977436,0,0,0
161929.69047281,40,2964.4,2631,2175.6,0,0,738650.258977899,0,0,0
161929.730471877,40,2945.6,2674.4,2188.6,0,0,738650.258978362,0,0,0
161929.770470943,40,2911.8,2710.2,2201.4,0,0,738650.258978825,0,0,0
161929.810470009,40,2873,2758.6,2225,0,0,738650.258979288,0,0,0
161929.850469076,40,2807,2820.2,2257.8,0,0,738650.258979751,0,0,0
161929.890468142,40,2718.4,2893,2309.6,0,0,738650.258980214,0,0,0
161929.930467209,40,2608.8,2965,2380.4,0,0,738650.258980677,0,0,0
161929.970466275,40,2488,3008.8,2483,0,0,738650.25898114,0,0,0
161930.010465341,40,2378.4,2995,2622.2,0,0,738650.258981602,0,0,0
161930.050464408,40,2284,2887.4,2747.6,0,0,738650.258982065,0,0,0
161930.090463474,40,2227.2,2789.4,2830.4,0,0,738650.258982528,0,0,0
161930.130462541,40,2213,2750.6,2828.4,0,0,738650.258982991,0,0,0
161930.170461607,40,2249.4,2797.6,2743.2,0,0,738650.258983454,0,0,0
161930.210460673,40,2315.6,2868.4,2636.6,0,0,738650.258983917,0,0,0
161930.25045974,40,2412.4,2919,2510.4,0,0,738650.25898438,0,0,0
161930.290458806,40,2524.2,2918.6,2409.6,0,0,738650.258984843,0,0,0
161930.330457873,40,2654.2,2869.6,2319.2,0,0,738650.258985306,0,0,0
161930.370456939,40,2768.2,2795.8,2259.2,0,0,738650.258985769,0,0,0
161930.410456005,40,2842,2700.8,2210.4,0,0,738650.258986232,0,0,0
161930.450455072,40,2888.4,2627.6,2181.6,0,0,738650.258986695,0,0,0
161930.490454138,40,2892.4,2587.6,2171.8,0,0,738650.258987158,0,0,0
161930.530453205,40,2883.8,2579.8,2167.4,0,0,738650.258987621,0,0,0
161930.570452271,40,2850.4,2598.6,2176.2,0,0,738650.258988084,0,0,0
161930.610451337,40,2803,2625.2,2192,0,0,738650.258988547,0,0,0
161930.650450404,40,2759.6,2641.8,2206.8,0,0,738650.25898901,0,0,0
161930.69044947,40,2711.4,2667.2,2226.6,0,0,738650.258989473,0,0,0
161930.730448537,40,2674.6,2700.8,2253.4,0,0,738650.258989936,0,0,0
161930.770447603,40,2627.2,2752.2,2287.6,0,0,738650.258990399,0,0,0
161930.810446669,40,2575.2,2817,2336.2,0,0,738650.258990861,0,0,0
161930.850445736,40,2520,2892.8,2396.6,0,0,738650.258991324,0,0,0
161930.890444802,40,2447.6,2960.6,2497.2,0,0,738650.258991787,0,0,0
161930.930443869,40,2374.4,2971.2,2603,0,0,738650.25899225,0,0,0
161930.970442935,40,2321.8,2943.4,2688.4,0,0,738650.258992713,0,0,0
161931.010442001,40,2334.4,2959.6,2681.8,0,0,738650.258993176,0,0,0
161931.050441068,40,2386.8,2994.4,2601.6,0,0,738650.258993639,0,0,0
161931.090440134,40,2487.8,3033.2,2496.4,0,0,738650.258994102,0,0,0
161931.130439201,40,2606.4,3011.2,2399.2,0,0,738650.258994565,0,0,0
161931.170438267,40,2724.2,2938.4,2316.6,0,0,738650.258995028,0,0,0
161931.210437333,40,2812.8,2833,2255.4,0,0,738650.258995491,0,0,0
161931.2504364,40,2869,2732.6,2215,0,0,738650.258995954,0,0,0
161931.290435466,40,2892.4,2659.4,2188.4,0,0,738650.258996417,0,0,0
161931.330434533,40,2874,2610.2,2177,0,0,738650.25899688,0,0,0
161931.370433599,40,2836.6,2597.2,2177.4,0,0,738650.258997343,0,0,0
161931.410432665,40,2786.4,2598.6,2185.4,0,0,738650.258997806,0,0,0
161931.450431732,40,2744.8,2619.2,2199.4,0,0,738650.258998269,0,0,0
161931.490430798,40,2724.6,2651.8,2217.4,0,0,738650.258998732,0,0,0
161931.530429865,40,2701.2,2691,2238.8,0,0,738650.258999195,0,0,0
161931.570428931,40,2683,2769.4,2277.8,0,0,738650.258999658,0,0,0
161931.610427997,40,2639.6,2844.8,2314.4,0,0,738650.259000121,0,0,0
161931.650427064,40,2582.8,2926.2,2377.4,0,0,738650.259000584,0,0,0
161931.69042613,40,2510.2,2987.4,2453,0,0,738650.259001046,0,0,0
161931.730425197,40,2419.4,3000.4,2556.8,0,0,738650.259001509,0,0,0
161931.770424263,40,2327.6,2945,2676.6,0,0,738650.259001972,0,0,0
161931.810423329,40,2255.2,2849.6,2795.8,0,0,738650.259002435,0,0,0
161931.850422396,40,2209.6,2752.2,2867.8,0,0,738650.259002898,0,0,0
161931.890421462,40,2195.6,2720,2884.6,0,0,738650.259003361,0,0,0
161931.930420529,40,2236,2793.6,2818.6,0,0,738650.259003824,0,0,0
161931.970419595,40,2302.2,2896.4,2705,0,0,738650.259004287,0,0,0
161932.010418661,40,2399.4,2958.8,2565,0,0,738650.25900475,0,0,0
161932.050417728,40,2515.4,2967.4,2438,0,0,738650.259005213,0,0,0
161932.090416794,40,2634.2,2906.4,2343.6,0,0,738650.259005676,0,0,0
161932.130415861,40,2734,2819,2274.2,0,0,738650.259006139,0,0,0
161932.170414927,40,2797.4,2728.8,2229.8,0,0,738650.259006602,0,0,0
161932.210413993,40,2831.4,2658,2201,0,0,738650.259007065,0,0,0
161932.25041306,40,2836.6,2620.4,2188.4,0,0,738650.259007528,0,0,0
161932.290412126,40,2816.4,2608,2183.4,0,0,738650.259007991,0,0,0
161932.330411193,40,2783.2,2625,2192.8,0,0,738650.259008454,0,0,0
161932.370410259,40,2751.2,2638.8,2206.8,0,0,738650.259008917,0,0,0
161932.410409325,40,2729,2664.6,2223.2,0,0,738650.25900938,0,0,0
161932.450408392,40,2696,2699,2245.6,0,0,738650.259009843,0,0,0
161932.490407458,40,2662.6,2744.2,2269,0,0,738650.259010306,0,0,0
161932.530406525,40,2622.6,2800.2,2305.6,0,0,738650.259010768,0,0,0
161932.570405591,40,2572,2863.8,2359,0,0,738650.259011231,0,0,0
161932.610404657,40,2511.8,2916.8,2418.8,0,0,738650.259011694,0,0,0
161932.650403724,40,2431.4,2965,2523.2,0,0,738650.259012157,0,0,0
161932.69040279,40,2343.4,2953.2,2655.8,0,0,738650.25901262,0,0,0
161932.730401857,40,2262.8,2868.2,2793.6,0,0,738650.259013083,0,0,0
161932.770400923,40,2209.2,2769.4,2889.6,0,0,738650.259013546,0,0,0
161932.810399989,40,2222.2,2789.8,2882.4,0,0,738650.259014009,0,0,0
161932.850399056,40,2273.8,2892.6,2786,0,0,738650.259014472,0,0,0
161932.890398122,40,2378.2,3000.6,2631.2,0,0,738650.259014935,0,0,0
161932.930397189,40,2505.2,3035,2481.2,0,0,738650.259015398,0,0,0
161932.970396255,40,2643.2,2983.2,2369.6,0,0,738650.259015861,0,0,0
161933.010395321,40,2749.4,2874.4,2289.4,0,0,738650.259016324,0,0,0
161933.050394388,40,2827.2,2784.4,2239.4,0,0,738650.259016787,0,0,0
161933.090393454,40,2845.4,2704,2211,0,0,738650.25901725,0,0,0
161933.130392521,40,2835,2670.2,2206,0,0,738650.259017713,0,0,0
161933.170391587,40,2792.6,2667.2,2207.6,0,0,738650.259018176,0,0,0
161933.210390653,40,2740.8,2667.2,2218.6,0,0,738650.259018639,0,0,0
161933.25038972,40,2717,2680.8,2232.8,0,0,738650.259019102,0,0,0
161933.290388786,40,2691.2,2700,2245.6,0,0,738650.259019564,0,0,0
161933.330387853,40,2681.4,2729.4,2258.6,0,0,738650.259020027,0,0,0
161933.370386919,40,2674.8,2768.6,2278.6,0,0,738650.25902049,0,0,0
161933.410385985,40,2664.6,2826.8,2298.8,0,0,738650.259020953,0,0,0
161933.450385052,40,2642.2,2897.6,2336.4,0,0,738650.259021416,0,0,0
161933.490384118,40,2596,2967,2389,0,0,738650.259021879,0,0,0
161933.530383185,40,2521.6,3013.4,2460.2,0,0,738650.259022342,0,0,0
161933.570382251,40,2427,3017.8,2557.2,0,0,738650.259022805,0,0,0
161933.610381317,40,2345,2968.2,2658,0,0,738650.259023268,0,0,0
161933.650380384,40,2299.6,2910.2,2724.8,0,0,738650.259023731,0,0,0
161933.69037945,40,2308.4,2900.8,2690.6,0,0,738650.259024194,0,0,0
161933.730378517,40,2349.4,2899.2,2593.4,0,0,738650.259024657,0,0,0
161933.770377583,40,2421,2885,2481.2,0,0,738650.25902512,0,0,0
161933.810376649,40,2502.6,2854.2,2395.6,0,0,738650.259025583,0,0,0
161933.850375716,40,2576.6,2799.4,2330.6,0,0,738650.259026046,0,0,0
161933.890374782,40,2655.4,2751.8,2280.8,0,0,738650.259026509,0,0,0
161933.930373849,40,2712.6,2703.8,2241.8,0,0,738650.259026972,0,0,0
161933.970372915,40,2758.6,2652.6,2215.6,0,0,738650.259027435,0,0,0
161934.010371981,40,2792.8,2630.8,2202.8,0,0,738650.259027898,0,0,0
161934.050371048,40,2809.6,2630,2194.2,0,0,738650.259028361,0,0,0
161934.090370114,40,2816.8,2659.8,2203,0,0,738650.259028824,0,0,0
161934.130369181,40,2813.8,2698.2,2215.8,0,0,738650.259029287,0,0,0
161934.170368247,40,2803.6,2725,2228.4,0,0,738650.25902975,0,0,0
161934.210367313,40,2784.4,2769.8,2246.4,0,0,738650.259030212,0,0,0
161934.25036638,40,2752.8,2821.8,2273.6,0,0,738650.259030675,0,0,0
161934.290365446,40,2701.6,2876.2,2308.8,0,0,738650.259031138,0,0,0
161934.330364513,40,2629.8,2928.2,2358.6,0,0,738650.259031601,0,0,0
161934.370363579,40,2541,2961.2,2416.4,0,0,738650.259032064,0,0,0
161934.410362645,40,2455.6,2982,2501.4,0,0,738650.259032527,0,0,0
161934.450361712,40,2368.2,2950.2,2601.4,0,0,738650.25903299,0,0,0
161934.490360778,40,2301.6,2892,2681.6,0,0,738650.259033453,0,0,0
161934.530359845,40,2272.6,2835,2723.2,0,0,738650.259033916,0,0,0
161934.570358911,40,2291,2842,2684,0,0,738650.259034379,0,0,0
161934.610357977,40,2327.4,2864.8,2612.8,0,0,738650.259034842,0,0,0
161934.650357044,40,2399.2,2888.4,2518.6,0,0,738650.259035305,0,0,0
161934.69035611,40,2480.4,2889.6,2429,0,0,738650.259035768,0,0,0
161934.730355177,40,2569.2,2861.4,2356.6,0,0,738650.259036231,0,0,0
161934.770354243,40,2648.4,2806.2,2299,0,0,738650.259036694,0,0,0
161934.810353309,40,2719.8,2767.2,2262.8,0,0,738650.259037157,0,0,0
161934.850352376,40,2762.8,2717.6,2235,0,0,738650.25903762,0,0,0
161934.890351442,40,2786.8,2701.2,2223.6,0,0,738650.259038083,0,0,0
161934.930350509,40,2800.6,2701,2219.2,0,0,738650.259038546,0,0,0
161934.970349575,40,2783.6,2719.2,2227.4,0,0,738650.259039009,0,0,0
161935.010348641,40,2764.4,2750.6,2242.8,0,0,738650.259039472,0,0,0
161935.050347708,40,2744.6,2764.2,2253.8,0,0,738650.259039934,0,0,0
161935.090346774,40,2710.4,2774.6,2268.6,0,0,738650.259040397,0,0,0
161935.130345841,40,2680.8,2788.2,2284.2,0,0,738650.25904086,0,0,0
161935.170344907,40,2633.6,2797.4,2300.8,0,0,738650.259041323,0,0,0
161935.210343973,40,2587.8,2820.2,2332.6,0,0,738650.259041786,0,0,0
161935.25034304,40,2532.4,2845.6,2370.2,0,0,738650.259042249,0,0,0
161935.290342106,40,2465.2,2866.6,2430.6,0,0,738650.259042712,0,0,0
161935.330341173,40,2389.6,2865.4,2511.8,0,0,738650.259043175,0,0,0
161935.370340239,40,2311.4,2832,2616.4,0,0,738650.259043638,0,0,0
161935.410339305,40,2250.6,2773.2,2719.2,0,0,738650.259044101,0,0,0
161935.450338372,40,2217.2,2730.2,2790.6,0,0,738650.259044564,0,0,0
161935.490337438,40,2233.6,2773.2,2792,0,0,738650.259045027,0,0,0
161935.530336505,40,2263.2,2849.2,2762,0,0,738650.25904549,0,0,0
161935.570335571,40,2320,2947,2693.4,0,0,738650.259045953,0,0,0
161935.610334637,40,2402.2,3003.4,2591.4,0,0,738650.259046416,0,0,0
161935.650333704,40,2490,3025,2488.8,0,0,738650.259046879,0,0,0
161935.69033277,40,2586.8,2999,2403,0,0,738650.259047342,0,0,0
161935.730331837,40,2678.4,2955.4,2340.6,0,0,738650.259047805,0,0,0
161935.770330903,40,2754,2897.6,2292.4,0,0,738650.259048268,0,0,0
161935.810329969,40,2791.2,2836.2,2265.4,0,0,738650.25904873,0,0,0
161935.850329036,40,2815.6,2805,2250.6,0,0,738650.259049193,0,0,0
161935.890328102,40,2799.8,2792.2,2248,0,0,738650.259049656,0,0,0
161935.930327169,40,2772.2,2805.2,2261,0,0,738650.259050119,0,0,0
161935.970326235,40,2737.8,2809.4,2275,0,0,738650.259050582,0,0,0
161936.010325301,40,2696.2,2811.2,2281.8,0,0,738650.259051045,0,0,0
161936.050324368,40,2658.6,2815.6,2295.6,0,0,738650.259051508,0,0,0
161936.090323434,40,2628.2,2842,2317.4,0,0,738650.259051971,0,0,0
161936.130322501,40,2587.4,2877.6,2349.2,0,0,738650.259052434,0,0,0
161936.170321567,40,2531.8,2925,2402.8,0,0,738650.259052897,0,0,0
161936.210320633,40,2461.6,2972.6,2495,0,0,738650.25905336,0,0,0
161936.2503197,40,2376.8,2981.8,2611.4,0,0,738650.259053823,0,0,0
161936.290318766,40,2304.8,2930.8,2728.2,0,0,738650.259054286,0,0,0
161936.330317833,40,2261.2,2877,2813.6,0,0,738650.259054749,0,0,0
161936.370316899,40,2281.8,2908.8,2777,0,0,738650.259055212,0,0,0
161936.410315965,40,2340.2,2962.8,2669.4,0,0,738650.259055675,0,0,0
161936.450315032,40,2433,3023.4,2548.8,0,0,738650.259056138,0,0,0
161936.490314098,40,2531.4,2998.8,2442.2,0,0,738650.259056601,0,0,0
161936.530313165,40,2627.4,2963.6,2361.8,0,0,738650.259057064,0,0,0
161936.570312231,40,2695.8,2890.6,2309,0,0,738650.259057527,0,0,0
161936.610311297,40,2740.6,2822.4,2275.6,0,0,738650.25905799,0,0,0
161936.650310364,40,2758.8,2766.8,2252.4,0,0,738650.259058453,0,0,0
161936.69030943,40,2763.8,2747.8,2239.4,0,0,738650.259058915,0,0,0
161936.730308497,40,2753,2738,2241.2,0,0,738650.259059378,0,0,0
161936.770307563,40,2731.4,2741,2248.6,0,0,738650.259059841,0,0,0
161936.810306629,40,2718.2,2748.4,2257.8,0,0,738650.259060304,0,0,0
161936.850305696,40,2716,2764.4,2262.8,0,0,738650.259060767,0,0,0
161936.890304762,40,2711,2781.4,2268.4,0,0,738650.25906123,0,0,0
161936.930303829,40,2710.6,2793.4,2270.4,0,0,738650.259061693,0,0,0
161936.970302895,40,2710.8,2803.4,2273.8,0,0,738650.259062156,0,0,0
161937.010301961,40,2710.2,2815.8,2281,0,0,738650.259062619,0,0,0
161937.050301028,40,2705.4,2826,2284.6,0,0,738650.259063082,0,0,0
161937.090300094,40,2693.2,2832.4,2293,0,0,738650.259063545,0,0,0
161937.130299161,40,2685.4,2838.6,2295.8,0,0,738650.259064008,0,0,0
161937.170298227,40,2670.6,2836.4,2300.8,0,0,738650.259064471,0,0,0
161937.210297293,40,2656,2832.6,2305.2,0,0,738650.259064934,0,0,0
161937.25029636,40,2637.8,2821,2309,0,0,738650.259065397,0,0,0
161937.290295426,40,2616.6,2807.2,2309.8,0,0,738650.25906586,0,0,0
161937.330294493,40,2613.8,2808.8,2316.4,0,0,738650.259066323,0,0,0
161937.370293559,40,2603,2807,2320.6,0,0,738650.259066786,0,0,0
161937.410292625,40,2601.8,2811.8,2324.2,0,0,738650.259067249,0,0,0
161937.450291692,40,2589.2,2813,2329,0,0,738650.259067712,0,0,0
161937.490290758,40,2585.6,2824,2333.6,0,0,738650.259068175,0,0,0
161937.530289825,40,2590.8,2845.4,2339,0,0,738650.259068638,0,0,0
161937.570288891,40,2597.8,2869,2347.4,0,0,738650.2590691,0,0,0
161937.610287957,40,2595.4,2880.4,2353,0,0,738650.259069563,0,0,0
161937.650287024,40,2600,2900.4,2357.8,0,0,738650.259070026,0,0,0
161937.69028609,40,2597,2913,2366.6,0,0,738650.259070489,0,0,0
161937.730285157,40,2596,2923.6,2372.4,0,0,738650.259070952,0,0,0
161937.770284223,40,2596.6,2940.6,2375.8,0,0,738650.259071415,0,0,0
161937.810283289,40,2586.4,2940.2,2381.2,0,0,738650.259071878,0,0,0
