78046.9523416148,40,2700.4,2694.8,2245.2,0,0,738649.288112874,0,0,0
78046.9923406812,40,2697.6,2699.6,2246.6,0,0,738649.288113337,0,0,0
78047.0323397476,40,2691.6,2706.6,2251.6,0,0,738649.2881138,0,0,0
78047.072338814,40,2683.8,2711.2,2255.8,0,0,738649.288114263,0,0,0
78047.1123378804,40,2682.6,2719,2256.4,0,0,738649.288114726,0,0,0
78047.1523369468,40,2677.8,2728.4,2260.4,0,0,738649.288115189,0,0,0
78047.1923360132,40,2669.8,2731,2263.4,0,0,738649.288115652,0,0,0
78047.2323350796,40,2661.6,2735.4,2270.4,0,0,738649.288116115,0,0,0
78047.272334146,40,2656.6,2737.2,2274.4,0,0,738649.288116578,0,0,0
78047.3123332124,40,2648.6,2739.6,2274.6,0,0,738649.288117041,0,0,0
78047.3523322788,40,2644.4,2738.4,2277.4,0,0,738649.288117504,0,0,0
78047.3923313452,40,2644.8,2739.6,2277.4,0,0,738649.288117967,0,0,0
78047.4323304116,40,2641.6,2744.6,2275.6,0,0,738649.28811843,0,0,0
78047.472329478,40,2640.4,2747.4,2283,0,0,738649.288118893,0,0,0
78047.5123285444,40,2640,2745.2,2279.6,0,0,738649.288119356,0,0,0
78047.5523276108,40,2642,2735,2279.6,0,0,738649.288119818,0,0,0
78047.5923266772,40,2672.4,2712.6,2258.6,0,0,738649.288120281,0,0,0
78047.6323257436,40,2703.8,2658,2229.8,0,0,738649.288120744,0,0,0
78047.67232481,40,2733,2579.4,2192,0,0,738649.288121207,0,0,0
78047.7123238764,40,2755.6,2497,2158.4,0,0,738649.28812167,0,0,0
78047.7523229428,40,2760.2,2422.2,2126.6,0,0,738649.288122133,0,0,0
78047.7923220092,40,2753.6,2371.4,2107,0,0,738649.288122596,0,0,0
78047.8323210756,40,2742,2334.8,2100,0,0,738649.288123059,0,0,0
78047.872320142,40,2735.2,2316.4,2090.2,0,0,738649.288123522,0,0,0
78047.9123192084,40,2733.6,2310.4,2090,0,0,738649.288123985,0,0,0
78047.9523182748,40,2732.6,2325,2094,0,0,738649.288124448,0,0,0
78047.9923173412,40,2743.2,2333.8,2096.8,0,0,738649.288124911,0,0,0
78048.0323164076,40,2755.4,2336.8,2097.6,0,0,738649.288125374,0,0,0
78048.072315474,40,2765.4,2344.8,2097.2,0,0,738649.288125837,0,0,0
78048.1123145404,40,2767.2,2350.6,2101.8,0,0,738649.2881263,0,0,0
78048.1523136068,40,2765.4,2353.6,2101.6,0,0,738649.288126763,0,0,0
78048.1923126732,40,2762.6,2356,2102,0,0,738649.288127226,0,0,0
78048.2323117396,40,2765.2,2362.6,2104.8,0,0,738649.288127689,0,0,0
78048.272310806,40,2769.2,2366.4,2108.4,0,0,738649.288128152,0,0,0
78048.3123098724,40,2776.2,2365.8,2106,0,0,738649.288128615,0,0,0
78048.3523089388,40,2782.4,2372.2,2110.6,0,0,738649.288129078,0,0,0
78048.3923080052,40,2786,2378.6,2109.6,0,0,738649.288129541,0,0,0
78048.4323070716,40,2785.6,2386.8,2111.6,0,0,738649.288130003,0,0,0
78048.472306138,40,2794.4,2388.8,2112.6,0,0,738649.288130466,0,0,0
78048.5123052044,40,2790.8,2396.2,2114.2,0,0,738649.288130929,0,0,0
78048.5523042708,40,2792.4,2401.2,2116.6,0,0,738649.288131392,0,0,0
78048.5923033372,40,2792.4,2404.6,2119.6,0,0,738649.288131855,0,0,0
78048.6323024036,40,2793.4,2412,2120,0,0,738649.288132318,0,0,0
78048.67230147,40,2798,2416.4,2120.6,0,0,738649.288132781,0,0,0
78048.7123005364,40,2800,2419.2,2123.2,0,0,738649.288133244,0,0,0
78048.7522996028,40,2802.6,2422.6,2124,0,0,738649.288133707,0,0,0
78048.7922986692,40,2800.6,2430.2,2130.6,0,0,738649.28813417,0,0,0
78048.8322977356,40,2802.4,2437.6,2131.8,0,0,738649.288134633,0,0,0
78048.872296802,40,2804.2,2441.4,2133,0,0,738649.288135096,0,0,0
78048.9122958684,40,2804.8,2448.8,2134.4,0,0,738649.288135559,0,0,0
78048.9522949348,40,2805.6,2451.4,2138.6,0,0,738649.288136022,0,0,0
78048.9922940012,40,2808,2458.4,2139.4,0,0,738649.288136485,0,0,0
78049.0322930676,40,2807,2469.4,2140,0,0,738649.288136948,0,0,0
78049.072292134,40,2806.8,2470.6,2139.4,0,0,738649.288137411,0,0,0
78049.1122912004,40,2804.8,2473,2147,0,0,738649.288137874,0,0,0
78049.1522902668,40,2809.8,2481.4,2147.6,0,0,738649.288138337,0,0,0
78049.1922893332,40,2803.8,2488.8,2150.2,0,0,738649.288138799,0,0,0
78049.2322883996,40,2805.2,2490.6,2149.4,0,0,738649.288139262,0,0,0
78049.272287466,40,2801.2,2494.2,2150.8,0,0,738649.288139725,0,0,0
78049.3122865324,40,2795.6,2502.8,2154.8,0,0,738649.288140188,0,0,0
78049.3522855988,40,2796,2510.4,2155,0,0,738649.288140651,0,0,0
78049.3922846652,40,2797.8,2516.4,2160,0,0,738649.288141114,0,0,0
78049.4322837316,40,2797.2,2520.4,2164.4,0,0,738649.288141577,0,0,0
78049.472282798,40,2795.2,2529.4,2163,0,0,738649.28814204,0,0,0
78049.5122818644,40,2790.4,2531.4,2165.4,0,0,738649.288142503,0,0,0
78049.5522809308,40,2789.2,2537.2,2168.8,0,0,738649.288142966,0,0,0
78049.5922799972,40,2782.6,2544.8,2173,0,0,738649.288143429,0,0,0
78049.6322790636,40,2784,2551.2,2176,0,0,738649.288143892,0,0,0
78049.67227813,40,2783.8,2558.2,2176.4,0,0,738649.288144355,0,0,0
78049.7122771964,40,2781.8,2560.8,2181,0,0,738649.288144818,0,0,0
78049.7522762628,40,2774.6,2570.4,2180.2,0,0,738649.288145281,0,0,0
78049.7922753292,40,2774,2574.2,2183,0,0,738649.288145744,0,0,0
78049.8322743956,40,2774.4,2582.6,2186.8,0,0,738649.288146207,0,0,0
78049.872273462,40,2770,2584,2191.8,0,0,738649.28814667,0,0,0
78049.9122725284,40,2769.6,2592,2192.2,0,0,738649.288147133,0,0,0
78049.9522715948,40,2765.6,2599.8,2196.4,0,0,738649.288147596,0,0,0
78049.9922706612,40,2757.6,2606.4,2197,0,0,738649.288148059,0,0,0
78050.0322697276,40,2753.6,2612.2,2198.6,0,0,738649.288148521,0,0,0
78050.072268794,40,2749.2,2620,2203.8,0,0,738649.288148984,0,0,0
78050.1122678604,40,2747.8,2624.2,2205.2,0,0,738649.288149447,0,0,0
78050.1522669268,40,2746.6,2634.8,2211.4,0,0,738649.28814991,0,0,0
78050.1922659932,40,2746.8,2646.4,2213.8,0,0,738649.288150373,0,0,0
78050.2322650596,40,2744.2,2650.6,2217.4,0,0,738649.288150836,0,0,0
78050.272264126,40,2736.4,2659.6,2224.6,0,0,738649.288151299,0,0,0
78050.3122631924,40,2723.4,2667.8,2225.8,0,0,738649.288151762,0,0,0
78050.3522622588,40,2695.4,2678.2,2239.8,0,0,738649.288152225,0,0,0
78050.3922613253,40,2671.8,2708.4,2255.8,0,0,738649.288152688,0,0,0
78050.4322603916,40,2642.2,2737.2,2278,0,0,738649.288153151,0,0,0
78050.472259458,40,2598.6,2774.8,2307.8,0,0,738649.288153614,0,0,0
78050.5122585244,40,2546.4,2810.4,2345.2,0,0,738649.288154077,0,0,0
78050.5522575908,40,2484.4,2834,2398.8,0,0,738649.28815454,0,0,0
78050.5922566572,40,2425.2,2841,2457.2,0,0,738649.288155003,0,0,0
78050.6322557236,40,2362.2,2833,2525.6,0,0,738649.288155466,0,0,0
78050.67225479,40,2310.6,2805,2594.4,0,0,738649.288155929,0,0,0
78050.7122538564,40,2265.2,2765.4,2666.8,0,0,738649.288156392,0,0,0
78050.7522529228,40,2238.6,2732.6,2717,0,0,738649.288156855,0,0,0
78050.7922519892,40,2228.4,2716.6,2722.6,0,0,738649.288157318,0,0,0
78050.8322510556,40,2239.4,2721.8,2682.4,0,0,738649.288157781,0,0,0
78050.872250122,40,2268.6,2744.2,2634.2,0,0,738649.288158244,0,0,0
78050.9122491884,40,2324.2,2795.2,2561.8,0,0,738649.288158706,0,0,0
78050.9522482548,40,2412,2836.8,2466.4,0,0,738649.288159169,0,0,0
78050.9922473212,40,2537.4,2829.2,2360.6,0,0,738649.288159632,0,0,0
78051.0322463876,40,2674.8,2757.6,2271,0,0,738649.288160095,0,0,0
78051.072245454,40,2795.8,2645.2,2201.2,0,0,738649.288160558,0,0,0
78051.1122445204,40,2849.8,2529.8,2149.8,0,0,738649.288161021,0,0,0
78051.1522435868,40,2848.2,2432,2121.4,0,0,738649.288161484,0,0,0
78051.1922426532,40,2810.8,2356.2,2097.2,0,0,738649.288161947,0,0,0
78051.2322417196,40,2745.2,2306.4,2085,0,0,738649.28816241,0,0,0
78051.272240786,40,2682.8,2268.4,2077.8,0,0,738649.288162873,0,0,0
78051.3122398524,40,2631.8,2252.2,2072,0,0,738649.288163336,0,0,0
78051.3522389188,40,2642,2254,2072.8,0,0,738649.288163799,0,0,0
78051.3922379852,40,2688.8,2279,2080.6,0,0,738649.288164262,0,0,0
78051.4322370516,40,2772,2325.2,2088.6,0,0,738649.288164725,0,0,0
78051.472236118,40,2851,2401.2,2111,0,0,738649.288165188,0,0,0
78051.5122351844,40,2878.6,2520.2,2149.2,0,0,738649.288165651,0,0,0
78051.5522342508,40,2802.8,2668,2210.8,0,0,738649.288166114,0,0,0
78051.5922333172,40,2651.2,2814.2,2308,0,0,738649.288166577,0,0,0
78051.6322323836,40,2469.8,2876.4,2434.8,0,0,738649.28816704,0,0,0
78051.67223145,40,2324.4,2824.6,2586.8,0,0,738649.288167502,0,0,0
78051.7122305164,40,2231,2711.8,2711.8,0,0,738649.288167965,0,0,0
78051.7522295828,40,2194.6,2621,2725.4,0,0,738649.288168428,0,0,0
78051.7922286492,40,2222.4,2680.4,2701.6,0,0,738649.288168891,0,0,0
78051.8322277156,40,2284,2751.6,2596,0,0,738649.288169354,0,0,0
78051.872226782,40,2412.2,2823.8,2462.2,0,0,738649.288169817,0,0,0
78051.9122258484,40,2578.2,2802.2,2326.8,0,0,738649.28817028,0,0,0
78051.9522249148,40,2738.8,2685.6,2229,0,0,738649.288170743,0,0,0
78051.9922239812,40,2838.2,2546.8,2164.8,0,0,738649.288171206,0,0,0
78052.0322230476,40,2854.2,2431.4,2120.8,0,0,738649.288171669,0,0,0
78052.072222114,40,2813.4,2343.6,2095,0,0,738649.288172132,0,0,0
78052.1122211804,40,2721.8,2273.4,2071.8,0,0,738649.288172595,0,0,0
78052.1522202468,40,2640,2224,2055.8,0,0,738649.288173058,0,0,0
78052.1922193132,40,2624.6,2213.4,2053.4,0,0,738649.288173521,0,0,0
78052.2322183796,40,2708.6,2244.4,2062,0,0,738649.288173984,0,0,0
78052.272217446,40,2859.2,2328.8,2086.6,0,0,738649.288174447,0,0,0
78052.3122165124,40,2954.8,2525.2,2140,0,0,738649.28817491,0,0,0
78052.3522155788,40,2811.2,2864.2,2273.4,0,0,738649.288175373,0,0,0
78052.3922146452,40,2458,3052.6,2549.6,0,0,738649.288175836,0,0,0
78052.4322137116,40,2233.8,2817.6,2893.2,0,0,738649.288176299,0,0,0
78052.472212778,40,2217.6,2741.2,2839.6,0,0,738649.288176762,0,0,0
78052.5122118444,40,2337.2,2971.2,2693.4,0,0,738649.288177225,0,0,0
78052.5522109108,40,2517,3007.2,2460.8,0,0,738649.288177687,0,0,0
78052.5922099772,40,2716.8,2900.4,2313.6,0,0,738649.28817815,0,0,0
78052.6322090436,40,2875.4,2709,2209.8,0,0,738649.288178613,0,0,0
78052.67220811,40,2931.6,2536,2153.6,0,0,738649.288179076,0,0,0
78052.7122071764,40,2870,2406.4,2110.6,0,0,738649.288179539,0,0,0
78052.7522062428,40,2808,2322.2,2087,0,0,738649.288180002,0,0,0
78052.7922053092,40,2709.4,2250.2,2064.8,0,0,738649.288180465,0,0,0
78052.8322043756,40,2633.8,2220.2,2057.6,0,0,738649.288180928,0,0,0
78052.872203442,40,2668.6,2226.4,2053.6,0,0,738649.288181391,0,0,0
78052.9122025084,40,2775.4,2272.8,2067.8,0,0,738649.288181854,0,0,0
78052.9522015748,40,2921.8,2393.4,2106.2,0,0,738649.288182317,0,0,0
78052.9922006412,40,2926.4,2628.4,2175.4,0,0,738649.28818278,0,0,0
78053.0321997076,40,2670.2,2914,2330,0,0,738649.288183243,0,0,0
78053.072198774,40,2375.6,2985.2,2621,0,0,738649.288183706,0,0,0
78053.1121978404,40,2230.2,2821,2907.6,0,0,738649.288184169,0,0,0
78053.1521969068,40,2260,2845.4,2791.4,0,0,738649.288184632,0,0,0
78053.1921959732,40,2399.4,2993.2,2586,0,0,738649.288185095,0,0,0
78053.2321950396,40,2592,2950.4,2389,0,0,738649.288185558,0,0,0
78053.272194106,40,2767.6,2789.2,2261.6,0,0,738649.288186021,0,0,0
78053.3121931724,40,2846,2588.8,2173.6,0,0,738649.288186484,0,0,0
78053.3521922388,40,2863.8,2448,2121.8,0,0,738649.288186947,0,0,0
78053.3921913052,40,2806.2,2345.6,2092.8,0,0,738649.28818741,0,0,0
78053.4321903716,40,2717.4,2268.8,2069.8,0,0,738649.288187872,0,0,0
78053.472189438,40,2636.4,2220.4,2059.4,0,0,738649.288188335,0,0,0
78053.5121885044,40,2650,2221.6,2058.2,0,0,738649.288188798,0,0,0
78053.5521875708,40,2768,2274.6,2068.4,0,0,738649.288189261,0,0,0
78053.5921866372,40,2914.8,2398.2,2107.4,0,0,738649.288189724,0,0,0
78053.6321857036,40,2909.6,2633.6,2181,0,0,738649.288190187,0,0,0
78053.67218477,40,2671.4,2930.8,2339.4,0,0,738649.28819065,0,0,0
78053.7121838364,40,2382,3000.8,2625.6,0,0,738649.288191113,0,0,0
78053.7521829028,40,2260.8,2883,2839.4,0,0,738649.288191576,0,0,0
78053.7921819692,40,2319.4,2925.6,2691,0,0,738649.288192039,0,0,0
78053.8321810356,40,2497,3041.8,2495.6,0,0,738649.288192502,0,0,0
78053.872180102,40,2710.2,2942.8,2329.2,0,0,738649.288192965,0,0,0
78053.9121791684,40,2881.2,2739.8,2218.2,0,0,738649.288193428,0,0,0
78053.9521782348,40,2965.2,2558.4,2148.8,0,0,738649.288193891,0,0,0
78053.9921773012,40,2933,2418,2108.2,0,0,738649.288194354,0,0,0
78054.0321763676,40,2840.4,2319.2,2081.8,0,0,738649.288194817,0,0,0
78054.072175434,40,2738.2,2253,2064.6,0,0,738649.28819528,0,0,0
78054.1121745004,40,2646,2214,2052.6,0,0,738649.288195743,0,0,0
78054.1521735668,40,2691.4,2224.4,2056.6,0,0,738649.288196206,0,0,0
78054.1921726332,40,2820.8,2290.4,2074.6,0,0,738649.288196668,0,0,0
78054.2321716996,40,2925,2420.4,2110.8,0,0,738649.288197131,0,0,0
78054.272170766,40,2874.4,2650.4,2191.6,0,0,738649.288197594,0,0,0
78054.3121698324,40,2628.4,2903.6,2349.2,0,0,738649.288198057,0,0,0
78054.3521688988,40,2354.6,2920.4,2613.6,0,0,738649.28819852,0,0,0
78054.3921679652,40,2224.4,2706,2753.6,0,0,738649.288198983,0,0,0
78054.4321670316,40,2274.6,2872.8,2783.4,0,0,738649.288199446,0,0,0
78054.472166098,40,2425.2,3006,2557.2,0,0,738649.288199909,0,0,0
78054.5121651644,40,2629.2,2944,2366.6,0,0,738649.288200372,0,0,0
78054.5521642308,40,2787,2761.2,2246.4,0,0,738649.288200835,0,0,0
78054.5921632972,40,2817.2,2543.6,2162,0,0,738649.288201298,0,0,0
78054.6321623636,40,2797.4,2409,2118.4,0,0,738649.288201761,0,0,0
78054.67216143,40,2736.2,2316,2087,0,0,738649.288202224,0,0,0
78054.7121604964,40,2651.2,2248.8,2070.2,0,0,738649.288202687,0,0,0
78054.7521595628,40,2606.6,2217.4,2057.2,0,0,738649.28820315,0,0,0
78054.7921586292,40,2663.6,2229.4,2056,0,0,738649.288203613,0,0,0
78054.8321576956,40,2798.6,2293.4,2074.2,0,0,738649.288204076,0,0,0
78054.872156762,40,2932.8,2448.2,2115.8,0,0,738649.288204539,0,0,0
78054.9121558284,40,2848.2,2691.8,2208.4,0,0,738649.288205002,0,0,0
78054.9521548948,40,2577.4,2932.8,2386,0,0,738649.288205465,0,0,0
78054.9921539612,40,2321.4,2929,2686.2,0,0,738649.288205928,0,0,0
78055.0321530276,40,2243,2825.6,2824.8,0,0,738649.288206391,0,0,0
78055.072152094,40,2333.6,2927.8,2663,0,0,738649.288206853,0,0,0
78055.1121511604,40,2511,2988.2,2457.6,0,0,738649.288207316,0,0,0
78055.1521502268,40,2702,2877.6,2304.4,0,0,738649.288207779,0,0,0
78055.1921492932,40,2816.2,2702.2,2217,0,0,738649.288208242,0,0,0
78055.2321483596,40,2897.8,2530.4,2151.6,0,0,738649.288208705,0,0,0
78055.272147426,40,2854.6,2397.4,2109.6,0,0,738649.288209168,0,0,0
78055.3121464924,40,2787.4,2310,2081.4,0,0,738649.288209631,0,0,0
78055.3521455588,40,2688.4,2246.6,2065.6,0,0,738649.288210094,0,0,0
78055.3921446252,40,2643.2,2220.4,2054.8,0,0,738649.288210557,0,0,0
78055.4321436916,40,2724.8,2250,2063.6,0,0,738649.28821102,0,0,0
78055.472142758,40,2821,2324.4,2085,0,0,738649.288211483,0,0,0
78055.5121418244,40,2880.2,2488.8,2135.4,0,0,738649.288211946,0,0,0
78055.5521408908,40,2762,2753.8,2248.8,0,0,738649.288212409,0,0,0
78055.5921399572,40,2470.6,2937.8,2464.8,0,0,738649.288212872,0,0,0
78055.6321390236,40,2264.4,2803.6,2727.6,0,0,738649.288213335,0,0,0
78055.67213809,40,2264,2828.6,2752.4,0,0,738649.288213798,0,0,0
78055.7121371564,40,2392,2953.4,2568.8,0,0,738649.288214261,0,0,0
78055.7521362228,40,2561,2897.4,2376.2,0,0,738649.288214724,0,0,0
78055.7921352892,40,2681.6,2726.2,2250.8,0,0,738649.288215187,0,0,0
78055.8321343556,40,2767.4,2566,2176.6,0,0,738649.28821565,0,0,0
78055.872133422,40,2804.4,2445.8,2129.6,0,0,738649.288216113,0,0,0
78055.9121324884,40,2792,2350.2,2097.4,0,0,738649.288216576,0,0,0
78055.9521315548,40,2714,2274.2,2073.4,0,0,738649.288217038,0,0,0
78055.9921306212,40,2652.8,2227.8,2060.6,0,0,738649.288217501,0,0,0
78056.0321296877,40,2657.4,2233,2059.8,0,0,738649.288217964,0,0,0
78056.072128754,40,2764.8,2275.8,2069.2,0,0,738649.288218427,0,0,0
78056.1121278204,40,2896,2394.2,2105.8,0,0,738649.28821889,0,0,0
78056.1521268868,40,2895,2638,2181.2,0,0,738649.288219353,0,0,0
78056.1921259532,40,2629,2908.6,2345.6,0,0,738649.288219816,0,0,0
78056.2321250196,40,2341.2,2936.4,2646.4,0,0,738649.288220279,0,0,0
78056.272124086,40,2254.6,2825.8,2812.2,0,0,738649.288220742,0,0,0
78056.3121231524,40,2337.6,2943.2,2673.6,0,0,738649.288221205,0,0,0
78056.3521222188,40,2502.2,2985.2,2460,0,0,738649.288221668,0,0,0
78056.3921212852,40,2675.6,2867.6,2314.8,0,0,738649.288222131,0,0,0
78056.4321203516,40,2802.2,2690.6,2217.6,0,0,738649.288222594,0,0,0
78056.472119418,40,2841.8,2525.6,2153,0,0,738649.288223057,0,0,0
78056.5121184844,40,2820,2406,2114.2,0,0,738649.28822352,0,0,0
78056.5521175508,40,2757,2326.4,2087.2,0,0,738649.288223983,0,0,0
78056.5921166172,40,2683.6,2264.6,2070.8,0,0,738649.288224446,0,0,0
78056.6321156836,40,2656.2,2233.6,2060.6,0,0,738649.288224909,0,0,0
78056.6721147501,40,2731.4,2265.8,2068.4,0,0,738649.288225372,0,0,0
78056.7121138164,40,2864.4,2354,2091.8,0,0,738649.288225834,0,0,0
78056.7521128828,40,2924,2558.6,2154.2,0,0,738649.288226297,0,0,0
78056.7921119492,40,2722,2855.6,2293.6,0,0,738649.28822676,0,0,0
78056.8321110156,40,2404.8,2980.8,2569.8,0,0,738649.288227223,0,0,0
78056.872110082,40,2243.6,2823,2853.8,0,0,738649.288227686,0,0,0
78056.9121091484,40,2269.8,2891.2,2795,0,0,738649.288228149,0,0,0
78056.9521082148,40,2418.2,3002,2564.8,0,0,738649.288228612,0,0,0
78056.9921072812,40,2601,2924,2371.4,0,0,738649.288229075,0,0,0
78057.0321063476,40,2712.8,2730.8,2248.8,0,0,738649.288229538,0,0,0
78057.072105414,40,2817,2594.8,2177.8,0,0,738649.288230001,0,0,0
78057.1121044804,40,2809.2,2444.8,2129.8,0,0,738649.288230464,0,0,0
78057.1521035468,40,2781.4,2357,2098.2,0,0,738649.288230927,0,0,0
78057.1921026132,40,2697,2281,2076.6,0,0,738649.28823139,0,0,0
78057.2321016796,40,2646.8,2236.2,2063.2,0,0,738649.288231853,0,0,0
78057.272100746,40,2678,2237.4,2064,0,0,738649.288232316,0,0,0
78057.3120998124,40,2800.6,2295.2,2078,0,0,738649.288232779,0,0,0
78057.3520988788,40,2926.2,2438,2115.6,0,0,738649.288233242,0,0,0
78057.3920979452,40,2868.6,2718.6,2210.6,0,0,738649.288233705,0,0,0
78057.4320970116,40,2569.6,2976.2,2413.6,0,0,738649.288234168,0,0,0
78057.472096078,40,2291.4,2905.8,2750.6,0,0,738649.288234631,0,0,0
78057.5120951444,40,2217.4,2772.4,2896,0,0,738649.288235094,0,0,0
78057.5520942108,40,2294.8,2918.8,2735.8,0,0,738649.288235556,0,0,0
78057.5920932772,40,2471.4,2977.2,2486.4,0,0,738649.288236019,0,0,0
78057.6320923436,40,2659.8,2858,2319,0,0,738649.288236482,0,0,0
78057.67209141,40,2769.6,2660.4,2212,0,0,738649.288236945,0,0,0
78057.7120904764,40,2855.4,2509,2149.6,0,0,738649.288237408,0,0,0
78057.7520895428,40,2829.2,2381.4,2108.2,0,0,738649.288237871,0,0,0
78057.7920886092,40,2740.4,2292.2,2078.2,0,0,738649.288238334,0,0,0
78057.8320876756,40,2647,2231.4,2063.4,0,0,738649.288238797,0,0,0
78057.872086742,40,2642.2,2216.6,2056,0,0,738649.28823926,0,0,0
78057.9120858084,40,2756.8,2254.6,2069.6,0,0,738649.288239723,0,0,0
78057.9520848748,40,2900.4,2350.2,2092.6,0,0,738649.288240186,0,0,0
78057.9920839412,40,2988.4,2571.6,2156.4,0,0,738649.288240649,0,0,0
78058.0320830076,40,2757.6,2881.8,2293,0,0,738649.288241112,0,0,0
78058.072082074,40,2411.6,3038.4,2593.6,0,0,738649.288241575,0,0,0
78058.1120811404,40,2224.8,2803.6,2914,0,0,738649.288242038,0,0,0
78058.1520802068,40,2227.6,2792,2865.8,0,0,738649.288242501,0,0,0
78058.1920792732,40,2345.4,2962.8,2664.6,0,0,738649.288242964,0,0,0
78058.2320783396,40,2529.8,2977.8,2438.6,0,0,738649.288243427,0,0,0
78058.272077406,40,2711.8,2850.8,2292.8,0,0,738649.28824389,0,0,0
78058.3120764724,40,2837.6,2655.8,2198,0,0,738649.288244353,0,0,0
78058.3520755388,40,2898.8,2498.8,2140,0,0,738649.288244816,0,0,0
78058.3920746052,40,2884.2,2378.8,2104.2,0,0,738649.288245279,0,0,0
78058.4320736716,40,2782,2295.2,2076.4,0,0,738649.288245741,0,0,0
78058.472072738,40,2682.6,2233.8,2059,0,0,738649.288246204,0,0,0
78058.5120718044,40,2718,2241.4,2061.6,0,0,738649.288246667,0,0,0
78058.5520708708,40,2867.2,2318.4,2082.6,0,0,738649.28824713,0,0,0
78058.5920699372,40,2976.2,2484.8,2130,0,0,738649.288247593,0,0,0
78058.6320690036,40,2821.6,2766.6,2241,0,0,738649.288248056,0,0,0
78058.67206807,40,2508.2,2995.4,2470.2,0,0,738649.288248519,0,0,0
78058.7120671364,40,2257,2881.4,2847,0,0,738649.288248982,0,0,0
78058.7520662028,40,2210,2777.6,2931.4,0,0,738649.288249445,0,0,0
78058.7920652692,40,2311.2,2937.6,2715.4,0,0,738649.288249908,0,0,0
78058.8320643356,40,2484.6,2935.2,2459.2,0,0,738649.288250371,0,0,0
78058.872063402,40,2648.2,2791.8,2297,0,0,738649.288250834,0,0,0
78058.9120624684,40,2769,2639.8,2210.4,0,0,738649.288251297,0,0,0
78058.9520615348,40,2824.8,2478.6,2141.6,0,0,738649.28825176,0,0,0
78058.9920606012,40,2809,2366.2,2101.2,0,0,738649.288252223,0,0,0
78059.0320596676,40,2735.8,2280.2,2076.8,0,0,738649.288252686,0,0,0
78059.072058734,40,2657.8,2220.8,2059.4,0,0,738649.288253149,0,0,0
78059.1120578004,40,2664.6,2219.4,2055.2,0,0,738649.288253612,0,0,0
78059.1520568668,40,2805.2,2271.4,2073,0,0,738649.288254075,0,0,0
78059.1920559332,40,2931.2,2389,2106.2,0,0,738649.288254538,0,0,0
78059.2320549996,40,2910.6,2643.8,2185.8,0,0,738649.288255,0,0,0
78059.272054066,40,2641.6,2954.2,2361.4,0,0,738649.288255463,0,0,0
78059.3120531324,40,2332,2984,2706.2,0,0,738649.288255926,0,0,0
78059.3520521988,40,2263.2,2868.8,2834.8,0,0,738649.288256389,0,0,0
78059.3920512652,40,2362,2978.2,2648.8,0,0,738649.288256852,0,0,0
78059.4320503316,40,2528.8,2935.6,2423.4,0,0,738649.288257315,0,0,0
78059.472049398,40,2692,2803.2,2288.8,0,0,738649.288257778,0,0,0
78059.5120484644,40,2804.2,2631.8,2198.6,0,0,738649.288258241,0,0,0
78059.5520475308,40,2901.8,2501.6,2144,0,0,738649.288258704,0,0,0
78059.5920465972,40,2867.4,2382.2,2105.6,0,0,738649.288259167,0,0,0
78059.6320456636,40,2786.6,2296.6,2078.2,0,0,738649.28825963,0,0,0
78059.67204473,40,2686.2,2234.4,2062.8,0,0,738649.288260093,0,0,0
78059.7120437964,40,2663.4,2218.6,2053.8,0,0,738649.288260556,0,0,0
78059.7520428628,40,2758.8,2257.8,2064.8,0,0,738649.288261019,0,0,0
78059.7920419292,40,2926.4,2351.6,2090.8,0,0,738649.288261482,0,0,0
78059.8320409956,40,2996.2,2568.2,2155.2,0,0,738649.288261945,0,0,0
78059.872040062,40,2765.8,2885.8,2292.8,0,0,738649.288262408,0,0,0
78059.9120391284,40,2427.6,3056.8,2586.2,0,0,738649.288262871,0,0,0
78059.9520381948,40,2256.2,2879.4,2867.6,0,0,738649.288263334,0,0,0
78059.9920372612,40,2291.4,2886.6,2732.6,0,0,738649.288263797,0,0,0
78060.0320363276,40,2444.6,3026.6,2545.8,0,0,738649.28826426,0,0,0
78060.072035394,40,2633.2,2963.2,2370.2,0,0,738649.288264722,0,0,0
78060.1120344604,40,2839.4,2832.8,2260.6,0,0,738649.288265185,0,0,0
78060.1520335268,40,2913.4,2613.6,2171,0,0,738649.288265648,0,0,0
78060.1920325932,40,2942.4,2467.8,2124.8,0,0,738649.288266111,0,0,0
78060.2320316596,40,2908.8,2357,2093,0,0,738649.288266574,0,0,0
78060.272030726,40,2791.4,2275.2,2072.4,0,0,738649.288267037,0,0,0
78060.3120297924,40,2700.4,2230.6,2062.2,0,0,738649.2882675,0,0,0
78060.3520288588,40,2728.6,2237,2059.2,0,0,738649.288267963,0,0,0
78060.3920279252,40,2832.8,2291.4,2076.6,0,0,738649.288268426,0,0,0
78060.4320269916,40,2941.2,2425,2110.8,0,0,738649.288268889,0,0,0
78060.472026058,40,2899.8,2675,2196.4,0,0,738649.288269352,0,0,0
78060.5120251244,40,2638.4,2945.2,2363.2,0,0,738649.288269815,0,0,0
78060.5520241908,40,2354.6,2977.2,2653.6,0,0,738649.288270278,0,0,0
78060.5920232572,40,2219.2,2789,2913.2,0,0,738649.288270741,0,0,0
78060.6320223236,40,2253.6,2850.4,2821.6,0,0,738649.288271204,0,0,0
78060.67202139,40,2409.2,3033.8,2600.8,0,0,738649.288271667,0,0,0
78060.7120204564,40,2620.6,2991.8,2388,0,0,738649.28827213,0,0,0
78060.7520195228,40,2811.4,2816.2,2257.4,0,0,738649.288272593,0,0,0
78060.7920185892,40,2888,2600.8,2170.6,0,0,738649.288273056,0,0,0
78060.8320176556,40,2911.6,2452.8,2119.8,0,0,738649.288273519,0,0,0
78060.872016722,40,2831.8,2338.2,2088.8,0,0,738649.288273982,0,0,0
78060.9120157884,40,2728.2,2255.4,2067,0,0,738649.288274445,0,0,0
78060.9520148548,40,2646,2216.6,2057.2,0,0,738649.288274907,0,0,0
78060.9920139212,40,2644,2214,2055.4,0,0,738649.28827537,0,0,0
78061.0320129876,40,2776.8,2263.2,2065.6,0,0,738649.288275833,0,0,0
78061.072012054,40,2950,2367.2,2094.2,0,0,738649.288276296,0,0,0
78061.1120111204,40,2984.4,2575.8,2157,0,0,738649.288276759,0,0,0
78061.1520101868,40,2789,2873.6,2281.2,0,0,738649.288277222,0,0,0
78061.1920092532,40,2470,3041.6,2525.6,0,0,738649.288277685,0,0,0
78061.2320083196,40,2256.6,2856.6,2821.4,0,0,738649.288278148,0,0,0
78061.272007386,40,2235.8,2828.6,2871.6,0,0,738649.288278611,0,0,0
78061.3120064524,40,2352.8,2992.8,2664.4,0,0,738649.288279074,0,0,0
78061.3520055188,40,2548.8,2999.4,2434.6,0,0,738649.288279537,0,0,0
78061.3920045852,40,2710,2830.6,2285.4,0,0,738649.28828,0,0,0
78061.4320036516,40,2856.2,2652.2,2196.2,0,0,738649.288280463,0,0,0
78061.472002718,40,2889.4,2493.2,2139.6,0,0,738649.288280926,0,0,0
78061.5120017844,40,2863.2,2386.4,2105,0,0,738649.288281389,0,0,0
78061.5520008508,40,2775.6,2299.6,2080.4,0,0,738649.288281852,0,0,0
78061.5919999172,40,2682.4,2239.8,2063.2,0,0,738649.288282315,0,0,0
78061.6319989836,40,2655.2,2219.4,2058.6,0,0,738649.288282778,0,0,0
78061.67199805,40,2766.2,2260.6,2066,0,0,738649.288283241,0,0,0
78061.7119971164,40,2927.6,2366.8,2095.2,0,0,738649.288283703,0,0,0
78061.7519961828,40,2968.4,2573.4,2158.6,0,0,738649.288284166,0,0,0
78061.7919952492,40,2766.2,2876.8,2288.2,0,0,738649.288284629,0,0,0
78061.8319943156,40,2449.8,3026.6,2539.4,0,0,738649.288285092,0,0,0
78061.871993382,40,2252.8,2854.2,2839.6,0,0,738649.288285555,0,0,0
78061.9119924484,40,2239.8,2836.8,2875.6,0,0,738649.288286018,0,0,0
78061.9519915148,40,2348.4,2983.6,2669.8,0,0,738649.288286481,0,0,0
78061.9919905812,40,2526,2997,2451.6,0,0,738649.288286944,0,0,0
78062.0319896476,40,2707.8,2857.8,2302.8,0,0,738649.288287407,0,0,0
78062.071988714,40,2840,2668,2199.4,0,0,738649.28828787,0,0,0
78062.1119877804,40,2885.8,2497,2141.8,0,0,738649.288288333,0,0,0
78062.1519868468,40,2857.4,2381.6,2104.8,0,0,738649.288288796,0,0,0
78062.1919859132,40,2767.4,2292.8,2075.6,0,0,738649.288289259,0,0,0
78062.2319849796,40,2672.8,2231.6,2061,0,0,738649.288289722,0,0,0
78062.271984046,40,2658.6,2221.4,2058.8,0,0,738649.288290185,0,0,0
78062.3119831124,40,2783.6,2270,2067.4,0,0,738649.288290648,0,0,0
78062.3519821788,40,2947.8,2386.8,2102.2,0,0,738649.288291111,0,0,0
78062.3919812453,40,2947,2612.6,2168.6,0,0,738649.288291574,0,0,0
78062.4319803116,40,2719.2,2912.2,2312.6,0,0,738649.288292037,0,0,0
78062.471979378,40,2417.4,3052.4,2593.4,0,0,738649.2882925,0,0,0
78062.5119784444,40,2253.2,2876,2861.4,0,0,738649.288292963,0,0,0
78062.5519775108,40,2269.4,2852.2,2759.6,0,0,738649.288293426,0,0,0
78062.5919765772,40,2408.8,3017.8,2591.8,0,0,738649.288293888,0,0,0
78062.6319756436,40,2604,2998.8,2400.4,0,0,738649.288294351,0,0,0
78062.67197471,40,2802.2,2833.2,2264.2,0,0,738649.288294814,0,0,0
78062.7119737764,40,2898,2621.2,2174.4,0,0,738649.288295277,0,0,0
78062.7519728428,40,2933.2,2478,2129.4,0,0,738649.28829574,0,0,0
78062.7919719092,40,2882.8,2364.4,2095.2,0,0,738649.288296203,0,0,0
78062.8319709756,40,2780.2,2282.8,2077.8,0,0,738649.288296666,0,0,0
78062.871970042,40,2687.6,2231.8,2059,0,0,738649.288297129,0,0,0
78062.9119691084,40,2685.6,2229.8,2057.6,0,0,738649.288297592,0,0,0
78062.9519681748,40,2816.4,2288.2,2076.2,0,0,738649.288298055,0,0,0
78062.9919672412,40,2954.4,2422.2,2112.2,0,0,738649.288298518,0,0,0
78063.0319663076,40,2912.2,2666,2195.2,0,0,738649.288298981,0,0,0
78063.071965374,40,2654.8,2967.2,2357,0,0,738649.288299444,0,0,0
78063.1119644404,40,2363.4,3003.6,2657.4,0,0,738649.288299907,0,0,0
78063.1519635068,40,2222.4,2790.8,2911.6,0,0,738649.28830037,0,0,0
78063.1919625732,40,2246.4,2818,2818.2,0,0,738649.288300833,0,0,0
78063.2319616396,40,2368.4,3008,2647.6,0,0,738649.288301296,0,0,0
78063.271960706,40,2544.8,2998.2,2435.2,0,0,738649.288301759,0,0,0
78063.3119597724,40,2729.4,2851.8,2291.4,0,0,738649.288302222,0,0,0
78063.3519588388,40,2826.4,2628,2190.6,0,0,738649.288302685,0,0,0
78063.3919579052,40,2867.6,2483.2,2134.8,0,0,738649.288303148,0,0,0
78063.4319569716,40,2824.6,2366.4,2104.2,0,0,738649.288303611,0,0,0
78063.471956038,40,2749.2,2290.4,2080.8,0,0,738649.288304073,0,0,0
78063.5119551044,40,2663.2,2231.8,2062.8,0,0,738649.288304536,0,0,0
78063.5519541708,40,2651.2,2220.2,2059.4,0,0,738649.288304999,0,0,0
78063.5919532372,40,2748.2,2262,2070.8,0,0,738649.288305462,0,0,0
78063.6319523036,40,2882.4,2370.8,2101.6,0,0,738649.288305925,0,0,0
78063.67195137,40,2913,2584.8,2166.4,0,0,738649.288306388,0,0,0
78063.7119504364,40,2702.2,2867.4,2306,0,0,738649.288306851,0,0,0
78063.7519495028,40,2407.6,2987.6,2566.8,0,0,738649.288307314,0,0,0
78063.7919485692,40,2229.4,2786.2,2854.8,0,0,738649.288307777,0,0,0
78063.8319476356,40,2205,2764.6,2931.8,0,0,738649.28830824,0,0,0
78063.871946702,40,2299.6,2943.4,2754,0,0,738649.288308703,0,0,0
78063.9119457684,40,2464,3011.6,2515.4,0,0,738649.288309166,0,0,0
78063.9519448348,40,2636.6,2887.2,2337,0,0,738649.288309629,0,0,0
78063.9919439012,40,2787,2711.8,2223.2,0,0,738649.288310092,0,0,0
78064.0319429676,40,2861.2,2538.8,2156,0,0,738649.288310555,0,0,0
78064.071942034,40,2851.2,2415.2,2114.2,0,0,738649.288311018,0,0,0
78064.1119411004,40,2793.2,2325.4,2088.6,0,0,738649.288311481,0,0,0
78064.1519401668,40,2704.6,2258.8,2069.8,0,0,738649.288311944,0,0,0
78064.1919392332,40,2635.2,2220.2,2056,0,0,738649.288312407,0,0,0
78064.2319382996,40,2661.4,2226.6,2060.4,0,0,738649.288312869,0,0,0
78064.271937366,40,2787,2286.8,2075.2,0,0,738649.288313332,0,0,0
78064.3119364324,40,2915.6,2412,2109,0,0,738649.288313795,0,0,0
78064.3519354988,40,2896.4,2659.2,2192.8,0,0,738649.288314258,0,0,0
78064.3919345652,40,2648,2943,2351.8,0,0,738649.288314721,0,0,0
78064.4319336316,40,2367,2991.4,2642,0,0,738649.288315184,0,0,0
78064.471932698,40,2230.6,2819.6,2898.2,0,0,738649.288315647,0,0,0
78064.5119317644,40,2262.4,2851.8,2786.4,0,0,738649.28831611,0,0,0
78064.5519308308,40,2401.6,3023,2606.2,0,0,738649.288316573,0,0,0
78064.5919298972,40,2569,2960,2405.2,0,0,738649.288317036,0,0,0
78064.7539261162,162,2797.4,2373.8,2103.2,0,0,738649.288318911,0,0,0
78064.980920818,227,2988,2444.8,2114.6,0,0,738649.288321538,0,0,0
78065.2079155198,227,2296.4,2939.2,2761,0,0,738649.288324166,0,0,0
78065.4409100816,233,2840,2368,2102.4,0,0,738649.288326862,0,0,0
78065.6909042466,250,2956.4,2650.2,2182.8,0,0,738649.288329756,0,0,0
78065.730903313,40,2723.8,2945,2325.4,0,0,738649.288330219,0,0,0
78065.7709023794,40,2413.2,3023.2,2583.2,0,0,738649.288330682,0,0,0
78065.8109014458,40,2229.4,2814.2,2887.8,0,0,738649.288331145,0,0,0
78065.8509005122,40,2202.4,2754.4,2952.2,0,0,738649.288331607,0,0,0
78065.8908995786,40,2281.2,2920,2790.6,0,0,738649.28833207,0,0,0
78065.930898645,40,2440.6,3026.6,2547.6,0,0,738649.288332533,0,0,0
78065.9708977114,40,2642.8,2953.8,2365.4,0,0,738649.288332996,0,0,0
78066.0108967778,40,2796,2747,2230.8,0,0,738649.288333459,0,0,0
78066.0508958442,40,2847.8,2548.6,2164.2,0,0,738649.288333922,0,0,0
78066.0908949106,40,2838.4,2418,2121.4,0,0,738649.288334385,0,0,0
78066.130893977,40,2774.4,2321.2,2092,0,0,738649.288334848,0,0,0
78066.1708930434,40,2682.4,2256.8,2071,0,0,738649.288335311,0,0,0
78066.2108921098,40,2632,2221.6,2055.6,0,0,738649.288335774,0,0,0
78066.2508911762,40,2692.2,2241.2,2063.8,0,0,738649.288336237,0,0,0
78066.2908902426,40,2804.8,2294.2,2078.4,0,0,738649.2883367,0,0,0
78066.330889309,40,2938.6,2419.6,2115.6,0,0,738649.288337163,0,0,0
78066.3708883754,40,2913,2651.2,2190.2,0,0,738649.288337626,0,0,0
78066.4108874418,40,2686.8,2941.8,2337.4,0,0,738649.288338089,0,0,0
78066.4508865082,40,2397.4,3040.6,2617,0,0,738649.288338552,0,0,0
78066.4908855746,40,2232.6,2840,2907.2,0,0,738649.288339015,0,0,0
78066.530884641,40,2237.4,2831.6,2870.6,0,0,738649.288339478,0,0,0
78066.5708837074,40,2351.4,2972.2,2664.6,0,0,738649.288339941,0,0,0
78066.6108827738,40,2532.8,2992.6,2444,0,0,738649.288340404,0,0,0
78066.6508818402,40,2745.4,2858,2289,0,0,738649.288340867,0,0,0
78066.6908809066,40,2872.8,2643,2190.4,0,0,738649.28834133,0,0,0
78066.730879973,40,2915.4,2478.2,2129.2,0,0,738649.288341792,0,0,0
78066.7708790394,40,2861.8,2351.4,2090.4,0,0,738649.288342255,0,0,0
78066.8108781058,40,2751,2268.8,2069.2,0,0,738649.288342718,0,0,0
78066.8508771722,40,2656,2217.8,2056.2,0,0,738649.288343181,0,0,0
78066.8908762386,40,2644,2209,2051.6,0,0,738649.288343644,0,0,0
78066.930875305,40,2741.6,2245,2066.4,0,0,738649.288344107,0,0,0
78066.9708743714,40,2862.8,2324,2086,0,0,738649.28834457,0,0,0
78067.0108734378,40,2958.8,2484.2,2130.8,0,0,738649.288345033,0,0,0
78067.0508725042,40,2860.6,2751.8,2223.8,0,0,738649.288345496,0,0,0
78067.0908715706,40,2587.4,2998.4,2403.8,0,0,738649.288345959,0,0,0
78067.130870637,40,2336.4,2994.8,2710,0,0,738649.288346422,0,0,0
78067.1708697034,40,2213.2,2792.4,2942.6,0,0,738649.288346885,0,0,0
78067.2108687698,40,2237.6,2840.2,2862.4,0,0,738649.288347348,0,0,0
78067.2508678362,40,2360.6,2985.2,2655.6,0,0,738649.288347811,0,0,0
78067.2908669026,40,2514.2,2926.8,2426.2,0,0,738649.288348274,0,0,0
78067.330865969,40,2696.2,2821.2,2292,0,0,738649.288348737,0,0,0
78067.3708650354,40,2813.4,2657.2,2199.8,0,0,738649.2883492,0,0,0
78067.4108641018,40,2852.4,2507,2145.2,0,0,738649.288349663,0,0,0
78067.4508631682,40,2836,2398.2,2109.4,0,0,738649.288350126,0,0,0
78067.4908622346,40,2780.2,2316.4,2085.6,0,0,738649.288350589,0,0,0
78067.530861301,40,2701.8,2256.8,2070.4,0,0,738649.288351052,0,0,0
78067.5708603674,40,2655.8,2227.4,2063,0,0,738649.288351514,0,0,0
78067.6108594338,40,2718.4,2254.6,2063.2,0,0,738649.288351977,0,0,0
78067.6508585002,40,2837.6,2314.4,2080,0,0,738649.28835244,0,0,0
78067.6908575666,40,2935,2462.8,2125.6,0,0,738649.288352903,0,0,0
78067.730856633,40,2862,2700.6,2210.4,0,0,738649.288353366,0,0,0
78067.7708556994,40,2619,2925.2,2358.8,0,0,738649.288353829,0,0,0
78067.8108547658,40,2371.2,2970.4,2613.8,0,0,738649.288354292,0,0,0
78067.8508538322,40,2238,2801.6,2820,0,0,738649.288354755,0,0,0
78067.8908528986,40,2263.4,2886.2,2841.6,0,0,738649.288355218,0,0,0
78067.930851965,40,2389.2,3041.2,2639.6,0,0,738649.288355681,0,0,0
78067.9708510314,40,2567.6,2991.2,2414.4,0,0,738649.288356144,0,0,0
78068.0108500978,40,2772.8,2840,2273,0,0,738649.288356607,0,0,0
78068.0508491642,40,2869.6,2626.6,2183.8,0,0,738649.28835707,0,0,0
78068.0908482306,40,2881.6,2464.2,2132.6,0,0,738649.288357533,0,0,0
78068.130847297,40,2812.2,2345.2,2098.2,0,0,738649.288357996,0,0,0
78068.1708463634,40,2714.8,2265.8,2076,0,0,738649.288358459,0,0,0
78068.2108454298,40,2632.4,2221.2,2060.2,0,0,738649.288358922,0,0,0
78068.2508444962,40,2630.6,2214,2057.6,0,0,738649.288359385,0,0,0
78068.2908435626,40,2721.4,2249.2,2062.8,0,0,738649.288359848,0,0,0
78068.330842629,40,2859,2333,2085,0,0,738649.28836031,0,0,0
78068.3708416954,40,2963.2,2489.4,2132,0,0,738649.288360773,0,0,0
78068.4108407618,40,2894,2758.2,2220.4,0,0,738649.288361236,0,0,0
78068.4508398282,40,2624.4,3018.6,2399.2,0,0,738649.288361699,0,0,0
78068.4908388946,40,2360.8,3017.8,2678.6,0,0,738649.288362162,0,0,0
78068.530837961,40,2225.8,2823.4,2917.6,0,0,738649.288362625,0,0,0
78068.5708370274,40,2247.6,2838.8,2831.6,0,0,738649.288363088,0,0,0
78068.6108360938,40,2369.2,2982,2633.2,0,0,738649.288363551,0,0,0
78068.6508351602,40,2525,2914.6,2410.6,0,0,738649.288364014,0,0,0
78068.6908342266,40,2696.8,2782,2274.6,0,0,738649.288364477,0,0,0
78068.730833293,40,2804.2,2616,2191.2,0,0,738649.28836494,0,0,0
78068.7708323594,40,2855,2483,2140.4,0,0,738649.288365403,0,0,0
78068.8108314258,40,2817.6,2372.2,2105,0,0,738649.288365866,0,0,0
78068.8508304922,40,2748.6,2299.6,2082.2,0,0,738649.288366329,0,0,0
78068.8908295586,40,2673.4,2247.2,2068,0,0,738649.288366792,0,0,0
78068.930828625,40,2648,2225.8,2058.6,0,0,738649.288367255,0,0,0
78068.9708276914,40,2729.2,2253.6,2069.6,0,0,738649.288367718,0,0,0
78069.0108267578,40,2861.2,2325.6,2085,0,0,738649.288368181,0,0,0
78069.0508258242,40,3004.6,2491.8,2125.8,0,0,738649.288368644,0,0,0
78069.0908248906,40,2919,2760,2220.4,0,0,738649.288369107,0,0,0
78069.130823957,40,2638.8,3032.6,2392.8,0,0,738649.28836957,0,0,0
78069.1708230234,40,2362,3019.6,2681.4,0,0,738649.288370033,0,0,0
78069.2108220898,40,2215,2786.8,2941.8,0,0,738649.288370495,0,0,0
78069.2508211562,40,2201.2,2746.8,2910.6,0,0,738649.288370958,0,0,0
78069.2908202226,40,2290.2,2923.8,2768.6,0,0,738649.288371421,0,0,0
78069.330819289,40,2446,3017.6,2537,0,0,738649.288371884,0,0,0
78069.3708183554,40,2666.8,2973.6,2357,0,0,738649.288372347,0,0,0
78069.4108174218,40,2840.2,2774.6,2233.2,0,0,738649.28837281,0,0,0
78069.4508164882,40,2949.6,2592.6,2162,0,0,738649.288373273,0,0,0
78069.4908155546,40,2931,2443.8,2117,0,0,738649.288373736,0,0,0
78069.530814621,40,2876.6,2341,2088.6,0,0,738649.288374199,0,0,0
78069.5708136874,40,2763.6,2269.4,2074,0,0,738649.288374662,0,0,0
78069.6108127538,40,2669.6,2226.4,2059.6,0,0,738649.288375125,0,0,0
78069.6508118202,40,2676.4,2228.2,2059.2,0,0,738649.288375588,0,0,0
78069.6908108866,40,2770.4,2270,2071.4,0,0,738649.288376051,0,0,0
78069.730809953,40,2907.8,2368.6,2095.2,0,0,738649.288376514,0,0,0
78069.7708090194,40,2950.4,2557.2,2154.8,0,0,738649.288376977,0,0,0
78069.8108080858,40,2796.6,2832,2265.2,0,0,738649.28837744,0,0,0
78069.8508071522,40,2518,3013.6,2463.4,0,0,738649.288377903,0,0,0
78069.8908062186,40,2301.4,2949.6,2759.6,0,0,738649.288378366,0,0,0
78069.930805285,40,2215.2,2788.2,2927.8,0,0,738649.288378829,0,0,0
78069.9708043514,40,2258.6,2862.6,2818,0,0,738649.288379292,0,0,0
78070.0108034178,40,2391.4,3025.6,2613.2,0,0,738649.288379755,0,0,0
78070.0508024842,40,2579.6,2980.6,2402.6,0,0,738649.288380218,0,0,0
78070.0908015506,40,2753.6,2817,2270.4,0,0,738649.28838068,0,0,0
78070.130800617,40,2860.8,2633.2,2187.6,0,0,738649.288381143,0,0,0
78070.1707996834,40,2892.4,2488.8,2137.6,0,0,738649.288381606,0,0,0
78070.2107987498,40,2857.8,2380.4,2105,0,0,738649.288382069,0,0,0
78070.2507978162,40,2779.6,2309,2084,0,0,738649.288382532,0,0,0
78070.2907968826,40,2693.4,2251.2,2072,0,0,738649.288382995,0,0,0
78070.330795949,40,2658.6,2228,2063,0,0,738649.288383458,0,0,0
78070.3707950154,40,2706.8,2243.8,2066,0,0,738649.288383921,0,0,0
78070.4107940818,40,2802.4,2294.2,2074.8,0,0,738649.288384384,0,0,0
78070.4507931482,40,2927.6,2404.8,2105.8,0,0,738649.288384847,0,0,0
78070.4907922146,40,2946.6,2614.6,2171,0,0,738649.28838531,0,0,0
78070.530791281,40,2754.8,2878.6,2294.6,0,0,738649.288385773,0,0,0
78070.5707903474,40,2471.6,3015,2507,0,0,738649.288386236,0,0,0
78070.6107894138,40,2267.2,2905.2,2821.8,0,0,738649.288386699,0,0,0
78070.6507884802,40,2199.6,2751.6,2951.2,0,0,738649.288387162,0,0,0
78070.6907875466,40,2255.4,2878,2826,0,0,738649.288387625,0,0,0
78070.730786613,40,2403.8,3014.2,2598.6,0,0,738649.288388088,0,0,0
78070.7707856794,40,2586.4,2944,2383.2,0,0,738649.288388551,0,0,0
78070.8107847458,40,2765.6,2778.4,2253.8,0,0,738649.288389014,0,0,0
78070.8507838122,40,2874.4,2602.6,2170,0,0,738649.288389476,0,0,0
78070.8907828786,40,2885,2455.4,2125.6,0,0,738649.288389939,0,0,0
78070.930781945,40,2830.8,2351.2,2095.4,0,0,738649.288390402,0,0,0
78070.9707810114,40,2733.8,2274.2,2074.4,0,0,738649.288390865,0,0,0
78071.0107800778,40,2649.8,2229.8,2062.2,0,0,738649.288391328,0,0,0
78071.0507791442,40,2653.8,2223.8,2059.4,0,0,738649.288391791,0,0,0
78071.0907782106,40,2739.6,2261.4,2065.2,0,0,738649.288392254,0,0,0
78071.130777277,40,2860.8,2343.2,2092,0,0,738649.288392717,0,0,0
78071.1707763434,40,2921.2,2505.2,2140.8,0,0,738649.28839318,0,0,0
78071.2107754098,40,2820.6,2755.4,2236.4,0,0,738649.288393643,0,0,0
78071.2507744762,40,2557.6,2983.6,2417.8,0,0,738649.288394106,0,0,0
78071.2907735426,40,2316.2,2921.4,2692.2,0,0,738649.288394569,0,0,0
78071.330772609,40,2202,2739.2,2925,0,0,738649.288395032,0,0,0
78071.3707716754,40,2214.6,2750.2,2875.4,0,0,738649.288395495,0,0,0
78071.4107707418,40,2315.4,2949.8,2726.4,0,0,738649.288395958,0,0,0
78071.4507698082,40,2462.4,2962,2494,0,0,738649.288396421,0,0,0
78071.4907688746,40,2654.6,2893.2,2338.6,0,0,738649.288396884,0,0,0
78071.530767941,40,2764.6,2690,2224,0,0,738649.288397347,0,0,0
78071.5707670074,40,2825.2,2534.4,2158.8,0,0,738649.28839781,0,0,0
78071.6107660738,40,2828.4,2415.6,2118,0,0,738649.288398273,0,0,0
78071.6507651402,40,2773.6,2324.8,2089.4,0,0,738649.288398736,0,0,0
78071.6907642066,40,2703.4,2265,2071.2,0,0,738649.288399199,0,0,0
78071.730763273,40,2646.2,2229.4,2060.2,0,0,738649.288399661,0,0,0
78071.7707623394,40,2680,2232.4,2063.2,0,0,738649.288400124,0,0,0
78071.8107614058,40,2768.8,2274.2,2070.8,0,0,738649.288400587,0,0,0
78071.8507604722,40,2931,2384.2,2096.4,0,0,738649.28840105,0,0,0
78071.8907595386,40,2975.6,2568.8,2156.4,0,0,738649.288401513,0,0,0
78071.930758605,40,2817.8,2847.8,2267.6,0,0,738649.288401976,0,0,0
78071.9707576714,40,2515.2,3010.4,2464.6,0,0,738649.288402439,0,0,0
78072.0107567378,40,2291.4,2918.8,2774.2,0,0,738649.288402902,0,0,0
78072.0507558042,40,2201.2,2749.6,2946.6,0,0,738649.288403365,0,0,0
78072.0907548706,40,2242.8,2853.8,2863.2,0,0,738649.288403828,0,0,0
78072.130753937,40,2382,3021.4,2639,0,0,738649.288404291,0,0,0
78072.1707530034,40,2571.4,2994.4,2411.2,0,0,738649.288404754,0,0,0
78072.2107520698,40,2785.4,2857,2272.2,0,0,738649.288405217,0,0,0
78072.2507511362,40,2915.8,2655.8,2185.8,0,0,738649.28840568,0,0,0
78072.2907502026,40,2943.4,2489.8,2132.8,0,0,738649.288406143,0,0,0
78072.330749269,40,2901.2,2377,2100.6,0,0,738649.288406606,0,0,0
78072.3707483354,40,2808.6,2293,2075.2,0,0,738649.288407069,0,0,0
78072.4107474018,40,2700,2234,2063,0,0,738649.288407532,0,0,0
78072.4507464682,40,2643,2209.2,2055.6,0,0,738649.288407995,0,0,0
78072.4907455346,40,2682.6,2229.4,2057.6,0,0,738649.288408458,0,0,0
78072.530744601,40,2790.6,2287.4,2076,0,0,738649.288408921,0,0,0
78072.5707436674,40,2914,2406.8,2110.2,0,0,738649.288409384,0,0,0
78072.6107427338,40,2913,2626.8,2181.2,0,0,738649.288409846,0,0,0
78072.6507418002,40,2731,2935.8,2319,0,0,738649.288410309,0,0,0
78072.6907408666,40,2436.2,3044.6,2575,0,0,738649.288410772,0,0,0
78072.730739933,40,2245,2843.8,2855.4,0,0,738649.288411235,0,0,0
78072.7707389994,40,2212.4,2755.4,2880.6,0,0,738649.288411698,0,0,0
78072.8107380658,40,2289.4,2930.2,2784,0,0,738649.288412161,0,0,0
78072.8507371322,40,2425,3003.8,2559.8,0,0,738649.288412624,0,0,0
78072.8907361986,40,2621.4,2967.6,2379.8,0,0,738649.288413087,0,0,0
78072.930735265,40,2756.8,2774,2251.8,0,0,738649.28841355,0,0,0
78072.9707343314,40,2866,2614.2,2180.8,0,0,738649.288414013,0,0,0
78073.0107333978,40,2889.2,2475.2,2131.2,0,0,738649.288414476,0,0,0
78073.0507324642,40,2844.6,2372.4,2100.6,0,0,738649.288414939,0,0,0
78073.0907315306,40,2758.2,2292.6,2077.6,0,0,738649.288415402,0,0,0
78073.130730597,40,2683,2246,2065,0,0,738649.288415865,0,0,0
78073.1707296634,40,2664.6,2230.2,2059.8,0,0,738649.288416328,0,0,0
78073.2107287298,40,2723.4,2255.2,2068.2,0,0,738649.288416791,0,0,0
78073.2507277962,40,2836.4,2318.8,2082.6,0,0,738649.288417254,0,0,0
78073.2907268626,40,2923.2,2457.6,2126.4,0,0,738649.288417717,0,0,0
78073.330725929,40,2882.8,2702.4,2208.8,0,0,738649.28841818,0,0,0
78073.3707249954,40,2632,2947,2361.6,0,0,738649.288418642,0,0,0
78073.4107240618,40,2371.6,2992.2,2628.2,0,0,738649.288419105,0,0,0
78073.4507231282,40,2241.6,2838,2880.8,0,0,738649.288419568,0,0,0
78073.4907221946,40,2260.4,2852,2805.6,0,0,738649.288420031,0,0,0
78073.530721261,40,2388.6,3023,2626.2,0,0,738649.288420494,0,0,0
78073.5707203274,40,2562.2,2984.6,2414.2,0,0,738649.288420957,0,0,0
78073.6107193938,40,2752.6,2840.2,2280.8,0,0,738649.28842142,0,0,0
78073.6507184602,40,2849,2644.4,2185.8,0,0,738649.288421883,0,0,0
78073.6907175266,40,2887,2491.4,2136.6,0,0,738649.288422346,0,0,0
78073.730716593,40,2846.8,2376.8,2099.4,0,0,738649.288422809,0,0,0
78073.7707156594,40,2766.4,2300.4,2078.2,0,0,738649.288423272,0,0,0
78073.8107147258,40,2675,2240.6,2067.6,0,0,738649.288423735,0,0,0
78073.8507137922,40,2616.6,2216.4,2055.4,0,0,738649.288424198,0,0,0
78073.8907128586,40,2652.6,2223.8,2058.4,0,0,738649.288424661,0,0,0
78073.930711925,40,2740.8,2259.6,2066.8,0,0,738649.288425124,0,0,0
78073.9707109914,40,2884.8,2352.2,2092.8,0,0,738649.288425587,0,0,0
78074.0107100578,40,2956,2531.2,2147,0,0,738649.28842605,0,0,0
78074.0507091242,40,2812.8,2792.4,2248,0,0,738649.288426513,0,0,0
78074.0907081906,40,2532.6,2989.2,2433.4,0,0,738649.288426976,0,0,0
78074.130707257,40,2307.8,2941.6,2730.6,0,0,738649.288427439,0,0,0
78074.1707063234,40,2217.8,2776.6,2888.6,0,0,738649.288427902,0,0,0
78074.2107053898,40,2272.6,2893,2795.2,0,0,738649.288428365,0,0,0
78074.2507044562,40,2418.6,3015,2572.2,0,0,738649.288428827,0,0,0
78074.2907035226,40,2585.6,2912.8,2371,0,0,738649.28842929,0,0,0
78074.330702589,40,2762,2776.2,2258.6,0,0,738649.288429753,0,0,0
78074.3707016554,40,2834.8,2586.8,2173.8,0,0,738649.288430216,0,0,0
78074.4107007218,40,2833,2454.8,2129.6,0,0,738649.288430679,0,0,0
78074.4506997882,40,2790.6,2356.6,2097.4,0,0,738649.288431142,0,0,0
78074.4906988546,40,2714.4,2286.6,2077.4,0,0,738649.288431605,0,0,0
78074.530697921,40,2633,2234.8,2061.2,0,0,738649.288432068,0,0,0
78074.5706969874,40,2612.4,2220.8,2056.8,0,0,738649.288432531,0,0,0
78074.6106960538,40,2670.2,2240.4,2063,0,0,738649.288432994,0,0,0
78074.6506951202,40,2777.4,2309.8,2083.2,0,0,738649.288433457,0,0,0
78074.6906941866,40,2890.2,2448.2,2126.2,0,0,738649.28843392,0,0,0
78074.730693253,40,2840.8,2682,2203.8,0,0,738649.288434383,0,0,0
78074.7706923194,40,2609,2918,2359.6,0,0,738649.288434846,0,0,0
78074.8106913858,40,2360.6,2961.8,2629.8,0,0,738649.288435309,0,0,0
78074.8506904522,40,2216.8,2760,2866.4,0,0,738649.288435772,0,0,0
78074.8906895186,40,2208,2737.6,2840.4,0,0,738649.288436235,0,0,0
78074.930688585,40,2308.6,2925.2,2710,0,0,738649.288436698,0,0,0
78074.9706876514,40,2464.4,2951.2,2485.6,0,0,738649.288437161,0,0,0
78075.0106867178,40,2638.8,2836.2,2323.4,0,0,738649.288437624,0,0,0
78075.0506857842,40,2746,2652,2213.4,0,0,738649.288438087,0,0,0
78075.0906848506,40,2786.4,2499,2149.4,0,0,738649.288438549,0,0,0
78075.130683917,40,2761.8,2385.6,2114,0,0,738649.288439012,0,0,0
78075.1706829834,40,2713,2311.6,2085.6,0,0,738649.288439475,0,0,0
78075.2106820498,40,2657.8,2254.6,2071.6,0,0,738649.288439938,0,0,0
78075.2506811162,40,2587.6,2214.6,2057.8,0,0,738649.288440401,0,0,0
78075.2906801826,40,2589.8,2208.4,2058.2,0,0,738649.288440864,0,0,0
78075.330679249,40,2662.2,2244.2,2066.6,0,0,738649.288441327,0,0,0
78075.3706783154,40,2772.6,2320.8,2089.2,0,0,738649.28844179,0,0,0
78075.4106773818,40,2830.2,2467.4,2137.2,0,0,738649.288442253,0,0,0
78075.4506764482,40,2749,2680.2,2224.6,0,0,738649.288442716,0,0,0
78075.4906755146,40,2545.8,2892,2384.6,0,0,738649.288443179,0,0,0
78075.530674581,40,2334,2938.4,2662.6,0,0,738649.288443642,0,0,0
78075.5706736474,40,2202.6,2749,2917.8,0,0,738649.288444105,0,0,0
78075.6106727138,40,2208.2,2744,2869.4,0,0,738649.288444568,0,0,0
78075.6506717802,40,2310.2,2920.2,2705,0,0,738649.288445031,0,0,0
78075.6906708466,40,2465.4,2915,2463.4,0,0,738649.288445494,0,0,0
78075.730669913,40,2628.2,2785,2297.6,0,0,738649.288445957,0,0,0
78075.7706689794,40,2760,2624.4,2203.6,0,0,738649.28844642,0,0,0
78075.8106680458,40,2788.8,2468,2142.2,0,0,738649.288446883,0,0,0
78075.8506671122,40,2778.4,2361.8,2099.4,0,0,738649.288447345,0,0,0
78075.8906661786,40,2710.6,2284.4,2077.8,0,0,738649.288447808,0,0,0
78075.930665245,40,2622,2223.2,2060.2,0,0,738649.288448271,0,0,0
78075.9706643114,40,2572.4,2201.6,2055.2,0,0,738649.288448734,0,0,0
78076.0106633778,40,2627.6,2226.8,2062.6,0,0,738649.288449197,0,0,0
78076.0506624442,40,2714,2277,2075,0,0,738649.28844966,0,0,0
78076.0906615106,40,2832,2381.8,2102.6,0,0,738649.288450123,0,0,0
78076.130660577,40,2871.8,2565.4,2164.4,0,0,738649.288450586,0,0,0
78076.1706596434,40,2724,2829.6,2285.4,0,0,738649.288451049,0,0,0
78076.2106587098,40,2459,3010.6,2519,0,0,738649.288451512,0,0,0
78076.2506577762,40,2244.4,2846.8,2849.4,0,0,738649.288451975,0,0,0
78076.2906568426,40,2185,2704,2979.6,0,0,738649.288452438,0,0,0
78076.330655909,40,2240.2,2846.6,2855.4,0,0,738649.288452901,0,0,0
78076.3706549754,40,2382,2976.6,2603.8,0,0,738649.288453364,0,0,0
78076.4106540418,40,2542.6,2924.2,2399.2,0,0,738649.288453827,0,0,0
78076.4506531082,40,2734.2,2797.4,2264,0,0,738649.28845429,0,0,0
78076.4906521746,40,2845.8,2626.8,2184.2,0,0,738649.288454753,0,0,0
78076.530651241,40,2880.8,2486.2,2133.6,0,0,738649.288455216,0,0,0
78076.5706503074,40,2836,2375.6,2103.8,0,0,738649.288455679,0,0,0
78076.6106493738,40,2746.6,2296.2,2077.2,0,0,738649.288456142,0,0,0
78076.6506484402,40,2664.2,2237.4,2062.6,0,0,738649.288456605,0,0,0
78076.6906475066,40,2607.4,2214.8,2058.6,0,0,738649.288457068,0,0,0
78076.730646573,40,2653.8,2227.6,2058.8,0,0,738649.28845753,0,0,0
78076.7706456394,40,2752.4,2275.4,2074.8,0,0,738649.288457993,0,0,0
78076.8106447058,40,2893,2384.4,2097.8,0,0,738649.288458456,0,0,0
78076.8506437722,40,2959.8,2598,2166.6,0,0,738649.288458919,0,0,0
78076.8906428386,40,2798.2,2923.4,2297.6,0,0,738649.288459382,0,0,0
78076.930641905,40,2473.4,3069,2535.6,0,0,738649.288459845,0,0,0
78076.9706409714,40,2254,2866.6,2839.2,0,0,738649.288460308,0,0,0
78077.0106400378,40,2193.2,2730,2960.2,0,0,738649.288460771,0,0,0
78077.0506391042,40,2255.8,2884.6,2847.6,0,0,738649.288461234,0,0,0
78077.0906381706,40,2393,3034.6,2623.6,0,0,738649.288461697,0,0,0
78077.130637237,40,2603.8,3046.6,2417,0,0,738649.28846216,0,0,0
78077.1706363034,40,2812.2,2876.2,2268,0,0,738649.288462623,0,0,0
78077.2106353698,40,2984.2,2683,2183.2,0,0,738649.288463086,0,0,0
78077.2506344362,40,3006.8,2509.2,2134.2,0,0,738649.288463549,0,0,0
78077.2906335026,40,2919.6,2377.8,2098.2,0,0,738649.288464012,0,0,0
78077.330632569,40,2813.2,2294.8,2077.8,0,0,738649.288464475,0,0,0
78077.3706316354,40,2696.8,2236.8,2060.8,0,0,738649.288464938,0,0,0
78077.4106307018,40,2629.6,2211.2,2054.2,0,0,738649.288465401,0,0,0
78077.4506297682,40,2655.6,2214.4,2059.4,0,0,738649.288465864,0,0,0
78077.4906288346,40,2757.8,2259.6,2066.6,0,0,738649.288466327,0,0,0
78077.530627901,40,2908,2365.2,2097.2,0,0,738649.28846679,0,0,0
78077.5706269674,40,2960.8,2556.2,2155,0,0,738649.288467253,0,0,0
78077.6106260338,40,2804.4,2842.2,2266,0,0,738649.288467715,0,0,0
78077.6506251002,40,2506.8,3046.4,2492.2,0,0,738649.288468178,0,0,0
78077.6906241666,40,2276.8,2897.6,2802.2,0,0,738649.288468641,0,0,0
78077.730623233,40,2210.4,2769,2926.4,0,0,738649.288469104,0,0,0
78077.7706222994,40,2275.8,2907.4,2806.4,0,0,738649.288469567,0,0,0
78077.8106213658,40,2422.4,3032.8,2582.6,0,0,738649.28847003,0,0,0
78077.8506204322,40,2618.6,2979.6,2383.6,0,0,738649.288470493,0,0,0
78077.8906194986,40,2802.2,2815.4,2253.8,0,0,738649.288470956,0,0,0
78077.930618565,40,2910.6,2627.2,2179.8,0,0,738649.288471419,0,0,0
78077.9706176314,40,2939.8,2483.2,2126.2,0,0,738649.288471882,0,0,0
78078.0106166978,40,2909.8,2377.6,2101,0,0,738649.288472345,0,0,0
78078.0506157642,40,2814.2,2300.2,2077,0,0,738649.288472808,0,0,0
78078.0906148306,40,2711.2,2245.2,2063.4,0,0,738649.288473271,0,0,0
78078.130613897,40,2641.8,2213.2,2055.4,0,0,738649.288473734,0,0,0
78078.1706129634,40,2664,2225.2,2057.8,0,0,738649.288474197,0,0,0
78078.2106120298,40,2742,2266.8,2071.8,0,0,738649.28847466,0,0,0
78078.2506110962,40,2854.2,2352.2,2091.8,0,0,738649.288475123,0,0,0
78078.2906101626,40,2917.8,2511.8,2141,0,0,738649.288475586,0,0,0
78078.330609229,40,2820.4,2746.4,2233.2,0,0,738649.288476049,0,0,0
78078.3706082954,40,2578.6,2987.4,2410.2,0,0,738649.288476511,0,0,0
78078.4106073618,40,2343.2,2979.4,2686.8,0,0,738649.288476974,0,0,0
78078.4506064282,40,2228.8,2824.4,2908.4,0,0,738649.288477437,0,0,0
78078.4906054946,40,2260.2,2855.6,2811,0,0,738649.2884779,0,0,0
78078.530604561,40,2381,3002.8,2625,0,0,738649.288478363,0,0,0
78078.5706036274,40,2569.2,3016.8,2427.2,0,0,738649.288478826,0,0,0
78078.6106026938,40,2751,2850.8,2282.6,0,0,738649.288479289,0,0,0
78078.6506017602,40,2864,2654.4,2191.2,0,0,738649.288479752,0,0,0
78078.6906008266,40,2921.6,2511,2139.6,0,0,738649.288480215,0,0,0
78078.730599893,40,2896.6,2394,2103.4,0,0,738649.288480678,0,0,0
78078.7705989594,40,2819.2,2312.6,2082.2,0,0,738649.288481141,0,0,0
78078.8105980258,40,2719.2,2247.8,2068,0,0,738649.288481604,0,0,0
78078.8505970922,40,2658.6,2218.2,2057,0,0,738649.288482067,0,0,0
78078.8905961586,40,2682.4,2225.8,2055.8,0,0,738649.28848253,0,0,0
78078.930595225,40,2756.2,2260.6,2067.2,0,0,738649.288482993,0,0,0
78078.9705942914,40,2875,2348,2092.4,0,0,738649.288483456,0,0,0
78079.0105933578,40,2947,2511.4,2137.6,0,0,738649.288483919,0,0,0
78079.0505924242,40,2825.6,2759.2,2235.8,0,0,738649.288484382,0,0,0
78079.0905914906,40,2565.2,2988.8,2414.4,0,0,738649.288484845,0,0,0
78079.130590557,40,2329.6,2962.2,2691.6,0,0,738649.288485308,0,0,0
78079.1705896234,40,2224.2,2805.6,2909.2,0,0,738649.288485771,0,0,0
78079.2105886898,40,2259.4,2866.4,2823.4,0,0,738649.288486234,0,0,0
78079.2505877562,40,2383,3011.6,2631.4,0,0,738649.288486696,0,0,0
78079.2905868226,40,2555,2984,2423.4,0,0,738649.288487159,0,0,0
78079.330585889,40,2721,2824.8,2283,0,0,738649.288487622,0,0,0
78079.3705849554,40,2841.6,2659.4,2197.4,0,0,738649.288488085,0,0,0
78079.4105840218,40,2879.4,2509.6,2142.4,0,0,738649.288488548,0,0,0
78079.4505830882,40,2858.2,2401.2,2111.4,0,0,738649.288489011,0,0,0
78079.4905821546,40,2794.2,2322.6,2089.2,0,0,738649.288489474,0,0,0
78079.530581221,40,2711,2261.2,2069.2,0,0,738649.288489937,0,0,0
78079.5705802874,40,2634,2219.2,2058.6,0,0,738649.2884904,0,0,0
78079.6105793538,40,2650.8,2222.8,2060.2,0,0,738649.288490863,0,0,0
78079.6505784202,40,2754.8,2261.4,2069.2,0,0,738649.288491326,0,0,0
78079.6905774866,40,2948.6,2374.6,2097,0,0,738649.288491789,0,0,0
78079.730576553,40,2997,2590.2,2161.6,0,0,738649.288492252,0,0,0
78079.7705756194,40,2796.4,2888.2,2284.2,0,0,738649.288492715,0,0,0
78079.8105746858,40,2485.4,3051.4,2511.4,0,0,738649.288493178,0,0,0
78079.8505737522,40,2276.2,2905.8,2817.2,0,0,738649.288493641,0,0,0
78079.8905728186,40,2208.2,2764,2929.2,0,0,738649.288494104,0,0,0
78079.930571885,40,2259.6,2886.6,2843,0,0,738649.288494567,0,0,0
78079.9705709514,40,2388.6,2996.8,2610.4,0,0,738649.28849503,0,0,0
78080.0105700178,40,2583.8,3002.8,2411.8,0,0,738649.288495493,0,0,0
78080.0505690842,40,2770.4,2833.2,2270.4,0,0,738649.288495956,0,0,0
78080.0905681506,40,2898.4,2639.8,2183.6,0,0,738649.288496419,0,0,0
78080.130567217,40,2928.6,2489.6,2132,0,0,738649.288496881,0,0,0
78080.1705662834,40,2870.4,2370.2,2100.2,0,0,738649.288497344,0,0,0
78080.2105653498,40,2772.8,2292.4,2076.8,0,0,738649.288497807,0,0,0
78080.2505644162,40,2676,2234.8,2064,0,0,738649.28849827,0,0,0
78080.2905634826,40,2621.2,2210.2,2054.6,0,0,738649.288498733,0,0,0
78080.330562549,40,2641,2217.2,2056,0,0,738649.288499196,0,0,0
78080.3705616154,40,2744.2,2255,2067,0,0,738649.288499659,0,0,0
78080.4105606818,40,2893.6,2359.4,2091.6,0,0,738649.288500122,0,0,0
78080.4505597482,40,2956,2541.8,2148.8,0,0,738649.288500585,0,0,0
78080.4905588146,40,2809.8,2808.4,2254.6,0,0,738649.288501048,0,0,0
78080.530557881,40,2521.4,3003.4,2455.8,0,0,738649.288501511,0,0,0
78080.5705569474,40,2300,2936.6,2748.4,0,0,738649.288501974,0,0,0
78080.6105560138,40,2215.8,2786.4,2931,0,0,738649.288502437,0,0,0
78080.6505550802,40,2262.8,2888.6,2823.6,0,0,738649.2885029,0,0,0
78080.6905541466,40,2397.6,3005.2,2599.4,0,0,738649.288503363,0,0,0
78080.730553213,40,2544.2,2916,2393.4,0,0,738649.288503826,0,0,0
78080.7705522794,40,2705,2769.6,2265.6,0,0,738649.288504289,0,0,0
78080.8105513458,40,2799,2608.4,2187.6,0,0,738649.288504752,0,0,0
78080.8505504122,40,2821.2,2477.6,2141.4,0,0,738649.288505215,0,0,0
78080.8905494786,40,2805.4,2385,2110,0,0,738649.288505677,0,0,0
78080.930548545,40,2747.2,2314.2,2088.8,0,0,738649.28850614,0,0,0
78080.9705476114,40,2673,2256,2071.6,0,0,738649.288506603,0,0,0
78081.0105466778,40,2629.2,2232.4,2064.4,0,0,738649.288507066,0,0,0
78081.0505457442,40,2662.6,2243,2064.2,0,0,738649.288507529,0,0,0
78081.0905448106,40,2740.8,2279.2,2073.8,0,0,738649.288507992,0,0,0
78081.130543877,40,2875.8,2375.4,2098.8,0,0,738649.288508455,0,0,0
78081.1705429434,40,2945.8,2561.2,2152.6,0,0,738649.288508918,0,0,0
78081.2105420098,40,2821.8,2836.6,2260.8,0,0,738649.288509381,0,0,0
78081.2505410762,40,2551.8,3046.2,2455.2,0,0,738649.288509844,0,0,0
78081.2905401426,40,2317.4,2970.8,2739,0,0,738649.288510307,0,0,0
78081.330539209,40,2229.2,2805.8,2884.8,0,0,738649.28851077,0,0,0
78081.3705382754,40,2276.8,2912.2,2809.6,0,0,738649.288511233,0,0,0
78081.4105373418,40,2407.8,3027.2,2598.2,0,0,738649.288511696,0,0,0
78081.4505364082,40,2592.4,2986.6,2401,0,0,738649.288512159,0,0,0
78081.4905354746,40,2754.2,2817.2,2269.4,0,0,738649.288512622,0,0,0
78081.530534541,40,2871,2646,2190.2,0,0,738649.288513085,0,0,0
78081.5705336074,40,2920.4,2506.8,2139.4,0,0,738649.288513548,0,0,0
78081.6105326738,40,2875.2,2400.8,2104.4,0,0,738649.288514011,0,0,0
78081.6505317402,40,2804.8,2317,2086,0,0,738649.288514474,0,0,0
78081.6905308066,40,2705.8,2253.6,2066.2,0,0,738649.288514937,0,0,0
78081.730529873,40,2646.2,2222,2058.6,0,0,738649.2885154,0,0,0
78081.7705289394,40,2674,2226.8,2061.2,0,0,738649.288515862,0,0,0
78081.8105280058,40,2757.8,2263.6,2070.2,0,0,738649.288516325,0,0,0
78081.8505270722,40,2888,2356.8,2094.6,0,0,738649.288516788,0,0,0
78081.8905261386,40,2950.4,2541.4,2150.8,0,0,738649.288517251,0,0,0
78081.930525205,40,2804.8,2799.4,2255.4,0,0,738649.288517714,0,0,0
78081.9705242714,40,2542.2,3011,2444.6,0,0,738649.288518177,0,0,0
78082.0105233378,40,2311.6,2962,2733,0,0,738649.28851864,0,0,0
78082.0505224042,40,2232.4,2815.4,2898,0,0,738649.288519103,0,0,0
78082.0905214706,40,2277.8,2915.2,2794,0,0,738649.288519566,0,0,0
78082.130520537,40,2411.8,3014.4,2583.8,0,0,738649.288520029,0,0,0
78082.1705196034,40,2593.2,2957.8,2392.2,0,0,738649.288520492,0,0,0
78082.2105186698,40,2739.2,2772.2,2260,0,0,738649.288520955,0,0,0
78082.2505177362,40,2824.8,2597.2,2182.2,0,0,738649.288521418,0,0,0
78082.2905168026,40,2858.8,2466.2,2134.2,0,0,738649.288521881,0,0,0
78082.330515869,40,2817.2,2366.2,2103,0,0,738649.288522344,0,0,0
78082.3705149354,40,2748.4,2296.4,2079.4,0,0,738649.288522807,0,0,0
78082.4105140018,40,2654.6,2240.4,2065.6,0,0,738649.28852327,0,0,0
78082.4505130682,40,2601,2207.4,2056.8,0,0,738649.288523733,0,0,0
78082.4905121346,40,2634.6,2216.2,2054.4,0,0,738649.288524196,0,0,0
78082.530511201,40,2731,2253.8,2063.2,0,0,738649.288524659,0,0,0
78082.5705102674,40,2891.6,2349.2,2089.8,0,0,738649.288525122,0,0,0
78082.6105093338,40,2985.8,2532.8,2142.2,0,0,738649.288525585,0,0,0
78082.6505084002,40,2841.8,2807.6,2246.2,0,0,738649.288526047,0,0,0
78082.6905074666,40,2554.8,3028.2,2438,0,0,738649.28852651,0,0,0
78082.730506533,40,2324,2973.2,2727,0,0,738649.288526973,0,0,0
78082.7705055994,40,2233.6,2817.2,2883,0,0,738649.288527436,0,0,0
78082.8105046658,40,2296.4,2938.6,2779.4,0,0,738649.288527899,0,0,0
78082.8505037322,40,2438.2,3043,2560,0,0,738649.288528362,0,0,0
78082.8905027986,40,2635,2982.4,2378.2,0,0,738649.288528825,0,0,0
78082.930501865,40,2771.4,2774.4,2246.8,0,0,738649.288529288,0,0,0
78082.9705009314,40,2855.8,2605.8,2176.8,0,0,738649.288529751,0,0,0
78083.0104999978,40,2890,2474,2133.2,0,0,738649.288530214,0,0,0
78083.0504990642,40,2843.8,2374.4,2102.6,0,0,738649.288530677,0,0,0
78083.0904981306,40,2779.6,2303,2084.4,0,0,738649.28853114,0,0,0
78083.130497197,40,2692.4,2248.4,2068,0,0,738649.288531603,0,0,0
78083.1704962634,40,2639.8,2223.4,2059.4,0,0,738649.288532066,0,0,0
78083.2104953298,40,2664.4,2230,2064.2,0,0,738649.288532529,0,0,0
78083.2504943962,40,2756.6,2270.4,2071.2,0,0,738649.288532992,0,0,0
78083.2904934626,40,2890.8,2364.6,2097.2,0,0,738649.288533455,0,0,0
78083.330492529,40,2958,2538.6,2146.2,0,0,738649.288533918,0,0,0
78083.3704915954,40,2842.8,2802.8,2246.2,0,0,738649.28853438,0,0,0
78083.4104906618,40,2560.4,3012.2,2431.2,0,0,738649.288534843,0,0,0
78083.4504897282,40,2323.4,2956,2707.8,0,0,738649.288535306,0,0,0
78083.4904887946,40,2212.2,2780.8,2931,0,0,738649.288535769,0,0,0
78083.530487861,40,2237.2,2816,2851.6,0,0,738649.288536232,0,0,0
78083.5704869274,40,2355.4,2991.2,2671.2,0,0,738649.288536695,0,0,0
78083.6104859938,40,2533.2,2985.4,2443,0,0,738649.288537158,0,0,0
78083.6504850602,40,2731,2850.8,2291.4,0,0,738649.288537621,0,0,0
78083.6904841266,40,2861.2,2653.4,2192.4,0,0,738649.288538084,0,0,0
78083.730483193,40,2898.2,2489.2,2135.2,0,0,738649.288538547,0,0,0
78083.7704822594,40,2857,2374.4,2096.4,0,0,738649.28853901,0,0,0
78083.8104813258,40,2761.6,2285,2075,0,0,738649.288539473,0,0,0
78083.8504803922,40,2663.4,2232,2061.4,0,0,738649.288539936,0,0,0
78083.8904794586,40,2617.6,2206.6,2054.8,0,0,738649.288540399,0,0,0
78083.930478525,40,2657.6,2215,2056.6,0,0,738649.288540862,0,0,0
78083.9704775914,40,2757,2263.4,2068.8,0,0,738649.288541325,0,0,0
78084.0104766578,40,2905.8,2370.8,2097.2,0,0,738649.288541788,0,0,0
78084.0504757242,40,2953.4,2559.8,2151.4,0,0,738649.288542251,0,0,0
78084.0904747906,40,2782,2822.6,2267.8,0,0,738649.288542714,0,0,0
78084.130473857,40,2504.6,3011.6,2472.6,0,0,738649.288543177,0,0,0
78084.1704729234,40,2290,2923.6,2778.6,0,0,738649.28854364,0,0,0
78084.2104719898,40,2207.8,2770.2,2927,0,0,738649.288544103,0,0,0
78084.2504710562,40,2254,2850.8,2825.8,0,0,738649.288544565,0,0,0
78084.2904701226,40,2383.2,3007,2626.2,0,0,738649.288545028,0,0,0
78084.330469189,40,2562.2,2967.6,2410.2,0,0,738649.288545491,0,0,0
78084.3704682554,40,2721,2783.6,2268.2,0,0,738649.288545954,0,0,0
78084.4104673218,40,2824.4,2613.6,2184.2,0,0,738649.288546417,0,0,0
78084.4504663882,40,2852,2473.6,2134.8,0,0,738649.28854688,0,0,0
78084.4904654546,40,2816,2372.6,2103.6,0,0,738649.288547343,0,0,0
78084.530464521,40,2738.6,2296.2,2082.6,0,0,738649.288547806,0,0,0
78084.5704635874,40,2650,2238,2062.4,0,0,738649.288548269,0,0,0
78084.6104626538,40,2615.2,2214,2056.2,0,0,738649.288548732,0,0,0
78084.6504617202,40,2652.8,2220.8,2055.4,0,0,738649.288549195,0,0,0
78084.6904607866,40,2784.4,2270.6,2069.2,0,0,738649.288549658,0,0,0
78084.730459853,40,2939.2,2380.6,2098,0,0,738649.288550121,0,0,0
78084.7704589194,40,2955.6,2576.8,2162.6,0,0,738649.288550584,0,0,0
78084.8104579858,40,2751.6,2844.4,2281.4,0,0,738649.288551047,0,0,0
78084.8504570522,40,2475.2,3021,2502,0,0,738649.28855151,0,0,0
78084.8904561186,40,2277,2909.8,2809,0,0,738649.288551973,0,0,0
78084.930455185,40,2236.4,2830.2,2885.2,0,0,738649.288552436,0,0,0
78084.9704542514,40,2322.2,2983.6,2736.6,0,0,738649.288552899,0,0,0
78085.0104533178,40,2480.6,3035.2,2513.6,0,0,738649.288553362,0,0,0
78085.0504523842,40,2687.4,2978.2,2351.6,0,0,738649.288553825,0,0,0
78085.0904514506,40,2831.8,2754.4,2234,0,0,738649.288554288,0,0,0
78085.130450517,40,2893.2,2571.8,2165,0,0,738649.28855475,0,0,0
78085.1704495834,40,2897,2444.4,2122.6,0,0,738649.288555213,0,0,0
78085.2104486498,40,2840.8,2350.4,2094.6,0,0,738649.288555676,0,0,0
78085.2504477162,40,2758.6,2284.4,2079.6,0,0,738649.288556139,0,0,0
78085.2904467826,40,2667.4,2230.6,2063.4,0,0,738649.288556602,0,0,0
78085.330445849,40,2624.2,2212.2,2055.6,0,0,738649.288557065,0,0,0
78085.3704449154,40,2676.2,2229.8,2057.6,0,0,738649.288557528,0,0,0
78085.4104439818,40,2791.6,2288.2,2077.8,0,0,738649.288557991,0,0,0
78085.4504430482,40,2938.6,2426.6,2111.6,0,0,738649.288558454,0,0,0
78085.4904421146,40,2922.2,2652.2,2187.8,0,0,738649.288558917,0,0,0
78085.530441181,40,2691.6,2940.2,2331.6,0,0,738649.28855938,0,0,0
78085.5704402474,40,2409.4,3030.2,2594.2,0,0,738649.288559843,0,0,0
78085.6104393138,40,2227.8,2810,2879.2,0,0,738649.288560306,0,0,0
78085.6504383802,40,2205,2759.2,2927.4,0,0,738649.288560769,0,0,0
78085.6904374466,40,2286.4,2927.2,2794.4,0,0,738649.288561232,0,0,0
78085.730436513,40,2438,3027.4,2556.2,0,0,738649.288561695,0,0,0
78085.7704355794,40,2642,2971.2,2372.8,0,0,738649.288562158,0,0,0
78085.8104346458,40,2790,2758.8,2239.8,0,0,738649.288562621,0,0,0
78085.8504337122,40,2884.8,2585.6,2166.4,0,0,738649.288563084,0,0,0
78085.8904327786,40,2888.6,2452.8,2125.2,0,0,738649.288563546,0,0,0
78085.930431845,40,2834.4,2354,2096,0,0,738649.288564009,0,0,0
78085.9704309114,40,2747.8,2281.6,2075,0,0,738649.288564472,0,0,0
78086.0104299778,40,2657.2,2232.2,2061.6,0,0,738649.288564935,0,0,0
78086.0504290442,40,2611.4,2208,2057.2,0,0,738649.288565398,0,0,0
78086.0904281106,40,2646,2218.4,2056.4,0,0,738649.288565861,0,0,0
78086.130427177,40,2747,2267,2071.6,0,0,738649.288566324,0,0,0
78086.1704262434,40,2906.8,2370.6,2096.6,0,0,738649.288566787,0,0,0
78086.2104253098,40,2979.2,2570.8,2153.8,0,0,738649.28856725,0,0,0
78086.2504243762,40,2806.8,2851.8,2270.2,0,0,738649.288567713,0,0,0
78086.2904234426,40,2496.4,3027.4,2490.6,0,0,738649.288568176,0,0,0
78086.330422509,40,2270.8,2886.2,2792.2,0,0,738649.288568639,0,0,0
78086.3704215754,40,2197,2750,2956.2,0,0,738649.288569102,0,0,0
78086.4104206418,40,2254.6,2875.6,2859.2,0,0,738649.288569565,0,0,0
78086.4504197082,40,2381,2988.8,2622,0,0,738649.288570028,0,0,0
78086.4904187746,40,2513.8,2900.4,2405.2,0,0,738649.288570491,0,0,0
78086.530417841,40,2658,2761.8,2281.6,0,0,738649.288570954,0,0,0
78086.5704169074,40,2741.4,2607,2197.2,0,0,738649.288571417,0,0,0
78086.6104159738,40,2790,2491.8,2149.4,0,0,738649.28857188,0,0,0
78086.6504150402,40,2770.8,2392.6,2118.2,0,0,738649.288572343,0,0,0
78086.6904141066,40,2732.4,2321.8,2094,0,0,738649.288572806,0,0,0
78086.730413173,40,2686.2,2265.6,2073.4,0,0,738649.288573269,0,0,0
78086.7704122394,40,2629.8,2227.8,2062.4,0,0,738649.288573731,0,0,0
78086.8104113058,40,2640.4,2215.8,2059.2,0,0,738649.288574194,0,0,0
78086.8504103722,40,2708,2242.8,2062.2,0,0,738649.288574657,0,0,0
78086.8904094386,40,2843.4,2308,2082.6,0,0,738649.28857512,0,0,0
78086.930408505,40,2963.8,2447,2117.6,0,0,738649.288575583,0,0,0
78086.9704075714,40,2935.6,2690.8,2195.2,0,0,738649.288576046,0,0,0
78087.0104066378,40,2685.2,2969.8,2348.2,0,0,738649.288576509,0,0,0
78087.0504057042,40,2398.2,3020.4,2604.8,0,0,738649.288576972,0,0,0
78087.0904047706,40,2232.6,2811.6,2891.8,0,0,738649.288577435,0,0,0
78087.130403837,40,2210.6,2751,2888.2,0,0,738649.288577898,0,0,0
78087.1704029034,40,2295.2,2931,2762.4,0,0,738649.288578361,0,0,0
78087.2104019698,40,2435.6,2967.6,2515.4,0,0,738649.288578824,0,0,0
78087.2504010362,40,2607.4,2875.8,2345.4,0,0,738649.288579287,0,0,0
78087.2904001026,40,2758.2,2726.4,2235.4,0,0,738649.28857975,0,0,0
78087.330399169,40,2850.8,2567.8,2168.4,0,0,738649.288580213,0,0,0
78087.3703982354,40,2850.8,2438.4,2125.6,0,0,738649.288580676,0,0,0
78087.4103973018,40,2819,2347,2095.8,0,0,738649.288581139,0,0,0
78087.4503963682,40,2738,2278.6,2077,0,0,738649.288581602,0,0,0
78087.4903954346,40,2660,2231,2064.6,0,0,738649.288582065,0,0,0
78087.530394501,40,2642.8,2217.4,2057.6,0,0,738649.288582528,0,0,0
78087.5703935674,40,2716,2248.2,2064.4,0,0,738649.288582991,0,0,0
78087.6103926338,40,2844.6,2318,2082.4,0,0,738649.288583454,0,0,0
78087.6503917002,40,2969.4,2473.2,2126,0,0,738649.288583916,0,0,0
78087.6903907666,40,2909,2731.4,2211.4,0,0,738649.288584379,0,0,0
78087.730389833,40,2637.6,2995.6,2377.2,0,0,738649.288584842,0,0,0
78087.7703888994,40,2362.2,2996.6,2653,0,0,738649.288585305,0,0,0
78087.8103879658,40,2203,2755.8,2934,0,0,738649.288585768,0,0,0
78087.8503870322,40,2189,2702.2,2934.8,0,0,738649.288586231,0,0,0
78087.8903860986,40,2268.8,2888.4,2805.8,0,0,738649.288586694,0,0,0
78087.930385165,40,2409.2,2986.2,2570.8,0,0,738649.288587157,0,0,0
78087.9703842314,40,2600,2943.8,2381.4,0,0,738649.28858762,0,0,0
78088.0103832978,40,2758.6,2768.8,2252.4,0,0,738649.288588083,0,0,0
78088.0503823642,40,2865.4,2603.2,2176.2,0,0,738649.288588546,0,0,0
78088.0903814306,40,2884.6,2463.2,2129,0,0,738649.288589009,0,0,0
78088.130380497,40,2839.2,2362.2,2098.2,0,0,738649.288589472,0,0,0
78088.1703795634,40,2760.8,2290.6,2077.8,0,0,738649.288589935,0,0,0
78088.2103786298,40,2668.8,2233.2,2060.6,0,0,738649.288590398,0,0,0
78088.2503776962,40,2622.2,2211.8,2056.4,0,0,738649.288590861,0,0,0
78088.2903767626,40,2677.8,2230.4,2060.2,0,0,738649.288591324,0,0,0
78088.330375829,40,2811.8,2292.8,2073.6,0,0,738649.288591787,0,0,0
78088.3703748954,40,2956.6,2419.8,2109.4,0,0,738649.28859225,0,0,0
78088.4103739618,40,2940.4,2666.4,2190.8,0,0,738649.288592712,0,0,0
78088.4503730282,40,2699.8,2963.8,2340.6,0,0,738649.288593175,0,0,0
78088.4903720946,40,2395.6,3029.4,2612.8,0,0,738649.288593638,0,0,0
78088.530371161,40,2218.8,2780,2890.4,0,0,738649.288594101,0,0,0
78088.5703702274,40,2194.6,2726.6,2934.2,0,0,738649.288594564,0,0,0
78088.6103692938,40,2277.2,2900.8,2794.6,0,0,738649.288595027,0,0,0
78088.6503683602,40,2422.8,3004.6,2561.8,0,0,738649.28859549,0,0,0
78088.6903674266,40,2590.6,2923,2377.4,0,0,738649.288595953,0,0,0
78088.730366493,40,2735,2765.6,2256,0,0,738649.288596416,0,0,0
78088.7703655594,40,2823.6,2603.6,2181.8,0,0,738649.288596879,0,0,0
78088.8103646258,40,2841,2473.6,2133.8,0,0,738649.288597342,0,0,0
78088.8503636922,40,2819.6,2381,2108.8,0,0,738649.288597805,0,0,0
78088.8903627586,40,2758.8,2309.4,2086,0,0,738649.288598268,0,0,0
78088.930361825,40,2686.4,2258,2069,0,0,738649.288598731,0,0,0
78088.9703608914,40,2645.4,2226.6,2061,0,0,738649.288599194,0,0,0
78089.0103599578,40,2697.8,2245.8,2062,0,0,738649.288599657,0,0,0
78089.0503590242,40,2791.2,2294.4,2075.8,0,0,738649.28860012,0,0,0
78089.0903580906,40,2919.8,2413,2108.4,0,0,738649.288600583,0,0,0
78089.130357157,40,2940.4,2627.8,2178.2,0,0,738649.288601046,0,0,0
78089.1703562234,40,2731.2,2897.4,2308,0,0,738649.288601509,0,0,0
78089.2103552898,40,2444.2,3018,2536.4,0,0,738649.288601972,0,0,0
78089.2503543562,40,2253.2,2879.6,2851.6,0,0,738649.288602435,0,0,0
78089.2903534226,40,2186.4,2713.4,2979.6,0,0,738649.288602897,0,0,0
78089.330352489,40,2228.4,2824.2,2887.8,0,0,738649.28860336,0,0,0
78089.3703515554,40,2349,2972.2,2661.4,0,0,738649.288603823,0,0,0
78089.4103506218,40,2519.8,2967.2,2443.8,0,0,738649.288604286,0,0,0
78089.4503496882,40,2687,2815.6,2288.4,0,0,738649.288604749,0,0,0
78089.4903487546,40,2819,2651.4,2199.2,0,0,738649.288605212,0,0,0
78089.530347821,40,2869.6,2508.6,2143,0,0,738649.288605675,0,0,0
78089.5703468874,40,2853.2,2390.8,2109.4,0,0,738649.288606138,0,0,0
78089.6103459538,40,2783,2311,2082.2,0,0,738649.288606601,0,0,0
78089.6503450202,40,2691.4,2249,2066.6,0,0,738649.288607064,0,0,0
78089.6903440866,40,2637,2216.6,2057.8,0,0,738649.288607527,0,0,0
78089.730343153,40,2666.4,2221.4,2057,0,0,738649.28860799,0,0,0
78089.7703422194,40,2761.2,2267,2072.2,0,0,738649.288608453,0,0,0
78089.8103412858,40,2890.8,2366,2097,0,0,738649.288608916,0,0,0
78089.8503403522,40,2935.4,2555.8,2154.6,0,0,738649.288609379,0,0,0
78089.8903394186,40,2778.2,2807.4,2266.4,0,0,738649.288609842,0,0,0
78089.930338485,40,2502.4,2995.6,2468,0,0,738649.288610305,0,0,0
78089.9703375514,40,2289.6,2934.2,2786.8,0,0,738649.288610768,0,0,0
78090.0103366178,40,2209.6,2773.2,2947.2,0,0,738649.288611231,0,0,0
78090.0503356842,40,2262.6,2886,2817.6,0,0,738649.288611694,0,0,0
78090.0903347506,40,2400.4,2957,2566.6,0,0,738649.288612157,0,0,0
78090.130333817,40,2547.6,2859.6,2367.6,0,0,738649.28861262,0,0,0
78090.1703328834,40,2709.4,2733.8,2255.4,0,0,738649.288613082,0,0,0
78090.2103319498,40,2795,2572.8,2178.6,0,0,738649.288613545,0,0,0
78090.2503310162,40,2821.8,2449.8,2132,0,0,738649.288614008,0,0,0
78090.2903300826,40,2790.6,2358.2,2103.2,0,0,738649.288614471,0,0,0
78090.330329149,40,2729,2285.8,2080.8,0,0,738649.288614934,0,0,0
78090.3703282154,40,2665.6,2238.2,2063.2,0,0,738649.288615397,0,0,0
78090.4103272818,40,2640.4,2212,2058.6,0,0,738649.28861586,0,0,0
78090.4503263482,40,2710.8,2243,2064,0,0,738649.288616323,0,0,0
78090.4903254146,40,2843.6,2303.2,2078,0,0,738649.288616786,0,0,0
78090.530324481,40,2996.2,2441.8,2114.4,0,0,738649.288617249,0,0,0
78090.5703235474,40,2962,2681,2191,0,0,738649.288617712,0,0,0
78090.6103226138,40,2713.6,2970.6,2334.8,0,0,738649.288618175,0,0,0
78090.6503216802,40,2420.8,3050.8,2597.2,0,0,738649.288618638,0,0,0
78090.6903207466,40,2236,2833.6,2892,0,0,738649.288619101,0,0,0
78090.730319813,40,2195.4,2713.8,2915.2,0,0,738649.288619564,0,0,0
78090.7703188794,40,2269,2887.4,2815.8,0,0,738649.288620027,0,0,0
78090.8103179458,40,2419.4,3024.6,2579.8,0,0,738649.28862049,0,0,0
78090.8503170122,40,2640.2,2986.6,2377.2,0,0,738649.288620953,0,0,0
78090.8903160786,40,2825,2782.2,2243.2,0,0,738649.288621416,0,0,0
78090.930315145,40,2922.8,2586.2,2163,0,0,738649.288621878,0,0,0
78090.9703142114,40,2920.6,2438.8,2114.8,0,0,738649.288622341,0,0,0
78091.0103132778,40,2848.2,2333.8,2088.2,0,0,738649.288622804,0,0,0
78091.0503123442,40,2746.2,2263,2067.6,0,0,738649.288623267,0,0,0
78091.0903114106,40,2642.8,2213.6,2056.2,0,0,738649.28862373,0,0,0
78091.130310477,40,2639.4,2209.6,2052.2,0,0,738649.288624193,0,0,0
78091.1703095434,40,2712.8,2237.6,2060,0,0,738649.288624656,0,0,0
78091.2103086098,40,2883.8,2330.4,2084.4,0,0,738649.288625119,0,0,0
78091.2503076762,40,2998,2531.4,2138.4,0,0,738649.288625582,0,0,0
78091.2903067426,40,2839.2,2867.4,2266.8,0,0,738649.288626045,0,0,0
78091.330305809,40,2473.6,3078.6,2543.4,0,0,738649.288626508,0,0,0
78091.3703048754,40,2226.4,2806.8,2898,0,0,738649.288626971,0,0,0
78091.4103039418,40,2186.8,2701.2,2937.4,0,0,738649.288627434,0,0,0
78091.4503030082,40,2287.2,2919,2780.8,0,0,738649.288627897,0,0,0
78091.4903020746,40,2459.6,2985.2,2505.2,0,0,738649.28862836,0,0,0
78091.530301141,40,2647.4,2872.4,2334.4,0,0,738649.288628823,0,0,0
78091.5703002074,40,2769.6,2699,2228,0,0,738649.288629286,0,0,0
78091.6102992738,40,2910.6,2577,2160.6,0,0,738649.288629749,0,0,0
78091.6502983402,40,2900.2,2435.4,2118.6,0,0,738649.288630212,0,0,0
78091.6902974066,40,2847.8,2341.6,2092.2,0,0,738649.288630675,0,0,0
78091.730296473,40,2765,2273.6,2072.2,0,0,738649.288631138,0,0,0
78091.7702955394,40,2693,2232,2059.6,0,0,738649.2886316,0,0,0
78091.8102946058,40,2725.6,2235.4,2062.4,0,0,738649.288632063,0,0,0
78091.8502936722,40,2840.8,2286.6,2074.8,0,0,738649.288632526,0,0,0
78091.8902927386,40,2976.8,2420.8,2105.6,0,0,738649.288632989,0,0,0
78091.930291805,40,2936,2670.4,2188,0,0,738649.288633452,0,0,0
78091.9702908714,40,2646.4,2955.6,2358.4,0,0,738649.288633915,0,0,0
78092.0102899378,40,2340.4,2973.4,2681,0,0,738649.288634378,0,0,0
78092.0502890042,40,2194.6,2714.6,2932.6,0,0,738649.288634841,0,0,0
78092.0902880706,40,2212.6,2753.8,2873.8,0,0,738649.288635304,0,0,0
78092.130287137,40,2339,2945,2661.2,0,0,738649.288635767,0,0,0
78092.1702862034,40,2483.4,2824,2400.2,0,0,738649.28863623,0,0,0
78092.2102852698,40,2611.6,2729.2,2282.6,0,0,738649.288636693,0,0,0
78092.2502843362,40,2720.8,2578.8,2195.4,0,0,738649.288637156,0,0,0
78092.2902834026,40,2786.6,2463,2142.6,0,0,738649.288637619,0,0,0
78092.330282469,40,2795.8,2366.4,2102.8,0,0,738649.288638082,0,0,0
78092.3702815354,40,2748.6,2280.4,2077.8,0,0,738649.288638545,0,0,0
78092.4102806018,40,2670.2,2228.4,2060.8,0,0,738649.288639008,0,0,0
78092.4502796682,40,2687.2,2227,2059.8,0,0,738649.288639471,0,0,0
78092.4902787346,40,2830,2280.8,2070.2,0,0,738649.288639934,0,0,0
78092.530277801,40,2973.8,2419,2108,0,0,738649.288640397,0,0,0
78092.5702768674,40,2953.6,2679,2190,0,0,738649.28864086,0,0,0
78092.6102759338,40,2663.6,2979.8,2361.2,0,0,738649.288641323,0,0,0
78092.6502750002,40,2349,2980.6,2673.4,0,0,738649.288641786,0,0,0
78092.6902740666,40,2190.6,2696.8,2912.6,0,0,738649.288642248,0,0,0
78092.730273133,40,2188.2,2713.4,2943.4,0,0,738649.288642711,0,0,0
78092.7702721994,40,2288.2,2935,2770.4,0,0,738649.288643174,0,0,0
78092.8102712658,40,2464.8,3002.4,2513.2,0,0,738649.288643637,0,0,0
78092.8502703322,40,2628,2857.6,2327.8,0,0,738649.2886441,0,0,0
78092.8902693986,40,2796.6,2694.8,2219.4,0,0,738649.288644563,0,0,0
78092.930268465,40,2853.8,2521.6,2152,0,0,738649.288645026,0,0,0
78092.9702675314,40,2846,2400,2107.2,0,0,738649.288645489,0,0,0
78093.0102665978,40,2772,2302.6,2081.4,0,0,738649.288645952,0,0,0
78093.0502656642,40,2678.4,2239.6,2064,0,0,738649.288646415,0,0,0
78093.0902647306,40,2637.4,2214.6,2060.6,0,0,738649.288646878,0,0,0
78093.130263797,40,2709,2230.8,2057.4,0,0,738649.288647341,0,0,0
78093.1702628634,40,2872.8,2310,2077.4,0,0,738649.288647804,0,0,0
78093.2102619298,40,2996,2469.8,2124,0,0,738649.288648267,0,0,0
78093.2502609962,40,2880.2,2721,2208.6,0,0,738649.28864873,0,0,0
78093.2902600626,40,2602.8,2969.6,2387.2,0,0,738649.288649193,0,0,0
78093.330259129,40,2328.6,2960,2690.6,0,0,738649.288649656,0,0,0
78093.3702581954,40,2199,2750.8,2951.4,0,0,738649.288650119,0,0,0
78093.4102572618,40,2220.4,2802.6,2918,0,0,738649.288650581,0,0,0
78093.4502563282,40,2327.4,2953.6,2680.6,0,0,738649.288651044,0,0,0
78093.4902553946,40,2481,2922.6,2451.2,0,0,738649.288651507,0,0,0
78093.530254461,40,2623,2787,2300.8,0,0,738649.28865197,0,0,0
78093.5702535274,40,2780.8,2647.4,2204.8,0,0,738649.288652433,0,0,0
78093.6102525938,40,2826,2486.6,2145.6,0,0,738649.288652896,0,0,0
78093.6502516602,40,2806.8,2369.2,2105.6,0,0,738649.288653359,0,0,0
78093.6902507266,40,2732.8,2282.8,2077.4,0,0,738649.288653822,0,0,0
78093.730249793,40,2656.8,2231.8,2060.2,0,0,738649.288654285,0,0,0
78093.7702488594,40,2640.8,2212.2,2054.8,0,0,738649.288654748,0,0,0
78093.8102479258,40,2741.8,2242.2,2063.6,0,0,738649.288655211,0,0,0
78093.8502469922,40,2887.2,2331.8,2086,0,0,738649.288655674,0,0,0
78093.8902460586,40,2959.8,2496.6,2130.6,0,0,738649.288656137,0,0,0
78093.930245125,40,2847.4,2751.4,2230.4,0,0,738649.2886566,0,0,0
78093.9702441914,40,2571,2985.8,2411.4,0,0,738649.288657063,0,0,0
78094.0102432578,40,2313.8,2976.2,2734.4,0,0,738649.288657526,0,0,0
78094.0502423242,40,2196.6,2754.6,2962,0,0,738649.288657989,0,0,0
78094.0902413906,40,2231,2815.8,2869.6,0,0,738649.288658452,0,0,0
78094.130240457,40,2357.2,2986,2649.8,0,0,738649.288658915,0,0,0
78094.1702395234,40,2531.8,2977.4,2439.4,0,0,738649.288659378,0,0,0
78094.2102385898,40,2712.8,2861.8,2299.4,0,0,738649.288659841,0,0,0
78094.2502376562,40,2836.8,2654.6,2199.4,0,0,738649.288660304,0,0,0
78094.2902367226,40,2883.8,2503.8,2144.4,0,0,738649.288660766,0,0,0
78094.330235789,40,2853.8,2387.2,2110,0,0,738649.288661229,0,0,0
78094.3702348554,40,2782.4,2302.8,2084.2,0,0,738649.288661692,0,0,0
78094.4102339218,40,2694.2,2246.6,2066.8,0,0,738649.288662155,0,0,0
78094.4502329882,40,2669.6,2226.4,2059.6,0,0,738649.288662618,0,0,0
78094.4902320546,40,2774,2258.4,2066.2,0,0,738649.288663081,0,0,0
78094.530231121,40,2922.6,2354.2,2091.6,0,0,738649.288663544,0,0,0
78094.5702301874,40,2985.2,2534.6,2141,0,0,738649.288664007,0,0,0
78094.6102292538,40,2799.4,2800.2,2253.6,0,0,738649.28866447,0,0,0
78094.6502283202,40,2508.2,3009.4,2467.8,0,0,738649.288664933,0,0,0
78094.6902273866,40,2274.6,2908.8,2804,0,0,738649.288665396,0,0,0
78094.730226453,40,2176.4,2702.4,2997.4,0,0,738649.288665859,0,0,0
78094.7702255194,40,2215.6,2803.2,2915.4,0,0,738649.288666322,0,0,0
78094.8102245858,40,2343.2,2968,2667.2,0,0,738649.288666785,0,0,0
78094.8502236522,40,2507,2936.6,2438.6,0,0,738649.288667248,0,0,0
78094.8902227186,40,2646.8,2765,2292.2,0,0,738649.288667711,0,0,0
78094.930221785,40,2792.6,2631.8,2199.4,0,0,738649.288668174,0,0,0
78094.9702208514,40,2837.4,2486,2145.2,0,0,738649.288668637,0,0,0
78095.0102199178,40,2813.4,2379.6,2107.4,0,0,738649.2886691,0,0,0
78095.0502189842,40,2749,2295.8,2080,0,0,738649.288669563,0,0,0
78095.0902180506,40,2675.6,2234.8,2064,0,0,738649.288670026,0,0,0
78095.130217117,40,2663.6,2219.8,2058,0,0,738649.288670489,0,0,0
78095.1702161834,40,2795.6,2264.6,2066.6,0,0,738649.288670951,0,0,0
78095.2102152498,40,2938.4,2365.2,2094.4,0,0,738649.288671414,0,0,0
78095.2502143162,40,2963.6,2567.2,2154,0,0,738649.288671877,0,0,0
78095.2902133826,40,2767.6,2842.6,2272.6,0,0,738649.28867234,0,0,0
78095.330212449,40,2477.2,3016.6,2498.2,0,0,738649.288672803,0,0,0
78095.3702115154,40,2272.2,2908.2,2814,0,0,738649.288673266,0,0,0
78095.4102105818,40,2199.8,2749.6,2960,0,0,738649.288673729,0,0,0
78095.4502096482,40,2257,2874.2,2848.4,0,0,738649.288674192,0,0,0
78095.4902087146,40,2393.2,3001.8,2601.8,0,0,738649.288674655,0,0,0
78095.530207781,40,2561.8,2920.6,2390.4,0,0,738649.288675118,0,0,0
78095.5702068474,40,2725.8,2770,2262.6,0,0,738649.288675581,0,0,0
78095.6102059138,40,2821.4,2592.2,2181.2,0,0,738649.288676044,0,0,0
78095.6502049802,40,2852,2459,2128.6,0,0,738649.288676507,0,0,0
78095.6902040466,40,2804.2,2354.6,2099.2,0,0,738649.28867697,0,0,0
78095.730203113,40,2724.4,2278,2075.2,0,0,738649.288677433,0,0,0
78095.7702021794,40,2651.4,2229,2061.8,0,0,738649.288677896,0,0,0
78095.8102012458,40,2652.8,2220.8,2058.2,0,0,738649.288678359,0,0,0
78095.8502003122,40,2742.6,2255.2,2066.6,0,0,738649.288678822,0,0,0
78095.8901993786,40,2856.2,2338.8,2091.6,0,0,738649.288679285,0,0,0
78095.930198445,40,2938.4,2495.4,2138.8,0,0,738649.288679747,0,0,0
78095.9701975114,40,2834.2,2729.4,2225,0,0,738649.28868021,0,0,0
78096.0101965778,40,2569.4,2941.4,2395.6,0,0,738649.288680673,0,0,0
78096.0501956442,40,2332.6,2937.4,2674.6,0,0,738649.288681136,0,0,0
78096.0901947106,40,2196.2,2725.8,2904.8,0,0,738649.288681599,0,0,0
78096.130193777,40,2199.6,2750,2936.2,0,0,738649.288682062,0,0,0
78096.1701928434,40,2304.4,2941.6,2746,0,0,738649.288682525,0,0,0
78096.2101919098,40,2471.8,2990.6,2505,0,0,738649.288682988,0,0,0
78096.2501909762,40,2659.2,2882.2,2328.6,0,0,738649.288683451,0,0,0
78096.2901900426,40,2764.8,2667.6,2221,0,0,738649.288683914,0,0,0
78096.330189109,40,2838.6,2524.4,2152.4,0,0,738649.288684377,0,0,0
78096.3701881754,40,2835.8,2404,2111,0,0,738649.28868484,0,0,0
78096.4101872418,40,2782.2,2316,2087.8,0,0,738649.288685303,0,0,0
78096.4501863082,40,2698,2254.8,2067.6,0,0,738649.288685766,0,0,0
78096.4901853746,40,2680.8,2237,2063.8,0,0,738649.288686229,0,0,0
78096.530184441,40,2772.6,2273.2,2070.4,0,0,738649.288686692,0,0,0
78096.5701835074,40,2938,2387.6,2100.2,0,0,738649.288687155,0,0,0
78096.6101825738,40,2970.4,2590.2,2163.6,0,0,738649.288687618,0,0,0
78096.6501816402,40,2759.8,2867.4,2286.8,0,0,738649.288688081,0,0,0
78096.6901807066,40,2468,3017.4,2518.8,0,0,738649.288688544,0,0,0
78096.730179773,40,2249.8,2853.8,2826.8,0,0,738649.288689007,0,0,0
78096.7701788394,40,2163,2600.4,2897.4,0,0,738649.28868947,0,0,0
78096.8101779058,40,2180,2694.6,2957,0,0,738649.288689932,0,0,0
78096.8501769722,40,2275.8,2914.8,2811.2,0,0,738649.288690395,0,0,0
78096.8901760386,40,2438.6,3026.8,2548.2,0,0,738649.288690858,0,0,0
78096.930175105,40,2640.6,2940.6,2351.6,0,0,738649.288691321,0,0,0
78096.9701741714,40,2804.8,2743.2,2229.4,0,0,738649.288691784,0,0,0
78097.0101732378,40,2872.2,2552.6,2159,0,0,738649.288692247,0,0,0
78097.0501723042,40,2851,2421.6,2120.4,0,0,738649.28869271,0,0,0
78097.0901713706,40,2768.4,2324,2091,0,0,738649.288693173,0,0,0
78097.130170437,40,2684.6,2258.4,2071,0,0,738649.288693636,0,0,0
78097.1701695034,40,2617.6,2220.8,2054.2,0,0,738649.288694099,0,0,0
78097.2101685698,40,2646.8,2224.2,2061.8,0,0,738649.288694562,0,0,0
78097.2501676362,40,2775.4,2282.6,2073.4,0,0,738649.288695025,0,0,0
78097.2901667026,40,2913.2,2410.2,2106.8,0,0,738649.288695488,0,0,0
78097.330165769,40,2913.4,2641.6,2182.8,0,0,738649.288695951,0,0,0
78097.3701648354,40,2695.8,2919.6,2326.2,0,0,738649.288696414,0,0,0
78097.4101639018,40,2421.2,3042.2,2589,0,0,738649.288696877,0,0,0
78097.4501629682,40,2226,2806.2,2887.2,0,0,738649.28869734,0,0,0
78097.4901620346,40,2168.6,2656,2990.6,0,0,738649.288697803,0,0,0
78097.530161101,40,2212.6,2774.8,2898.2,0,0,738649.288698266,0,0,0
78097.5701601674,40,2330,2933.2,2680,0,0,738649.288698729,0,0,0
78097.6101592338,40,2496.8,2947.8,2453.2,0,0,738649.288699192,0,0,0
78097.6501583002,40,2670.2,2810.6,2291,0,0,738649.288699655,0,0,0
78097.6901573666,40,2803.4,2648.4,2200.4,0,0,738649.288700117,0,0,0
78097.730156433,40,2852.8,2498.8,2142.4,0,0,738649.28870058,0,0,0
78097.7701554994,40,2824.6,2383.8,2105.6,0,0,738649.288701043,0,0,0
78097.8101545658,40,2750.6,2301,2084.6,0,0,738649.288701506,0,0,0
78097.8501536322,40,2651.2,2239.2,2067,0,0,738649.288701969,0,0,0
78097.8901526986,40,2614.2,2216.4,2057.8,0,0,738649.288702432,0,0,0
78097.930151765,40,2658.4,2230.6,2058.6,0,0,738649.288702895,0,0,0
78097.9701508314,40,2740.8,2268,2073,0,0,738649.288703358,0,0,0
78098.0101498978,40,2871.6,2366.4,2099,0,0,738649.288703821,0,0,0
78098.0501489642,40,2936,2547.2,2153.8,0,0,738649.288704284,0,0,0
78098.0901480306,40,2794.8,2804,2258.2,0,0,738649.288704747,0,0,0
78098.130147097,40,2532,3020,2458.4,0,0,738649.28870521,0,0,0
78098.1701461634,40,2298.8,2935,2758.2,0,0,738649.288705673,0,0,0
78098.2101452298,40,2185.2,2711.4,2980.2,0,0,738649.288706136,0,0,0
78098.2501442962,40,2200.2,2738,2903.8,0,0,738649.288706599,0,0,0
78098.2901433626,40,2303.6,2908.8,2714.6,0,0,738649.288707062,0,0,0
78098.330142429,40,2450.2,2900.4,2468.6,0,0,738649.288707525,0,0,0
78098.3701414954,40,2604,2781,2312.8,0,0,738649.288707988,0,0,0
78098.4101405618,40,2745,2644.8,2213,0,0,738649.288708451,0,0,0
78098.4501396282,40,2800,2495.4,2148.6,0,0,738649.288708913,0,0,0
78098.4901386946,40,2795.4,2387.4,2110.8,0,0,738649.288709376,0,0,0
78098.530137761,40,2724.8,2299.4,2084.4,0,0,738649.288709839,0,0,0
78098.5701368274,40,2649.6,2241.4,2066.6,0,0,738649.288710302,0,0,0
78098.6101358938,40,2602.8,2203.4,2056.8,0,0,738649.288710765,0,0,0
78098.6501349602,40,2662.4,2222.4,2060.2,0,0,738649.288711228,0,0,0
78098.6901340266,40,2788.8,2284.4,2072.6,0,0,738649.288711691,0,0,0
78098.730133093,40,2917.4,2407,2107.8,0,0,738649.288712154,0,0,0
78098.7701321594,40,2925.6,2628.6,2183,0,0,738649.288712617,0,0,0
78098.8101312258,40,2731,2910.6,2315.4,0,0,738649.28871308,0,0,0
78098.8501302922,40,2445.6,3040,2547.6,0,0,738649.288713543,0,0,0
78098.8901293586,40,2256.8,2865,2834.2,0,0,738649.288714006,0,0,0
78098.930128425,40,2204.2,2754,2945,0,0,738649.288714469,0,0,0
78098.9701274914,40,2262.4,2878,2811.6,0,0,738649.288714932,0,0,0
78099.0101265578,40,2389.2,2961.8,2581.8,0,0,738649.288715395,0,0,0
78099.0501256242,40,2555.8,2895.2,2390.6,0,0,738649.288715858,0,0,0
78099.0901246906,40,2692.6,2757.8,2266.6,0,0,738649.288716321,0,0,0
78099.130123757,40,2776.6,2594.4,2189.4,0,0,738649.288716784,0,0,0
78099.1701228234,40,2806.4,2470,2142.8,0,0,738649.288717247,0,0,0
78099.2101218898,40,2780.4,2370.8,2109.4,0,0,738649.28871771,0,0,0
78099.2501209562,40,2701.6,2287.8,2083.4,0,0,738649.288718173,0,0,0
78099.2901200226,40,2651.8,2238.6,2061.6,0,0,738649.288718635,0,0,0
78099.330119089,40,2660.8,2222.2,2058,0,0,738649.288719098,0,0,0
78099.3701181554,40,2766.4,2258.6,2067.6,0,0,738649.288719561,0,0,0
78099.4101172218,40,2925.6,2348.2,2089.6,0,0,738649.288720024,0,0,0
78099.4501162882,40,2961.4,2514.4,2142.6,0,0,738649.288720487,0,0,0
78099.4901153546,40,2841.4,2779.4,2241.4,0,0,738649.28872095,0,0,0
78099.530114421,40,2569.4,2999,2418,0,0,738649.288721413,0,0,0
78099.5701134874,40,2332.8,2971.4,2701.2,0,0,738649.288721876,0,0,0
78099.6101125538,40,2216,2757.8,2863.8,0,0,738649.288722339,0,0,0
78099.6501116202,40,2236,2814.2,2855.8,0,0,738649.288722802,0,0,0
78099.6901106866,40,2350.2,2991.6,2674.6,0,0,738649.288723265,0,0,0
78099.730109753,40,2531.8,3035,2466.6,0,0,738649.288723728,0,0,0
78099.7701088194,40,2700.6,2857.8,2301.6,0,0,738649.288724191,0,0,0
78099.8101078858,40,2808.6,2661.8,2205.6,0,0,738649.288724654,0,0,0
78099.8501069522,40,2834,2510.2,2153.6,0,0,738649.288725117,0,0,0
78099.8901060186,40,2798.8,2394,2115.4,0,0,738649.28872558,0,0,0
78099.930105085,40,2731.6,2320.2,2092.6,0,0,738649.288726043,0,0,0
78099.9701041514,40,2672.4,2264,2075.4,0,0,738649.288726506,0,0,0
78100.0101032178,40,2613.8,2224.4,2061.4,0,0,738649.288726969,0,0,0
78100.0501022842,40,2648.6,2225.2,2063.2,0,0,738649.288727432,0,0,0
78100.0901013506,40,2753.4,2264,2066,0,0,738649.288727895,0,0,0
78100.130100417,40,2923,2373.4,2099.4,0,0,738649.288728358,0,0,0
78100.1880990632,58,2928.6,2703.4,2203.4,0,0,738649.288729029,0,0,0
78100.2280981297,40,2684,2981.8,2355.4,0,0,738649.288729492,0,0,0
78100.2680971961,40,2406.2,3032.6,2609.8,0,0,738649.288729955,0,0,0
78100.3080962625,40,2245.2,2833.8,2840.2,0,0,738649.288730418,0,0,0
78100.3480953289,40,2245,2820.4,2844,0,0,738649.288730881,0,0,0
78100.3880943953,40,2346.2,2987.4,2685.8,0,0,738649.288731344,0,0,0
78100.4280934617,40,2497.6,2985.4,2466.2,0,0,738649.288731806,0,0,0
78100.4680925281,40,2668.4,2864,2315.6,0,0,738649.288732269,0,0,0
78100.5080915945,40,2789.6,2699.6,2216.8,0,0,738649.288732732,0,0,0
78100.5480906609,40,2855.8,2546.8,2157,0,0,738649.288733195,0,0,0
78100.5880897272,40,2840.2,2426.2,2119.6,0,0,738649.288733658,0,0,0
78100.6280887937,40,2782.2,2340.8,2092.2,0,0,738649.288734121,0,0,0
78100.66808786,40,2709,2276.4,2078,0,0,738649.288734584,0,0,0
78100.7080869265,40,2624,2226.6,2060.6,0,0,738649.288735047,0,0,0
78100.7480859928,40,2609,2210.6,2054.8,0,0,738649.28873551,0,0,0
78100.7880850593,40,2684.8,2238.2,2058.6,0,0,738649.288735973,0,0,0
78100.8280841256,40,2817.2,2300.4,2078.2,0,0,738649.288736436,0,0,0
78100.8680831921,40,2968.4,2453,2120.2,0,0,738649.288736899,0,0,0
78100.9080822585,40,2922.6,2696.4,2199.8,0,0,738649.288737362,0,0,0
78100.9480813249,40,2672.8,2978.6,2361.8,0,0,738649.288737825,0,0,0
78100.9880803913,40,2388.4,3025.8,2622.8,0,0,738649.288738288,0,0,0
78101.0280794577,40,2230.6,2822.6,2889,0,0,738649.288738751,0,0,0
78101.0680785241,40,2219.6,2779,2876.2,0,0,738649.288739214,0,0,0
78101.1080775905,40,2319.6,2951.8,2717,0,0,738649.288739677,0,0,0
78101.1480766569,40,2480.2,2982.4,2489,0,0,738649.28874014,0,0,0
78101.1880757233,40,2664.8,2881,2326.6,0,0,738649.288740603,0,0,0
78101.2280747897,40,2807.8,2701.6,2220.2,0,0,738649.288741066,0,0,0
78101.2680738561,40,2900.2,2547.4,2153.8,0,0,738649.288741529,0,0,0
78101.3080729224,40,2883.4,2419.4,2119,0,0,738649.288741991,0,0,0
78101.3480719889,40,2813.6,2333.4,2088,0,0,738649.288742454,0,0,0
78101.3880710552,40,2728.8,2266.4,2073.4,0,0,738649.288742917,0,0,0
78101.4280701217,40,2640,2219.4,2057.8,0,0,738649.28874338,0,0,0
78101.468069188,40,2619,2208.4,2057.8,0,0,738649.288743843,0,0,0
78101.5080682545,40,2684.2,2231,2059.2,0,0,738649.288744306,0,0,0
78101.5480673209,40,2804.6,2287.6,2075,0,0,738649.288744769,0,0,0
78101.5880663873,40,2942.6,2417,2115.8,0,0,738649.288745232,0,0,0
78101.6280654537,40,2937.4,2640.6,2183.8,0,0,738649.288745695,0,0,0
78101.6680645201,40,2730,2932.6,2317.2,0,0,738649.288746158,0,0,0
78101.7080635865,40,2443.2,3055.4,2567.4,0,0,738649.288746621,0,0,0
78101.7480626529,40,2250.2,2862.8,2879.4,0,0,738649.288747084,0,0,0
78101.7880617193,40,2204.8,2748.2,2905.6,0,0,738649.288747547,0,0,0
78101.8280607857,40,2274,2915,2803.6,0,0,738649.28874801,0,0,0
78101.8680598521,40,2419.2,3014,2572.4,0,0,738649.288748473,0,0,0
78101.9080589185,40,2618.2,2968.8,2379.4,0,0,738649.288748936,0,0,0
78101.9480579848,40,2782.4,2775.8,2253.6,0,0,738649.288749399,0,0,0
78101.9880570513,40,2896.6,2606.8,2172.6,0,0,738649.288749862,0,0,0
78102.0280561176,40,2904.6,2463.4,2126.4,0,0,738649.288750325,0,0,0
78102.0680551841,40,2857.4,2357.6,2092.8,0,0,738649.288750787,0,0,0
78102.1080542504,40,2776.2,2282.2,2074,0,0,738649.28875125,0,0,0
78102.1480533169,40,2674.2,2225.8,2060,0,0,738649.288751713,0,0,0
78102.1880523833,40,2630.6,2205.6,2052.4,0,0,738649.288752176,0,0,0
78102.2280514497,40,2678,2222.2,2056.4,0,0,738649.288752639,0,0,0
78102.2680505161,40,2784.2,2268.4,2070.8,0,0,738649.288753102,0,0,0
78102.3080495825,40,2919.2,2377.8,2100,0,0,738649.288753565,0,0,0
78102.3480486489,40,2963.8,2583,2161.8,0,0,738649.288754028,0,0,0
78102.3880477153,40,2784.2,2867.4,2282,0,0,738649.288754491,0,0,0
78102.4280467817,40,2490.2,3053.8,2505.4,0,0,738649.288754954,0,0,0
78102.4680458481,40,2278,2900.8,2809.2,0,0,738649.288755417,0,0,0
78102.5080449145,40,2193.6,2742,2953.2,0,0,738649.28875588,0,0,0
78102.5480439809,40,2237.6,2841.8,2858.2,0,0,738649.288756343,0,0,0
78102.5880430472,40,2363.2,2990,2650.4,0,0,738649.288756806,0,0,0
78102.6280421137,40,2547,3017,2446.8,0,0,738649.288757269,0,0,0
78102.66804118,40,2728.4,2851.4,2283.8,0,0,738649.288757732,0,0,0
78102.7080402465,40,2873.6,2664.2,2196.4,0,0,738649.288758195,0,0,0
78102.7480393128,40,2924.4,2512.2,2136.2,0,0,738649.288758658,0,0,0
78102.7880383793,40,2888.2,2391,2102.4,0,0,738649.288759121,0,0,0
78102.8280374457,40,2808.2,2301.4,2080.8,0,0,738649.288759584,0,0,0
78102.8680365121,40,2701.8,2244.4,2060.6,0,0,738649.288760047,0,0,0
78102.9080355785,40,2640.2,2211.6,2057,0,0,738649.28876051,0,0,0
78102.9480346449,40,2656,2215.4,2053.8,0,0,738649.288760972,0,0,0
78102.9880337113,40,2725.8,2241.6,2062.6,0,0,738649.288761435,0,0,0
78103.0280327777,40,2821.4,2294.6,2075.6,0,0,738649.288761898,0,0,0
78103.0680318441,40,2911.8,2375.2,2099,0,0,738649.288762361,0,0,0
78103.1080309105,40,2950.4,2482.4,2131.4,0,0,738649.288762824,0,0,0
78103.1480299769,40,2930.6,2617.6,2174.2,0,0,738649.288763287,0,0,0
78103.1880290433,40,2847.2,2727.2,2223.2,0,0,738649.28876375,0,0,0
78103.2280281097,40,2770.8,2787.8,2258,0,0,738649.288764213,0,0,0
78103.2680271761,40,2729.4,2794,2273.8,0,0,738649.288764676,0,0,0
78103.3080262424,40,2723.8,2764.2,2260,0,0,738649.288765139,0,0,0
78103.3480253089,40,2714,2740.2,2259.8,0,0,738649.288765602,0,0,0
78103.3880243753,40,2693.6,2728,2257.8,0,0,738649.288766065,0,0,0
78103.4280234417,40,2671.8,2734.6,2265.8,0,0,738649.288766528,0,0,0
78103.4680225081,40,2665,2742.6,2271.6,0,0,738649.288766991,0,0,0
78103.5080215745,40,2667.4,2760,2277,0,0,738649.288767454,0,0,0
78103.5480206409,40,2676,2783.4,2283,0,0,738649.288767917,0,0,0
78103.5880197073,40,2684,2801,2291.2,0,0,738649.28876838,0,0,0
78103.6280187737,40,2697,2825,2296.2,0,0,738649.288768843,0,0,0
78103.6680178401,40,2691,2841.4,2298.8,0,0,738649.288769306,0,0,0
78103.7080169065,40,2694.4,2859.8,2303.4,0,0,738649.288769769,0,0,0
78103.7480159729,40,2691.6,2876.4,2312.4,0,0,738649.288770232,0,0,0
78103.7880150393,40,2685.8,2894.6,2319.4,0,0,738649.288770695,0,0,0
78103.8280141057,40,2689.8,2904.8,2323.2,0,0,738649.288771157,0,0,0
78103.8680131721,40,2679.2,2911,2328.4,0,0,738649.28877162,0,0,0
78103.9080122385,40,2672.8,2916.2,2336,0,0,738649.288772083,0,0,0
78103.9480113048,40,2660.8,2923.8,2339,0,0,738649.288772546,0,0,0
78103.9880103713,40,2651,2917.8,2344.2,0,0,738649.288773009,0,0,0
78104.0280094377,40,2646.2,2917,2350,0,0,738649.288773472,0,0,0
78104.0680085041,40,2625.2,2919.6,2356.2,0,0,738649.288773935,0,0,0
78104.1080075705,40,2617.2,2913.2,2359.8,0,0,738649.288774398,0,0,0
78104.1480066369,40,2600.4,2900.8,2363.6,0,0,738649.288774861,0,0,0
78104.1880057033,40,2581.2,2891.6,2370,0,0,738649.288775324,0,0,0
78104.2280047697,40,2564.8,2881.6,2370.2,0,0,738649.288775787,0,0,0
78104.2680038361,40,2549.8,2868.6,2374.6,0,0,738649.28877625,0,0,0
78104.3080029025,40,2535.4,2863.6,2381,0,0,738649.288776713,0,0,0
78104.3480019689,40,2528,2863.4,2385.8,0,0,738649.288777176,0,0,0
78104.3880010353,40,2524.6,2868.2,2390.8,0,0,738649.288777639,0,0,0
78104.4280001017,40,2521,2882,2397,0,0,738649.288778102,0,0,0
78104.4679991681,40,2518.4,2891,2407.4,0,0,738649.288778565,0,0,0
78104.5079982345,40,2515,2904.2,2412.8,0,0,738649.288779028,0,0,0
78104.5479973009,40,2516,2918,2420,0,0,738649.288779491,0,0,0
78104.5879963672,40,2515,2932.4,2426.6,0,0,738649.288779953,0,0,0
78104.6279954337,40,2513.6,2942.6,2438.2,0,0,738649.288780416,0,0,0
78104.6679945001,40,2504.2,2955.8,2446.2,0,0,738649.288780879,0,0,0
78104.7079935665,40,2501.8,2960.2,2455,0,0,738649.288781342,0,0,0
78104.7479926329,40,2495.8,2967.6,2462,0,0,738649.288781805,0,0,0
78104.7879916993,40,2491.2,2970.4,2468.4,0,0,738649.288782268,0,0,0
78104.8279907657,40,2480.6,2969,2474,0,0,738649.288782731,0,0,0
78104.8679898321,40,2473.6,2966.6,2479.2,0,0,738649.288783194,0,0,0
78104.9079888985,40,2464.6,2962.2,2485,0,0,738649.288783657,0,0,0
78104.9479879649,40,2462.4,2956.2,2490.6,0,0,738649.28878412,0,0,0
78104.9879870313,40,2449.2,2949.4,2493.8,0,0,738649.288784583,0,0,0
78105.0279860977,40,2439,2938.2,2497.8,0,0,738649.288785046,0,0,0
78105.0679851641,40,2425.6,2928,2503,0,0,738649.288785509,0,0,0
78105.1079842305,40,2418.4,2920.2,2509,0,0,738649.288785972,0,0,0
78105.1479832969,40,2412.6,2914,2514.8,0,0,738649.288786435,0,0,0
78105.1879823633,40,2408,2909.4,2521.4,0,0,738649.288786898,0,0,0
78105.2279814297,40,2398.2,2908.8,2529,0,0,738649.288787361,0,0,0
78105.2679804961,40,2394.8,2907.4,2532.4,0,0,738649.288787824,0,0,0
78105.3079795625,40,2389.2,2905,2538.6,0,0,738649.288788287,0,0,0
78105.3479786289,40,2383,2904.2,2548.8,0,0,738649.28878875,0,0,0
78105.3879776953,40,2378.6,2912,2559.4,0,0,738649.288789213,0,0,0
78105.4279767617,40,2377,2912.4,2567.2,0,0,738649.288789676,0,0,0
78105.4679758281,40,2371.2,2918.4,2578.6,0,0,738649.288790138,0,0,0
78105.5079748945,40,2370.4,2926,2587.4,0,0,738649.288790601,0,0,0
78105.5479739609,40,2361,2928.4,2598,0,0,738649.288791064,0,0,0
78105.5879730272,40,2359,2932.4,2608.4,0,0,738649.288791527,0,0,0
78105.6279720937,40,2354.2,2928.4,2618.2,0,0,738649.28879199,0,0,0
78105.66797116,40,2349.4,2932.4,2631.8,0,0,738649.288792453,0,0,0
78105.7079702265,40,2345.2,2925.8,2634,0,0,738649.288792916,0,0,0
78105.7479692928,40,2339,2923.6,2640.4,0,0,738649.288793379,0,0,0
78105.7879683593,40,2331,2912.2,2649.2,0,0,738649.288793842,0,0,0
78105.8279674256,40,2325.4,2903.8,2651.2,0,0,738649.288794305,0,0,0
78105.8679664921,40,2317.6,2892,2658.6,0,0,738649.288794768,0,0,0
78105.9079655585,40,2318.4,2887.2,2663,0,0,738649.288795231,0,0,0
78105.9479646249,40,2311.4,2873.4,2665.4,0,0,738649.288795694,0,0,0
78105.9879636913,40,2304.8,2868.8,2671.6,0,0,738649.288796157,0,0,0
78106.0279627577,40,2297.2,2859.6,2677.6,0,0,738649.28879662,0,0,0
78106.0679618241,40,2292.4,2851.4,2686.4,0,0,738649.288797083,0,0,0
78106.1079608905,40,2291.6,2855.6,2694,0,0,738649.288797546,0,0,0
78106.1479599569,40,2285,2847.6,2701.6,0,0,738649.288798009,0,0,0
78106.1879590233,40,2282,2849.2,2710,0,0,738649.288798472,0,0,0
78106.2279580897,40,2276.2,2846.6,2725,0,0,738649.288798935,0,0,0
78106.2679571561,40,2271.2,2837,2733.2,0,0,738649.288799398,0,0,0
78106.3079562224,40,2270.8,2837.6,2740,0,0,738649.288799861,0,0,0
78106.3479552889,40,2264,2834.2,2746.6,0,0,738649.288800323,0,0,0
78106.3879543552,40,2261,2826.6,2752.4,0,0,738649.288800786,0,0,0
78106.4279534217,40,2259,2820.2,2762.2,0,0,738649.288801249,0,0,0
78106.467952488,40,2255.8,2814,2767.6,0,0,738649.288801712,0,0,0
78106.5079515545,40,2249,2801.4,2772.6,0,0,738649.288802175,0,0,0
78106.5479506209,40,2245.2,2796.2,2771.8,0,0,738649.288802638,0,0,0
78106.5879496873,40,2239.8,2785.4,2779,0,0,738649.288803101,0,0,0
78106.6279487537,40,2238.4,2776.4,2779.2,0,0,738649.288803564,0,0,0
78106.6679478201,40,2233.4,2770,2788.2,0,0,738649.288804027,0,0,0
78106.7079468865,40,2229.4,2761.6,2789.2,0,0,738649.28880449,0,0,0
78106.7479459529,40,2222.2,2757.2,2797.2,0,0,738649.288804953,0,0,0
78106.7879450193,40,2221.2,2749.8,2803.2,0,0,738649.288805416,0,0,0
78106.8279440857,40,2217.8,2746.6,2810.2,0,0,738649.288805879,0,0,0
78106.8679431521,40,2216,2741.2,2816.6,0,0,738649.288806342,0,0,0
78106.9079422185,40,2209.4,2731.2,2828,0,0,738649.288806805,0,0,0
78106.9479412848,40,2207.8,2730.4,2832.8,0,0,738649.288807268,0,0,0
78106.9879403513,40,2205.4,2718,2838.8,0,0,738649.288807731,0,0,0
78107.0279394176,40,2199.2,2713.2,2846.4,0,0,738649.288808194,0,0,0
78107.0679384841,40,2200.8,2701.4,2848.2,0,0,738649.288808657,0,0,0
78107.1079375504,40,2197.2,2694,2854,0,0,738649.288809119,0,0,0
78107.1479366169,40,2191.4,2684.8,2857.2,0,0,738649.288809582,0,0,0
78107.1879356833,40,2187.8,2680.2,2860.4,0,0,738649.288810045,0,0,0
78107.2279347497,40,2184,2669.6,2859,0,0,738649.288810508,0,0,0
78107.2679338161,40,2180.2,2661,2865.6,0,0,738649.288810971,0,0,0
78107.3079328825,40,2180,2651,2866.4,0,0,738649.288811434,0,0,0
78107.3479319489,40,2173.4,2642.2,2867.2,0,0,738649.288811897,0,0,0
78107.3879310153,40,2173.4,2631.8,2872.2,0,0,738649.28881236,0,0,0
78107.4279300817,40,2168,2628.4,2872,0,0,738649.288812823,0,0,0
78107.4679291481,40,2166.4,2619,2879.8,0,0,738649.288813286,0,0,0
78107.5079282145,40,2163.6,2609.4,2885.4,0,0,738649.288813749,0,0,0
78107.5479272809,40,2160.6,2603.6,2889.6,0,0,738649.288814212,0,0,0
78107.5879263472,40,2155.6,2597,2890.6,0,0,738649.288814675,0,0,0
78107.6279254137,40,2153.4,2588.8,2897.2,0,0,738649.288815138,0,0,0
78107.66792448,40,2152.4,2582.2,2895.2,0,0,738649.288815601,0,0,0
78107.7079235465,40,2147,2573.8,2898.6,0,0,738649.288816064,0,0,0
78107.7479226128,40,2148.6,2568,2901.6,0,0,738649.288816527,0,0,0
78107.7879216793,40,2144.4,2557.6,2903.2,0,0,738649.28881699,0,0,0
78107.8279207457,40,2141,2553.2,2904.4,0,0,738649.288817453,0,0,0
78107.8679198121,40,2141.6,2543.2,2906.2,0,0,738649.288817916,0,0,0
78107.9079188785,40,2136,2532.8,2903.8,0,0,738649.288818379,0,0,0
78107.9479179449,40,2135.2,2525.4,2902.8,0,0,738649.288818841,0,0,0
78107.9879170113,40,2134.8,2522.6,2902.4,0,0,738649.288819304,0,0,0
78108.0279160777,40,2131,2515.6,2907.2,0,0,738649.288819767,0,0,0
78108.0679151441,40,2127.4,2505.2,2905.6,0,0,738649.28882023,0,0,0
78108.1079142105,40,2122.8,2495.4,2908,0,0,738649.288820693,0,0,0
78108.1479132769,40,2123.4,2490.2,2904.6,0,0,738649.288821156,0,0,0
78108.1879123433,40,2119.2,2484.4,2905.2,0,0,738649.288821619,0,0,0
78108.2279114097,40,2119.2,2473.6,2904.6,0,0,738649.288822082,0,0,0
78108.2679104761,40,2113.8,2467.2,2901.6,0,0,738649.288822545,0,0,0
78108.3079095424,40,2111.2,2461.2,2900.2,0,0,738649.288823008,0,0,0
78108.3479086089,40,2111.4,2452,2898.4,0,0,738649.288823471,0,0,0
78108.3879076752,40,2112.4,2449.2,2898.8,0,0,738649.288823934,0,0,0
78108.4279067417,40,2107.2,2441,2892.8,0,0,738649.288824397,0,0,0
78108.4679058081,40,2107,2435.2,2889.6,0,0,738649.28882486,0,0,0
78108.5079048745,40,2104.4,2426.6,2888.8,0,0,738649.288825323,0,0,0
