25053.7542317277,40,2654.4,2869.6,2325.8,0,0,738648.674765674,0,0,0
25053.7942307941,40,2649.6,2868.8,2330.2,0,0,738648.674766137,0,0,0
25053.8342298605,40,2635.8,2874.4,2334,0,0,738648.6747666,0,0,0
25053.8742289269,40,2628.2,2865.4,2334,0,0,738648.674767063,0,0,0
25053.9142279933,40,2623,2862.8,2337.2,0,0,738648.674767526,0,0,0
25053.9542270597,40,2614.2,2856,2345,0,0,738648.674767989,0,0,0
25053.9942261261,40,2606,2853,2343.4,0,0,738648.674768452,0,0,0
25054.0342251925,40,2595.4,2842.8,2344.8,0,0,738648.674768914,0,0,0
25054.0742242589,40,2590.2,2832.6,2343.4,0,0,738648.674769377,0,0,0
25054.1142233253,40,2586,2830.4,2345.6,0,0,738648.67476984,0,0,0
25054.1542223917,40,2588,2828.6,2343.6,0,0,738648.674770303,0,0,0
25054.1942214581,40,2584.4,2827.4,2344.4,0,0,738648.674770766,0,0,0
25054.2342205245,40,2583.2,2825.8,2341.6,0,0,738648.674771229,0,0,0
25054.2742195909,40,2586.4,2820.2,2339.2,0,0,738648.674771692,0,0,0
25054.3142186573,40,2589,2816.2,2333.4,0,0,738648.674772155,0,0,0
25054.3542177237,40,2599.4,2812.6,2329.6,0,0,738648.674772618,0,0,0
25054.3942167901,40,2612.2,2801.2,2321.4,0,0,738648.674773081,0,0,0
25054.4342158565,40,2629,2791.4,2306.4,0,0,738648.674773544,0,0,0
25054.4742149229,40,2647.2,2779.4,2293.6,0,0,738648.674774007,0,0,0
25054.5142139893,40,2669,2756.6,2281,0,0,738648.67477447,0,0,0
25054.5542130557,40,2693.2,2734.8,2261.4,0,0,738648.674774933,0,0,0
25054.5942121221,40,2723,2697,2245,0,0,738648.674775396,0,0,0
25054.6342111885,40,2751.4,2657.2,2220.2,0,0,738648.674775859,0,0,0
25054.6742102549,40,2785.4,2620.8,2198.6,0,0,738648.674776322,0,0,0
25054.7142093213,40,2800.8,2593.8,2185.8,0,0,738648.674776785,0,0,0
25054.7542083877,40,2821.2,2571.2,2176.6,0,0,738648.674777248,0,0,0
25054.7942074541,40,2826.2,2564.4,2170.6,0,0,738648.674777711,0,0,0
25054.8342065205,40,2825.2,2575.4,2181.2,0,0,738648.674778174,0,0,0
25054.8742055869,40,2824.6,2592,2182.8,0,0,738648.674778637,0,0,0
25054.9142046533,40,2830,2608.8,2187.2,0,0,738648.674779099,0,0,0
25054.9542037197,40,2843.2,2627,2194.6,0,0,738648.674779562,0,0,0
25054.9942027861,40,2850.6,2652.6,2197.6,0,0,738648.674780025,0,0,0
25055.0342018525,40,2819.4,2696.8,2219.2,0,0,738648.674780488,0,0,0
25055.0742009189,40,2728,2774.4,2268.8,0,0,738648.674780951,0,0,0
25055.1141999853,40,2584.4,2845.2,2349.2,0,0,738648.674781414,0,0,0
25055.1541990517,40,2480.8,2876,2431.4,0,0,738648.674781877,0,0,0
25055.1941981181,40,2517.6,2888.2,2412.4,0,0,738648.67478234,0,0,0
25055.2341971845,40,2625,2849,2332,0,0,738648.674782803,0,0,0
25055.2741962509,40,2733.4,2790,2271.6,0,0,738648.674783266,0,0,0
25055.3141953173,40,2803.6,2724.8,2232.8,0,0,738648.674783729,0,0,0
25055.3541943837,40,2847.2,2668.8,2205.8,0,0,738648.674784192,0,0,0
25055.3941934501,40,2871.8,2636.6,2188,0,0,738648.674784655,0,0,0
25055.4341925165,40,2889,2618,2181.6,0,0,738648.674785118,0,0,0
25055.4741915829,40,2893.8,2619,2181.4,0,0,738648.674785581,0,0,0
25055.5141906493,40,2894,2624.6,2182.4,0,0,738648.674786044,0,0,0
25055.5541897157,40,2890.4,2645.4,2189.4,0,0,738648.674786507,0,0,0
25055.5941887821,40,2881.8,2675,2196.4,0,0,738648.67478697,0,0,0
25055.6341878485,40,2850.8,2725,2218.8,0,0,738648.674787433,0,0,0
25055.6741869149,40,2769.4,2797.4,2265.2,0,0,738648.674787896,0,0,0
25055.7141859813,40,2642.4,2881.2,2337.8,0,0,738648.674788359,0,0,0
25055.7541850477,40,2498.8,2913.6,2429.6,0,0,738648.674788821,0,0,0
25055.7941841141,40,2428.2,2914.8,2496,0,0,738648.674789284,0,0,0
25055.8341831805,40,2465.6,2915,2464.6,0,0,738648.674789747,0,0,0
25055.8741822469,40,2554.4,2882.6,2384.8,0,0,738648.67479021,0,0,0
25055.9141813133,40,2648.6,2846.8,2318.4,0,0,738648.674790673,0,0,0
25055.9541803797,40,2722.2,2794.8,2274,0,0,738648.674791136,0,0,0
25055.9941794461,40,2772,2752,2245.8,0,0,738648.674791599,0,0,0
25056.0341785125,40,2794.4,2725.4,2234,0,0,738648.674792062,0,0,0
25056.0741775789,40,2801.8,2725.2,2227.4,0,0,738648.674792525,0,0,0
25056.1141766453,40,2797,2741.8,2236,0,0,738648.674792988,0,0,0
25056.1541757117,40,2779.6,2757.6,2244.2,0,0,738648.674793451,0,0,0
25056.1941747781,40,2764.8,2772.8,2257.4,0,0,738648.674793914,0,0,0
25056.2341738445,40,2732.2,2803.6,2277.4,0,0,738648.674794377,0,0,0
25056.2741729109,40,2655.8,2845,2321.4,0,0,738648.67479484,0,0,0
25056.3141719773,40,2549.2,2887.8,2389.6,0,0,738648.674795303,0,0,0
25056.3541710437,40,2483.2,2917.2,2451.2,0,0,738648.674795766,0,0,0
25056.3941701101,40,2546.6,2926.2,2405.6,0,0,738648.674796229,0,0,0
25056.4341691765,40,2687.2,2867.6,2316.2,0,0,738648.674796692,0,0,0
25056.4741682429,40,2796.6,2772.2,2247,0,0,738648.674797155,0,0,0
25056.5141673093,40,2858.2,2690.6,2206.8,0,0,738648.674797617,0,0,0
25056.5541663757,40,2878,2638.2,2186.8,0,0,738648.67479808,0,0,0
25056.5941654421,40,2886.2,2610.2,2181.4,0,0,738648.674798543,0,0,0
25056.6341645085,40,2877.8,2603.2,2177.4,0,0,738648.674799006,0,0,0
25056.6741635749,40,2874.4,2619,2185.8,0,0,738648.674799469,0,0,0
25056.7141626413,40,2855,2637.8,2192.4,0,0,738648.674799932,0,0,0
25056.7541617077,40,2852,2660.8,2201.4,0,0,738648.674800395,0,0,0
25056.7941607741,40,2840.2,2695,2212,0,0,738648.674800858,0,0,0
25056.8341598405,40,2804.2,2764,2240,0,0,738648.674801321,0,0,0
25056.8741589069,40,2705.4,2846.8,2304.2,0,0,738648.674801784,0,0,0
25056.9141579733,40,2573.4,2918,2383.8,0,0,738648.674802247,0,0,0
25056.9541570397,40,2505.6,2929.2,2439.6,0,0,738648.67480271,0,0,0
25056.9941561061,40,2573.2,2922.2,2392.6,0,0,738648.674803173,0,0,0
25057.0341551725,40,2673.6,2854.6,2313.2,0,0,738648.674803636,0,0,0
25057.0741542389,40,2766.2,2784.8,2258.8,0,0,738648.674804099,0,0,0
25057.1141533053,40,2829.2,2719,2223.4,0,0,738648.674804562,0,0,0
25057.1541523717,40,2861.4,2668.6,2202,0,0,738648.674805025,0,0,0
25057.1941514381,40,2882,2645.4,2193,0,0,738648.674805488,0,0,0
25057.2341505045,40,2891,2640.2,2189,0,0,738648.674805951,0,0,0
25057.2741495709,40,2892.4,2658,2191.6,0,0,738648.674806414,0,0,0
25057.3141486373,40,2892.4,2682.8,2203.2,0,0,738648.674806877,0,0,0
25057.3541477037,40,2892.2,2691,2203.2,0,0,738648.67480734,0,0,0
25057.3941467701,40,2873.6,2711.2,2213.6,0,0,738648.674807803,0,0,0
25057.4341458365,40,2814.8,2736.6,2231,0,0,738648.674808265,0,0,0
25057.4741449029,40,2714.6,2777.2,2276,0,0,738648.674808728,0,0,0
25057.5141439693,40,2597,2830.2,2338.4,0,0,738648.674809191,0,0,0
25057.5541430357,40,2517.6,2889.4,2410.2,0,0,738648.674809654,0,0,0
25057.5941421021,40,2539.8,2911.8,2403.8,0,0,738648.674810117,0,0,0
25057.6341411685,40,2656.8,2868.8,2328.2,0,0,738648.67481058,0,0,0
25057.6741402349,40,2765.4,2787.2,2260.6,0,0,738648.674811043,0,0,0
25057.7141393013,40,2834.6,2705.2,2218.8,0,0,738648.674811506,0,0,0
25057.7541383677,40,2860.8,2650.4,2193.6,0,0,738648.674811969,0,0,0
25057.7941374341,40,2857.2,2628,2192.2,0,0,738648.674812432,0,0,0
25057.8341365005,40,2848,2631.4,2193.8,0,0,738648.674812895,0,0,0
25057.8741355669,40,2830,2650.8,2204.2,0,0,738648.674813358,0,0,0
25057.9141346333,40,2810,2655,2201.8,0,0,738648.674813821,0,0,0
25057.9541336997,40,2811.6,2664.6,2208,0,0,738648.674814284,0,0,0
25057.9941327661,40,2810.8,2679,2210,0,0,738648.674814747,0,0,0
25058.0341318325,40,2816.2,2697.8,2217.6,0,0,738648.67481521,0,0,0
25058.0741308989,40,2801,2732.8,2235.6,0,0,738648.674815673,0,0,0
25058.1141299653,40,2740.2,2789.8,2270.2,0,0,738648.674816136,0,0,0
25058.1541290317,40,2628.2,2857.8,2333.2,0,0,738648.674816599,0,0,0
25058.1941280981,40,2507.2,2898,2424.6,0,0,738648.674817062,0,0,0
25058.2341271645,40,2475.2,2911.4,2456.4,0,0,738648.674817525,0,0,0
25058.2741262309,40,2562,2889.2,2383,0,0,738648.674817987,0,0,0
25058.3141252973,40,2677.8,2820,2301.4,0,0,738648.67481845,0,0,0
25058.3541243637,40,2780.6,2750.4,2246,0,0,738648.674818913,0,0,0
25058.3941234301,40,2832,2684,2211.8,0,0,738648.674819376,0,0,0
25058.4341224965,40,2855,2652.2,2196.8,0,0,738648.674819839,0,0,0
25058.4741215629,40,2871.2,2648.8,2193.4,0,0,738648.674820302,0,0,0
25058.5141206293,40,2868,2662.2,2197.2,0,0,738648.674820765,0,0,0
25058.5541196957,40,2855.6,2681.6,2210,0,0,738648.674821228,0,0,0
25058.5941187621,40,2841.4,2682.2,2210.2,0,0,738648.674821691,0,0,0
25058.6341178285,40,2824.8,2700.2,2217.8,0,0,738648.674822154,0,0,0
25058.6741168949,40,2806.6,2737.8,2233.8,0,0,738648.674822617,0,0,0
25058.7141159613,40,2744.4,2814.2,2274,0,0,738648.67482308,0,0,0
25058.7541150277,40,2637.2,2905.6,2348.4,0,0,738648.674823543,0,0,0
25058.7941140941,40,2508.4,2986.2,2455.8,0,0,738648.674824006,0,0,0
25058.8341131605,40,2458.4,3003.2,2515.8,0,0,738648.674824469,0,0,0
25058.8741122269,40,2550.8,2994.4,2431.6,0,0,738648.674824932,0,0,0
25058.9141112933,40,2684.6,2928.4,2337,0,0,738648.674825395,0,0,0
25058.9541103597,40,2778.8,2839,2273.2,0,0,738648.674825858,0,0,0
25058.9941094261,40,2837,2764,2235.4,0,0,738648.674826321,0,0,0
25059.0341084925,40,2857,2716.2,2213.6,0,0,738648.674826783,0,0,0
25059.0741075589,40,2871.8,2706.8,2209.8,0,0,738648.674827246,0,0,0
25059.1141066253,40,2865.4,2708.2,2210,0,0,738648.674827709,0,0,0
25059.1541056917,40,2846.2,2723.8,2219.4,0,0,738648.674828172,0,0,0
25059.1941047581,40,2840.2,2730.2,2221.8,0,0,738648.674828635,0,0,0
25059.2341038245,40,2834.4,2746.4,2226.2,0,0,738648.674829098,0,0,0
25059.2741028909,40,2824.2,2762,2235.2,0,0,738648.674829561,0,0,0
25059.3141019573,40,2793,2801.6,2255.6,0,0,738648.674830024,0,0,0
25059.3541010237,40,2725.2,2857.4,2299.2,0,0,738648.674830487,0,0,0
25059.3941000901,40,2618,2926.4,2358,0,0,738648.67483095,0,0,0
25059.4340991565,40,2509.2,2975,2451.6,0,0,738648.674831413,0,0,0
25059.4740982229,40,2426.8,2976,2533,0,0,738648.674831876,0,0,0
25059.5140972893,40,2443.6,2983.4,2526.8,0,0,738648.674832339,0,0,0
25059.5540963557,40,2523.2,2974.8,2448.2,0,0,738648.674832802,0,0,0
25059.5940954221,40,2630.6,2937.2,2361,0,0,738648.674833265,0,0,0
25059.6340944885,40,2726,2862.6,2295.8,0,0,738648.674833728,0,0,0
25059.6740935549,40,2796.6,2784,2251.6,0,0,738648.674834191,0,0,0
25059.7140926213,40,2845,2728.6,2221.8,0,0,738648.674834654,0,0,0
25059.7540916877,40,2870.2,2694.8,2205.8,0,0,738648.674835117,0,0,0
25059.7940907541,40,2879.2,2687.2,2203.2,0,0,738648.67483558,0,0,0
25059.8340898205,40,2879,2700.4,2207,0,0,738648.674836043,0,0,0
25059.8740888869,40,2867,2727.8,2216.2,0,0,738648.674836506,0,0,0
25059.9140879533,40,2849.4,2743.8,2225.4,0,0,738648.674836968,0,0,0
25059.9540870197,40,2838.6,2758.4,2230.2,0,0,738648.674837431,0,0,0
25059.9940860861,40,2825.2,2783,2242.2,0,0,738648.674837894,0,0,0
25060.0340851525,40,2773.6,2827.8,2267.4,0,0,738648.674838357,0,0,0
25060.0740842189,40,2683.8,2873.4,2314,0,0,738648.67483882,0,0,0
25060.1140832853,40,2591.6,2909.2,2369,0,0,738648.674839283,0,0,0
25060.1540823517,40,2509.6,2928.8,2429,0,0,738648.674839746,0,0,0
25060.1940814181,40,2479.4,2932,2460.4,0,0,738648.674840209,0,0,0
25060.2340804845,40,2522,2938.8,2428.2,0,0,738648.674840672,0,0,0
25060.2740795509,40,2605,2934.2,2373.4,0,0,738648.674841135,0,0,0
25060.3140786173,40,2700.2,2891,2315.4,0,0,738648.674841598,0,0,0
25060.3540776837,40,2793.4,2831,2266.2,0,0,738648.674842061,0,0,0
25060.3940767501,40,2854.8,2768.4,2233,0,0,738648.674842524,0,0,0
25060.4340758165,40,2881.2,2714.2,2213.2,0,0,738648.674842987,0,0,0
25060.4740748829,40,2896,2681.4,2197.8,0,0,738648.67484345,0,0,0
25060.5140739493,40,2900.6,2666,2191.6,0,0,738648.674843913,0,0,0
25060.5540730157,40,2903,2669.6,2195.6,0,0,738648.674844376,0,0,0
25060.5940720821,40,2903.6,2679.2,2197.6,0,0,738648.674844839,0,0,0
25060.6340711485,40,2896.6,2699.2,2203,0,0,738648.674845302,0,0,0
25060.6740702149,40,2890.4,2719.2,2210,0,0,738648.674845765,0,0,0
25060.7140692813,40,2873,2734.8,2221,0,0,738648.674846228,0,0,0
25060.7540683477,40,2838.8,2756,2232,0,0,738648.67484669,0,0,0
25060.7940674141,40,2784.6,2796.2,2252.6,0,0,738648.674847153,0,0,0
25060.8340664805,40,2706.4,2852.6,2298,0,0,738648.674847616,0,0,0
25060.8740655469,40,2620.6,2904,2349.6,0,0,738648.674848079,0,0,0
25060.9140646133,40,2544,2929,2407,0,0,738648.674848542,0,0,0
25060.9540636797,40,2510.2,2924.4,2425.8,0,0,738648.674849005,0,0,0
25060.9940627461,40,2541.6,2890.2,2394,0,0,738648.674849468,0,0,0
25061.0340618125,40,2625,2847.8,2329.4,0,0,738648.674849931,0,0,0
25061.0740608789,40,2722.2,2780,2271.4,0,0,738648.674850394,0,0,0
25061.1140599453,40,2818.2,2703.8,2220.8,0,0,738648.674850857,0,0,0
25061.1540590117,40,2882,2631,2187.8,0,0,738648.67485132,0,0,0
25061.1940580781,40,2912,2574.6,2161.8,0,0,738648.674851783,0,0,0
25061.2340571445,40,2925.6,2540,2153.4,0,0,738648.674852246,0,0,0
25061.2740562109,40,2934.6,2531,2147.2,0,0,738648.674852709,0,0,0
25061.3140552773,40,2944.6,2547.6,2148.8,0,0,738648.674853172,0,0,0
25061.3540543437,40,2945.2,2571.4,2158.6,0,0,738648.674853635,0,0,0
25061.3940534101,40,2940.4,2596.8,2166.4,0,0,738648.674854098,0,0,0
25061.4340524765,40,2931.2,2635,2175.2,0,0,738648.674854561,0,0,0
25061.4740515429,40,2912.2,2687.2,2203.8,0,0,738648.674855024,0,0,0
25061.5140506093,40,2846.6,2767.2,2238,0,0,738648.674855487,0,0,0
25061.5540496757,40,2730.2,2845.8,2286.8,0,0,738648.674855949,0,0,0
25061.5940487421,40,2592.2,2892.2,2364,0,0,738648.674856412,0,0,0
25061.6340478085,40,2454.2,2889.2,2456.4,0,0,738648.674856875,0,0,0
25061.6740468749,40,2352.2,2853.4,2570.8,0,0,738648.674857338,0,0,0
25061.7140459413,40,2273.4,2788.2,2669.4,0,0,738648.674857801,0,0,0
25061.7540450077,40,2227,2719,2740.4,0,0,738648.674858264,0,0,0
25061.7940440741,40,2226.4,2727,2755,0,0,738648.674858727,0,0,0
25061.8340431405,40,2276.2,2800.6,2689,0,0,738648.67485919,0,0,0
25061.8740422069,40,2361.6,2895.2,2584,0,0,738648.674859653,0,0,0
25061.9140412733,40,2471.2,2947.4,2471.8,0,0,738648.674860116,0,0,0
25061.9540403397,40,2572.6,2928.4,2383,0,0,738648.674860579,0,0,0
25061.9940394061,40,2660.2,2878.8,2320.6,0,0,738648.674861042,0,0,0
25062.0340384725,40,2718,2830.6,2283.2,0,0,738648.674861505,0,0,0
25062.0740375389,40,2741.8,2797.2,2270,0,0,738648.674861968,0,0,0
25062.1140366053,40,2731.2,2784.6,2263.6,0,0,738648.674862431,0,0,0
25062.1540356717,40,2707,2793,2277,0,0,738648.674862894,0,0,0
25062.1940347381,40,2682.6,2811,2294,0,0,738648.674863357,0,0,0
25062.2340338045,40,2665.6,2817.4,2297,0,0,738648.67486382,0,0,0
25062.2740328709,40,2656.4,2830.6,2307.8,0,0,738648.674864283,0,0,0
25062.3140319373,40,2644.4,2842.8,2321,0,0,738648.674864746,0,0,0
25062.3540310037,40,2609.2,2850.4,2339.6,0,0,738648.674865209,0,0,0
25062.3940300701,40,2565.2,2871.8,2365.2,0,0,738648.674865672,0,0,0
25062.4340291365,40,2517.2,2908,2415,0,0,738648.674866134,0,0,0
25062.4740282029,40,2449,2923.4,2480.8,0,0,738648.674866597,0,0,0
25062.5140272693,40,2367.4,2897.6,2576,0,0,738648.67486706,0,0,0
25062.5540263357,40,2288.2,2835,2677.6,0,0,738648.674867523,0,0,0
25062.5940254021,40,2231.6,2747.2,2766.2,0,0,738648.674867986,0,0,0
25062.6340244685,40,2184.4,2656.2,2831.4,0,0,738648.674868449,0,0,0
25062.6740235349,40,2160.8,2598,2857.6,0,0,738648.674868912,0,0,0
25062.7140226013,40,2164.2,2600.4,2861.4,0,0,738648.674869375,0,0,0
25062.7540216677,40,2189.8,2676.2,2823.4,0,0,738648.674869838,0,0,0
25062.7940207341,40,2262,2787.4,2719.2,0,0,738648.674870301,0,0,0
25062.8340198005,40,2376.4,2887.6,2552.8,0,0,738648.674870764,0,0,0
25062.8740188669,40,2537.4,2887.4,2389.4,0,0,738648.674871227,0,0,0
25062.9140179333,40,2697,2775,2274.8,0,0,738648.67487169,0,0,0
25062.9540169997,40,2810.6,2638,2200.4,0,0,738648.674872153,0,0,0
25062.9940160661,40,2865.2,2526.2,2149.4,0,0,738648.674872616,0,0,0
25063.0340151325,40,2878,2435.4,2119.8,0,0,738648.674873079,0,0,0
25063.0740141989,40,2879,2383.4,2105.4,0,0,738648.674873542,0,0,0
25063.1140132653,40,2861.4,2351.2,2092,0,0,738648.674874005,0,0,0
25063.1540123317,40,2869.4,2343.6,2094.2,0,0,738648.674874468,0,0,0
25063.1940113981,40,2901.2,2365.4,2096.8,0,0,738648.674874931,0,0,0
25063.2340104645,40,2918.4,2406.8,2108.8,0,0,738648.674875394,0,0,0
25063.2740095309,40,2919,2451.8,2122.6,0,0,738648.674875856,0,0,0
25063.3140085973,40,2939,2508,2144.6,0,0,738648.674876319,0,0,0
25063.3540076637,40,2946.8,2600.6,2170.4,0,0,738648.674876782,0,0,0
25063.3940067301,40,2911.4,2722.8,2206.2,0,0,738648.674877245,0,0,0
25063.4340057965,40,2802.4,2861,2272.6,0,0,738648.674877708,0,0,0
25063.4740048629,40,2647.8,2984.8,2371.4,0,0,738648.674878171,0,0,0
25063.5140039293,40,2482.4,3036.6,2506.4,0,0,738648.674878634,0,0,0
25063.5540029957,40,2362,2993.6,2654.8,0,0,738648.674879097,0,0,0
25063.5940020621,40,2303.4,2939.6,2746.6,0,0,738648.67487956,0,0,0
25063.6340011285,40,2325.4,2971.6,2714,0,0,738648.674880023,0,0,0
25063.6740001949,40,2414.6,3021.2,2587.6,0,0,738648.674880486,0,0,0
25063.7139992613,40,2556.2,3035.6,2442,0,0,738648.674880949,0,0,0
25063.7539983277,40,2728,2945.4,2325.8,0,0,738648.674881412,0,0,0
25063.7939973941,40,2863,2795.4,2241.4,0,0,738648.674881875,0,0,0
25063.8339964605,40,2933.4,2651.6,2181.2,0,0,738648.674882338,0,0,0
25063.8739955269,40,2949.4,2534.4,2146.4,0,0,738648.674882801,0,0,0
25063.9139945933,40,2915.8,2453.8,2125,0,0,738648.674883264,0,0,0
25063.9539936597,40,2878,2408.6,2113.4,0,0,738648.674883727,0,0,0
25063.9939927261,40,2846.8,2388.8,2107.8,0,0,738648.67488419,0,0,0
25064.0339917925,40,2842.2,2393,2108,0,0,738648.674884652,0,0,0
25064.0739908589,40,2868,2418.6,2121,0,0,738648.674885115,0,0,0
25064.1139899253,40,2912.6,2454.2,2122.2,0,0,738648.674885578,0,0,0
25064.1539889917,40,2954.6,2498.2,2133,0,0,738648.674886041,0,0,0
25064.1939880581,40,2981.2,2563.6,2152.6,0,0,738648.674886504,0,0,0
25064.2339871245,40,2954.2,2639.8,2182.6,0,0,738648.674886967,0,0,0
25064.2739861909,40,2892.6,2746,2219.6,0,0,738648.67488743,0,0,0
25064.3139852573,40,2777.2,2851,2276,0,0,738648.674887893,0,0,0
25064.3539843237,40,2641.8,2943.4,2357.2,0,0,738648.674888356,0,0,0
25064.3939833901,40,2506.2,2995.2,2461.6,0,0,738648.674888819,0,0,0
25064.4339824565,40,2378,2960.8,2591,0,0,738648.674889282,0,0,0
25064.4739815229,40,2291,2863.4,2715.2,0,0,738648.674889745,0,0,0
25064.5139805893,40,2228,2773.4,2809,0,0,738648.674890208,0,0,0
25064.5539796557,40,2227.8,2765,2810.8,0,0,738648.674890671,0,0,0
25064.5939787221,40,2284.8,2835.4,2702.4,0,0,738648.674891134,0,0,0
25064.6339777885,40,2386.6,2924.8,2555.6,0,0,738648.674891597,0,0,0
25064.6739768549,40,2540,2952.4,2422,0,0,738648.67489206,0,0,0
25064.7139759213,40,2697.4,2891.6,2318.4,0,0,738648.674892523,0,0,0
25064.7539749877,40,2829.4,2797.2,2243.8,0,0,738648.674892986,0,0,0
25064.7939740541,40,2916.6,2705.2,2204.4,0,0,738648.674893449,0,0,0
25064.8339731205,40,2965.2,2638.6,2173,0,0,738648.674893912,0,0,0
25064.8739721869,40,2988.4,2584.8,2153,0,0,738648.674894375,0,0,0
25064.9139712533,40,2987,2564.4,2151.8,0,0,738648.674894838,0,0,0
25064.9539703197,40,2972.2,2578.8,2157,0,0,738648.6748953,0,0,0
25064.9939693861,40,2920.6,2600.8,2169,0,0,738648.674895763,0,0,0
25065.0339684525,40,2841.8,2626.6,2187.8,0,0,738648.674896226,0,0,0
25065.0739675189,40,2784.2,2669.4,2214.2,0,0,738648.674896689,0,0,0
25065.1139665853,40,2737,2752.2,2253,0,0,738648.674897152,0,0,0
25065.1539656517,40,2669.2,2863,2316.6,0,0,738648.674897615,0,0,0
25065.1939647181,40,2561.8,2977.4,2415.2,0,0,738648.674898078,0,0,0
25065.2339637845,40,2419.6,2996,2552.2,0,0,738648.674898541,0,0,0
25065.2739628509,40,2292.8,2904.6,2734.8,0,0,738648.674899004,0,0,0
25065.3139619173,40,2196.8,2732,2881.8,0,0,738648.674899467,0,0,0
25065.3539609837,40,2136,2543.6,2922.2,0,0,738648.67489993,0,0,0
25065.3939600501,40,2105.4,2427.2,2857.4,0,0,738648.674900393,0,0,0
25065.4339591165,40,2108.4,2407.2,2788.4,0,0,738648.674900856,0,0,0
25065.4739581829,40,2142.8,2500,2807.2,0,0,738648.674901319,0,0,0
25065.5139572493,40,2211.4,2707.6,2791.4,0,0,738648.674901782,0,0,0
25065.5539563157,40,2341.4,2927.2,2649,0,0,738648.674902245,0,0,0
25065.5939553821,40,2519,3033,2470.2,0,0,738648.674902708,0,0,0
25065.6339544485,40,2707,2954.8,2331.8,0,0,738648.674903171,0,0,0
25065.6739535149,40,2861.8,2820.8,2243.4,0,0,738648.674903634,0,0,0
25065.7139525813,40,2960,2682,2187.6,0,0,738648.674904097,0,0,0
25065.7539516477,40,2993.6,2576.6,2154.6,0,0,738648.67490456,0,0,0
25065.7939507141,40,2977.8,2502.2,2135.2,0,0,738648.674905022,0,0,0
25065.8509493838,57,2951.4,2487.4,2130.2,0,0,738648.674905682,0,0,0
25065.8909484502,40,2910.4,2520.2,2149.2,0,0,738648.674906145,0,0,0
25065.9309475166,40,2871.2,2585.8,2172.6,0,0,738648.674906608,0,0,0
25065.970946583,40,2833.6,2694.6,2213.8,0,0,738648.674907071,0,0,0
25066.0109456494,40,2762.6,2835.4,2273,0,0,738648.674907534,0,0,0
25066.0509447158,40,2618.4,2966.4,2374.4,0,0,738648.674907997,0,0,0
25066.0909437822,40,2437.2,2967.8,2522.2,0,0,738648.67490846,0,0,0
25066.1309428486,40,2287.2,2834,2679.2,0,0,738648.674908923,0,0,0
25066.170941915,40,2183.6,2616.4,2768.2,0,0,738648.674909386,0,0,0
25066.2109409814,40,2127,2466.2,2804.6,0,0,738648.674909849,0,0,0
25066.2509400478,40,2100.8,2382.6,2791.8,0,0,738648.674910312,0,0,0
25066.2909391142,40,2109.4,2407,2789,0,0,738648.674910775,0,0,0
25066.3309381806,40,2148.8,2531,2802,0,0,738648.674911238,0,0,0
25066.370937247,40,2229,2720.4,2740,0,0,738648.674911701,0,0,0
25066.4109363134,40,2352.4,2886,2584.8,0,0,738648.674912164,0,0,0
25066.4509353798,40,2507.8,2930.6,2434.4,0,0,738648.674912626,0,0,0
25066.4909344462,40,2656.6,2881.6,2325.4,0,0,738648.674913089,0,0,0
25066.5309335126,40,2774.6,2795.8,2254.6,0,0,738648.674913552,0,0,0
25066.570932579,40,2831.4,2705.4,2214.4,0,0,738648.674914015,0,0,0
25066.6109316454,40,2882,2673.4,2196,0,0,738648.674914478,0,0,0
25066.6509307118,40,2893.2,2670.2,2192.8,0,0,738648.674914941,0,0,0
25066.6909297782,40,2897.8,2703,2201.8,0,0,738648.674915404,0,0,0
25066.7309288446,40,2883.8,2750,2219,0,0,738648.674915867,0,0,0
25066.770927911,40,2851.6,2798.2,2240,0,0,738648.67491633,0,0,0
25066.8109269774,40,2791.2,2862.4,2277.2,0,0,738648.674916793,0,0,0
25066.8509260438,40,2707,2935.2,2325.8,0,0,738648.674917256,0,0,0
25066.8909251102,40,2589.4,2991.2,2403.6,0,0,738648.674917719,0,0,0
25066.9309241766,40,2460.6,2992.8,2506.4,0,0,738648.674918182,0,0,0
25066.970923243,40,2340.2,2921,2637.8,0,0,738648.674918645,0,0,0
25067.0109223094,40,2239,2773.8,2763.6,0,0,738648.674919108,0,0,0
25067.0509213758,40,2164.6,2594,2829.8,0,0,738648.674919571,0,0,0
25067.0909204422,40,2118.8,2450.8,2809.8,0,0,738648.674920034,0,0,0
25067.1309195086,40,2120.8,2465,2823.2,0,0,738648.674920497,0,0,0
25067.170918575,40,2170.2,2612.6,2831.2,0,0,738648.67492096,0,0,0
25067.2109176414,40,2262.4,2832,2757.6,0,0,738648.674921422,0,0,0
25067.2509167078,40,2405.2,3022.4,2606.4,0,0,738648.674921885,0,0,0
25067.2909157742,40,2560.6,3043.4,2442.4,0,0,738648.674922348,0,0,0
25067.3309148406,40,2705.6,2980.8,2340.6,0,0,738648.674922811,0,0,0
25067.370913907,40,2819.2,2884.6,2276.4,0,0,738648.674923274,0,0,0
25067.4109129734,40,2848.4,2817.6,2241.6,0,0,738648.674923737,0,0,0
25067.4509120398,40,2826.8,2804,2246.2,0,0,738648.6749242,0,0,0
25067.4909111062,40,2780.2,2831.4,2269.2,0,0,738648.674924663,0,0,0
25067.5309101726,40,2710.2,2869,2298.6,0,0,738648.674925126,0,0,0
25067.570909239,40,2626.2,2913,2350.6,0,0,738648.674925589,0,0,0
25067.6109083054,40,2518.8,2953.8,2432.2,0,0,738648.674926052,0,0,0
25067.6509073718,40,2395,2939.8,2552.2,0,0,738648.674926515,0,0,0
25067.6909064382,40,2275.4,2836,2708.2,0,0,738648.674926978,0,0,0
25067.7309055046,40,2185.2,2659.2,2845.4,0,0,738648.674927441,0,0,0
25067.770904571,40,2122.2,2487.6,2897.8,0,0,738648.674927904,0,0,0
25067.8109036374,40,2118,2485.4,2921.2,0,0,738648.674928367,0,0,0
25067.8509027038,40,2185,2666.8,2871,0,0,738648.67492883,0,0,0
25067.8909017702,40,2297.8,2889.2,2719.8,0,0,738648.674929293,0,0,0
25067.9309008366,40,2460.2,3012,2517.6,0,0,738648.674929756,0,0,0
25067.970899903,40,2629.4,2975.2,2371.6,0,0,738648.674930219,0,0,0
25068.0108989694,40,2761.8,2866.4,2288.2,0,0,738648.674930682,0,0,0
25068.0508980358,40,2829.4,2778.6,2238.2,0,0,738648.674931144,0,0,0
25068.0908971022,40,2835.2,2739.2,2222.6,0,0,738648.674931607,0,0,0
25068.1308961686,40,2814.2,2769.2,2241.2,0,0,738648.67493207,0,0,0
25068.170895235,40,2777,2823.6,2266.8,0,0,738648.674932533,0,0,0
25068.2108943014,40,2705.6,2878.2,2310.4,0,0,738648.674932996,0,0,0
25068.2508933678,40,2600.2,2945.2,2379.6,0,0,738648.674933459,0,0,0
25068.2908924342,40,2470,2976,2486.8,0,0,738648.674933922,0,0,0
25068.3308915006,40,2333.6,2903,2634.2,0,0,738648.674934385,0,0,0
25068.370890567,40,2220,2732.2,2789.6,0,0,738648.674934848,0,0,0
25068.4108896334,40,2142.2,2533.8,2858.2,0,0,738648.674935311,0,0,0
25068.4508886998,40,2116.8,2440.4,2829.6,0,0,738648.674935774,0,0,0
25068.4908877662,40,2152.6,2536,2790,0,0,738648.674936237,0,0,0
25068.5308868326,40,2246.8,2745.2,2711.8,0,0,738648.6749367,0,0,0
25068.570885899,40,2406.2,2927.6,2535.4,0,0,738648.674937163,0,0,0
25068.6108849654,40,2608.6,2958.4,2375.6,0,0,738648.674937626,0,0,0
25068.6508840318,40,2790.6,2856.6,2272.8,0,0,738648.674938089,0,0,0
25068.6908830982,40,2906.6,2744.4,2212.2,0,0,738648.674938552,0,0,0
25068.7308821646,40,2944.6,2693.6,2191.8,0,0,738648.674939015,0,0,0
25068.770881231,40,2941.6,2720.4,2203.8,0,0,738648.674939478,0,0,0
25068.8108802974,40,2905.4,2781.8,2222,0,0,738648.674939941,0,0,0
25068.8508793638,40,2826.6,2856.6,2265.2,0,0,738648.674940404,0,0,0
25068.8908784302,40,2689.8,2956.2,2336.8,0,0,738648.674940867,0,0,0
25068.9308774966,40,2509.8,3004.4,2463,0,0,738648.674941329,0,0,0
25068.970876563,40,2332.4,2900.6,2641.2,0,0,738648.674941792,0,0,0
25069.0108756294,40,2195.2,2672,2800.6,0,0,738648.674942255,0,0,0
25069.0508746958,40,2121.4,2461.6,2829.6,0,0,738648.674942718,0,0,0
25069.0908737622,40,2125.4,2469.4,2817.4,0,0,738648.674943181,0,0,0
25069.1308728286,40,2187.4,2642,2808.8,0,0,738648.674943644,0,0,0
25069.170871895,40,2300.6,2846.6,2666,0,0,738648.674944107,0,0,0
25069.2108709614,40,2473.2,2934,2469.4,0,0,738648.67494457,0,0,0
25069.2508700278,40,2667.6,2900.4,2330.4,0,0,738648.674945033,0,0,0
25069.2908690942,40,2813,2795.6,2245.2,0,0,738648.674945496,0,0,0
25069.3308681606,40,2894.6,2728.6,2207.8,0,0,738648.674945959,0,0,0
25069.370867227,40,2905,2718.2,2208.2,0,0,738648.674946422,0,0,0
25069.4108662934,40,2880.6,2780.8,2229.2,0,0,738648.674946885,0,0,0
25069.4508653598,40,2821.8,2860.4,2263.8,0,0,738648.674947348,0,0,0
25069.4908644262,40,2710.8,2928.4,2322,0,0,738648.674947811,0,0,0
25069.5308634926,40,2554.8,2966.4,2412.6,0,0,738648.674948274,0,0,0
25069.570862559,40,2393.4,2913.2,2541.6,0,0,738648.674948737,0,0,0
25069.6108616254,40,2246.2,2753.6,2704.4,0,0,738648.6749492,0,0,0
25069.6508606918,40,2153,2545.8,2805,0,0,738648.674949663,0,0,0
25069.6908597582,40,2108.2,2425.4,2830.8,0,0,738648.674950126,0,0,0
25069.7308588246,40,2139,2530.2,2862.8,0,0,738648.674950588,0,0,0
25069.770857891,40,2230.6,2765.8,2784,0,0,738648.674951051,0,0,0
25069.8108569574,40,2398.6,2977.6,2575.8,0,0,738648.674951514,0,0,0
25069.8508560238,40,2618.8,2969.8,2379.2,0,0,738648.674951977,0,0,0
25069.8908550902,40,2798.8,2845.6,2263.4,0,0,738648.67495244,0,0,0
25069.9308541566,40,2882.6,2738.4,2214.4,0,0,738648.674952903,0,0,0
25069.970853223,40,2899.4,2711.2,2200.2,0,0,738648.674953366,0,0,0
25070.0108522894,40,2892.8,2759,2218.6,0,0,738648.674953829,0,0,0
25070.0508513558,40,2840,2827.8,2250.8,0,0,738648.674954292,0,0,0
25070.0908504222,40,2767.6,2885,2289.6,0,0,738648.674954755,0,0,0
25070.1308494886,40,2656.6,2950,2350.6,0,0,738648.674955218,0,0,0
25070.170848555,40,2522.8,2988.6,2441.2,0,0,738648.674955681,0,0,0
25070.2108476214,40,2373.4,2959.4,2597.6,0,0,738648.674956144,0,0,0
25070.2508466878,40,2244.2,2804,2783.6,0,0,738648.674956607,0,0,0
25070.2908457542,40,2150.4,2589.4,2914.2,0,0,738648.67495707,0,0,0
25070.3308448206,40,2109.4,2455.8,2909,0,0,738648.674957533,0,0,0
25070.370843887,40,2146.6,2574.4,2921.8,0,0,738648.674957996,0,0,0
25070.4108429534,40,2239.8,2807.8,2807.4,0,0,738648.674958459,0,0,0
25070.4508420198,40,2415.2,2998,2565.4,0,0,738648.674958922,0,0,0
25070.4908410862,40,2639.8,2963,2365.6,0,0,738648.674959385,0,0,0
25070.5308401526,40,2824.8,2810,2249.2,0,0,738648.674959848,0,0,0
25070.570839219,40,2914,2693,2197.2,0,0,738648.67496031,0,0,0
25070.6108382854,40,2940,2646,2175.2,0,0,738648.674960773,0,0,0
25070.6508373518,40,2937.2,2671.6,2184.6,0,0,738648.674961236,0,0,0
25070.6908364182,40,2904,2743,2216.2,0,0,738648.674961699,0,0,0
25070.7308354846,40,2819,2796.2,2243.8,0,0,738648.674962162,0,0,0
25070.770834551,40,2709,2863.4,2299.8,0,0,738648.674962625,0,0,0
25070.8108336174,40,2570.2,2927.4,2384.2,0,0,738648.674963088,0,0,0
25070.8508326838,40,2421.8,2935.8,2519.2,0,0,738648.674963551,0,0,0
25070.8908317502,40,2275.8,2828.6,2701.2,0,0,738648.674964014,0,0,0
25070.9308308166,40,2171.4,2618.8,2855.8,0,0,738648.674964477,0,0,0
25070.970829883,40,2116.8,2458,2871.6,0,0,738648.67496494,0,0,0
25071.0108289494,40,2142.8,2528.8,2829.4,0,0,738648.674965403,0,0,0
25071.0508280158,40,2230.2,2729.8,2745.6,0,0,738648.674965866,0,0,0
25071.0908270822,40,2383.8,2892.6,2540.4,0,0,738648.674966329,0,0,0
25071.1308261486,40,2594.6,2893.2,2360.8,0,0,738648.674966792,0,0,0
25071.170825215,40,2754,2762,2246.4,0,0,738648.674967255,0,0,0
25071.2108242814,40,2821.8,2613.8,2188.4,0,0,738648.674967718,0,0,0
25071.2508233478,40,2842.2,2533.8,2154.4,0,0,738648.674968181,0,0,0
25071.2908224142,40,2827.4,2515.6,2153.4,0,0,738648.674968644,0,0,0
25071.3308214806,40,2838.8,2557.6,2167.6,0,0,738648.674969107,0,0,0
25071.370820547,40,2832.2,2612.2,2185.2,0,0,738648.67496957,0,0,0
25071.4108196134,40,2788.6,2696.4,2224.4,0,0,738648.674970033,0,0,0
25071.4508186798,40,2699.8,2807.8,2284.8,0,0,738648.674970495,0,0,0
25071.4908177462,40,2553.6,2914.2,2392.4,0,0,738648.674970958,0,0,0
25071.5308168126,40,2382.4,2923.6,2562.2,0,0,738648.674971421,0,0,0
25071.570815879,40,2239.2,2775.2,2770,0,0,738648.674971884,0,0,0
25071.6108149454,40,2143.8,2540.2,2866.4,0,0,738648.674972347,0,0,0
25071.6508140118,40,2110.8,2434.2,2834.4,0,0,738648.67497281,0,0,0
25071.6908130782,40,2149.2,2527.2,2788,0,0,738648.674973273,0,0,0
25071.7308121446,40,2240,2734,2714,0,0,738648.674973736,0,0,0
25071.770811211,40,2398.6,2898.6,2529.4,0,0,738648.674974199,0,0,0
25071.8108102774,40,2585,2901.8,2370.4,0,0,738648.674974662,0,0,0
25071.8508093438,40,2747.4,2793.6,2267.2,0,0,738648.674975125,0,0,0
25071.8908084102,40,2860.2,2695.2,2208.2,0,0,738648.674975588,0,0,0
25071.9308074766,40,2904.6,2640,2180.2,0,0,738648.674976051,0,0,0
25071.970806543,40,2918.2,2646,2184,0,0,738648.674976514,0,0,0
25072.0108056094,40,2916.2,2695,2195.2,0,0,738648.674976977,0,0,0
25072.0508046758,40,2878.6,2764.2,2221.2,0,0,738648.67497744,0,0,0
25072.0908037422,40,2786.8,2851.6,2269.6,0,0,738648.674977903,0,0,0
25072.1308028086,40,2661.6,2955,2352,0,0,738648.674978366,0,0,0
25072.170801875,40,2498.2,2999.4,2472.4,0,0,738648.674978829,0,0,0
25072.2108009414,40,2335,2919.8,2644.4,0,0,738648.674979292,0,0,0
25072.2508000078,40,2211,2717,2791.4,0,0,738648.674979754,0,0,0
25072.2907990742,40,2135.8,2491.2,2800.8,0,0,738648.674980217,0,0,0
25072.3307981406,40,2132.2,2482.6,2789.2,0,0,738648.67498068,0,0,0
25072.370797207,40,2189,2647.8,2790.8,0,0,738648.674981143,0,0,0
25072.4107962734,40,2319.6,2864.8,2643.4,0,0,738648.674981606,0,0,0
25072.4507953398,40,2498.2,2946.4,2447,0,0,738648.674982069,0,0,0
25072.4907944062,40,2690.8,2853,2300.8,0,0,738648.674982532,0,0,0
25072.5307934726,40,2840.4,2708,2217.2,0,0,738648.674982995,0,0,0
25072.570792539,40,2897,2591.8,2168.8,0,0,738648.674983458,0,0,0
25072.6107916054,40,2884.2,2510,2146.6,0,0,738648.674983921,0,0,0
25072.6507906718,40,2868,2488.4,2140.8,0,0,738648.674984384,0,0,0
25072.6907897382,40,2865.6,2509,2146,0,0,738648.674984847,0,0,0
25072.7307888046,40,2853.8,2554.4,2163.2,0,0,738648.67498531,0,0,0
25072.770787871,40,2822,2618.4,2188.2,0,0,738648.674985773,0,0,0
25072.8107869374,40,2779,2722.8,2234.2,0,0,738648.674986236,0,0,0
25072.8507860038,40,2693,2856,2308.4,0,0,738648.674986699,0,0,0
25072.8907850702,40,2551.2,2970.4,2419.2,0,0,738648.674987162,0,0,0
25072.9307841366,40,2400,2986.6,2580.6,0,0,738648.674987625,0,0,0
25072.970783203,40,2266,2858.6,2764,0,0,738648.674988088,0,0,0
25073.0107822694,40,2176.4,2644.4,2866.2,0,0,738648.674988551,0,0,0
25073.0507813358,40,2126.8,2479.2,2838.4,0,0,738648.674989014,0,0,0
25073.0907804022,40,2128.8,2467.4,2783.2,0,0,738648.674989476,0,0,0
25073.1307794686,40,2180.8,2624.4,2815.4,0,0,738648.674989939,0,0,0
25073.170778535,40,2279,2840.4,2710.2,0,0,738648.674990402,0,0,0
25073.2107776014,40,2433.6,2978.6,2532.4,0,0,738648.674990865,0,0,0
25073.2507766678,40,2616.8,2967,2378.8,0,0,738648.674991328,0,0,0
25073.2907757342,40,2783.8,2864.4,2273.8,0,0,738648.674991791,0,0,0
25073.3307748006,40,2908.6,2734.4,2207.4,0,0,738648.674992254,0,0,0
25073.370773867,40,2964.8,2632.8,2170.4,0,0,738648.674992717,0,0,0
25073.4107729334,40,2985.2,2585.8,2156,0,0,738648.67499318,0,0,0
25073.4507719998,40,2979.2,2604.8,2162.2,0,0,738648.674993643,0,0,0
25073.4907710662,40,2934.4,2658.6,2188.2,0,0,738648.674994106,0,0,0
25073.5307701326,40,2843.6,2712.8,2216.2,0,0,738648.674994569,0,0,0
25073.570769199,40,2719.2,2769,2266,0,0,738648.674995032,0,0,0
25073.6107682654,40,2587.2,2833.8,2344.4,0,0,738648.674995495,0,0,0
25073.6507673318,40,2458.4,2869.4,2442,0,0,738648.674995958,0,0,0
25073.6907663982,40,2338.6,2860.4,2591.6,0,0,738648.674996421,0,0,0
25073.7307654646,40,2231.6,2741,2755,0,0,738648.674996884,0,0,0
25073.770764531,40,2158,2578,2845.2,0,0,738648.674997347,0,0,0
25073.8107635974,40,2129.8,2461,2782.8,0,0,738648.67499781,0,0,0
25073.8507626638,40,2160.2,2561.2,2805.4,0,0,738648.674998273,0,0,0
25073.8907617302,40,2245.6,2752.2,2728.8,0,0,738648.674998736,0,0,0
25073.9307607966,40,2379.6,2909.6,2561.4,0,0,738648.674999199,0,0,0
25073.970759863,40,2549.8,2889.6,2387.6,0,0,738648.674999661,0,0,0
25074.0107589294,40,2693.6,2773.8,2269.8,0,0,738648.675000124,0,0,0
25074.0507579958,40,2768.2,2643.8,2209.2,0,0,738648.675000587,0,0,0
25074.0907570622,40,2803.8,2547.8,2172.2,0,0,738648.67500105,0,0,0
25074.1307561286,40,2845.8,2514,2153.6,0,0,738648.675001513,0,0,0
25074.170755195,40,2878.4,2533.2,2153.6,0,0,738648.675001976,0,0,0
25074.2107542614,40,2895.2,2603.6,2174.6,0,0,738648.675002439,0,0,0
25074.2507533278,40,2866,2690.4,2203,0,0,738648.675002902,0,0,0
25074.2907523942,40,2776.6,2789.6,2256.6,0,0,738648.675003365,0,0,0
25074.3307514606,40,2649.2,2896,2335.6,0,0,738648.675003828,0,0,0
25074.370750527,40,2495,2968.2,2456.8,0,0,738648.675004291,0,0,0
25074.4107495934,40,2349.6,2918.4,2620.6,0,0,738648.675004754,0,0,0
25074.4507486598,40,2229.2,2763,2777.6,0,0,738648.675005217,0,0,0
25074.4907477262,40,2152.8,2567,2835.2,0,0,738648.67500568,0,0,0
25074.5307467926,40,2120.2,2448.8,2788.8,0,0,738648.675006143,0,0,0
25074.570745859,40,2134.6,2505,2829,0,0,738648.675006606,0,0,0
25074.6107449254,40,2195.8,2660.8,2792.2,0,0,738648.675007069,0,0,0
25074.6507439918,40,2298,2821.2,2656.2,0,0,738648.675007532,0,0,0
25074.6907430582,40,2432.6,2905,2487.4,0,0,738648.675007995,0,0,0
25074.7307421246,40,2572.8,2866.4,2362.4,0,0,738648.675008458,0,0,0
25074.770741191,40,2685.4,2783.2,2284.8,0,0,738648.67500892,0,0,0
25074.8107402574,40,2762.2,2701.4,2229.8,0,0,738648.675009383,0,0,0
25074.8507393238,40,2804.8,2653,2203.8,0,0,738648.675009846,0,0,0
25074.8907383902,40,2818.2,2649.6,2202,0,0,738648.675010309,0,0,0
25074.9307374566,40,2812,2709.4,2223,0,0,738648.675010772,0,0,0
25074.970736523,40,2801.6,2776.8,2245.4,0,0,738648.675011235,0,0,0
25075.0107355894,40,2740.4,2865.2,2292,0,0,738648.675011698,0,0,0
25075.0507346558,40,2641.4,2962.4,2363.6,0,0,738648.675012161,0,0,0
25075.0907337222,40,2513.4,3031.6,2473.2,0,0,738648.675012624,0,0,0
25075.1307327886,40,2380.2,3015.4,2622.6,0,0,738648.675013087,0,0,0
25075.170731855,40,2269,2892,2793.8,0,0,738648.67501355,0,0,0
25075.2107309214,40,2189.2,2710.8,2915.6,0,0,738648.675014013,0,0,0
25075.2507299878,40,2139.6,2551.4,2937,0,0,738648.675014476,0,0,0
25075.2907290542,40,2126.6,2509,2927,0,0,738648.675014939,0,0,0
25075.3307281206,40,2162,2596.8,2851,0,0,738648.675015402,0,0,0
25075.370727187,40,2232,2727.8,2748.4,0,0,738648.675015865,0,0,0
25075.4107262534,40,2329.4,2853.2,2602.6,0,0,738648.675016328,0,0,0
25075.4507253198,40,2456.4,2910,2470.6,0,0,738648.675016791,0,0,0
25075.4907243862,40,2575,2893.4,2369.8,0,0,738648.675017254,0,0,0
25075.5307234526,40,2678.8,2843.6,2301.4,0,0,738648.675017717,0,0,0
25075.570722519,40,2744.2,2804,2267.2,0,0,738648.675018179,0,0,0
25075.6107215854,40,2773.2,2784.4,2257.6,0,0,738648.675018642,0,0,0
25075.6507206518,40,2753.6,2811.6,2268.2,0,0,738648.675019105,0,0,0
25075.6907197182,40,2713.2,2853.8,2297.4,0,0,738648.675019568,0,0,0
25075.7307187846,40,2658,2896.4,2332.6,0,0,738648.675020031,0,0,0
25075.770717851,40,2586.8,2950,2392.2,0,0,738648.675020494,0,0,0
25075.8107169174,40,2488,2994,2478,0,0,738648.675020957,0,0,0
25075.8507159838,40,2383.8,2993.2,2608,0,0,738648.67502142,0,0,0
25075.8907150502,40,2284.4,2906.4,2766.6,0,0,738648.675021883,0,0,0
25075.9307141166,40,2202.6,2754,2906,0,0,738648.675022346,0,0,0
25075.970713183,40,2149.6,2601.2,2980.2,0,0,738648.675022809,0,0,0
25076.0107122494,40,2134.8,2548.4,2992,0,0,738648.675023272,0,0,0
25076.0507113158,40,2165.4,2643.8,2960.4,0,0,738648.675023735,0,0,0
25076.0907103822,40,2233.2,2804.2,2842,0,0,738648.675024198,0,0,0
25076.1307094486,40,2337.6,2947,2671.6,0,0,738648.675024661,0,0,0
25076.170708515,40,2455,2980.8,2502.4,0,0,738648.675025124,0,0,0
25076.2107075814,40,2572.2,2941.6,2394.2,0,0,738648.675025587,0,0,0
25076.2507066478,40,2659.6,2872.6,2322.2,0,0,738648.67502605,0,0,0
25076.2907057142,40,2715.8,2818.6,2284.8,0,0,738648.675026513,0,0,0
25076.3307047806,40,2735,2802.4,2273.2,0,0,738648.675026976,0,0,0
25076.370703847,40,2721.2,2829,2283.6,0,0,738648.675027439,0,0,0
25076.4107029134,40,2685.6,2892.8,2318.2,0,0,738648.675027902,0,0,0
25076.4507019798,40,2639,2953.6,2364.2,0,0,738648.675028364,0,0,0
25076.4907010462,40,2551.4,3004.4,2431.6,0,0,738648.675028827,0,0,0
25076.5307001126,40,2465.6,3045.4,2536.6,0,0,738648.67502929,0,0,0
25076.570699179,40,2358.6,3012,2669.6,0,0,738648.675029753,0,0,0
25076.6106982454,40,2267.4,2902.4,2822.4,0,0,738648.675030216,0,0,0
25076.6506973118,40,2196.4,2739.8,2945.4,0,0,738648.675030679,0,0,0
25076.6906963782,40,2142.4,2595.6,2995.6,0,0,738648.675031142,0,0,0
25076.7306954446,40,2129.6,2542.6,3001.2,0,0,738648.675031605,0,0,0
25076.770694511,40,2162,2636.2,2976.6,0,0,738648.675032068,0,0,0
25076.8106935774,40,2227.6,2794.2,2862.6,0,0,738648.675032531,0,0,0
25076.8506926438,40,2320.8,2943.4,2699.6,0,0,738648.675032994,0,0,0
25076.8906917102,40,2431,2974.2,2529.2,0,0,738648.675033457,0,0,0
25076.9306907766,40,2532.8,2943.4,2416.4,0,0,738648.67503392,0,0,0
25076.970689843,40,2609.6,2881.2,2351.2,0,0,738648.675034383,0,0,0
25077.0106889094,40,2653.4,2828.4,2307,0,0,738648.675034846,0,0,0
25077.0506879758,40,2675.2,2804,2292,0,0,738648.675035309,0,0,0
25077.0906870422,40,2669.2,2815.8,2295.2,0,0,738648.675035772,0,0,0
25077.1306861086,40,2649,2864.2,2322.2,0,0,738648.675036235,0,0,0
25077.170685175,40,2618.8,2918.4,2360,0,0,738648.675036698,0,0,0
25077.2106842414,40,2564.6,2979,2417,0,0,738648.675037161,0,0,0
25077.2506833078,40,2484.4,3033,2500.2,0,0,738648.675037623,0,0,0
25077.2906823742,40,2391.2,3030.2,2628.4,0,0,738648.675038086,0,0,0
25077.3306814406,40,2296.4,2950,2780.2,0,0,738648.675038549,0,0,0
25077.370680507,40,2221.6,2804.8,2915.8,0,0,738648.675039012,0,0,0
25077.4106795734,40,2161,2649.2,2996.6,0,0,738648.675039475,0,0,0
25077.4506786398,40,2132.6,2546.6,3006.2,0,0,738648.675039938,0,0,0
25077.4906777062,40,2146,2589,2999.2,0,0,738648.675040401,0,0,0
25077.5306767726,40,2200.8,2740.4,2916.6,0,0,738648.675040864,0,0,0
25077.570675839,40,2295,2904.2,2748,0,0,738648.675041327,0,0,0
25077.6106749054,40,2410.6,2972.2,2558,0,0,738648.67504179,0,0,0
25077.6506739718,40,2521.4,2943.6,2432.4,0,0,738648.675042253,0,0,0
25077.6906730382,40,2608.8,2866.6,2342,0,0,738648.675042716,0,0,0
25077.7306721046,40,2661.2,2797.4,2293,0,0,738648.675043179,0,0,0
25077.770671171,40,2687,2755.2,2268.4,0,0,738648.675043642,0,0,0
25077.8106702374,40,2699.6,2765.2,2270,0,0,738648.675044105,0,0,0
25077.8506693038,40,2690.8,2804.8,2288,0,0,738648.675044568,0,0,0
25077.8906683702,40,2674.6,2873.4,2318.6,0,0,738648.675045031,0,0,0
25077.9306674366,40,2619.6,2933.8,2366.8,0,0,738648.675045494,0,0,0
25077.970666503,40,2542.8,3011.8,2439.8,0,0,738648.675045957,0,0,0
25078.0106655694,40,2443.2,3044.8,2554.6,0,0,738648.67504642,0,0,0
25078.0506646358,40,2342,2995.8,2700.6,0,0,738648.675046883,0,0,0
25078.0906637022,40,2249.4,2874.6,2862.8,0,0,738648.675047345,0,0,0
25078.1306627686,40,2182,2699.2,2975.4,0,0,738648.675047808,0,0,0
25078.170661835,40,2135.6,2558,3002.6,0,0,738648.675048271,0,0,0
25078.2106609014,40,2123.8,2513.2,2989.4,0,0,738648.675048734,0,0,0
25078.2506599678,40,2147.4,2592.4,2961.6,0,0,738648.675049197,0,0,0
25078.2906590342,40,2207,2738.8,2859.8,0,0,738648.67504966,0,0,0
25078.3306581006,40,2299.6,2891,2717.4,0,0,738648.675050123,0,0,0
25078.370657167,40,2404.4,2955.8,2555,0,0,738648.675050586,0,0,0
25078.4106562334,40,2516.2,2936.4,2434.8,0,0,738648.675051049,0,0,0
25078.4506552998,40,2598.8,2874.2,2349.2,0,0,738648.675051512,0,0,0
25078.4906543662,40,2662.6,2814.8,2302.6,0,0,738648.675051975,0,0,0
25078.5306534326,40,2683.2,2774,2275.8,0,0,738648.675052438,0,0,0
25078.570652499,40,2685.4,2782.2,2278.4,0,0,738648.675052901,0,0,0
25078.6106515654,40,2679.4,2824,2297,0,0,738648.675053364,0,0,0
25078.6506506318,40,2640.4,2882.4,2335,0,0,738648.675053827,0,0,0
25078.6906496982,40,2582.8,2938.6,2387.2,0,0,738648.67505429,0,0,0
25078.7306487646,40,2497.2,2997.2,2472.2,0,0,738648.675054753,0,0,0
25078.770647831,40,2404.4,3014.8,2596.2,0,0,738648.675055216,0,0,0
25078.8106468974,40,2302.6,2948.4,2743.4,0,0,738648.675055679,0,0,0
25078.8506459638,40,2226,2813.2,2892.4,0,0,738648.675056142,0,0,0
25078.8906450302,40,2163,2658.4,2985,0,0,738648.675056605,0,0,0
25078.9306440966,40,2126.6,2529,2992.4,0,0,738648.675057068,0,0,0
25078.970643163,40,2116.8,2489.6,2946.4,0,0,738648.67505753,0,0,0
25079.0106422294,40,2145.2,2534.6,2851.2,0,0,738648.675057993,0,0,0
25079.0506412958,40,2192.2,2622.6,2755,0,0,738648.675058456,0,0,0
25079.0906403622,40,2278.8,2818.6,2698.2,0,0,738648.675058919,0,0,0
25079.1306394286,40,2395.8,2963.8,2575.8,0,0,738648.675059382,0,0,0
25079.170638495,40,2521.2,3009.6,2456.6,0,0,738648.675059845,0,0,0
25079.2106375614,40,2639.2,2986.2,2373.6,0,0,738648.675060308,0,0,0
25079.2506366278,40,2732,2936,2316.6,0,0,738648.675060771,0,0,0
25079.2906356942,40,2770,2897.6,2293.8,0,0,738648.675061234,0,0,0
25079.3306347606,40,2772.4,2903.6,2288,0,0,738648.675061697,0,0,0
25079.370633827,40,2741.4,2937.2,2311.6,0,0,738648.67506216,0,0,0
25079.4106328934,40,2678.4,2967.2,2346.2,0,0,738648.675062623,0,0,0
25079.4506319598,40,2609.8,2990.2,2392.4,0,0,738648.675063086,0,0,0
25079.4906310262,40,2517.2,3013.6,2462.6,0,0,738648.675063549,0,0,0
25079.5306300926,40,2412,2985.4,2553,0,0,738648.675064012,0,0,0
25079.570629159,40,2320.2,2908.4,2668.8,0,0,738648.675064475,0,0,0
25079.6106282254,40,2241,2793.4,2785.2,0,0,738648.675064938,0,0,0
25079.6506272918,40,2181.2,2655.2,2869.6,0,0,738648.675065401,0,0,0
25079.6906263582,40,2136.8,2524,2889.6,0,0,738648.675065864,0,0,0
25079.7306254246,40,2121.6,2472.8,2860.8,0,0,738648.675066327,0,0,0
25079.770624491,40,2142,2517.6,2812.4,0,0,738648.675066789,0,0,0
25079.8106235574,40,2188.8,2631,2766,0,0,738648.675067252,0,0,0
25079.8506226238,40,2265.6,2792.6,2702.6,0,0,738648.675067715,0,0,0
25079.8906216902,40,2366,2901.6,2574.8,0,0,738648.675068178,0,0,0
25079.9306207566,40,2478.4,2926.6,2457,0,0,738648.675068641,0,0,0
25079.970619823,40,2581.8,2885.2,2366.6,0,0,738648.675069104,0,0,0
25080.0106188894,40,2649.4,2821.4,2307.6,0,0,738648.675069567,0,0,0
25080.0506179558,40,2686,2787.2,2281,0,0,738648.67507003,0,0,0
25080.0906170222,40,2677.8,2787.4,2287.4,0,0,738648.675070493,0,0,0
25080.1306160886,40,2670,2824.2,2305.4,0,0,738648.675070956,0,0,0
25080.170615155,40,2629.8,2877.8,2338.8,0,0,738648.675071419,0,0,0
25080.2106142214,40,2572.4,2924.4,2386.8,0,0,738648.675071882,0,0,0
25080.2506132878,40,2493.4,2966.4,2461.8,0,0,738648.675072345,0,0,0
25080.2906123542,40,2405.6,2982,2570,0,0,738648.675072808,0,0,0
25080.3306114206,40,2314.4,2930.6,2704.2,0,0,738648.675073271,0,0,0
25080.370610487,40,2234.8,2815.6,2845.4,0,0,738648.675073734,0,0,0
25080.4106095534,40,2168.8,2663,2947.4,0,0,738648.675074197,0,0,0
25080.4506086198,40,2129.6,2532.2,2973.8,0,0,738648.67507466,0,0,0
25080.4906076862,40,2109.6,2457.4,2944.2,0,0,738648.675075123,0,0,0
25080.5306067526,40,2123.2,2488.6,2891,0,0,738648.675075586,0,0,0
25080.570605819,40,2159,2571.4,2815.8,0,0,738648.675076049,0,0,0
25080.6106048854,40,2220.8,2693.6,2732.2,0,0,738648.675076511,0,0,0
25080.6506039518,40,2304,2847.8,2652,0,0,738648.675076974,0,0,0
25080.6906030182,40,2396.6,2946.4,2557.2,0,0,738648.675077437,0,0,0
25080.7306020846,40,2486.4,3002.2,2488.2,0,0,738648.6750779,0,0,0
25080.770601151,40,2555.8,3024.8,2441.4,0,0,738648.675078363,0,0,0
25080.8106002174,40,2595,3031.2,2419.8,0,0,738648.675078826,0,0,0
25080.8505992838,40,2585.4,3050.2,2428.8,0,0,738648.675079289,0,0,0
25080.8905983502,40,2556.6,3056,2454.2,0,0,738648.675079752,0,0,0
25080.9305974166,40,2517.6,3055.8,2483.4,0,0,738648.675080215,0,0,0
25080.970596483,40,2469.8,3044.6,2525.8,0,0,738648.675080678,0,0,0
25081.0105955494,40,2406.8,3006,2584,0,0,738648.675081141,0,0,0
25081.0505946158,40,2333.2,2927,2654,0,0,738648.675081604,0,0,0
25081.0905936822,40,2262.2,2820,2735.2,0,0,738648.675082067,0,0,0
25081.1305927486,40,2202.8,2690.6,2797.2,0,0,738648.67508253,0,0,0
25081.170591815,40,2157.2,2565.4,2837.4,0,0,738648.675082993,0,0,0
25081.2105908814,40,2123.4,2463.8,2832.6,0,0,738648.675083456,0,0,0
25081.2505899478,40,2105.4,2419.6,2836.6,0,0,738648.675083919,0,0,0
25081.2905890142,40,2114,2455.4,2859.6,0,0,738648.675084382,0,0,0
25081.3305880806,40,2147,2544,2866.8,0,0,738648.675084845,0,0,0
25081.370587147,40,2186.2,2670.4,2847.2,0,0,738648.675085308,0,0,0
25081.4105862134,40,2243.8,2785.4,2780.2,0,0,738648.675085771,0,0,0
25081.4505852798,40,2288.2,2865.6,2714,0,0,738648.675086234,0,0,0
25081.4905843462,40,2331.2,2932.4,2666.6,0,0,738648.675086696,0,0,0
25081.5305834126,40,2360.6,2970.4,2643.8,0,0,738648.675087159,0,0,0
25081.570582479,40,2367,2990,2644.4,0,0,738648.675087622,0,0,0
25081.6105815454,40,2358.8,2994.4,2665,0,0,738648.675088085,0,0,0
25081.6505806118,40,2336.8,2989.4,2705.2,0,0,738648.675088548,0,0,0
25081.6905796782,40,2320,2975.4,2735.8,0,0,738648.675089011,0,0,0
25081.7305787446,40,2299.4,2952.4,2771,0,0,738648.675089474,0,0,0
25081.770577811,40,2272.2,2907,2822.8,0,0,738648.675089937,0,0,0
25081.8105768774,40,2224,2817.4,2895.4,0,0,738648.6750904,0,0,0
25081.8505759438,40,2179.4,2683,2948.6,0,0,738648.675090863,0,0,0
25081.8905750102,40,2136.8,2548.6,2944.4,0,0,738648.675091326,0,0,0
25081.9305740766,40,2111.6,2460.6,2910.2,0,0,738648.675091789,0,0,0
25081.970573143,40,2105,2448.4,2919.8,0,0,738648.675092252,0,0,0
25082.0105722094,40,2137.8,2547.2,2936.8,0,0,738648.675092715,0,0,0
25082.0505712758,40,2193,2725.8,2916.6,0,0,738648.675093178,0,0,0
25082.0905703422,40,2280.8,2908.2,2793.8,0,0,738648.675093641,0,0,0
25082.1305694086,40,2379.8,3025.2,2641.2,0,0,738648.675094104,0,0,0
25082.170568475,40,2487.8,3052.2,2513.2,0,0,738648.675094567,0,0,0
25082.2105675414,40,2574.2,3041.2,2431.4,0,0,738648.67509503,0,0,0
25082.2505666078,40,2633.2,2999.8,2380.6,0,0,738648.675095493,0,0,0
25082.2905656742,40,2657.4,2971,2358.6,0,0,738648.675095955,0,0,0
25082.3305647406,40,2640.8,2986.4,2374.8,0,0,738648.675096418,0,0,0
25082.370563807,40,2595.2,3016.8,2407.4,0,0,738648.675096881,0,0,0
25082.4105628734,40,2533.8,3040.8,2463,0,0,738648.675097344,0,0,0
25082.4505619398,40,2461,3049.6,2539.6,0,0,738648.675097807,0,0,0
25082.4905610062,40,2379,3021.8,2643.4,0,0,738648.67509827,0,0,0
25082.5305600726,40,2294,2936.6,2762.2,0,0,738648.675098733,0,0,0
25082.570559139,40,2228.8,2811.4,2882.2,0,0,738648.675099196,0,0,0
25082.6105582054,40,2170.4,2671.4,2964.8,0,0,738648.675099659,0,0,0
25082.6505572718,40,2135.6,2553,2984.4,0,0,738648.675100122,0,0,0
25082.6905563382,40,2123.2,2507,2976,0,0,738648.675100585,0,0,0
25082.7305554046,40,2145.8,2581.4,2957.4,0,0,738648.675101048,0,0,0
25082.770554471,40,2199,2714.8,2870,0,0,738648.675101511,0,0,0
25082.8105535374,40,2282,2853,2716,0,0,738648.675101974,0,0,0
25082.8505526038,40,2383.4,2916.2,2557,0,0,738648.675102437,0,0,0
25082.8905516702,40,2480.8,2904.2,2444.6,0,0,738648.6751029,0,0,0
25082.9305507366,40,2552.6,2845,2362.2,0,0,738648.675103363,0,0,0
25082.970549803,40,2609.8,2805,2316,0,0,738648.675103826,0,0,0
25083.0105488694,40,2655,2790.2,2294.4,0,0,738648.675104289,0,0,0
25083.0505479358,40,2663.2,2804.8,2297.8,0,0,738648.675104752,0,0,0
25083.0905470022,40,2646.4,2839.2,2319,0,0,738648.675105214,0,0,0
25083.1305460686,40,2628.2,2904.2,2353.8,0,0,738648.675105677,0,0,0
25083.170545135,40,2575,2978,2407.8,0,0,738648.67510614,0,0,0
25083.2105442014,40,2500.2,3041.2,2494.2,0,0,738648.675106603,0,0,0
25083.2505432678,40,2404.6,3040,2614.4,0,0,738648.675107066,0,0,0
25083.2905423342,40,2305,2955.8,2764,0,0,738648.675107529,0,0,0
25083.3305414006,40,2221.4,2808.4,2902.6,0,0,738648.675107992,0,0,0
25083.370540467,40,2163.8,2648,2990.2,0,0,738648.675108455,0,0,0
25083.4105395334,40,2129.2,2522.8,2990.6,0,0,738648.675108918,0,0,0
25083.4505385998,40,2121,2503,2953,0,0,738648.675109381,0,0,0
25083.4905376662,40,2149.6,2575.4,2891.4,0,0,738648.675109844,0,0,0
25083.5305367326,40,2200.2,2683,2793.8,0,0,738648.675110307,0,0,0
25083.570535799,40,2266.2,2783.8,2681.6,0,0,738648.67511077,0,0,0
25083.6105348654,40,2351,2858.4,2570.4,0,0,738648.675111233,0,0,0
25083.6505339318,40,2431.2,2896.8,2486.6,0,0,738648.675111696,0,0,0
25083.6905329982,40,2508.4,2903,2422,0,0,738648.675112159,0,0,0
25083.7305320646,40,2559,2905.2,2388,0,0,738648.675112622,0,0,0
25083.770531131,40,2584.4,2903.2,2366.8,0,0,738648.675113085,0,0,0
25083.8105301974,40,2584.6,2938.6,2387.6,0,0,738648.675113548,0,0,0
25083.8505292638,40,2556.2,2978.2,2417,0,0,738648.675114011,0,0,0
25083.8905283302,40,2512.4,3021,2469.6,0,0,738648.675114474,0,0,0
25083.9305273966,40,2448.2,3036.6,2552.6,0,0,738648.675114937,0,0,0
25083.970526463,40,2362,3007.6,2661.6,0,0,738648.6751154,0,0,0
25084.0105255294,40,2274,2910.4,2792.6,0,0,738648.675115862,0,0,0
25084.0505245958,40,2204,2754.4,2909.4,0,0,738648.675116325,0,0,0
25084.0905236622,40,2148.6,2602.2,2944.4,0,0,738648.675116788,0,0,0
25084.1305227286,40,2124.8,2508.4,2923.8,0,0,738648.675117251,0,0,0
25084.170521795,40,2135.2,2531,2931,0,0,738648.675117714,0,0,0
25084.2105208614,40,2171.6,2646.8,2919.2,0,0,738648.675118177,0,0,0
25084.2505199278,40,2229.4,2807.2,2870.8,0,0,738648.67511864,0,0,0
25084.2905189942,40,2309,2958.2,2750,0,0,738648.675119103,0,0,0
25084.3305180606,40,2399.4,3037.8,2625.8,0,0,738648.675119566,0,0,0
25084.370517127,40,2476.2,3061.8,2525.6,0,0,738648.675120029,0,0,0
25084.4105161934,40,2527.4,3063.6,2484,0,0,738648.675120492,0,0,0
25084.4505152598,40,2530.4,3064.4,2474.2,0,0,738648.675120955,0,0,0
25084.4905143262,40,2500.2,3064.2,2505.2,0,0,738648.675121418,0,0,0
25084.5305133926,40,2462.4,3065.8,2538.4,0,0,738648.675121881,0,0,0
25084.570512459,40,2426.2,3031.2,2578,0,0,738648.675122344,0,0,0
25084.6105115254,40,2374.6,2976,2607.6,0,0,738648.675122807,0,0,0
25084.6505105918,40,2324.4,2901.8,2656.8,0,0,738648.67512327,0,0,0
25084.6905096582,40,2267.8,2822.8,2717.2,0,0,738648.675123733,0,0,0
25084.7305087246,40,2217.6,2729.8,2788.6,0,0,738648.675124196,0,0,0
25084.770507791,40,2174.2,2628.8,2846,0,0,738648.675124659,0,0,0
25084.8105068574,40,2137,2528.8,2867.2,0,0,738648.675125121,0,0,0
25084.8505059238,40,2120.8,2460,2858.8,0,0,738648.675125584,0,0,0
25084.8905049902,40,2123.4,2463.4,2821.4,0,0,738648.675126047,0,0,0
25084.9305040566,40,2151.8,2545,2806.2,0,0,738648.67512651,0,0,0
25084.970503123,40,2217.2,2710,2776.8,0,0,738648.675126973,0,0,0
25085.0105021894,40,2317.6,2885.2,2656,0,0,738648.675127436,0,0,0
25085.0505012558,40,2463.4,2978,2496.6,0,0,738648.675127899,0,0,0
25085.0905003222,40,2637,2951.4,2363,0,0,738648.675128362,0,0,0
25085.1304993886,40,2783.4,2849,2268.8,0,0,738648.675128825,0,0,0
25085.170498455,40,2881.2,2731.2,2211.6,0,0,738648.675129288,0,0,0
25085.2104975214,40,2927.8,2638,2179,0,0,738648.675129751,0,0,0
25085.2504965878,40,2930,2584.4,2165.2,0,0,738648.675130214,0,0,0
25085.2904956542,40,2900.8,2574.8,2164,0,0,738648.675130677,0,0,0
25085.3304947206,40,2868.4,2600.6,2182.2,0,0,738648.67513114,0,0,0
25085.370493787,40,2805.8,2639,2201.6,0,0,738648.675131603,0,0,0
25085.4104928534,40,2734.4,2699.6,2240.4,0,0,738648.675132066,0,0,0
25085.4504919198,40,2661.6,2800.6,2295.8,0,0,738648.675132529,0,0,0
25085.4904909862,40,2562.8,2900.8,2389.2,0,0,738648.675132992,0,0,0
25085.5304900526,40,2435.6,2933,2510.6,0,0,738648.675133455,0,0,0
25085.570489119,40,2321.2,2879,2647.2,0,0,738648.675133918,0,0,0
25085.6104881854,40,2234.4,2748.8,2757.2,0,0,738648.67513438,0,0,0
25085.6504872518,40,2174.4,2607.2,2816.4,0,0,738648.675134843,0,0,0
25085.6904863182,40,2140.6,2505.8,2811,0,0,738648.675135306,0,0,0
25085.7304853846,40,2134.6,2504.8,2810.4,0,0,738648.675135769,0,0,0
25085.770484451,40,2168.4,2584.8,2791,0,0,738648.675136232,0,0,0
25085.8104835174,40,2238.6,2723.6,2712.2,0,0,738648.675136695,0,0,0
25085.8504825838,40,2352.4,2863.2,2579,0,0,738648.675137158,0,0,0
25085.8904816502,40,2499.6,2895.8,2426.6,0,0,738648.675137621,0,0,0
25085.9304807166,40,2645.4,2830.2,2314.2,0,0,738648.675138084,0,0,0
25085.970479783,40,2766.2,2728.2,2238.4,0,0,738648.675138547,0,0,0
25086.0104788494,40,2832.2,2625.8,2191.8,0,0,738648.67513901,0,0,0
25086.0504779158,40,2854.2,2558.2,2165.4,0,0,738648.675139473,0,0,0
25086.0904769822,40,2853.4,2532.4,2162.2,0,0,738648.675139936,0,0,0
25086.1304760486,40,2844.8,2550.6,2164,0,0,738648.675140399,0,0,0
25086.170475115,40,2836.8,2585.6,2178.2,0,0,738648.675140862,0,0,0
25086.2104741814,40,2823.6,2631.8,2195.8,0,0,738648.675141325,0,0,0
25086.2504732478,40,2788.2,2706.4,2229,0,0,738648.675141788,0,0,0
25086.2904723142,40,2721.6,2789.2,2271.2,0,0,738648.675142251,0,0,0
25086.3304713806,40,2619.8,2866,2342,0,0,738648.675142714,0,0,0
25086.370470447,40,2505.8,2920.6,2435.2,0,0,738648.675143177,0,0,0
25086.4104695134,40,2389.6,2910.6,2545,0,0,738648.67514364,0,0,0
25086.4504685798,40,2295.8,2839.6,2664.8,0,0,738648.675144103,0,0,0
25086.4904676462,40,2220.8,2726.4,2770.6,0,0,738648.675144565,0,0,0
25086.5304667126,40,2170.8,2612.4,2833.6,0,0,738648.675145028,0,0,0
25086.570465779,40,2140.8,2515.8,2844.2,0,0,738648.675145491,0,0,0
25086.6104648454,40,2122.2,2463.6,2823.2,0,0,738648.675145954,0,0,0
25086.6504639118,40,2132.4,2476.2,2811.6,0,0,738648.675146417,0,0,0
25086.6904629782,40,2156.2,2553.4,2805.4,0,0,738648.67514688,0,0,0
25086.7304620446,40,2210,2691,2766.4,0,0,738648.675147343,0,0,0
25086.770461111,40,2296.4,2832.2,2660.6,0,0,738648.675147806,0,0,0
25086.8104601774,40,2415.8,2915.4,2516.4,0,0,738648.675148269,0,0,0
25086.8504592438,40,2546,2903.8,2397.8,0,0,738648.675148732,0,0,0
25086.8904583102,40,2662,2842.4,2309.2,0,0,738648.675149195,0,0,0
25086.9304573766,40,2750.2,2774.6,2259.8,0,0,738648.675149658,0,0,0
25086.970456443,40,2808.4,2727.8,2226,0,0,738648.675150121,0,0,0
25087.0104555094,40,2852.6,2716.8,2216.4,0,0,738648.675150584,0,0,0
25087.0504545758,40,2864.4,2737.8,2218.6,0,0,738648.675151047,0,0,0
25087.0904536422,40,2867.8,2782.6,2234.6,0,0,738648.67515151,0,0,0
25087.1304527086,40,2838.8,2832.4,2254.2,0,0,738648.675151973,0,0,0
25087.170451775,40,2778.4,2896.2,2292.6,0,0,738648.675152436,0,0,0
25087.2104508414,40,2697.8,2971.2,2342,0,0,738648.675152899,0,0,0
25087.2504499078,40,2602.8,3032.4,2414,0,0,738648.675153362,0,0,0
25087.2904489742,40,2493.2,3053.4,2509.6,0,0,738648.675153825,0,0,0
25087.3304480406,40,2394.6,3008.6,2609.8,0,0,738648.675154287,0,0,0
25087.370447107,40,2304.6,2898.8,2701.2,0,0,738648.67515475,0,0,0
25087.4104461734,40,2240.8,2777.4,2766.6,0,0,738648.675155213,0,0,0
25087.4504452398,40,2192.6,2658.4,2792.8,0,0,738648.675155676,0,0,0
25087.4904443062,40,2169,2581.8,2796,0,0,738648.675156139,0,0,0
25087.5304433726,40,2159.4,2571.2,2824.6,0,0,738648.675156602,0,0,0
25087.570442439,40,2177,2617.8,2821,0,0,738648.675157065,0,0,0
25087.6104415054,40,2222.4,2717.4,2759.2,0,0,738648.675157528,0,0,0
25087.6504405718,40,2300.4,2827.8,2649.2,0,0,738648.675157991,0,0,0
25087.6904396382,40,2420.8,2910,2508.8,0,0,738648.675158454,0,0,0
25087.7304387046,40,2556.8,2907,2387.2,0,0,738648.675158917,0,0,0
25087.770437771,40,2688.6,2846.4,2303.8,0,0,738648.67515938,0,0,0
25087.8104368374,40,2796.8,2781.6,2249.6,0,0,738648.675159843,0,0,0
25087.8504359038,40,2872.6,2724,2214.6,0,0,738648.675160306,0,0,0
25087.8904349702,40,2917.2,2693.8,2195.2,0,0,738648.675160769,0,0,0
25087.9304340366,40,2944.8,2694.2,2189.8,0,0,738648.675161232,0,0,0
25087.970433103,40,2940,2730.4,2206,0,0,738648.675161695,0,0,0
25088.0104321694,40,2913.8,2764,2221.8,0,0,738648.675162158,0,0,0
25088.0504312358,40,2860.6,2802.8,2243,0,0,738648.675162621,0,0,0
25088.0904303022,40,2792.2,2863.6,2275.6,0,0,738648.675163084,0,0,0
25088.1304293686,40,2695.6,2931.4,2327.2,0,0,738648.675163546,0,0,0
25088.170428435,40,2582,2982.4,2403.2,0,0,738648.675164009,0,0,0
25088.2104275014,40,2466.2,2996.8,2507.2,0,0,738648.675164472,0,0,0
25088.2504265678,40,2356.4,2946.6,2621.8,0,0,738648.675164935,0,0,0
25088.2904256342,40,2272,2837.8,2720.2,0,0,738648.675165398,0,0,0
25088.3304247006,40,2209.2,2707.8,2787.6,0,0,738648.675165861,0,0,0
25088.370423767,40,2169.8,2586.6,2806.8,0,0,738648.675166324,0,0,0
25088.4104228334,40,2146.4,2524,2816.8,0,0,738648.675166787,0,0,0
25088.4504218998,40,2145.8,2538.6,2831.2,0,0,738648.67516725,0,0,0
25088.4904209662,40,2179.8,2618.6,2818.4,0,0,738648.675167713,0,0,0
25088.5304200326,40,2232.6,2724,2729.6,0,0,738648.675168176,0,0,0
25088.570419099,40,2322.6,2846,2614.4,0,0,738648.675168639,0,0,0
25088.6104181654,40,2450.2,2910.8,2481.2,0,0,738648.675169102,0,0,0
25088.6504172318,40,2586.6,2890.8,2367.4,0,0,738648.675169565,0,0,0
25088.6904162982,40,2711.2,2814.2,2286.4,0,0,738648.675170028,0,0,0
25088.7304153646,40,2803.4,2738,2230.4,0,0,738648.675170491,0,0,0
25088.770414431,40,2862,2671.8,2198,0,0,738648.675170954,0,0,0
25088.8104134974,40,2888.6,2632.4,2184,0,0,738648.675171417,0,0,0
25088.8504125638,40,2904.6,2628,2180.8,0,0,738648.67517188,0,0,0
25088.8904116302,40,2903,2661.2,2188.4,0,0,738648.675172343,0,0,0
25088.9304106966,40,2893.6,2697.6,2203,0,0,738648.675172806,0,0,0
25088.970409763,40,2848.2,2731,2224.4,0,0,738648.675173269,0,0,0
25089.0104088294,40,2768.6,2760.8,2252,0,0,738648.675173731,0,0,0
25089.0504078958,40,2685.2,2796.8,2289.6,0,0,738648.675174194,0,0,0
25089.0904069622,40,2579.8,2816.4,2340,0,0,738648.675174657,0,0,0
25089.1304060286,40,2498,2861.6,2404.2,0,0,738648.67517512,0,0,0
25089.170405095,40,2420.6,2898.4,2498.6,0,0,738648.675175583,0,0,0
25089.2104041614,40,2344,2873.8,2603.4,0,0,738648.675176046,0,0,0
25089.2504032278,40,2278.8,2816,2687,0,0,738648.675176509,0,0,0
25089.2904022942,40,2232.8,2726.6,2738.2,0,0,738648.675176972,0,0,0
25089.3304013606,40,2209.2,2679.2,2759.8,0,0,738648.675177435,0,0,0
25089.370400427,40,2217.8,2702.4,2759,0,0,738648.675177898,0,0,0
25089.4103994934,40,2252.6,2775.2,2727.4,0,0,738648.675178361,0,0,0
25089.4503985598,40,2316.2,2860,2640,0,0,738648.675178824,0,0,0
25089.4903976262,40,2413.4,2920.8,2529.8,0,0,738648.675179287,0,0,0
25089.5303966926,40,2532.4,2922.2,2410.8,0,0,738648.67517975,0,0,0
25089.570395759,40,2655.4,2864.6,2317.8,0,0,738648.675180213,0,0,0
25089.6103948254,40,2776,2785.4,2256.8,0,0,738648.675180676,0,0,0
25089.6503938918,40,2869.4,2707,2206.2,0,0,738648.675181139,0,0,0
25089.6903929582,40,2926.2,2630.8,2180.2,0,0,738648.675181602,0,0,0
25089.7303920246,40,2960.2,2575,2156.4,0,0,738648.675182065,0,0,0
25089.770391091,40,2964.2,2542.8,2147.2,0,0,738648.675182528,0,0,0
25089.8103901574,40,2972.6,2530.6,2145.2,0,0,738648.67518299,0,0,0
25089.8503892238,40,2975,2560.2,2151.4,0,0,738648.675183453,0,0,0
25089.8903882902,40,2963.6,2591.6,2162,0,0,738648.675183916,0,0,0
25089.9303873566,40,2944.6,2651,2183.2,0,0,738648.675184379,0,0,0
25089.970386423,40,2878.4,2742.4,2220.4,0,0,738648.675184842,0,0,0
25090.0103854894,40,2761.6,2850.6,2282.4,0,0,738648.675185305,0,0,0
25090.0503845558,40,2610.8,2926.6,2363,0,0,738648.675185768,0,0,0
25090.0903836222,40,2475.2,2961.2,2480.6,0,0,738648.675186231,0,0,0
25090.1303826886,40,2372,2943.6,2598.2,0,0,738648.675186694,0,0,0
25090.170381755,40,2306.6,2903.8,2697.8,0,0,738648.675187157,0,0,0
25090.2103808214,40,2305.8,2929.4,2727.8,0,0,738648.67518762,0,0,0
25090.2503798878,40,2376.4,3014.8,2640.2,0,0,738648.675188083,0,0,0
25090.2903789542,40,2508,3059,2497.6,0,0,738648.675188546,0,0,0
25090.3303780206,40,2675.8,3006.8,2362,0,0,738648.675189009,0,0,0
25090.370377087,40,2830.6,2863.6,2263.8,0,0,738648.675189472,0,0,0
25090.4103761534,40,2933.6,2714.4,2198.6,0,0,738648.675189935,0,0,0
25090.4503752198,40,2980.6,2596.2,2160.4,0,0,738648.675190398,0,0,0
25090.4903742862,40,2979.6,2507,2133.6,0,0,738648.675190861,0,0,0
25090.5303733526,40,2956.8,2451.4,2120.4,0,0,738648.675191324,0,0,0
25090.570372419,40,2929.4,2417.4,2110.8,0,0,738648.675191787,0,0,0
25090.6103714854,40,2914.6,2404,2108.8,0,0,738648.675192249,0,0,0
25090.6503705518,40,2923.2,2414.4,2110.8,0,0,738648.675192712,0,0,0
25090.6903696182,40,2954.2,2447.4,2118.8,0,0,738648.675193175,0,0,0
25090.7303686846,40,2982.6,2481.8,2127.4,0,0,738648.675193638,0,0,0
25090.770367751,40,2998.2,2546,2145.6,0,0,738648.675194101,0,0,0
25090.8103668174,40,2988.2,2645.6,2178.8,0,0,738648.675194564,0,0,0
25090.8503658838,40,2906.6,2773,2222.2,0,0,738648.675195027,0,0,0
25090.8903649502,40,2761,2899.2,2302.2,0,0,738648.67519549,0,0,0
25090.9303640166,40,2589.8,3006.4,2409,0,0,738648.675195953,0,0,0
25090.970363083,40,2422.6,3010.2,2564,0,0,738648.675196416,0,0,0
25091.0103621494,40,2300.8,2917.6,2734.4,0,0,738648.675196879,0,0,0
25091.0503612158,40,2228.4,2801.2,2846.4,0,0,738648.675197342,0,0,0
25091.0903602822,40,2222.6,2784,2862.4,0,0,738648.675197805,0,0,0
25091.1303593486,40,2277.8,2893,2771.2,0,0,738648.675198268,0,0,0
25091.170358415,40,2391.4,3006.2,2610.8,0,0,738648.675198731,0,0,0
25091.2103574814,40,2552.6,3024,2442.6,0,0,738648.675199194,0,0,0
25091.2503565478,40,2716.2,2911.2,2317.8,0,0,738648.675199657,0,0,0
25091.2903556142,40,2830.8,2764.2,2235.8,0,0,738648.67520012,0,0,0
25091.3353545639,45,2902.6,2623.2,2180.8,0,0,738648.675200641,0,0,0
25091.3753536303,40,2913.2,2530.6,2148.8,0,0,738648.675201103,0,0,0
25091.4153526967,40,2906.4,2462.2,2128.2,0,0,738648.675201566,0,0,0
25091.4553517631,40,2896,2415.4,2114.2,0,0,738648.675202029,0,0,0
25091.4953508295,40,2886.4,2398.6,2108,0,0,738648.675202492,0,0,0
25091.5353498959,40,2899.6,2403.4,2112.6,0,0,738648.675202955,0,0,0
25091.5753489623,40,2925.8,2429.4,2115.2,0,0,738648.675203418,0,0,0
25091.6153480287,40,2953,2472,2125.6,0,0,738648.675203881,0,0,0
25091.6553470951,40,2958,2526.4,2144.6,0,0,738648.675204344,0,0,0
25091.6953461615,40,2932.2,2623.2,2179.8,0,0,738648.675204807,0,0,0
25091.7353452279,40,2861.4,2758,2231.8,0,0,738648.67520527,0,0,0
25091.7753442943,40,2722.8,2918.8,2321.4,0,0,738648.675205733,0,0,0
25091.8153433607,40,2552.2,3029.2,2447,0,0,738648.675206196,0,0,0
25091.8553424271,40,2397.2,3020.4,2610.8,0,0,738648.675206659,0,0,0
25091.8953414935,40,2285.4,2900,2761.2,0,0,738648.675207122,0,0,0
25091.9353405599,40,2220.8,2775.2,2853.8,0,0,738648.675207585,0,0,0
25091.9753396263,40,2204.6,2741.4,2871.8,0,0,738648.675208048,0,0,0
25092.0153386927,40,2249.8,2828.8,2802.2,0,0,738648.675208511,0,0,0
25092.0553377591,40,2346.2,2940.8,2652.4,0,0,738648.675208974,0,0,0
25092.0953368255,40,2485.6,2984,2486.8,0,0,738648.675209437,0,0,0
25092.1353358919,40,2643.8,2921.6,2350.2,0,0,738648.6752099,0,0,0
25092.1753349583,40,2778.6,2789.6,2255.6,0,0,738648.675210363,0,0,0
25092.2153340247,40,2863.4,2655.2,2195.4,0,0,738648.675210826,0,0,0
25092.2553330911,40,2896.2,2540.2,2158.2,0,0,738648.675211288,0,0,0
25092.2953321575,40,2873.6,2451.2,2127.8,0,0,738648.675211751,0,0,0
25092.3353312239,40,2846.8,2390,2108.6,0,0,738648.675212214,0,0,0
25092.3753302903,40,2812.4,2340.4,2095,0,0,738648.675212677,0,0,0
25092.4153293567,40,2771.4,2303.6,2086.6,0,0,738648.67521314,0,0,0
25092.4553284231,40,2753.4,2287,2079,0,0,738648.675213603,0,0,0
25092.4953274895,40,2754,2292.4,2078.2,0,0,738648.675214066,0,0,0
25092.5353265559,40,2787.2,2312,2086.4,0,0,738648.675214529,0,0,0
25092.5753256223,40,2822.4,2337,2092.6,0,0,738648.675214992,0,0,0
25092.6153246887,40,2855,2391.8,2112.4,0,0,738648.675215455,0,0,0
25092.6553237551,40,2889,2489.6,2140.2,0,0,738648.675215918,0,0,0
25092.6953228215,40,2849.6,2626.4,2192.4,0,0,738648.675216381,0,0,0
25092.7353218879,40,2726.2,2783.8,2274.8,0,0,738648.675216844,0,0,0
25092.7753209543,40,2551.2,2903,2392.2,0,0,738648.675217307,0,0,0
25092.8153200207,40,2396.4,2902.4,2532.8,0,0,738648.67521777,0,0,0
25092.8553190871,40,2292.4,2823.6,2663.8,0,0,738648.675218233,0,0,0
25092.8953181535,40,2248.8,2771.8,2733,0,0,738648.675218696,0,0,0
25092.9353172199,40,2274.2,2797,2682,0,0,738648.675219159,0,0,0
25092.9753162863,40,2349.4,2862.6,2577,0,0,738648.675219622,0,0,0
25093.0153153527,40,2474.4,2904,2446.6,0,0,738648.675220084,0,0,0
25093.0553144191,40,2635.2,2856,2331,0,0,738648.675220547,0,0,0
25093.0953134855,40,2793.6,2749.8,2235.2,0,0,738648.67522101,0,0,0
25093.1353125519,40,2922.4,2606.4,2170.8,0,0,738648.675221473,0,0,0
25093.1753116183,40,2960.2,2468,2125.2,0,0,738648.675221936,0,0,0
25093.2153106847,40,2907.4,2366.4,2096,0,0,738648.675222399,0,0,0
25093.2553097511,40,2824,2294.2,2077.8,0,0,738648.675222862,0,0,0
25093.2953088175,40,2758.6,2254.8,2066.2,0,0,738648.675223325,0,0,0
25093.3353078839,40,2711.8,2236.4,2063.8,0,0,738648.675223788,0,0,0
25093.3753069503,40,2703.6,2235.8,2063.2,0,0,738648.675224251,0,0,0
25093.4153060167,40,2730,2262.6,2067.2,0,0,738648.675224714,0,0,0
25093.4553050831,40,2750,2295,2080.2,0,0,738648.675225177,0,0,0
25093.4953041495,40,2798.6,2343.2,2097.8,0,0,738648.67522564,0,0,0
25093.5353032159,40,2861.4,2422,2119,0,0,738648.675226103,0,0,0
25093.5753022823,40,2895.4,2543.4,2154.6,0,0,738648.675226566,0,0,0
25093.6153013487,40,2834,2705.2,2218.8,0,0,738648.675227029,0,0,0
25093.6553004151,40,2677.4,2862.8,2316.8,0,0,738648.675227492,0,0,0
25093.6952994815,40,2495,2946.8,2452.2,0,0,738648.675227955,0,0,0
25093.7352985479,40,2339.4,2897.2,2624.2,0,0,738648.675228418,0,0,0
25093.7752976143,40,2230.8,2764.2,2778.8,0,0,738648.675228881,0,0,0
25093.8152966807,40,2164.4,2604.4,2862.4,0,0,738648.675229344,0,0,0
25093.8552957471,40,2124.4,2477.4,2860,0,0,738648.675229807,0,0,0
25093.8952948135,40,2103.6,2400.8,2815.6,0,0,738648.675230269,0,0,0
25093.9352938799,40,2097,2377.8,2809.8,0,0,738648.675230732,0,0,0
25093.9752929463,40,2111.6,2430.2,2878.4,0,0,738648.675231195,0,0,0
25094.0152920127,40,2140,2540.6,2917.8,0,0,738648.675231658,0,0,0
25094.0552910791,40,2201,2728.6,2882.6,0,0,738648.675232121,0,0,0
25094.0952901455,40,2310.2,2925.2,2703.8,0,0,738648.675232584,0,0,0
25094.1352892119,40,2487.2,2998.4,2480.8,0,0,738648.675233047,0,0,0
25094.1752882783,40,2689.4,2888.2,2319.2,0,0,738648.67523351,0,0,0
25094.2152873447,40,2835.8,2702.8,2211.4,0,0,738648.675233973,0,0,0
25094.2552864111,40,2900.2,2541.4,2155.4,0,0,738648.675234436,0,0,0
25094.2952854775,40,2879.4,2422.2,2116.8,0,0,738648.675234899,0,0,0
25094.3352845439,40,2825.8,2336.4,2091.2,0,0,738648.675235362,0,0,0
25094.3752836103,40,2770,2285.2,2077.6,0,0,738648.675235825,0,0,0
25094.4152826767,40,2733.4,2258.2,2069.6,0,0,738648.675236288,0,0,0
25094.4552817431,40,2733,2256.4,2071,0,0,738648.675236751,0,0,0
25094.4952808095,40,2776,2282.8,2077.8,0,0,738648.675237214,0,0,0
25094.5352798759,40,2827.6,2330.6,2088.8,0,0,738648.675237677,0,0,0
25094.5752789423,40,2878.2,2401.8,2111.8,0,0,738648.67523814,0,0,0
25094.6152780087,40,2918.6,2515,2142.2,0,0,738648.675238603,0,0,0
25094.6552770751,40,2881.6,2672.8,2200.6,0,0,738648.675239066,0,0,0
25094.6952761415,40,2735.6,2851.6,2291.8,0,0,738648.675239529,0,0,0
25094.7352752079,40,2536.2,2974.4,2431.4,0,0,738648.675239992,0,0,0
25094.7752742743,40,2351.8,2907.8,2612,0,0,738648.675240454,0,0,0
25094.8152733407,40,2225.4,2707,2741.6,0,0,738648.675240917,0,0,0
25094.8552724071,40,2152,2536.6,2809,0,0,738648.67524138,0,0,0
25094.8952714735,40,2110,2430.2,2847.6,0,0,738648.675241843,0,0,0
25094.9352705399,40,2089.8,2360,2799.8,0,0,738648.675242306,0,0,0
25094.9752696063,40,2089.8,2349.4,2789.2,0,0,738648.675242769,0,0,0
25095.0152686727,40,2106.4,2409.2,2835.6,0,0,738648.675243232,0,0,0
25095.0552677391,40,2136.4,2507,2846.6,0,0,738648.675243695,0,0,0
25095.0952668055,40,2187.8,2654,2802.8,0,0,738648.675244158,0,0,0
25095.1352658719,40,2280.8,2807.2,2672.6,0,0,738648.675244621,0,0,0
25095.1752649383,40,2421.2,2901.2,2502.2,0,0,738648.675245084,0,0,0
25095.2152640047,40,2587.4,2874.4,2362,0,0,738648.675245547,0,0,0
25095.2552630711,40,2734.8,2755.2,2258.4,0,0,738648.67524601,0,0,0
25095.2952621375,40,2831.4,2609.2,2185.8,0,0,738648.675246473,0,0,0
25095.3352612039,40,2850.4,2477,2140.6,0,0,738648.675246936,0,0,0
25095.3752602703,40,2821,2375,2107,0,0,738648.675247399,0,0,0
25095.4152593367,40,2751.8,2300.6,2081.6,0,0,738648.675247862,0,0,0
25095.4552584031,40,2692.4,2252,2070.6,0,0,738648.675248325,0,0,0
25095.4952574695,40,2657.8,2232,2061.4,0,0,738648.675248788,0,0,0
25095.5352565359,40,2668.4,2244.6,2066.6,0,0,738648.67524925,0,0,0
25095.5752556023,40,2706.6,2278.8,2080.6,0,0,738648.675249713,0,0,0
25095.6152546687,40,2775.6,2326,2093.4,0,0,738648.675250176,0,0,0
25095.6552537351,40,2868,2403.6,2112,0,0,738648.675250639,0,0,0
25095.6952528015,40,2942.2,2524.6,2146.8,0,0,738648.675251102,0,0,0
25095.7352518679,40,2923.6,2684.6,2199.4,0,0,738648.675251565,0,0,0
25095.7752509343,40,2802,2866.4,2276.6,0,0,738648.675252028,0,0,0
25095.8152500007,40,2617.6,3012,2395.4,0,0,738648.675252491,0,0,0
25095.8552490671,40,2433.8,3031.6,2564.8,0,0,738648.675252954,0,0,0
25095.8952481335,40,2291.4,2918.6,2760,0,0,738648.675253417,0,0,0
25095.9352471999,40,2195.4,2717.8,2893,0,0,738648.67525388,0,0,0
25095.9752462663,40,2136.4,2527,2884.2,0,0,738648.675254343,0,0,0
25096.0152453327,40,2102.6,2400.2,2794.6,0,0,738648.675254806,0,0,0
25096.0552443991,40,2084,2351,2783,0,0,738648.675255269,0,0,0
25096.0952434655,40,2086.6,2351,2811.4,0,0,738648.675255732,0,0,0
25096.1352425319,40,2096.2,2391.6,2885.6,0,0,738648.675256195,0,0,0
25096.1752415983,40,2106.2,2453.4,2951,0,0,738648.675256658,0,0,0
25096.2152406647,40,2135.2,2549,2994,0,0,738648.675257121,0,0,0
25096.2552397311,40,2178.8,2687,2967,0,0,738648.675257584,0,0,0
25096.2952387975,40,2236.4,2833,2860,0,0,738648.675258047,0,0,0
25096.3352378639,40,2327.2,2951.2,2702.8,0,0,738648.67525851,0,0,0
25096.3752369303,40,2428.8,3024,2564,0,0,738648.675258973,0,0,0
25096.4152359967,40,2534,3004.6,2444,0,0,738648.675259435,0,0,0
25096.4552350631,40,2631.8,2948.8,2365.6,0,0,738648.675259898,0,0,0
25096.4952341295,40,2700.6,2885.2,2306.8,0,0,738648.675260361,0,0,0
25096.5352331959,40,2743.6,2834.6,2280,0,0,738648.675260824,0,0,0
25096.5752322623,40,2762.2,2806.8,2268.2,0,0,738648.675261287,0,0,0
25096.6152313287,40,2760.8,2803.8,2263,0,0,738648.67526175,0,0,0
25096.6552303951,40,2743.8,2810.6,2272.8,0,0,738648.675262213,0,0,0
25096.6952294615,40,2723.2,2820.2,2277.4,0,0,738648.675262676,0,0,0
25096.7352285279,40,2711.8,2810,2280,0,0,738648.675263139,0,0,0
25096.7752275943,40,2697.2,2827,2294,0,0,738648.675263602,0,0,0
25096.8152266607,40,2676,2882.6,2320.4,0,0,738648.675264065,0,0,0
25096.8552257271,40,2646,2938.2,2353,0,0,738648.675264528,0,0,0
25096.8952247935,40,2576.8,3007.2,2415.4,0,0,738648.675264991,0,0,0
25096.9352238599,40,2490.4,3045.4,2507,0,0,738648.675265454,0,0,0
25096.9752229263,40,2390.6,3018.4,2617.2,0,0,738648.675265917,0,0,0
25097.0152219927,40,2301.8,2919.4,2738.4,0,0,738648.67526638,0,0,0
25097.0552210591,40,2224.2,2789.4,2844.2,0,0,738648.675266843,0,0,0
25097.0952201255,40,2174.2,2642.8,2879.2,0,0,738648.675267306,0,0,0
25097.1352191919,40,2143.6,2535.2,2846,0,0,738648.675267769,0,0,0
25097.1752182583,40,2142.2,2525,2848.2,0,0,738648.675268232,0,0,0
25097.2152173247,40,2159.4,2584.6,2858,0,0,738648.675268695,0,0,0
25097.2552163911,40,2185.4,2665.4,2850,0,0,738648.675269158,0,0,0
25097.2952154575,40,2239.4,2785.8,2806.2,0,0,738648.67526962,0,0,0
25097.3352145239,40,2317.6,2916.8,2688.8,0,0,738648.675270083,0,0,0
25097.3752135903,40,2451.2,3026,2534.6,0,0,738648.675270546,0,0,0
25097.4152126567,40,2640,3002.4,2380.2,0,0,738648.675271009,0,0,0
25097.4552117231,40,2833.2,2849.2,2262,0,0,738648.675271472,0,0,0
25097.4952107895,40,2954.6,2672.2,2183.4,0,0,738648.675271935,0,0,0
25097.5352098559,40,2995.2,2520.6,2138.4,0,0,738648.675272398,0,0,0
25097.5752089223,40,2957.4,2415.2,2107.8,0,0,738648.675272861,0,0,0
25097.6152079887,40,2896.4,2346.2,2091,0,0,738648.675273324,0,0,0
25097.6552070551,40,2844.4,2310.8,2078.2,0,0,738648.675273787,0,0,0
25097.6952061215,40,2842.6,2305.2,2077.4,0,0,738648.67527425,0,0,0
25097.7352051879,40,2879.4,2328.4,2082,0,0,738648.675274713,0,0,0
25097.7752042543,40,2919.2,2360.2,2093,0,0,738648.675275176,0,0,0
25097.8152033207,40,2945.4,2401.2,2106,0,0,738648.675275639,0,0,0
25097.8552023871,40,2976.2,2453.2,2118.8,0,0,738648.675276102,0,0,0
25097.8952014535,40,2995.4,2526.8,2140.8,0,0,738648.675276565,0,0,0
25097.9352005199,40,2978.4,2631.2,2173.6,0,0,738648.675277028,0,0,0
25097.9751995863,40,2912.2,2750.6,2217,0,0,738648.675277491,0,0,0
25098.0151986527,40,2791.6,2881.2,2283.8,0,0,738648.675277954,0,0,0
25098.0551977191,40,2639.6,3000.4,2378.2,0,0,738648.675278416,0,0,0
25098.0951967855,40,2479.6,3042.2,2517.4,0,0,738648.675278879,0,0,0
25098.1351958519,40,2339,2970.6,2688.6,0,0,738648.675279342,0,0,0
25098.1751949183,40,2229.8,2810,2852.2,0,0,738648.675279805,0,0,0
25098.2151939847,40,2158.4,2623,2932.6,0,0,738648.675280268,0,0,0
25098.2551930511,40,2121.2,2478.8,2905.2,0,0,738648.675280731,0,0,0
25098.2951921175,40,2100.2,2399,2824.8,0,0,738648.675281194,0,0,0
25098.3351911839,40,2108.6,2408.2,2793.6,0,0,738648.675281657,0,0,0
25098.3751902503,40,2123.4,2471.8,2842.8,0,0,738648.67528212,0,0,0
25098.4151893167,40,2153,2574.8,2871.2,0,0,738648.675282583,0,0,0
25098.4551883831,40,2212.8,2740.2,2842.2,0,0,738648.675283046,0,0,0
25098.4951874495,40,2314,2908.8,2688.6,0,0,738648.675283509,0,0,0
25098.5351865159,40,2476.8,3012.8,2503.8,0,0,738648.675283972,0,0,0
25098.5751855823,40,2670.8,2942.4,2346.4,0,0,738648.675284435,0,0,0
25098.6151846487,40,2852.6,2785.8,2240.4,0,0,738648.675284898,0,0,0
25098.6551837151,40,2961.6,2614.8,2166.2,0,0,738648.675285361,0,0,0
25098.6951827815,40,2974.2,2474,2123.8,0,0,738648.675285824,0,0,0
25098.7351818479,40,2921.4,2375.4,2097.8,0,0,738648.675286287,0,0,0
25098.7751809143,40,2873.8,2322.4,2081,0,0,738648.67528675,0,0,0
25098.8151799807,40,2821.8,2291.6,2075.4,0,0,738648.675287213,0,0,0
25098.8551790471,40,2816.6,2285.8,2075,0,0,738648.675287676,0,0,0
25098.8951781135,40,2846.4,2302.8,2079.4,0,0,738648.675288138,0,0,0
25098.9351771799,40,2896.2,2341,2089.2,0,0,738648.675288601,0,0,0
25098.9751762463,40,2932,2382.8,2101.6,0,0,738648.675289064,0,0,0
25099.0151753127,40,2972,2448.4,2121.4,0,0,738648.675289527,0,0,0
25099.0551743791,40,2995.4,2540.4,2146,0,0,738648.67528999,0,0,0
25099.0951734455,40,2971.4,2664.8,2184.4,0,0,738648.675290453,0,0,0
25099.1351725119,40,2885.2,2810.8,2240.2,0,0,738648.675290916,0,0,0
25099.1751715783,40,2737.8,2948.6,2321.6,0,0,738648.675291379,0,0,0
25099.2151706447,40,2565.8,3041.2,2437.4,0,0,738648.675291842,0,0,0
25099.2551697111,40,2407.8,3039.2,2606,0,0,738648.675292305,0,0,0
25099.2951687775,40,2275.2,2894.4,2781.6,0,0,738648.675292768,0,0,0
25099.3351678439,40,2187.4,2693.4,2896.2,0,0,738648.675293231,0,0,0
25099.3751669103,40,2132,2516.4,2888,0,0,738648.675293694,0,0,0
25099.4151659767,40,2103.6,2397.4,2808.4,0,0,738648.675294157,0,0,0
25099.4551650431,40,2092.8,2356.4,2754.4,0,0,738648.67529462,0,0,0
25099.4951641095,40,2099.6,2389.4,2835.6,0,0,738648.675295083,0,0,0
25099.5351631759,40,2108.8,2455.8,2927.4,0,0,738648.675295546,0,0,0
25099.5751622423,40,2135.8,2576,2993,0,0,738648.675296009,0,0,0
25099.6151613087,40,2198.2,2755.8,2938.4,0,0,738648.675296472,0,0,0
25099.6551603751,40,2308.4,2950.8,2750.6,0,0,738648.675296935,0,0,0
25099.6951594415,40,2476.8,3055,2526,0,0,738648.675297398,0,0,0
25099.7351585079,40,2693,2988,2350,0,0,738648.675297861,0,0,0
25099.7751575743,40,2877.8,2793.2,2236.8,0,0,738648.675298323,0,0,0
25099.8151566407,40,2950.8,2596,2167.6,0,0,738648.675298786,0,0,0
25099.8551557071,40,2921.8,2449.4,2119.8,0,0,738648.675299249,0,0,0
25099.8951547735,40,2853,2353.2,2092.8,0,0,738648.675299712,0,0,0
25099.9351538399,40,2787.4,2290,2076.2,0,0,738648.675300175,0,0,0
25099.9751529063,40,2741.6,2260.4,2068.6,0,0,738648.675300638,0,0,0
25100.0151519727,40,2730.6,2247.6,2066.6,0,0,738648.675301101,0,0,0
25100.0551510391,40,2768.6,2258.2,2063.6,0,0,738648.675301564,0,0,0
25100.0951501055,40,2813.6,2281.6,2073.6,0,0,738648.675302027,0,0,0
25100.1351491719,40,2857,2311.2,2079.6,0,0,738648.67530249,0,0,0
25100.1751482383,40,2901.8,2358.4,2092.8,0,0,738648.675302953,0,0,0
25100.2151473047,40,2943.8,2417.2,2111.4,0,0,738648.675303416,0,0,0
25100.2551463711,40,2965.8,2503.2,2136.2,0,0,738648.675303879,0,0,0
25100.2951454375,40,2974.6,2620.2,2172.6,0,0,738648.675304342,0,0,0
25100.3351445039,40,2910,2768.6,2222,0,0,738648.675304805,0,0,0
25100.3751435703,40,2774.8,2922.2,2303.2,0,0,738648.675305268,0,0,0
25100.4151426367,40,2601.6,3042.6,2418,0,0,738648.675305731,0,0,0
25100.4721413063,57,2366.6,3012.6,2655.8,0,0,738648.67530639,0,0,0
25100.7071358214,235,2100.2,2387.4,2793.6,0,0,738648.67530911,0,0,0
25100.9471302198,240,2681.4,3017,2363.6,0,0,738648.675311888,0,0,0
25101.1971243848,250,2808.6,2294.6,2076.8,0,0,738648.675314781,0,0,0
25101.4371187832,240,2975.8,2502,2134.2,0,0,738648.675317559,0,0,0
25101.4771178496,40,2961.8,2595.8,2162.6,0,0,738648.675318022,0,0,0
25101.517116916,40,2905.8,2705.6,2208.4,0,0,738648.675318485,0,0,0
25101.5571159824,40,2802.2,2817.2,2263.4,0,0,738648.675318948,0,0,0
25101.5971150488,40,2660.4,2911.6,2341,0,0,738648.675319411,0,0,0
25101.6371141152,40,2515.6,2948.6,2436,0,0,738648.675319874,0,0,0
25101.6771131816,40,2383.2,2910,2550.6,0,0,738648.675320337,0,0,0
25101.717112248,40,2282.6,2815,2675.4,0,0,738648.6753208,0,0,0
25101.7571113144,40,2206.4,2688,2783.4,0,0,738648.675321263,0,0,0
25101.7971103808,40,2153.4,2567.6,2857.8,0,0,738648.675321726,0,0,0
25101.8371094472,40,2118.2,2464.2,2886.8,0,0,738648.675322189,0,0,0
25101.8771085136,40,2094.6,2391.6,2880,0,0,738648.675322652,0,0,0
25101.91710758,40,2085.4,2359,2841.8,0,0,738648.675323114,0,0,0
25101.9571066464,40,2089.6,2378.2,2896.2,0,0,738648.675323577,0,0,0
25101.9971057128,40,2094.6,2407.6,2949.8,0,0,738648.67532404,0,0,0
25102.0371047792,40,2113,2471.8,3002,0,0,738648.675324503,0,0,0
25102.0771038456,40,2144.4,2596.2,3023.8,0,0,738648.675324966,0,0,0
25102.117102912,40,2205.4,2777,2935,0,0,738648.675325429,0,0,0
25102.1571019784,40,2313.2,2966.4,2746.2,0,0,738648.675325892,0,0,0
25102.1971010448,40,2485,3063.8,2523.4,0,0,738648.675326355,0,0,0
25102.2371001112,40,2703.4,2980.8,2341.2,0,0,738648.675326818,0,0,0
25102.2770991776,40,2888,2781.4,2228.4,0,0,738648.675327281,0,0,0
25102.317098244,40,2951.4,2576.6,2159.4,0,0,738648.675327744,0,0,0
25102.3570973104,40,2930.6,2437.2,2119,0,0,738648.675328207,0,0,0
25102.3970963768,40,2865.2,2345.6,2093.4,0,0,738648.67532867,0,0,0
25102.4370954432,40,2794.2,2286.8,2076,0,0,738648.675329133,0,0,0
25102.4770945096,40,2739.8,2255.4,2068.4,0,0,738648.675329596,0,0,0
25102.517093576,40,2715,2237.8,2062,0,0,738648.675330059,0,0,0
25102.5570926424,40,2752,2250.8,2066.6,0,0,738648.675330522,0,0,0
25102.5970917088,40,2800.2,2274,2072,0,0,738648.675330985,0,0,0
25102.6370907752,40,2861.8,2311.6,2079.2,0,0,738648.675331448,0,0,0
25102.6770898416,40,2920.2,2372.6,2099.4,0,0,738648.675331911,0,0,0
25102.717088908,40,2958.6,2454,2121,0,0,738648.675332374,0,0,0
25102.7570879744,40,2954,2561.2,2157.2,0,0,738648.675332837,0,0,0
25102.7970870408,40,2909,2695.2,2203,0,0,738648.675333299,0,0,0
25102.8370861072,40,2806.2,2855.4,2274,0,0,738648.675333762,0,0,0
25102.8770851736,40,2655.4,2999,2371.4,0,0,738648.675334225,0,0,0
25102.91708424,40,2487.6,3059,2514.8,0,0,738648.675334688,0,0,0
25102.9570833064,40,2338.2,2996.4,2700,0,0,738648.675335151,0,0,0
25102.9970823728,40,2231.8,2830,2887.6,0,0,738648.675335614,0,0,0
25103.0370814392,40,2158.8,2633,2992,0,0,738648.675336077,0,0,0
25103.0770805056,40,2115.2,2483.4,2969.8,0,0,738648.67533654,0,0,0
25103.117079572,40,2103.8,2420.4,2889,0,0,738648.675337003,0,0,0
25103.1570786384,40,2114.8,2446.2,2864.4,0,0,738648.675337466,0,0,0
25103.1970777048,40,2143.6,2536.4,2855.8,0,0,738648.675337929,0,0,0
25103.2370767712,40,2197.6,2682,2809.2,0,0,738648.675338392,0,0,0
25103.2770758376,40,2299.8,2854.6,2680,0,0,738648.675338855,0,0,0
25103.317074904,40,2453.6,2968.2,2501.2,0,0,738648.675339318,0,0,0
25103.3570739704,40,2661.6,2945.2,2344.2,0,0,738648.675339781,0,0,0
25103.3970730368,40,2868.2,2795.2,2237,0,0,738648.675340244,0,0,0
25103.4370721032,40,2992.6,2612,2163.4,0,0,738648.675340707,0,0,0
25103.4770711696,40,2990.4,2466,2121.6,0,0,738648.67534117,0,0,0
25103.517070236,40,2919.4,2365,2092,0,0,738648.675341633,0,0,0
25103.5570693024,40,2834.6,2306.8,2077.6,0,0,738648.675342096,0,0,0
25103.5970683688,40,2776.8,2276.8,2071.4,0,0,738648.675342559,0,0,0
25103.6370674352,40,2763,2275.6,2068.4,0,0,738648.675343022,0,0,0
25103.6770665016,40,2788.4,2300.2,2082,0,0,738648.675343484,0,0,0
25103.717065568,40,2810,2328.4,2093,0,0,738648.675343947,0,0,0
25103.7570646344,40,2835.8,2366.8,2103.6,0,0,738648.67534441,0,0,0
25103.7970637008,40,2885.4,2424.6,2121,0,0,738648.675344873,0,0,0
25103.8370627672,40,2931.6,2508.2,2144.4,0,0,738648.675345336,0,0,0
25103.8770618336,40,2953.2,2624.8,2173.4,0,0,738648.675345799,0,0,0
25103.9170609,40,2914.8,2767.4,2221.2,0,0,738648.675346262,0,0,0
25103.9570599664,40,2786.6,2918.2,2293.8,0,0,738648.675346725,0,0,0
25103.9970590328,40,2619.8,3029,2405,0,0,738648.675347188,0,0,0
25104.0370580992,40,2446,3052.8,2550.6,0,0,738648.675347651,0,0,0
25104.0770571656,40,2309.2,2942,2735.2,0,0,738648.675348114,0,0,0
25104.117056232,40,2207.4,2747,2881,0,0,738648.675348577,0,0,0
25104.1570552984,40,2147.2,2559.2,2908.6,0,0,738648.67534904,0,0,0
25104.1970543648,40,2108.4,2427.6,2853.4,0,0,738648.675349503,0,0,0
25104.2370534312,40,2096.4,2370.2,2774.6,0,0,738648.675349966,0,0,0
25104.2770524976,40,2104.6,2390.4,2792.6,0,0,738648.675350429,0,0,0
25104.317051564,40,2127,2480.4,2865.2,0,0,738648.675350892,0,0,0
25104.3570506304,40,2166,2630.6,2895.8,0,0,738648.675351355,0,0,0
25104.3970496968,40,2252.4,2839.2,2817,0,0,738648.675351818,0,0,0
25104.4370487632,40,2386,3017.4,2628.6,0,0,738648.67535228,0,0,0
25104.4770478296,40,2582.2,3056.4,2434.6,0,0,738648.675352743,0,0,0
25104.517046896,40,2796.2,2925.8,2293.6,0,0,738648.675353206,0,0,0
25104.5570459624,40,2944,2731.8,2202.2,0,0,738648.675353669,0,0,0
25104.5970450288,40,3007.4,2552.2,2149.6,0,0,738648.675354132,0,0,0
25104.6370440952,40,2967,2436,2115,0,0,738648.675354595,0,0,0
25104.6770431616,40,2910,2371.8,2096.2,0,0,738648.675355058,0,0,0
25104.717042228,40,2859.6,2331,2085.8,0,0,738648.675355521,0,0,0
25104.7570412944,40,2822,2303.8,2079,0,0,738648.675355984,0,0,0
25104.7970403608,40,2809.8,2299.2,2077.8,0,0,738648.675356447,0,0,0
25104.8370394272,40,2833.6,2321.6,2082.6,0,0,738648.67535691,0,0,0
25104.8770384936,40,2856.8,2348.6,2093.6,0,0,738648.675357373,0,0,0
25104.91703756,40,2881.8,2385,2104,0,0,738648.675357836,0,0,0
25104.9570366264,40,2911.2,2436.8,2119.2,0,0,738648.675358299,0,0,0
25104.9970356928,40,2931.4,2506.4,2139.4,0,0,738648.675358762,0,0,0
25105.0370347592,40,2938,2600,2168,0,0,738648.675359225,0,0,0
25105.0770338256,40,2903.6,2726.8,2212.8,0,0,738648.675359688,0,0,0
25105.117032892,40,2817.2,2871.4,2274.2,0,0,738648.675360151,0,0,0
25105.1570319584,40,2677.4,3008.2,2362.2,0,0,738648.675360614,0,0,0
25105.1970310248,40,2512,3060,2490.8,0,0,738648.675361077,0,0,0
25105.2370300912,40,2370.8,3019,2659.2,0,0,738648.67536154,0,0,0
25105.2770291576,40,2258,2878.2,2828,0,0,738648.675362002,0,0,0
25105.317028224,40,2181.6,2692.4,2936.6,0,0,738648.675362465,0,0,0
25105.3570272904,40,2135.2,2532.2,2934,0,0,738648.675362928,0,0,0
25105.3970263568,40,2105.6,2432.2,2882.2,0,0,738648.675363391,0,0,0
25105.4370254232,40,2096.6,2386.8,2830.2,0,0,738648.675363854,0,0,0
25105.4770244896,40,2098.6,2397,2828.4,0,0,738648.675364317,0,0,0
25105.517023556,40,2116.6,2444,2859.6,0,0,738648.67536478,0,0,0
25105.5570226224,40,2137.6,2521.8,2879.8,0,0,738648.675365243,0,0,0
25105.5970216888,40,2175.4,2641.8,2863.4,0,0,738648.675365706,0,0,0
25105.6370207552,40,2246.2,2798.2,2779.6,0,0,738648.675366169,0,0,0
25105.6770198216,40,2349.8,2941.8,2638.4,0,0,738648.675366632,0,0,0
25105.717018888,40,2488.8,3011.8,2484.6,0,0,738648.675367095,0,0,0
25105.7570179544,40,2652.8,2974.6,2360.6,0,0,738648.675367558,0,0,0
25105.7970170208,40,2798.8,2874.6,2278.2,0,0,738648.675368021,0,0,0
25105.8370160872,40,2906.8,2759.6,2217.4,0,0,738648.675368484,0,0,0
25105.8770151536,40,2979,2653,2178,0,0,738648.675368947,0,0,0
25105.91701422,40,2997.2,2576.6,2153.6,0,0,738648.67536941,0,0,0
25105.9570132864,40,3002.6,2524.4,2134.8,0,0,738648.675369873,0,0,0
25105.9970123528,40,2997.4,2500.6,2129,0,0,738648.675370336,0,0,0
25106.0370114192,40,2996.4,2506.8,2134,0,0,738648.675370799,0,0,0
25106.0770104856,40,2984.8,2531.2,2144,0,0,738648.675371262,0,0,0
25106.117009552,40,2956.6,2568.8,2157.2,0,0,738648.675371725,0,0,0
25106.1570086184,40,2910.6,2606.6,2174.8,0,0,738648.675372188,0,0,0
25106.1970076848,40,2846.2,2663.2,2204.2,0,0,738648.67537265,0,0,0
25106.2370067512,40,2767.4,2731.2,2242.6,0,0,738648.675373113,0,0,0
25106.2770058176,40,2661,2796.2,2296.8,0,0,738648.675373576,0,0,0
25106.317004884,40,2563.4,2869,2366.6,0,0,738648.675374039,0,0,0
25106.3570039504,40,2466.2,2928.2,2466,0,0,738648.675374502,0,0,0
25106.3970030168,40,2370.8,2924.4,2587.8,0,0,738648.675374965,0,0,0
25106.4370020832,40,2282.8,2851.8,2713.2,0,0,738648.675375428,0,0,0
25106.4770011496,40,2216.6,2749,2830.2,0,0,738648.675375891,0,0,0
25106.517000216,40,2171.4,2643.2,2904.6,0,0,738648.675376354,0,0,0
25106.5569992824,40,2147.2,2566.4,2937.2,0,0,738648.675376817,0,0,0
25106.5969983488,40,2134,2543.4,2938.2,0,0,738648.67537728,0,0,0
25106.6369974152,40,2145.6,2570.2,2928.6,0,0,738648.675377743,0,0,0
25106.6769964816,40,2163.6,2609.8,2899.4,0,0,738648.675378206,0,0,0
25106.716995548,40,2196.8,2693.6,2832.8,0,0,738648.675378669,0,0,0
25106.7569946144,40,2258,2790.8,2736.8,0,0,738648.675379132,0,0,0
25106.7969936808,40,2337.8,2879.2,2609.6,0,0,738648.675379595,0,0,0
25106.8369927472,40,2447.6,2904.6,2468.6,0,0,738648.675380058,0,0,0
25106.8769918136,40,2566,2850,2357,0,0,738648.675380521,0,0,0
25106.91699088,40,2665.4,2774.4,2286.8,0,0,738648.675380984,0,0,0
25106.9569899464,40,2743,2694.6,2231.6,0,0,738648.675381446,0,0,0
25106.9969890128,40,2805,2640.6,2203.8,0,0,738648.675381909,0,0,0
25107.0369880792,40,2847,2610.8,2184.2,0,0,738648.675382372,0,0,0
25107.0769871456,40,2859.6,2618,2185.4,0,0,738648.675382835,0,0,0
25107.116986212,40,2860.8,2648.8,2194.8,0,0,738648.675383298,0,0,0
25107.1569852784,40,2854.4,2681.8,2209.6,0,0,738648.675383761,0,0,0
25107.1969843448,40,2831.8,2729.6,2225.2,0,0,738648.675384224,0,0,0
25107.2369834112,40,2802,2779.8,2249.6,0,0,738648.675384687,0,0,0
25107.2769824776,40,2748,2833.2,2281.6,0,0,738648.67538515,0,0,0
25107.316981544,40,2671.2,2882.6,2322.2,0,0,738648.675385613,0,0,0
25107.3569806104,40,2591,2920.6,2377.2,0,0,738648.675386076,0,0,0
25107.3969796768,40,2486.8,2930,2450.4,0,0,738648.675386539,0,0,0
25107.4369787432,40,2398,2912.4,2533.4,0,0,738648.675387002,0,0,0
25107.4769778096,40,2316.2,2851.2,2631.8,0,0,738648.675387465,0,0,0
25107.516976876,40,2252.6,2774.6,2719,0,0,738648.675387928,0,0,0
25107.5569759424,40,2203.8,2696.2,2811.2,0,0,738648.675388391,0,0,0
25107.5969750088,40,2167.6,2627.8,2872.6,0,0,738648.675388854,0,0,0
25107.6369740752,40,2151.2,2582.4,2900,0,0,738648.675389317,0,0,0
25107.6769731416,40,2151.4,2583.4,2893.2,0,0,738648.67538978,0,0,0
25107.716972208,40,2160,2597.8,2867.8,0,0,738648.675390243,0,0,0
25107.7569712744,40,2174.2,2625.4,2837.8,0,0,738648.675390706,0,0,0
25107.7969703408,40,2205.2,2677.2,2778,0,0,738648.675391168,0,0,0
25107.8369694072,40,2251.4,2739.2,2688.2,0,0,738648.675391631,0,0,0
25107.8769684736,40,2318.4,2817.8,2597.6,0,0,738648.675392094,0,0,0
25107.91696754,40,2422.4,2883.4,2490.2,0,0,738648.675392557,0,0,0
25107.9569666064,40,2549.8,2891.8,2384.8,0,0,738648.67539302,0,0,0
25107.9969656728,40,2688,2829.4,2299,0,0,738648.675393483,0,0,0
25108.0369647392,40,2797.6,2732.8,2233.2,0,0,738648.675393946,0,0,0
25108.0769638056,40,2874.6,2636.8,2189.4,0,0,738648.675394409,0,0,0
25108.116962872,40,2918.8,2552.2,2153.2,0,0,738648.675394872,0,0,0
25108.1569619384,40,2939,2495.4,2137.2,0,0,738648.675395335,0,0,0
25108.1969610048,40,2955.2,2454.8,2124.4,0,0,738648.675395798,0,0,0
25108.2369600712,40,2971.4,2443.8,2113.4,0,0,738648.675396261,0,0,0
25108.2769591376,40,2989.6,2455.6,2118.8,0,0,738648.675396724,0,0,0
25108.316958204,40,3003.2,2485.2,2126.8,0,0,738648.675397187,0,0,0
25108.3569572704,40,3007.8,2509.6,2134.8,0,0,738648.67539765,0,0,0
25108.3969563368,40,2981.6,2547.8,2147.6,0,0,738648.675398113,0,0,0
25108.4369554032,40,2941.6,2596.8,2167.8,0,0,738648.675398576,0,0,0
25108.4769544696,40,2883.4,2646,2192,0,0,738648.675399039,0,0,0
25108.516953536,40,2812,2719.8,2224.8,0,0,738648.675399502,0,0,0
25108.5569526024,40,2727.8,2797.8,2273.6,0,0,738648.675399965,0,0,0
25108.5969516688,40,2632.2,2866.2,2335.6,0,0,738648.675400428,0,0,0
25108.6369507352,40,2531.8,2929.4,2411.4,0,0,738648.675400891,0,0,0
25108.6769498016,40,2437.8,2954.6,2512.6,0,0,738648.675401353,0,0,0
25108.716948868,40,2350.4,2927,2625.6,0,0,738648.675401816,0,0,0
25108.7569479344,40,2287,2863,2712.4,0,0,738648.675402279,0,0,0
25108.7969470008,40,2262.4,2811.2,2735.8,0,0,738648.675402742,0,0,0
25108.8369460672,40,2269.8,2788.2,2686,0,0,738648.675403205,0,0,0
25108.8769451336,40,2310.4,2793.4,2600,0,0,738648.675403668,0,0,0
25108.9169442,40,2405.8,2881.6,2505.8,0,0,738648.675404131,0,0,0
25108.9569432664,40,2545.6,2895.2,2388.2,0,0,738648.675404594,0,0,0
25108.9969423328,40,2701,2807.2,2283.8,0,0,738648.675405057,0,0,0
25109.0369413992,40,2803.2,2666.6,2212.6,0,0,738648.67540552,0,0,0
25109.0769404656,40,2828.2,2529.2,2158.2,0,0,738648.675405983,0,0,0
25109.116939532,40,2818.8,2436,2126.4,0,0,738648.675406446,0,0,0
25109.1569385984,40,2804,2375.4,2107.8,0,0,738648.675406909,0,0,0
25109.1969376648,40,2792,2336.2,2093.8,0,0,738648.675407372,0,0,0
25109.2369367312,40,2786.6,2310.2,2083.6,0,0,738648.675407835,0,0,0
25109.2769357976,40,2780,2305.2,2083.2,0,0,738648.675408298,0,0,0
25109.316934864,40,2820,2318.6,2085.2,0,0,738648.675408761,0,0,0
25109.3569339304,40,2855.6,2333,2089.2,0,0,738648.675409224,0,0,0
25109.3969329968,40,2873.6,2366.2,2097.8,0,0,738648.675409687,0,0,0
25109.4369320632,40,2891.4,2402.4,2109.6,0,0,738648.67541015,0,0,0
25109.4769311296,40,2904.2,2472.2,2131.4,0,0,738648.675410612,0,0,0
25109.516930196,40,2883.2,2561,2164.4,0,0,738648.675411075,0,0,0
25109.5569292624,40,2824.4,2683.2,2216.8,0,0,738648.675411538,0,0,0
25109.5969283288,40,2716.6,2816,2283.4,0,0,738648.675412001,0,0,0
25109.6369273952,40,2569.8,2924.8,2386.8,0,0,738648.675412464,0,0,0
25109.6769264616,40,2418.8,2936.6,2524.6,0,0,738648.675412927,0,0,0
25109.716925528,40,2295.6,2845,2672.4,0,0,738648.67541339,0,0,0
25109.7569245944,40,2208.8,2707.4,2787.8,0,0,738648.675413853,0,0,0
25109.7969236608,40,2155.6,2578,2853,0,0,738648.675414316,0,0,0
25109.8369227272,40,2126,2482.4,2868.4,0,0,738648.675414779,0,0,0
25109.8769217936,40,2108.2,2424.4,2858.2,0,0,738648.675415242,0,0,0
25109.91692086,40,2101.2,2405.6,2846.2,0,0,738648.675415705,0,0,0
25109.9569199264,40,2112,2437.2,2852.2,0,0,738648.675416168,0,0,0
25109.9969189928,40,2132.4,2496,2831.4,0,0,738648.675416631,0,0,0
25110.0369180592,40,2181,2611.4,2796.6,0,0,738648.675417094,0,0,0
25110.0769171256,40,2258.4,2765.8,2706.2,0,0,738648.675417557,0,0,0
25110.116916192,40,2389.4,2900.2,2544,0,0,738648.67541802,0,0,0
25110.1569152584,40,2567.4,2903,2383.2,0,0,738648.675418483,0,0,0
25110.1969143248,40,2755,2803.2,2269.2,0,0,738648.675418946,0,0,0
25110.2369133912,40,2892.4,2664,2194.4,0,0,738648.675419409,0,0,0
25110.2769124576,40,2946.2,2523,2141.8,0,0,738648.675419872,0,0,0
25110.316911524,40,2929.6,2419.6,2116.8,0,0,738648.675420334,0,0,0
25110.3569105904,40,2868,2347,2088,0,0,738648.675420797,0,0,0
25110.3969096568,40,2809.6,2302,2077.8,0,0,738648.67542126,0,0,0
25110.4369087232,40,2772.8,2277.8,2074.2,0,0,738648.675421723,0,0,0
25110.4769077896,40,2766.8,2271.6,2070.6,0,0,738648.675422186,0,0,0
25110.516906856,40,2789,2286,2075.8,0,0,738648.675422649,0,0,0
25110.5569059224,40,2826.4,2312.6,2080.4,0,0,738648.675423112,0,0,0
25110.5969049888,40,2878.4,2352.8,2090,0,0,738648.675423575,0,0,0
25110.6369040552,40,2930.4,2415.2,2108.4,0,0,738648.675424038,0,0,0
25110.6769031216,40,2953.2,2505.2,2141.8,0,0,738648.675424501,0,0,0
25110.716902188,40,2912.6,2633.6,2184,0,0,738648.675424964,0,0,0
25110.7569012544,40,2790.6,2778.8,2257.4,0,0,738648.675425427,0,0,0
25110.7969003208,40,2613.8,2907,2363.2,0,0,738648.67542589,0,0,0
25110.8368993872,40,2435.6,2945.8,2510.8,0,0,738648.675426353,0,0,0
25110.8768984536,40,2292.2,2860.6,2694.4,0,0,738648.675426816,0,0,0
25110.91689752,40,2193.8,2686.6,2844.6,0,0,738648.675427279,0,0,0
25110.9568965864,40,2135.2,2516.8,2894.8,0,0,738648.675427742,0,0,0
25110.9968956528,40,2104.6,2408.2,2835.2,0,0,738648.675428205,0,0,0
25111.0368947192,40,2107.6,2398.6,2780.8,0,0,738648.675428668,0,0,0
25111.0768937856,40,2146.4,2517.8,2822.8,0,0,738648.675429131,0,0,0
25111.116892852,40,2222.6,2719,2771.8,0,0,738648.675429594,0,0,0
25111.1568919184,40,2356.4,2895,2587.8,0,0,738648.675430057,0,0,0
25111.1968909848,40,2543.2,2910.6,2396.4,0,0,738648.675430519,0,0,0
25111.2368900512,40,2719.2,2796.8,2275,0,0,738648.675430982,0,0,0
25111.2768891176,40,2832.6,2641,2196.2,0,0,738648.675431445,0,0,0
25111.316888184,40,2886.2,2513.4,2149.2,0,0,738648.675431908,0,0,0
25111.3568872504,40,2872.4,2411.2,2115.8,0,0,738648.675432371,0,0,0
25111.3968863168,40,2824.4,2338,2092.2,0,0,738648.675432834,0,0,0
25111.4368853832,40,2752,2285,2077.4,0,0,738648.675433297,0,0,0
25111.4768844496,40,2697.8,2256.6,2069.6,0,0,738648.67543376,0,0,0
25111.516883516,40,2674.4,2238.8,2065,0,0,738648.675434223,0,0,0
25111.5568825824,40,2693.6,2244,2064.4,0,0,738648.675434686,0,0,0
25111.5968816488,40,2734.8,2265.2,2074.4,0,0,738648.675435149,0,0,0
25111.6368807152,40,2782.4,2297.4,2081.2,0,0,738648.675435612,0,0,0
25111.6768797816,40,2841,2354,2096.4,0,0,738648.675436075,0,0,0
25111.716878848,40,2867.2,2432.2,2121.8,0,0,738648.675436538,0,0,0
25111.7568779144,40,2859.6,2544,2163,0,0,738648.675437001,0,0,0
25111.7968769808,40,2794.2,2688.2,2225.4,0,0,738648.675437464,0,0,0
25111.8368760472,40,2664.4,2847.2,2316.6,0,0,738648.675437927,0,0,0
25111.8768751136,40,2491.4,2941,2451.4,0,0,738648.67543839,0,0,0
25111.91687418,40,2336.8,2915,2643.6,0,0,738648.675438853,0,0,0
25111.9568732464,40,2222.8,2765,2826,0,0,738648.675439315,0,0,0
25111.9968723128,40,2153.6,2583.6,2903,0,0,738648.675439778,0,0,0
25112.0368713792,40,2115.4,2444.2,2846.6,0,0,738648.675440241,0,0,0
25112.0768704456,40,2112.2,2412.6,2783.4,0,0,738648.675440704,0,0,0
25112.116869512,40,2142.2,2523.2,2840.6,0,0,738648.675441167,0,0,0
25112.1568685784,40,2214.2,2707.8,2793,0,0,738648.67544163,0,0,0
25112.1968676448,40,2342.4,2883.2,2612.2,0,0,738648.675442093,0,0,0
25112.2368667112,40,2516,2916,2421.2,0,0,738648.675442556,0,0,0
25112.2768657776,40,2690.6,2807.6,2291,0,0,738648.675443019,0,0,0
25112.316864844,40,2809.8,2661.2,2209.6,0,0,738648.675443482,0,0,0
25112.3568639104,40,2886,2542.2,2156.2,0,0,738648.675443945,0,0,0
25112.3968629768,40,2905.4,2444,2119.8,0,0,738648.675444408,0,0,0
25112.4368620432,40,2882.6,2370.8,2099.2,0,0,738648.675444871,0,0,0
25112.4768611096,40,2838.2,2314.8,2082.2,0,0,738648.675445334,0,0,0
25112.516860176,40,2789.6,2279.8,2072.6,0,0,738648.675445797,0,0,0
25112.5568592424,40,2764.4,2262,2065.6,0,0,738648.67544626,0,0,0
25112.5968583088,40,2768.8,2260.8,2067.2,0,0,738648.675446723,0,0,0
25112.6368573752,40,2800.6,2276.6,2070.6,0,0,738648.675447186,0,0,0
25112.6768564416,40,2825.8,2300.8,2081.6,0,0,738648.675447649,0,0,0
25112.716855508,40,2841.6,2336.2,2090.8,0,0,738648.675448112,0,0,0
25112.7568545744,40,2855.8,2383.2,2106.6,0,0,738648.675448575,0,0,0
25112.7968536408,40,2877.6,2452.8,2132,0,0,738648.675449037,0,0,0
25112.8368527072,40,2853.8,2559.2,2165.2,0,0,738648.6754495,0,0,0
25112.8768517736,40,2777.8,2691.2,2221.4,0,0,738648.675449963,0,0,0
25112.91685084,40,2638.8,2827.6,2320.6,0,0,738648.675450426,0,0,0
25112.9568499064,40,2475.8,2914.8,2452,0,0,738648.675450889,0,0,0
25112.9968489728,40,2323,2865.8,2627.8,0,0,738648.675451352,0,0,0
25113.0368480392,40,2215.8,2716.2,2794.4,0,0,738648.675451815,0,0,0
25113.0768471056,40,2148.8,2559.6,2873.4,0,0,738648.675452278,0,0,0
25113.116846172,40,2113.6,2447,2858.6,0,0,738648.675452741,0,0,0
25113.1568452384,40,2106.2,2407,2795.8,0,0,738648.675453204,0,0,0
25113.1968443048,40,2125.2,2462.4,2798,0,0,738648.675453667,0,0,0
25113.2368433712,40,2176.8,2611,2801.4,0,0,738648.67545413,0,0,0
25113.2768424376,40,2276.8,2783.8,2671.8,0,0,738648.675454593,0,0,0
25113.316841504,40,2419.8,2875.8,2485,0,0,738648.675455056,0,0,0
25113.3568405704,40,2582,2820.8,2336.6,0,0,738648.675455519,0,0,0
25113.3968396368,40,2710.8,2703.4,2243.2,0,0,738648.675455982,0,0,0
25113.4368387032,40,2809.4,2592.2,2182.8,0,0,738648.675456445,0,0,0
25113.4768377696,40,2844.8,2481.4,2140.2,0,0,738648.675456908,0,0,0
25113.516836836,40,2864.8,2406.8,2113.6,0,0,738648.675457371,0,0,0
25113.5568359024,40,2854.8,2347.8,2095,0,0,738648.675457834,0,0,0
25113.5968349688,40,2832.8,2313,2084,0,0,738648.675458297,0,0,0
25113.6368340352,40,2807,2289.8,2073.2,0,0,738648.67545876,0,0,0
25113.6768331016,40,2804.6,2283.2,2072,0,0,738648.675459223,0,0,0
25113.716832168,40,2820.6,2294.6,2076.8,0,0,738648.675459685,0,0,0
25113.7568312344,40,2831.8,2313.4,2082.8,0,0,738648.675460148,0,0,0
25113.7968303008,40,2840,2346.6,2092,0,0,738648.675460611,0,0,0
25113.8368293672,40,2860.6,2404.4,2110.8,0,0,738648.675461074,0,0,0
25113.8768284336,40,2884.2,2488.8,2140.4,0,0,738648.675461537,0,0,0
25113.9168275,40,2861,2605.4,2178.6,0,0,738648.675462,0,0,0
25113.9568265664,40,2758.4,2758.8,2253.2,0,0,738648.675462463,0,0,0
25113.9968256328,40,2595,2898.2,2366,0,0,738648.675462926,0,0,0
25114.0368246992,40,2414.4,2920.2,2525.4,0,0,738648.675463389,0,0,0
25114.0768237656,40,2271.2,2799.6,2692.2,0,0,738648.675463852,0,0,0
25114.116822832,40,2182.2,2611.8,2776.6,0,0,738648.675464315,0,0,0
25114.1568218984,40,2142.2,2510.6,2802.4,0,0,738648.675464778,0,0,0
25114.1968209648,40,2131,2481,2824.8,0,0,738648.675465241,0,0,0
25114.2368200312,40,2148.6,2544,2840.2,0,0,738648.675465704,0,0,0
25114.2768190976,40,2194.6,2651.8,2793.2,0,0,738648.675466167,0,0,0
25114.316818164,40,2266,2752.4,2664.6,0,0,738648.67546663,0,0,0
25114.3568172304,40,2381.2,2836.8,2513.2,0,0,738648.675467093,0,0,0
25114.3968162968,40,2543.2,2842.6,2365.6,0,0,738648.675467556,0,0,0
25114.4368153632,40,2702,2730.4,2259.8,0,0,738648.675468019,0,0,0
25114.4768144296,40,2805.4,2589.4,2185.2,0,0,738648.675468481,0,0,0
25114.516813496,40,2835.6,2469.6,2139.4,0,0,738648.675468944,0,0,0
25114.5568125624,40,2819.4,2380.4,2106.8,0,0,738648.675469407,0,0,0
25114.5968116288,40,2791,2321.6,2086,0,0,738648.67546987,0,0,0
25114.6368106952,40,2741.2,2278.8,2075.8,0,0,738648.675470333,0,0,0
25114.6768097616,40,2712.8,2254.8,2067.4,0,0,738648.675470796,0,0,0
25114.716808828,40,2696.2,2239.8,2062.6,0,0,738648.675471259,0,0,0
25114.7568078944,40,2710.4,2244.8,2067.6,0,0,738648.675471722,0,0,0
25114.7968069608,40,2757.4,2267.4,2069.2,0,0,738648.675472185,0,0,0
25114.8368060272,40,2806.8,2304,2079.2,0,0,738648.675472648,0,0,0
25114.8768050936,40,2854.8,2351.2,2096,0,0,738648.675473111,0,0,0
25114.91680416,40,2904.8,2429.4,2118.4,0,0,738648.675473574,0,0,0
25114.9568032264,40,2903.8,2548.2,2156.8,0,0,738648.675474037,0,0,0
25114.9968022928,40,2819.6,2713.6,2222.4,0,0,738648.6754745,0,0,0
25115.0368013592,40,2649,2874.8,2328.2,0,0,738648.675474963,0,0,0
25115.0768004256,40,2461,2945,2480,0,0,738648.675475426,0,0,0
25115.116799492,40,2315.6,2889.2,2654.4,0,0,738648.675475889,0,0,0
25115.1567985584,40,2233.2,2770.8,2777.8,0,0,738648.675476352,0,0,0
25115.1967976248,40,2209.2,2700.4,2789.8,0,0,738648.675476815,0,0,0
25115.2367966912,40,2231.4,2713.4,2718.8,0,0,738648.675477278,0,0,0
25115.2767957576,40,2291.4,2782.6,2614.2,0,0,738648.675477741,0,0,0
25115.316794824,40,2436.2,2897.4,2479.6,0,0,738648.675478203,0,0,0
25115.3567938904,40,2633.4,2866.8,2333.4,0,0,738648.675478666,0,0,0
25115.3967929568,40,2809.6,2733,2229.2,0,0,738648.675479129,0,0,0
25115.4367920232,40,2929,2584.8,2163.4,0,0,738648.675479592,0,0,0
25115.4767910896,40,2942.8,2456.2,2124.4,0,0,738648.675480055,0,0,0
25115.516790156,40,2909.2,2373.8,2098.2,0,0,738648.675480518,0,0,0
25115.5567892224,40,2840.6,2311,2081.8,0,0,738648.675480981,0,0,0
25115.5967882888,40,2778.2,2276.4,2070.8,0,0,738648.675481444,0,0,0
25115.6367873552,40,2729,2251.6,2064.6,0,0,738648.675481907,0,0,0
25115.6767864216,40,2708.4,2242.4,2066.2,0,0,738648.67548237,0,0,0
25115.716785488,40,2720.8,2248,2064.8,0,0,738648.675482833,0,0,0
25115.7567845544,40,2766.6,2273.4,2073.8,0,0,738648.675483296,0,0,0
25115.7967836208,40,2812.4,2307.8,2083.2,0,0,738648.675483759,0,0,0
25115.8367826872,40,2872,2369,2099.6,0,0,738648.675484222,0,0,0
25115.8767817536,40,2927,2458.8,2125.4,0,0,738648.675484685,0,0,0
25115.91678082,40,2921,2597,2167.8,0,0,738648.675485148,0,0,0
25115.9567798864,40,2826,2774,2242.2,0,0,738648.675485611,0,0,0
25115.9967789528,40,2646.6,2946,2359,0,0,738648.675486074,0,0,0
25116.0367780192,40,2447.2,3000.4,2524,0,0,738648.675486537,0,0,0
25116.0767770856,40,2307.8,2909.2,2708,0,0,738648.675487,0,0,0
25116.116776152,40,2246.8,2809.2,2791.2,0,0,738648.675487463,0,0,0
25116.1567752184,40,2264,2823.4,2729.4,0,0,738648.675487926,0,0,0
25116.1967742848,40,2357,2896,2597.2,0,0,738648.675488388,0,0,0
25116.2367733512,40,2486.2,2919.4,2446.8,0,0,738648.675488851,0,0,0
25116.2767724176,40,2651.4,2848.2,2318.4,0,0,738648.675489314,0,0,0
25116.316771484,40,2777.2,2711.4,2230.4,0,0,738648.675489777,0,0,0
25116.3567705504,40,2859,2587,2175.6,0,0,738648.67549024,0,0,0
25116.3967696168,40,2879.8,2486.4,2135.8,0,0,738648.675490703,0,0,0
25116.4367686832,40,2872.6,2419.4,2115.2,0,0,738648.675491166,0,0,0
25116.4767677496,40,2859.8,2376.4,2101.6,0,0,738648.675491629,0,0,0
25116.516766816,40,2848.8,2359,2095.2,0,0,738648.675492092,0,0,0
25116.5567658824,40,2865,2360.8,2096.8,0,0,738648.675492555,0,0,0
25116.5967649488,40,2908.8,2388.2,2101.4,0,0,738648.675493018,0,0,0
25116.6367640152,40,2920.6,2400.2,2107,0,0,738648.675493481,0,0,0
25116.6767630816,40,2939,2421.4,2108.8,0,0,738648.675493944,0,0,0
25116.716762148,40,2952.6,2435.8,2117,0,0,738648.675494407,0,0,0
25116.7567612144,40,2970.2,2458.4,2118.6,0,0,738648.67549487,0,0,0
25116.7967602808,40,2971.8,2490,2131.2,0,0,738648.675495333,0,0,0
25116.8367593472,40,2976.8,2543.8,2147.8,0,0,738648.675495796,0,0,0
25116.8767584136,40,2954.2,2617.4,2169.2,0,0,738648.675496259,0,0,0
25116.91675748,40,2900.8,2714,2209.4,0,0,738648.675496722,0,0,0
25116.9567565464,40,2801.2,2831.4,2262.8,0,0,738648.675497185,0,0,0
25116.9967556128,40,2661.8,2936.2,2341.4,0,0,738648.675497647,0,0,0
25117.0367546792,40,2512.2,2985,2456.2,0,0,738648.67549811,0,0,0
25117.0767537456,40,2406.6,2989.4,2571.6,0,0,738648.675498573,0,0,0
25117.116752812,40,2380.6,2969.4,2604,0,0,738648.675499036,0,0,0
25117.1567518784,40,2457.8,3017.2,2528.8,0,0,738648.675499499,0,0,0
25117.1967509448,40,2579.4,3009.4,2415.2,0,0,738648.675499962,0,0,0
25117.2367500112,40,2735,2921.8,2309.6,0,0,738648.675500425,0,0,0
25117.2767490776,40,2878.4,2771.4,2227.2,0,0,738648.675500888,0,0,0
25117.316748144,40,2954,2620.8,2168.4,0,0,738648.675501351,0,0,0
25117.3567472104,40,2958.8,2494.4,2130,0,0,738648.675501814,0,0,0
25117.3967462768,40,2917.6,2408.2,2110.2,0,0,738648.675502277,0,0,0
25117.4367453432,40,2875.4,2359.2,2099,0,0,738648.67550274,0,0,0
25117.4767444096,40,2844.8,2343,2091.4,0,0,738648.675503203,0,0,0
25117.516743476,40,2863.8,2349.2,2093.2,0,0,738648.675503666,0,0,0
25117.5567425424,40,2892.8,2368.2,2099.4,0,0,738648.675504129,0,0,0
25117.5967416088,40,2908.4,2380.6,2100.4,0,0,738648.675504592,0,0,0
25117.6367406752,40,2927.2,2400,2105.2,0,0,738648.675505055,0,0,0
25117.6767397416,40,2948.8,2426,2112.4,0,0,738648.675505518,0,0,0
25117.716738808,40,2969.6,2464.2,2124.4,0,0,738648.675505981,0,0,0
25117.7567378744,40,2973,2537,2143.4,0,0,738648.675506444,0,0,0
25117.7967369408,40,2934.2,2640.4,2180.2,0,0,738648.675506907,0,0,0
25117.8367360072,40,2844,2769.2,2237,0,0,738648.675507369,0,0,0
25117.8767350736,40,2706.6,2866.4,2305.6,0,0,738648.675507832,0,0,0
25117.91673414,40,2578,2911.6,2382.8,0,0,738648.675508295,0,0,0
25117.9567332064,40,2487.8,2924,2447.4,0,0,738648.675508758,0,0,0
25117.9967322728,40,2433,2892,2481.6,0,0,738648.675509221,0,0,0
25118.0367313392,40,2424.6,2835.6,2457.8,0,0,738648.675509684,0,0,0
25118.0767304056,40,2486.4,2864.4,2416.6,0,0,738648.675510147,0,0,0
25118.116729472,40,2578.4,2854.8,2351.6,0,0,738648.67551061,0,0,0
25118.1567285384,40,2692.8,2773.2,2276.6,0,0,738648.675511073,0,0,0
25118.1967276048,40,2752.2,2618.2,2202,0,0,738648.675511536,0,0,0
25118.2367266712,40,2797.6,2488,2151,0,0,738648.675511999,0,0,0
25118.2767257376,40,2820,2389.4,2114.8,0,0,738648.675512462,0,0,0
25118.316724804,40,2769.8,2307.4,2085.2,0,0,738648.675512925,0,0,0
25118.3567238704,40,2693.6,2251.8,2070.8,0,0,738648.675513388,0,0,0
25118.3967229368,40,2624.6,2215.2,2058.8,0,0,738648.675513851,0,0,0
25118.4367220032,40,2629.2,2215.2,2059,0,0,738648.675514314,0,0,0
25118.4767210696,40,2659.6,2227.6,2062,0,0,738648.675514777,0,0,0
25118.516720136,40,2681.2,2228.8,2063.6,0,0,738648.67551524,0,0,0
25118.5567192024,40,2706.2,2241.4,2067.4,0,0,738648.675515703,0,0,0
25118.5967182688,40,2742.4,2249.2,2066.8,0,0,738648.675516166,0,0,0
25118.6367173352,40,2796,2272.4,2069.8,0,0,738648.675516629,0,0,0
25118.6767164016,40,2864.4,2306.2,2076,0,0,738648.675517092,0,0,0
25118.716715468,40,2921.6,2359.2,2087.4,0,0,738648.675517554,0,0,0
25118.7567145344,40,2980.2,2437.6,2115.4,0,0,738648.675518017,0,0,0
25118.7967136008,40,2975.6,2553.2,2149.6,0,0,738648.67551848,0,0,0
25118.8367126672,40,2899.6,2707.2,2208.4,0,0,738648.675518943,0,0,0
25118.8767117336,40,2749.2,2851.2,2287.2,0,0,738648.675519406,0,0,0
25118.9167108,40,2598.4,2955.4,2388,0,0,738648.675519869,0,0,0
25118.9567098664,40,2462.2,2971.4,2497.6,0,0,738648.675520332,0,0,0
25118.9967089328,40,2371.8,2938.2,2590,0,0,738648.675520795,0,0,0
25119.0367079992,40,2326.8,2865.2,2613.4,0,0,738648.675521258,0,0,0
25119.0767070656,40,2333.8,2805.4,2554.4,0,0,738648.675521721,0,0,0
25119.116706132,40,2413,2881.6,2495.2,0,0,738648.675522184,0,0,0
25119.1567051984,40,2555,2910.4,2387.6,0,0,738648.675522647,0,0,0
25119.1967042648,40,2726.4,2818,2278,0,0,738648.67552311,0,0,0
25119.2367033312,40,2865.6,2655.6,2193.2,0,0,738648.675523573,0,0,0
25119.2767023976,40,2902.2,2495.4,2137.4,0,0,738648.675524036,0,0,0
25119.316701464,40,2875.4,2379.8,2103.4,0,0,738648.675524499,0,0,0
25119.3567005304,40,2797.4,2303.8,2081.6,0,0,738648.675524962,0,0,0
25119.3966995968,40,2723.2,2258.6,2070.6,0,0,738648.675525425,0,0,0
25119.4366986632,40,2668.4,2229,2062.2,0,0,738648.675525888,0,0,0
25119.4766977296,40,2658.4,2223.6,2059.8,0,0,738648.675526351,0,0,0
25119.516696796,40,2696.6,2236.8,2066.2,0,0,738648.675526813,0,0,0
25119.5566958624,40,2751.2,2259.8,2067.8,0,0,738648.675527276,0,0,0
25119.5966949288,40,2810.6,2292,2075.6,0,0,738648.675527739,0,0,0
25119.6366939952,40,2892.8,2337,2086.2,0,0,738648.675528202,0,0,0
25119.6766930616,40,2968,2413.2,2107.2,0,0,738648.675528665,0,0,0
25119.716692128,40,3001.4,2509.6,2132.4,0,0,738648.675529128,0,0,0
25119.7566911944,40,2970.2,2637.2,2178.6,0,0,738648.675529591,0,0,0
25119.7966902608,40,2863.2,2785.6,2238.2,0,0,738648.675530054,0,0,0
25119.8366893272,40,2699,2894.4,2316.6,0,0,738648.675530517,0,0,0
25119.8766883936,40,2536.8,2917,2412.6,0,0,738648.67553098,0,0,0
25119.91668746,40,2404.6,2867,2493.2,0,0,738648.675531443,0,0,0
25119.9566865264,40,2336.8,2818.8,2563.2,0,0,738648.675531906,0,0,0
25119.9966855928,40,2326,2806.6,2583,0,0,738648.675532369,0,0,0
25120.0366846592,40,2360.8,2829.2,2537.8,0,0,738648.675532832,0,0,0
25120.0766837256,40,2430.6,2871.2,2471.6,0,0,738648.675533295,0,0,0
25120.116682792,40,2524.6,2873.8,2392.6,0,0,738648.675533758,0,0,0
25120.1566818584,40,2626.4,2844.8,2328,0,0,738648.675534221,0,0,0
25120.1966809248,40,2719.4,2788.2,2272.6,0,0,738648.675534684,0,0,0
25120.2366799912,40,2778.2,2721.6,2233,0,0,738648.675535147,0,0,0
25120.2766790576,40,2828.4,2672.2,2208.2,0,0,738648.67553561,0,0,0
25120.316678124,40,2851.6,2639.6,2192,0,0,738648.675536073,0,0,0
25120.3566771904,40,2867.2,2624.6,2181.2,0,0,738648.675536535,0,0,0
25120.3966762568,40,2877.2,2616.6,2181.4,0,0,738648.675536998,0,0,0
25120.4366753232,40,2878.4,2627,2184.4,0,0,738648.675537461,0,0,0
25120.4766743896,40,2869.4,2640.4,2188.8,0,0,738648.675537924,0,0,0
25120.516673456,40,2860.2,2647,2194.2,0,0,738648.675538387,0,0,0
25120.5566725224,40,2848.8,2649.6,2193.4,0,0,738648.67553885,0,0,0
25120.5966715888,40,2843.8,2654,2196,0,0,738648.675539313,0,0,0
25120.6366706552,40,2840,2660.4,2202.4,0,0,738648.675539776,0,0,0
25120.6766697216,40,2841.8,2670.6,2204.8,0,0,738648.675540239,0,0,0
25120.716668788,40,2848.4,2683.4,2204.8,0,0,738648.675540702,0,0,0
25120.7566678544,40,2852.8,2692,2210,0,0,738648.675541165,0,0,0
25120.7966669208,40,2863,2703.4,2213,0,0,738648.675541628,0,0,0
25120.8366659872,40,2863,2715,2215,0,0,738648.675542091,0,0,0
25120.8766650536,40,2860.4,2724.2,2217,0,0,738648.675542554,0,0,0
25120.91666412,40,2864.8,2737.6,2220,0,0,738648.675543017,0,0,0
25120.9566631864,40,2859.8,2744,2221.4,0,0,738648.67554348,0,0,0
25120.9966622528,40,2857.6,2751.8,2225.8,0,0,738648.675543943,0,0,0
25121.0366613192,40,2853,2758.2,2233.6,0,0,738648.675544406,0,0,0
25121.0766603856,40,2844.6,2757.8,2229.4,0,0,738648.675544869,0,0,0
25121.116659452,40,2837.8,2767.4,2238.8,0,0,738648.675545332,0,0,0
25121.1566585184,40,2824,2766.8,2238.2,0,0,738648.675545795,0,0,0
25121.1966575848,40,2822.4,2773.4,2244.4,0,0,738648.675546258,0,0,0
25121.2366566512,40,2814.8,2784,2240.6,0,0,738648.67554672,0,0,0
25121.2766557176,40,2813,2790.2,2246.4,0,0,738648.675547183,0,0,0
25121.316654784,40,2808.8,2797.4,2251.2,0,0,738648.675547646,0,0,0
25121.3566538504,40,2807.2,2807.4,2257,0,0,738648.675548109,0,0,0
25121.3966529168,40,2796.2,2815.8,2261.8,0,0,738648.675548572,0,0,0
25121.4366519832,40,2782.8,2823,2265.2,0,0,738648.675549035,0,0,0
25121.4766510496,40,2770.4,2822.8,2270,0,0,738648.675549498,0,0,0
25121.516650116,40,2762.2,2815.6,2269.2,0,0,738648.675549961,0,0,0
25121.5566491824,40,2736.6,2802.2,2271.4,0,0,738648.675550424,0,0,0
25121.5966482488,40,2719.4,2794.2,2273,0,0,738648.675550887,0,0,0
25121.6366473152,40,2706,2782.6,2276.8,0,0,738648.67555135,0,0,0
25121.6766463816,40,2680.2,2766.2,2276.2,0,0,738648.675551813,0,0,0
25121.716645448,40,2676.2,2769.6,2281.6,0,0,738648.675552276,0,0,0
25121.7566445144,40,2686.2,2792.8,2288,0,0,738648.675552739,0,0,0
25121.7966435808,40,2692.8,2832.6,2296.8,0,0,738648.675553202,0,0,0
25121.8366426472,40,2702.6,2866.6,2306,0,0,738648.675553665,0,0,0
25121.8766417136,40,2713.6,2903.2,2317.2,0,0,738648.675554128,0,0,0
25121.91664078,40,2708.4,2937,2328,0,0,738648.675554591,0,0,0
25121.9566398464,40,2685.8,2971,2344,0,0,738648.675555054,0,0,0
25121.9966389128,40,2653.6,2988.6,2367.8,0,0,738648.675555517,0,0,0
25122.0366379792,40,2612.6,3004,2390,0,0,738648.675555979,0,0,0
25122.0766370456,40,2572.6,2999.2,2420.8,0,0,738648.675556442,0,0,0
25122.116636112,40,2505.4,2974.4,2455.6,0,0,738648.675556905,0,0,0
25122.1566351784,40,2441.8,2937,2499.8,0,0,738648.675557368,0,0,0
25122.1966342448,40,2375.8,2899,2556,0,0,738648.675557831,0,0,0
25122.2366333112,40,2315.6,2849.2,2631.4,0,0,738648.675558294,0,0,0
25122.2766323776,40,2264.4,2792.2,2711.2,0,0,738648.675558757,0,0,0
25122.316631444,40,2220.4,2734.2,2787.6,0,0,738648.67555922,0,0,0
25122.3566305104,40,2194.4,2691,2842.6,0,0,738648.675559683,0,0,0
25122.3966295768,40,2190.4,2688.2,2859,0,0,738648.675560146,0,0,0
25122.4366286432,40,2213.6,2739.2,2833.2,0,0,738648.675560609,0,0,0
25122.4766277096,40,2258,2819.6,2754.2,0,0,738648.675561072,0,0,0
25122.516626776,40,2331,2900.6,2647.4,0,0,738648.675561535,0,0,0
25122.5566258424,40,2421.8,2953.8,2530.2,0,0,738648.675561998,0,0,0
25122.5966249088,40,2520.8,2958,2434.8,0,0,738648.675562461,0,0,0
25122.6366239752,40,2606.2,2941.2,2373.8,0,0,738648.675562924,0,0,0
25122.6766230416,40,2637.2,2948.2,2359.6,0,0,738648.675563387,0,0,0
25122.716622108,40,2617,2990.4,2384.8,0,0,738648.67556385,0,0,0
25122.7566211744,40,2580.2,3024,2425.4,0,0,738648.675564313,0,0,0
25122.7966202408,40,2513.8,3048.8,2483.6,0,0,738648.675564776,0,0,0
25122.8366193072,40,2441.2,3061,2577.8,0,0,738648.675565238,0,0,0
25122.8766183736,40,2353.2,3020.4,2691.6,0,0,738648.675565701,0,0,0
25122.91661744,40,2269.4,2911.2,2821.4,0,0,738648.675566164,0,0,0
25122.9566165064,40,2201.6,2764.4,2924.2,0,0,738648.675566627,0,0,0
25122.9966155728,40,2155.2,2615.2,2961.4,0,0,738648.67556709,0,0,0
25123.0366146392,40,2130,2516.2,2916.6,0,0,738648.675567553,0,0,0
25123.0766137056,40,2133,2505.4,2860.2,0,0,738648.675568016,0,0,0
25123.116612772,40,2159,2565.6,2818.8,0,0,738648.675568479,0,0,0
25123.1566118384,40,2204.4,2648.8,2758.6,0,0,738648.675568942,0,0,0
25123.1966109048,40,2271,2776.6,2673.2,0,0,738648.675569405,0,0,0
25123.2366099712,40,2381.4,2888,2546.4,0,0,738648.675569868,0,0,0
25123.2766090376,40,2503.8,2907.4,2421,0,0,738648.675570331,0,0,0
25123.316608104,40,2605.2,2879.4,2349.4,0,0,738648.675570794,0,0,0
25123.3566071704,40,2624,2871.8,2341,0,0,738648.675571257,0,0,0
25123.3966062368,40,2574.6,2885.2,2367.8,0,0,738648.67557172,0,0,0
25123.4376052798,41,2541.8,2900.2,2397.2,0,0,738648.675572194,0,0,0
25123.4776043462,40,2495,2954.4,2446.6,0,0,738648.675572657,0,0,0
25123.5176034126,40,2439.6,2988.8,2535,0,0,738648.67557312,0,0,0
25123.557602479,40,2351.2,2983.6,2659.6,0,0,738648.675573583,0,0,0
25123.5976015454,40,2269.2,2895,2800,0,0,738648.675574046,0,0,0
25123.6376006118,40,2202,2761.8,2935,0,0,738648.675574509,0,0,0
25123.6775996782,40,2158.6,2623.2,2992.8,0,0,738648.675574972,0,0,0
25123.7175987446,40,2133.2,2551.2,2991.8,0,0,738648.675575435,0,0,0
25123.757597811,40,2145.6,2571,2914.6,0,0,738648.675575898,0,0,0
25123.7975968774,40,2181.2,2623.2,2813.2,0,0,738648.675576361,0,0,0
25123.8375959438,40,2226.6,2695,2700.8,0,0,738648.675576824,0,0,0
25123.8775950102,40,2332.8,2863.4,2619.2,0,0,738648.675577287,0,0,0
25123.9175940766,40,2463.6,2987.6,2500.6,0,0,738648.67557775,0,0,0
25123.957593143,40,2625.8,3002.6,2386.6,0,0,738648.675578213,0,0,0
25123.9975922094,40,2722.6,2965.6,2327.8,0,0,738648.675578676,0,0,0
25124.0375912758,40,2723,2962.4,2326,0,0,738648.675579139,0,0,0
25124.0775903422,40,2681.4,3009.8,2363.6,0,0,738648.675579602,0,0,0
25124.1175894086,40,2621.8,3012.8,2392,0,0,738648.675580065,0,0,0
25124.1595884284,42,2534.8,2990.8,2435,0,0,738648.675580551,0,0,0
25124.1995874948,40,2449,2959.2,2504.4,0,0,738648.675581014,0,0,0
25124.2395865612,40,2351.4,2904.2,2609.4,0,0,738648.675581477,0,0,0
25124.2795856276,40,2257.8,2817.6,2755.4,0,0,738648.67558194,0,0,0
25124.319584694,40,2186.2,2698.8,2915.4,0,0,738648.675582403,0,0,0
25124.3595837604,40,2141,2563,2998.4,0,0,738648.675582865,0,0,0
25124.3995828268,40,2133.2,2540.8,3010.2,0,0,738648.675583328,0,0,0
25124.4395818932,40,2165.4,2634.4,2971.2,0,0,738648.675583791,0,0,0
25124.4795809596,40,2216.4,2745.8,2848.6,0,0,738648.675584254,0,0,0
25124.519580026,40,2288.2,2834.8,2676.4,0,0,738648.675584717,0,0,0
25124.5595790924,40,2378,2828.6,2511.2,0,0,738648.67558518,0,0,0
25124.5995781588,40,2501.2,2862.2,2402.4,0,0,738648.675585643,0,0,0
25124.6395772252,40,2620.4,2870.6,2336.8,0,0,738648.675586106,0,0,0
25124.6795762916,40,2659.6,2904.6,2332.4,0,0,738648.675586569,0,0,0
25124.719575358,40,2612.8,2942.6,2369.8,0,0,738648.675587032,0,0,0
25124.7595744244,40,2557.6,2971.8,2415.2,0,0,738648.675587495,0,0,0
25124.7995734908,40,2476,2994.2,2491.4,0,0,738648.675587958,0,0,0
25124.8395725572,40,2383.2,2982.6,2605.8,0,0,738648.675588421,0,0,0
25124.8795716236,40,2293.4,2912.2,2741.4,0,0,738648.675588884,0,0,0
25124.91957069,40,2219.6,2785.8,2870.4,0,0,738648.675589347,0,0,0
25124.9595697564,40,2164.6,2652.4,2974.6,0,0,738648.67558981,0,0,0
25124.9995688228,40,2128,2540,3000.6,0,0,738648.675590273,0,0,0
25125.0395678892,40,2121.2,2507.8,2989.4,0,0,738648.675590736,0,0,0
25125.0795669556,40,2139.2,2552,2933,0,0,738648.675591198,0,0,0
25125.119566022,40,2177.6,2624.6,2839.6,0,0,738648.675591661,0,0,0
25125.1595650884,40,2229.6,2689.8,2701,0,0,738648.675592124,0,0,0
25125.1995641548,40,2322.2,2826.6,2600.8,0,0,738648.675592587,0,0,0
25125.2395632212,40,2452.2,2937,2487,0,0,738648.67559305,0,0,0
25125.2795622876,40,2563.8,2964,2404.4,0,0,738648.675593513,0,0,0
25125.319561354,40,2587.2,2997.8,2407.4,0,0,738648.675593976,0,0,0
25125.3595604204,40,2530.4,3035.4,2455,0,0,738648.675594439,0,0,0
25125.3995594868,40,2492.8,3049.2,2504.8,0,0,738648.675594902,0,0,0
25125.4395585532,40,2433,3040.6,2570.4,0,0,738648.675595365,0,0,0
25125.4795576196,40,2356.8,2989.4,2660.6,0,0,738648.675595828,0,0,0
25125.519556686,40,2269,2877.2,2782.6,0,0,738648.675596291,0,0,0
25125.5595557524,40,2202.4,2730.4,2895.6,0,0,738648.675596754,0,0,0
25125.5995548188,40,2149.2,2586.8,2959.4,0,0,738648.675597217,0,0,0
25125.6395538852,40,2114.8,2472.8,2954,0,0,738648.67559768,0,0,0
25125.6795529516,40,2108,2455.8,2927.6,0,0,738648.675598143,0,0,0
25125.719552018,40,2132,2517.6,2915.4,0,0,738648.675598606,0,0,0
25125.7595510844,40,2170,2614.6,2870.2,0,0,738648.675599069,0,0,0
25125.7995501508,40,2221.8,2729,2779,0,0,738648.675599532,0,0,0
25125.8395492172,40,2298,2827.6,2655.2,0,0,738648.675599995,0,0,0
25125.8795482836,40,2381.6,2886.8,2543.2,0,0,738648.675600458,0,0,0
25125.91954735,40,2448.4,2933.4,2491,0,0,738648.675600921,0,0,0
25125.9595464164,40,2486,2965.8,2463.6,0,0,738648.675601384,0,0,0
25125.9995454828,40,2477,2988.6,2488,0,0,738648.675601846,0,0,0
25126.0395445492,40,2426.8,3012,2557.2,0,0,738648.675602309,0,0,0
25126.0795436156,40,2366.8,2999.4,2647.8,0,0,738648.675602772,0,0,0
25126.119542682,40,2300,2937,2752.2,0,0,738648.675603235,0,0,0
25126.1595417484,40,2244.2,2850.6,2853.6,0,0,738648.675603698,0,0,0
25126.1995408148,40,2193.4,2740.6,2951.8,0,0,738648.675604161,0,0,0
25126.2395398812,40,2158.8,2632.6,2997,0,0,738648.675604624,0,0,0
25126.2795389476,40,2136.8,2560.8,2995.4,0,0,738648.675605087,0,0,0
25126.319538014,40,2135.8,2538.4,2939.4,0,0,738648.67560555,0,0,0
25126.3595370804,40,2144.4,2544,2855.2,0,0,738648.675606013,0,0,0
25126.3995361468,40,2163.2,2556.6,2774,0,0,738648.675606476,0,0,0
25126.4395352132,40,2199.8,2668,2791.6,0,0,738648.675606939,0,0,0
25126.4795342796,40,2242,2776.6,2758.8,0,0,738648.675607402,0,0,0
25126.519533346,40,2303.4,2886,2692.8,0,0,738648.675607865,0,0,0
25126.5595324124,40,2359.6,2962.2,2631.4,0,0,738648.675608328,0,0,0
25126.5995314788,40,2395.2,3004.2,2605.8,0,0,738648.675608791,0,0,0
25126.6395305452,40,2381.8,3008.2,2628.4,0,0,738648.675609254,0,0,0
25126.6795296116,40,2346,2984.2,2682.6,0,0,738648.675609717,0,0,0
25126.719528678,40,2312.2,2938,2732.4,0,0,738648.67561018,0,0,0
25126.7595277444,40,2264.8,2876.2,2812.6,0,0,738648.675610643,0,0,0
25126.7995268108,40,2218,2790.6,2889,0,0,738648.675611106,0,0,0
25126.8395258772,40,2178.8,2689.2,2951.6,0,0,738648.675611568,0,0,0
25126.8795249436,40,2150.2,2604.4,2970.4,0,0,738648.675612031,0,0,0
25126.91952401,40,2135.8,2554.4,2956.8,0,0,738648.675612494,0,0,0
25126.9595230764,40,2140.4,2561.4,2912.4,0,0,738648.675612957,0,0,0
25126.9995221428,40,2168.6,2597.2,2843.4,0,0,738648.67561342,0,0,0
25127.0395212092,40,2197,2641.6,2740.4,0,0,738648.675613883,0,0,0
25127.0795202756,40,2259.8,2757.8,2685.4,0,0,738648.675614346,0,0,0
25127.119519342,40,2344.8,2886.8,2602.2,0,0,738648.675614809,0,0,0
25127.1595184084,40,2439.4,2967.4,2511.2,0,0,738648.675615272,0,0,0
25127.1995174748,40,2522,3012,2459.4,0,0,738648.675615735,0,0,0
25127.2395165412,40,2534.8,3037.4,2459.6,0,0,738648.675616198,0,0,0
25127.2795156076,40,2494.8,3058,2508.2,0,0,738648.675616661,0,0,0
25127.319514674,40,2446,3057,2565.4,0,0,738648.675617124,0,0,0
25127.3595137404,40,2380.6,3022.4,2638.6,0,0,738648.675617587,0,0,0
25127.3995128068,40,2308,2954.6,2743,0,0,738648.67561805,0,0,0
25127.4395118732,40,2241.8,2837.6,2849.8,0,0,738648.675618513,0,0,0
25127.4795109396,40,2177.4,2686.4,2936,0,0,738648.675618976,0,0,0
25127.519510006,40,2132.8,2545.2,2945.8,0,0,738648.675619439,0,0,0
25127.5595090724,40,2111.2,2451.6,2906.2,0,0,738648.675619902,0,0,0
25127.5995081388,40,2109.6,2444.4,2875.2,0,0,738648.675620364,0,0,0
25127.6395072052,40,2131.6,2505,2895,0,0,738648.675620827,0,0,0
25127.6795062716,40,2162,2591.8,2866.2,0,0,738648.67562129,0,0,0
25127.719505338,40,2204,2705.2,2827.6,0,0,738648.675621753,0,0,0
25127.7595044044,40,2257.4,2809,2742,0,0,738648.675622216,0,0,0
25127.7995034708,40,2325,2899.8,2649.2,0,0,738648.675622679,0,0,0
25127.8395025372,40,2392,2959.4,2581.8,0,0,738648.675623142,0,0,0
25127.8795016036,40,2416.8,3000,2563.2,0,0,738648.675623605,0,0,0
25127.91950067,40,2401,3009.2,2595.6,0,0,738648.675624068,0,0,0
25127.9594997364,40,2375.6,2999.8,2630.8,0,0,738648.675624531,0,0,0
25127.9994988028,40,2328.6,2960.6,2699.2,0,0,738648.675624994,0,0,0
25128.0394978692,40,2271,2879.2,2783.8,0,0,738648.675625457,0,0,0
25128.0794969356,40,2211.8,2764.4,2879.2,0,0,738648.67562592,0,0,0
25128.119496002,40,2162.4,2629,2938.2,0,0,738648.675626383,0,0,0
25128.1594950684,40,2128,2525.4,2949.6,0,0,738648.675626846,0,0,0
25128.1994941348,40,2109.2,2440.4,2888.8,0,0,738648.675627309,0,0,0
25128.2394932012,40,2101.4,2412.6,2863.8,0,0,738648.675627772,0,0,0
25128.2794922676,40,2110,2430,2876.2,0,0,738648.675628235,0,0,0
25128.319491334,40,2120.8,2478.4,2885.4,0,0,738648.675628698,0,0,0
25128.3594904004,40,2150,2567,2897.6,0,0,738648.675629161,0,0,0
25128.3994894668,40,2185,2668.4,2875.2,0,0,738648.675629624,0,0,0
25128.4394885332,40,2230,2781.8,2811,0,0,738648.675630087,0,0,0
25128.4794875996,40,2294.6,2880.8,2718.4,0,0,738648.675630549,0,0,0
25128.519486666,40,2361.2,2961,2632.6,0,0,738648.675631012,0,0,0
25128.5594857324,40,2404.8,3004.6,2580.2,0,0,738648.675631475,0,0,0
25128.5994847988,40,2399.2,2995.2,2590.2,0,0,738648.675631938,0,0,0
25128.6394838652,40,2364.4,2984.8,2639.4,0,0,738648.675632401,0,0,0
25128.6794829316,40,2330.8,2947.2,2692.8,0,0,738648.675632864,0,0,0
25128.719481998,40,2284.2,2890.2,2760.6,0,0,738648.675633327,0,0,0
25128.7594810644,40,2232.6,2818.2,2835.2,0,0,738648.67563379,0,0,0
25128.7994801308,40,2189.4,2717.2,2905.6,0,0,738648.675634253,0,0,0
25128.8394791972,40,2155,2607.8,2941,0,0,738648.675634716,0,0,0
25128.8794782636,40,2124.6,2508,2937.4,0,0,738648.675635179,0,0,0
25128.91947733,40,2105.6,2438.8,2923.8,0,0,738648.675635642,0,0,0
25128.9594763964,40,2098.6,2396.2,2893.8,0,0,738648.675636105,0,0,0
25128.9994754628,40,2092.8,2389.4,2870.2,0,0,738648.675636568,0,0,0
25129.0394745292,40,2100,2419.2,2884,0,0,738648.675637031,0,0,0
25129.0794735956,40,2113.4,2464.2,2894.4,0,0,738648.675637494,0,0,0
25129.119472662,40,2137.2,2535.6,2910.8,0,0,738648.675637957,0,0,0
25129.1594717284,40,2167.6,2616.6,2892.2,0,0,738648.67563842,0,0,0
25129.1994707948,40,2204,2704.4,2834,0,0,738648.675638883,0,0,0
25129.2394698612,40,2249.4,2790.8,2761.2,0,0,738648.675639346,0,0,0
25129.2794689276,40,2297.8,2860.6,2691.4,0,0,738648.675639809,0,0,0
25129.319467994,40,2331.6,2896,2638.2,0,0,738648.675640272,0,0,0
25129.3594670604,40,2335,2900.8,2637.2,0,0,738648.675640734,0,0,0
25129.3994661268,40,2307,2884.4,2684.8,0,0,738648.675641197,0,0,0
25129.4394651932,40,2278.2,2852,2732.4,0,0,738648.67564166,0,0,0
25129.4794642596,40,2244.4,2802.2,2782.8,0,0,738648.675642123,0,0,0
25129.519463326,40,2211,2742.2,2847.6,0,0,738648.675642586,0,0,0
25129.5594623924,40,2176.4,2659.4,2911.4,0,0,738648.675643049,0,0,0
25129.5994614588,40,2144.8,2556.6,2939,0,0,738648.675643512,0,0,0
25129.6394605252,40,2110.6,2468.4,2953.2,0,0,738648.675643975,0,0,0
25129.6794595916,40,2091.8,2388,2901,0,0,738648.675644438,0,0,0
25129.719458658,40,2080,2325.8,2764.2,0,0,738648.675644901,0,0,0
25129.7594577244,40,2085.8,2334.6,2758.2,0,0,738648.675645364,0,0,0
25129.7994567908,40,2089,2363.2,2803.4,0,0,738648.675645827,0,0,0
25129.8394558572,40,2099.2,2395.2,2823.4,0,0,738648.67564629,0,0,0
25129.8794549236,40,2116.8,2446.4,2855.8,0,0,738648.675646753,0,0,0
25129.91945399,40,2137.2,2521.4,2850.8,0,0,738648.675647216,0,0,0
25129.9594530564,40,2170.8,2613.8,2814.2,0,0,738648.675647679,0,0,0
25129.9994521228,40,2219.6,2713.6,2758.6,0,0,738648.675648142,0,0,0
25130.0394511892,40,2277.4,2799.8,2675.4,0,0,738648.675648605,0,0,0
25130.0794502556,40,2328,2851,2606.4,0,0,738648.675649068,0,0,0
25130.119449322,40,2343.6,2860.6,2583.6,0,0,738648.67564953,0,0,0
25130.1594483884,40,2321.8,2847.6,2613.2,0,0,738648.675649993,0,0,0
25130.1994474548,40,2287.2,2816.2,2654.8,0,0,738648.675650456,0,0,0
25130.2394465212,40,2260.2,2782,2698.6,0,0,738648.675650919,0,0,0
25130.2794455876,40,2233.6,2734.4,2741.4,0,0,738648.675651382,0,0,0
25130.319444654,40,2203.6,2685.4,2791.4,0,0,738648.675651845,0,0,0
25130.3594437204,40,2171.4,2626.2,2840,0,0,738648.675652308,0,0,0
25130.3994427868,40,2146.4,2559.8,2883.4,0,0,738648.675652771,0,0,0
25130.4394418532,40,2126.6,2488.8,2906.2,0,0,738648.675653234,0,0,0
25130.4794409196,40,2104.4,2422.6,2905.4,0,0,738648.675653697,0,0,0
25130.519439986,40,2091.4,2383.6,2888,0,0,738648.67565416,0,0,0
25130.5594390524,40,2084.6,2369.8,2881.4,0,0,738648.675654623,0,0,0
25130.5994381188,40,2091.4,2381,2882,0,0,738648.675655086,0,0,0
25130.6394371852,40,2095.4,2401.6,2887,0,0,738648.675655549,0,0,0
25130.6794362516,40,2105.6,2437.8,2904,0,0,738648.675656012,0,0,0
25130.719435318,40,2126.8,2504,2911.4,0,0,738648.675656475,0,0,0
25130.7594343844,40,2153.2,2580.4,2879.8,0,0,738648.675656938,0,0,0
25130.7994334508,40,2191.8,2658.8,2816.4,0,0,738648.675657401,0,0,0
25130.8394325172,40,2230,2731.8,2742.6,0,0,738648.675657864,0,0,0
25130.8794315836,40,2272.2,2783,2669.4,0,0,738648.675658327,0,0,0
25130.91943065,40,2296.8,2815,2631.8,0,0,738648.67565879,0,0,0
25130.9594297164,40,2300.6,2813.2,2622,0,0,738648.675659253,0,0,0
25130.9994287828,40,2281.8,2789.8,2649.2,0,0,738648.675659715,0,0,0
25131.0394278492,40,2258.6,2764,2677.8,0,0,738648.675660178,0,0,0
25131.0794269156,40,2231.8,2727.4,2726.4,0,0,738648.675660641,0,0,0
25131.119425982,40,2204.2,2681.6,2779.4,0,0,738648.675661104,0,0,0
25131.1594250484,40,2168,2610.6,2823.2,0,0,738648.675661567,0,0,0
25131.1994241148,40,2141.6,2530.2,2860.4,0,0,738648.67566203,0,0,0
25131.2394231812,40,2115,2459.8,2879,0,0,738648.675662493,0,0,0
25131.2794222476,40,2097,2396.6,2880,0,0,738648.675662956,0,0,0
25131.319421314,40,2086.6,2359.4,2840.8,0,0,738648.675663419,0,0,0
25131.3594203804,40,2085.4,2368.4,2863.4,0,0,738648.675663882,0,0,0
25131.3994194468,40,2093.4,2392.6,2885,0,0,738648.675664345,0,0,0
25131.4394185132,40,2102.8,2439,2896.6,0,0,738648.675664808,0,0,0
25131.4794175796,40,2121.4,2504.2,2907.8,0,0,738648.675665271,0,0,0
25131.519416646,40,2154.4,2583,2876,0,0,738648.675665734,0,0,0
25131.5594157124,40,2191,2658,2814.4,0,0,738648.675666197,0,0,0
25131.5994147788,40,2227.2,2728.4,2733.8,0,0,738648.67566666,0,0,0
25131.6394138452,40,2272.4,2777.2,2660.8,0,0,738648.675667123,0,0,0
25131.6794129116,40,2308.8,2805.2,2606.8,0,0,738648.675667586,0,0,0
25131.719411978,40,2324,2820.6,2590,0,0,738648.675668049,0,0,0
25131.7594110444,40,2307.4,2816.2,2609.2,0,0,738648.675668512,0,0,0
25131.7994101108,40,2288.8,2802,2647.4,0,0,738648.675668975,0,0,0
25131.8394091772,40,2267.6,2784.8,2684,0,0,738648.675669438,0,0,0
25131.8794082436,40,2242.2,2750.8,2745.4,0,0,738648.6756699,0,0,0
25131.91940731,40,2201.2,2693.2,2815.2,0,0,738648.675670363,0,0,0
25131.9594063764,40,2164.8,2619,2895.4,0,0,738648.675670826,0,0,0
25131.9994054428,40,2134.2,2528.4,2947,0,0,738648.675671289,0,0,0
25132.0394045092,40,2103.2,2441,2936,0,0,738648.675671752,0,0,0
25132.0794035756,40,2091.4,2396.6,2909.2,0,0,738648.675672215,0,0,0
25132.119402642,40,2094.2,2396.2,2889.8,0,0,738648.675672678,0,0,0
25132.1594017084,40,2107,2427.4,2868.8,0,0,738648.675673141,0,0,0
25132.1994007748,40,2126,2476.6,2834.2,0,0,738648.675673604,0,0,0
25132.2393998412,40,2147.4,2528.4,2793,0,0,738648.675674067,0,0,0
25132.2793989076,40,2184.4,2594.2,2746.4,0,0,738648.67567453,0,0,0
25132.319397974,40,2220.4,2684.4,2721,0,0,738648.675674993,0,0,0
25132.3593970404,40,2256.4,2754.8,2684.4,0,0,738648.675675456,0,0,0
25132.3993961068,40,2279,2788.2,2667.6,0,0,738648.675675919,0,0,0
25132.4393951732,40,2263.6,2782,2689.6,0,0,738648.675676382,0,0,0
25132.4793942396,40,2246,2764.8,2738.6,0,0,738648.675676845,0,0,0
25132.519393306,40,2221.6,2727.2,2783.6,0,0,738648.675677308,0,0,0
25132.5593923724,40,2184.8,2666,2846.6,0,0,738648.675677771,0,0,0
25132.5993914388,40,2149.2,2581.4,2900,0,0,738648.675678233,0,0,0
25132.6393905052,40,2118.8,2487,2927.4,0,0,738648.675678696,0,0,0
25132.6793895716,40,2101.2,2428.8,2915.2,0,0,738648.675679159,0,0,0
25132.719388638,40,2094.8,2398.4,2907.6,0,0,738648.675679622,0,0,0
25132.7593877044,40,2101.4,2422.6,2922.4,0,0,738648.675680085,0,0,0
25132.7993867708,40,2111.2,2466.2,2925.4,0,0,738648.675680548,0,0,0
25132.8393858372,40,2132,2530.2,2920.2,0,0,738648.675681011,0,0,0
25132.8793849036,40,2158.2,2612,2898.4,0,0,738648.675681474,0,0,0
25132.91938397,40,2198.4,2699,2839.8,0,0,738648.675681937,0,0,0
25132.9593830364,40,2233.8,2775.8,2777,0,0,738648.6756824,0,0,0
25132.9993821028,40,2269.2,2813.4,2722,0,0,738648.675682863,0,0,0
25133.0393811692,40,2275.4,2826.2,2725.8,0,0,738648.675683326,0,0,0
25133.0793802356,40,2254.8,2796.8,2748,0,0,738648.675683789,0,0,0
25133.119379302,40,2235,2770.6,2776.2,0,0,738648.675684252,0,0,0
25133.1593783684,40,2217.4,2737,2814.2,0,0,738648.675684715,0,0,0
25133.1993774348,40,2187.8,2679,2869.8,0,0,738648.675685178,0,0,0
25133.2393765012,40,2157.6,2606.2,2915.2,0,0,738648.675685641,0,0,0
25133.2793755676,40,2131.8,2526,2947.6,0,0,738648.675686104,0,0,0
25133.319374634,40,2113.2,2465.2,2948.2,0,0,738648.675686567,0,0,0
25133.3593737004,40,2100.8,2434.4,2939.4,0,0,738648.67568703,0,0,0
25133.3993727668,40,2104,2435.8,2937.2,0,0,738648.675687493,0,0,0
25133.4393718332,40,2108.6,2450.4,2932.8,0,0,738648.675687956,0,0,0
25133.4793708996,40,2119.8,2483.8,2924.8,0,0,738648.675688419,0,0,0
25133.519369966,40,2136.4,2526,2909.2,0,0,738648.675688881,0,0,0
25133.5593690324,40,2156,2580.2,2884.2,0,0,738648.675689344,0,0,0
25133.5993680988,40,2180.2,2640.4,2851.6,0,0,738648.675689807,0,0,0
25133.6393671652,40,2203,2685.4,2798.6,0,0,738648.67569027,0,0,0
25133.6793662316,40,2230.8,2741.8,2750.2,0,0,738648.675690733,0,0,0
25133.719365298,40,2256.4,2786,2723.2,0,0,738648.675691196,0,0,0
25133.7593643644,40,2276.8,2816.6,2703.4,0,0,738648.675691659,0,0,0
25133.7993634308,40,2284.8,2828.8,2690.6,0,0,738648.675692122,0,0,0
25133.8393624972,40,2281.8,2826,2696.6,0,0,738648.675692585,0,0,0
25133.8793615636,40,2274,2832.6,2718.2,0,0,738648.675693048,0,0,0
25133.91936063,40,2268.2,2822,2729.4,0,0,738648.675693511,0,0,0
25133.9593596964,40,2267.4,2825,2739,0,0,738648.675693974,0,0,0
25133.9993587628,40,2258.8,2817,2747.2,0,0,738648.675694437,0,0,0
25134.0393578292,40,2253.8,2813.8,2758.2,0,0,738648.6756949,0,0,0
25134.0793568956,40,2253.2,2814.6,2768.2,0,0,738648.675695363,0,0,0
25134.119355962,40,2253.4,2813.2,2778.4,0,0,738648.675695826,0,0,0
25134.1593550284,40,2244.2,2809.6,2786.2,0,0,738648.675696289,0,0,0
25134.1993540948,40,2241.4,2798.2,2787,0,0,738648.675696752,0,0,0
25134.2393531612,40,2241,2793.2,2792.8,0,0,738648.675697215,0,0,0
25134.2793522276,40,2236.4,2786.6,2792.8,0,0,738648.675697678,0,0,0
25134.319351294,40,2234.6,2781,2791.2,0,0,738648.675698141,0,0,0
25134.3593503604,40,2236.4,2769.6,2787.2,0,0,738648.675698604,0,0,0
25134.3993494268,40,2231.2,2766.2,2774.8,0,0,738648.675699066,0,0,0
25134.4393484932,40,2230.2,2753.6,2772.8,0,0,738648.675699529,0,0,0
