98225.4193652019,40,2140,2587.6,2822.2,0,0,738669.544692354,0,0,0
98225.4593642683,40,2137.6,2591.2,2823,0,0,738669.544692817,0,0,0
98225.4993633347,40,2139.2,2586.6,2824.6,0,0,738669.54469328,0,0,0
98225.5393624011,40,2142.2,2588.6,2822.4,0,0,738669.544693743,0,0,0
98225.5793614675,40,2142.6,2589.6,2820.8,0,0,738669.544694206,0,0,0
98225.6193605339,40,2139.8,2587.4,2819.6,0,0,738669.544694668,0,0,0
98225.6593596003,40,2142.8,2586,2823.6,0,0,738669.544695131,0,0,0
98225.6993586667,40,2138.4,2586,2822.2,0,0,738669.544695594,0,0,0
98225.7393577331,40,2139.2,2586.8,2819.8,0,0,738669.544696057,0,0,0
98225.7793567995,40,2140.2,2589.8,2818.8,0,0,738669.54469652,0,0,0
98225.8193558659,40,2139.8,2587.6,2821.2,0,0,738669.544696983,0,0,0
98225.8593549323,40,2140.8,2587.6,2821,0,0,738669.544697446,0,0,0
98225.8993539987,40,2140.4,2584,2815.4,0,0,738669.544697909,0,0,0
98225.9393530651,40,2140.8,2574.8,2803.2,0,0,738669.544698372,0,0,0
98225.9793521315,40,2143.4,2587.4,2815,0,0,738669.544698835,0,0,0
98226.0193511979,40,2142.6,2604,2828.6,0,0,738669.544699298,0,0,0
98226.0593502643,40,2153.2,2622.6,2814,0,0,738669.544699761,0,0,0
98226.0993493307,40,2163.8,2659.8,2789.2,0,0,738669.544700224,0,0,0
98226.1393483971,40,2188.6,2697,2742.6,0,0,738669.544700687,0,0,0
98226.1793474635,40,2219.6,2754,2683.2,0,0,738669.54470115,0,0,0
98226.2193465299,40,2267.6,2806.6,2619.2,0,0,738669.544701613,0,0,0
98226.2593455963,40,2314.6,2849.4,2547.4,0,0,738669.544702076,0,0,0
98226.2993446627,40,2357.8,2867.6,2500.6,0,0,738669.544702539,0,0,0
98226.3393437291,40,2392.2,2888.8,2471.4,0,0,738669.544703002,0,0,0
98226.3793427955,40,2404.6,2911,2462.8,0,0,738669.544703465,0,0,0
98226.4193418619,40,2399.4,2931.8,2484.6,0,0,738669.544703927,0,0,0
98226.4593409283,40,2393,2954.4,2508.2,0,0,738669.54470439,0,0,0
98226.4993399947,40,2391.2,2960.4,2515.6,0,0,738669.544704853,0,0,0
98226.5393390611,40,2377.6,2959,2524.8,0,0,738669.544705316,0,0,0
98226.5793381275,40,2373.8,2957.6,2534,0,0,738669.544705779,0,0,0
98226.6193371939,40,2369.2,2962.6,2537.2,0,0,738669.544706242,0,0,0
98226.6593362603,40,2357.4,2943,2543.8,0,0,738669.544706705,0,0,0
98226.6993353267,40,2352,2927.6,2542.8,0,0,738669.544707168,0,0,0
98226.7393343931,40,2342.8,2913,2538.2,0,0,738669.544707631,0,0,0
98226.7793334595,40,2343.6,2892.6,2536.6,0,0,738669.544708094,0,0,0
98226.8193325259,40,2342.8,2875.2,2526,0,0,738669.544708557,0,0,0
98226.8593315923,40,2352.8,2869.6,2504.6,0,0,738669.54470902,0,0,0
98226.8993306587,40,2379.6,2866.2,2470.2,0,0,738669.544709483,0,0,0
98226.9393297251,40,2418.8,2856.2,2428.2,0,0,738669.544709946,0,0,0
98226.9793287915,40,2463.6,2855.4,2384.2,0,0,738669.544710409,0,0,0
98227.0193278579,40,2504.2,2830.2,2346.6,0,0,738669.544710872,0,0,0
98227.0593269243,40,2544.6,2816.8,2317.8,0,0,738669.544711335,0,0,0
98227.0993259907,40,2569.8,2801,2300.8,0,0,738669.544711798,0,0,0
98227.1393250571,40,2584.2,2799.8,2294.4,0,0,738669.544712261,0,0,0
98227.1793241235,40,2588.8,2813.2,2295.2,0,0,738669.544712724,0,0,0
98227.2193231899,40,2574.4,2832,2309.2,0,0,738669.544713187,0,0,0
98227.2593222563,40,2566.4,2849.6,2319.6,0,0,738669.54471365,0,0,0
98227.2993213227,40,2556.2,2847.6,2325.6,0,0,738669.544714113,0,0,0
98227.3393203891,40,2544.6,2850.8,2331.6,0,0,738669.544714575,0,0,0
98227.3793194555,40,2525.4,2856.2,2344.8,0,0,738669.544715038,0,0,0
98227.4193185219,40,2508.8,2858.8,2356.2,0,0,738669.544715501,0,0,0
98227.4593175883,40,2488.8,2863,2372.4,0,0,738669.544715964,0,0,0
98227.4993166547,40,2472,2874,2389.6,0,0,738669.544716427,0,0,0
98227.5393157211,40,2455.8,2883.4,2402.8,0,0,738669.54471689,0,0,0
98227.5793147875,40,2450.8,2892.6,2412.6,0,0,738669.544717353,0,0,0
98227.6193138539,40,2452.6,2896,2413.2,0,0,738669.544717816,0,0,0
98227.6593129203,40,2449.6,2904,2417,0,0,738669.544718279,0,0,0
98227.6993119867,40,2450.2,2911.4,2419.6,0,0,738669.544718742,0,0,0
98227.7393110531,40,2457.4,2906.4,2413,0,0,738669.544719205,0,0,0
98227.7793101195,40,2469.4,2893,2401,0,0,738669.544719668,0,0,0
98227.8193091859,40,2484.6,2874.2,2379.4,0,0,738669.544720131,0,0,0
98227.8593082523,40,2504.4,2851,2356,0,0,738669.544720594,0,0,0
98227.8993073187,40,2509.4,2818.2,2336.4,0,0,738669.544721057,0,0,0
98227.9393063851,40,2518.8,2798.2,2322.2,0,0,738669.54472152,0,0,0
98227.9793054515,40,2522.8,2787.4,2322,0,0,738669.544721983,0,0,0
98228.0193045179,40,2513,2792.8,2325.4,0,0,738669.544722446,0,0,0
98228.0593035843,40,2506.4,2805.2,2334.6,0,0,738669.544722909,0,0,0
98228.0993026507,40,2493.6,2812,2344.6,0,0,738669.544723372,0,0,0
98228.1393017171,40,2493.8,2834.4,2350.6,0,0,738669.544723834,0,0,0
98228.1793007835,40,2491.8,2853.8,2364.2,0,0,738669.544724297,0,0,0
98228.2192998499,40,2489.6,2871.6,2378,0,0,738669.54472476,0,0,0
98228.2592989163,40,2488.8,2899,2384.4,0,0,738669.544725223,0,0,0
98228.2992979827,40,2494.4,2914,2388.8,0,0,738669.544725686,0,0,0
98228.3392970491,40,2494.4,2923.6,2393.6,0,0,738669.544726149,0,0,0
98228.3792961155,40,2496.4,2928.4,2400.4,0,0,738669.544726612,0,0,0
98228.4192951819,40,2495.4,2918.4,2388.4,0,0,738669.544727075,0,0,0
98228.4592942483,40,2513.6,2900.8,2371.4,0,0,738669.544727538,0,0,0
98228.4992933147,40,2546.2,2869.6,2336.8,0,0,738669.544728001,0,0,0
98228.5392923811,40,2589,2821.8,2300.4,0,0,738669.544728464,0,0,0
98228.5792914475,40,2614.2,2758.2,2266.2,0,0,738669.544728927,0,0,0
98228.6192905139,40,2654.6,2711,2235.4,0,0,738669.54472939,0,0,0
98228.6592895803,40,2684,2658.2,2212.4,0,0,738669.544729853,0,0,0
98228.6992886467,40,2701.6,2621.8,2194.8,0,0,738669.544730316,0,0,0
98228.7392877131,40,2706.2,2589.6,2184.6,0,0,738669.544730779,0,0,0
98228.7792867795,40,2704.6,2590,2185,0,0,738669.544731242,0,0,0
98228.8192858459,40,2704,2614.4,2191.6,0,0,738669.544731705,0,0,0
98228.8592849123,40,2698.8,2644.6,2203.6,0,0,738669.544732168,0,0,0
98228.8992839787,40,2695.8,2680.4,2214.8,0,0,738669.544732631,0,0,0
98228.9392830451,40,2690.2,2726.4,2233,0,0,738669.544733093,0,0,0
98228.9792821115,40,2692.4,2789.8,2259.8,0,0,738669.544733556,0,0,0
98229.0192811779,40,2654.4,2833.2,2283.6,0,0,738669.544734019,0,0,0
98229.0592802443,40,2607.6,2871.8,2315,0,0,738669.544734482,0,0,0
98229.0992793107,40,2564,2911,2350.6,0,0,738669.544734945,0,0,0
98229.1392783771,40,2531.8,2927.6,2374.8,0,0,738669.544735408,0,0,0
98229.1792774435,40,2504.6,2909.2,2385.4,0,0,738669.544735871,0,0,0
98229.2192765099,40,2489.8,2860.2,2369,0,0,738669.544736334,0,0,0
98229.2592755763,40,2476.4,2798.4,2352.8,0,0,738669.544736797,0,0,0
98229.2992746427,40,2476.6,2742,2320.2,0,0,738669.54473726,0,0,0
98229.3392737091,40,2501.4,2698.2,2287.8,0,0,738669.544737723,0,0,0
98229.3792727755,40,2572.2,2699.4,2258.6,0,0,738669.544738186,0,0,0
98229.4192718419,40,2639.6,2666.6,2229,0,0,738669.544738649,0,0,0
98229.4592709083,40,2694.2,2642.4,2207.6,0,0,738669.544739112,0,0,0
98229.4992699747,40,2730.4,2613,2186.2,0,0,738669.544739575,0,0,0
98229.5392690411,40,2765.6,2605.6,2175.8,0,0,738669.544740038,0,0,0
98229.5792681075,40,2786,2608,2177.4,0,0,738669.544740501,0,0,0
98229.6192671739,40,2779.6,2626.2,2186.8,0,0,738669.544740964,0,0,0
98229.6592662403,40,2763.4,2652.6,2194.4,0,0,738669.544741427,0,0,0
98229.6992653067,40,2732.4,2674,2206,0,0,738669.54474189,0,0,0
98229.7392643731,40,2698.8,2705.4,2223.2,0,0,738669.544742353,0,0,0
98229.7792634395,40,2663.8,2770.4,2258.8,0,0,738669.544742816,0,0,0
98229.8192625059,40,2593.8,2799.2,2293.6,0,0,738669.544743278,0,0,0
98229.8592615723,40,2533.8,2845,2337.4,0,0,738669.544743741,0,0,0
98229.8992606387,40,2480.4,2851.6,2371.2,0,0,738669.544744204,0,0,0
98229.9392597051,40,2446.2,2857,2399.4,0,0,738669.544744667,0,0,0
98229.9792587715,40,2436.6,2846.4,2403.6,0,0,738669.54474513,0,0,0
98230.0192578379,40,2448,2816.6,2380.8,0,0,738669.544745593,0,0,0
98230.0592569043,40,2473.4,2773.8,2339,0,0,738669.544746056,0,0,0
98230.0992559707,40,2527.4,2737,2292.4,0,0,738669.544746519,0,0,0
98230.1392550371,40,2584.2,2693.2,2254.6,0,0,738669.544746982,0,0,0
98230.1792541035,40,2638.2,2643.4,2217.8,0,0,738669.544747445,0,0,0
98230.2192531699,40,2673.8,2597.4,2195.2,0,0,738669.544747908,0,0,0
98230.2592522363,40,2690.8,2563.4,2178.4,0,0,738669.544748371,0,0,0
98230.2992513027,40,2710.4,2555.4,2174.4,0,0,738669.544748834,0,0,0
98230.3392503691,40,2725.4,2578.4,2178.8,0,0,738669.544749297,0,0,0
98230.3792494355,40,2718,2597.6,2186.8,0,0,738669.54474976,0,0,0
98230.4192485019,40,2698,2604,2187.6,0,0,738669.544750223,0,0,0
98230.4592475683,40,2699.6,2616.4,2195.2,0,0,738669.544750686,0,0,0
98230.4992466347,40,2692.8,2638,2202.6,0,0,738669.544751149,0,0,0
98230.5392457011,40,2684.4,2666,2220.8,0,0,738669.544751612,0,0,0
98230.5792447675,40,2657.8,2694.4,2232.2,0,0,738669.544752075,0,0,0
98230.6192438339,40,2628,2727.8,2255.6,0,0,738669.544752538,0,0,0
98230.6592429003,40,2592,2766.8,2281.2,0,0,738669.544753,0,0,0
98230.6992419667,40,2546.8,2810.2,2317.2,0,0,738669.544753463,0,0,0
98230.7392410331,40,2501.2,2852,2360.2,0,0,738669.544753926,0,0,0
98230.7792400995,40,2468.8,2871,2386.2,0,0,738669.544754389,0,0,0
98230.8192391659,40,2465.8,2858.6,2384.6,0,0,738669.544754852,0,0,0
98230.8592382323,40,2486.4,2841.4,2363.4,0,0,738669.544755315,0,0,0
98230.8992372987,40,2521.4,2802,2326.4,0,0,738669.544755778,0,0,0
98230.9392363651,40,2566.6,2764.2,2294,0,0,738669.544756241,0,0,0
98230.9792354315,40,2603.8,2719.4,2257.6,0,0,738669.544756704,0,0,0
98231.0192344979,40,2637.4,2681.4,2232,0,0,738669.544757167,0,0,0
98231.0592335643,40,2653.8,2640.6,2215.2,0,0,738669.54475763,0,0,0
98231.0992326307,40,2687,2635,2206.2,0,0,738669.544758093,0,0,0
98231.1392316971,40,2693,2631.4,2202,0,0,738669.544758556,0,0,0
98231.1792307635,40,2694.6,2641.6,2206.8,0,0,738669.544759019,0,0,0
98231.2192298299,40,2672.2,2652.2,2213,0,0,738669.544759482,0,0,0
98231.2592288963,40,2667.8,2665,2220.6,0,0,738669.544759945,0,0,0
98231.2992279627,40,2664.4,2678.6,2224.2,0,0,738669.544760408,0,0,0
98231.3392270291,40,2656.8,2691.2,2228.8,0,0,738669.544760871,0,0,0
98231.3792260955,40,2642,2702.6,2242.8,0,0,738669.544761334,0,0,0
98231.4192251619,40,2620.4,2722,2252.6,0,0,738669.544761797,0,0,0
98231.4592242283,40,2592.8,2743.2,2271,0,0,738669.544762259,0,0,0
98231.4992232947,40,2558.2,2772.2,2295.2,0,0,738669.544762722,0,0,0
98231.5392223611,40,2521.8,2798.8,2327.2,0,0,738669.544763185,0,0,0
98231.5792214275,40,2478.8,2825.6,2359.8,0,0,738669.544763648,0,0,0
98231.6192204939,40,2440.4,2837.8,2393,0,0,738669.544764111,0,0,0
98231.6592195603,40,2425.2,2842,2411,0,0,738669.544764574,0,0,0
98231.6992186267,40,2432.8,2839.8,2403,0,0,738669.544765037,0,0,0
98231.7392176931,40,2463.6,2825.2,2368.2,0,0,738669.5447655,0,0,0
98231.7792167595,40,2529.2,2796.8,2320.2,0,0,738669.544765963,0,0,0
98231.8192158259,40,2599.8,2753.6,2269.6,0,0,738669.544766426,0,0,0
98231.8592148923,40,2670.2,2709.4,2231.8,0,0,738669.544766889,0,0,0
98231.8992139587,40,2736,2654.4,2198.4,0,0,738669.544767352,0,0,0
98231.9392130251,40,2783.6,2615.2,2179,0,0,738669.544767815,0,0,0
98231.9792120915,40,2827.8,2588,2163,0,0,738669.544768278,0,0,0
98232.0192111579,40,2836.8,2583.4,2158.4,0,0,738669.544768741,0,0,0
98232.0592102243,40,2831.8,2596.4,2167.4,0,0,738669.544769204,0,0,0
98232.0992092907,40,2825.2,2615.8,2171,0,0,738669.544769667,0,0,0
98232.1392083571,40,2790.4,2623.6,2178.4,0,0,738669.54477013,0,0,0
98232.1792074235,40,2739.8,2604.8,2184.4,0,0,738669.544770593,0,0,0
98232.2192064899,40,2699.6,2600,2189,0,0,738669.544771056,0,0,0
98232.2592055563,40,2638.2,2589.8,2197.8,0,0,738669.544771519,0,0,0
98232.2992046227,40,2603,2599.8,2212,0,0,738669.544771982,0,0,0
98232.3392036891,40,2598.4,2648.4,2232,0,0,738669.544772444,0,0,0
98232.3792027555,40,2578.6,2714.2,2263.8,0,0,738669.544772907,0,0,0
98232.4192018219,40,2527.4,2781.8,2311.6,0,0,738669.54477337,0,0,0
98232.4592008883,40,2459.6,2845.4,2383.8,0,0,738669.544773833,0,0,0
98232.4991999547,40,2383.8,2857.8,2467,0,0,738669.544774296,0,0,0
98232.5391990211,40,2323.8,2839.6,2527.4,0,0,738669.544774759,0,0,0
98232.5791980875,40,2322.2,2810.8,2513.4,0,0,738669.544775222,0,0,0
98232.6191971539,40,2370,2807.2,2442.2,0,0,738669.544775685,0,0,0
98232.6591962203,40,2446.6,2805.8,2371,0,0,738669.544776148,0,0,0
98232.6991952867,40,2537,2784.8,2310.8,0,0,738669.544776611,0,0,0
98232.7391943531,40,2608.8,2726.6,2259.8,0,0,738669.544777074,0,0,0
98232.7791934195,40,2677.2,2687.4,2222,0,0,738669.544777537,0,0,0
98232.8191924859,40,2721.4,2649.6,2199.4,0,0,738669.544778,0,0,0
98232.8591915523,40,2751.8,2631,2190.4,0,0,738669.544778463,0,0,0
98232.8991906187,40,2751.4,2629.8,2188.4,0,0,738669.544778926,0,0,0
98232.9391896851,40,2741.6,2658,2200.2,0,0,738669.544779389,0,0,0
98232.9791887515,40,2706.4,2684.2,2214.2,0,0,738669.544779852,0,0,0
98233.0191878179,40,2671.8,2696.6,2233.8,0,0,738669.544780315,0,0,0
98233.0591868843,40,2627.4,2708,2248.4,0,0,738669.544780778,0,0,0
98233.0991859507,40,2577.6,2723.2,2266,0,0,738669.544781241,0,0,0
98233.1391850171,40,2529.4,2735,2295.8,0,0,738669.544781704,0,0,0
98233.1791840835,40,2489,2770.2,2331.2,0,0,738669.544782166,0,0,0
98233.2191831499,40,2459.4,2828,2375.8,0,0,738669.544782629,0,0,0
98233.2591822163,40,2408,2869.8,2444.6,0,0,738669.544783092,0,0,0
98233.2991812827,40,2346.8,2901.2,2536.8,0,0,738669.544783555,0,0,0
98233.3391803491,40,2288.6,2892.8,2637.2,0,0,738669.544784018,0,0,0
98233.3791794155,40,2249,2868.6,2717,0,0,738669.544784481,0,0,0
98233.4191784819,40,2246.6,2870.2,2742.2,0,0,738669.544784944,0,0,0
98233.4591775483,40,2273.6,2887.2,2683,0,0,738669.544785407,0,0,0
98233.4991766147,40,2320.2,2927,2593,0,0,738669.54478587,0,0,0
98233.5391756811,40,2386.8,2929,2497.6,0,0,738669.544786333,0,0,0
98233.5791747475,40,2459,2902,2407.8,0,0,738669.544786796,0,0,0
98233.6191738139,40,2521.2,2849.6,2340.6,0,0,738669.544787259,0,0,0
98233.6591728803,40,2585.8,2805.8,2297.4,0,0,738669.544787722,0,0,0
98233.6991719467,40,2614,2784.8,2277.4,0,0,738669.544788185,0,0,0
98233.7391710131,40,2617,2785.2,2277.6,0,0,738669.544788648,0,0,0
98233.7791700795,40,2609.6,2813.8,2288.2,0,0,738669.544789111,0,0,0
98233.8191691459,40,2608.6,2839.8,2299.4,0,0,738669.544789574,0,0,0
98233.8591682123,40,2607.2,2851.6,2302.2,0,0,738669.544790037,0,0,0
98233.8991672787,40,2599.6,2860.8,2310.4,0,0,738669.5447905,0,0,0
98233.9391663451,40,2583,2862.2,2318.8,0,0,738669.544790962,0,0,0
98233.9791654115,40,2566.8,2867.8,2329.6,0,0,738669.544791425,0,0,0
98234.0191644779,40,2528,2860,2346,0,0,738669.544791888,0,0,0
98234.0591635443,40,2480,2850,2374,0,0,738669.544792351,0,0,0
98234.0991626107,40,2431.2,2862.6,2417.2,0,0,738669.544792814,0,0,0
98234.1391616771,40,2374.6,2858.8,2467,0,0,738669.544793277,0,0,0
98234.1791607435,40,2323.2,2835.8,2526.8,0,0,738669.54479374,0,0,0
98234.2191598099,40,2288,2823,2582.8,0,0,738669.544794203,0,0,0
98234.2591588763,40,2274.8,2829.2,2613.4,0,0,738669.544794666,0,0,0
98234.2991579427,40,2307.6,2863.6,2583.8,0,0,738669.544795129,0,0,0
98234.3391570091,40,2358.6,2896.6,2515.2,0,0,738669.544795592,0,0,0
98234.3791560755,40,2434.2,2904.8,2432.6,0,0,738669.544796055,0,0,0
98234.4191551419,40,2511.2,2876.8,2361,0,0,738669.544796518,0,0,0
98234.4591542083,40,2573.8,2832.6,2308.2,0,0,738669.544796981,0,0,0
98234.4991532747,40,2623.4,2791.4,2279,0,0,738669.544797444,0,0,0
98234.5391523411,40,2645.4,2791.8,2268.8,0,0,738669.544797907,0,0,0
98234.5791514075,40,2648,2798,2270,0,0,738669.54479837,0,0,0
98234.6191504739,40,2635.6,2822.6,2282.8,0,0,738669.544798833,0,0,0
98234.6591495403,40,2617,2825.6,2290.8,0,0,738669.544799296,0,0,0
98234.6991486067,40,2614.2,2823.8,2293,0,0,738669.544799759,0,0,0
98234.7391476731,40,2592.6,2822.2,2300.4,0,0,738669.544800222,0,0,0
98234.7791467395,40,2577.6,2820.6,2308.6,0,0,738669.544800685,0,0,0
98234.8191458059,40,2558.2,2818.2,2313.2,0,0,738669.544801148,0,0,0
98234.8591448723,40,2525.4,2829.4,2333,0,0,738669.54480161,0,0,0
98234.8991439387,40,2491,2859.4,2368.6,0,0,738669.544802073,0,0,0
98234.9391430051,40,2449,2889.8,2412.4,0,0,738669.544802536,0,0,0
98234.9791420715,40,2397.4,2910,2470.2,0,0,738669.544802999,0,0,0
98235.0191411379,40,2353.4,2937.4,2544,0,0,738669.544803462,0,0,0
98235.0591402043,40,2321.8,2931.6,2603.4,0,0,738669.544803925,0,0,0
98235.0991392707,40,2316.6,2927.4,2602.4,0,0,738669.544804388,0,0,0
98235.1391383371,40,2363.8,2932,2523.6,0,0,738669.544804851,0,0,0
98235.1791374035,40,2434.6,2889.8,2427.8,0,0,738669.544805314,0,0,0
98235.2191364699,40,2512.4,2842.8,2348.4,0,0,738669.544805777,0,0,0
98235.2591355363,40,2576.2,2774.8,2289.2,0,0,738669.54480624,0,0,0
98235.2991346027,40,2613.4,2723.8,2254,0,0,738669.544806703,0,0,0
98235.3391336691,40,2620.8,2700,2245.4,0,0,738669.544807166,0,0,0
98235.3791327355,40,2634.8,2725.6,2250.4,0,0,738669.544807629,0,0,0
98235.4191318019,40,2624,2751,2266.2,0,0,738669.544808092,0,0,0
98235.4591308683,40,2619,2759.8,2270,0,0,738669.544808555,0,0,0
98235.4991299347,40,2627.4,2783.6,2273,0,0,738669.544809018,0,0,0
98235.5391290011,40,2629.2,2801.4,2280.6,0,0,738669.544809481,0,0,0
98235.5791280675,40,2623.6,2817.6,2285.8,0,0,738669.544809944,0,0,0
98235.6191271339,40,2610.4,2840.8,2300,0,0,738669.544810407,0,0,0
98235.6591262003,40,2573.8,2870.4,2327.4,0,0,738669.544810869,0,0,0
98235.6991252667,40,2529.4,2917.2,2368.6,0,0,738669.544811332,0,0,0
98235.7391243331,40,2465.6,2938.2,2423.6,0,0,738669.544811795,0,0,0
98235.7791233995,40,2404,2964.8,2500,0,0,738669.544812258,0,0,0
98235.8191224659,40,2342,2938.6,2563.6,0,0,738669.544812721,0,0,0
98235.8591215323,40,2311.2,2911.4,2611.2,0,0,738669.544813184,0,0,0
98235.8991205987,40,2321.6,2895,2573,0,0,738669.544813647,0,0,0
98235.9391196651,40,2393.6,2895.2,2475.4,0,0,738669.54481411,0,0,0
98235.9791187315,40,2493,2848.6,2355.4,0,0,738669.544814573,0,0,0
98236.0191177979,40,2598.6,2739.4,2266,0,0,738669.544815036,0,0,0
98236.0591168643,40,2649,2626.6,2209,0,0,738669.544815499,0,0,0
98236.0991159307,40,2660.6,2574,2185.4,0,0,738669.544815962,0,0,0
98236.1391149971,40,2666.2,2565,2186,0,0,738669.544816425,0,0,0
98236.1791140635,40,2663,2579.8,2190.8,0,0,738669.544816888,0,0,0
98236.2191131299,40,2667.8,2602,2197,0,0,738669.544817351,0,0,0
98236.2591121963,40,2672,2634.8,2207.8,0,0,738669.544817814,0,0,0
98236.2991112627,40,2663.4,2680.8,2227.6,0,0,738669.544818277,0,0,0
98236.3391103291,40,2639.2,2758.4,2262,0,0,738669.54481874,0,0,0
98236.3791093955,40,2588.2,2859,2316.8,0,0,738669.544819203,0,0,0
98236.4191084619,40,2506.2,2941.8,2399.2,0,0,738669.544819666,0,0,0
98236.4591075283,40,2399.6,2956.4,2494.8,0,0,738669.544820128,0,0,0
98236.4991065947,40,2319.2,2932,2617.2,0,0,738669.544820591,0,0,0
98236.5391056611,40,2258.2,2873.4,2706,0,0,738669.544821054,0,0,0
98236.5791047275,40,2267.2,2877,2677.4,0,0,738669.544821517,0,0,0
98236.6191037939,40,2328,2867.4,2542.8,0,0,738669.54482198,0,0,0
98236.6591028603,40,2417.8,2835.8,2409.4,0,0,738669.544822443,0,0,0
98236.6991019267,40,2513.6,2709.8,2290.8,0,0,738669.544822906,0,0,0
98236.7391009931,40,2604.2,2619.8,2219.6,0,0,738669.544823369,0,0,0
98236.7791000595,40,2670.6,2552.2,2176.8,0,0,738669.544823832,0,0,0
98236.8190991259,40,2702.2,2518.8,2162,0,0,738669.544824295,0,0,0
98236.8590981923,40,2738,2531.4,2156.2,0,0,738669.544824758,0,0,0
98236.8990972587,40,2763,2564.4,2167.8,0,0,738669.544825221,0,0,0
98236.9390963251,40,2773.4,2599.4,2175.4,0,0,738669.544825684,0,0,0
98236.9790953915,40,2770.4,2622.4,2189,0,0,738669.544826147,0,0,0
98237.0190944579,40,2733,2668.6,2202,0,0,738669.54482661,0,0,0
98237.0590935243,40,2674.2,2729,2243,0,0,738669.544827073,0,0,0
98237.0990925907,40,2591.2,2803.8,2295.2,0,0,738669.544827536,0,0,0
98237.1390916571,40,2489.2,2846.2,2368.4,0,0,738669.544827999,0,0,0
98237.1790907235,40,2382.4,2856.2,2457.2,0,0,738669.544828462,0,0,0
98237.2190897899,40,2291.6,2814.6,2559.4,0,0,738669.544828925,0,0,0
98237.2590888563,40,2244.6,2769.8,2638,0,0,738669.544829388,0,0,0
98237.2990879227,40,2251.2,2809.2,2649.6,0,0,738669.544829851,0,0,0
98237.3390869891,40,2309,2913,2608,0,0,738669.544830313,0,0,0
98237.3790860555,40,2388.2,2968.8,2521.2,0,0,738669.544830776,0,0,0
98237.4190851219,40,2468.6,2950.4,2429,0,0,738669.544831239,0,0,0
98237.4590841883,40,2546.8,2922.2,2362.8,0,0,738669.544831702,0,0,0
98237.4990832547,40,2602.8,2864.8,2311.2,0,0,738669.544832165,0,0,0
98237.5390823211,40,2631.6,2825.2,2279.8,0,0,738669.544832628,0,0,0
98237.5790813875,40,2636.8,2797.2,2274.2,0,0,738669.544833091,0,0,0
98237.6190804539,40,2610.6,2778.4,2277.6,0,0,738669.544833554,0,0,0
98237.6590795203,40,2574.4,2772.8,2288.2,0,0,738669.544834017,0,0,0
98237.6990785867,40,2553,2760.6,2293.6,0,0,738669.54483448,0,0,0
98237.7390776531,40,2537.4,2747,2292.8,0,0,738669.544834943,0,0,0
98237.7790767195,40,2525.4,2743.8,2299.8,0,0,738669.544835406,0,0,0
98237.8190757859,40,2528.4,2761.6,2300.6,0,0,738669.544835869,0,0,0
98237.8590748523,40,2538.2,2777.2,2306.2,0,0,738669.544836332,0,0,0
98237.8990739187,40,2532.8,2784.4,2310.4,0,0,738669.544836795,0,0,0
98237.9390729851,40,2535,2804,2316.8,0,0,738669.544837258,0,0,0
98237.9790720515,40,2539.6,2822.8,2322.6,0,0,738669.544837721,0,0,0
98238.0190711179,40,2552,2852,2330.8,0,0,738669.544838184,0,0,0
98238.0590701843,40,2562.4,2878.6,2338.8,0,0,738669.544838647,0,0,0
98238.0990692507,40,2562.2,2899,2345.4,0,0,738669.54483911,0,0,0
98238.1390683171,40,2560.6,2906.8,2344.8,0,0,738669.544839573,0,0,0
98238.1790673835,40,2556,2908.6,2347.8,0,0,738669.544840035,0,0,0
98238.2190664499,40,2549.6,2910.2,2355.2,0,0,738669.544840498,0,0,0
98238.2590655163,40,2541.6,2906.6,2356,0,0,738669.544840961,0,0,0
98238.2990645827,40,2528.2,2902,2363,0,0,738669.544841424,0,0,0
98238.3390636491,40,2515.6,2888.2,2361.4,0,0,738669.544841887,0,0,0
98238.3790627155,40,2506,2874.8,2365,0,0,738669.54484235,0,0,0
98238.4190617819,40,2493,2856.8,2365,0,0,738669.544842813,0,0,0
98238.4590608483,40,2483.6,2859.4,2374.4,0,0,738669.544843276,0,0,0
98238.4990599147,40,2471,2839.2,2372.6,0,0,738669.544843739,0,0,0
98238.5390589811,40,2456.2,2826.4,2374,0,0,738669.544844202,0,0,0
98238.5790580475,40,2452.4,2825.8,2379,0,0,738669.544844665,0,0,0
98238.6190571139,40,2445.8,2828.8,2385.4,0,0,738669.544845128,0,0,0
98238.6590561803,40,2443.2,2840.8,2390,0,0,738669.544845591,0,0,0
98238.6990552467,40,2438.2,2837.6,2390.2,0,0,738669.544846054,0,0,0
98238.7390543131,40,2429,2836.8,2400.8,0,0,738669.544846517,0,0,0
98238.7790533795,40,2427,2835.6,2405.8,0,0,738669.54484698,0,0,0
98238.8190524459,40,2422,2843.6,2412,0,0,738669.544847443,0,0,0
98238.8590515123,40,2424.8,2848.8,2417,0,0,738669.544847906,0,0,0
98238.8990505787,40,2415,2848.8,2421.2,0,0,738669.544848369,0,0,0
98238.9390496451,40,2410.4,2852,2432.2,0,0,738669.544848832,0,0,0
98238.9790487115,40,2398.6,2842.6,2430.8,0,0,738669.544849294,0,0,0
98239.0190477779,40,2400.6,2850.2,2438.2,0,0,738669.544849757,0,0,0
98239.0590468443,40,2395.4,2844.6,2445.2,0,0,738669.54485022,0,0,0
98239.0990459107,40,2388,2853,2450.8,0,0,738669.544850683,0,0,0
98239.1390449771,40,2383.6,2851,2455.4,0,0,738669.544851146,0,0,0
98239.1790440435,40,2382,2849.8,2460.6,0,0,738669.544851609,0,0,0
98239.2190431099,40,2375.4,2846,2461.8,0,0,738669.544852072,0,0,0
98239.2590421763,40,2369.8,2842,2471,0,0,738669.544852535,0,0,0
98239.2990412427,40,2365,2840.8,2472.4,0,0,738669.544852998,0,0,0
98239.3390403091,40,2360,2839.4,2476.4,0,0,738669.544853461,0,0,0
98239.3790393755,40,2357.2,2820,2473.6,0,0,738669.544853924,0,0,0
98239.4190384419,40,2345,2786.8,2457.4,0,0,738669.544854387,0,0,0
98239.4590375083,40,2350.2,2777.4,2448.8,0,0,738669.54485485,0,0,0
98239.4990365747,40,2368.8,2779.8,2433.2,0,0,738669.544855313,0,0,0
98239.5390356411,40,2395.4,2799.4,2412,0,0,738669.544855776,0,0,0
98239.5790347075,40,2435.2,2816.4,2389.2,0,0,738669.544856239,0,0,0
98239.6190337739,40,2468.8,2810.6,2360,0,0,738669.544856702,0,0,0
98239.6590328403,40,2505.8,2802.6,2335.2,0,0,738669.544857165,0,0,0
98239.6990319067,40,2527.6,2803.6,2317,0,0,738669.544857628,0,0,0
98239.7390309731,40,2537.2,2830,2326,0,0,738669.544858091,0,0,0
98239.7790300395,40,2546.2,2885.2,2347.4,0,0,738669.544858554,0,0,0
98239.8190291059,40,2544.8,2916,2362.8,0,0,738669.544859017,0,0,0
98239.8590281723,40,2539.2,2919.6,2369,0,0,738669.544859479,0,0,0
98239.8990272387,40,2532,2924,2375,0,0,738669.544859942,0,0,0
98239.9390263051,40,2521.8,2934.2,2386.4,0,0,738669.544860405,0,0,0
98239.9790253715,40,2505.8,2944.4,2399.8,0,0,738669.544860868,0,0,0
98240.0190244379,40,2486.8,2933.4,2405,0,0,738669.544861331,0,0,0
98240.0590235043,40,2477.6,2918,2402.4,0,0,738669.544861794,0,0,0
98240.0990225707,40,2473.4,2882.2,2392.4,0,0,738669.544862257,0,0,0
98240.1390216371,40,2474.2,2862.4,2380.6,0,0,738669.54486272,0,0,0
98240.1790207035,40,2475.6,2821.4,2362.6,0,0,738669.544863183,0,0,0
98240.2190197699,40,2495.4,2792,2333.8,0,0,738669.544863646,0,0,0
98240.2590188363,40,2525.8,2750.2,2301,0,0,738669.544864109,0,0,0
98240.2990179027,40,2566.2,2712.6,2267.2,0,0,738669.544864572,0,0,0
98240.3390169691,40,2618.8,2685,2237.6,0,0,738669.544865035,0,0,0
98240.3790160355,40,2665.8,2655.2,2214.8,0,0,738669.544865498,0,0,0
98240.4190151019,40,2706.6,2651,2204.6,0,0,738669.544865961,0,0,0
98240.4590141683,40,2755.6,2667.2,2196.6,0,0,738669.544866424,0,0,0
98240.4990132347,40,2770.4,2684.6,2205,0,0,738669.544866887,0,0,0
98240.5390123011,40,2759.6,2700.6,2210.6,0,0,738669.54486735,0,0,0
98240.5790113675,40,2753,2707.8,2211,0,0,738669.544867813,0,0,0
98240.6190104339,40,2746,2716,2218,0,0,738669.544868276,0,0,0
98240.6590095003,40,2718.4,2727,2230.6,0,0,738669.544868739,0,0,0
98240.6990085667,40,2677.8,2730.4,2239.4,0,0,738669.544869201,0,0,0
98240.7390076331,40,2632.2,2739,2254,0,0,738669.544869664,0,0,0
98240.7790066995,40,2591.4,2758.2,2274.6,0,0,738669.544870127,0,0,0
98240.8190057659,40,2542,2784,2304,0,0,738669.54487059,0,0,0
98240.8590048323,40,2492.2,2820.2,2348.8,0,0,738669.544871053,0,0,0
98240.8990038987,40,2427.8,2848.2,2409.6,0,0,738669.544871516,0,0,0
98240.9390029651,40,2356.6,2852.4,2493.4,0,0,738669.544871979,0,0,0
98240.9790020315,40,2289.8,2842.8,2591.2,0,0,738669.544872442,0,0,0
98241.0190010979,40,2267.6,2808.6,2615.6,0,0,738669.544872905,0,0,0
98241.0590001643,40,2314.4,2849.8,2554.2,0,0,738669.544873368,0,0,0
98241.0989992307,40,2391.6,2857.4,2454.8,0,0,738669.544873831,0,0,0
98241.1389982971,40,2500.6,2838.2,2354.2,0,0,738669.544874294,0,0,0
98241.1789973635,40,2614.4,2786.2,2276.6,0,0,738669.544874757,0,0,0
98241.2189964299,40,2728.4,2726.8,2222.4,0,0,738669.54487522,0,0,0
98241.2589954963,40,2788.2,2668.4,2190.6,0,0,738669.544875683,0,0,0
98241.2989945627,40,2808.4,2625,2178,0,0,738669.544876146,0,0,0
98241.3389936291,40,2775.6,2598.4,2174.8,0,0,738669.544876609,0,0,0
98241.3789926955,40,2730.6,2611,2187.4,0,0,738669.544877072,0,0,0
98241.4189917619,40,2697.4,2630.2,2204,0,0,738669.544877535,0,0,0
98241.4589908283,40,2670,2691.4,2228.6,0,0,738669.544877997,0,0,0
98241.4989898947,40,2633.8,2780.6,2268.6,0,0,738669.54487846,0,0,0
98241.5389889611,40,2569.2,2895.4,2341.2,0,0,738669.544878923,0,0,0
98241.5789880275,40,2460.6,2954.8,2437.4,0,0,738669.544879386,0,0,0
98241.6189870939,40,2357,2955.4,2562.6,0,0,738669.544879849,0,0,0
98241.6589861603,40,2287.8,2907.2,2660.2,0,0,738669.544880312,0,0,0
98241.6989852267,40,2283.8,2863.6,2617.2,0,0,738669.544880775,0,0,0
98241.7389842931,40,2328.6,2829,2513.6,0,0,738669.544881238,0,0,0
98241.7789833595,40,2370.4,2768.2,2422,0,0,738669.544881701,0,0,0
98241.8189824259,40,2485.8,2810.8,2347,0,0,738669.544882164,0,0,0
98241.8589814923,40,2626.8,2807.6,2279,0,0,738669.544882627,0,0,0
98241.8989805587,40,2734.2,2745.8,2227.4,0,0,738669.54488309,0,0,0
98241.9389796251,40,2770,2666.8,2194,0,0,738669.544883553,0,0,0
98241.9789786915,40,2719,2593,2181.6,0,0,738669.544884016,0,0,0
98242.0189777579,40,2698.8,2591,2187.2,0,0,738669.544884479,0,0,0
98242.0589768243,40,2654.2,2607.8,2202.2,0,0,738669.544884942,0,0,0
98242.0989758907,40,2634.2,2662.4,2225,0,0,738669.544885405,0,0,0
98242.1389749571,40,2601.6,2741,2266.8,0,0,738669.544885868,0,0,0
98242.1789740235,40,2539,2869.6,2344.4,0,0,738669.544886331,0,0,0
98242.2189730899,40,2441.8,2963.2,2459.2,0,0,738669.544886794,0,0,0
98242.2589721563,40,2328,2945.8,2608.4,0,0,738669.544887257,0,0,0
98242.2989712227,40,2263.6,2863.8,2660.4,0,0,738669.54488772,0,0,0
98242.3389702891,40,2300.6,2829.6,2562.4,0,0,738669.544888183,0,0,0
98242.3789693555,40,2352.6,2757.2,2433.6,0,0,738669.544888645,0,0,0
98242.4189684219,40,2509,2803.6,2329.4,0,0,738669.544889108,0,0,0
98242.4589674883,40,2694.4,2787,2256.4,0,0,738669.544889571,0,0,0
98242.4989665547,40,2774.2,2691.8,2205,0,0,738669.544890034,0,0,0
98242.5389656211,40,2777.8,2613.6,2175,0,0,738669.544890497,0,0,0
98242.5789646875,40,2729.4,2571.6,2173.6,0,0,738669.54489096,0,0,0
98242.6189637539,40,2684.2,2572.8,2183.6,0,0,738669.544891423,0,0,0
98242.6589628203,40,2677,2587.6,2192,0,0,738669.544891886,0,0,0
98242.6989618867,40,2703.4,2634,2200,0,0,738669.544892349,0,0,0
98242.7389609531,40,2720.6,2713.2,2219,0,0,738669.544892812,0,0,0
98242.7789600195,40,2680.2,2810.4,2265.4,0,0,738669.544893275,0,0,0
98242.8189590859,40,2597,2890.4,2328.6,0,0,738669.544893738,0,0,0
98242.8589581523,40,2486,2951.4,2410.6,0,0,738669.544894201,0,0,0
98242.8989572187,40,2369.2,2906.2,2508.2,0,0,738669.544894664,0,0,0
98242.9389562851,40,2282.6,2813.2,2589.4,0,0,738669.544895127,0,0,0
98242.9789553515,40,2256.4,2728.4,2566.6,0,0,738669.54489559,0,0,0
98243.0189544179,40,2349.8,2833,2482.6,0,0,738669.544896053,0,0,0
98243.0589534843,40,2498,2858.4,2365.8,0,0,738669.544896516,0,0,0
98243.0989525507,40,2660.4,2793.2,2268.8,0,0,738669.544896979,0,0,0
98243.1389516171,40,2773,2680.8,2202.4,0,0,738669.544897442,0,0,0
98243.1789506835,40,2817.4,2587.6,2163.6,0,0,738669.544897905,0,0,0
98243.2189497499,40,2835.4,2543,2151,0,0,738669.544898367,0,0,0
98243.2589488163,40,2835,2527,2148.2,0,0,738669.54489883,0,0,0
98243.2989478827,40,2836.4,2550.6,2152.4,0,0,738669.544899293,0,0,0
98243.3389469491,40,2810.2,2576.6,2163.2,0,0,738669.544899756,0,0,0
98243.3789460155,40,2749.4,2616.8,2184,0,0,738669.544900219,0,0,0
98243.4189450819,40,2697.8,2697.2,2222.6,0,0,738669.544900682,0,0,0
98243.4589441483,40,2600.8,2770.2,2280.6,0,0,738669.544901145,0,0,0
98243.4989432147,40,2485.6,2827.4,2360.8,0,0,738669.544901608,0,0,0
98243.5389422811,40,2378.6,2863.6,2467.8,0,0,738669.544902071,0,0,0
98243.5789413475,40,2295.6,2820.8,2566.2,0,0,738669.544902534,0,0,0
98243.6189404139,40,2284.2,2805.8,2573,0,0,738669.544902997,0,0,0
98243.6589394803,40,2341.4,2795,2468.6,0,0,738669.54490346,0,0,0
98243.6989385467,40,2427.8,2765.8,2366.2,0,0,738669.544903923,0,0,0
98243.7389376131,40,2543.6,2716.2,2277.8,0,0,738669.544904386,0,0,0
98243.7789366795,40,2634.4,2632.6,2216,0,0,738669.544904849,0,0,0
98243.8189357459,40,2692.2,2578,2185.4,0,0,738669.544905312,0,0,0
98243.8589348123,40,2722,2547.2,2168,0,0,738669.544905775,0,0,0
98243.8989338787,40,2735.4,2560.2,2168.2,0,0,738669.544906238,0,0,0
98243.9389329451,40,2745.6,2587.8,2178.4,0,0,738669.544906701,0,0,0
98243.9789320115,40,2756.8,2622.6,2183.8,0,0,738669.544907163,0,0,0
98244.0189310779,40,2749.4,2681.8,2207.8,0,0,738669.544907626,0,0,0
98244.0589301443,40,2716,2761.8,2241.8,0,0,738669.544908089,0,0,0
98244.0989292107,40,2626.6,2861.6,2303,0,0,738669.544908552,0,0,0
98244.1389282771,40,2510.4,2936.8,2389,0,0,738669.544909015,0,0,0
98244.1789273435,40,2392.2,2952.4,2505,0,0,738669.544909478,0,0,0
98244.2189264099,40,2304.8,2868,2591.2,0,0,738669.544909941,0,0,0
98244.2589254763,40,2289.6,2787.6,2552,0,0,738669.544910404,0,0,0
98244.2989245427,40,2342.4,2781.8,2462,0,0,738669.544910867,0,0,0
98244.3389236091,40,2475.8,2810,2358,0,0,738669.54491133,0,0,0
98244.3789226755,40,2628.6,2750.2,2260.8,0,0,738669.544911793,0,0,0
98244.4189217419,40,2742.2,2645,2192.6,0,0,738669.544912256,0,0,0
98244.4589208083,40,2825.6,2567.8,2157.2,0,0,738669.544912719,0,0,0
98244.4989198747,40,2846,2517.4,2143.4,0,0,738669.544913182,0,0,0
98244.5389189411,40,2841.6,2510.6,2139.6,0,0,738669.544913645,0,0,0
98244.5789180075,40,2837.4,2532,2145.8,0,0,738669.544914108,0,0,0
98244.6189170739,40,2808.4,2545,2155,0,0,738669.544914571,0,0,0
98244.6589161403,40,2740.2,2577.2,2171.4,0,0,738669.544915034,0,0,0
98244.6989152067,40,2682.4,2633.4,2204.6,0,0,738669.544915497,0,0,0
98244.7389142731,40,2603.8,2718.2,2261.2,0,0,738669.54491596,0,0,0
98244.7789133395,40,2490.8,2786,2334.8,0,0,738669.544916423,0,0,0
98244.8189124059,40,2393.2,2837.6,2438.8,0,0,738669.544916886,0,0,0
98244.8589114723,40,2319.2,2828,2530.8,0,0,738669.544917348,0,0,0
98244.8989105387,40,2330.2,2837.6,2515.2,0,0,738669.544917811,0,0,0
98244.9389096051,40,2421.6,2826.2,2407.2,0,0,738669.544918274,0,0,0
98244.9789086715,40,2533.2,2744,2297.4,0,0,738669.544918737,0,0,0
98245.0189077379,40,2616.4,2615.4,2218,0,0,738669.5449192,0,0,0
98245.0589068043,40,2684.4,2515,2163.6,0,0,738669.544919663,0,0,0
98245.0989058707,40,2737.8,2459.6,2136,0,0,738669.544920126,0,0,0
98245.1389049371,40,2767.8,2428,2122.6,0,0,738669.544920589,0,0,0
98245.1789040035,40,2802,2433.6,2120.4,0,0,738669.544921052,0,0,0
98245.2189030699,40,2827.4,2456.2,2124.2,0,0,738669.544921515,0,0,0
98245.2589021363,40,2854.2,2480.8,2132,0,0,738669.544921978,0,0,0
98245.2989012027,40,2846.8,2515,2141.8,0,0,738669.544922441,0,0,0
98245.3389002691,40,2828.2,2571,2160.4,0,0,738669.544922904,0,0,0
98245.3788993355,40,2778.8,2650.6,2194.8,0,0,738669.544923367,0,0,0
98245.4188984019,40,2690.2,2737.2,2238.8,0,0,738669.54492383,0,0,0
98245.4588974683,40,2554.6,2811.8,2314.8,0,0,738669.544924293,0,0,0
98245.4988965347,40,2414.6,2839.6,2417.2,0,0,738669.544924756,0,0,0
98245.5388956011,40,2307.6,2789,2514,0,0,738669.544925219,0,0,0
98245.5788946675,40,2293.2,2759,2520,0,0,738669.544925682,0,0,0
98245.6188937339,40,2379.6,2814.4,2441,0,0,738669.544926145,0,0,0
98245.6588928003,40,2502,2799.4,2334,0,0,738669.544926608,0,0,0
98245.6988918667,40,2641,2702.6,2243,0,0,738669.54492707,0,0,0
98245.7388909331,40,2735.8,2583.8,2178.2,0,0,738669.544927533,0,0,0
98245.7788899995,40,2759.6,2483.8,2138.4,0,0,738669.544927996,0,0,0
98245.8188890659,40,2793.4,2441.6,2124.2,0,0,738669.544928459,0,0,0
98245.8588881323,40,2814,2430.8,2118.6,0,0,738669.544928922,0,0,0
98245.8988871987,40,2822,2448.8,2124.6,0,0,738669.544929385,0,0,0
98245.9388862651,40,2842.4,2482.6,2132,0,0,738669.544929848,0,0,0
98245.9788853315,40,2828.6,2521.2,2146,0,0,738669.544930311,0,0,0
98246.0188843979,40,2805.2,2575.8,2163.2,0,0,738669.544930774,0,0,0
98246.0588834643,40,2762.2,2668.4,2199,0,0,738669.544931237,0,0,0
98246.0988825307,40,2673.4,2769.6,2258.6,0,0,738669.5449317,0,0,0
98246.1388815971,40,2554.4,2881.6,2339.8,0,0,738669.544932163,0,0,0
98246.1858805001,47,2414.8,2954.8,2477.8,0,0,738669.544932707,0,0,0
98246.2258795665,40,2349,2888,2520.6,0,0,738669.54493317,0,0,0
98246.2658786329,40,2390.6,2832.8,2438.2,0,0,738669.544933633,0,0,0
98246.3058776993,40,2459.4,2744.6,2335.2,0,0,738669.544934096,0,0,0
98246.3458767657,40,2621.2,2723.8,2250.2,0,0,738669.544934559,0,0,0
98246.3858758321,40,2758.8,2649.8,2195.6,0,0,738669.544935022,0,0,0
98246.4258748985,40,2822.2,2574.4,2160.6,0,0,738669.544935485,0,0,0
98246.4658739649,40,2844,2523.2,2140.6,0,0,738669.544935948,0,0,0
98246.5058730313,40,2831.6,2501.8,2141.4,0,0,738669.544936411,0,0,0
98246.5458720977,40,2776.4,2508,2150.6,0,0,738669.544936873,0,0,0
98246.5858711641,40,2727.6,2526.4,2160,0,0,738669.544937336,0,0,0
98246.6258702305,40,2670.6,2553.8,2177.8,0,0,738669.544937799,0,0,0
98246.6658692969,40,2646.2,2627.4,2210.2,0,0,738669.544938262,0,0,0
98246.7058683633,40,2607,2741.2,2266.2,0,0,738669.544938725,0,0,0
98246.7458674297,40,2510.2,2848.2,2347.4,0,0,738669.544939188,0,0,0
98246.7858664961,40,2405.2,2930.2,2479.4,0,0,738669.544939651,0,0,0
98246.8258655625,40,2304,2914.8,2621.6,0,0,738669.544940114,0,0,0
98246.8658646289,40,2276.6,2849.4,2619.6,0,0,738669.544940577,0,0,0
98246.9058636953,40,2331.8,2826,2502.6,0,0,738669.54494104,0,0,0
98246.9458627617,40,2395.6,2756.4,2390.8,0,0,738669.544941503,0,0,0
98246.9858618281,40,2529.8,2760.2,2302.8,0,0,738669.544941966,0,0,0
98247.0258608945,40,2676.8,2700.2,2227.6,0,0,738669.544942429,0,0,0
98247.0658599609,40,2792,2628,2180,0,0,738669.544942892,0,0,0
98247.1058590273,40,2844.8,2559.6,2153.4,0,0,738669.544943355,0,0,0
98247.1458580937,40,2812.8,2507,2142.6,0,0,738669.544943818,0,0,0
98247.1858571601,40,2778.8,2518.4,2148.4,0,0,738669.544944281,0,0,0
98247.2258562265,40,2737.4,2542.2,2165.8,0,0,738669.544944744,0,0,0
98247.2658552929,40,2688.8,2581.6,2184,0,0,738669.544945207,0,0,0
98247.3058543593,40,2647.8,2653.4,2220.4,0,0,738669.54494567,0,0,0
98247.3458534257,40,2573.8,2743.4,2278.4,0,0,738669.544946133,0,0,0
98247.3858524921,40,2480.2,2854.4,2375.4,0,0,738669.544946595,0,0,0
98247.4258515585,40,2368.4,2912.4,2507.8,0,0,738669.544947058,0,0,0
98247.4658506249,40,2289,2888.6,2634.4,0,0,738669.544947521,0,0,0
98247.5058496913,40,2311.6,2925.6,2615.4,0,0,738669.544947984,0,0,0
98247.5458487577,40,2395.4,2959.4,2506.8,0,0,738669.544948447,0,0,0
98247.5858478241,40,2515,2942.4,2395,0,0,738669.54494891,0,0,0
98247.6258468905,40,2646.2,2851,2289,0,0,738669.544949373,0,0,0
98247.6658459569,40,2742.8,2721.6,2223.8,0,0,738669.544949836,0,0,0
98247.7058450233,40,2792,2637,2184.2,0,0,738669.544950299,0,0,0
98247.7458440897,40,2818,2601.4,2172.2,0,0,738669.544950762,0,0,0
98247.7858431561,40,2810.4,2610,2175.2,0,0,738669.544951225,0,0,0
98247.8258422225,40,2794,2637.2,2184.4,0,0,738669.544951688,0,0,0
98247.8658412889,40,2774.8,2661.6,2191.8,0,0,738669.544952151,0,0,0
98247.9058403553,40,2732,2709.8,2220.2,0,0,738669.544952614,0,0,0
98247.9458394217,40,2674.2,2800.6,2264.6,0,0,738669.544953077,0,0,0
98247.9858384881,40,2558.8,2897.8,2345.6,0,0,738669.54495354,0,0,0
98248.0258375545,40,2438,2951.8,2454.8,0,0,738669.544954003,0,0,0
98248.0658366209,40,2333,2945,2589.2,0,0,738669.544954466,0,0,0
98248.1058356873,40,2274.6,2885.2,2668,0,0,738669.544954929,0,0,0
98248.1458347537,40,2292.6,2840.6,2574.2,0,0,738669.544955392,0,0,0
98248.1858338201,40,2349.6,2778.8,2452.8,0,0,738669.544955855,0,0,0
98248.2258328865,40,2450.6,2768.8,2353.2,0,0,738669.544956318,0,0,0
98248.2658319529,40,2592.4,2739.8,2269.4,0,0,738669.54495678,0,0,0
98248.3058310193,40,2717.6,2678,2209.8,0,0,738669.544957243,0,0,0
98248.3458300857,40,2818.2,2618.6,2177.4,0,0,738669.544957706,0,0,0
98248.3858291521,40,2835.2,2562,2152.4,0,0,738669.544958169,0,0,0
98248.4258282185,40,2837.6,2545.4,2152.2,0,0,738669.544958632,0,0,0
98248.4658272849,40,2780,2555.2,2160.4,0,0,738669.544959095,0,0,0
98248.5058263513,40,2732.8,2600.4,2181.2,0,0,738669.544959558,0,0,0
98248.5458254178,40,2657.8,2636.6,2209.6,0,0,738669.544960021,0,0,0
98248.5858244841,40,2581.6,2687.6,2253.2,0,0,738669.544960484,0,0,0
98248.6258235505,40,2504.2,2767.2,2318.4,0,0,738669.544960947,0,0,0
98248.6658226169,40,2408.6,2827.2,2414.8,0,0,738669.54496141,0,0,0
98248.7058216833,40,2317.6,2872.6,2562.6,0,0,738669.544961873,0,0,0
98248.7458207497,40,2260.8,2864.4,2664.4,0,0,738669.544962336,0,0,0
98248.7858198161,40,2309,2927,2631,0,0,738669.544962799,0,0,0
98248.8258188825,40,2384.8,2984.6,2548.2,0,0,738669.544963262,0,0,0
98248.8658179489,40,2476,2983.6,2441.4,0,0,738669.544963725,0,0,0
98248.9058170153,40,2555.8,2919.4,2351.4,0,0,738669.544964188,0,0,0
98248.9458160817,40,2638,2866.8,2301.6,0,0,738669.544964651,0,0,0
98248.9858151481,40,2694.8,2798.2,2258.4,0,0,738669.544965114,0,0,0
98249.0258142145,40,2734.8,2749,2228.2,0,0,738669.544965576,0,0,0
98249.0658132809,40,2751.8,2728.2,2220.8,0,0,738669.544966039,0,0,0
98249.1058123473,40,2751.4,2741.6,2226.8,0,0,738669.544966502,0,0,0
98249.1458114137,40,2723.8,2772.2,2241.2,0,0,738669.544966965,0,0,0
98249.1858104801,40,2677.6,2806.4,2264.6,0,0,738669.544967428,0,0,0
98249.2258095465,40,2595.6,2854,2311,0,0,738669.544967891,0,0,0
98249.2658086129,40,2483.8,2910,2397,0,0,738669.544968354,0,0,0
98249.3058076793,40,2370.8,2926,2522.4,0,0,738669.544968817,0,0,0
98249.3458067457,40,2281.4,2846.6,2611.6,0,0,738669.54496928,0,0,0
98249.3858058121,40,2285.8,2773.2,2535,0,0,738669.544969743,0,0,0
98249.4258048785,40,2346.4,2755.2,2434.6,0,0,738669.544970206,0,0,0
98249.4658039449,40,2472.8,2782.4,2338.6,0,0,738669.544970669,0,0,0
98249.5058030113,40,2623.4,2759,2266.6,0,0,738669.544971132,0,0,0
98249.5458020777,40,2736.2,2685,2206.4,0,0,738669.544971595,0,0,0
98249.5858011441,40,2803.2,2614.2,2174.8,0,0,738669.544972058,0,0,0
98249.6258002105,40,2816.2,2579,2162.2,0,0,738669.544972521,0,0,0
98249.6657992769,40,2792.4,2590.8,2166.6,0,0,738669.544972984,0,0,0
98249.7057983433,40,2754.4,2625.6,2185.4,0,0,738669.544973447,0,0,0
98249.7457974097,40,2663.6,2624.6,2203.6,0,0,738669.54497391,0,0,0
98249.7857964761,40,2573.8,2655.2,2241.2,0,0,738669.544974373,0,0,0
98249.8257955425,40,2500.4,2716,2299.8,0,0,738669.544974836,0,0,0
98249.8657946089,40,2430.4,2806,2384.4,0,0,738669.544975298,0,0,0
98249.9057936753,40,2350.2,2886,2516.4,0,0,738669.544975761,0,0,0
98249.9457927417,40,2313.8,2898.4,2591.4,0,0,738669.544976224,0,0,0
98249.9857918081,40,2368,2926.2,2515.4,0,0,738669.544976687,0,0,0
98250.0257908745,40,2471,2929.2,2414,0,0,738669.54497715,0,0,0
98250.0657899409,40,2585.8,2856.6,2317.4,0,0,738669.544977613,0,0,0
98250.1057890073,40,2660.8,2743.4,2249.4,0,0,738669.544978076,0,0,0
98250.1457880737,40,2718.4,2655.4,2202.4,0,0,738669.544978539,0,0,0
98250.1857871401,40,2744.2,2601.4,2179,0,0,738669.544979002,0,0,0
98250.2257862065,40,2782,2617,2177.6,0,0,738669.544979465,0,0,0
98250.2657852729,40,2788.8,2668,2191.6,0,0,738669.544979928,0,0,0
98250.3057843393,40,2763.2,2702.2,2206,0,0,738669.544980391,0,0,0
98250.3457834057,40,2716.4,2745.8,2236.4,0,0,738669.544980854,0,0,0
98250.3857824721,40,2645.8,2820.6,2281.4,0,0,738669.544981317,0,0,0
98250.4257815385,40,2536,2918.2,2367.6,0,0,738669.54498178,0,0,0
98250.4657806049,40,2407.8,2936.4,2479,0,0,738669.544982243,0,0,0
98250.5057796713,40,2312.8,2905.8,2597.4,0,0,738669.544982706,0,0,0
98250.5457787377,40,2313,2877,2564,0,0,738669.544983169,0,0,0
98250.5857778041,40,2386.4,2826.8,2437,0,0,738669.544983632,0,0,0
98250.6257768705,40,2464.4,2741.2,2330.4,0,0,738669.544984095,0,0,0
98250.6657759369,40,2554.6,2670,2253.8,0,0,738669.544984558,0,0,0
98250.7057750033,40,2671.4,2634.4,2206.2,0,0,738669.544985021,0,0,0
98250.7457740697,40,2744.8,2619.6,2185.8,0,0,738669.544985483,0,0,0
98250.7857731361,40,2785.4,2631.6,2180.2,0,0,738669.544985946,0,0,0
98250.8257722025,40,2784.8,2677.4,2200.6,0,0,738669.544986409,0,0,0
98250.8657712689,40,2751.6,2696.6,2209.8,0,0,738669.544986872,0,0,0
98250.9057703353,40,2715,2715.6,2225,0,0,738669.544987335,0,0,0
98250.9457694017,40,2621.2,2734.6,2254.8,0,0,738669.544987798,0,0,0
98250.9857684681,40,2517.4,2763.8,2310.4,0,0,738669.544988261,0,0,0
98251.0257675345,40,2408,2784.4,2393.2,0,0,738669.544988724,0,0,0
98251.0657666009,40,2324.8,2805,2500,0,0,738669.544989187,0,0,0
98251.1057656673,40,2276.8,2796.8,2578.4,0,0,738669.54498965,0,0,0
98251.1457647337,40,2309,2846,2545.6,0,0,738669.544990113,0,0,0
98251.1857638001,40,2391.4,2854.2,2446.8,0,0,738669.544990576,0,0,0
98251.2257628665,40,2496.6,2831.6,2349.8,0,0,738669.544991039,0,0,0
98251.2657619329,40,2607,2760.4,2270.6,0,0,738669.544991502,0,0,0
98251.3057609993,40,2682.6,2674.4,2220.2,0,0,738669.544991965,0,0,0
98251.3457600657,40,2735.4,2636.2,2194.4,0,0,738669.544992428,0,0,0
98251.3857591321,40,2772.2,2643,2186.6,0,0,738669.544992891,0,0,0
98251.4257581985,40,2775,2679.8,2196,0,0,738669.544993354,0,0,0
98251.4657572649,40,2764.4,2709,2210.6,0,0,738669.544993817,0,0,0
98251.5057563313,40,2724,2737.8,2230.2,0,0,738669.54499428,0,0,0
98251.5457553977,40,2663,2798,2263.6,0,0,738669.544994742,0,0,0
98251.5857544641,40,2584,2889.6,2329.4,0,0,738669.544995205,0,0,0
98251.6257535305,40,2465.4,2936,2420.2,0,0,738669.544995668,0,0,0
98251.6657525969,40,2368.8,2953,2533.6,0,0,738669.544996131,0,0,0
98251.7057516633,40,2293.6,2858,2597,0,0,738669.544996594,0,0,0
98251.7457507297,40,2305,2822.2,2534.6,0,0,738669.544997057,0,0,0
98251.7857497961,40,2372.2,2768.4,2422,0,0,738669.54499752,0,0,0
98251.8257488625,40,2480.6,2765.2,2332,0,0,738669.544997983,0,0,0
98251.8657479289,40,2631.8,2755.6,2260.8,0,0,738669.544998446,0,0,0
98251.9057469953,40,2746.4,2718.8,2213.6,0,0,738669.544998909,0,0,0
98251.9457460617,40,2785.4,2681.6,2199.8,0,0,738669.544999372,0,0,0
98251.9857451281,40,2759.4,2670.6,2196.4,0,0,738669.544999835,0,0,0
98252.0257441945,40,2701,2681.2,2216.2,0,0,738669.545000298,0,0,0
98252.0657432609,40,2661.8,2709,2232.4,0,0,738669.545000761,0,0,0
98252.1057423273,40,2586.8,2732.8,2265.8,0,0,738669.545001224,0,0,0
98252.1457413937,40,2525,2801,2321.2,0,0,738669.545001687,0,0,0
98252.1857404601,40,2442.6,2884.4,2408.8,0,0,738669.54500215,0,0,0
98252.2257395265,40,2359.8,2923.2,2527.4,0,0,738669.545002613,0,0,0
98252.2657385929,40,2291,2904.6,2642,0,0,738669.545003076,0,0,0
98252.3057376593,40,2297.8,2857.8,2575.8,0,0,738669.545003539,0,0,0
98252.3457367257,40,2395,2904.6,2475.4,0,0,738669.545004002,0,0,0
98252.3857357921,40,2486.2,2845.4,2359,0,0,738669.545004464,0,0,0
98252.4257348585,40,2601.6,2783.4,2281.4,0,0,738669.545004927,0,0,0
98252.4657339249,40,2688.4,2727.6,2233.2,0,0,738669.54500539,0,0,0
98252.5057329913,40,2729.6,2715,2220,0,0,738669.545005853,0,0,0
98252.5457320577,40,2742.8,2738.2,2224,0,0,738669.545006316,0,0,0
98252.5857311241,40,2694.4,2748.4,2237.6,0,0,738669.545006779,0,0,0
98252.6257301905,40,2654.6,2761,2253.6,0,0,738669.545007242,0,0,0
98252.6657292569,40,2607.8,2796.2,2282.6,0,0,738669.545007705,0,0,0
98252.7057283233,40,2556.4,2867.6,2333.6,0,0,738669.545008168,0,0,0
98252.7457273897,40,2472,2931.4,2419,0,0,738669.545008631,0,0,0
98252.7857264561,40,2383.2,2966,2523.8,0,0,738669.545009094,0,0,0
98252.8257255225,40,2325.6,2959.4,2619,0,0,738669.545009557,0,0,0
98252.8657245889,40,2352,2945.6,2563.2,0,0,738669.54501002,0,0,0
98252.9057236553,40,2437.6,2937.2,2451,0,0,738669.545010483,0,0,0
98252.9457227217,40,2534.2,2865.2,2344.6,0,0,738669.545010946,0,0,0
98252.9857217881,40,2622,2769,2264.4,0,0,738669.545011409,0,0,0
98253.0257208545,40,2685,2710.2,2226.6,0,0,738669.545011872,0,0,0
98253.0657199209,40,2725,2693.8,2217.4,0,0,738669.545012335,0,0,0
98253.1057189873,40,2730.8,2716.6,2219.8,0,0,738669.545012798,0,0,0
98253.1457180537,40,2731.6,2755.6,2233.4,0,0,738669.545013261,0,0,0
98253.1857171201,40,2699.4,2758.4,2239.4,0,0,738669.545013724,0,0,0
98253.2257161865,40,2657.6,2787.2,2264,0,0,738669.545014187,0,0,0
98253.2657152529,40,2599.8,2843.8,2307.6,0,0,738669.545014649,0,0,0
98253.3057143193,40,2512.6,2904,2373.6,0,0,738669.545015112,0,0,0
98253.3457133857,40,2428.2,2946,2465.4,0,0,738669.545015575,0,0,0
98253.3857124521,40,2343.8,2938.2,2567.8,0,0,738669.545016038,0,0,0
98253.4257115185,40,2302.8,2849,2562.4,0,0,738669.545016501,0,0,0
98253.4657105849,40,2342.4,2788.8,2461.2,0,0,738669.545016964,0,0,0
98253.5057096513,40,2423.2,2766.2,2369.4,0,0,738669.545017427,0,0,0
98253.5457087177,40,2582.4,2771.8,2285.6,0,0,738669.54501789,0,0,0
98253.5857077841,40,2713.6,2721.8,2226.8,0,0,738669.545018353,0,0,0
98253.6257068505,40,2768,2663.6,2194,0,0,738669.545018816,0,0,0
98253.6657059169,40,2790,2664.8,2194.6,0,0,738669.545019279,0,0,0
98253.7057049833,40,2773,2668.2,2198,0,0,738669.545019742,0,0,0
98253.7457040497,40,2740.4,2694.2,2205.6,0,0,738669.545020205,0,0,0
98253.7857031161,40,2686,2712.8,2232,0,0,738669.545020668,0,0,0
98253.8257021825,40,2596,2727.2,2260.8,0,0,738669.545021131,0,0,0
98253.8657012489,40,2509,2780.8,2323.8,0,0,738669.545021594,0,0,0
98253.9057003153,40,2410.4,2819.6,2411.4,0,0,738669.545022057,0,0,0
98253.9456993817,40,2318,2820.6,2519.4,0,0,738669.54502252,0,0,0
98253.9856984481,40,2265,2761.2,2579.4,0,0,738669.545022983,0,0,0
98254.0256975145,40,2282.6,2748.8,2519,0,0,738669.545023446,0,0,0
98254.0656965809,40,2388,2815.6,2432.4,0,0,738669.545023908,0,0,0
98254.1056956473,40,2514,2832.8,2339.4,0,0,738669.545024371,0,0,0
98254.1456947137,40,2637.2,2763.8,2260.4,0,0,738669.545024834,0,0,0
98254.1856937801,40,2726.6,2683.2,2211.4,0,0,738669.545025297,0,0,0
98254.2256928465,40,2790.6,2631,2182.2,0,0,738669.54502576,0,0,0
98254.2656919129,40,2801.8,2627.8,2178.8,0,0,738669.545026223,0,0,0
98254.3056909793,40,2799,2655.6,2194.4,0,0,738669.545026686,0,0,0
98254.3456900457,40,2746.6,2672.4,2202.8,0,0,738669.545027149,0,0,0
98254.3856891121,40,2681,2721,2236.2,0,0,738669.545027612,0,0,0
98254.4256881785,40,2607.8,2800.2,2284.4,0,0,738669.545028075,0,0,0
98254.4656872449,40,2505.2,2866.8,2360,0,0,738669.545028538,0,0,0
98254.5056863113,40,2397.4,2873.6,2446.6,0,0,738669.545029001,0,0,0
98254.5456853777,40,2325.8,2817.6,2499.6,0,0,738669.545029464,0,0,0
98254.5856844441,40,2330.6,2761.4,2461.2,0,0,738669.545029927,0,0,0
98254.6256835105,40,2439,2819.8,2381,0,0,738669.54503039,0,0,0
98254.6656825769,40,2575.4,2786,2291.8,0,0,738669.545030853,0,0,0
98254.7056816433,40,2680.2,2692.8,2227,0,0,738669.545031316,0,0,0
98254.7456807097,40,2749.6,2615,2183.8,0,0,738669.545031779,0,0,0
98254.7856797761,40,2778.2,2580,2166.8,0,0,738669.545032242,0,0,0
98254.8256788425,40,2802.2,2607.4,2173,0,0,738669.545032705,0,0,0
98254.8656779089,40,2789.8,2671.2,2197.4,0,0,738669.545033168,0,0,0
98254.9056769753,40,2744.4,2716.6,2215,0,0,738669.54503363,0,0,0
98254.9456760417,40,2676,2775.4,2253.6,0,0,738669.545034093,0,0,0
98254.9856751081,40,2591.8,2857.8,2312.2,0,0,738669.545034556,0,0,0
98255.0256741745,40,2485.6,2925.2,2403,0,0,738669.545035019,0,0,0
98255.0656732409,40,2369.2,2900.8,2505,0,0,738669.545035482,0,0,0
98255.1056723073,40,2296,2834.6,2570.2,0,0,738669.545035945,0,0,0
98255.1456713737,40,2307.4,2755.8,2490.8,0,0,738669.545036408,0,0,0
98255.1856704401,40,2412.6,2815.6,2406,0,0,738669.545036871,0,0,0
98255.2256695065,40,2562.6,2819.6,2310.2,0,0,738669.545037334,0,0,0
98255.2656685729,40,2691.2,2760,2242.8,0,0,738669.545037797,0,0,0
98255.3056676393,40,2767.2,2704.2,2207.8,0,0,738669.54503826,0,0,0
98255.3456667057,40,2793.4,2656.4,2190.4,0,0,738669.545038723,0,0,0
98255.3856657721,40,2771.6,2650.8,2191,0,0,738669.545039186,0,0,0
98255.4256648385,40,2740.6,2697.6,2213,0,0,738669.545039649,0,0,0
98255.4656639049,40,2690.8,2728,2236.4,0,0,738669.545040112,0,0,0
98255.5056629713,40,2634,2795,2278.8,0,0,738669.545040575,0,0,0
98255.5456620377,40,2550,2867.8,2336.4,0,0,738669.545041038,0,0,0
98255.5856611041,40,2438.6,2885.6,2422.2,0,0,738669.545041501,0,0,0
98255.6256601705,40,2348.6,2878,2510.8,0,0,738669.545041964,0,0,0
98255.6656592369,40,2311.6,2787.8,2507.6,0,0,738669.545042427,0,0,0
98255.7056583033,40,2371.4,2773.6,2421.8,0,0,738669.54504289,0,0,0
98255.7456573697,40,2525.2,2836.2,2334.2,0,0,738669.545043353,0,0,0
98255.7856564361,40,2677.6,2753.4,2252.8,0,0,738669.545043815,0,0,0
98255.8256555025,40,2769.8,2648.2,2183.6,0,0,738669.545044278,0,0,0
98255.8656545689,40,2814.8,2570.8,2157.4,0,0,738669.545044741,0,0,0
98255.9056536353,40,2832,2547,2152.2,0,0,738669.545045204,0,0,0
98255.9456527017,40,2808.8,2562.2,2158.6,0,0,738669.545045667,0,0,0
98255.9856517681,40,2792.8,2595.8,2174.4,0,0,738669.54504613,0,0,0
98256.0256508345,40,2759.8,2634.2,2186.8,0,0,738669.545046593,0,0,0
98256.0656499009,40,2740.2,2700.8,2207.4,0,0,738669.545047056,0,0,0
98256.1056489673,40,2675.4,2789.4,2259.4,0,0,738669.545047519,0,0,0
98256.1456480337,40,2586.2,2881.4,2332,0,0,738669.545047982,0,0,0
98256.1856471001,40,2473.2,2961.2,2431.4,0,0,738669.545048445,0,0,0
98256.2256461665,40,2371.8,2965,2541,0,0,738669.545048908,0,0,0
98256.2656452329,40,2324.2,2860.2,2542.8,0,0,738669.545049371,0,0,0
98256.3056442993,40,2353.2,2764.8,2440.4,0,0,738669.545049834,0,0,0
98256.3456433657,40,2493.6,2834.6,2353,0,0,738669.545050297,0,0,0
98256.3856424321,40,2640.6,2822.2,2278.8,0,0,738669.54505076,0,0,0
98256.4256414985,40,2726.8,2726.2,2222,0,0,738669.545051223,0,0,0
98256.4656405649,40,2767.4,2651,2193.8,0,0,738669.545051686,0,0,0
98256.5056396313,40,2752.8,2615.4,2185.8,0,0,738669.545052149,0,0,0
98256.5456386977,40,2722.4,2637,2197.6,0,0,738669.545052612,0,0,0
98256.5856377641,40,2677.4,2696.4,2224,0,0,738669.545053074,0,0,0
98256.6256368305,40,2617.2,2739.8,2257.4,0,0,738669.545053537,0,0,0
98256.6656358969,40,2545.4,2815.8,2317.6,0,0,738669.545054,0,0,0
98256.7056349633,40,2449.4,2882.2,2404.4,0,0,738669.545054463,0,0,0
98256.7456340297,40,2350.6,2898,2526.6,0,0,738669.545054926,0,0,0
98256.7856330961,40,2276.4,2844.2,2621.2,0,0,738669.545055389,0,0,0
98256.8256321625,40,2288.2,2831,2583.8,0,0,738669.545055852,0,0,0
98256.8656312289,40,2352.8,2810.2,2470.4,0,0,738669.545056315,0,0,0
98256.9056302953,40,2416.4,2770.8,2375.2,0,0,738669.545056778,0,0,0
98256.9456293617,40,2496.6,2718.8,2301.4,0,0,738669.545057241,0,0,0
98256.9856284281,40,2587.8,2681.2,2246.2,0,0,738669.545057704,0,0,0
98257.0256274945,40,2638.8,2619.6,2211.4,0,0,738669.545058167,0,0,0
98257.0656265609,40,2704.8,2625.4,2196.6,0,0,738669.54505863,0,0,0
98257.1056256273,40,2732.4,2668.6,2207.4,0,0,738669.545059093,0,0,0
98257.1456246937,40,2732,2736.4,2228.6,0,0,738669.545059556,0,0,0
98257.1856237601,40,2699.4,2774,2246,0,0,738669.545060019,0,0,0
98257.2256228265,40,2635,2824,2284,0,0,738669.545060482,0,0,0
98257.2656218929,40,2555.4,2895.8,2345.6,0,0,738669.545060945,0,0,0
98257.3056209593,40,2459.6,2951.4,2437.6,0,0,738669.545061408,0,0,0
98257.3456200257,40,2366,2935.6,2535.4,0,0,738669.545061871,0,0,0
98257.3856190921,40,2305.6,2881.2,2593.2,0,0,738669.545062333,0,0,0
98257.4256181585,40,2323.6,2822.6,2514.2,0,0,738669.545062796,0,0,0
98257.4656172249,40,2382.6,2769.8,2406.8,0,0,738669.545063259,0,0,0
98257.5056162913,40,2480.8,2754.4,2325.2,0,0,738669.545063722,0,0,0
98257.5456153577,40,2587,2715.2,2260.6,0,0,738669.545064185,0,0,0
98257.5856144241,40,2683.6,2690.6,2223.8,0,0,738669.545064648,0,0,0
98257.6256134905,40,2734.2,2689.2,2212,0,0,738669.545065111,0,0,0
98257.6656125569,40,2740.6,2712.8,2220.8,0,0,738669.545065574,0,0,0
98257.7056116233,40,2725.2,2732.2,2225.8,0,0,738669.545066037,0,0,0
98257.7456106897,40,2683.8,2750.6,2242.6,0,0,738669.5450665,0,0,0
98257.7856097561,40,2616.2,2795,2276.6,0,0,738669.545066963,0,0,0
98257.8256088225,40,2514.2,2830.2,2340.8,0,0,738669.545067426,0,0,0
98257.8656078889,40,2404,2826,2415.2,0,0,738669.545067889,0,0,0
98257.9056069553,40,2325.8,2810.2,2503.4,0,0,738669.545068352,0,0,0
98257.9456060217,40,2298.2,2787.2,2534,0,0,738669.545068815,0,0,0
98257.9856050881,40,2354.6,2826.4,2476.8,0,0,738669.545069278,0,0,0
98258.0256041545,40,2441.6,2823.6,2382,0,0,738669.545069741,0,0,0
98258.0656032209,40,2547.4,2782.8,2304,0,0,738669.545070204,0,0,0
98258.1056022873,40,2640.8,2721.8,2245.4,0,0,738669.545070667,0,0,0
98258.1456013537,40,2713.2,2679.2,2214.4,0,0,738669.54507113,0,0,0
98258.1856004201,40,2737.6,2667.2,2200.6,0,0,738669.545071593,0,0,0
98258.2255994865,40,2732.6,2709,2216.6,0,0,738669.545072056,0,0,0
98258.2655985529,40,2702.6,2759.2,2244,0,0,738669.545072518,0,0,0
98258.3055976193,40,2670.8,2815.4,2267.4,0,0,738669.545072981,0,0,0
98258.3455966857,40,2593.2,2870.6,2316.6,0,0,738669.545073444,0,0,0
98258.3855957521,40,2499.2,2927.8,2394.8,0,0,738669.545073907,0,0,0
98258.4255948185,40,2396.6,2931.4,2489.6,0,0,738669.54507437,0,0,0
98258.4655938849,40,2315.6,2867.4,2568.2,0,0,738669.545074833,0,0,0
98258.5055929513,40,2292.6,2810.2,2565,0,0,738669.545075296,0,0,0
98258.5455920177,40,2317.2,2776.8,2489,0,0,738669.545075759,0,0,0
98258.5855910841,40,2410.6,2831.2,2421,0,0,738669.545076222,0,0,0
98258.6255901505,40,2505.6,2826.6,2343.4,0,0,738669.545076685,0,0,0
98258.6655892169,40,2605.6,2796.8,2285,0,0,738669.545077148,0,0,0
98258.7055882833,40,2677.6,2749.4,2247.6,0,0,738669.545077611,0,0,0
98258.7455873497,40,2724.2,2738,2227.6,0,0,738669.545078074,0,0,0
98258.7855864161,40,2719.2,2755.2,2234.2,0,0,738669.545078537,0,0,0
98258.8255854825,40,2692.4,2785.8,2252.4,0,0,738669.545079,0,0,0
98258.8655845489,40,2654.4,2810.4,2272,0,0,738669.545079463,0,0,0
98258.9055836153,40,2599.4,2833.8,2303.4,0,0,738669.545079926,0,0,0
98258.9455826817,40,2503.4,2847.4,2361.2,0,0,738669.545080389,0,0,0
98258.9855817481,40,2400,2831.8,2426,0,0,738669.545080852,0,0,0
98259.0255808145,40,2315.2,2801,2521,0,0,738669.545081315,0,0,0
98259.0655798809,40,2263.2,2784.4,2593.6,0,0,738669.545081777,0,0,0
98259.1055789473,40,2289.2,2820.8,2575.6,0,0,738669.54508224,0,0,0
98259.1455780137,40,2386.8,2889.8,2484.6,0,0,738669.545082703,0,0,0
98259.1855770801,40,2502,2900,2380.2,0,0,738669.545083166,0,0,0
98259.2255761465,40,2620.8,2844.8,2297.4,0,0,738669.545083629,0,0,0
98259.2655752129,40,2706.8,2761.2,2238.6,0,0,738669.545084092,0,0,0
98259.3055742793,40,2754.4,2702.2,2210.6,0,0,738669.545084555,0,0,0
98259.3455733457,40,2771.8,2694.2,2206,0,0,738669.545085018,0,0,0
98259.3855724121,40,2739.2,2700.2,2208,0,0,738669.545085481,0,0,0
98259.4255714785,40,2708.2,2712.8,2222.2,0,0,738669.545085944,0,0,0
98259.4655705449,40,2673.2,2746,2243.6,0,0,738669.545086407,0,0,0
98259.5055696113,40,2633.2,2804.2,2277.4,0,0,738669.54508687,0,0,0
98259.5455686777,40,2551.2,2867.4,2336,0,0,738669.545087333,0,0,0
98259.5855677441,40,2446,2898.4,2418.6,0,0,738669.545087796,0,0,0
98259.6255668105,40,2363.2,2900.8,2510.8,0,0,738669.545088259,0,0,0
98259.6655658769,40,2347.6,2891.6,2535.6,0,0,738669.545088722,0,0,0
98259.7055649433,40,2416.6,2886,2444.8,0,0,738669.545089185,0,0,0
98259.7455640097,40,2530.4,2830,2333.8,0,0,738669.545089648,0,0,0
98259.7855630761,40,2641.4,2727.2,2249.4,0,0,738669.545090111,0,0,0
98259.8255621425,40,2721.6,2622.6,2191.4,0,0,738669.545090574,0,0,0
98259.8655612089,40,2753,2561.4,2165.8,0,0,738669.545091037,0,0,0
98259.9055602753,40,2782.4,2558.4,2162.2,0,0,738669.545091499,0,0,0
98259.9455593417,40,2802.4,2593.4,2169.4,0,0,738669.545091962,0,0,0
98259.9855584081,40,2778.4,2621.2,2181.8,0,0,738669.545092425,0,0,0
98260.0255574745,40,2771,2654.8,2193.2,0,0,738669.545092888,0,0,0
98260.0655565409,40,2715,2701.8,2218.4,0,0,738669.545093351,0,0,0
98260.1055556073,40,2655.4,2783.4,2265.4,0,0,738669.545093814,0,0,0
98260.1455546737,40,2547.4,2844.6,2333.2,0,0,738669.545094277,0,0,0
98260.1855537401,40,2438.4,2863.4,2411.6,0,0,738669.54509474,0,0,0
98260.2255528065,40,2357.6,2858,2486.4,0,0,738669.545095203,0,0,0
98260.2655518729,40,2368.4,2854.6,2475,0,0,738669.545095666,0,0,0
98260.3055509393,40,2457.2,2844.6,2382.2,0,0,738669.545096129,0,0,0
98260.3455500057,40,2581,2774.6,2280.8,0,0,738669.545096592,0,0,0
98260.3855490721,40,2678.6,2670.4,2219.6,0,0,738669.545097055,0,0,0
98260.4255481385,40,2741.2,2615.6,2186,0,0,738669.545097518,0,0,0
98260.4655472049,40,2787.4,2604,2170.2,0,0,738669.545097981,0,0,0
98260.5055462713,40,2794.8,2618,2171.8,0,0,738669.545098444,0,0,0
98260.5455453377,40,2785,2646,2187,0,0,738669.545098907,0,0,0
98260.5855444041,40,2762.4,2662.2,2197.2,0,0,738669.54509937,0,0,0
98260.6255434705,40,2712.4,2677.4,2213.2,0,0,738669.545099833,0,0,0
98260.6655425369,40,2660.4,2743.6,2251,0,0,738669.545100296,0,0,0
98260.7055416033,40,2569.8,2815.2,2309.2,0,0,738669.545100759,0,0,0
98260.7455406697,40,2469.2,2877,2389.4,0,0,738669.545101222,0,0,0
98260.7855397361,40,2384.2,2928.8,2495.8,0,0,738669.545101684,0,0,0
98260.8255388025,40,2313.6,2899,2594.6,0,0,738669.545102147,0,0,0
98260.8655378689,40,2306.6,2890.2,2596.6,0,0,738669.54510261,0,0,0
98260.9055369353,40,2374,2883.8,2487.8,0,0,738669.545103073,0,0,0
98260.9455360017,40,2469.6,2841.2,2372.8,0,0,738669.545103536,0,0,0
98260.9855350681,40,2569.6,2754.6,2285.6,0,0,738669.545103999,0,0,0
98261.0255341345,40,2659.2,2669.4,2220.8,0,0,738669.545104462,0,0,0
98261.0655332009,40,2709,2603.8,2191.2,0,0,738669.545104925,0,0,0
98261.1055322673,40,2753.6,2594.2,2180,0,0,738669.545105388,0,0,0
98261.1455313337,40,2752.8,2610.8,2180.6,0,0,738669.545105851,0,0,0
98261.1855304001,40,2767.8,2642.8,2189.8,0,0,738669.545106314,0,0,0
98261.2255294665,40,2757.2,2679.2,2201.4,0,0,738669.545106777,0,0,0
98261.2655285329,40,2727.4,2737.8,2229.4,0,0,738669.54510724,0,0,0
98261.3055275993,40,2671.2,2819,2270.4,0,0,738669.545107703,0,0,0
98261.3455266657,40,2569.8,2881.2,2335.2,0,0,738669.545108166,0,0,0
98261.3855257321,40,2462.6,2917.4,2415.6,0,0,738669.545108629,0,0,0
98261.4255247985,40,2376.2,2910.2,2502.4,0,0,738669.545109092,0,0,0
98261.4655238649,40,2340,2868.4,2516.4,0,0,738669.545109555,0,0,0
98261.5055229313,40,2399,2851.4,2443.8,0,0,738669.545110018,0,0,0
98261.5455219977,40,2482.2,2813.2,2355.8,0,0,738669.545110481,0,0,0
98261.5855210641,40,2573.6,2731.4,2274,0,0,738669.545110943,0,0,0
98261.6255201305,40,2643.6,2627,2211.2,0,0,738669.545111406,0,0,0
98261.6655191969,40,2683.4,2544.8,2172.8,0,0,738669.545111869,0,0,0
98261.7055182633,40,2721.2,2515.4,2154.6,0,0,738669.545112332,0,0,0
98261.7455173297,40,2729.4,2514,2158.4,0,0,738669.545112795,0,0,0
98261.7855163961,40,2741,2557.6,2167.4,0,0,738669.545113258,0,0,0
98261.8255154625,40,2737.6,2603,2182.8,0,0,738669.545113721,0,0,0
98261.8655145289,40,2717,2661.8,2206.4,0,0,738669.545114184,0,0,0
98261.9055135953,40,2666.6,2744.4,2248.2,0,0,738669.545114647,0,0,0
98261.9455126617,40,2595.2,2843,2307.4,0,0,738669.54511511,0,0,0
98261.9855117281,40,2496.4,2928.8,2401.4,0,0,738669.545115573,0,0,0
98262.0255107945,40,2393.2,2958.6,2509.8,0,0,738669.545116036,0,0,0
98262.0655098609,40,2306.4,2927.6,2633,0,0,738669.545116499,0,0,0
98262.1055089273,40,2256.2,2852.8,2694.8,0,0,738669.545116962,0,0,0
98262.1455079937,40,2247.6,2820,2677.6,0,0,738669.545117425,0,0,0
98262.1855070601,40,2273.6,2797.6,2592.6,0,0,738669.545117888,0,0,0
98262.2255061265,40,2314.4,2776.8,2499,0,0,738669.545118351,0,0,0
98262.2655051929,40,2397.4,2807.4,2412.6,0,0,738669.545118814,0,0,0
98262.3055042593,40,2503.6,2831,2344.6,0,0,738669.545119277,0,0,0
98262.3455033257,40,2608.8,2797.4,2283,0,0,738669.54511974,0,0,0
98262.3855023921,40,2691.8,2751.2,2237.8,0,0,738669.545120203,0,0,0
98262.4255014585,40,2752,2696.8,2212.6,0,0,738669.545120665,0,0,0
98262.4655005249,40,2771.8,2653.8,2189.4,0,0,738669.545121128,0,0,0
98262.5054995913,40,2786.2,2629.8,2182.2,0,0,738669.545121591,0,0,0
98262.5454986577,40,2781.6,2627.4,2182.2,0,0,738669.545122054,0,0,0
98262.5854977241,40,2759.8,2635.4,2191.8,0,0,738669.545122517,0,0,0
98262.6254967905,40,2751.8,2659,2197.2,0,0,738669.54512298,0,0,0
98262.6654958569,40,2722.4,2652,2203.8,0,0,738669.545123443,0,0,0
98262.7054949233,40,2692.8,2635.8,2201.2,0,0,738669.545123906,0,0,0
98262.7454939897,40,2663.4,2626.4,2205,0,0,738669.545124369,0,0,0
98262.7854930561,40,2643.8,2623.2,2208.6,0,0,738669.545124832,0,0,0
98262.8254921225,40,2621.2,2613.2,2208.8,0,0,738669.545125295,0,0,0
98262.8654911889,40,2629.2,2628.8,2216.6,0,0,738669.545125758,0,0,0
98262.9054902553,40,2625.6,2635.2,2218.2,0,0,738669.545126221,0,0,0
98262.9454893217,40,2650.2,2662.2,2224.6,0,0,738669.545126684,0,0,0
98262.9854883881,40,2664.6,2679.8,2227.2,0,0,738669.545127147,0,0,0
98263.0254874545,40,2663.4,2690.4,2225.2,0,0,738669.54512761,0,0,0
98263.0654865209,40,2658.8,2695.8,2230.4,0,0,738669.545128073,0,0,0
98263.1054855873,40,2645.4,2695,2234,0,0,738669.545128536,0,0,0
98263.1454846537,40,2631.8,2689.6,2237,0,0,738669.545128999,0,0,0
98263.1854837201,40,2610.2,2682.2,2240.6,0,0,738669.545129462,0,0,0
98263.2254827865,40,2597.4,2677,2243,0,0,738669.545129925,0,0,0
98263.2654818529,40,2577.6,2672,2245.4,0,0,738669.545130388,0,0,0
98263.3054809193,40,2574.2,2677.6,2248.4,0,0,738669.54513085,0,0,0
98263.3454799857,40,2577.6,2687.6,2254.6,0,0,738669.545131313,0,0,0
98263.3854790521,40,2590.8,2711.6,2257,0,0,738669.545131776,0,0,0
98263.4254781185,40,2599,2728.8,2262.6,0,0,738669.545132239,0,0,0
98263.4654771849,40,2605.4,2752.6,2266,0,0,738669.545132702,0,0,0
98263.5054762513,40,2600.4,2752.8,2271,0,0,738669.545133165,0,0,0
98263.5454753177,40,2604.2,2772.4,2280.8,0,0,738669.545133628,0,0,0
98263.5854743841,40,2596,2774.4,2277,0,0,738669.545134091,0,0,0
98263.6254734505,40,2590.4,2776.6,2283.8,0,0,738669.545134554,0,0,0
98263.6654725169,40,2583,2778.8,2283.6,0,0,738669.545135017,0,0,0
98263.7054715833,40,2565.6,2771.2,2288.4,0,0,738669.54513548,0,0,0
98263.7454706497,40,2553.2,2764.2,2294.2,0,0,738669.545135943,0,0,0
98263.7854697161,40,2544,2762.2,2297.6,0,0,738669.545136406,0,0,0
98263.8254687825,40,2535.8,2761.4,2302,0,0,738669.545136869,0,0,0
98263.8654678489,40,2533,2769,2304.2,0,0,738669.545137332,0,0,0
98263.9054669153,40,2532.6,2776.8,2309.4,0,0,738669.545137795,0,0,0
98263.9454659817,40,2529.6,2792.8,2310,0,0,738669.545138258,0,0,0
98263.9854650481,40,2535.2,2803.8,2322.4,0,0,738669.545138721,0,0,0
98264.0254641145,40,2532.4,2814.8,2322.4,0,0,738669.545139184,0,0,0
98264.0654631809,40,2529,2821.6,2326.8,0,0,738669.545139647,0,0,0
98264.1054622473,40,2524.8,2826.2,2333,0,0,738669.545140109,0,0,0
98264.1454613137,40,2520.8,2830,2338.2,0,0,738669.545140572,0,0,0
98264.1854603801,40,2512.8,2835.6,2340.4,0,0,738669.545141035,0,0,0
98264.2254594465,40,2511.2,2836.2,2345.2,0,0,738669.545141498,0,0,0
98264.2654585129,40,2504.8,2837.4,2349.6,0,0,738669.545141961,0,0,0
98264.3054575793,40,2505.2,2832.8,2344.8,0,0,738669.545142424,0,0,0
98264.3454566457,40,2527.2,2824.2,2331.2,0,0,738669.545142887,0,0,0
98264.3854557121,40,2574.2,2806,2304.2,0,0,738669.54514335,0,0,0
98264.4254547785,40,2638.6,2779.2,2270.2,0,0,738669.545143813,0,0,0
98264.4654538449,40,2684.6,2742.2,2240.8,0,0,738669.545144276,0,0,0
98264.5054529113,40,2711.4,2719,2225,0,0,738669.545144739,0,0,0
98264.5454519777,40,2711.4,2728.6,2227.8,0,0,738669.545145202,0,0,0
98264.5854510441,40,2691.2,2755.6,2244.8,0,0,738669.545145665,0,0,0
98264.6254501105,40,2657.4,2772,2259,0,0,738669.545146128,0,0,0
98264.6654491769,40,2607.8,2792.2,2283.8,0,0,738669.545146591,0,0,0
98264.7054482433,40,2522.6,2795.8,2324.6,0,0,738669.545147054,0,0,0
98264.7454473097,40,2427.6,2775.6,2374,0,0,738669.545147517,0,0,0
98264.7854463761,40,2375.8,2808.8,2438.2,0,0,738669.54514798,0,0,0
98264.8254454425,40,2361.8,2867.6,2490.8,0,0,738669.545148443,0,0,0
98264.8654445089,40,2423.4,2923.8,2455.4,0,0,738669.545148906,0,0,0
98264.9054435753,40,2538.6,2908.6,2363.8,0,0,738669.545149368,0,0,0
98264.9454426417,40,2658.6,2807.4,2270.4,0,0,738669.545149831,0,0,0
98264.9854417081,40,2743.8,2678.8,2206.2,0,0,738669.545150294,0,0,0
98265.0254407745,40,2707,2578.8,2177.6,0,0,738669.545150757,0,0,0
98265.0654398409,40,2630,2527.2,2177.4,0,0,738669.54515122,0,0,0
98265.1054389073,40,2656.6,2555.4,2179.2,0,0,738669.545151683,0,0,0
98265.1454379737,40,2694.2,2618.8,2197.4,0,0,738669.545152146,0,0,0
98265.1854370401,40,2711.4,2675.4,2211.2,0,0,738669.545152609,0,0,0
98265.2254361065,40,2725.6,2753.6,2235.6,0,0,738669.545153072,0,0,0
98265.2654351729,40,2682.4,2810,2263,0,0,738669.545153535,0,0,0
98265.3054342393,40,2600,2861.8,2310.6,0,0,738669.545153998,0,0,0
98265.3454333057,40,2508.8,2899.4,2371.4,0,0,738669.545154461,0,0,0
98265.3854323721,40,2427.4,2910.4,2446,0,0,738669.545154924,0,0,0
98265.4254314385,40,2368.4,2863.4,2477.6,0,0,738669.545155387,0,0,0
98265.4654305049,40,2379.6,2811.8,2444.8,0,0,738669.54515585,0,0,0
98265.5054295713,40,2413.2,2766.2,2378.2,0,0,738669.545156313,0,0,0
98265.5454286377,40,2496.2,2763,2321.4,0,0,738669.545156776,0,0,0
98265.5854277041,40,2578,2730,2271,0,0,738669.545157239,0,0,0
98265.6254267705,40,2651.4,2692.8,2235.8,0,0,738669.545157702,0,0,0
98265.6654258369,40,2693.8,2657.2,2211.2,0,0,738669.545158165,0,0,0
98265.7054249033,40,2732.4,2666.8,2203.8,0,0,738669.545158628,0,0,0
98265.7454239697,40,2728.6,2698.8,2212.4,0,0,738669.545159091,0,0,0
98265.7854230361,40,2706.6,2722.6,2225.6,0,0,738669.545159553,0,0,0
98265.8254221025,40,2659.8,2747,2251.2,0,0,738669.545160016,0,0,0
98265.8654211689,40,2595.6,2816,2293.2,0,0,738669.545160479,0,0,0
98265.9054202353,40,2508.8,2864,2358.8,0,0,738669.545160942,0,0,0
98265.9454193017,40,2409.8,2849.6,2423.2,0,0,738669.545161405,0,0,0
98265.9854183681,40,2352.8,2820.6,2477,0,0,738669.545161868,0,0,0
98266.0254174345,40,2368,2815.4,2455,0,0,738669.545162331,0,0,0
98266.0654165009,40,2464.4,2814.6,2364.8,0,0,738669.545162794,0,0,0
98266.1054155673,40,2602,2766.8,2277.2,0,0,738669.545163257,0,0,0
98266.1454146337,40,2715.2,2668.8,2207.4,0,0,738669.54516372,0,0,0
98266.1854137002,40,2755.4,2602.8,2176.2,0,0,738669.545164183,0,0,0
98266.2254127665,40,2781.4,2615.2,2177.2,0,0,738669.545164646,0,0,0
98266.2654118329,40,2767,2636.8,2187,0,0,738669.545165109,0,0,0
98266.3054108993,40,2754.8,2656,2197.2,0,0,738669.545165572,0,0,0
98266.3454099657,40,2727.6,2682.2,2207.2,0,0,738669.545166035,0,0,0
98266.3854090321,40,2685.2,2733.8,2237,0,0,738669.545166498,0,0,0
98266.4254080985,40,2619,2799.8,2283.4,0,0,738669.545166961,0,0,0
98266.4654071649,40,2524.8,2846.2,2339,0,0,738669.545167424,0,0,0
98266.5054062313,40,2429,2881.6,2421.2,0,0,738669.545167887,0,0,0
98266.5454052977,40,2338.2,2865.4,2525,0,0,738669.54516835,0,0,0
98266.5854043641,40,2272.2,2824.4,2615,0,0,738669.545168813,0,0,0
98266.6254034305,40,2275.8,2838,2616.8,0,0,738669.545169275,0,0,0
98266.6654024969,40,2346.6,2891.2,2527.4,0,0,738669.545169738,0,0,0
98266.7054015633,40,2455.4,2914.2,2418.8,0,0,738669.545170201,0,0,0
98266.7454006297,40,2582.2,2859,2316.6,0,0,738669.545170664,0,0,0
98266.7853996961,40,2676,2762,2251.4,0,0,738669.545171127,0,0,0
98266.8253987625,40,2704,2682.4,2218.4,0,0,738669.54517159,0,0,0
98266.8653978289,40,2709,2666,2211,0,0,738669.545172053,0,0,0
98266.9053968953,40,2702.8,2681.6,2215.8,0,0,738669.545172516,0,0,0
98266.9453959617,40,2665.4,2678.6,2223.2,0,0,738669.545172979,0,0,0
98266.9853950281,40,2631.6,2700.2,2238,0,0,738669.545173442,0,0,0
98267.0253940945,40,2582.8,2736.4,2270.8,0,0,738669.545173905,0,0,0
98267.0653931609,40,2518.4,2807.2,2327.6,0,0,738669.545174368,0,0,0
98267.1053922273,40,2449,2867,2401.2,0,0,738669.545174831,0,0,0
98267.1453912937,40,2364.2,2895.2,2501,0,0,738669.545175294,0,0,0
98267.1853903601,40,2304.2,2876.6,2594.2,0,0,738669.545175757,0,0,0
98267.2253894265,40,2307.4,2890.2,2595.4,0,0,738669.54517622,0,0,0
98267.2653884929,40,2390.4,2920.8,2497,0,0,738669.545176683,0,0,0
98267.3053875593,40,2512,2896.2,2377.2,0,0,738669.545177146,0,0,0
98267.3453866257,40,2630.6,2807,2281.2,0,0,738669.545177609,0,0,0
98267.3853856921,40,2672,2704,2230.2,0,0,738669.545178072,0,0,0
98267.4253847585,40,2673.8,2655.6,2211,0,0,738669.545178534,0,0,0
98267.4653838249,40,2667,2654,2211.4,0,0,738669.545178997,0,0,0
98267.5053828913,40,2636.8,2657.8,2221.8,0,0,738669.54517946,0,0,0
98267.5453819577,40,2620.2,2668.6,2233.2,0,0,738669.545179923,0,0,0
98267.5853810241,40,2586,2692.2,2251.2,0,0,738669.545180386,0,0,0
98267.6253800905,40,2568,2765.2,2285,0,0,738669.545180849,0,0,0
98267.6653791569,40,2521.4,2866.2,2351.8,0,0,738669.545181312,0,0,0
98267.7053782233,40,2450.6,2942.2,2436.4,0,0,738669.545181775,0,0,0
98267.7453772897,40,2361,2965.8,2557.4,0,0,738669.545182238,0,0,0
98267.7853763561,40,2283.2,2914.6,2685,0,0,738669.545182701,0,0,0
98267.8253754225,40,2239.4,2857.4,2754,0,0,738669.545183164,0,0,0
98267.8653744889,40,2269.4,2870,2663.8,0,0,738669.545183627,0,0,0
98267.9053735553,40,2354.8,2918.6,2534.2,0,0,738669.54518409,0,0,0
98267.9453726217,40,2449.6,2872,2402.4,0,0,738669.545184553,0,0,0
98267.9853716881,40,2537.6,2769.6,2305.2,0,0,738669.545185016,0,0,0
98268.0253707545,40,2570.4,2667.6,2249.2,0,0,738669.545185479,0,0,0
98268.0653698209,40,2595.2,2635.4,2231.4,0,0,738669.545185942,0,0,0
98268.1053688873,40,2619.8,2653.6,2228.6,0,0,738669.545186405,0,0,0
98268.1453679537,40,2633.8,2694.4,2234.6,0,0,738669.545186868,0,0,0
98268.1853670201,40,2651.2,2732.8,2248.4,0,0,738669.545187331,0,0,0
98268.2253660865,40,2643.2,2776.6,2267.6,0,0,738669.545187794,0,0,0
98268.2653651529,40,2600.2,2839.8,2301.6,0,0,738669.545188257,0,0,0
98268.3053642193,40,2526.8,2912.2,2367.8,0,0,738669.545188719,0,0,0
98268.3453632857,40,2437.6,2964.2,2466.8,0,0,738669.545189182,0,0,0
98268.3853623521,40,2343,2961.2,2584,0,0,738669.545189645,0,0,0
98268.4253614185,40,2267.2,2894,2691.4,0,0,738669.545190108,0,0,0
98268.4653604849,40,2237.6,2840,2739,0,0,738669.545190571,0,0,0
98268.5053595513,40,2268,2866.6,2672.8,0,0,738669.545191034,0,0,0
98268.5453586177,40,2340.8,2915.4,2561.2,0,0,738669.545191497,0,0,0
98268.5853576841,40,2456.8,2951.4,2437.4,0,0,738669.54519196,0,0,0
98268.6253567505,40,2566.2,2861.8,2329.8,0,0,738669.545192423,0,0,0
98268.6653558169,40,2660.4,2785,2260.6,0,0,738669.545192886,0,0,0
98268.7053548833,40,2707.2,2724.2,2229.2,0,0,738669.545193349,0,0,0
98268.7453539497,40,2697.6,2686.2,2216.4,0,0,738669.545193812,0,0,0
98268.7853530161,40,2706.2,2716.2,2226,0,0,738669.545194275,0,0,0
98268.8253520825,40,2660.4,2730.2,2242,0,0,738669.545194738,0,0,0
98268.8653511489,40,2628.4,2749.8,2261.4,0,0,738669.545195201,0,0,0
98268.9053502153,40,2574.8,2776,2291.2,0,0,738669.545195664,0,0,0
98268.9453492817,40,2510.2,2818.4,2338.6,0,0,738669.545196127,0,0,0
98268.9853483481,40,2439.6,2853.6,2404.6,0,0,738669.54519659,0,0,0
98269.0253474145,40,2369.2,2860.4,2471.6,0,0,738669.545197053,0,0,0
98269.0653464809,40,2327.4,2859.2,2537,0,0,738669.545197516,0,0,0
98269.1053455473,40,2308.4,2853,2561,0,0,738669.545197978,0,0,0
98269.1453446137,40,2333.6,2863.4,2528.8,0,0,738669.545198441,0,0,0
98269.1853436801,40,2380.8,2868.2,2463.4,0,0,738669.545198904,0,0,0
98269.2253427465,40,2439.4,2849.6,2400.4,0,0,738669.545199367,0,0,0
98269.2653418129,40,2492.8,2812.4,2343,0,0,738669.54519983,0,0,0
98269.3053408793,40,2535.6,2774.2,2304.2,0,0,738669.545200293,0,0,0
98269.3453399457,40,2568.2,2748.4,2278.2,0,0,738669.545200756,0,0,0
98269.3853390121,40,2597,2742.2,2269.6,0,0,738669.545201219,0,0,0
98269.4253380785,40,2598.6,2742.4,2269.2,0,0,738669.545201682,0,0,0
98269.4653371449,40,2591,2755.2,2278.6,0,0,738669.545202145,0,0,0
