164556.532160894,40,2118,2468.4,2875.6,0,0,738674.263718544,0,0,0
164556.572159961,40,2118,2469.6,2873,0,0,738674.263719007,0,0,0
164556.612159027,40,2116.2,2471,2873,0,0,738674.26371947,0,0,0
164556.652158093,40,2122.4,2470.8,2874.4,0,0,738674.263719933,0,0,0
164556.69215716,40,2116.2,2469.6,2874.4,0,0,738674.263720396,0,0,0
164556.732156226,40,2118.4,2470.8,2879.2,0,0,738674.263720859,0,0,0
164556.772155293,40,2120.4,2474,2883.8,0,0,738674.263721321,0,0,0
164556.812154359,40,2120.8,2474.4,2893.4,0,0,738674.263721784,0,0,0
164556.852153425,40,2121.2,2473.8,2892.4,0,0,738674.263722247,0,0,0
164556.892152492,40,2117.2,2476.8,2891.4,0,0,738674.26372271,0,0,0
164556.932151558,40,2117.8,2469.4,2895,0,0,738674.263723173,0,0,0
164556.972150625,40,2119.6,2476.2,2892,0,0,738674.263723636,0,0,0
164557.012149691,40,2116,2470.8,2890.4,0,0,738674.263724099,0,0,0
164557.052148757,40,2118,2475.4,2894,0,0,738674.263724562,0,0,0
164557.092147824,40,2121.4,2482.4,2903,0,0,738674.263725025,0,0,0
164557.13214689,40,2122,2488.8,2901.2,0,0,738674.263725488,0,0,0
164557.172145957,40,2130.6,2517.6,2881.8,0,0,738674.263725951,0,0,0
164557.212145023,40,2149.4,2559,2855,0,0,738674.263726414,0,0,0
164557.252144089,40,2176.8,2615.2,2813.2,0,0,738674.263726877,0,0,0
164557.292143156,40,2216.2,2674.8,2741.6,0,0,738674.26372734,0,0,0
164557.332142222,40,2274.8,2773.4,2668.8,0,0,738674.263727803,0,0,0
164557.372141289,40,2366.4,2859,2564.8,0,0,738674.263728266,0,0,0
164557.412140355,40,2475.4,2895.2,2453,0,0,738674.263728729,0,0,0
164557.452139421,40,2603,2865.4,2358.8,0,0,738674.263729192,0,0,0
164557.492138488,40,2713,2793.8,2286,0,0,738674.263729655,0,0,0
164557.532137554,40,2813.4,2715.2,2233,0,0,738674.263730118,0,0,0
164557.572136621,40,2873.4,2655.8,2198.8,0,0,738674.263730581,0,0,0
164557.612135687,40,2906.6,2644,2193,0,0,738674.263731044,0,0,0
164557.652134753,40,2914.2,2683,2202.2,0,0,738674.263731506,0,0,0
164557.69213382,40,2913.6,2740.4,2223.2,0,0,738674.263731969,0,0,0
164557.732132886,40,2871.4,2818,2252.8,0,0,738674.263732432,0,0,0
164557.772131953,40,2797,2896.6,2302,0,0,738674.263732895,0,0,0
164557.812131019,40,2680.4,2979,2372.4,0,0,738674.263733358,0,0,0
164557.852130085,40,2535.2,3002.2,2467.8,0,0,738674.263733821,0,0,0
164557.892129152,40,2408.6,2965.2,2576.6,0,0,738674.263734284,0,0,0
164557.932128218,40,2307.6,2859.6,2680.6,0,0,738674.263734747,0,0,0
164557.972127285,40,2239,2744.2,2760.8,0,0,738674.26373521,0,0,0
164558.012126351,40,2194.6,2658.2,2803,0,0,738674.263735673,0,0,0
164558.052125417,40,2175.2,2610.4,2819.8,0,0,738674.263736136,0,0,0
164558.092124484,40,2175.6,2624.6,2834,0,0,738674.263736599,0,0,0
164558.13212355,40,2195.8,2688,2838.2,0,0,738674.263737062,0,0,0
164558.172122617,40,2231.8,2774.4,2805.4,0,0,738674.263737525,0,0,0
164558.212121683,40,2300.2,2895.8,2735,0,0,738674.263737988,0,0,0
164558.252120749,40,2400,2981.2,2611.4,0,0,738674.263738451,0,0,0
164558.292119816,40,2526,2999.8,2476.6,0,0,738674.263738914,0,0,0
164558.332118882,40,2655,2933.6,2366.4,0,0,738674.263739377,0,0,0
164558.372117949,40,2763,2834.6,2286.2,0,0,738674.26373984,0,0,0
164558.412117015,40,2849.8,2737.2,2234.6,0,0,738674.263740303,0,0,0
164558.452116081,40,2899,2660.8,2198.6,0,0,738674.263740766,0,0,0
164558.492115148,40,2925.2,2625.2,2183.8,0,0,738674.263741228,0,0,0
164558.532114214,40,2920.8,2640.2,2184.2,0,0,738674.263741691,0,0,0
164558.572113281,40,2898.4,2712.6,2212.4,0,0,738674.263742154,0,0,0
164558.612112347,40,2830.8,2792.2,2250.6,0,0,738674.263742617,0,0,0
164558.652111413,40,2738,2899,2319.8,0,0,738674.26374308,0,0,0
164558.69211048,40,2600.6,2991,2417.2,0,0,738674.263743543,0,0,0
164558.732109546,40,2454.2,3006.2,2550.2,0,0,738674.263744006,0,0,0
164558.772108613,40,2329.2,2928.8,2693.4,0,0,738674.263744469,0,0,0
164558.812107679,40,2247.2,2789.6,2791.2,0,0,738674.263744932,0,0,0
164558.852106745,40,2191.6,2666.6,2827.8,0,0,738674.263745395,0,0,0
164558.892105812,40,2168,2608,2823,0,0,738674.263745858,0,0,0
164558.932104878,40,2173.2,2596.6,2798.8,0,0,738674.263746321,0,0,0
164558.972103945,40,2195.6,2649,2781,0,0,738674.263746784,0,0,0
164559.012103011,40,2236.8,2716.2,2720.4,0,0,738674.263747247,0,0,0
164559.052102077,40,2313.4,2843.8,2659.6,0,0,738674.26374771,0,0,0
164559.092101144,40,2421.4,2922.2,2531.4,0,0,738674.263748173,0,0,0
164559.13210021,40,2573,2917.8,2400.8,0,0,738674.263748636,0,0,0
164559.172099277,40,2724.6,2838.2,2301.6,0,0,738674.263749099,0,0,0
164559.212098343,40,2852.4,2730,2228,0,0,738674.263749562,0,0,0
164559.252097409,40,2928,2628.2,2183,0,0,738674.263750025,0,0,0
164559.292096476,40,2968,2570.4,2158,0,0,738674.263750487,0,0,0
164559.332095542,40,2986.4,2585,2160.4,0,0,738674.26375095,0,0,0
164559.372094609,40,2975.4,2625,2179.2,0,0,738674.263751413,0,0,0
164559.412093675,40,2941.4,2677.2,2195,0,0,738674.263751876,0,0,0
164559.452092741,40,2864.4,2750.2,2231,0,0,738674.263752339,0,0,0
164559.492091808,40,2784.8,2844.8,2287.2,0,0,738674.263752802,0,0,0
164559.532090874,40,2653.6,2901.6,2352.8,0,0,738674.263753265,0,0,0
164559.572089941,40,2519.4,2918.4,2437.4,0,0,738674.263753728,0,0,0
164559.612089007,40,2414.8,2911,2537,0,0,738674.263754191,0,0,0
164559.652088073,40,2331.6,2862.8,2636.4,0,0,738674.263754654,0,0,0
164559.69208714,40,2276.6,2817.8,2713.4,0,0,738674.263755117,0,0,0
164559.732086206,40,2253.2,2792,2758.6,0,0,738674.26375558,0,0,0
164559.772085273,40,2257.6,2808.4,2763.6,0,0,738674.263756043,0,0,0
164559.812084339,40,2281,2840.4,2721.8,0,0,738674.263756506,0,0,0
164559.852083405,40,2325.4,2887,2667.4,0,0,738674.263756969,0,0,0
164559.892082472,40,2389.8,2927.6,2582.2,0,0,738674.263757432,0,0,0
164559.932081538,40,2476,2940.2,2485.8,0,0,738674.263757895,0,0,0
164559.972080605,40,2577.8,2917,2399,0,0,738674.263758358,0,0,0
164560.012079671,40,2668.4,2829.4,2318.8,0,0,738674.263758821,0,0,0
164560.052078737,40,2765,2771,2266.8,0,0,738674.263759284,0,0,0
164560.092077804,40,2844.2,2714.6,2221.6,0,0,738674.263759747,0,0,0
164560.13207687,40,2889,2667.8,2197.6,0,0,738674.26376021,0,0,0
164560.172075937,40,2912.6,2666.2,2199,0,0,738674.263760672,0,0,0
164560.212075003,40,2896.6,2710.2,2208.6,0,0,738674.263761135,0,0,0
164560.252074069,40,2890.2,2770,2236.6,0,0,738674.263761598,0,0,0
164560.292073136,40,2836.6,2849.8,2271,0,0,738674.263762061,0,0,0
164560.332072202,40,2748.8,2916.4,2321.4,0,0,738674.263762524,0,0,0
164560.372071269,40,2645,2995.4,2400.2,0,0,738674.263762987,0,0,0
164560.412070335,40,2509.6,2996.4,2491.2,0,0,738674.26376345,0,0,0
164560.452069401,40,2400.2,2947.6,2584,0,0,738674.263763913,0,0,0
164560.492068468,40,2320.6,2883.8,2675.6,0,0,738674.263764376,0,0,0
164560.532067534,40,2270.2,2806,2738.2,0,0,738674.263764839,0,0,0
164560.572066601,40,2237.6,2744.8,2747.4,0,0,738674.263765302,0,0,0
164560.612065667,40,2239.6,2742.6,2751.6,0,0,738674.263765765,0,0,0
164560.652064733,40,2254.8,2759.8,2721.6,0,0,738674.263766228,0,0,0
164560.6920638,40,2281,2795.8,2681,0,0,738674.263766691,0,0,0
164560.732062866,40,2336.4,2855.4,2619.4,0,0,738674.263767154,0,0,0
164560.772061933,40,2408.8,2879.4,2521.4,0,0,738674.263767617,0,0,0
164560.812060999,40,2499.4,2880.8,2430.2,0,0,738674.26376808,0,0,0
164560.852060065,40,2581,2817,2348.8,0,0,738674.263768543,0,0,0
164560.892059132,40,2666.6,2763.4,2290,0,0,738674.263769006,0,0,0
164560.932058198,40,2738.2,2705,2245.2,0,0,738674.263769469,0,0,0
164560.972057265,40,2790.2,2661.2,2224,0,0,738674.263769932,0,0,0
164561.012056331,40,2827.4,2647.8,2205.2,0,0,738674.263770394,0,0,0
164561.052055397,40,2845.6,2663,2205.8,0,0,738674.263770857,0,0,0
164561.092054464,40,2872.4,2740.2,2229.6,0,0,738674.26377132,0,0,0
164561.13205353,40,2852.2,2826.8,2263.6,0,0,738674.263771783,0,0,0
164561.172052597,40,2758.2,2912.8,2315.8,0,0,738674.263772246,0,0,0
164561.212051663,40,2644.8,2988.4,2395.2,0,0,738674.263772709,0,0,0
164561.252050729,40,2499.2,2995.2,2493.4,0,0,738674.263773172,0,0,0
164561.292049796,40,2378.4,2914,2594.4,0,0,738674.263773635,0,0,0
164561.332048862,40,2288.6,2798.8,2659,0,0,738674.263774098,0,0,0
164561.372047929,40,2243.6,2722.4,2706.8,0,0,738674.263774561,0,0,0
164561.412046995,40,2223.2,2698.8,2734,0,0,738674.263775024,0,0,0
164561.452046061,40,2229.6,2721.4,2747.8,0,0,738674.263775487,0,0,0
164561.492045128,40,2248.8,2759,2749.8,0,0,738674.26377595,0,0,0
164561.532044194,40,2257.6,2795.2,2744.2,0,0,738674.263776413,0,0,0
164561.572043261,40,2271.6,2849.4,2773.6,0,0,738674.263776876,0,0,0
164561.612042327,40,2281.4,2863.8,2767.4,0,0,738674.263777339,0,0,0
164561.652041393,40,2278.6,2869.6,2773,0,0,738674.263777802,0,0,0
164561.69204046,40,2274.2,2858.4,2762,0,0,738674.263778265,0,0,0
164561.732039526,40,2265.8,2856.2,2782.4,0,0,738674.263778728,0,0,0
164561.772038593,40,2256.6,2848.6,2796.8,0,0,738674.263779191,0,0,0
164561.812037659,40,2254.8,2818.8,2785.2,0,0,738674.263779653,0,0,0
164561.852036725,40,2249.8,2793.4,2775.6,0,0,738674.263780116,0,0,0
164561.892035792,40,2243,2753.4,2745.2,0,0,738674.263780579,0,0,0
164561.932034858,40,2233.8,2735.6,2747.6,0,0,738674.263781042,0,0,0
164561.972033925,40,2230.6,2710.2,2735,0,0,738674.263781505,0,0,0
164562.012032991,40,2222.2,2703,2740.2,0,0,738674.263781968,0,0,0
164562.052032057,40,2220,2692.8,2741.4,0,0,738674.263782431,0,0,0
164562.092031124,40,2217.6,2698.6,2755.2,0,0,738674.263782894,0,0,0
164562.13203019,40,2210.6,2696.8,2772.8,0,0,738674.263783357,0,0,0
164562.172029257,40,2214.4,2703.2,2791.6,0,0,738674.26378382,0,0,0
164562.212028323,40,2206.6,2710.8,2816.2,0,0,738674.263784283,0,0,0
164562.252027389,40,2206.2,2705.2,2820.2,0,0,738674.263784746,0,0,0
164562.292026456,40,2204.4,2705,2839.2,0,0,738674.263785209,0,0,0
164562.332025522,40,2199,2697.8,2843.6,0,0,738674.263785672,0,0,0
164562.372024589,40,2197.8,2690,2853.4,0,0,738674.263786135,0,0,0
164562.412023655,40,2188.8,2676,2847.8,0,0,738674.263786598,0,0,0
164562.452022721,40,2183,2664.6,2845.6,0,0,738674.263787061,0,0,0
164562.492021788,40,2183.6,2649.8,2850.6,0,0,738674.263787524,0,0,0
164562.532020854,40,2175,2642.2,2843.4,0,0,738674.263787987,0,0,0
164562.572019921,40,2174.8,2629.2,2842.4,0,0,738674.26378845,0,0,0
164562.612018987,40,2173,2624.8,2842.6,0,0,738674.263788913,0,0,0
164562.652018053,40,2167.4,2611.2,2851.8,0,0,738674.263789376,0,0,0
164562.69201712,40,2163.4,2606.8,2857,0,0,738674.263789838,0,0,0
164562.732016186,40,2162,2593.2,2863.4,0,0,738674.263790301,0,0,0
164562.772015253,40,2156,2584.2,2861.6,0,0,738674.263790764,0,0,0
164562.812014319,40,2158,2581.6,2862.4,0,0,738674.263791227,0,0,0
164562.852013385,40,2149.6,2570.4,2860.6,0,0,738674.26379169,0,0,0
164562.892012452,40,2152.4,2560.6,2862.8,0,0,738674.263792153,0,0,0
164562.932011518,40,2147.6,2552.8,2861.6,0,0,738674.263792616,0,0,0
164562.972010585,40,2143,2539.2,2857.8,0,0,738674.263793079,0,0,0
164563.012009651,40,2139.8,2531.6,2857.4,0,0,738674.263793542,0,0,0
164563.052008717,40,2136.8,2526.6,2853.8,0,0,738674.263794005,0,0,0
164563.092007784,40,2134.4,2514.4,2850.2,0,0,738674.263794468,0,0,0
164563.13200685,40,2136.4,2509.2,2848,0,0,738674.263794931,0,0,0
164563.172005917,40,2128.2,2500.4,2850.6,0,0,738674.263795394,0,0,0
164563.212004983,40,2128.8,2496.4,2855.2,0,0,738674.263795857,0,0,0
164563.252004049,40,2126,2492.8,2854.8,0,0,738674.26379632,0,0,0
164563.292003116,40,2123.2,2486.6,2865.6,0,0,738674.263796783,0,0,0
164563.332002182,40,2123,2477,2875.8,0,0,738674.263797246,0,0,0
164563.372001249,40,2121.8,2471.4,2879.2,0,0,738674.263797709,0,0,0
164563.412000315,40,2117,2465,2865.6,0,0,738674.263798172,0,0,0
164563.451999381,40,2121.4,2465.2,2866.8,0,0,738674.263798635,0,0,0
164563.491998448,40,2119.2,2464,2850.6,0,0,738674.263799098,0,0,0
164563.531997514,40,2120.6,2462.2,2844,0,0,738674.26379956,0,0,0
164563.571996581,40,2120.8,2461.2,2856.8,0,0,738674.263800023,0,0,0
164563.611995647,40,2121.2,2465.4,2855.4,0,0,738674.263800486,0,0,0
164563.651994713,40,2118.8,2462.4,2847.6,0,0,738674.263800949,0,0,0
164563.69199378,40,2119.4,2460.6,2844.6,0,0,738674.263801412,0,0,0
164563.731992846,40,2121.8,2462.6,2849.8,0,0,738674.263801875,0,0,0
164563.771991913,40,2118.6,2464.4,2852,0,0,738674.263802338,0,0,0
164563.811990979,40,2120.2,2461.4,2846,0,0,738674.263802801,0,0,0
164563.851990045,40,2119.8,2462.2,2846.6,0,0,738674.263803264,0,0,0
164563.891989112,40,2121.4,2462.4,2849,0,0,738674.263803727,0,0,0
164563.931988178,40,2118.6,2459.6,2849.2,0,0,738674.26380419,0,0,0
164563.971987245,40,2123.2,2460.2,2850.8,0,0,738674.263804653,0,0,0
164564.011986311,40,2117.8,2462.4,2850.6,0,0,738674.263805116,0,0,0
164564.051985377,40,2123,2461.8,2851.6,0,0,738674.263805579,0,0,0
164564.091984444,40,2119,2462.4,2847.6,0,0,738674.263806042,0,0,0
164564.13198351,40,2120.2,2460.8,2847.8,0,0,738674.263806505,0,0,0
164564.171982577,40,2117,2460.8,2842.2,0,0,738674.263806968,0,0,0
164564.211981643,40,2120.2,2460.6,2844.2,0,0,738674.263807431,0,0,0
164564.251980709,40,2120.2,2460,2844.2,0,0,738674.263807894,0,0,0
164564.291979776,40,2122.2,2462,2846.8,0,0,738674.263808356,0,0,0
164564.331978842,40,2120,2466.4,2861.8,0,0,738674.263808819,0,0,0
164564.371977909,40,2118.4,2467,2853.4,0,0,738674.263809282,0,0,0
164564.411976975,40,2122.2,2466.4,2839,0,0,738674.263809745,0,0,0
164564.451976041,40,2124.2,2468,2831.8,0,0,738674.263810208,0,0,0
164564.491975108,40,2131.8,2481.4,2804.6,0,0,738674.263810671,0,0,0
164564.531974174,40,2152.2,2537.4,2818.4,0,0,738674.263811134,0,0,0
164564.571973241,40,2182,2613.6,2790.4,0,0,738674.263811597,0,0,0
164564.611972307,40,2225.2,2693.2,2721.2,0,0,738674.26381206,0,0,0
164564.651971373,40,2291.8,2771.8,2627.2,0,0,738674.263812523,0,0,0
164564.69197044,40,2395.8,2844.6,2520,0,0,738674.263812986,0,0,0
164564.731969506,40,2504.2,2857,2416.6,0,0,738674.263813449,0,0,0
164564.771968573,40,2616.4,2812,2331,0,0,738674.263813912,0,0,0
164564.811967639,40,2710.2,2740.2,2264,0,0,738674.263814375,0,0,0
164564.851966705,40,2789.4,2670.2,2221.2,0,0,738674.263814838,0,0,0
164564.891965772,40,2850.8,2614.6,2189.2,0,0,738674.263815301,0,0,0
164564.931964838,40,2897.2,2598.6,2173.2,0,0,738674.263815764,0,0,0
164564.971963905,40,2931.2,2632.6,2181.4,0,0,738674.263816227,0,0,0
164565.011962971,40,2945.8,2701.8,2202.8,0,0,738674.26381669,0,0,0
164565.051962037,40,2893.6,2766.2,2234,0,0,738674.263817153,0,0,0
164565.091961104,40,2822,2850.2,2272.4,0,0,738674.263817616,0,0,0
164565.13196017,40,2701.4,2922.8,2343.2,0,0,738674.263818079,0,0,0
164565.171959237,40,2565,2964.4,2423.8,0,0,738674.263818541,0,0,0
164565.211958303,40,2441.8,2944,2526.4,0,0,738674.263819004,0,0,0
164565.251957369,40,2339,2875.8,2627,0,0,738674.263819467,0,0,0
164565.291956436,40,2271.8,2803.8,2715,0,0,738674.26381993,0,0,0
164565.331955502,40,2237.4,2750.2,2771.6,0,0,738674.263820393,0,0,0
164565.371954569,40,2221.8,2721,2783.4,0,0,738674.263820856,0,0,0
164565.411953635,40,2231.6,2756.6,2786.2,0,0,738674.263821319,0,0,0
164565.451952701,40,2261.6,2800.2,2737.4,0,0,738674.263821782,0,0,0
164565.491951768,40,2307.4,2846.6,2655.6,0,0,738674.263822245,0,0,0
164565.531950834,40,2386.6,2899.2,2571.6,0,0,738674.263822708,0,0,0
164565.571949901,40,2476.4,2894.4,2463,0,0,738674.263823171,0,0,0
164565.611948967,40,2569.8,2849,2363.8,0,0,738674.263823634,0,0,0
164565.651948033,40,2663.8,2772.6,2296.2,0,0,738674.263824097,0,0,0
164565.6919471,40,2734.8,2700,2243.2,0,0,738674.26382456,0,0,0
164565.731946166,40,2796,2644.8,2210,0,0,738674.263825023,0,0,0
164565.771945233,40,2846,2622.4,2195.4,0,0,738674.263825486,0,0,0
164565.811944299,40,2873,2660.4,2203.4,0,0,738674.263825949,0,0,0
164565.851943365,40,2875.2,2728.4,2220.4,0,0,738674.263826412,0,0,0
164565.891942432,40,2849.4,2812.6,2263.2,0,0,738674.263826875,0,0,0
164565.931941498,40,2772.8,2917.4,2312.4,0,0,738674.263827338,0,0,0
164565.971940565,40,2654.2,2996.2,2396,0,0,738674.263827801,0,0,0
164566.011939631,40,2512.2,3029.8,2502.8,0,0,738674.263828264,0,0,0
164566.051938697,40,2382,2963,2614.6,0,0,738674.263828726,0,0,0
164566.091937764,40,2289.2,2842.2,2706.6,0,0,738674.263829189,0,0,0
164566.13193683,40,2231,2719.2,2737.4,0,0,738674.263829652,0,0,0
164566.171935897,40,2205.2,2652.4,2745.6,0,0,738674.263830115,0,0,0
164566.211934963,40,2213.6,2682.6,2755.6,0,0,738674.263830578,0,0,0
164566.251934029,40,2248.4,2769,2759.4,0,0,738674.263831041,0,0,0
164566.291933096,40,2304,2882,2719.6,0,0,738674.263831504,0,0,0
164566.331932162,40,2391.6,2986.8,2623.8,0,0,738674.263831967,0,0,0
164566.435929735,104,2753.6,2918,2323,0,0,738674.263833171,0,0,0
164566.475928801,40,2862.2,2805,2248.4,0,0,738674.263833634,0,0,0
164566.515927868,40,2936.4,2718.8,2209.4,0,0,738674.263834097,0,0,0
164566.555926934,40,2964.6,2667.4,2191.2,0,0,738674.26383456,0,0,0
164566.595926,40,2947.6,2669.8,2195.4,0,0,738674.263835023,0,0,0
164566.635925067,40,2917,2720.4,2214.8,0,0,738674.263835486,0,0,0
164566.675924133,40,2860.6,2759.2,2236.2,0,0,738674.263835948,0,0,0
164566.7159232,40,2785.6,2819.8,2276.8,0,0,738674.263836411,0,0,0
164566.755922266,40,2693,2881,2331.8,0,0,738674.263836874,0,0,0
164566.795921332,40,2573.8,2923.4,2407,0,0,738674.263837337,0,0,0
164566.835920399,40,2463.4,2931,2496,0,0,738674.2638378,0,0,0
164566.875919465,40,2362.4,2899,2606.8,0,0,738674.263838263,0,0,0
164566.915918532,40,2290.4,2839.8,2701.8,0,0,738674.263838726,0,0,0
164566.955917598,40,2242.4,2788.4,2784.2,0,0,738674.263839189,0,0,0
164566.995916664,40,2225.2,2746.8,2820.4,0,0,738674.263839652,0,0,0
164567.035915731,40,2220.6,2762.4,2837.6,0,0,738674.263840115,0,0,0
164567.075914797,40,2245.6,2822.8,2831,0,0,738674.263840578,0,0,0
164567.115913864,40,2285.2,2894.6,2781.8,0,0,738674.263841041,0,0,0
164567.15591293,40,2353.2,2972.8,2686.4,0,0,738674.263841504,0,0,0
164567.195911996,40,2452,3031.4,2571.4,0,0,738674.263841967,0,0,0
164567.235911063,40,2575.6,3023,2444.2,0,0,738674.26384243,0,0,0
164567.275910129,40,2711.8,2943.4,2342.6,0,0,738674.263842893,0,0,0
164567.315909196,40,2832,2845.6,2271,0,0,738674.263843356,0,0,0
164567.355908262,40,2916,2749.8,2223,0,0,738674.263843819,0,0,0
164567.395907328,40,2952.4,2680.4,2196.2,0,0,738674.263844282,0,0,0
164567.435906395,40,2959,2663.4,2190.4,0,0,738674.263844745,0,0,0
164567.475905461,40,2932.4,2699.4,2206.2,0,0,738674.263845208,0,0,0
164567.515904528,40,2898.6,2751.4,2225,0,0,738674.263845671,0,0,0
164567.555903594,40,2834.2,2809.2,2260.8,0,0,738674.263846133,0,0,0
164567.59590266,40,2746.6,2863,2304.2,0,0,738674.263846596,0,0,0
164567.635901727,40,2649.2,2926.6,2363.2,0,0,738674.263847059,0,0,0
164567.675900793,40,2537.8,2953.4,2434.8,0,0,738674.263847522,0,0,0
164567.71589986,40,2440.6,2947,2520.6,0,0,738674.263847985,0,0,0
164567.755898926,40,2362.4,2897.6,2607.2,0,0,738674.263848448,0,0,0
164567.795897992,40,2294.2,2847.6,2690.2,0,0,738674.263848911,0,0,0
164567.835897059,40,2262.6,2813.6,2758.2,0,0,738674.263849374,0,0,0
164567.875896125,40,2249.8,2797.2,2796.2,0,0,738674.263849837,0,0,0
164567.915895192,40,2254.8,2815.6,2787.2,0,0,738674.2638503,0,0,0
164567.955894258,40,2281.4,2871.8,2776,0,0,738674.263850763,0,0,0
164567.995893324,40,2327.6,2939,2715.8,0,0,738674.263851226,0,0,0
164568.035892391,40,2401.2,2996.8,2622.6,0,0,738674.263851689,0,0,0
164568.075891457,40,2507.6,3028,2503.4,0,0,738674.263852152,0,0,0
164568.115890524,40,2638.6,2986.4,2392.2,0,0,738674.263852615,0,0,0
164568.15588959,40,2779.4,2895.6,2300.8,0,0,738674.263853078,0,0,0
164568.195888656,40,2889.2,2776,2235,0,0,738674.263853541,0,0,0
164568.235887723,40,2949,2666.8,2194.2,0,0,738674.263854004,0,0,0
164568.275886789,40,2963.8,2602.8,2170.6,0,0,738674.263854467,0,0,0
164568.315885856,40,2945.6,2591.6,2165.2,0,0,738674.263854929,0,0,0
164568.355884922,40,2939,2640.6,2190.4,0,0,738674.263855392,0,0,0
164568.395883988,40,2917,2701.6,2209.4,0,0,738674.263855855,0,0,0
164568.435883055,40,2856,2769.6,2240.8,0,0,738674.263856318,0,0,0
164568.475882121,40,2774.2,2842.2,2291.2,0,0,738674.263856781,0,0,0
164568.515881188,40,2669.8,2916.4,2351.8,0,0,738674.263857244,0,0,0
164568.555880254,40,2548.6,2950.8,2433.2,0,0,738674.263857707,0,0,0
164568.59587932,40,2439,2928.6,2516.6,0,0,738674.26385817,0,0,0
164568.635878387,40,2355.2,2893.2,2617.8,0,0,738674.263858633,0,0,0
164568.675877453,40,2295.2,2841.2,2697.2,0,0,738674.263859096,0,0,0
164568.71587652,40,2248.8,2786.6,2768.4,0,0,738674.263859559,0,0,0
164568.755875586,40,2226,2758.6,2815.4,0,0,738674.263860022,0,0,0
164568.795874652,40,2223.4,2760.4,2829.8,0,0,738674.263860485,0,0,0
164568.835873719,40,2238.2,2801.4,2826.2,0,0,738674.263860948,0,0,0
164568.875872785,40,2278,2870.2,2775.2,0,0,738674.263861411,0,0,0
164568.915871852,40,2349.2,2968.6,2684,0,0,738674.263861874,0,0,0
164568.955870918,40,2461.2,3015.4,2548.6,0,0,738674.263862337,0,0,0
164568.995869984,40,2603.6,3005,2420.8,0,0,738674.2638628,0,0,0
164569.035869051,40,2749.6,2905.8,2315.6,0,0,738674.263863263,0,0,0
164569.075868117,40,2861.6,2785.2,2243.4,0,0,738674.263863726,0,0,0
164569.115867184,40,2925.4,2672.8,2196.8,0,0,738674.263864189,0,0,0
164569.15586625,40,2931.8,2606.2,2173.4,0,0,738674.263864652,0,0,0
164569.195865316,40,2920.4,2594,2174.6,0,0,738674.263865114,0,0,0
164569.235864383,40,2911.8,2642.6,2185.2,0,0,738674.263865577,0,0,0
164569.275863449,40,2908.2,2707.4,2211,0,0,738674.26386604,0,0,0
164569.315862516,40,2838.8,2771.8,2247.4,0,0,738674.263866503,0,0,0
164569.355861582,40,2756.6,2854.4,2297.6,0,0,738674.263866966,0,0,0
164569.395860648,40,2654.6,2924.8,2362,0,0,738674.263867429,0,0,0
164569.435859715,40,2531,2972,2454.8,0,0,738674.263867892,0,0,0
164569.475858781,40,2419,2959.6,2563.4,0,0,738674.263868355,0,0,0
164569.515857848,40,2327.6,2897.4,2674.6,0,0,738674.263868818,0,0,0
164569.555856914,40,2259.6,2818.2,2775,0,0,738674.263869281,0,0,0
164569.59585598,40,2214.2,2741.8,2833.6,0,0,738674.263869744,0,0,0
164569.635855047,40,2193,2689.2,2864.6,0,0,738674.263870207,0,0,0
164569.675854113,40,2187,2685.6,2867.8,0,0,738674.26387067,0,0,0
164569.71585318,40,2201.4,2724.4,2863.2,0,0,738674.263871133,0,0,0
164569.755852246,40,2245,2804.4,2804,0,0,738674.263871596,0,0,0
164569.795851312,40,2318.8,2885.6,2686.4,0,0,738674.263872059,0,0,0
164569.835850379,40,2419,2953,2558.4,0,0,738674.263872522,0,0,0
164569.875849445,40,2543.4,2939.6,2425,0,0,738674.263872985,0,0,0
164569.915848512,40,2673.4,2862.6,2323.8,0,0,738674.263873448,0,0,0
164569.955847578,40,2780.4,2761.6,2251.6,0,0,738674.263873911,0,0,0
164569.995846644,40,2858,2668.6,2205.4,0,0,738674.263874374,0,0,0
164570.035845711,40,2898.4,2615.2,2183.4,0,0,738674.263874836,0,0,0
164570.075844777,40,2908.2,2608,2181.8,0,0,738674.263875299,0,0,0
164570.115843844,40,2921.2,2657.6,2194.8,0,0,738674.263875762,0,0,0
164570.15584291,40,2933.8,2724,2209.4,0,0,738674.263876225,0,0,0
164570.195841976,40,2888.8,2789.6,2238.4,0,0,738674.263876688,0,0,0
164570.235841043,40,2812.8,2853,2281.6,0,0,738674.263877151,0,0,0
164570.275840109,40,2713,2938.8,2340.8,0,0,738674.263877614,0,0,0
164570.315839176,40,2599.8,2994,2424.2,0,0,738674.263878077,0,0,0
164570.356838219,41,2459.4,2984.2,2528.2,0,0,738674.263878552,0,0,0
164570.396837285,40,2351.6,2915.6,2640.8,0,0,738674.263879015,0,0,0
164570.436836351,40,2263.8,2812.2,2733,0,0,738674.263879478,0,0,0
164570.476835418,40,2211.8,2707.4,2803.4,0,0,738674.26387994,0,0,0
164570.516834484,40,2184.6,2636.4,2822.4,0,0,738674.263880403,0,0,0
164570.556833551,40,2167.6,2612.8,2852,0,0,738674.263880866,0,0,0
164570.596832617,40,2172.2,2632,2865.8,0,0,738674.263881329,0,0,0
164570.636831683,40,2192.8,2701.2,2863.6,0,0,738674.263881792,0,0,0
164570.67683075,40,2239.8,2801.8,2814,0,0,738674.263882255,0,0,0
164570.716829816,40,2312,2915.2,2707.2,0,0,738674.263882718,0,0,0
164570.756828883,40,2426.2,2991.2,2569.4,0,0,738674.263883181,0,0,0
164570.796827949,40,2565.6,2982.6,2439.2,0,0,738674.263883644,0,0,0
164570.836827015,40,2706,2904.2,2331.8,0,0,738674.263884107,0,0,0
164570.876826082,40,2829.8,2797.8,2259.4,0,0,738674.26388457,0,0,0
164570.916825148,40,2906.6,2700.6,2205.8,0,0,738674.263885033,0,0,0
164570.956824215,40,2935.6,2633.4,2183.4,0,0,738674.263885496,0,0,0
164570.996823281,40,2933,2617,2179.2,0,0,738674.263885959,0,0,0
164571.036822347,40,2944.8,2665.8,2195.6,0,0,738674.263886422,0,0,0
164571.076821414,40,2923.2,2741.6,2220.8,0,0,738674.263886885,0,0,0
164571.11682048,40,2851.4,2832.8,2264.2,0,0,738674.263887348,0,0,0
164571.156819547,40,2747.8,2918.2,2329.4,0,0,738674.263887811,0,0,0
164571.196818613,40,2614,2998.8,2413.4,0,0,738674.263888274,0,0,0
164571.236817679,40,2471.2,3008.4,2534.8,0,0,738674.263888737,0,0,0
164571.276816746,40,2345.6,2946.8,2671.2,0,0,738674.2638892,0,0,0
164571.316815812,40,2255.6,2807.2,2771.8,0,0,738674.263889662,0,0,0
164571.356814879,40,2193.4,2673.2,2825.4,0,0,738674.263890125,0,0,0
164571.396813945,40,2160,2580.6,2850.8,0,0,738674.263890588,0,0,0
164571.436813011,40,2139.6,2518.6,2850.2,0,0,738674.263891051,0,0,0
164571.476812078,40,2136.6,2514,2864.2,0,0,738674.263891514,0,0,0
164571.516811144,40,2142.2,2550.4,2890.8,0,0,738674.263891977,0,0,0
164571.556810211,40,2176.8,2648,2887,0,0,738674.26389244,0,0,0
164571.596809277,40,2233,2776.2,2822.8,0,0,738674.263892903,0,0,0
164571.636808343,40,2329,2917.8,2705.2,0,0,738674.263893366,0,0,0
164571.67680741,40,2457.4,3006.6,2548,0,0,738674.263893829,0,0,0
164571.716806476,40,2610.4,2976.2,2407.4,0,0,738674.263894292,0,0,0
164571.756805543,40,2761.6,2883,2301,0,0,738674.263894755,0,0,0
164571.796804609,40,2874.4,2773.4,2239.4,0,0,738674.263895218,0,0,0
164571.836803675,40,2944.2,2679.2,2195.2,0,0,738674.263895681,0,0,0
164571.876802742,40,2969.8,2637.4,2181.6,0,0,738674.263896144,0,0,0
164571.916801808,40,2973,2665.6,2190,0,0,738674.263896607,0,0,0
164571.956800875,40,2944.2,2723.8,2209.2,0,0,738674.26389707,0,0,0
164571.996799941,40,2880,2796.8,2247.4,0,0,738674.263897533,0,0,0
164572.036799007,40,2787.8,2893.4,2299.4,0,0,738674.263897996,0,0,0
164572.076798074,40,2658.6,2972.4,2383.8,0,0,738674.263898459,0,0,0
164572.11679714,40,2509,2994.8,2487.6,0,0,738674.263898922,0,0,0
164572.156796207,40,2376.6,2934.6,2610.4,0,0,738674.263899385,0,0,0
164572.196795273,40,2276.4,2822.6,2723,0,0,738674.263899847,0,0,0
164572.236794339,40,2211,2699.6,2801.2,0,0,738674.26390031,0,0,0
164572.276793406,40,2168,2594.2,2842.4,0,0,738674.263900773,0,0,0
164572.316792472,40,2143,2537.6,2859.4,0,0,738674.263901236,0,0,0
164572.356791539,40,2136,2520,2876,0,0,738674.263901699,0,0,0
164572.396790605,40,2136,2554.4,2925.4,0,0,738674.263902162,0,0,0
164572.436789671,40,2165,2628.2,2903,0,0,738674.263902625,0,0,0
164572.476788738,40,2212,2740.6,2857.8,0,0,738674.263903088,0,0,0
164572.516787804,40,2296.4,2875.4,2739,0,0,738674.263903551,0,0,0
164572.556786871,40,2410.8,2971.2,2585,0,0,738674.263904014,0,0,0
164572.596785937,40,2555.2,2958,2433,0,0,738674.263904477,0,0,0
164572.636785003,40,2690.6,2875.8,2329.8,0,0,738674.26390494,0,0,0
164572.67678407,40,2806.2,2783.2,2258,0,0,738674.263905403,0,0,0
164572.716783136,40,2885.2,2698,2213.8,0,0,738674.263905866,0,0,0
164572.756782203,40,2918.4,2654.4,2193,0,0,738674.263906329,0,0,0
164572.796781269,40,2922.6,2659.4,2190.4,0,0,738674.263906792,0,0,0
164572.836780335,40,2928.4,2712.6,2209.4,0,0,738674.263907255,0,0,0
164572.876779402,40,2897.8,2785.4,2239.2,0,0,738674.263907718,0,0,0
164572.916778468,40,2819.4,2878,2287.6,0,0,738674.263908181,0,0,0
164572.956777535,40,2695.6,2956.6,2358,0,0,738674.263908644,0,0,0
164572.996776601,40,2560.4,3016,2459.6,0,0,738674.263909106,0,0,0
164573.036775667,40,2412.8,2967,2579,0,0,738674.263909569,0,0,0
164573.076774734,40,2299.2,2845.2,2686.2,0,0,738674.263910032,0,0,0
164573.1167738,40,2221.4,2710.2,2766,0,0,738674.263910495,0,0,0
164573.156772867,40,2167.8,2586.4,2812.4,0,0,738674.263910958,0,0,0
164573.196771933,40,2141.6,2514.4,2830.6,0,0,738674.263911421,0,0,0
164573.236770999,40,2128,2493.2,2857,0,0,738674.263911884,0,0,0
164573.276770066,40,2134.2,2520.6,2895,0,0,738674.263912347,0,0,0
164573.316769132,40,2152.2,2595.4,2917.2,0,0,738674.26391281,0,0,0
164573.356768199,40,2194.4,2706.8,2897.2,0,0,738674.263913273,0,0,0
164573.396767265,40,2264.2,2847.4,2804.8,0,0,738674.263913736,0,0,0
164573.436766331,40,2372.4,2986.8,2651.8,0,0,738674.263914199,0,0,0
164573.476765398,40,2512.6,3012.2,2493.6,0,0,738674.263914662,0,0,0
164573.516764464,40,2669.6,2941.8,2367.8,0,0,738674.263915125,0,0,0
164573.556763531,40,2792.6,2822.8,2276.2,0,0,738674.263915588,0,0,0
164573.596762597,40,2896.2,2734,2221.6,0,0,738674.263916051,0,0,0
164573.636761663,40,2922.8,2656.2,2190,0,0,738674.263916514,0,0,0
164573.67676073,40,2950.2,2652,2184.4,0,0,738674.263916977,0,0,0
164573.716759796,40,2943.2,2691.2,2201.2,0,0,738674.26391744,0,0,0
164573.756758863,40,2912.6,2759.8,2229,0,0,738674.263917903,0,0,0
164573.796757929,40,2836,2841.2,2268.6,0,0,738674.263918366,0,0,0
164573.836756996,40,2721.6,2930.2,2337.6,0,0,738674.263918828,0,0,0
164573.876756062,40,2587.4,3002.2,2433.8,0,0,738674.263919291,0,0,0
164573.916755128,40,2425.4,2971.8,2550.6,0,0,738674.263919754,0,0,0
164573.956754195,40,2313.2,2866.4,2670.8,0,0,738674.263920217,0,0,0
164573.996753261,40,2224.8,2718,2759.8,0,0,738674.26392068,0,0,0
164574.036752327,40,2169.4,2600,2813.4,0,0,738674.263921143,0,0,0
164574.076751394,40,2135.4,2515.4,2843,0,0,738674.263921606,0,0,0
164574.11675046,40,2120.6,2482.4,2870.6,0,0,738674.263922069,0,0,0
164574.156749527,40,2123,2495.8,2905.4,0,0,738674.263922532,0,0,0
164574.196748593,40,2137,2560,2946.2,0,0,738674.263922995,0,0,0
164574.236747659,40,2171,2647,2929.8,0,0,738674.263923458,0,0,0
164574.276746726,40,2226.2,2793.2,2877.4,0,0,738674.263923921,0,0,0
164574.316745792,40,2315.6,2937,2741,0,0,738674.263924384,0,0,0
164574.356744859,40,2437.2,3029,2581.2,0,0,738674.263924847,0,0,0
164574.396743925,40,2588.2,3003.6,2426,0,0,738674.26392531,0,0,0
164574.436742991,40,2730.2,2914,2324.8,0,0,738674.263925773,0,0,0
164574.476742058,40,2839.6,2808.4,2256.4,0,0,738674.263926236,0,0,0
164574.516741124,40,2900,2730,2216.8,0,0,738674.263926699,0,0,0
164574.556740191,40,2916.2,2685.4,2202.4,0,0,738674.263927162,0,0,0
164574.596739257,40,2905.2,2711,2213.2,0,0,738674.263927625,0,0,0
164574.636738323,40,2890,2788.4,2240.6,0,0,738674.263928088,0,0,0
164574.67673739,40,2820.6,2868,2284,0,0,738674.263928551,0,0,0
164574.716736456,40,2707.2,2954,2350.2,0,0,738674.263929013,0,0,0
164574.756735523,40,2564.2,3015.2,2447.6,0,0,738674.263929476,0,0,0
164574.796734589,40,2415,2994,2581.4,0,0,738674.263929939,0,0,0
164574.836733655,40,2303.8,2885.6,2710.6,0,0,738674.263930402,0,0,0
164574.876732722,40,2213.2,2718.4,2795,0,0,738674.263930865,0,0,0
164574.916731788,40,2161.6,2581.6,2831.8,0,0,738674.263931328,0,0,0
164574.956730855,40,2128.6,2482.6,2817,0,0,738674.263931791,0,0,0
164574.996729921,40,2119.2,2445.4,2826.6,0,0,738674.263932254,0,0,0
164575.036728987,40,2116.8,2462,2844.6,0,0,738674.263932717,0,0,0
164575.076728054,40,2130,2528.2,2910,0,0,738674.26393318,0,0,0
164575.11672712,40,2159,2614.4,2920.2,0,0,738674.263933643,0,0,0
164575.156726187,40,2204.2,2740.4,2902.2,0,0,738674.263934106,0,0,0
164575.196725253,40,2273.4,2873,2806.6,0,0,738674.263934569,0,0,0
164575.236724319,40,2365.6,2994.8,2669.8,0,0,738674.263935032,0,0,0
164575.276723386,40,2501.4,3041.8,2521.8,0,0,738674.263935495,0,0,0
164575.316722452,40,2643.2,2995.4,2398,0,0,738674.263935958,0,0,0
164575.356721519,40,2777.8,2917.8,2312.2,0,0,738674.263936421,0,0,0
164575.396720585,40,2872,2819.8,2251.8,0,0,738674.263936884,0,0,0
164575.436719651,40,2916,2765.2,2227.6,0,0,738674.263937347,0,0,0
164575.476718718,40,2903.8,2767.2,2230.6,0,0,738674.26393781,0,0,0
164575.516717784,40,2853.4,2826,2258.2,0,0,738674.263938272,0,0,0
164575.556716851,40,2772.8,2885.8,2303.8,0,0,738674.263938735,0,0,0
164575.596715917,40,2659.4,2950.4,2372,0,0,738674.263939198,0,0,0
164575.636714983,40,2539,2974.2,2452.4,0,0,738674.263939661,0,0,0
164575.67671405,40,2410.6,2940.4,2561.8,0,0,738674.263940124,0,0,0
164575.716713116,40,2304.6,2843.6,2669.4,0,0,738674.263940587,0,0,0
164575.756712183,40,2226.4,2721.4,2755.4,0,0,738674.26394105,0,0,0
164575.796711249,40,2176,2613.2,2814.6,0,0,738674.263941513,0,0,0
164575.836710315,40,2144,2531.8,2848.6,0,0,738674.263941976,0,0,0
164575.876709382,40,2125,2492.4,2869.4,0,0,738674.263942439,0,0,0
164575.916708448,40,2127.6,2513.6,2914.6,0,0,738674.263942902,0,0,0
164575.956707515,40,2146,2570.4,2946.4,0,0,738674.263943365,0,0,0
164575.996706581,40,2171.2,2662.4,2956.6,0,0,738674.263943828,0,0,0
164576.036705647,40,2212.8,2773.4,2924.4,0,0,738674.263944291,0,0,0
164576.076704714,40,2272.4,2891.2,2831,0,0,738674.263944754,0,0,0
164576.11670378,40,2359.8,2994.8,2697.2,0,0,738674.263945217,0,0,0
164576.156702847,40,2477.6,3045.2,2545.8,0,0,738674.26394568,0,0,0
164576.196701913,40,2619.6,3008,2418.8,0,0,738674.263946143,0,0,0
164576.236700979,40,2750,2927.6,2324.6,0,0,738674.263946606,0,0,0
164576.276700046,40,2828,2808,2258.2,0,0,738674.263947069,0,0,0
164576.316699112,40,2854.4,2738.2,2230,0,0,738674.263947532,0,0,0
164576.356698179,40,2831.2,2735.8,2232.8,0,0,738674.263947994,0,0,0
164576.396697245,40,2783.8,2792.4,2263,0,0,738674.263948457,0,0,0
164576.436696311,40,2717.8,2859.4,2304.2,0,0,738674.26394892,0,0,0
164576.476695378,40,2633.6,2921.4,2373.8,0,0,738674.263949383,0,0,0
164576.516694444,40,2528.2,2970.4,2455.6,0,0,738674.263949846,0,0,0
164576.556693511,40,2420.2,2965.4,2568.4,0,0,738674.263950309,0,0,0
164576.596692577,40,2329,2917.6,2686.6,0,0,738674.263950772,0,0,0
164576.636691643,40,2245,2792.2,2778.6,0,0,738674.263951235,0,0,0
164576.67669071,40,2191.4,2676.2,2838.8,0,0,738674.263951698,0,0,0
164576.716689776,40,2155.4,2577.6,2859.4,0,0,738674.263952161,0,0,0
164576.756688843,40,2133.2,2505.6,2845.6,0,0,738674.263952624,0,0,0
164576.796687909,40,2130.6,2498.6,2848.2,0,0,738674.263953087,0,0,0
164576.836686975,40,2137.8,2532.6,2876.6,0,0,738674.26395355,0,0,0
164576.876686042,40,2161,2611,2894.8,0,0,738674.263954013,0,0,0
164576.916685108,40,2197.2,2708.4,2874,0,0,738674.263954476,0,0,0
164576.956684175,40,2250.6,2824,2805.6,0,0,738674.263954939,0,0,0
164576.996683241,40,2339.4,2953.4,2698.8,0,0,738674.263955402,0,0,0
164577.036682307,40,2451.2,2996.2,2542.6,0,0,738674.263955865,0,0,0
164577.076681374,40,2593.6,2991.4,2420.8,0,0,738674.263956328,0,0,0
164577.11668044,40,2725.4,2910.6,2326.2,0,0,738674.263956791,0,0,0
164577.156679507,40,2827.4,2804,2260.6,0,0,738674.263957254,0,0,0
164577.196678573,40,2876,2729.4,2224.2,0,0,738674.263957717,0,0,0
164577.236677639,40,2896.4,2708,2213.6,0,0,738674.263958179,0,0,0
164577.276676706,40,2876,2759,2231,0,0,738674.263958642,0,0,0
164577.316675772,40,2834.2,2820.2,2264,0,0,738674.263959105,0,0,0
164577.356674839,40,2752.6,2890.6,2309.8,0,0,738674.263959568,0,0,0
164577.396673905,40,2643.6,2949.2,2375.4,0,0,738674.263960031,0,0,0
164577.436672971,40,2522.2,2993.6,2470.6,0,0,738674.263960494,0,0,0
164577.476672038,40,2402.8,2949.4,2582.2,0,0,738674.263960957,0,0,0
164577.516671104,40,2297.2,2854.4,2699.2,0,0,738674.26396142,0,0,0
164577.556670171,40,2222.4,2721.6,2773.6,0,0,738674.263961883,0,0,0
164577.66166772,105,2138.2,2523.6,2851,0,0,738674.263963098,0,0,0
164577.701666786,40,2143.2,2531,2866,0,0,738674.263963561,0,0,0
164577.741665853,40,2153.8,2578.8,2892.8,0,0,738674.263964024,0,0,0
164577.781664919,40,2173.8,2650.2,2892.4,0,0,738674.263964487,0,0,0
164577.821663986,40,2220.6,2758.4,2842.2,0,0,738674.26396495,0,0,0
164577.861663052,40,2293,2880.6,2748.4,0,0,738674.263965413,0,0,0
164577.901662118,40,2396.2,2982.4,2612.2,0,0,738674.263965876,0,0,0
164577.941661185,40,2535,2998.6,2466,0,0,738674.263966339,0,0,0
164577.981660251,40,2677.4,2935.4,2355.4,0,0,738674.263966802,0,0,0
164578.021659318,40,2796.6,2837.6,2278,0,0,738674.263967265,0,0,0
164578.061658384,40,2884,2741.6,2226.6,0,0,738674.263967728,0,0,0
164578.10165745,40,2923,2690,2203.6,0,0,738674.263968191,0,0,0
164578.141656517,40,2913,2704.8,2205,0,0,738674.263968654,0,0,0
164578.181655583,40,2890.8,2776.2,2234.8,0,0,738674.263969117,0,0,0
164578.22165465,40,2826.4,2853.8,2279.8,0,0,738674.26396958,0,0,0
164578.261653716,40,2724.4,2938.6,2339.4,0,0,738674.263970043,0,0,0
164578.301652782,40,2600.6,2993.8,2424.4,0,0,738674.263970506,0,0,0
164578.341651849,40,2457.8,2977.8,2528.2,0,0,738674.263970968,0,0,0
164578.381650915,40,2338.6,2904,2645.4,0,0,738674.263971431,0,0,0
164578.421649982,40,2251.4,2772.6,2737,0,0,738674.263971894,0,0,0
164578.461649048,40,2186.8,2647.8,2800.6,0,0,738674.263972357,0,0,0
164578.501648114,40,2151.8,2552,2835.4,0,0,738674.26397282,0,0,0
164578.541647181,40,2134.2,2517.6,2850.4,0,0,738674.263973283,0,0,0
164578.581646247,40,2134.8,2522.4,2884.2,0,0,738674.263973746,0,0,0
164578.621645314,40,2146.6,2575.4,2922.6,0,0,738674.263974209,0,0,0
164578.66164438,40,2167,2653.8,2940.8,0,0,738674.263974672,0,0,0
164578.701643446,40,2208.2,2766.8,2912.8,0,0,738674.263975135,0,0,0
164578.741642513,40,2271.8,2890.2,2825.8,0,0,738674.263975598,0,0,0
164578.781641579,40,2368.2,2997,2679,0,0,738674.263976061,0,0,0
164578.821640646,40,2497.6,3033.4,2520.4,0,0,738674.263976524,0,0,0
164578.861639712,40,2646.6,2998.4,2387.8,0,0,738674.263976987,0,0,0
164578.901638778,40,2788.8,2894.2,2298.2,0,0,738674.26397745,0,0,0
164578.941637845,40,2889.2,2785.2,2241.8,0,0,738674.263977913,0,0,0
164578.981636911,40,2918.6,2718.4,2214.6,0,0,738674.263978376,0,0,0
164579.021635978,40,2910.2,2717.8,2213.6,0,0,738674.263978839,0,0,0
164579.061635044,40,2870.6,2775.4,2239.2,0,0,738674.263979302,0,0,0
164579.10163411,40,2796.4,2841.2,2280.8,0,0,738674.263979765,0,0,0
164579.141633177,40,2696.6,2913.2,2340.4,0,0,738674.263980228,0,0,0
164579.181632243,40,2584.6,2976,2420.8,0,0,738674.263980691,0,0,0
164579.22163131,40,2460,2979.4,2528.4,0,0,738674.263981153,0,0,0
164579.261630376,40,2352.8,2912.8,2645.8,0,0,738674.263981616,0,0,0
164579.301629442,40,2260.6,2810.2,2751.6,0,0,738674.263982079,0,0,0
164579.341628509,40,2202.2,2692,2815.6,0,0,738674.263982542,0,0,0
164579.381627575,40,2165.6,2612.6,2858.2,0,0,738674.263983005,0,0,0
164579.421626642,40,2148.2,2557,2874.6,0,0,738674.263983468,0,0,0
164579.461625708,40,2144.8,2553.6,2881.6,0,0,738674.263983931,0,0,0
164579.501624774,40,2155.2,2595.8,2878.6,0,0,738674.263984394,0,0,0
164579.541623841,40,2188.4,2677,2882.6,0,0,738674.263984857,0,0,0
164579.581622907,40,2232.6,2782.8,2832,0,0,738674.26398532,0,0,0
164579.621621974,40,2309.2,2897.8,2729,0,0,738674.263985783,0,0,0
164579.66162104,40,2405.8,2980,2592.2,0,0,738674.263986246,0,0,0
164579.701620106,40,2540,2979,2453.4,0,0,738674.263986709,0,0,0
164579.741619173,40,2686.6,2921,2343.8,0,0,738674.263987172,0,0,0
164579.781618239,40,2799.8,2817.2,2270.6,0,0,738674.263987635,0,0,0
164579.821617306,40,2879.6,2721.2,2216.2,0,0,738674.263988098,0,0,0
164579.861616372,40,2906,2664.6,2198.6,0,0,738674.263988561,0,0,0
164579.901615438,40,2908,2678.4,2203.2,0,0,738674.263989024,0,0,0
164579.941614505,40,2888.8,2741.2,2225.8,0,0,738674.263989487,0,0,0
164579.981613571,40,2845.2,2812.2,2258.4,0,0,738674.263989949,0,0,0
164580.021612638,40,2759.4,2896.4,2313.8,0,0,738674.263990412,0,0,0
164580.061611704,40,2643,2957.2,2381.4,0,0,738674.263990875,0,0,0
164580.10161077,40,2516,2981.2,2478,0,0,738674.263991338,0,0,0
164580.141609837,40,2393.8,2943.2,2591.8,0,0,738674.263991801,0,0,0
164580.181608903,40,2294.6,2839,2689.4,0,0,738674.263992264,0,0,0
164580.22160797,40,2220.2,2716.2,2776.8,0,0,738674.263992727,0,0,0
164580.261607036,40,2168.4,2612,2836,0,0,738674.26399319,0,0,0
164580.301606102,40,2142,2534.4,2851.8,0,0,738674.263993653,0,0,0
164580.341605169,40,2131.4,2517,2869.2,0,0,738674.263994116,0,0,0
164580.381604235,40,2138.6,2547.6,2902,0,0,738674.263994579,0,0,0
164580.421603302,40,2163.4,2614.8,2902,0,0,738674.263995042,0,0,0
164580.461602368,40,2203.6,2720.8,2884.2,0,0,738674.263995505,0,0,0
164580.501601434,40,2264.8,2859.6,2807.4,0,0,738674.263995968,0,0,0
164580.541600501,40,2363.8,2978.4,2671.6,0,0,738674.263996431,0,0,0
164580.581599567,40,2492.2,3022.6,2517.8,0,0,738674.263996894,0,0,0
164580.621598634,40,2643,2985.8,2391.4,0,0,738674.263997357,0,0,0
164580.6615977,40,2782.8,2887.2,2297.4,0,0,738674.26399782,0,0,0
164580.701596766,40,2881,2774.4,2236.8,0,0,738674.263998283,0,0,0
164580.741595833,40,2938.6,2687.2,2196.4,0,0,738674.263998746,0,0,0
164580.781594899,40,2944.6,2662.4,2192.6,0,0,738674.263999209,0,0,0
164580.821593966,40,2934.8,2705.4,2204.6,0,0,738674.263999672,0,0,0
164580.861593032,40,2893.2,2772.6,2237,0,0,738674.264000134,0,0,0
164580.901592098,40,2816.2,2853.4,2279.4,0,0,738674.264000597,0,0,0
164580.941591165,40,2716,2940,2344.8,0,0,738674.26400106,0,0,0
164580.981590231,40,2581.8,2985.8,2433,0,0,738674.264001523,0,0,0
164581.021589298,40,2444.4,2957,2532,0,0,738674.264001986,0,0,0
164581.061588364,40,2331.2,2887.6,2644.2,0,0,738674.264002449,0,0,0
164581.10158743,40,2253.2,2764.2,2727.8,0,0,738674.264002912,0,0,0
164581.141586497,40,2195.2,2664.8,2795.8,0,0,738674.264003375,0,0,0
164581.181585563,40,2164.4,2586.4,2835.6,0,0,738674.264003838,0,0,0
164581.22158463,40,2152,2549.6,2859.2,0,0,738674.264004301,0,0,0
164581.261583696,40,2149.2,2570.6,2895.8,0,0,738674.264004764,0,0,0
164581.301582762,40,2163.4,2633.8,2916.8,0,0,738674.264005227,0,0,0
164581.341581829,40,2196,2730.8,2906.2,0,0,738674.26400569,0,0,0
164581.381580895,40,2256,2856.4,2839,0,0,738674.264006153,0,0,0
164581.421579962,40,2350.2,2975.2,2702.6,0,0,738674.264006616,0,0,0
164581.461579028,40,2478,3029.6,2539.4,0,0,738674.264007079,0,0,0
164581.501578094,40,2634.6,2994,2398.2,0,0,738674.264007542,0,0,0
164581.541577161,40,2785.6,2886.8,2297.4,0,0,738674.264008005,0,0,0
164581.581576227,40,2897.2,2758.8,2228,0,0,738674.264008468,0,0,0
164581.621575294,40,2952.2,2661.4,2190.2,0,0,738674.264008931,0,0,0
164581.66157436,40,2963,2611.4,2173.4,0,0,738674.264009394,0,0,0
164581.701573426,40,2944.8,2635.2,2184.2,0,0,738674.264009857,0,0,0
164581.741572493,40,2924.2,2702.2,2206.6,0,0,738674.264010319,0,0,0
164581.781571559,40,2858.4,2781.2,2245.6,0,0,738674.264010782,0,0,0
164581.821570626,40,2758.2,2871.2,2299.2,0,0,738674.264011245,0,0,0
164581.861569692,40,2637.4,2957.8,2386.8,0,0,738674.264011708,0,0,0
164581.901568758,40,2498.2,2977,2487.2,0,0,738674.264012171,0,0,0
164581.941567825,40,2379.8,2929.4,2603.6,0,0,738674.264012634,0,0,0
164581.981566891,40,2278.6,2829.4,2719.6,0,0,738674.264013097,0,0,0
164582.021565958,40,2218.2,2717.6,2805,0,0,738674.26401356,0,0,0
164582.061565024,40,2169.4,2616,2851.6,0,0,738674.264014023,0,0,0
164582.10156409,40,2143.4,2535.8,2866.2,0,0,738674.264014486,0,0,0
164582.141563157,40,2134,2499.4,2861.8,0,0,738674.264014949,0,0,0
164582.181562223,40,2132,2505.4,2873.6,0,0,738674.264015412,0,0,0
164582.22156129,40,2142.2,2548.2,2902.6,0,0,738674.264015875,0,0,0
164582.261560356,40,2167.6,2636.4,2909,0,0,738674.264016338,0,0,0
164582.301559422,40,2226,2768,2848.4,0,0,738674.264016801,0,0,0
164582.341558489,40,2315.2,2923.8,2720.8,0,0,738674.264017264,0,0,0
164582.381557555,40,2448.8,3006.6,2552.8,0,0,738674.264017727,0,0,0
164582.421556622,40,2609.8,2985.4,2409.4,0,0,738674.26401819,0,0,0
164582.461555688,40,2766.6,2881.8,2304.4,0,0,738674.264018652,0,0,0
164582.501554754,40,2880.2,2758,2230.4,0,0,738674.264019115,0,0,0
164582.541553821,40,2939.2,2652.4,2190.8,0,0,738674.264019578,0,0,0
164582.581552887,40,2964,2598.2,2167.2,0,0,738674.264020041,0,0,0
164582.621551954,40,2975.6,2599.2,2165.8,0,0,738674.264020504,0,0,0
164582.66155102,40,2970.2,2652,2186.2,0,0,738674.264020967,0,0,0
164582.701550086,40,2942.4,2709.2,2210.2,0,0,738674.26402143,0,0,0
164582.741549153,40,2882.2,2795.4,2244.2,0,0,738674.264021893,0,0,0
164582.781548219,40,2781.6,2884.6,2300.6,0,0,738674.264022356,0,0,0
164582.821547286,40,2645.6,2953.6,2376.8,0,0,738674.264022819,0,0,0
164582.861546352,40,2501.6,2952,2471.4,0,0,738674.264023282,0,0,0
164582.901545418,40,2378,2898.2,2583,0,0,738674.264023745,0,0,0
164582.941544485,40,2282.6,2818.4,2698.6,0,0,738674.264024208,0,0,0
164582.981543551,40,2215,2715.2,2788.6,0,0,738674.264024671,0,0,0
164583.021542618,40,2171,2609.8,2844,0,0,738674.264025134,0,0,0
164583.061541684,40,2138.2,2537.8,2868.8,0,0,738674.264025597,0,0,0
164583.10154075,40,2127,2501.8,2884.8,0,0,738674.26402606,0,0,0
164583.141539817,40,2126,2505,2913.2,0,0,738674.264026523,0,0,0
164583.181538883,40,2136.8,2550.6,2932.8,0,0,738674.264026986,0,0,0
164583.22153795,40,2165.4,2641.4,2930.8,0,0,738674.264027449,0,0,0
164583.261537016,40,2221.2,2786,2874,0,0,738674.264027912,0,0,0
164583.301536082,40,2322,2934.6,2728.6,0,0,738674.264028375,0,0,0
164583.341535149,40,2459.2,3020.6,2556.6,0,0,738674.264028838,0,0,0
164583.381534215,40,2618,2990.8,2410.4,0,0,738674.2640293,0,0,0
164583.421533282,40,2764.6,2878.8,2303.8,0,0,738674.264029763,0,0,0
164583.461532348,40,2879.2,2759.6,2234.2,0,0,738674.264030226,0,0,0
164583.501531414,40,2946.2,2660.2,2190.8,0,0,738674.264030689,0,0,0
164583.541530481,40,2969.8,2598.4,2165,0,0,738674.264031152,0,0,0
164583.581529547,40,2969.2,2588.2,2165.6,0,0,738674.264031615,0,0,0
164583.621528614,40,2962.6,2638,2180.8,0,0,738674.264032078,0,0,0
164583.66152768,40,2939.4,2703.6,2202.2,0,0,738674.264032541,0,0,0
164583.701526746,40,2874,2789.8,2244.8,0,0,738674.264033004,0,0,0
164583.741525813,40,2780.4,2885.8,2300,0,0,738674.264033467,0,0,0
164583.781524879,40,2651.6,2964.2,2380.6,0,0,738674.26403393,0,0,0
164583.821523946,40,2510,2983.8,2485,0,0,738674.264034393,0,0,0
164583.861523012,40,2376.6,2932,2605.2,0,0,738674.264034856,0,0,0
164583.901522078,40,2281.2,2813,2706.2,0,0,738674.264035319,0,0,0
164583.941521145,40,2213.6,2698.6,2791.4,0,0,738674.264035782,0,0,0
164583.981520211,40,2166.6,2588.4,2839.4,0,0,738674.264036245,0,0,0
164584.021519278,40,2137.4,2521.6,2855.8,0,0,738674.264036708,0,0,0
164584.061518344,40,2125,2491.4,2874.4,0,0,738674.264037171,0,0,0
164584.10151741,40,2125.4,2501.8,2906.4,0,0,738674.264037634,0,0,0
164584.141516477,40,2140.8,2556.4,2936.6,0,0,738674.264038097,0,0,0
164584.181515543,40,2169.2,2660.2,2933.8,0,0,738674.26403856,0,0,0
164584.22151461,40,2229,2804.4,2868.4,0,0,738674.264039022,0,0,0
164584.261513676,40,2329.4,2950.8,2727.4,0,0,738674.264039485,0,0,0
164584.301512742,40,2464.2,3029,2562.2,0,0,738674.264039948,0,0,0
164584.341511809,40,2615.2,3004.2,2410,0,0,738674.264040411,0,0,0
164584.381510875,40,2777.2,2895,2301.8,0,0,738674.264040874,0,0,0
164584.421509942,40,2889.6,2773,2236.8,0,0,738674.264041337,0,0,0
164584.461509008,40,2944.2,2662,2191,0,0,738674.2640418,0,0,0
164584.501508074,40,2953.8,2611.8,2175.4,0,0,738674.264042263,0,0,0
164584.541507141,40,2956.2,2637.8,2179,0,0,738674.264042726,0,0,0
164584.581506207,40,2945,2700.8,2203.4,0,0,738674.264043189,0,0,0
164584.621505274,40,2894.4,2774.2,2236.8,0,0,738674.264043652,0,0,0
164584.66150434,40,2812.2,2859.2,2280.4,0,0,738674.264044115,0,0,0
164584.701503406,40,2692.6,2935.4,2352.2,0,0,738674.264044578,0,0,0
164584.741502473,40,2566,2976,2435.6,0,0,738674.264045041,0,0,0
164584.781501539,40,2430.4,2954,2540.6,0,0,738674.264045504,0,0,0
164584.821500606,40,2328.6,2862.4,2645.4,0,0,738674.264045967,0,0,0
164584.861499672,40,2249.6,2765.4,2741.6,0,0,738674.26404643,0,0,0
164584.901498738,40,2190,2654.2,2810.6,0,0,738674.264046893,0,0,0
164584.941497805,40,2155.2,2557.6,2850.6,0,0,738674.264047356,0,0,0
164584.981496871,40,2129.8,2501.8,2872.6,0,0,738674.264047818,0,0,0
164585.021495938,40,2123.8,2483,2902.2,0,0,738674.264048281,0,0,0
164585.061495004,40,2126.8,2522.4,2952.8,0,0,738674.264048744,0,0,0
164585.10149407,40,2150.2,2599.4,2962,0,0,738674.264049207,0,0,0
164585.141493137,40,2190.2,2714.8,2936,0,0,738674.26404967,0,0,0
164585.181492203,40,2258.2,2857.4,2848.4,0,0,738674.264050133,0,0,0
164585.22149127,40,2359.4,2996.4,2699.2,0,0,738674.264050596,0,0,0
164585.261490336,40,2495.4,3041.4,2527,0,0,738674.264051059,0,0,0
164585.301489402,40,2652.6,2988.6,2389.4,0,0,738674.264051522,0,0,0
164585.341488469,40,2795.6,2876.2,2292.6,0,0,738674.264051985,0,0,0
164585.381487535,40,2897.8,2757.8,2230.2,0,0,738674.264052448,0,0,0
164585.421486602,40,2940.6,2657.6,2189.2,0,0,738674.264052911,0,0,0
164585.461485668,40,2947.4,2606.8,2173.8,0,0,738674.264053374,0,0,0
164585.501484734,40,2945.4,2620.8,2177,0,0,738674.264053837,0,0,0
164585.541483801,40,2928.8,2685.6,2202.6,0,0,738674.2640543,0,0,0
164585.581482867,40,2888.2,2754,2227,0,0,738674.264054763,0,0,0
164585.621481934,40,2799.2,2839.2,2279.4,0,0,738674.264055226,0,0,0
164585.661481,40,2691.4,2919.8,2344.4,0,0,738674.264055689,0,0,0
164585.701480066,40,2566.6,2977.6,2434.8,0,0,738674.264056152,0,0,0
164585.741479133,40,2430.8,2951.4,2538,0,0,738674.264056615,0,0,0
164585.781478199,40,2326,2865,2642,0,0,738674.264057078,0,0,0
164585.821477266,40,2238.6,2749.2,2734.2,0,0,738674.264057541,0,0,0
164585.861476332,40,2187.2,2650,2809,0,0,738674.264058003,0,0,0
164585.901475398,40,2151.6,2559.6,2853.6,0,0,738674.264058466,0,0,0
164585.941474465,40,2134,2507.4,2873,0,0,738674.264058929,0,0,0
164585.981473531,40,2123.4,2490.4,2899.6,0,0,738674.264059392,0,0,0
164586.021472598,40,2130.4,2530.4,2967.8,0,0,738674.264059855,0,0,0
164586.061471664,40,2149,2603.4,2961.4,0,0,738674.264060318,0,0,0
164586.10147073,40,2191,2711.2,2928.4,0,0,738674.264060781,0,0,0
164586.141469797,40,2254.4,2856,2850.2,0,0,738674.264061244,0,0,0
164586.181468863,40,2347.8,2973.2,2701.6,0,0,738674.264061707,0,0,0
164586.22146793,40,2476.2,3031.4,2539,0,0,738674.26406217,0,0,0
164586.261466996,40,2632.4,2993.2,2402.8,0,0,738674.264062633,0,0,0
164586.301466062,40,2769.4,2877.2,2297.8,0,0,738674.264063096,0,0,0
164586.341465129,40,2876.2,2756.8,2229.4,0,0,738674.264063559,0,0,0
164586.381464195,40,2910.6,2647.4,2192.2,0,0,738674.264064022,0,0,0
164586.421463262,40,2917.8,2587.4,2165.2,0,0,738674.264064485,0,0,0
164586.461462328,40,2929.6,2601.4,2174.6,0,0,738674.264064948,0,0,0
164586.501461394,40,2932,2658.4,2191.8,0,0,738674.264065411,0,0,0
164586.541460461,40,2917.4,2718.2,2215.4,0,0,738674.264065874,0,0,0
164586.581459527,40,2855,2796,2254.2,0,0,738674.264066337,0,0,0
164586.621458594,40,2762.6,2889.4,2306.4,0,0,738674.2640668,0,0,0
164586.66145766,40,2639.2,2968,2388,0,0,738674.264067263,0,0,0
164586.701456726,40,2500,2993.4,2492,0,0,738674.264067726,0,0,0
164586.741455793,40,2374.6,2936.6,2609.4,0,0,738674.264068188,0,0,0
164586.781454859,40,2274,2823.4,2717.8,0,0,738674.264068651,0,0,0
164586.821453926,40,2209,2707.8,2798.2,0,0,738674.264069114,0,0,0
164586.861452992,40,2165.2,2594.2,2837.8,0,0,738674.264069577,0,0,0
164586.901452058,40,2138,2524,2857,0,0,738674.26407004,0,0,0
164586.941451125,40,2130.8,2499.4,2867.8,0,0,738674.264070503,0,0,0
164586.981450191,40,2137,2519.8,2891.6,0,0,738674.264070966,0,0,0
164587.021449258,40,2154.6,2589.6,2913.6,0,0,738674.264071429,0,0,0
164587.061448324,40,2187.2,2699.6,2895.8,0,0,738674.264071892,0,0,0
164587.10144739,40,2251,2842.6,2822.2,0,0,738674.264072355,0,0,0
164587.141446457,40,2352.2,2978,2688.2,0,0,738674.264072818,0,0,0
164587.181445523,40,2494.6,3026.2,2522,0,0,738674.264073281,0,0,0
164587.22144459,40,2647.6,2979,2384.4,0,0,738674.264073744,0,0,0
164587.261443656,40,2793.2,2864.6,2287.6,0,0,738674.264074207,0,0,0
164587.301442722,40,2901,2743.6,2225.2,0,0,738674.26407467,0,0,0
164587.341441789,40,2942.4,2647.2,2181.2,0,0,738674.264075133,0,0,0
164587.381440855,40,2943,2590.4,2170.4,0,0,738674.264075596,0,0,0
164587.421439922,40,2944,2611.6,2173.2,0,0,738674.264076059,0,0,0
164587.461438988,40,2938,2674.6,2198,0,0,738674.264076522,0,0,0
164587.501438054,40,2895.4,2752.2,2230.2,0,0,738674.264076984,0,0,0
164587.541437121,40,2822,2835.8,2272.8,0,0,738674.264077447,0,0,0
164587.581436187,40,2721,2921,2338.2,0,0,738674.26407791,0,0,0
164587.621435254,40,2588.6,2982.8,2420.6,0,0,738674.264078373,0,0,0
164587.66143432,40,2457.4,2975.6,2525.2,0,0,738674.264078836,0,0,0
164587.701433386,40,2351,2915.6,2635.4,0,0,738674.264079299,0,0,0
164587.741432453,40,2260.8,2814,2749.6,0,0,738674.264079762,0,0,0
164587.781431519,40,2209.2,2704.4,2817.8,0,0,738674.264080225,0,0,0
164587.821430586,40,2164.6,2603.6,2858.2,0,0,738674.264080688,0,0,0
164587.861429652,40,2141.4,2544.2,2872.8,0,0,738674.264081151,0,0,0
164587.901428718,40,2132.4,2518,2889.4,0,0,738674.264081614,0,0,0
164587.941427785,40,2138.8,2542.2,2911.8,0,0,738674.264082077,0,0,0
164587.981426851,40,2161,2617.8,2913.8,0,0,738674.26408254,0,0,0
164588.021425918,40,2204,2733.8,2876.6,0,0,738674.264083003,0,0,0
164588.061424984,40,2282.2,2874.4,2774.8,0,0,738674.264083466,0,0,0
164588.10142405,40,2394.8,2983.4,2623,0,0,738674.264083929,0,0,0
164588.141423117,40,2533.8,3005.8,2469.2,0,0,738674.264084392,0,0,0
164588.267420176,126,2915.2,2706.2,2208.8,0,0,738674.26408585,0,0,0
164588.307419242,40,2947.2,2631,2178.6,0,0,738674.264086313,0,0,0
164588.347418309,40,2947.8,2604.6,2170.8,0,0,738674.264086776,0,0,0
164588.387417375,40,2964.2,2641.4,2183,0,0,738674.264087239,0,0,0
164588.427416442,40,2932.2,2708.4,2208.4,0,0,738674.264087702,0,0,0
164588.467415508,40,2881,2788.2,2244.2,0,0,738674.264088165,0,0,0
164588.507414574,40,2783.8,2880.8,2299.4,0,0,738674.264088628,0,0,0
164588.547413641,40,2667,2966.4,2377.4,0,0,738674.264089091,0,0,0
164588.587412707,40,2516.8,2986.8,2474,0,0,738674.264089554,0,0,0
164588.627411774,40,2393.2,2944,2591.2,0,0,738674.264090017,0,0,0
164588.66741084,40,2291,2853.6,2699.8,0,0,738674.26409048,0,0,0
164588.707409906,40,2216.8,2737.4,2795.6,0,0,738674.264090943,0,0,0
164588.747408973,40,2175,2630,2853,0,0,738674.264091405,0,0,0
164588.787408039,40,2145,2544.8,2884.2,0,0,738674.264091868,0,0,0
164588.827407106,40,2130.6,2506,2896.6,0,0,738674.264092331,0,0,0
164588.867406172,40,2126.2,2506.2,2913.6,0,0,738674.264092794,0,0,0
164588.907405238,40,2138.2,2549.8,2928.2,0,0,738674.264093257,0,0,0
164588.947404305,40,2170.8,2644.6,2931.4,0,0,738674.26409372,0,0,0
164588.987403371,40,2222.6,2781.8,2873.8,0,0,738674.264094183,0,0,0
164589.027402438,40,2308.2,2928.8,2748.6,0,0,738674.264094646,0,0,0
164589.067401504,40,2435.2,3010.8,2582.4,0,0,738674.264095109,0,0,0
164589.10740057,40,2589.2,2995.6,2431,0,0,738674.264095572,0,0,0
164589.147399637,40,2745.4,2899,2317.4,0,0,738674.264096035,0,0,0
164589.187398703,40,2864.2,2778.6,2243.8,0,0,738674.264096498,0,0,0
164589.22739777,40,2936,2670.6,2195,0,0,738674.264096961,0,0,0
164589.267396836,40,2954.4,2594.6,2168.6,0,0,738674.264097424,0,0,0
164589.307395902,40,2960,2577.6,2164,0,0,738674.264097887,0,0,0
164589.347394969,40,2974.4,2622.8,2176.4,0,0,738674.26409835,0,0,0
164589.387394035,40,2951.2,2675.2,2194,0,0,738674.264098813,0,0,0
164589.427393102,40,2901.8,2754.2,2228.4,0,0,738674.264099276,0,0,0
164589.467392168,40,2822.6,2839.2,2271.4,0,0,738674.264099739,0,0,0
164589.507391234,40,2695.8,2916.4,2342.4,0,0,738674.264100202,0,0,0
164589.547390301,40,2557,2963,2435.6,0,0,738674.264100665,0,0,0
164589.587389367,40,2424.2,2949.8,2544.8,0,0,738674.264101128,0,0,0
164589.627388434,40,2318.2,2863.6,2655.8,0,0,738674.26410159,0,0,0
164589.6673875,40,2241.2,2764,2760.6,0,0,738674.264102053,0,0,0
164589.707386566,40,2184.6,2660,2836.8,0,0,738674.264102516,0,0,0
164589.747385633,40,2154.4,2580.2,2882,0,0,738674.264102979,0,0,0
164589.787384699,40,2132.2,2526.4,2899,0,0,738674.264103442,0,0,0
164589.827383766,40,2123.2,2518.2,2921,0,0,738674.264103905,0,0,0
164589.867382832,40,2139.6,2560.2,2944.4,0,0,738674.264104368,0,0,0
164589.907381898,40,2166.4,2632,2926.8,0,0,738674.264104831,0,0,0
164589.947380965,40,2208,2758,2884.2,0,0,738674.264105294,0,0,0
164589.987380031,40,2288.2,2894.2,2777.4,0,0,738674.264105757,0,0,0
164590.027379098,40,2395.8,2985.6,2619.8,0,0,738674.26410622,0,0,0
164590.067378164,40,2533.8,3009.6,2475.2,0,0,738674.264106683,0,0,0
164590.10737723,40,2679.8,2937.4,2353,0,0,738674.264107146,0,0,0
164590.147376297,40,2804.8,2837.8,2274,0,0,738674.264107609,0,0,0
164590.187375363,40,2896.6,2730.2,2220,0,0,738674.264108072,0,0,0
164590.22737443,40,2937.8,2652.8,2190.6,0,0,738674.264108535,0,0,0
164590.267373496,40,2939.2,2627,2182,0,0,738674.264108998,0,0,0
164590.307372562,40,2942,2668.6,2194.6,0,0,738674.264109461,0,0,0
164590.347371629,40,2926.6,2734.2,2216.2,0,0,738674.264109924,0,0,0
164590.387370695,40,2876,2795.8,2246.4,0,0,738674.264110386,0,0,0
164590.427369762,40,2791.6,2863.6,2294.4,0,0,738674.264110849,0,0,0
164590.467368828,40,2672.2,2932.4,2358.6,0,0,738674.264111312,0,0,0
164590.507367894,40,2541.8,2965.4,2439.2,0,0,738674.264111775,0,0,0
164590.547366961,40,2421.6,2931.6,2537.4,0,0,738674.264112238,0,0,0
164590.587366027,40,2317,2849.2,2640.6,0,0,738674.264112701,0,0,0
164590.627365094,40,2252.6,2749.2,2714.2,0,0,738674.264113164,0,0,0
164590.66736416,40,2196.4,2666.8,2784,0,0,738674.264113627,0,0,0
164590.707363226,40,2174.6,2616.2,2832.2,0,0,738674.26411409,0,0,0
164590.747362293,40,2162.8,2598.6,2872.8,0,0,738674.264114553,0,0,0
164590.787361359,40,2162.2,2613,2896.2,0,0,738674.264115016,0,0,0
164590.827360426,40,2168,2636.4,2913,0,0,738674.264115479,0,0,0
164590.867359492,40,2172.4,2645,2920.2,0,0,738674.264115942,0,0,0
164590.907358558,40,2171.6,2658.6,2941.2,0,0,738674.264116405,0,0,0
164590.947357625,40,2168.4,2652.8,2957.4,0,0,738674.264116868,0,0,0
164590.987356691,40,2162.8,2642.4,2963.2,0,0,738674.264117331,0,0,0
164591.027355758,40,2158.4,2629.8,2965.4,0,0,738674.264117794,0,0,0
164591.067354824,40,2157.2,2624.4,2974.8,0,0,738674.264118257,0,0,0
164591.10735389,40,2153.2,2616.2,2967.4,0,0,738674.26411872,0,0,0
164591.147352957,40,2151.4,2606.2,2962.6,0,0,738674.264119183,0,0,0
164591.187352023,40,2150.4,2594.8,2958.4,0,0,738674.264119646,0,0,0
164591.22735109,40,2146.4,2583.6,2949.4,0,0,738674.264120109,0,0,0
164591.267350156,40,2144,2576.8,2948.6,0,0,738674.264120571,0,0,0
164591.307349222,40,2143,2566.4,2941.2,0,0,738674.264121034,0,0,0
164591.347348289,40,2141.4,2554.8,2936.2,0,0,738674.264121497,0,0,0
164591.387347355,40,2139.8,2547.2,2928.4,0,0,738674.26412196,0,0,0
164591.427346422,40,2136.4,2535,2923.2,0,0,738674.264122423,0,0,0
