169135.512285004,40,2760,2944,2310,0,0,738650.342378614,0,0,0
169135.55228407,40,2763.6,2939.8,2308.8,0,0,738650.342379077,0,0,0
169135.592283136,40,2771.2,2950.8,2309.4,0,0,738650.34237954,0,0,0
169135.632282203,40,2774.4,2948.4,2308.2,0,0,738650.342380003,0,0,0
169135.672281269,40,2775.2,2945.8,2304,0,0,738650.342380466,0,0,0
169135.712280336,40,2781,2941,2303.2,0,0,738650.342380929,0,0,0
169135.752279402,40,2781,2933.8,2299.4,0,0,738650.342381392,0,0,0
169135.792278468,40,2775.8,2925.2,2299.4,0,0,738650.342381855,0,0,0
169135.832277535,40,2771.8,2923.4,2300.4,0,0,738650.342382318,0,0,0
169135.872276601,40,2768.8,2921.4,2299,0,0,738650.342382781,0,0,0
169135.912275668,40,2769.6,2920,2299.4,0,0,738650.342383244,0,0,0
169135.952274734,40,2764,2922.2,2297.8,0,0,738650.342383707,0,0,0
169135.9922738,40,2768.2,2918.2,2296.2,0,0,738650.34238417,0,0,0
169136.032272867,40,2776.8,2916.6,2295.6,0,0,738650.342384633,0,0,0
169136.072271933,40,2778.8,2907.8,2290,0,0,738650.342385096,0,0,0
169136.112271,40,2792.6,2893,2285.2,0,0,738650.342385559,0,0,0
169136.152270066,40,2801.6,2878.8,2277.8,0,0,738650.342386022,0,0,0
169136.192269132,40,2820.2,2859,2263.8,0,0,738650.342386484,0,0,0
169136.232268199,40,2829.2,2840.4,2257.8,0,0,738650.342386947,0,0,0
169136.272267265,40,2838.2,2823.6,2253.4,0,0,738650.34238741,0,0,0
169136.312266332,40,2837.4,2823.4,2250.6,0,0,738650.342387873,0,0,0
169136.352265398,40,2830.8,2833.4,2254.8,0,0,738650.342388336,0,0,0
169136.392264464,40,2818.8,2848.8,2262.8,0,0,738650.342388799,0,0,0
169136.432263531,40,2805.6,2865.8,2271.8,0,0,738650.342389262,0,0,0
169136.47726248,45,2786,2873.6,2276.4,0,0,738650.342389783,0,0,0
169136.554260683,77,2773.2,2899.2,2292.2,0,0,738650.342390674,0,0,0
169136.59425975,40,2766,2909.8,2298,0,0,738650.342391137,0,0,0
169136.634258816,40,2764,2920.6,2297.8,0,0,738650.3423916,0,0,0
169136.674257883,40,2764.2,2913.8,2297.6,0,0,738650.342392063,0,0,0
169136.714256949,40,2783.2,2888.6,2283.4,0,0,738650.342392526,0,0,0
169136.754256015,40,2800.4,2841.6,2267.4,0,0,738650.342392989,0,0,0
169136.794255082,40,2821.6,2772,2239.6,0,0,738650.342393452,0,0,0
169136.834254148,40,2851.6,2702.6,2209.2,0,0,738650.342393915,0,0,0
169136.874253215,40,2868.8,2633.6,2187.8,0,0,738650.342394378,0,0,0
169136.914252281,40,2879.8,2583.2,2168.2,0,0,738650.342394841,0,0,0
169136.954251347,40,2901.6,2549.2,2156.8,0,0,738650.342395304,0,0,0
169136.994250414,40,2920.4,2544,2148.4,0,0,738650.342395767,0,0,0
169137.03424948,40,2939,2562.6,2156.8,0,0,738650.34239623,0,0,0
169137.074248547,40,2939.8,2596.4,2162,0,0,738650.342396693,0,0,0
169137.114247613,40,2959.2,2627.2,2173.8,0,0,738650.342397155,0,0,0
169137.154246679,40,2953.4,2671.4,2186.6,0,0,738650.342397618,0,0,0
169137.194245746,40,2925.8,2726.2,2201.6,0,0,738650.342398081,0,0,0
169137.234244812,40,2859,2794,2238.6,0,0,738650.342398544,0,0,0
169137.274243879,40,2759.6,2875.4,2289.6,0,0,738650.342399007,0,0,0
169137.314242945,40,2617,2931.8,2363.2,0,0,738650.34239947,0,0,0
169137.354242011,40,2487.2,2942,2456.6,0,0,738650.342399933,0,0,0
169137.394241078,40,2376.6,2865.2,2534.6,0,0,738650.342400396,0,0,0
169137.434240144,40,2303,2791,2593.2,0,0,738650.342400859,0,0,0
169137.474239211,40,2302.4,2779.8,2591.2,0,0,738650.342401322,0,0,0
169137.514238277,40,2351,2818.8,2540.6,0,0,738650.342401785,0,0,0
169137.554237343,40,2443.6,2895.2,2472,0,0,738650.342402248,0,0,0
169137.59423641,40,2569.2,2919.8,2384,0,0,738650.342402711,0,0,0
169137.634235476,40,2700.4,2866,2300,0,0,738650.342403174,0,0,0
169137.674234543,40,2823.4,2784.2,2243.4,0,0,738650.342403637,0,0,0
169137.714233609,40,2885.6,2688.8,2199.4,0,0,738650.3424041,0,0,0
169137.754232675,40,2927.8,2617.2,2170.4,0,0,738650.342404563,0,0,0
169137.794231742,40,2940.4,2575.4,2156.6,0,0,738650.342405026,0,0,0
169137.834230808,40,2952.2,2576.6,2157.4,0,0,738650.342405489,0,0,0
169137.874229874,40,2940.6,2602.4,2165,0,0,738650.342405952,0,0,0
169137.914228941,40,2912,2631.4,2183.4,0,0,738650.342406415,0,0,0
169137.954228007,40,2874,2671.8,2199.4,0,0,738650.342406878,0,0,0
169137.994227074,40,2827.2,2723.2,2224.2,0,0,738650.34240734,0,0,0
169138.03422614,40,2763,2798.8,2261.4,0,0,738650.342407803,0,0,0
169138.074225207,40,2675.8,2870.2,2316.8,0,0,738650.342408266,0,0,0
169138.114224273,40,2568.4,2942.2,2391.8,0,0,738650.342408729,0,0,0
169138.154223339,40,2453.6,2969.4,2502.6,0,0,738650.342409192,0,0,0
169138.194222406,40,2358,2935.2,2616.2,0,0,738650.342409655,0,0,0
169138.234221472,40,2284,2876.6,2724.8,0,0,738650.342410118,0,0,0
169138.274220539,40,2267.4,2858.2,2755.8,0,0,738650.342410581,0,0,0
169138.314219605,40,2312.6,2959.4,2738.8,0,0,738650.342411044,0,0,0
169138.354218671,40,2389.4,3042.4,2636.6,0,0,738650.342411507,0,0,0
169138.394217738,40,2500.6,3067.2,2508.8,0,0,738650.34241197,0,0,0
169138.434216804,40,2640.2,3018,2384.6,0,0,738650.342412433,0,0,0
169138.474215871,40,2772,2880,2285.2,0,0,738650.342412896,0,0,0
169138.514214937,40,2863.2,2725.2,2213.8,0,0,738650.342413359,0,0,0
169138.554214003,40,2914.8,2589.6,2166.2,0,0,738650.342413822,0,0,0
169138.59421307,40,2877.4,2476.6,2136.8,0,0,738650.342414285,0,0,0
169138.634212136,40,2825,2394,2114.6,0,0,738650.342414748,0,0,0
169138.674211203,40,2757.2,2332.2,2096.2,0,0,738650.342415211,0,0,0
169138.714210269,40,2709,2294.4,2084,0,0,738650.342415674,0,0,0
169138.754209335,40,2681,2266.6,2076,0,0,738650.342416137,0,0,0
169138.794208402,40,2682,2256.6,2070.6,0,0,738650.3424166,0,0,0
169138.834207468,40,2743.4,2273,2073.6,0,0,738650.342417062,0,0,0
169138.874206534,40,2840.6,2317.6,2086,0,0,738650.342417525,0,0,0
169138.914205601,40,2940.2,2394.8,2106.2,0,0,738650.342417988,0,0,0
169138.954204667,40,2995,2517.6,2136.6,0,0,738650.342418451,0,0,0
169138.994203734,40,2945,2675.4,2186.4,0,0,738650.342418914,0,0,0
169139.0342028,40,2820.2,2821.6,2256.6,0,0,738650.342419377,0,0,0
169139.074201867,40,2695.6,2931.6,2331.6,0,0,738650.34241984,0,0,0
169139.114200933,40,2595.6,2983.8,2394.8,0,0,738650.342420303,0,0,0
169139.154199999,40,2575.6,3003.2,2419,0,0,738650.342420766,0,0,0
169139.194199066,40,2613.6,3007.6,2395.8,0,0,738650.342421229,0,0,0
169139.234198132,40,2698.4,2993.6,2348.6,0,0,738650.342421692,0,0,0
169139.274197199,40,2774,2868.4,2279.4,0,0,738650.342422155,0,0,0
169139.314196265,40,2856.4,2773.4,2233.4,0,0,738650.342422618,0,0,0
169139.354195331,40,2921.6,2697.4,2198.6,0,0,738650.342423081,0,0,0
169139.394194398,40,2931,2605,2167.8,0,0,738650.342423544,0,0,0
169139.434193464,40,2949.6,2542.4,2148.8,0,0,738650.342424007,0,0,0
169139.47419253,40,2946.8,2501.8,2136.8,0,0,738650.34242447,0,0,0
169139.514191597,40,2950.2,2478,2128.4,0,0,738650.342424933,0,0,0
169139.554190663,40,2948,2461.6,2126,0,0,738650.342425396,0,0,0
169139.59418973,40,2951.4,2457.6,2120.2,0,0,738650.342425858,0,0,0
169139.634188796,40,2958.6,2466.6,2126.8,0,0,738650.342426321,0,0,0
169139.674187863,40,2978,2485.4,2128.4,0,0,738650.342426784,0,0,0
169139.714186929,40,2972.6,2491,2129.2,0,0,738650.342427247,0,0,0
169139.754185995,40,2963.2,2493.2,2133,0,0,738650.34242771,0,0,0
169139.794185062,40,2973.4,2499,2132.6,0,0,738650.342428173,0,0,0
169139.834184128,40,2979.8,2506.4,2135.4,0,0,738650.342428636,0,0,0
169139.874183195,40,2981.8,2511.4,2135.4,0,0,738650.342429099,0,0,0
169139.914182261,40,2973.8,2511.4,2138.2,0,0,738650.342429562,0,0,0
169139.954181327,40,2979.4,2519.2,2138.8,0,0,738650.342430025,0,0,0
169139.994180394,40,2979.4,2518.8,2136.4,0,0,738650.342430488,0,0,0
169140.03417946,40,2971.4,2517.4,2137.2,0,0,738650.342430951,0,0,0
169140.074178526,40,2980,2504.6,2133.2,0,0,738650.342431414,0,0,0
169140.114177593,40,2973.8,2476,2122.8,0,0,738650.342431877,0,0,0
169140.154176659,40,2964.6,2435.2,2112.4,0,0,738650.34243234,0,0,0
169140.194175726,40,2939.4,2393.4,2098.6,0,0,738650.342432803,0,0,0
169140.234174792,40,2917.8,2354.8,2091.4,0,0,738650.342433266,0,0,0
169140.274173859,40,2884,2325.6,2083.6,0,0,738650.342433729,0,0,0
169140.314172925,40,2849.6,2306.2,2080,0,0,738650.342434192,0,0,0
169140.354171991,40,2814,2286.4,2073.8,0,0,738650.342434655,0,0,0
169140.394171058,40,2802.4,2281.8,2074,0,0,738650.342435118,0,0,0
169140.434170124,40,2807.4,2285.4,2075.6,0,0,738650.342435581,0,0,0
169140.474169191,40,2822.4,2296.6,2079.4,0,0,738650.342436043,0,0,0
169140.514168257,40,2832.2,2303.4,2083,0,0,738650.342436506,0,0,0
169140.554167323,40,2830.6,2312.4,2082.6,0,0,738650.342436969,0,0,0
169140.59416639,40,2839.6,2316.4,2082.6,0,0,738650.342437432,0,0,0
169140.634165456,40,2855.2,2323.6,2080.8,0,0,738650.342437895,0,0,0
169140.674164523,40,2872.6,2328,2086.6,0,0,738650.342438358,0,0,0
169140.714163589,40,2864.2,2334,2085,0,0,738650.342438821,0,0,0
169140.754162655,40,2881.6,2337.8,2088.2,0,0,738650.342439284,0,0,0
169140.794161722,40,2905.2,2349.8,2089.6,0,0,738650.342439747,0,0,0
169140.834160788,40,2912.8,2354.8,2094,0,0,738650.34244021,0,0,0
169140.874159854,40,2912.4,2357.4,2092.4,0,0,738650.342440673,0,0,0
169140.914158921,40,2912.8,2362.8,2095,0,0,738650.342441136,0,0,0
169140.954157987,40,2912,2366,2093.6,0,0,738650.342441599,0,0,0
169140.994157054,40,2924.4,2376.2,2098.8,0,0,738650.342442062,0,0,0
169141.03415612,40,2934.2,2381.8,2101,0,0,738650.342442525,0,0,0
169141.074155187,40,2933.4,2388.8,2100.8,0,0,738650.342442988,0,0,0
169141.114154253,40,2937.2,2392.4,2104.6,0,0,738650.342443451,0,0,0
169141.154153319,40,2943.2,2398.6,2102.4,0,0,738650.342443914,0,0,0
169141.194152386,40,2948.4,2407.2,2106.4,0,0,738650.342444377,0,0,0
169141.234151452,40,2952.6,2414.2,2106.6,0,0,738650.34244484,0,0,0
169141.274150519,40,2951.2,2413.6,2108.2,0,0,738650.342445303,0,0,0
169141.314149585,40,2957,2422.8,2112.6,0,0,738650.342445766,0,0,0
169141.354148651,40,2960.2,2427,2112,0,0,738650.342446228,0,0,0
169141.394147718,40,2963.2,2435.8,2112,0,0,738650.342446691,0,0,0
169141.434146784,40,2958.8,2443.6,2115,0,0,738650.342447154,0,0,0
169141.474145851,40,2964.8,2451.6,2120.2,0,0,738650.342447617,0,0,0
169141.514144917,40,2976.4,2460.8,2122,0,0,738650.34244808,0,0,0
169141.554143983,40,2994.2,2467.4,2123,0,0,738650.342448543,0,0,0
169141.59414305,40,2975,2464.8,2122.8,0,0,738650.342449006,0,0,0
169141.634142116,40,2981.4,2473.2,2128.6,0,0,738650.342449469,0,0,0
169141.674141183,40,2982.2,2488.4,2130.8,0,0,738650.342449932,0,0,0
169141.714140249,40,2978,2495.2,2134,0,0,738650.342450395,0,0,0
169141.754139315,40,2968,2502,2134.4,0,0,738650.342450858,0,0,0
169141.794138382,40,2961.6,2508.2,2137.8,0,0,738650.342451321,0,0,0
169141.834137448,40,2955.4,2516,2142.4,0,0,738650.342451784,0,0,0
169141.874136514,40,2942.6,2523.2,2147.6,0,0,738650.342452247,0,0,0
169141.914135581,40,2926.2,2529,2149.4,0,0,738650.34245271,0,0,0
169141.954134647,40,2900,2533,2151.6,0,0,738650.342453173,0,0,0
169141.994133714,40,2875.2,2536.8,2154.4,0,0,738650.342453636,0,0,0
169142.03413278,40,2855.2,2538.8,2159.4,0,0,738650.342454099,0,0,0
169142.074131847,40,2836.8,2533.2,2161.4,0,0,738650.342454562,0,0,0
169142.114130913,40,2827.2,2540.8,2162.2,0,0,738650.342455024,0,0,0
169142.154129979,40,2822.6,2547.4,2163.8,0,0,738650.342455487,0,0,0
169142.194129046,40,2824.4,2549.4,2166.2,0,0,738650.34245595,0,0,0
169142.234128112,40,2822.2,2533.4,2161.2,0,0,738650.342456413,0,0,0
169142.274127179,40,2822,2498.6,2149.6,0,0,738650.342456876,0,0,0
169142.314126245,40,2835.6,2449.6,2134.6,0,0,738650.342457339,0,0,0
169142.354125311,40,2827.8,2394.4,2111,0,0,738650.342457802,0,0,0
169142.394124378,40,2791.4,2337.4,2090,0,0,738650.342458265,0,0,0
169142.434123444,40,2734.6,2285.2,2079.4,0,0,738650.342458728,0,0,0
169142.47412251,40,2675.8,2247.2,2063.8,0,0,738650.342459191,0,0,0
169142.514121577,40,2625,2216.8,2059.6,0,0,738650.342459654,0,0,0
169142.554120643,40,2601.8,2205.6,2054.4,0,0,738650.342460117,0,0,0
169142.59411971,40,2631.8,2218,2058.8,0,0,738650.34246058,0,0,0
169142.634118776,40,2673.4,2231.2,2063.8,0,0,738650.342461043,0,0,0
169142.674117843,40,2744.4,2262,2068.4,0,0,738650.342461506,0,0,0
169142.714116909,40,2846.4,2313,2080.6,0,0,738650.342461969,0,0,0
169142.754115975,40,2941.8,2393.2,2101.6,0,0,738650.342462432,0,0,0
169142.794115042,40,2981.8,2510.4,2136.6,0,0,738650.342462895,0,0,0
169142.834114108,40,2944.6,2655.6,2183.6,0,0,738650.342463358,0,0,0
169142.874113175,40,2837.2,2784.8,2241.4,0,0,738650.342463821,0,0,0
169142.914112241,40,2729.4,2892,2306.6,0,0,738650.342464284,0,0,0
169142.954111307,40,2630.6,2941.2,2359.4,0,0,738650.342464747,0,0,0
169142.994110374,40,2584.4,2948,2388.8,0,0,738650.342465209,0,0,0
169143.03410944,40,2605.8,2926.6,2366.6,0,0,738650.342465672,0,0,0
169143.074108507,40,2673.6,2884.4,2322.4,0,0,738650.342466135,0,0,0
169143.114107573,40,2760.8,2827.8,2271.2,0,0,738650.342466598,0,0,0
169143.154106639,40,2862.2,2744,2220.8,0,0,738650.342467061,0,0,0
169143.194105706,40,2951.4,2646.4,2176.4,0,0,738650.342467524,0,0,0
169143.234104772,40,2966.4,2535.2,2145.2,0,0,738650.342467987,0,0,0
169143.274103839,40,2961.8,2451.8,2119.8,0,0,738650.34246845,0,0,0
169143.314102905,40,2942.6,2389.6,2098.2,0,0,738650.342468913,0,0,0
169143.354101971,40,2913.4,2347,2090.2,0,0,738650.342469376,0,0,0
169143.394101038,40,2872,2321.6,2083,0,0,738650.342469839,0,0,0
169143.434100104,40,2841.8,2300.4,2076.2,0,0,738650.342470302,0,0,0
169143.474099171,40,2828.2,2301.2,2080,0,0,738650.342470765,0,0,0
169143.514098237,40,2830.2,2310.2,2082.8,0,0,738650.342471228,0,0,0
169143.554097303,40,2834.6,2318.4,2086.6,0,0,738650.342471691,0,0,0
169143.59409637,40,2821.8,2328.8,2091.8,0,0,738650.342472154,0,0,0
169143.634095436,40,2800.2,2334,2089.4,0,0,738650.342472617,0,0,0
169143.674094503,40,2781.8,2332.8,2096.6,0,0,738650.34247308,0,0,0
169143.714093569,40,2779.8,2338.6,2098.4,0,0,738650.342473543,0,0,0
169143.754092635,40,2777.8,2344.2,2098,0,0,738650.342474006,0,0,0
169143.794091702,40,2791.6,2348.8,2102.4,0,0,738650.342474469,0,0,0
169143.834090768,40,2806.8,2361.6,2100.2,0,0,738650.342474932,0,0,0
169143.874089835,40,2826.6,2368.4,2103.8,0,0,738650.342475394,0,0,0
169143.914088901,40,2844,2374.2,2102.2,0,0,738650.342475857,0,0,0
169143.954087967,40,2856.2,2378.4,2104,0,0,738650.34247632,0,0,0
169143.994087034,40,2889.6,2390.2,2105.4,0,0,738650.342476783,0,0,0
169144.0340861,40,2921.8,2401.4,2105.8,0,0,738650.342477246,0,0,0
169144.074085167,40,2953.4,2410.6,2109.6,0,0,738650.342477709,0,0,0
169144.114084233,40,2964.4,2420,2108,0,0,738650.342478172,0,0,0
169144.154083299,40,2971,2428,2112.2,0,0,738650.342478635,0,0,0
169144.194082366,40,2956.8,2434.2,2114.2,0,0,738650.342479098,0,0,0
169144.234081432,40,2937,2440.2,2119.4,0,0,738650.342479561,0,0,0
169144.274080499,40,2913.2,2446.8,2121.2,0,0,738650.342480024,0,0,0
169144.314079565,40,2884,2451,2123.4,0,0,738650.342480487,0,0,0
169144.354078631,40,2848.8,2448,2131.6,0,0,738650.34248095,0,0,0
169144.394077698,40,2821.6,2447.6,2130.6,0,0,738650.342481413,0,0,0
169144.434076764,40,2807.6,2455.8,2136.4,0,0,738650.342481876,0,0,0
169144.474075831,40,2812.2,2462.8,2137,0,0,738650.342482339,0,0,0
169144.514074897,40,2832.2,2471,2139.4,0,0,738650.342482802,0,0,0
169144.554073963,40,2861.4,2488.8,2140.4,0,0,738650.342483265,0,0,0
169144.59407303,40,2891.8,2499.6,2141.8,0,0,738650.342483728,0,0,0
169144.634072096,40,2914.4,2519.2,2144.2,0,0,738650.34248419,0,0,0
169144.674071163,40,2941.2,2529,2147.8,0,0,738650.342484653,0,0,0
169144.734069762,60,2969,2552,2151,0,0,738650.342485348,0,0,0
169144.960064487,226,2885.4,2587.6,2170,0,0,738650.342487964,0,0,0
169145.229058209,269,2803.6,2620.4,2191.4,0,0,738650.342491077,0,0,0
169145.473052514,244,2868.4,2718.8,2215.4,0,0,738650.342493901,0,0,0
169145.723046679,250,2782.2,2747,2241.2,0,0,738650.342496794,0,0,0
169145.763045745,40,2765.6,2746,2243.6,0,0,738650.342497257,0,0,0
169145.803044812,40,2749,2745.4,2251.4,0,0,738650.34249772,0,0,0
169145.843043878,40,2738.8,2746.8,2254,0,0,738650.342498183,0,0,0
169145.883042944,40,2729.4,2749.4,2256.8,0,0,738650.342498646,0,0,0
169145.923042011,40,2725,2758.2,2259.2,0,0,738650.342499109,0,0,0
169145.963041077,40,2719,2770.2,2265.8,0,0,738650.342499572,0,0,0
169146.003040144,40,2720.2,2786,2267.8,0,0,738650.342500035,0,0,0
169146.04303921,40,2726,2797.2,2274,0,0,738650.342500498,0,0,0
169146.083038276,40,2724,2813.4,2277.2,0,0,738650.342500961,0,0,0
169146.123037343,40,2724.6,2832,2284.4,0,0,738650.342501424,0,0,0
169146.163036409,40,2724.6,2847.2,2291.4,0,0,738650.342501887,0,0,0
169146.203035476,40,2720.2,2860.6,2296.8,0,0,738650.34250235,0,0,0
169146.243034542,40,2720.6,2868.6,2303,0,0,738650.342502813,0,0,0
169146.283033608,40,2710.2,2875.6,2304.2,0,0,738650.342503276,0,0,0
169146.323032675,40,2698.4,2878,2307.4,0,0,738650.342503739,0,0,0
169146.363031741,40,2686.6,2880.6,2314.4,0,0,738650.342504202,0,0,0
169146.403030808,40,2667.2,2876.6,2321.4,0,0,738650.342504665,0,0,0
169146.443029874,40,2657.8,2875,2326.8,0,0,738650.342505128,0,0,0
169146.48302894,40,2641.4,2874.4,2330.6,0,0,738650.342505591,0,0,0
169146.523028007,40,2634,2868.8,2332.8,0,0,738650.342506053,0,0,0
169146.563027073,40,2618.8,2870.6,2338,0,0,738650.342506516,0,0,0
169146.60302614,40,2612.4,2877,2345.2,0,0,738650.342506979,0,0,0
169146.643025206,40,2606,2879.2,2350.6,0,0,738650.342507442,0,0,0
169146.683024272,40,2599,2885.8,2357.4,0,0,738650.342507905,0,0,0
169146.723023339,40,2595.6,2895.2,2359.6,0,0,738650.342508368,0,0,0
169146.763022405,40,2587.6,2907.2,2367.8,0,0,738650.342508831,0,0,0
169146.803021472,40,2584,2916,2374.8,0,0,738650.342509294,0,0,0
169146.843020538,40,2581.6,2922.2,2381,0,0,738650.342509757,0,0,0
169146.883019604,40,2573.8,2934.8,2388,0,0,738650.34251022,0,0,0
169146.923018671,40,2563.8,2935.2,2397,0,0,738650.342510683,0,0,0
169146.963017737,40,2559,2940.2,2399.6,0,0,738650.342511146,0,0,0
169147.003016804,40,2548.8,2939.6,2404.8,0,0,738650.342511609,0,0,0
169147.04301587,40,2538.6,2937,2409.2,0,0,738650.342512072,0,0,0
169147.083014936,40,2529.2,2937.4,2416.4,0,0,738650.342512535,0,0,0
169147.123014003,40,2516.8,2932.8,2423.2,0,0,738650.342512998,0,0,0
169147.163013069,40,2512,2927.2,2427.6,0,0,738650.342513461,0,0,0
169147.203012136,40,2504.6,2928.4,2433.4,0,0,738650.342513924,0,0,0
169147.243011202,40,2496.8,2928.6,2442.6,0,0,738650.342514387,0,0,0
169147.283010268,40,2487.2,2932.2,2445,0,0,738650.34251485,0,0,0
169147.323009335,40,2479.6,2932.6,2453.8,0,0,738650.342515312,0,0,0
169147.363008401,40,2473,2934.4,2461.6,0,0,738650.342515775,0,0,0
169147.403007468,40,2469,2936.8,2467.6,0,0,738650.342516238,0,0,0
169147.443006534,40,2459,2939.2,2471.4,0,0,738650.342516701,0,0,0
169147.4830056,40,2460.2,2940.8,2479.6,0,0,738650.342517164,0,0,0
169147.523004667,40,2453.2,2942.8,2485,0,0,738650.342517627,0,0,0
169147.563003733,40,2444.6,2941.4,2494,0,0,738650.34251809,0,0,0
169147.6030028,40,2436,2938.2,2499.8,0,0,738650.342518553,0,0,0
169147.643001866,40,2426,2932.4,2505.6,0,0,738650.342519016,0,0,0
169147.683000932,40,2419.8,2930,2512.4,0,0,738650.342519479,0,0,0
169147.722999999,40,2411.8,2928,2517.4,0,0,738650.342519942,0,0,0
169147.762999065,40,2408.8,2926,2522.4,0,0,738650.342520405,0,0,0
169147.802998132,40,2402.8,2921.2,2532.8,0,0,738650.342520868,0,0,0
169147.842997198,40,2396,2921.6,2538.4,0,0,738650.342521331,0,0,0
169147.882996264,40,2389.4,2920.4,2546.6,0,0,738650.342521794,0,0,0
169147.922995331,40,2385.6,2917.8,2552.8,0,0,738650.342522257,0,0,0
169147.962994397,40,2377.4,2922.4,2562,0,0,738650.34252272,0,0,0
169148.002993464,40,2372.2,2917.2,2570.4,0,0,738650.342523183,0,0,0
169148.04299253,40,2370.6,2915,2579.6,0,0,738650.342523646,0,0,0
169148.082991596,40,2359.2,2912.4,2583.8,0,0,738650.342524109,0,0,0
169148.122990663,40,2356.2,2910,2591.6,0,0,738650.342524571,0,0,0
169148.162989729,40,2349.2,2902.8,2597.6,0,0,738650.342525034,0,0,0
169148.202988796,40,2345.8,2901,2606,0,0,738650.342525497,0,0,0
169148.242987862,40,2333.6,2894.8,2615.4,0,0,738650.34252596,0,0,0
169148.282986928,40,2333.2,2892.6,2622.6,0,0,738650.342526423,0,0,0
169148.322985995,40,2327.6,2889.2,2628.4,0,0,738650.342526886,0,0,0
169148.362985061,40,2324,2883.2,2636.2,0,0,738650.342527349,0,0,0
169148.402984128,40,2314.6,2880.8,2643,0,0,738650.342527812,0,0,0
169148.442983194,40,2309.2,2877.2,2654,0,0,738650.342528275,0,0,0
169148.48298226,40,2305.4,2873.8,2659.4,0,0,738650.342528738,0,0,0
169148.522981327,40,2300.4,2865.4,2667.8,0,0,738650.342529201,0,0,0
169148.562980393,40,2293.8,2859,2675.4,0,0,738650.342529664,0,0,0
169148.60297946,40,2290.8,2852.2,2684.4,0,0,738650.342530127,0,0,0
169148.642978526,40,2289.6,2849.6,2689.4,0,0,738650.34253059,0,0,0
169148.682977592,40,2283.2,2840.8,2696.2,0,0,738650.342531053,0,0,0
169148.722976659,40,2275.4,2839.2,2704.2,0,0,738650.342531516,0,0,0
169148.762975725,40,2275.6,2833.6,2712.8,0,0,738650.342531979,0,0,0
169148.802974792,40,2268.8,2827.6,2719.8,0,0,738650.342532442,0,0,0
169148.842973858,40,2266.2,2822,2728.6,0,0,738650.342532905,0,0,0
169148.882972924,40,2260.4,2816.8,2734.8,0,0,738650.342533368,0,0,0
169148.922971991,40,2256,2808.8,2743.4,0,0,738650.342533831,0,0,0
169148.962971057,40,2252.4,2803.2,2750,0,0,738650.342534294,0,0,0
169149.002970124,40,2248.6,2794.2,2754.6,0,0,738650.342534756,0,0,0
169149.04296919,40,2241.2,2789,2761.8,0,0,738650.342535219,0,0,0
169149.082968256,40,2237,2781.8,2766.4,0,0,738650.342535682,0,0,0
169149.122967323,40,2236.8,2777.4,2771.2,0,0,738650.342536145,0,0,0
169149.162966389,40,2233.6,2772.4,2782.8,0,0,738650.342536608,0,0,0
169149.202965456,40,2231,2760.8,2787,0,0,738650.342537071,0,0,0
169149.242964522,40,2229.2,2762.4,2795.4,0,0,738650.342537534,0,0,0
169149.282963588,40,2218.6,2747,2800,0,0,738650.342537997,0,0,0
169149.322962655,40,2218.4,2740.6,2802.8,0,0,738650.34253846,0,0,0
169149.362961721,40,2212.8,2734,2809.6,0,0,738650.342538923,0,0,0
169149.402960788,40,2212.2,2728.4,2816.2,0,0,738650.342539386,0,0,0
169149.442959854,40,2205.6,2723.2,2820.4,0,0,738650.342539849,0,0,0
169149.48295892,40,2206.4,2710,2829.4,0,0,738650.342540312,0,0,0
169149.522957987,40,2203,2704.2,2830.8,0,0,738650.342540775,0,0,0
169149.562957053,40,2196.4,2698,2838.4,0,0,738650.342541238,0,0,0
169149.60295612,40,2196.2,2689.4,2840.4,0,0,738650.342541701,0,0,0
169149.642955186,40,2191.6,2685.2,2849.8,0,0,738650.342542164,0,0,0
169149.682954252,40,2188.6,2672.6,2854.6,0,0,738650.342542627,0,0,0
169149.722953319,40,2181.6,2664.4,2856.2,0,0,738650.34254309,0,0,0
169149.762952385,40,2184,2660.4,2855.2,0,0,738650.342543553,0,0,0
169149.802951452,40,2185.8,2653.4,2830,0,0,738650.342544015,0,0,0
169149.842950518,40,2197,2664,2787.4,0,0,738650.342544478,0,0,0
169149.882949584,40,2219.8,2686.6,2720.6,0,0,738650.342544941,0,0,0
169149.922948651,40,2257,2727.8,2641.4,0,0,738650.342545404,0,0,0
169149.962947717,40,2327.8,2795.6,2554.4,0,0,738650.342545867,0,0,0
169150.002946784,40,2425.8,2834.8,2454.6,0,0,738650.34254633,0,0,0
169150.04294585,40,2550.4,2849.8,2357.4,0,0,738650.342546793,0,0,0
169150.082944916,40,2694.8,2794,2278.2,0,0,738650.342547256,0,0,0
169150.122943983,40,2823.4,2705.2,2219.4,0,0,738650.342547719,0,0,0
169150.162943049,40,2904.8,2602,2168.2,0,0,738650.342548182,0,0,0
169150.202942116,40,2941,2508.4,2136.2,0,0,738650.342548645,0,0,0
169150.242941182,40,2931.8,2434.8,2119.8,0,0,738650.342549108,0,0,0
169150.282940248,40,2904.2,2382,2101,0,0,738650.342549571,0,0,0
169150.322939315,40,2881.2,2345,2093,0,0,738650.342550034,0,0,0
169150.362938381,40,2857.2,2329.8,2089.8,0,0,738650.342550497,0,0,0
169150.402937448,40,2850.4,2316.4,2083.4,0,0,738650.34255096,0,0,0
169150.442936514,40,2876,2325.8,2084.8,0,0,738650.342551423,0,0,0
169150.48293558,40,2902,2342,2085.8,0,0,738650.342551886,0,0,0
169150.522934647,40,2898.2,2350.8,2092.4,0,0,738650.342552349,0,0,0
169150.562933713,40,2895.6,2372.6,2101.2,0,0,738650.342552812,0,0,0
169150.60293278,40,2903.4,2415.6,2114.2,0,0,738650.342553275,0,0,0
169150.642931846,40,2888,2482.2,2138,0,0,738650.342553737,0,0,0
169150.682930912,40,2847.8,2570.6,2171.6,0,0,738650.3425542,0,0,0
169150.722929979,40,2756.8,2681,2224.2,0,0,738650.342554663,0,0,0
169150.762929045,40,2641,2791.6,2299.6,0,0,738650.342555126,0,0,0
169150.802928112,40,2503.2,2842,2395,0,0,738650.342555589,0,0,0
169150.842927178,40,2390,2839.8,2496,0,0,738650.342556052,0,0,0
169150.882926244,40,2317.6,2815.2,2591,0,0,738650.342556515,0,0,0
169150.922925311,40,2304.2,2816.2,2607,0,0,738650.342556978,0,0,0
169150.962924377,40,2367.4,2847.6,2537.6,0,0,738650.342557441,0,0,0
169151.002923444,40,2475,2874.6,2429.8,0,0,738650.342557904,0,0,0
169151.04292251,40,2617,2816,2318,0,0,738650.342558367,0,0,0
169151.082921576,40,2744.8,2704.4,2236.2,0,0,738650.34255883,0,0,0
169151.122920643,40,2811.8,2570.2,2175.6,0,0,738650.342559293,0,0,0
169151.162919709,40,2829.8,2470.6,2141,0,0,738650.342559756,0,0,0
169151.202918776,40,2823.6,2409.8,2118.2,0,0,738650.342560219,0,0,0
169151.242917842,40,2819,2384.2,2110.2,0,0,738650.342560682,0,0,0
169151.282916908,40,2829.8,2393.4,2111.2,0,0,738650.342561145,0,0,0
169151.322915975,40,2849.4,2423.8,2120.2,0,0,738650.342561608,0,0,0
169151.362915041,40,2876,2475.6,2134.4,0,0,738650.342562071,0,0,0
169151.402914108,40,2890.4,2549.6,2159.2,0,0,738650.342562534,0,0,0
169151.442913174,40,2865.4,2649.2,2193.2,0,0,738650.342562997,0,0,0
169151.48291224,40,2782.8,2774,2246.2,0,0,738650.34256346,0,0,0
169151.522911307,40,2649,2876,2327.8,0,0,738650.342563922,0,0,0
169151.562910373,40,2507.6,2905.2,2418.2,0,0,738650.342564385,0,0,0
169151.60290944,40,2416.6,2835.2,2465.8,0,0,738650.342564848,0,0,0
169151.642908506,40,2436.4,2814,2429,0,0,738650.342565311,0,0,0
169151.682907572,40,2571,2824.6,2344.4,0,0,738650.342565774,0,0,0
169151.722906639,40,2726.6,2764.4,2260.2,0,0,738650.342566237,0,0,0
169151.762905705,40,2856,2645.4,2192.2,0,0,738650.3425667,0,0,0
169151.802904772,40,2940.8,2534.2,2147.4,0,0,738650.342567163,0,0,0
169151.842903838,40,2941.4,2443.4,2117,0,0,738650.342567626,0,0,0
169151.882902904,40,2940.4,2396.4,2104,0,0,738650.342568089,0,0,0
169151.922901971,40,2934,2381,2098.8,0,0,738650.342568552,0,0,0
169151.962901037,40,2966.6,2409.8,2107.4,0,0,738650.342569015,0,0,0
169152.002900104,40,2982.6,2454.4,2116.2,0,0,738650.342569478,0,0,0
169152.04289917,40,2975.4,2510.8,2138,0,0,738650.342569941,0,0,0
169152.082898236,40,2939.4,2595.8,2166,0,0,738650.342570404,0,0,0
169152.122897303,40,2855,2712.6,2216.2,0,0,738650.342570867,0,0,0
169152.162896369,40,2705.2,2807.8,2284.8,0,0,738650.34257133,0,0,0
169152.202895436,40,2560.2,2869.2,2370.2,0,0,738650.342571793,0,0,0
169152.242894502,40,2455.8,2860.8,2439.2,0,0,738650.342572256,0,0,0
169152.282893568,40,2479.6,2867.6,2418.6,0,0,738650.342572719,0,0,0
169152.322892635,40,2596,2859.6,2343.2,0,0,738650.342573181,0,0,0
169152.362891701,40,2731.2,2784,2266.4,0,0,738650.342573644,0,0,0
169152.402890768,40,2862.2,2688.4,2202.2,0,0,738650.342574107,0,0,0
169152.442889834,40,2927.4,2571.2,2158.4,0,0,738650.34257457,0,0,0
169152.4828889,40,2963.8,2490.6,2132.2,0,0,738650.342575033,0,0,0
169152.522887967,40,2965.4,2449.8,2122.8,0,0,738650.342575496,0,0,0
169152.562887033,40,2994.2,2458,2119.4,0,0,738650.342575959,0,0,0
169152.6028861,40,2990.8,2480.2,2128,0,0,738650.342576422,0,0,0
169152.642885166,40,2976.4,2527.6,2144.2,0,0,738650.342576885,0,0,0
169152.682884232,40,2945.4,2588.2,2163.8,0,0,738650.342577348,0,0,0
169152.722883299,40,2872.2,2656.8,2193.6,0,0,738650.342577811,0,0,0
169152.762882365,40,2746.8,2740.2,2243.2,0,0,738650.342578274,0,0,0
169152.802881432,40,2601.4,2796.6,2313.4,0,0,738650.342578737,0,0,0
169152.842880498,40,2487.8,2828.2,2398.2,0,0,738650.3425792,0,0,0
169152.882879564,40,2467.2,2849.2,2428.8,0,0,738650.342579663,0,0,0
169152.922878631,40,2535.8,2864.4,2378.6,0,0,738650.342580126,0,0,0
169152.962877697,40,2659.2,2849.4,2308.4,0,0,738650.342580589,0,0,0
169153.002876764,40,2788.2,2771.2,2247.2,0,0,738650.342581052,0,0,0
169153.04287583,40,2887.8,2669.8,2200.6,0,0,738650.342581515,0,0,0
169153.082874896,40,2939,2588,2162.8,0,0,738650.342581978,0,0,0
169153.122873963,40,2961.2,2517.8,2144,0,0,738650.342582441,0,0,0
169153.162873029,40,2957,2478.6,2123.4,0,0,738650.342582903,0,0,0
169153.202872096,40,2959,2478,2125.4,0,0,738650.342583366,0,0,0
169153.242871162,40,2973.2,2512.6,2137.4,0,0,738650.342583829,0,0,0
169153.282870228,40,2964.8,2556,2150,0,0,738650.342584292,0,0,0
169153.322869295,40,2925,2626,2179.2,0,0,738650.342584755,0,0,0
169153.362868361,40,2837.2,2707.6,2218.4,0,0,738650.342585218,0,0,0
169153.402867428,40,2703.6,2788.6,2276,0,0,738650.342585681,0,0,0
169153.442866494,40,2558.8,2846.8,2359.2,0,0,738650.342586144,0,0,0
169153.48286556,40,2439,2840.4,2448.8,0,0,738650.342586607,0,0,0
169153.522864627,40,2399.8,2845.2,2488.8,0,0,738650.34258707,0,0,0
169153.562863693,40,2447.2,2855.6,2436.6,0,0,738650.342587533,0,0,0
169153.60286276,40,2564,2864.6,2363.4,0,0,738650.342587996,0,0,0
169153.642861826,40,2693.8,2790.2,2282.2,0,0,738650.342588459,0,0,0
169153.682860892,40,2805,2690.6,2216,0,0,738650.342588922,0,0,0
169153.722859959,40,2871.2,2584.4,2169,0,0,738650.342589385,0,0,0
169153.762859025,40,2909.6,2504.8,2140.4,0,0,738650.342589848,0,0,0
169153.802858092,40,2925.4,2465.2,2127.6,0,0,738650.342590311,0,0,0
169153.842857158,40,2935.4,2469.8,2127,0,0,738650.342590774,0,0,0
169153.882856224,40,2946,2522.6,2145,0,0,738650.342591237,0,0,0
169153.922855291,40,2931.8,2589,2165.6,0,0,738650.3425917,0,0,0
169153.962854357,40,2874.4,2690.8,2205.2,0,0,738650.342592163,0,0,0
169154.002853424,40,2765,2805.8,2266.2,0,0,738650.342592626,0,0,0
169154.04285249,40,2608,2868,2345.4,0,0,738650.342593088,0,0,0
169154.082851556,40,2468,2867.8,2432.8,0,0,738650.342593551,0,0,0
169154.122850623,40,2422.4,2824.2,2449.6,0,0,738650.342594014,0,0,0
169154.162849689,40,2516.4,2837.6,2379.6,0,0,738650.342594477,0,0,0
169154.202848756,40,2645.2,2781,2292.4,0,0,738650.34259494,0,0,0
169154.242847822,40,2785.4,2698.2,2223.4,0,0,738650.342595403,0,0,0
169154.282846888,40,2873.8,2582.6,2170,0,0,738650.342595866,0,0,0
169154.322845955,40,2911,2480.8,2131.4,0,0,738650.342596329,0,0,0
169154.362845021,40,2905,2417.4,2111,0,0,738650.342596792,0,0,0
169154.402844088,40,2902.6,2391.8,2100.2,0,0,738650.342597255,0,0,0
169154.442843154,40,2913.2,2405,2109,0,0,738650.342597718,0,0,0
169154.48284222,40,2933.4,2444.4,2118.8,0,0,738650.342598181,0,0,0
169154.522841287,40,2947,2505,2138.4,0,0,738650.342598644,0,0,0
169154.562840353,40,2925.6,2601,2171,0,0,738650.342599107,0,0,0
169154.60283942,40,2832.8,2728.2,2224.4,0,0,738650.34259957,0,0,0
169154.642838486,40,2692.2,2840.4,2295.4,0,0,738650.342600033,0,0,0
169154.682837552,40,2547.4,2888.2,2382.4,0,0,738650.342600496,0,0,0
169154.722836619,40,2503.2,2887.2,2414.4,0,0,738650.342600959,0,0,0
169154.762835685,40,2573.6,2830.8,2343.6,0,0,738650.342601422,0,0,0
169154.802834752,40,2684.6,2753.6,2270.8,0,0,738650.342601885,0,0,0
169154.842833818,40,2790.8,2637.8,2200.4,0,0,738650.342602347,0,0,0
169154.882832884,40,2839.8,2521.6,2156.6,0,0,738650.34260281,0,0,0
169154.922831951,40,2841.6,2424.8,2120.6,0,0,738650.342603273,0,0,0
169154.962831017,40,2812,2368.4,2106.6,0,0,738650.342603736,0,0,0
169155.002830084,40,2805.2,2351,2100.8,0,0,738650.342604199,0,0,0
169155.04282915,40,2804,2376.8,2107.8,0,0,738650.342604662,0,0,0
169155.082828216,40,2817.2,2416.6,2124.2,0,0,738650.342605125,0,0,0
169155.122827283,40,2826.8,2487.8,2143.6,0,0,738650.342605588,0,0,0
169155.162826349,40,2811,2592.8,2188.4,0,0,738650.342606051,0,0,0
169155.202825416,40,2727.8,2722.8,2251.6,0,0,738650.342606514,0,0,0
169155.242824482,40,2589,2822.4,2333.2,0,0,738650.342606977,0,0,0
169155.282823548,40,2473.6,2888,2434.4,0,0,738650.34260744,0,0,0
169155.322822615,40,2487.4,2879,2422.2,0,0,738650.342607903,0,0,0
169155.362821681,40,2590.6,2802.4,2325.4,0,0,738650.342608366,0,0,0
169155.402820748,40,2691.4,2669.2,2239.4,0,0,738650.342608829,0,0,0
169155.442819814,40,2785.8,2563.6,2178.8,0,0,738650.342609292,0,0,0
169155.48281888,40,2823.4,2472,2138.6,0,0,738650.342609755,0,0,0
169155.522817947,40,2829.2,2417.4,2118,0,0,738650.342610218,0,0,0
169155.562817013,40,2829,2404.2,2118.6,0,0,738650.342610681,0,0,0
169155.60281608,40,2833,2433.2,2124.2,0,0,738650.342611144,0,0,0
169155.642815146,40,2836.4,2477.6,2140,0,0,738650.342611606,0,0,0
169155.682814212,40,2838,2538.6,2164.6,0,0,738650.342612069,0,0,0
169155.722813279,40,2805,2626,2196.2,0,0,738650.342612532,0,0,0
169155.762812345,40,2727.8,2730,2248.6,0,0,738650.342612995,0,0,0
169155.802811412,40,2603.4,2829.8,2332.8,0,0,738650.342613458,0,0,0
169155.842810478,40,2473.2,2871,2427.6,0,0,738650.342613921,0,0,0
169155.882809544,40,2416,2887.6,2493.4,0,0,738650.342614384,0,0,0
169155.922808611,40,2495.6,2891.4,2420.2,0,0,738650.342614847,0,0,0
169155.962807677,40,2653.8,2858.8,2317.4,0,0,738650.34261531,0,0,0
169156.002806744,40,2818.4,2739.4,2232.2,0,0,738650.342615773,0,0,0
169156.04280581,40,2934.6,2597,2164,0,0,738650.342616236,0,0,0
169156.082804876,40,2938,2471.6,2131.4,0,0,738650.342616699,0,0,0
169156.122803943,40,2917.6,2403.8,2106.6,0,0,738650.342617162,0,0,0
169156.162803009,40,2939.4,2391.2,2100,0,0,738650.342617625,0,0,0
169156.202802076,40,2991.8,2430.2,2110.8,0,0,738650.342618088,0,0,0
169156.242801142,40,2965.6,2460.6,2123,0,0,738650.342618551,0,0,0
169156.282800208,40,2958.6,2524,2141.6,0,0,738650.342619014,0,0,0
169156.322799275,40,2940.2,2623.8,2176.8,0,0,738650.342619477,0,0,0
169156.362798341,40,2844.6,2751,2229.6,0,0,738650.34261994,0,0,0
169156.402797408,40,2693.6,2865.4,2306,0,0,738650.342620403,0,0,0
169156.442796474,40,2540.8,2940.4,2406.2,0,0,738650.342620866,0,0,0
169156.48279554,40,2422.6,2929.6,2508.6,0,0,738650.342621329,0,0,0
169156.522794607,40,2375,2899.8,2557.4,0,0,738650.342621791,0,0,0
169156.562793673,40,2419,2893,2494,0,0,738650.342622254,0,0,0
169156.60279274,40,2509.8,2878.4,2404.2,0,0,738650.342622717,0,0,0
169156.642791806,40,2629.8,2803.2,2309,0,0,738650.34262318,0,0,0
169156.682790872,40,2715.4,2683.6,2238.6,0,0,738650.342623643,0,0,0
169156.722789939,40,2780.6,2596.6,2187.8,0,0,738650.342624106,0,0,0
169156.762789005,40,2794.8,2524.8,2163,0,0,738650.342624569,0,0,0
169156.802788072,40,2802.2,2514.4,2154.2,0,0,738650.342625032,0,0,0
169156.842787138,40,2810.6,2564.6,2175.8,0,0,738650.342625495,0,0,0
169156.882786204,40,2807.4,2622.2,2193,0,0,738650.342625958,0,0,0
169156.922785271,40,2766.6,2700.2,2231.4,0,0,738650.342626421,0,0,0
169156.962784337,40,2700.6,2796,2282.6,0,0,738650.342626884,0,0,0
169157.002783404,40,2587.8,2887.2,2359.6,0,0,738650.342627347,0,0,0
169157.04278247,40,2455.2,2921,2469.8,0,0,738650.34262781,0,0,0
169157.082781536,40,2330.8,2871,2614.2,0,0,738650.342628273,0,0,0
169157.122780603,40,2231.2,2731.6,2739.8,0,0,738650.342628736,0,0,0
169157.162779669,40,2168.4,2593.4,2813.6,0,0,738650.342629199,0,0,0
169157.202778736,40,2135.4,2488.4,2825,0,0,738650.342629662,0,0,0
169157.242777802,40,2130.2,2475,2791.8,0,0,738650.342630125,0,0,0
169157.282776868,40,2161,2557.2,2800,0,0,738650.342630588,0,0,0
169157.322775935,40,2212.4,2682.8,2751.4,0,0,738650.342631051,0,0,0
169157.362775001,40,2289.4,2804.8,2649.2,0,0,738650.342631513,0,0,0
169157.402774068,40,2388,2859.4,2511.4,0,0,738650.342631976,0,0,0
169157.442773134,40,2503,2867.2,2403.8,0,0,738650.342632439,0,0,0
169157.4827722,40,2603.2,2817.6,2325.2,0,0,738650.342632902,0,0,0
169157.522771267,40,2682.4,2769.4,2272.6,0,0,738650.342633365,0,0,0
169157.562770333,40,2744,2731.6,2243.2,0,0,738650.342633828,0,0,0
169157.6027694,40,2769.8,2713.8,2233.8,0,0,738650.342634291,0,0,0
169157.642768466,40,2773.4,2734.6,2237.2,0,0,738650.342634754,0,0,0
169157.682767532,40,2756,2767.4,2250.4,0,0,738650.342635217,0,0,0
169157.722766599,40,2717.2,2805.2,2276.4,0,0,738650.34263568,0,0,0
169157.762765665,40,2655,2829.4,2308.8,0,0,738650.342636143,0,0,0
169157.802764732,40,2565,2861.8,2360.4,0,0,738650.342636606,0,0,0
169157.842763798,40,2462.4,2881.2,2441.6,0,0,738650.342637069,0,0,0
169157.882762864,40,2363.2,2855.8,2546.2,0,0,738650.342637532,0,0,0
169157.922761931,40,2275.6,2774.4,2655.4,0,0,738650.342637995,0,0,0
169157.962760997,40,2204.6,2682.4,2778.4,0,0,738650.342638458,0,0,0
169158.002760064,40,2149.2,2560.8,2851.2,0,0,738650.342638921,0,0,0
169158.04275913,40,2115.2,2450.2,2859.4,0,0,738650.342639384,0,0,0
169158.082758196,40,2091,2369.8,2826.4,0,0,738650.342639847,0,0,0
169158.122757263,40,2084.6,2319.8,2712.8,0,0,738650.34264031,0,0,0
169158.162756329,40,2092.8,2355.2,2755,0,0,738650.342640772,0,0,0
169158.202755396,40,2118.4,2432.4,2775.8,0,0,738650.342641235,0,0,0
169158.242754462,40,2169.6,2593.8,2818.4,0,0,738650.342641698,0,0,0
169158.282753528,40,2247.8,2790.8,2767.2,0,0,738650.342642161,0,0,0
169158.322752595,40,2357.2,2934.6,2616.4,0,0,738650.342642624,0,0,0
169158.362751661,40,2495.6,2998,2470.8,0,0,738650.342643087,0,0,0
169158.402750728,40,2642.8,2973.2,2365.2,0,0,738650.34264355,0,0,0
169158.442749794,40,2748.2,2895.2,2295.6,0,0,738650.342644013,0,0,0
169158.48274886,40,2799.2,2846.8,2267,0,0,738650.342644476,0,0,0
169158.522747927,40,2798,2855.2,2266.4,0,0,738650.342644939,0,0,0
169158.562746993,40,2751.6,2890.6,2294.6,0,0,738650.342645402,0,0,0
169158.60274606,40,2688.6,2946.2,2340.2,0,0,738650.342645865,0,0,0
169158.642745126,40,2594.4,2993,2398.4,0,0,738650.342646328,0,0,0
169158.682744192,40,2477.8,2993.4,2488.6,0,0,738650.342646791,0,0,0
169158.722743259,40,2362.4,2927.6,2593.2,0,0,738650.342647254,0,0,0
169158.762742325,40,2272.4,2811.4,2706.4,0,0,738650.342647717,0,0,0
169158.802741392,40,2198.8,2659.6,2766.8,0,0,738650.34264818,0,0,0
169158.842740458,40,2147,2520.4,2789.6,0,0,738650.342648643,0,0,0
169158.882739524,40,2119.4,2429.6,2786.6,0,0,738650.342649106,0,0,0
169158.922738591,40,2099,2365.2,2768,0,0,738650.342649569,0,0,0
169158.962737657,40,2091,2352.4,2767,0,0,738650.342650032,0,0,0
169159.002736724,40,2104.6,2380,2762,0,0,738650.342650495,0,0,0
169159.04273579,40,2128.4,2470.6,2804.4,0,0,738650.342650957,0,0,0
169159.082734856,40,2176,2601,2788.8,0,0,738650.34265142,0,0,0
169159.122733923,40,2244.8,2747.2,2703.2,0,0,738650.342651883,0,0,0
169159.162732989,40,2345,2855.2,2570.4,0,0,738650.342652346,0,0,0
169159.202732056,40,2450.4,2855.8,2433.6,0,0,738650.342652809,0,0,0
169159.242731122,40,2564.2,2820.6,2345.2,0,0,738650.342653272,0,0,0
169159.282730188,40,2632.2,2739.6,2280.6,0,0,738650.342653735,0,0,0
169159.322729255,40,2690.4,2674.8,2237.8,0,0,738650.342654198,0,0,0
169159.362728321,40,2735.4,2642.4,2211.4,0,0,738650.342654661,0,0,0
169159.402727388,40,2764,2631.8,2208,0,0,738650.342655124,0,0,0
169159.442726454,40,2766.6,2661.4,2213.2,0,0,738650.342655587,0,0,0
169159.48272552,40,2753.4,2725.6,2241.6,0,0,738650.34265605,0,0,0
169159.522724587,40,2706.6,2821.6,2286,0,0,738650.342656513,0,0,0
169159.562723653,40,2622.4,2923.6,2356.2,0,0,738650.342656976,0,0,0
169159.60272272,40,2505.6,3007.2,2468.2,0,0,738650.342657439,0,0,0
169159.642721786,40,2374.6,2980.6,2610.4,0,0,738650.342657902,0,0,0
169159.682720852,40,2268.4,2850.6,2750,0,0,738650.342658365,0,0,0
169159.722719919,40,2195.2,2684.6,2825.4,0,0,738650.342658828,0,0,0
169159.762718985,40,2149.6,2533.8,2806.2,0,0,738650.342659291,0,0,0
169159.802718052,40,2133.4,2470.4,2764.2,0,0,738650.342659754,0,0,0
169159.842717118,40,2151.8,2543,2804.4,0,0,738650.342660216,0,0,0
169159.882716184,40,2188.4,2639,2769.2,0,0,738650.342660679,0,0,0
169159.922715251,40,2245.8,2737.4,2687.2,0,0,738650.342661142,0,0,0
169159.962714317,40,2318.8,2779.8,2557.6,0,0,738650.342661605,0,0,0
169160.002713384,40,2438,2862.2,2454.8,0,0,738650.342662068,0,0,0
169160.04271245,40,2567.6,2828.2,2346,0,0,738650.342662531,0,0,0
169160.082711516,40,2658.4,2716.8,2264.4,0,0,738650.342662994,0,0,0
169160.122710583,40,2726.8,2621.2,2209.4,0,0,738650.342663457,0,0,0
169160.162709649,40,2751.2,2555.8,2181.2,0,0,738650.34266392,0,0,0
169160.202708716,40,2759.2,2536.4,2174.2,0,0,738650.342664383,0,0,0
169160.242707782,40,2765.2,2560,2180.4,0,0,738650.342664846,0,0,0
169160.282706848,40,2750.6,2594.6,2196.6,0,0,738650.342665309,0,0,0
169160.322705915,40,2735.2,2653.2,2220.4,0,0,738650.342665772,0,0,0
169160.362704981,40,2695.4,2726.8,2253.8,0,0,738650.342666235,0,0,0
169160.402704048,40,2615.4,2800.8,2313.4,0,0,738650.342666698,0,0,0
169160.442703114,40,2505.4,2852.6,2394.4,0,0,738650.342667161,0,0,0
169160.48270218,40,2397.2,2865.8,2500.2,0,0,738650.342667624,0,0,0
169160.522701247,40,2298.6,2802.6,2621.6,0,0,738650.342668087,0,0,0
169160.562700313,40,2222.6,2697,2724.2,0,0,738650.34266855,0,0,0
169160.60269938,40,2168,2582.2,2791,0,0,738650.342669013,0,0,0
169160.642698446,40,2137.6,2491.4,2795.8,0,0,738650.342669476,0,0,0
169160.682697512,40,2138.6,2486.6,2751.4,0,0,738650.342669938,0,0,0
169160.722696579,40,2177.4,2601.2,2776,0,0,738650.342670401,0,0,0
169160.762695645,40,2240.4,2729.8,2708.6,0,0,738650.342670864,0,0,0
169160.802694712,40,2329.6,2846.6,2604.4,0,0,738650.342671327,0,0,0
169160.842693778,40,2439.4,2897,2478.4,0,0,738650.34267179,0,0,0
169160.882692844,40,2553,2886.8,2380,0,0,738650.342672253,0,0,0
169160.922691911,40,2663.4,2830.2,2302.6,0,0,738650.342672716,0,0,0
169160.962690977,40,2758.8,2768.6,2252,0,0,738650.342673179,0,0,0
169161.002690044,40,2836.6,2722,2221.4,0,0,738650.342673642,0,0,0
169161.04268911,40,2881.4,2693.6,2201.8,0,0,738650.342674105,0,0,0
169161.082688176,40,2897,2693.6,2202,0,0,738650.342674568,0,0,0
169161.122687243,40,2889.6,2729.8,2209.4,0,0,738650.342675031,0,0,0
169161.162686309,40,2855.2,2770.2,2229.6,0,0,738650.342675494,0,0,0
169161.202685376,40,2812.6,2823,2257.6,0,0,738650.342675957,0,0,0
169161.242684442,40,2742.2,2899.4,2299.6,0,0,738650.34267642,0,0,0
169161.282683508,40,2637.4,2964,2366,0,0,738650.342676883,0,0,0
169161.322682575,40,2495.6,2959.4,2451,0,0,738650.342677346,0,0,0
169161.362681641,40,2374.2,2895.6,2547.6,0,0,738650.342677809,0,0,0
169161.402680708,40,2284,2784,2635.4,0,0,738650.342678272,0,0,0
169161.442679774,40,2216,2668.2,2704.4,0,0,738650.342678735,0,0,0
169161.48267884,40,2180.6,2603.2,2748.4,0,0,738650.342679198,0,0,0
169161.522677907,40,2182.6,2613.4,2748.4,0,0,738650.342679661,0,0,0
169161.562676973,40,2222.6,2676.2,2701,0,0,738650.342680123,0,0,0
169161.60267604,40,2276.4,2764.2,2631.6,0,0,738650.342680586,0,0,0
169161.642675106,40,2353.2,2829.6,2541.2,0,0,738650.342681049,0,0,0
169161.682674172,40,2436,2851.6,2450.4,0,0,738650.342681512,0,0,0
169161.722673239,40,2525.4,2858.2,2379.4,0,0,738650.342681975,0,0,0
169161.762672305,40,2608.2,2841.8,2334.6,0,0,738650.342682438,0,0,0
169161.802671372,40,2673,2827,2297.4,0,0,738650.342682901,0,0,0
169161.842670438,40,2727.2,2810.6,2274.2,0,0,738650.342683364,0,0,0
169161.882669504,40,2767.2,2814.8,2266.8,0,0,738650.342683827,0,0,0
169161.922668571,40,2748,2821.8,2269.8,0,0,738650.34268429,0,0,0
169161.962667637,40,2726,2851.6,2287.8,0,0,738650.342684753,0,0,0
169162.002666704,40,2676,2868.2,2311.2,0,0,738650.342685216,0,0,0
169162.04266577,40,2612.8,2882,2342.8,0,0,738650.342685679,0,0,0
169162.082664836,40,2531.8,2903.4,2396.4,0,0,738650.342686142,0,0,0
169162.122663903,40,2443.6,2912.6,2477,0,0,738650.342686605,0,0,0
169162.162662969,40,2348,2874.6,2577.4,0,0,738650.342687068,0,0,0
169162.202662036,40,2261.8,2772.6,2675.6,0,0,738650.342687531,0,0,0
169162.242661102,40,2195.4,2650.8,2770.8,0,0,738650.342687994,0,0,0
169162.282660168,40,2141.8,2527.2,2820.6,0,0,738650.342688457,0,0,0
169162.322659235,40,2109,2423.8,2812.4,0,0,738650.34268892,0,0,0
169162.362658301,40,2096.8,2361,2783.8,0,0,738650.342689382,0,0,0
169162.402657368,40,2096.2,2369.2,2762.8,0,0,738650.342689845,0,0,0
169162.442656434,40,2118.8,2434.8,2790.6,0,0,738650.342690308,0,0,0
169162.4826555,40,2160.2,2556.4,2796.8,0,0,738650.342690771,0,0,0
169162.522654567,40,2218.8,2686.4,2712.2,0,0,738650.342691234,0,0,0
169162.562653633,40,2305.4,2786.6,2597.2,0,0,738650.342691697,0,0,0
169162.6026527,40,2399.6,2835.8,2479,0,0,738650.34269216,0,0,0
169162.642651766,40,2493.4,2814.4,2387.2,0,0,738650.342692623,0,0,0
169162.682650832,40,2586.2,2805.4,2326.2,0,0,738650.342693086,0,0,0
169162.722649899,40,2651.4,2781.8,2287.8,0,0,738650.342693549,0,0,0
169162.762648965,40,2670.2,2772,2276,0,0,738650.342694012,0,0,0
169162.802648032,40,2656.6,2798.2,2290.6,0,0,738650.342694475,0,0,0
169162.842647098,40,2628,2844.6,2325,0,0,738650.342694938,0,0,0
169162.882646164,40,2575.2,2914,2376.2,0,0,738650.342695401,0,0,0
169162.922645231,40,2509.6,2976.8,2450.4,0,0,738650.342695864,0,0,0
169162.962644297,40,2427,3009.6,2553.4,0,0,738650.342696327,0,0,0
169163.002643364,40,2330.2,2961.2,2683.4,0,0,738650.34269679,0,0,0
169163.04264243,40,2248.4,2840.8,2808.2,0,0,738650.342697253,0,0,0
169163.082641496,40,2181.2,2675.6,2878.6,0,0,738650.342697716,0,0,0
169163.122640563,40,2139.4,2532.8,2877,0,0,738650.342698179,0,0,0
169163.162639629,40,2112,2414.2,2791.6,0,0,738650.342698641,0,0,0
169163.202638696,40,2090.8,2358.2,2751.2,0,0,738650.342699104,0,0,0
169163.242637762,40,2099.2,2376.2,2804.2,0,0,738650.342699567,0,0,0
169163.282636828,40,2110.4,2432.4,2839,0,0,738650.34270003,0,0,0
169163.322635895,40,2144.4,2524.6,2826.2,0,0,738650.342700493,0,0,0
169163.362634961,40,2198,2658.6,2766.8,0,0,738650.342700956,0,0,0
169163.402634028,40,2276.4,2764.8,2644,0,0,738650.342701419,0,0,0
169163.442633094,40,2371,2852.8,2529,0,0,738650.342701882,0,0,0
169163.48263216,40,2473.8,2865.2,2425.8,0,0,738650.342702345,0,0,0
169163.522631227,40,2572.4,2864.6,2358.8,0,0,738650.342702808,0,0,0
169163.562630293,40,2630,2861,2324,0,0,738650.342703271,0,0,0
169163.60262936,40,2646,2915.6,2337.4,0,0,738650.342703734,0,0,0
169163.642628426,40,2623.6,2970.2,2371.2,0,0,738650.342704197,0,0,0
169163.682627492,40,2567.4,3011.4,2426.6,0,0,738650.34270466,0,0,0
169163.722626559,40,2483.2,3037,2505.2,0,0,738650.342705123,0,0,0
169163.762625625,40,2391.4,3013.8,2613.2,0,0,738650.342705586,0,0,0
169163.802624692,40,2295,2898.4,2717.8,0,0,738650.342706049,0,0,0
169163.842623758,40,2216.6,2718.6,2767.2,0,0,738650.342706512,0,0,0
169163.882622824,40,2161.6,2549.4,2766.2,0,0,738650.342706975,0,0,0
169163.922621891,40,2125,2458,2787.4,0,0,738650.342707438,0,0,0
169163.962620957,40,2099.8,2395.2,2844.2,0,0,738650.342707901,0,0,0
169164.002620024,40,2084.4,2343.2,2805,0,0,738650.342708364,0,0,0
169164.04261909,40,2089.4,2369.6,2876,0,0,738650.342708826,0,0,0
169164.082618156,40,2111.6,2446.4,2905.8,0,0,738650.342709289,0,0,0
169164.122617223,40,2145,2551,2888,0,0,738650.342709752,0,0,0
169164.162616289,40,2196.8,2665,2794.4,0,0,738650.342710215,0,0,0
169164.202615356,40,2254.8,2752.8,2674.6,0,0,738650.342710678,0,0,0
169164.242614422,40,2331.2,2811.2,2569.4,0,0,738650.342711141,0,0,0
169164.282613488,40,2411.4,2841.8,2479,0,0,738650.342711604,0,0,0
169164.322612555,40,2479.6,2857.2,2413.6,0,0,738650.342712067,0,0,0
169164.362611621,40,2536.4,2868.4,2378.8,0,0,738650.34271253,0,0,0
169164.402610688,40,2579.4,2890.4,2364.2,0,0,738650.342712993,0,0,0
169164.442609754,40,2570.8,2920.8,2377.4,0,0,738650.342713456,0,0,0
169164.48260882,40,2551.6,2962.8,2407.8,0,0,738650.342713919,0,0,0
169164.522607887,40,2519.8,3005.4,2457,0,0,738650.342714382,0,0,0
169164.562606953,40,2475.8,3033.6,2513,0,0,738650.342714845,0,0,0
169164.60260602,40,2408.8,3024.6,2588.6,0,0,738650.342715308,0,0,0
169164.642605086,40,2339.8,2968.6,2673.4,0,0,738650.342715771,0,0,0
169164.682604152,40,2275.2,2891,2771.8,0,0,738650.342716234,0,0,0
169164.722603219,40,2220.6,2761.2,2827.4,0,0,738650.342716697,0,0,0
169164.762602285,40,2176.2,2625.2,2837.2,0,0,738650.34271716,0,0,0
169164.802601352,40,2143,2511.4,2801.6,0,0,738650.342717623,0,0,0
169164.842600418,40,2120.8,2439.8,2779.6,0,0,738650.342718086,0,0,0
169164.882599484,40,2104.6,2404.2,2793.2,0,0,738650.342718548,0,0,0
169164.922598551,40,2096.2,2388,2830.8,0,0,738650.342719011,0,0,0
169164.962597617,40,2091.2,2383.8,2874.6,0,0,738650.342719474,0,0,0
169165.002596684,40,2097.4,2394.4,2907,0,0,738650.342719937,0,0,0
169165.04259575,40,2093,2400.8,2912.2,0,0,738650.3427204,0,0,0
169165.082594816,40,2096,2409.2,2917.4,0,0,738650.342720863,0,0,0
169165.122593883,40,2101.8,2429.2,2926.2,0,0,738650.342721326,0,0,0
169165.162592949,40,2112.6,2459.8,2915.8,0,0,738650.342721789,0,0,0
169165.202592016,40,2133.8,2506.8,2879.6,0,0,738650.342722252,0,0,0
169165.242591082,40,2153.6,2557.6,2829.2,0,0,738650.342722715,0,0,0
169165.282590148,40,2182.6,2614.6,2782.8,0,0,738650.342723178,0,0,0
169165.322589215,40,2222,2702,2726,0,0,738650.342723641,0,0,0
169165.362588281,40,2284.2,2792.6,2650.8,0,0,738650.342724104,0,0,0
169165.402587348,40,2359.6,2866,2555.6,0,0,738650.342724567,0,0,0
169165.442586414,40,2453.2,2916.6,2474.8,0,0,738650.34272503,0,0,0
169165.48258548,40,2561,2939.2,2392.4,0,0,738650.342725493,0,0,0
169165.522584547,40,2673,2919.2,2331.6,0,0,738650.342725956,0,0,0
169165.562583613,40,2788.2,2871.4,2275.4,0,0,738650.342726419,0,0,0
169165.60258268,40,2867.2,2789,2238,0,0,738650.342726882,0,0,0
169165.642581746,40,2916.4,2705.8,2202.6,0,0,738650.342727345,0,0,0
169165.682580812,40,2957,2637.8,2175,0,0,738650.342727807,0,0,0
169165.722579879,40,2951.2,2567.2,2156,0,0,738650.34272827,0,0,0
169165.762578945,40,2931.4,2511.4,2138.4,0,0,738650.342728733,0,0,0
169165.802578012,40,2894.8,2471.2,2128.4,0,0,738650.342729196,0,0,0
169165.842577078,40,2877.8,2447.4,2123.8,0,0,738650.342729659,0,0,0
169165.882576144,40,2865.4,2437,2125.4,0,0,738650.342730122,0,0,0
169165.922575211,40,2868.2,2445.8,2121.6,0,0,738650.342730585,0,0,0
169165.962574277,40,2881,2461.8,2127.6,0,0,738650.342731048,0,0,0
169166.002573344,40,2900.4,2477.4,2130.8,0,0,738650.342731511,0,0,0
169166.04257241,40,2922.4,2488,2130.4,0,0,738650.342731974,0,0,0
169166.082571476,40,2944.4,2499,2138,0,0,738650.342732437,0,0,0
169166.122570543,40,2973.2,2514.6,2138.8,0,0,738650.3427329,0,0,0
169166.162569609,40,2995.8,2526.2,2139.8,0,0,738650.342733363,0,0,0
169166.202568676,40,2990.8,2535.4,2142.6,0,0,738650.342733826,0,0,0
169166.242567742,40,2994,2555,2144.4,0,0,738650.342734289,0,0,0
169166.282566808,40,3003.8,2582.4,2154,0,0,738650.342734752,0,0,0
169166.322565875,40,2979.8,2621.2,2168.4,0,0,738650.342735215,0,0,0
169166.362564941,40,2939,2692.8,2192.8,0,0,738650.342735678,0,0,0
169166.402564008,40,2859.2,2798.4,2242.2,0,0,738650.342736141,0,0,0
169166.442563074,40,2731.2,2912.2,2309,0,0,738650.342736604,0,0,0
169166.48256214,40,2568.4,2976.2,2408.2,0,0,738650.342737067,0,0,0
169166.522561207,40,2418.2,2909.2,2511,0,0,738650.34273753,0,0,0
169166.562560273,40,2321.6,2777.2,2552.6,0,0,738650.342737992,0,0,0
169166.60255934,40,2372.8,2863.8,2534.6,0,0,738650.342738455,0,0,0
169166.642558406,40,2484.8,2889.4,2428.2,0,0,738650.342738918,0,0,0
169166.682557472,40,2623.8,2870.6,2336.2,0,0,738650.342739381,0,0,0
169166.722556539,40,2747.2,2786.6,2261,0,0,738650.342739844,0,0,0
169166.762555605,40,2823.8,2682.8,2209.4,0,0,738650.342740307,0,0,0
169166.802554672,40,2875.4,2599.2,2177.2,0,0,738650.34274077,0,0,0
169166.842553738,40,2889.2,2537.6,2150.4,0,0,738650.342741233,0,0,0
169166.882552804,40,2924.2,2509,2139.4,0,0,738650.342741696,0,0,0
169166.922551871,40,2934.4,2493,2135.4,0,0,738650.342742159,0,0,0
169166.962550937,40,2958.6,2505.8,2136.2,0,0,738650.342742622,0,0,0
169167.002550004,40,2977.8,2527.6,2140.8,0,0,738650.342743085,0,0,0
169167.04254907,40,2990.8,2547.8,2148.2,0,0,738650.342743548,0,0,0
169167.082548136,40,2988.2,2549,2147,0,0,738650.342744011,0,0,0
169167.122547203,40,2977,2550.4,2145,0,0,738650.342744474,0,0,0
169167.162546269,40,2988.6,2563.6,2152.6,0,0,738650.342744937,0,0,0
169167.202545336,40,2988.8,2575,2153.6,0,0,738650.3427454,0,0,0
169167.242544402,40,2980.2,2582,2155.4,0,0,738650.342745863,0,0,0
169167.282543468,40,2965.4,2589.4,2159,0,0,738650.342746326,0,0,0
169167.322542535,40,2967,2602,2163,0,0,738650.342746789,0,0,0
169167.362541601,40,2981,2612,2165.2,0,0,738650.342747252,0,0,0
169167.402540668,40,2983.8,2626.8,2169,0,0,738650.342747714,0,0,0
169167.442539734,40,2982.8,2636.2,2171.4,0,0,738650.342748177,0,0,0
169167.4825388,40,2976.8,2647.2,2171.6,0,0,738650.34274864,0,0,0
169167.522537867,40,2961.8,2649,2179.6,0,0,738650.342749103,0,0,0
169167.562536933,40,2960.4,2659,2183.6,0,0,738650.342749566,0,0,0
169167.602536,40,2949.8,2673.2,2192.4,0,0,738650.342750029,0,0,0
169167.642535066,40,2922,2700.4,2200,0,0,738650.342750492,0,0,0
169167.682534132,40,2896.6,2757,2221.2,0,0,738650.342750955,0,0,0
169167.722533199,40,2831.4,2841.6,2261,0,0,738650.342751418,0,0,0
169167.762532265,40,2720.8,2938,2321.2,0,0,738650.342751881,0,0,0
169167.802531332,40,2579.4,3005.6,2415.2,0,0,738650.342752344,0,0,0
169167.842530398,40,2450.4,3017,2528.4,0,0,738650.342752807,0,0,0
169167.882529464,40,2357.2,2953.4,2619.4,0,0,738650.34275327,0,0,0
169167.922528531,40,2337.2,2894.8,2613.4,0,0,738650.342753733,0,0,0
169167.962527597,40,2373.6,2867.6,2529.2,0,0,738650.342754196,0,0,0
169168.002526664,40,2427.6,2826.4,2447.8,0,0,738650.342754659,0,0,0
169168.04252573,40,2529,2852.8,2377.8,0,0,738650.342755122,0,0,0
169168.082524796,40,2633.2,2847,2320.4,0,0,738650.342755585,0,0,0
169168.122523863,40,2736,2845.2,2283.4,0,0,738650.342756048,0,0,0
169168.162522929,40,2815.2,2834.6,2260.8,0,0,738650.342756511,0,0,0
169168.202521996,40,2852.2,2834,2249.8,0,0,738650.342756973,0,0,0
169168.242521062,40,2855.8,2828.8,2246.6,0,0,738650.342757436,0,0,0
169168.282520128,40,2835.4,2845.2,2255.6,0,0,738650.342757899,0,0,0
169168.322519195,40,2795.8,2859,2273.6,0,0,738650.342758362,0,0,0
169168.362518261,40,2766,2848.4,2278,0,0,738650.342758825,0,0,0
169168.402517328,40,2742.2,2850,2283.2,0,0,738650.342759288,0,0,0
169168.442516394,40,2730.8,2855.6,2289.4,0,0,738650.342759751,0,0,0
169168.48251546,40,2732.4,2863.2,2294.2,0,0,738650.342760214,0,0,0
169168.522514527,40,2731,2882.4,2295.2,0,0,738650.342760677,0,0,0
169168.562513593,40,2730.8,2911.2,2306.4,0,0,738650.34276114,0,0,0
169168.60251266,40,2703.8,2938.6,2327.6,0,0,738650.342761603,0,0,0
169168.642511726,40,2632,2989.6,2379.2,0,0,738650.342762066,0,0,0
169168.682510792,40,2524,3033.6,2464.6,0,0,738650.342762529,0,0,0
169168.722509859,40,2417.4,3007.2,2558.6,0,0,738650.342762992,0,0,0
169168.762508925,40,2352.6,2913.4,2598,0,0,738650.342763455,0,0,0
169168.802507992,40,2353.6,2841,2538.6,0,0,738650.342763918,0,0,0
169168.842507058,40,2407.2,2817,2466.4,0,0,738650.342764381,0,0,0
169168.882506124,40,2512.8,2857.2,2385.8,0,0,738650.342764844,0,0,0
169168.922505191,40,2649.4,2872,2325.4,0,0,738650.342765307,0,0,0
169168.962504257,40,2781.2,2844.6,2269.6,0,0,738650.34276577,0,0,0
169169.002503324,40,2869,2788.2,2231.6,0,0,738650.342766233,0,0,0
169169.04250239,40,2916.6,2736,2204.4,0,0,738650.342766696,0,0,0
169169.082501456,40,2946.6,2694.4,2190.2,0,0,738650.342767158,0,0,0
169169.122500523,40,2938.6,2694.8,2192.4,0,0,738650.342767621,0,0,0
169169.162499589,40,2915,2725.4,2209,0,0,738650.342768084,0,0,0
169169.202498656,40,2881.8,2754.4,2218.4,0,0,738650.342768547,0,0,0
169169.242497722,40,2856.8,2783,2238,0,0,738650.34276901,0,0,0
169169.282496788,40,2810.2,2806,2253.2,0,0,738650.342769473,0,0,0
169169.322495855,40,2785.6,2842.4,2274.4,0,0,738650.342769936,0,0,0
169169.362494921,40,2729,2902,2308.8,0,0,738650.342770399,0,0,0
169169.402493988,40,2633.4,2975,2370.2,0,0,738650.342770862,0,0,0
169169.442493054,40,2489.8,2996.2,2473.4,0,0,738650.342771325,0,0,0
169169.48249212,40,2376.6,2951,2590.6,0,0,738650.342771788,0,0,0
169169.522491187,40,2312.4,2844,2626.6,0,0,738650.342772251,0,0,0
169169.562490253,40,2321.8,2789.2,2557.2,0,0,738650.342772714,0,0,0
169169.60248932,40,2392,2827.2,2486,0,0,738650.342773177,0,0,0
169169.642488386,40,2513.2,2902.4,2410,0,0,738650.34277364,0,0,0
169169.682487452,40,2647.4,2893,2331.2,0,0,738650.342774103,0,0,0
169169.722486519,40,2773.8,2838.6,2269.2,0,0,738650.342774566,0,0,0
169169.762485585,40,2873.8,2770.8,2227.2,0,0,738650.342775029,0,0,0
169169.802484652,40,2926.6,2704,2198.4,0,0,738650.342775492,0,0,0
169169.842483718,40,2957.6,2665.8,2185.2,0,0,738650.342775955,0,0,0
169169.882482784,40,2947.8,2641.4,2178.4,0,0,738650.342776417,0,0,0
169169.922481851,40,2953.8,2664,2183.4,0,0,738650.34277688,0,0,0
169169.962480917,40,2928.2,2706.8,2202.2,0,0,738650.342777343,0,0,0
169170.002479984,40,2887.4,2731.4,2217.4,0,0,738650.342777806,0,0,0
169170.04247905,40,2841,2755,2228.8,0,0,738650.342778269,0,0,0
169170.082478116,40,2797.4,2784.8,2251.6,0,0,738650.342778732,0,0,0
169170.122477183,40,2740.2,2832.8,2278.2,0,0,738650.342779195,0,0,0
169170.162476249,40,2654.2,2887,2331,0,0,738650.342779658,0,0,0
169170.202475316,40,2546.2,2942.4,2409.4,0,0,738650.342780121,0,0,0
169170.242474382,40,2420.4,2943.8,2519.8,0,0,738650.342780584,0,0,0
169170.282473448,40,2326.4,2882.4,2625.8,0,0,738650.342781047,0,0,0
169170.322472515,40,2291.8,2811,2648.2,0,0,738650.34278151,0,0,0
169170.362471581,40,2311.6,2778.2,2577.2,0,0,738650.342781973,0,0,0
169170.402470648,40,2380.4,2837,2509.8,0,0,738650.342782436,0,0,0
169170.442469714,40,2483.6,2893,2429,0,0,738650.342782899,0,0,0
169170.48246878,40,2595.4,2893.8,2358.4,0,0,738650.342783362,0,0,0
169170.522467847,40,2695,2861,2301.4,0,0,738650.342783825,0,0,0
169170.562466913,40,2782.8,2819.6,2263.6,0,0,738650.342784288,0,0,0
169170.60246598,40,2855.8,2800,2240,0,0,738650.342784751,0,0,0
169170.642465046,40,2879.2,2779,2225.4,0,0,738650.342785214,0,0,0
169170.682464112,40,2885.2,2790.4,2231.4,0,0,738650.342785676,0,0,0
169170.722463179,40,2871.2,2806,2237.4,0,0,738650.342786139,0,0,0
169170.762462245,40,2852.6,2824.8,2250.6,0,0,738650.342786602,0,0,0
169170.802461312,40,2824.2,2823.2,2251,0,0,738650.342787065,0,0,0
169170.842460378,40,2793,2817,2257.6,0,0,738650.342787528,0,0,0
169170.882459444,40,2775,2823.4,2268,0,0,738650.342787991,0,0,0
169170.922458511,40,2760.6,2846.2,2274.2,0,0,738650.342788454,0,0,0
169170.962457577,40,2746.8,2889,2294.6,0,0,738650.342788917,0,0,0
169171.002456644,40,2712.4,2942.8,2324.6,0,0,738650.34278938,0,0,0
169171.04245571,40,2637.8,2993,2377.8,0,0,738650.342789843,0,0,0
169171.082454776,40,2539.8,3024.8,2449.6,0,0,738650.342790306,0,0,0
169171.122453843,40,2436,3023.6,2545.8,0,0,738650.342790769,0,0,0
169171.162452909,40,2351.4,2940.4,2623.4,0,0,738650.342791232,0,0,0
169171.202451976,40,2309.4,2842.8,2636.8,0,0,738650.342791695,0,0,0
169171.242451042,40,2301.2,2777.2,2598.6,0,0,738650.342792158,0,0,0
169171.282450108,40,2355,2828.8,2541.6,0,0,738650.342792621,0,0,0
169171.322449175,40,2438.8,2889.2,2469.2,0,0,738650.342793084,0,0,0
169171.362448241,40,2547.8,2922.4,2398.8,0,0,738650.342793547,0,0,0
169171.402447308,40,2662.2,2908.8,2333.6,0,0,738650.34279401,0,0,0
169171.442446374,40,2779.4,2881.4,2285.4,0,0,738650.342794473,0,0,0
169171.48244544,40,2836,2829,2253,0,0,738650.342794936,0,0,0
169171.522444507,40,2854.6,2820.4,2249.4,0,0,738650.342795399,0,0,0
169171.562443573,40,2838,2843.4,2258.8,0,0,738650.342795861,0,0,0
169171.60244264,40,2796.2,2871.2,2279.2,0,0,738650.342796324,0,0,0
169171.642441706,40,2762.8,2889,2293.8,0,0,738650.342796787,0,0,0
169171.682440772,40,2709,2872,2302.4,0,0,738650.34279725,0,0,0
169171.722439839,40,2666,2853.4,2311.8,0,0,738650.342797713,0,0,0
169171.762438905,40,2629.6,2841.2,2323.2,0,0,738650.342798176,0,0,0
169171.802437972,40,2586.2,2847.6,2345.8,0,0,738650.342798639,0,0,0
169171.842437038,40,2521.6,2873.6,2393.2,0,0,738650.342799102,0,0,0
169171.882436104,40,2444.4,2888.4,2464.8,0,0,738650.342799565,0,0,0
169171.922435171,40,2379,2878.2,2536.8,0,0,738650.342800028,0,0,0
169171.962434237,40,2350,2874.2,2578.8,0,0,738650.342800491,0,0,0
169172.002433304,40,2383,2917.4,2560.4,0,0,738650.342800954,0,0,0
169172.04243237,40,2457.2,2931.6,2472.4,0,0,738650.342801417,0,0,0
169172.082431436,40,2565.8,2925.2,2391.2,0,0,738650.34280188,0,0,0
169172.122430503,40,2675.6,2879.4,2313.4,0,0,738650.342802343,0,0,0
169172.162429569,40,2778.2,2816.2,2264.2,0,0,738650.342802806,0,0,0
169172.202428636,40,2855.4,2762.4,2226.2,0,0,738650.342803269,0,0,0
169172.242427702,40,2902.2,2724.4,2209.4,0,0,738650.342803732,0,0,0
169172.282426768,40,2921.4,2739,2208.6,0,0,738650.342804195,0,0,0
169172.322425835,40,2908.6,2771.2,2220.4,0,0,738650.342804658,0,0,0
169172.362424901,40,2888,2794.6,2233.4,0,0,738650.342805121,0,0,0
169172.402423968,40,2844,2791.4,2240.2,0,0,738650.342805583,0,0,0
169172.442423034,40,2798,2794,2254,0,0,738650.342806046,0,0,0
169172.4824221,40,2765.8,2816.4,2267.2,0,0,738650.342806509,0,0,0
169172.522421167,40,2715.6,2852.8,2293.2,0,0,738650.342806972,0,0,0
169172.562420233,40,2634.8,2903.8,2344,0,0,738650.342807435,0,0,0
169172.6024193,40,2530.4,2956.8,2421,0,0,738650.342807898,0,0,0
169172.642418366,40,2423,2943.8,2522.4,0,0,738650.342808361,0,0,0
169172.682417432,40,2346.4,2900.4,2610.4,0,0,738650.342808824,0,0,0
169172.722416499,40,2329,2877,2614.8,0,0,738650.342809287,0,0,0
169172.762415565,40,2393.8,2896.2,2527.4,0,0,738650.34280975,0,0,0
169172.802414632,40,2494.4,2887.2,2420.8,0,0,738650.342810213,0,0,0
169172.842413698,40,2615.2,2833.6,2326.4,0,0,738650.342810676,0,0,0
169172.882412764,40,2724.8,2745.4,2254.4,0,0,738650.342811139,0,0,0
169172.922411831,40,2800.4,2650.2,2201.8,0,0,738650.342811602,0,0,0
169172.962410897,40,2876,2604,2177.8,0,0,738650.342812065,0,0,0
169173.002409964,40,2938.4,2595.4,2165.6,0,0,738650.342812528,0,0,0
169173.04240903,40,2965.6,2636,2170.6,0,0,738650.342812991,0,0,0
169173.082408096,40,2963,2672.8,2186,0,0,738650.342813454,0,0,0
169173.122407163,40,2933,2694,2195.2,0,0,738650.342813917,0,0,0
169173.162406229,40,2884.8,2715.8,2208.6,0,0,738650.34281438,0,0,0
169173.202405296,40,2826.6,2719.6,2225.6,0,0,738650.342814842,0,0,0
169173.242404362,40,2771.8,2734.4,2242.4,0,0,738650.342815305,0,0,0
169173.282403428,40,2708.4,2763.2,2263.4,0,0,738650.342815768,0,0,0
169173.322402495,40,2644.8,2812.8,2304.6,0,0,738650.342816231,0,0,0
169173.362401561,40,2557,2858.2,2362.6,0,0,738650.342816694,0,0,0
169173.402400628,40,2463.6,2897.2,2448,0,0,738650.342817157,0,0,0
169173.442399694,40,2389.4,2902.4,2536.2,0,0,738650.34281762,0,0,0
169173.48239876,40,2385,2912.8,2543,0,0,738650.342818083,0,0,0
169173.522397827,40,2480.2,2941.2,2457.6,0,0,738650.342818546,0,0,0
169173.562396893,40,2622.4,2916,2352.6,0,0,738650.342819009,0,0,0
169173.60239596,40,2757.6,2822.2,2269.8,0,0,738650.342819472,0,0,0
169173.642395026,40,2880.8,2728,2213.6,0,0,738650.342819935,0,0,0
169173.682394092,40,2928,2630.8,2174.8,0,0,738650.342820398,0,0,0
169173.722393159,40,2967.4,2577.4,2155,0,0,738650.342820861,0,0,0
169173.762392225,40,2975.4,2557.6,2150.6,0,0,738650.342821324,0,0,0
169173.802391292,40,3001,2589,2158.2,0,0,738650.342821787,0,0,0
169173.842390358,40,2978.8,2606,2163.2,0,0,738650.34282225,0,0,0
169173.882389424,40,2962,2631.4,2175.6,0,0,738650.342822713,0,0,0
169173.922388491,40,2920.8,2641.8,2180.2,0,0,738650.342823176,0,0,0
169173.962387557,40,2880.2,2649.4,2192.6,0,0,738650.342823639,0,0,0
169174.002386624,40,2834.8,2668.6,2203.2,0,0,738650.342824102,0,0,0
169174.04238569,40,2784,2700,2227.6,0,0,738650.342824565,0,0,0
169174.082384756,40,2713.2,2741.8,2259.8,0,0,738650.342825027,0,0,0
169174.122383823,40,2634.2,2818.4,2315,0,0,738650.34282549,0,0,0
169174.162382889,40,2521.6,2881.8,2396,0,0,738650.342825953,0,0,0
169174.202381956,40,2413.6,2897.6,2504.2,0,0,738650.342826416,0,0,0
169174.242381022,40,2351.8,2874.2,2579.4,0,0,738650.342826879,0,0,0
169174.282380088,40,2370.6,2883.2,2551.8,0,0,738650.342827342,0,0,0
169174.322379155,40,2443.4,2890,2465.4,0,0,738650.342827805,0,0,0
169174.362378221,40,2526.8,2838.6,2375,0,0,738650.342828268,0,0,0
169174.402377288,40,2626.4,2794.6,2308.4,0,0,738650.342828731,0,0,0
169174.442376354,40,2699.8,2730.8,2255.6,0,0,738650.342829194,0,0,0
169174.48237542,40,2763,2681.2,2221.4,0,0,738650.342829657,0,0,0
169174.522374487,40,2825.4,2677,2205.8,0,0,738650.34283012,0,0,0
169174.562373553,40,2878,2717.4,2210,0,0,738650.342830583,0,0,0
169174.60237262,40,2890.8,2773.6,2223.8,0,0,738650.342831046,0,0,0
169174.642371686,40,2876.2,2812.4,2240.8,0,0,738650.342831509,0,0,0
169174.682370752,40,2869.6,2828.4,2248,0,0,738650.342831972,0,0,0
169174.722369819,40,2838.4,2804.4,2248.2,0,0,738650.342832435,0,0,0
169174.762368885,40,2842.2,2839.6,2256.2,0,0,738650.342832898,0,0,0
169174.802367952,40,2801.2,2842.6,2265.6,0,0,738650.342833361,0,0,0
169174.842367018,40,2741,2839.8,2285.2,0,0,738650.342833824,0,0,0
169174.882366084,40,2669.4,2873.4,2317.6,0,0,738650.342834287,0,0,0
169174.922365151,40,2587.4,2940.8,2383.4,0,0,738650.342834749,0,0,0
169174.962364217,40,2483.4,2987.2,2480.2,0,0,738650.342835212,0,0,0
169175.002363284,40,2399,2982.8,2584.4,0,0,738650.342835675,0,0,0
169175.04236235,40,2339,2948.8,2657,0,0,738650.342836138,0,0,0
169175.082361416,40,2340,2927.6,2639,0,0,738650.342836601,0,0,0
169175.122360483,40,2393.4,2912.4,2541.6,0,0,738650.342837064,0,0,0
169175.162359549,40,2460.4,2895.6,2450.6,0,0,738650.342837527,0,0,0
169175.202358616,40,2531.6,2861.8,2385.8,0,0,738650.34283799,0,0,0
169175.242357682,40,2580,2795.6,2326.8,0,0,738650.342838453,0,0,0
169175.282356748,40,2633.2,2765.6,2292,0,0,738650.342838916,0,0,0
169175.322355815,40,2669.6,2748.2,2270.4,0,0,738650.342839379,0,0,0
169175.362354881,40,2705.2,2770.2,2265.8,0,0,738650.342839842,0,0,0
169175.402353948,40,2705.2,2802,2279.8,0,0,738650.342840305,0,0,0
169175.442353014,40,2718.2,2863.6,2293.4,0,0,738650.342840768,0,0,0
169175.48235208,40,2740.6,2903.8,2304.2,0,0,738650.342841231,0,0,0
169175.522351147,40,2751.4,2914,2304.4,0,0,738650.342841694,0,0,0
169175.562350213,40,2752,2931.4,2308.4,0,0,738650.342842157,0,0,0
169175.60234928,40,2743.2,2936.6,2310.6,0,0,738650.34284262,0,0,0
169175.642348346,40,2720.6,2952.4,2324.6,0,0,738650.342843083,0,0,0
169175.682347412,40,2673.8,2968.8,2352.4,0,0,738650.342843546,0,0,0
169175.722346479,40,2588.8,3007.2,2412.6,0,0,738650.342844008,0,0,0
169175.762345545,40,2472.2,3041.6,2520.4,0,0,738650.342844471,0,0,0
169175.802344612,40,2356.8,2993.2,2653,0,0,738650.342844934,0,0,0
169175.842343678,40,2291.2,2867.8,2694.8,0,0,738650.342845397,0,0,0
169175.882342744,40,2313,2795.4,2592,0,0,738650.34284586,0,0,0
169175.922341811,40,2370,2827.4,2509.6,0,0,738650.342846323,0,0,0
169175.962340877,40,2502.8,2916.8,2427.6,0,0,738650.342846786,0,0,0
169176.002339944,40,2650,2930,2345.2,0,0,738650.342847249,0,0,0
169176.04233901,40,2783.2,2874.6,2281.4,0,0,738650.342847712,0,0,0
169176.082338076,40,2887.6,2821,2240.2,0,0,738650.342848175,0,0,0
169176.122337143,40,2928.8,2729.8,2204.4,0,0,738650.342848638,0,0,0
169176.162336209,40,2926.2,2663.2,2188.8,0,0,738650.342849101,0,0,0
169176.202335276,40,2932.2,2639.6,2181.4,0,0,738650.342849564,0,0,0
169176.242334342,40,2912.8,2645.2,2184.6,0,0,738650.342850027,0,0,0
169176.282333408,40,2884,2665.6,2195,0,0,738650.34285049,0,0,0
169176.322332475,40,2870.8,2673.6,2196.8,0,0,738650.342850953,0,0,0
169176.362331541,40,2879.6,2678.4,2198.8,0,0,738650.342851416,0,0,0
169176.402330608,40,2874.8,2685.4,2202,0,0,738650.342851879,0,0,0
169176.442329674,40,2909.6,2719.6,2209,0,0,738650.342852342,0,0,0
169176.48232874,40,2907.6,2738.2,2213,0,0,738650.342852805,0,0,0
169176.522327807,40,2894,2771.6,2223,0,0,738650.342853268,0,0,0
169176.562326873,40,2864.6,2823.2,2245.2,0,0,738650.342853731,0,0,0
169176.60232594,40,2781.8,2896.2,2289.6,0,0,738650.342854193,0,0,0
169176.642325006,40,2661.4,2985.6,2363.2,0,0,738650.342854656,0,0,0
169176.682324072,40,2494.2,3000.8,2476,0,0,738650.342855119,0,0,0
169176.722323139,40,2349.2,2886.4,2585.8,0,0,738650.342855582,0,0,0
169176.762322205,40,2259.4,2737.6,2664,0,0,738650.342856045,0,0,0
169176.802321272,40,2240.8,2716.6,2687.6,0,0,738650.342856508,0,0,0
169176.842320338,40,2292.6,2800.2,2638.2,0,0,738650.342856971,0,0,0
169176.882319404,40,2371.2,2890,2552.8,0,0,738650.342857434,0,0,0
169176.922318471,40,2474.6,2933,2461,0,0,738650.342857897,0,0,0
169176.962317537,40,2582.4,2890.8,2366.4,0,0,738650.34285836,0,0,0
169177.002316604,40,2675.4,2831.4,2297.8,0,0,738650.342858823,0,0,0
169177.04231567,40,2758,2767,2248,0,0,738650.342859286,0,0,0
169177.082314736,40,2827.2,2722.6,2223.6,0,0,738650.342859749,0,0,0
169177.122313803,40,2880.8,2705.8,2206.2,0,0,738650.342860212,0,0,0
169177.162312869,40,2916.2,2711.8,2202.8,0,0,738650.342860675,0,0,0
169177.202311936,40,2939,2759.8,2211,0,0,738650.342861138,0,0,0
169177.242311002,40,2932.4,2781.4,2218.6,0,0,738650.342861601,0,0,0
169177.282310068,40,2905,2789.4,2227.4,0,0,738650.342862064,0,0,0
169177.322309135,40,2892,2793.4,2231.2,0,0,738650.342862527,0,0,0
169177.362308201,40,2877.8,2800.6,2239.6,0,0,738650.34286299,0,0,0
169177.402307268,40,2862.8,2811.6,2241,0,0,738650.342863453,0,0,0
169177.442306334,40,2864.2,2835,2248.8,0,0,738650.342863915,0,0,0
169177.4823054,40,2844.2,2848,2254.4,0,0,738650.342864378,0,0,0
169177.522304467,40,2812.4,2889.4,2278.4,0,0,738650.342864841,0,0,0
169177.562303533,40,2731.2,2938.8,2313.4,0,0,738650.342865304,0,0,0
169177.6023026,40,2612.4,3000.6,2392.2,0,0,738650.342865767,0,0,0
169177.642301666,40,2468.2,3027,2513,0,0,738650.34286623,0,0,0
169177.682300732,40,2343.2,2921.6,2631,0,0,738650.342866693,0,0,0
169177.722299799,40,2265.6,2789.2,2687.6,0,0,738650.342867156,0,0,0
169177.762298865,40,2253.2,2719.4,2654.4,0,0,738650.342867619,0,0,0
169177.802297932,40,2309.4,2817.2,2612.8,0,0,738650.342868082,0,0,0
169177.842296998,40,2387.4,2913.6,2539,0,0,738650.342868545,0,0,0
169177.882296064,40,2504.4,2970.2,2450.6,0,0,738650.342869008,0,0,0
169177.922295131,40,2631.4,2984.2,2375.2,0,0,738650.342869471,0,0,0
169177.962294197,40,2730.4,2930.2,2316.6,0,0,738650.342869934,0,0,0
169178.002293264,40,2809.4,2879.4,2275,0,0,738650.342870397,0,0,0
169178.04229233,40,2857,2844.8,2248,0,0,738650.34287086,0,0,0
169178.082291396,40,2877,2817.6,2241.4,0,0,738650.342871323,0,0,0
169178.122290463,40,2866.6,2811.4,2239.2,0,0,738650.342871786,0,0,0
169178.162289529,40,2851,2833.2,2248.8,0,0,738650.342872249,0,0,0
169178.202288596,40,2835,2857.4,2261.2,0,0,738650.342872711,0,0,0
169178.242287662,40,2811.2,2840.8,2262.8,0,0,738650.342873174,0,0,0
169178.282286728,40,2790.4,2831.4,2265.8,0,0,738650.342873637,0,0,0
169178.322285795,40,2771,2828.8,2268.8,0,0,738650.3428741,0,0,0
169178.362284861,40,2764.2,2845.4,2279.4,0,0,738650.342874563,0,0,0
169178.402283928,40,2759.2,2854.2,2279.4,0,0,738650.342875026,0,0,0
169178.442282994,40,2754.6,2857.8,2283.6,0,0,738650.342875489,0,0,0
169178.48228206,40,2773.6,2890,2290,0,0,738650.342875952,0,0,0
169178.522281127,40,2775.8,2906.4,2296.2,0,0,738650.342876415,0,0,0
169178.562280193,40,2761.4,2909.4,2296,0,0,738650.342876878,0,0,0
169178.60227926,40,2753.4,2917,2302.8,0,0,738650.342877341,0,0,0
169178.642278326,40,2745.2,2928,2308.4,0,0,738650.342877804,0,0,0
169178.682277392,40,2736.2,2936.4,2316.6,0,0,738650.342878267,0,0,0
169178.722276459,40,2722.4,2947.2,2322.8,0,0,738650.34287873,0,0,0
169178.762275525,40,2702.8,2947.4,2328.8,0,0,738650.342879193,0,0,0
169178.802274592,40,2688,2949.4,2337.6,0,0,738650.342879656,0,0,0
169178.842273658,40,2668.8,2941.2,2343.4,0,0,738650.342880119,0,0,0
169178.882272724,40,2660.8,2929,2339,0,0,738650.342880582,0,0,0
169178.922271791,40,2656.4,2931.4,2341.4,0,0,738650.342881045,0,0,0
169178.962270857,40,2660.4,2908.2,2337.2,0,0,738650.342881508,0,0,0
169179.002269924,40,2671.2,2880.6,2319,0,0,738650.342881971,0,0,0
169179.04226899,40,2700.4,2835.4,2290.6,0,0,738650.342882434,0,0,0
169179.082268056,40,2742.8,2783.2,2263.8,0,0,738650.342882896,0,0,0
169179.122267123,40,2787,2734.2,2231.6,0,0,738650.342883359,0,0,0
169179.162266189,40,2830.6,2693.8,2211.2,0,0,738650.342883822,0,0,0
169179.202265256,40,2866.2,2664.4,2196.2,0,0,738650.342884285,0,0,0
169179.242264322,40,2890.6,2644.2,2184.6,0,0,738650.342884748,0,0,0
169179.282263388,40,2902.6,2635,2182,0,0,738650.342885211,0,0,0
169179.322262455,40,2905.6,2647.6,2184.8,0,0,738650.342885674,0,0,0
169179.362261521,40,2903,2666.2,2190.6,0,0,738650.342886137,0,0,0
169179.402260588,40,2893.4,2676.6,2193,0,0,738650.3428866,0,0,0
169179.442259654,40,2885.6,2682.2,2198.4,0,0,738650.342887063,0,0,0
169179.48225872,40,2862,2687,2199.6,0,0,738650.342887526,0,0,0
169179.522257787,40,2859.4,2691.2,2205.6,0,0,738650.342887989,0,0,0
169179.562256853,40,2854.2,2702.6,2210.6,0,0,738650.342888452,0,0,0
169179.60225592,40,2835.8,2702.2,2218,0,0,738650.342888915,0,0,0
169179.642254986,40,2821.6,2706.8,2220,0,0,738650.342889378,0,0,0
169179.682254052,40,2818.6,2719,2222.6,0,0,738650.342889841,0,0,0
169179.722253119,40,2821.2,2735.8,2225.2,0,0,738650.342890304,0,0,0
169179.762252185,40,2833.6,2758.2,2232.8,0,0,738650.342890767,0,0,0
169179.802251252,40,2833.4,2778,2241.4,0,0,738650.34289123,0,0,0
169179.842250318,40,2844.8,2806.8,2243.2,0,0,738650.342891693,0,0,0
169179.882249384,40,2843,2834,2255.2,0,0,738650.342892156,0,0,0
169179.922248451,40,2835.6,2844,2259.2,0,0,738650.342892619,0,0,0
169179.962247517,40,2812.6,2869.8,2271.2,0,0,738650.342893081,0,0,0
169180.002246584,40,2778,2905.4,2292.2,0,0,738650.342893544,0,0,0
169180.04224565,40,2706.8,2953.6,2331.4,0,0,738650.342894007,0,0,0
169180.082244716,40,2603.2,2987.6,2393.2,0,0,738650.34289447,0,0,0
169180.122243783,40,2491,2972.8,2462.2,0,0,738650.342894933,0,0,0
169180.183242359,61,2377.2,2865.4,2520.8,0,0,738650.342895639,0,0,0
169180.223241425,40,2376.8,2826.8,2502,0,0,738650.342896102,0,0,0
169180.263240492,40,2448,2850.6,2441.2,0,0,738650.342896565,0,0,0
169180.303239558,40,2539.6,2861.8,2377.8,0,0,738650.342897028,0,0,0
169180.343238625,40,2631.8,2838,2319.4,0,0,738650.342897491,0,0,0
169180.383237691,40,2708.8,2795.2,2275.4,0,0,738650.342897954,0,0,0
169180.423236758,40,2764,2761.2,2249.6,0,0,738650.342898417,0,0,0
169180.463235824,40,2809.2,2730.6,2227.8,0,0,738650.34289888,0,0,0
169180.50323489,40,2830.6,2718.6,2218,0,0,738650.342899343,0,0,0
169180.543233957,40,2846,2726.6,2216.2,0,0,738650.342899806,0,0,0
169180.583233023,40,2834.4,2748,2223.8,0,0,738650.342900269,0,0,0
169180.62323209,40,2820.8,2758.2,2235,0,0,738650.342900732,0,0,0
169180.663231156,40,2813.2,2767.8,2236,0,0,738650.342901195,0,0,0
169180.703230222,40,2806.8,2773.8,2238.2,0,0,738650.342901658,0,0,0
169180.743229289,40,2796.4,2774,2246.8,0,0,738650.342902121,0,0,0
169180.783228355,40,2784,2781,2249.6,0,0,738650.342902584,0,0,0
169180.823227421,40,2774,2784.8,2253.8,0,0,738650.342903047,0,0,0
169180.863226488,40,2768.4,2794.8,2257.8,0,0,738650.342903509,0,0,0
169180.903225554,40,2766,2809.4,2264,0,0,738650.342903972,0,0,0
169180.943224621,40,2765.2,2815,2267.2,0,0,738650.342904435,0,0,0
169180.983223687,40,2763.4,2821.2,2272.6,0,0,738650.342904898,0,0,0
169181.023222754,40,2755.6,2833,2275,0,0,738650.342905361,0,0,0
169181.06322182,40,2754.6,2843.4,2280.8,0,0,738650.342905824,0,0,0
169181.103220886,40,2747.6,2846.2,2282.6,0,0,738650.342906287,0,0,0
169181.143219953,40,2744.8,2857.6,2285.2,0,0,738650.34290675,0,0,0
169181.183219019,40,2750.2,2859.6,2286.4,0,0,738650.342907213,0,0,0
169181.223218086,40,2764.8,2861.4,2282,0,0,738650.342907676,0,0,0
169181.263217152,40,2814.2,2843.8,2264.6,0,0,738650.342908139,0,0,0
169181.303216218,40,2883.6,2783.8,2227.6,0,0,738650.342908602,0,0,0
169181.343215285,40,2954.4,2686.8,2191.2,0,0,738650.342909065,0,0,0
169181.383214351,40,2984.2,2582,2154.2,0,0,738650.342909528,0,0,0
169181.423213418,40,2980.4,2480.6,2125.2,0,0,738650.342909991,0,0,0
169181.463212484,40,2950.8,2407.8,2108.4,0,0,738650.342910454,0,0,0
169181.50321155,40,2906,2344.2,2085.6,0,0,738650.342910917,0,0,0
169181.543210617,40,2847.8,2304,2079.8,0,0,738650.34291138,0,0,0
169181.583209683,40,2788.2,2270.4,2070.4,0,0,738650.342911843,0,0,0
169181.623208749,40,2752,2252.2,2065,0,0,738650.342912305,0,0,0
169181.663207816,40,2733.2,2249.8,2066,0,0,738650.342912768,0,0,0
169181.703206882,40,2757.4,2258.8,2068.4,0,0,738650.342913231,0,0,0
169181.743205949,40,2805.4,2277.4,2071,0,0,738650.342913694,0,0,0
169181.783205015,40,2861.2,2315.8,2080.8,0,0,738650.342914157,0,0,0
169181.823204082,40,2939.4,2383,2100.6,0,0,738650.34291462,0,0,0
169181.863203148,40,2982.6,2489.4,2134.2,0,0,738650.342915083,0,0,0
169181.903202214,40,2917,2638,2185.2,0,0,738650.342915546,0,0,0
169181.943201281,40,2784.8,2815.6,2262.8,0,0,738650.342916009,0,0,0
169181.983200347,40,2607.2,2930,2367.4,0,0,738650.342916472,0,0,0
169182.023199414,40,2452.4,2959.6,2495.8,0,0,738650.342916935,0,0,0
169182.06319848,40,2358.6,2932.2,2612.8,0,0,738650.342917398,0,0,0
169182.103197546,40,2336.6,2949.8,2666.8,0,0,738650.342917861,0,0,0
169182.143196613,40,2381.4,2992.2,2612,0,0,738650.342918324,0,0,0
169182.183195679,40,2475.4,3019,2509.2,0,0,738650.342918787,0,0,0
169182.223194746,40,2602.4,3001.8,2399.8,0,0,738650.34291925,0,0,0
169182.263193812,40,2736.8,2902,2304.4,0,0,738650.342919713,0,0,0
169182.303192878,40,2824.6,2745.2,2229.2,0,0,738650.342920176,0,0,0
169182.343191945,40,2848.4,2591.2,2175.6,0,0,738650.342920639,0,0,0
169182.383191011,40,2846.6,2481.6,2142,0,0,738650.342921102,0,0,0
169182.423190078,40,2784.2,2400.6,2118.2,0,0,738650.342921565,0,0,0
169182.463189144,40,2737.2,2340,2104,0,0,738650.342922027,0,0,0
169182.50318821,40,2731,2307.2,2086,0,0,738650.34292249,0,0,0
169182.543187277,40,2715,2275.8,2077,0,0,738650.342922953,0,0,0
169182.583186343,40,2699.2,2254.8,2068.6,0,0,738650.342923416,0,0,0
169182.623185409,40,2687,2243.4,2063.2,0,0,738650.342923879,0,0,0
169182.663184476,40,2696.6,2240.6,2064,0,0,738650.342924342,0,0,0
169182.703183542,40,2728.2,2257.8,2068.2,0,0,738650.342924805,0,0,0
169182.743182609,40,2770.2,2276.8,2075.8,0,0,738650.342925268,0,0,0
169182.783181675,40,2845.2,2320.4,2087,0,0,738650.342925731,0,0,0
169182.823180742,40,2947.6,2413,2109.8,0,0,738650.342926194,0,0,0
169182.863179808,40,2990,2550.6,2148.6,0,0,738650.342926657,0,0,0
169182.903178874,40,2907.2,2732.4,2215.4,0,0,738650.34292712,0,0,0
169182.943177941,40,2744.8,2903.8,2300.4,0,0,738650.342927583,0,0,0
169182.983177007,40,2590.6,3006.8,2405.6,0,0,738650.342928046,0,0,0
169183.023176074,40,2462.8,3032.2,2517,0,0,738650.342928509,0,0,0
169183.06317514,40,2409.6,3029.8,2592,0,0,738650.342928972,0,0,0
169183.103174206,40,2421.8,3029.8,2576.6,0,0,738650.342929435,0,0,0
169183.143173273,40,2477.2,3032,2507.8,0,0,738650.342929898,0,0,0
169183.183172339,40,2565,3015.4,2430,0,0,738650.342930361,0,0,0
169183.223171405,40,2662.8,2976,2357,0,0,738650.342930824,0,0,0
169183.263170472,40,2762.4,2899.2,2292.4,0,0,738650.342931287,0,0,0
169183.303169538,40,2846.6,2806.4,2244.6,0,0,738650.34293175,0,0,0
169183.343168605,40,2916,2726,2204.4,0,0,738650.342932213,0,0,0
169183.383167671,40,2940.8,2645.2,2179,0,0,738650.342932675,0,0,0
169183.423166738,40,2931,2581.2,2160.2,0,0,738650.342933138,0,0,0
169183.463165804,40,2923.6,2540.4,2152.8,0,0,738650.342933601,0,0,0
169183.50316487,40,2919,2525.6,2143.2,0,0,738650.342934064,0,0,0
169183.543163937,40,2901,2521.6,2146.8,0,0,738650.342934527,0,0,0
169183.583163003,40,2892.6,2530.6,2150.6,0,0,738650.34293499,0,0,0
169183.62316207,40,2905.4,2550.6,2158,0,0,738650.342935453,0,0,0
169183.663161136,40,2927.2,2574.4,2162,0,0,738650.342935916,0,0,0
169183.703160202,40,2938,2586.2,2164,0,0,738650.342936379,0,0,0
169183.743159269,40,2921.6,2586.8,2162.4,0,0,738650.342936842,0,0,0
169183.783158335,40,2957,2616,2168,0,0,738650.342937305,0,0,0
169183.823157402,40,2946.8,2622.2,2173.4,0,0,738650.342937768,0,0,0
169183.863156468,40,2933.4,2629.6,2180.2,0,0,738650.342938231,0,0,0
169183.903155534,40,2915,2635.6,2176.2,0,0,738650.342938694,0,0,0
169183.943154601,40,2911.2,2646,2185.6,0,0,738650.342939157,0,0,0
169183.983153667,40,2909.8,2652.4,2185.8,0,0,738650.34293962,0,0,0
169184.023152734,40,2905.2,2665.4,2188.6,0,0,738650.342940083,0,0,0
169184.0631518,40,2891.6,2665.2,2192.4,0,0,738650.342940546,0,0,0
169184.103150866,40,2886.4,2676,2197.4,0,0,738650.342941009,0,0,0
169184.143149933,40,2876.4,2676.4,2201.2,0,0,738650.342941471,0,0,0
169184.183148999,40,2870,2685,2202.8,0,0,738650.342941934,0,0,0
169184.223148066,40,2861.8,2690,2206.8,0,0,738650.342942397,0,0,0
169184.263147132,40,2848.8,2696.4,2212,0,0,738650.34294286,0,0,0
169184.303146198,40,2830.8,2700.4,2215.4,0,0,738650.342943323,0,0,0
169184.343145265,40,2817.8,2708.2,2219.8,0,0,738650.342943786,0,0,0
169184.383144331,40,2809.4,2707.6,2225.6,0,0,738650.342944249,0,0,0
169184.423143398,40,2798.8,2710.8,2224,0,0,738650.342944712,0,0,0
169184.463142464,40,2791,2715.6,2229.8,0,0,738650.342945175,0,0,0
169184.50314153,40,2776,2717.8,2232.2,0,0,738650.342945638,0,0,0
169184.543140597,40,2756.2,2719.6,2236.8,0,0,738650.342946101,0,0,0
169184.583139663,40,2752.4,2717.2,2238.6,0,0,738650.342946564,0,0,0
169184.62313873,40,2747.4,2722.8,2242.2,0,0,738650.342947027,0,0,0
169184.663137796,40,2745,2737.4,2247.8,0,0,738650.34294749,0,0,0
169184.703136862,40,2739.8,2742.4,2249.8,0,0,738650.342947953,0,0,0
169184.743135929,40,2736,2742.8,2252.6,0,0,738650.342948416,0,0,0
169184.783134995,40,2751.8,2740.8,2246.4,0,0,738650.342948879,0,0,0
169184.823134062,40,2775,2729,2237,0,0,738650.342949342,0,0,0
169184.863133128,40,2819.4,2711,2223.8,0,0,738650.342949805,0,0,0
169184.903132194,40,2860.2,2685,2204.2,0,0,738650.342950268,0,0,0
169184.943131261,40,2886.2,2662.4,2190.4,0,0,738650.342950731,0,0,0
169184.983130327,40,2903.8,2646.2,2185.6,0,0,738650.342951193,0,0,0
169185.023129394,40,2897.6,2650.6,2182.8,0,0,738650.342951656,0,0,0
169185.06312846,40,2884.4,2662.8,2193.8,0,0,738650.342952119,0,0,0
169185.103127526,40,2856.8,2673.4,2205.2,0,0,738650.342952582,0,0,0
169185.143126593,40,2827.2,2666,2204.6,0,0,738650.342953045,0,0,0
169185.183125659,40,2801.6,2663.2,2207.4,0,0,738650.342953508,0,0,0
169185.223124726,40,2778.2,2672.6,2216.2,0,0,738650.342953971,0,0,0
169185.263123792,40,2766.8,2677.4,2220.8,0,0,738650.342954434,0,0,0
169185.303122858,40,2752,2679.4,2223.6,0,0,738650.342954897,0,0,0
169185.343121925,40,2744.4,2699.6,2232.2,0,0,738650.34295536,0,0,0
169185.383120991,40,2741.8,2732.6,2245,0,0,738650.342955823,0,0,0
169185.423120058,40,2718,2808.8,2280.6,0,0,738650.342956286,0,0,0
169185.463119124,40,2669.6,2922,2335.6,0,0,738650.342956749,0,0,0
169185.50311819,40,2577.8,3011.6,2416.4,0,0,738650.342957212,0,0,0
169185.543117257,40,2473.6,3033.8,2517.8,0,0,738650.342957675,0,0,0
169185.583116323,40,2384.8,2999.2,2615,0,0,738650.342958138,0,0,0
169185.623115389,40,2326.8,2936.8,2669.4,0,0,738650.342958601,0,0,0
169185.663114456,40,2317.4,2853.4,2626.4,0,0,738650.342959064,0,0,0
169185.703113522,40,2329.4,2798.2,2561.2,0,0,738650.342959527,0,0,0
169185.743112589,40,2394.8,2850.2,2497,0,0,738650.34295999,0,0,0
169185.783111655,40,2498.4,2904.4,2424.2,0,0,738650.342960453,0,0,0
169185.823110722,40,2624.6,2893.6,2343.2,0,0,738650.342960916,0,0,0
169185.863109788,40,2739.8,2820.6,2277,0,0,738650.342961378,0,0,0
169185.903108854,40,2806.2,2714.8,2222.8,0,0,738650.342961841,0,0,0
169185.943107921,40,2842.8,2620.2,2186,0,0,738650.342962304,0,0,0
169185.983106987,40,2845,2558.8,2168.2,0,0,738650.342962767,0,0,0
169186.023106054,40,2833.8,2534.6,2161.4,0,0,738650.34296323,0,0,0
169186.06310512,40,2801.2,2540.4,2170.8,0,0,738650.342963693,0,0,0
169186.103104186,40,2808.8,2577,2181,0,0,738650.342964156,0,0,0
169186.143103253,40,2823.8,2615.4,2187,0,0,738650.342964619,0,0,0
169186.183102319,40,2831,2653.6,2202.8,0,0,738650.342965082,0,0,0
169186.223101385,40,2846.4,2693.2,2214,0,0,738650.342965545,0,0,0
169186.263100452,40,2857.4,2727.2,2217.8,0,0,738650.342966008,0,0,0
169186.303099518,40,2853.8,2724.4,2216.4,0,0,738650.342966471,0,0,0
169186.343098585,40,2830.6,2723.4,2221.2,0,0,738650.342966934,0,0,0
169186.383097651,40,2821.4,2726.6,2227.4,0,0,738650.342967397,0,0,0
169186.423096718,40,2814.6,2730,2226.4,0,0,738650.34296786,0,0,0
169186.463095784,40,2800.6,2727,2228.6,0,0,738650.342968323,0,0,0
169186.50309485,40,2788.4,2731.2,2234,0,0,738650.342968786,0,0,0
169186.543093917,40,2783,2736.8,2239,0,0,738650.342969249,0,0,0
169186.583092983,40,2772.4,2740.2,2241.4,0,0,738650.342969712,0,0,0
169186.623092049,40,2763,2740.4,2242,0,0,738650.342970175,0,0,0
169186.663091116,40,2770.2,2758,2247.8,0,0,738650.342970637,0,0,0
169186.703090182,40,2758,2763,2252,0,0,738650.3429711,0,0,0
169186.743089249,40,2754.6,2768,2253.8,0,0,738650.342971563,0,0,0
169186.783088315,40,2753,2776,2256.8,0,0,738650.342972026,0,0,0
169186.823087382,40,2764,2801.2,2262,0,0,738650.342972489,0,0,0
169186.863086448,40,2764.6,2814.8,2264,0,0,738650.342972952,0,0,0
169186.903085514,40,2777,2834,2268.8,0,0,738650.342973415,0,0,0
169186.943084581,40,2783.4,2856.4,2274,0,0,738650.342973878,0,0,0
169186.983083647,40,2785.2,2868.6,2281.4,0,0,738650.342974341,0,0,0
169187.023082714,40,2785,2880.8,2284.6,0,0,738650.342974804,0,0,0
169187.06308178,40,2778.6,2885.2,2288.8,0,0,738650.342975267,0,0,0
169187.103080846,40,2769.6,2891.8,2291.6,0,0,738650.34297573,0,0,0
169187.143079913,40,2762.4,2897.8,2292.4,0,0,738650.342976193,0,0,0
169187.183078979,40,2760.6,2906.8,2299.6,0,0,738650.342976656,0,0,0
169187.223078045,40,2748.4,2912.6,2305,0,0,738650.342977119,0,0,0
169187.263077112,40,2744.8,2917.2,2308.4,0,0,738650.342977582,0,0,0
169187.303076178,40,2736,2922.6,2313.6,0,0,738650.342978045,0,0,0
169187.343075245,40,2726,2929,2313,0,0,738650.342978508,0,0,0
169187.383074311,40,2721.6,2929.2,2321.4,0,0,738650.342978971,0,0,0
169187.423073378,40,2714.4,2937.6,2324.4,0,0,738650.342979434,0,0,0
169187.463072444,40,2705,2939.2,2326.4,0,0,738650.342979897,0,0,0
169187.50307151,40,2702.8,2944.4,2334.4,0,0,738650.342980359,0,0,0
169187.543070577,40,2690.6,2954.2,2338.2,0,0,738650.342980822,0,0,0
169187.583069643,40,2689.8,2956.4,2342.2,0,0,738650.342981285,0,0,0
169187.62306871,40,2677.4,2962.8,2344.8,0,0,738650.342981748,0,0,0
169187.663067776,40,2670.4,2962.6,2350.8,0,0,738650.342982211,0,0,0
169187.703066842,40,2669.4,2972.2,2351.4,0,0,738650.342982674,0,0,0
169187.743065909,40,2669.6,2968.6,2355.8,0,0,738650.342983137,0,0,0
169187.783064975,40,2679.2,2962.4,2347,0,0,738650.3429836,0,0,0
169187.823064041,40,2699.2,2938.4,2332.2,0,0,738650.342984063,0,0,0
169187.863063108,40,2730.6,2922,2309,0,0,738650.342984526,0,0,0
169187.903062174,40,2784.8,2884,2281,0,0,738650.342984989,0,0,0
169187.943061241,40,2847.4,2827.8,2250,0,0,738650.342985452,0,0,0
169187.983060307,40,2910.2,2764.2,2217,0,0,738650.342985915,0,0,0
169188.023059374,40,2940.8,2681.2,2190,0,0,738650.342986378,0,0,0
169188.06305844,40,2941.8,2608.2,2171.4,0,0,738650.342986841,0,0,0
169188.103057506,40,2907.6,2551.6,2157.8,0,0,738650.342987304,0,0,0
169188.143056573,40,2879.4,2512.6,2147,0,0,738650.342987767,0,0,0
169188.183055639,40,2856.6,2503.6,2146.4,0,0,738650.34298823,0,0,0
169188.223054706,40,2836.2,2514.2,2151.2,0,0,738650.342988693,0,0,0
169188.263053772,40,2831.6,2529.2,2158,0,0,738650.342989156,0,0,0
169188.303052838,40,2832.2,2538,2165,0,0,738650.342989619,0,0,0
169188.343051905,40,2836.4,2544.4,2164.2,0,0,738650.342990082,0,0,0
169188.383050971,40,2847.8,2567,2170.8,0,0,738650.342990544,0,0,0
169188.423050038,40,2836.8,2603.6,2185.6,0,0,738650.342991007,0,0,0
169188.463049104,40,2786.6,2655.4,2212.6,0,0,738650.34299147,0,0,0
169188.50304817,40,2697.4,2719.4,2255.8,0,0,738650.342991933,0,0,0
169188.543047237,40,2594.6,2792,2320.8,0,0,738650.342992396,0,0,0
169188.583046303,40,2498.8,2831.8,2389.6,0,0,738650.342992859,0,0,0
169188.623045369,40,2438.4,2869.4,2460.8,0,0,738650.342993322,0,0,0
169188.663044436,40,2457.2,2930,2480.2,0,0,738650.342993785,0,0,0
169188.703043502,40,2541.6,2962.6,2420,0,0,738650.342994248,0,0,0
169188.743042569,40,2664,2919.4,2337.8,0,0,738650.342994711,0,0,0
169188.783041635,40,2801,2808.8,2252.4,0,0,738650.342995174,0,0,0
169188.823040702,40,2913.8,2668.2,2193.2,0,0,738650.342995637,0,0,0
169188.863039768,40,2925.2,2521,2144,0,0,738650.3429961,0,0,0
169188.903038834,40,2886.8,2417.6,2114.6,0,0,738650.342996563,0,0,0
169188.943037901,40,2840.4,2347.6,2096.6,0,0,738650.342997026,0,0,0
169188.983036967,40,2794,2316.2,2084.2,0,0,738650.342997489,0,0,0
169189.023036034,40,2766.8,2299.6,2083.4,0,0,738650.342997952,0,0,0
169189.0630351,40,2764.2,2311.6,2085.2,0,0,738650.342998415,0,0,0
169189.103034166,40,2781,2330.4,2094.8,0,0,738650.342998878,0,0,0
169189.143033233,40,2807.4,2360.8,2098.6,0,0,738650.342999341,0,0,0
169189.183032299,40,2838.2,2390.6,2109.8,0,0,738650.342999803,0,0,0
169189.223031366,40,2862.4,2421,2120,0,0,738650.343000266,0,0,0
169189.263030432,40,2884,2454.8,2124.6,0,0,738650.343000729,0,0,0
169189.303029498,40,2891.2,2491.4,2137,0,0,738650.343001192,0,0,0
169189.343028565,40,2884.2,2534.6,2155.4,0,0,738650.343001655,0,0,0
169189.383027631,40,2872.2,2597.4,2175,0,0,738650.343002118,0,0,0
169189.423026698,40,2818.6,2678.6,2209.2,0,0,738650.343002581,0,0,0
169189.463025764,40,2730.6,2757,2258.8,0,0,738650.343003044,0,0,0
169189.50302483,40,2631.2,2826.8,2322.2,0,0,738650.343003507,0,0,0
169189.543023897,40,2553,2856.6,2368.4,0,0,738650.34300397,0,0,0
169189.583022963,40,2582.2,2830,2343.8,0,0,738650.343004433,0,0,0
169189.623022029,40,2665.8,2773,2283,0,0,738650.343004896,0,0,0
169189.663021096,40,2761.8,2685,2229,0,0,738650.343005359,0,0,0
169189.703020162,40,2826.2,2594.8,2183.6,0,0,738650.343005822,0,0,0
169189.743019229,40,2845.8,2516,2149.2,0,0,738650.343006285,0,0,0
169189.783018295,40,2834.4,2455.8,2130.2,0,0,738650.343006748,0,0,0
169189.823017362,40,2837.2,2427.6,2123.2,0,0,738650.343007211,0,0,0
169189.863016428,40,2839,2422.2,2119.4,0,0,738650.343007674,0,0,0
169189.903015494,40,2830.4,2425.6,2126.6,0,0,738650.343008137,0,0,0
169189.943014561,40,2852,2440.4,2126.4,0,0,738650.3430086,0,0,0
169189.983013627,40,2870.6,2460,2128.6,0,0,738650.343009062,0,0,0
169190.023012694,40,2899.8,2467.6,2131,0,0,738650.343009525,0,0,0
169190.06301176,40,2924.8,2478.6,2132.4,0,0,738650.343009988,0,0,0
169190.103010826,40,2951.4,2493.6,2130.6,0,0,738650.343010451,0,0,0
169190.143009893,40,2961.8,2499.2,2135,0,0,738650.343010914,0,0,0
169190.183008959,40,2962.6,2509.4,2132.2,0,0,738650.343011377,0,0,0
169190.223008025,40,2970.6,2515.6,2138.6,0,0,738650.34301184,0,0,0
169190.263007092,40,2963.8,2517.2,2138.8,0,0,738650.343012303,0,0,0
169190.303006158,40,2949,2524,2144,0,0,738650.343012766,0,0,0
169190.343005225,40,2932.6,2524.6,2147.2,0,0,738650.343013229,0,0,0
169190.383004291,40,2913.6,2530.6,2146.8,0,0,738650.343013692,0,0,0
169190.423003358,40,2894.2,2532.8,2152.2,0,0,738650.343014155,0,0,0
169190.463002424,40,2875.2,2528.8,2151.8,0,0,738650.343014618,0,0,0
169190.50300149,40,2875.4,2540.8,2156.8,0,0,738650.343015081,0,0,0
169190.543000557,40,2853.8,2543,2162.4,0,0,738650.343015544,0,0,0
169190.582999623,40,2836.2,2544.4,2161,0,0,738650.343016007,0,0,0
169190.62299869,40,2824.4,2543.4,2168.8,0,0,738650.34301647,0,0,0
169190.662997756,40,2819.2,2556.8,2169.4,0,0,738650.343016933,0,0,0
169190.702996822,40,2820.8,2563.2,2174.6,0,0,738650.343017396,0,0,0
169190.742995889,40,2822.8,2569.4,2172.8,0,0,738650.343017859,0,0,0
169190.782994955,40,2834.6,2580.6,2179.4,0,0,738650.343018322,0,0,0
169190.822994022,40,2854,2604.2,2179.6,0,0,738650.343018785,0,0,0
169190.862993088,40,2871.8,2622,2182.8,0,0,738650.343019248,0,0,0
169190.902992154,40,2893,2641,2186.8,0,0,738650.34301971,0,0,0
169190.942991221,40,2908.4,2652.4,2187.2,0,0,738650.343020173,0,0,0
169190.982990287,40,2916.8,2667.2,2188.4,0,0,738650.343020636,0,0,0
169191.022989354,40,2920.4,2677.6,2192.8,0,0,738650.343021099,0,0,0
169191.06298842,40,2915.4,2689.2,2194.8,0,0,738650.343021562,0,0,0
169191.102987486,40,2901.4,2694.4,2201.6,0,0,738650.343022025,0,0,0
169191.142986553,40,2886,2692.4,2205.4,0,0,738650.343022488,0,0,0
169191.182985619,40,2862.8,2692.8,2207,0,0,738650.343022951,0,0,0
169191.222984686,40,2837.6,2687.2,2213.2,0,0,738650.343023414,0,0,0
169191.262983752,40,2818.2,2687.4,2215.8,0,0,738650.343023877,0,0,0
169191.302982818,40,2800.2,2682.8,2220.4,0,0,738650.34302434,0,0,0
169191.342981885,40,2782.2,2682,2220.2,0,0,738650.343024803,0,0,0
169191.382980951,40,2773.8,2685,2221.6,0,0,738650.343025266,0,0,0
169191.422980018,40,2764.2,2681.2,2226,0,0,738650.343025729,0,0,0
169191.462979084,40,2762,2699.8,2232.4,0,0,738650.343026192,0,0,0
169191.50297815,40,2760.8,2706.6,2236.4,0,0,738650.343026655,0,0,0
169191.542977217,40,2763.6,2718.4,2239.2,0,0,738650.343027118,0,0,0
169191.582976283,40,2766,2728.8,2241,0,0,738650.343027581,0,0,0
169191.62297535,40,2765.2,2744.2,2241.6,0,0,738650.343028044,0,0,0
169191.662974416,40,2774.2,2761.6,2245,0,0,738650.343028506,0,0,0
169191.702973482,40,2778.2,2775,2253.2,0,0,738650.343028969,0,0,0
169191.742972549,40,2782.4,2790.4,2256.2,0,0,738650.343029432,0,0,0
169191.782971615,40,2784,2802.6,2263.2,0,0,738650.343029895,0,0,0
169191.822970682,40,2777.2,2813.6,2261.8,0,0,738650.343030358,0,0,0
169191.862969748,40,2770.2,2821.2,2263.6,0,0,738650.343030821,0,0,0
169191.902968814,40,2767.4,2829.6,2271.6,0,0,738650.343031284,0,0,0
169191.942967881,40,2756.4,2825.8,2277,0,0,738650.343031747,0,0,0
169191.982966947,40,2739.6,2826.6,2279.2,0,0,738650.34303221,0,0,0
169192.022966014,40,2720,2825,2284.4,0,0,738650.343032673,0,0,0
169192.06296508,40,2710.8,2820,2285.4,0,0,738650.343033136,0,0,0
169192.102964146,40,2699,2823.4,2290.6,0,0,738650.343033599,0,0,0
169192.142963213,40,2690.6,2822.2,2294,0,0,738650.343034062,0,0,0
169192.182962279,40,2681.4,2823,2296.8,0,0,738650.343034525,0,0,0
169192.222961346,40,2668.2,2824.6,2303.2,0,0,738650.343034988,0,0,0
169192.262960412,40,2661.8,2828.4,2306.6,0,0,738650.343035451,0,0,0
169192.302959478,40,2654.6,2834.4,2309.8,0,0,738650.343035914,0,0,0
169192.342958545,40,2649.2,2833.8,2314,0,0,738650.343036377,0,0,0
169192.382957611,40,2647,2846.6,2319,0,0,738650.34303684,0,0,0
169192.422956678,40,2644.4,2853.8,2324.6,0,0,738650.343037303,0,0,0
169192.462955744,40,2639.6,2858.8,2329,0,0,738650.343037766,0,0,0
169192.50295481,40,2635.6,2869.6,2329.6,0,0,738650.343038228,0,0,0
169192.542953877,40,2626.6,2876.8,2338,0,0,738650.343038691,0,0,0
169192.582952943,40,2624,2886.2,2338.6,0,0,738650.343039154,0,0,0
169192.622952009,40,2621.6,2898,2346.6,0,0,738650.343039617,0,0,0
169192.662951076,40,2613.8,2906.2,2352.4,0,0,738650.34304008,0,0,0
169192.702950142,40,2608.6,2913,2359.8,0,0,738650.343040543,0,0,0
169192.742949209,40,2604,2920.2,2364.6,0,0,738650.343041006,0,0,0
169192.782948275,40,2598.8,2925.2,2374,0,0,738650.343041469,0,0,0
169192.822947342,40,2594.4,2924.6,2375.6,0,0,738650.343041932,0,0,0
169192.862946408,40,2579.4,2927.2,2376.6,0,0,738650.343042395,0,0,0
169192.902945474,40,2573,2923.8,2381.2,0,0,738650.343042858,0,0,0
169192.942944541,40,2565.8,2922.8,2387.8,0,0,738650.343043321,0,0,0
169192.982943607,40,2554.8,2917.6,2391,0,0,738650.343043784,0,0,0
169193.022942674,40,2549.8,2919,2397.6,0,0,738650.343044247,0,0,0
169193.06294174,40,2540.4,2916.2,2403.4,0,0,738650.34304471,0,0,0
169193.102940806,40,2534.4,2914,2404.8,0,0,738650.343045173,0,0,0
169193.142939873,40,2526.4,2913,2412,0,0,738650.343045636,0,0,0
169193.182938939,40,2510.6,2906.2,2413.4,0,0,738650.343046099,0,0,0
169193.222938005,40,2505.4,2898.2,2420.6,0,0,738650.343046562,0,0,0
169193.262937072,40,2505,2887.8,2413.4,0,0,738650.343047025,0,0,0
169193.302936138,40,2521.2,2879.4,2395.8,0,0,738650.343047488,0,0,0
169193.342935205,40,2568.2,2866.4,2369.6,0,0,738650.343047951,0,0,0
169193.382934271,40,2619,2844,2328.4,0,0,738650.343048413,0,0,0
169193.422933338,40,2662.6,2800.2,2294.8,0,0,738650.343048876,0,0,0
169193.462932404,40,2688.6,2755,2264.2,0,0,738650.343049339,0,0,0
169193.50293147,40,2707.2,2739.2,2254.2,0,0,738650.343049802,0,0,0
169193.542930537,40,2698,2751.4,2265,0,0,738650.343050265,0,0,0
169193.582929603,40,2669,2781.8,2286,0,0,738650.343050728,0,0,0
169193.62292867,40,2622.2,2828.6,2325.8,0,0,738650.343051191,0,0,0
169193.662927736,40,2547.8,2874.6,2378,0,0,738650.343051654,0,0,0
169193.702926802,40,2463.4,2911,2455.4,0,0,738650.343052117,0,0,0
169193.742925869,40,2378.2,2893.8,2550,0,0,738650.34305258,0,0,0
169193.782924935,40,2311.2,2843.2,2635,0,0,738650.343053043,0,0,0
169193.822924002,40,2294.2,2819,2641.6,0,0,738650.343053506,0,0,0
169193.862923068,40,2338.4,2853.6,2586,0,0,738650.343053969,0,0,0
169193.902922134,40,2410.6,2866.6,2483.8,0,0,738650.343054432,0,0,0
169193.942921201,40,2514.6,2854.8,2390.6,0,0,738650.343054895,0,0,0
169193.982920267,40,2612.2,2809.4,2318.4,0,0,738650.343055358,0,0,0
169194.022919334,40,2674.8,2726.8,2262.4,0,0,738650.343055821,0,0,0
169194.0629184,40,2727.6,2709.6,2240.4,0,0,738650.343056284,0,0,0
169194.102917466,40,2732,2719.6,2241.8,0,0,738650.343056747,0,0,0
169194.142916533,40,2718,2762,2263.6,0,0,738650.34305721,0,0,0
169194.182915599,40,2692.8,2801.6,2289.8,0,0,738650.343057672,0,0,0
169194.222914666,40,2630.4,2847.6,2322.2,0,0,738650.343058135,0,0,0
169194.262913732,40,2558.2,2903.4,2383.2,0,0,738650.343058598,0,0,0
169194.302912798,40,2464.4,2910.4,2456.8,0,0,738650.343059061,0,0,0
169194.342911865,40,2397.8,2885.8,2517.4,0,0,738650.343059524,0,0,0
169194.382910931,40,2389.2,2868,2523.8,0,0,738650.343059987,0,0,0
169194.422909998,40,2439.8,2873.2,2463.2,0,0,738650.34306045,0,0,0
169194.462909064,40,2532.6,2857.6,2382,0,0,738650.343060913,0,0,0
169194.50290813,40,2627.2,2826,2320,0,0,738650.343061376,0,0,0
169194.542907197,40,2683,2780.8,2277.6,0,0,738650.343061839,0,0,0
169194.582906263,40,2691.6,2771.6,2274.8,0,0,738650.343062302,0,0,0
169194.62290533,40,2662,2787.4,2289.6,0,0,738650.343062765,0,0,0
169194.662904396,40,2640.2,2824.2,2311.2,0,0,738650.343063228,0,0,0
169194.702903462,40,2589.4,2850.4,2346.6,0,0,738650.343063691,0,0,0
169194.742902529,40,2545.2,2899.4,2385.8,0,0,738650.343064154,0,0,0
169194.782901595,40,2499,2937.8,2441.6,0,0,738650.343064617,0,0,0
169194.822900662,40,2450.8,2947.6,2487.8,0,0,738650.34306508,0,0,0
169194.862899728,40,2423.2,2946.2,2520.4,0,0,738650.343065543,0,0,0
169194.902898794,40,2417.6,2913.8,2506.2,0,0,738650.343066006,0,0,0
169194.942897861,40,2420.4,2873.8,2480.8,0,0,738650.343066469,0,0,0
169194.982896927,40,2423.2,2838.2,2457.2,0,0,738650.343066932,0,0,0
169195.022895994,40,2431.8,2840.6,2449.2,0,0,738650.343067394,0,0,0
169195.06289506,40,2450.6,2845.6,2435,0,0,738650.343067857,0,0,0
169195.102894126,40,2472,2873,2427.4,0,0,738650.34306832,0,0,0
169195.142893193,40,2495.8,2906.6,2428,0,0,738650.343068783,0,0,0
169195.182892259,40,2521,2932.2,2418.6,0,0,738650.343069246,0,0,0
169195.222891326,40,2561.2,2927.4,2390.6,0,0,738650.343069709,0,0,0
169195.262890392,40,2628.2,2916.2,2355.4,0,0,738650.343070172,0,0,0
169195.302889458,40,2698.6,2869.8,2305.6,0,0,738650.343070635,0,0,0
169195.342888525,40,2770.8,2793.4,2258.8,0,0,738650.343071098,0,0,0
169195.382887591,40,2834.8,2707.4,2214.8,0,0,738650.343071561,0,0,0
169195.422886658,40,2863.2,2617.2,2181.6,0,0,738650.343072024,0,0,0
169195.462885724,40,2886.2,2541.8,2155.8,0,0,738650.343072487,0,0,0
169195.50288479,40,2877.8,2475.6,2137.2,0,0,738650.34307295,0,0,0
169195.542883857,40,2847.4,2426.6,2122.6,0,0,738650.343073413,0,0,0
169195.582882923,40,2799,2379.4,2108.4,0,0,738650.343073876,0,0,0
169195.622881989,40,2752.8,2345.2,2097.8,0,0,738650.343074339,0,0,0
169195.662881056,40,2727.6,2317.8,2094.8,0,0,738650.343074802,0,0,0
169195.702880122,40,2718.8,2300.6,2087.6,0,0,738650.343075265,0,0,0
169195.742879189,40,2718,2288,2080.8,0,0,738650.343075728,0,0,0
169195.782878255,40,2716,2285.4,2078.8,0,0,738650.343076191,0,0,0
169195.822877322,40,2713.4,2282.6,2079.8,0,0,738650.343076654,0,0,0
169195.862876388,40,2715.8,2292.8,2083.8,0,0,738650.343077117,0,0,0
169195.902875454,40,2722.8,2302.8,2089.2,0,0,738650.343077579,0,0,0
169195.942874521,40,2750.8,2321.2,2096,0,0,738650.343078042,0,0,0
169195.982873587,40,2791.4,2345.4,2098.4,0,0,738650.343078505,0,0,0
169196.022872654,40,2840,2384,2107.8,0,0,738650.343078968,0,0,0
169196.06287172,40,2856.2,2428.6,2124.4,0,0,738650.343079431,0,0,0
169196.102870786,40,2867.4,2500.6,2145,0,0,738650.343079894,0,0,0
169196.142869853,40,2831.8,2580.8,2177.2,0,0,738650.343080357,0,0,0
169196.182868919,40,2771.4,2671,2218,0,0,738650.34308082,0,0,0
169196.222867986,40,2674.8,2744.8,2274.4,0,0,738650.343081283,0,0,0
169196.262867052,40,2577.6,2797.6,2331.6,0,0,738650.343081746,0,0,0
169196.302866118,40,2506,2828.8,2383.4,0,0,738650.343082209,0,0,0
169196.342865185,40,2471.2,2856.6,2421.8,0,0,738650.343082672,0,0,0
169196.382864251,40,2496.8,2879.2,2415.8,0,0,738650.343083135,0,0,0
169196.422863318,40,2568.6,2887.6,2370.2,0,0,738650.343083598,0,0,0
169196.462862384,40,2696.2,2869,2311.8,0,0,738650.343084061,0,0,0
169196.50286145,40,2850.8,2804.4,2242,0,0,738650.343084524,0,0,0
169196.542860517,40,2951.4,2662.6,2180.4,0,0,738650.343084987,0,0,0
169196.582859583,40,3005.8,2535.2,2138.4,0,0,738650.34308545,0,0,0
169196.622858649,40,2991.6,2425,2109.8,0,0,738650.343085913,0,0,0
169196.662857716,40,2875.2,2334.6,2083,0,0,738650.343086376,0,0,0
169196.702856782,40,2781.2,2272,2068,0,0,738650.343086838,0,0,0
169196.742855849,40,2686.8,2231.2,2061.2,0,0,738650.343087301,0,0,0
169196.782854915,40,2619.8,2207.6,2055.4,0,0,738650.343087764,0,0,0
169196.822853982,40,2634.4,2213.2,2056.6,0,0,738650.343088227,0,0,0
169196.862853048,40,2690.4,2232.2,2060.6,0,0,738650.34308869,0,0,0
169196.902852114,40,2745.2,2257,2070,0,0,738650.343089153,0,0,0
169196.942851181,40,2812.8,2298.2,2075.6,0,0,738650.343089616,0,0,0
169196.982850247,40,2882.4,2368.2,2098,0,0,738650.343090079,0,0,0
169197.022849314,40,2913.6,2466.4,2129.4,0,0,738650.343090542,0,0,0
169197.06284838,40,2874.8,2596,2176.2,0,0,738650.343091005,0,0,0
169197.102847446,40,2768.8,2728.6,2242.8,0,0,738650.343091468,0,0,0
169197.142846513,40,2629.2,2849.4,2324,0,0,738650.343091931,0,0,0
169197.182845579,40,2496.6,2906.8,2427,0,0,738650.343092394,0,0,0
169197.222844645,40,2393,2906.6,2538,0,0,738650.343092857,0,0,0
169197.262843712,40,2326.6,2885,2633.6,0,0,738650.34309332,0,0,0
169197.302842778,40,2310,2891,2672.4,0,0,738650.343093783,0,0,0
169197.342841845,40,2368,2979,2633.8,0,0,738650.343094246,0,0,0
169197.382840911,40,2465.8,3021.8,2516.8,0,0,738650.343094709,0,0,0
169197.422839978,40,2611.4,3000.6,2395,0,0,738650.343095172,0,0,0
169197.462839044,40,2771.4,2889.2,2284.2,0,0,738650.343095635,0,0,0
169197.50283811,40,2895.4,2718.2,2206.8,0,0,738650.343096097,0,0,0
169197.542837177,40,2963.6,2563.2,2149.4,0,0,738650.34309656,0,0,0
169197.582836243,40,2946.2,2433.2,2116.2,0,0,738650.343097023,0,0,0
169197.62283531,40,2871.4,2339.2,2091.8,0,0,738650.343097486,0,0,0
169197.662834376,40,2763.2,2277.4,2075,0,0,738650.343097949,0,0,0
169197.702833442,40,2673.8,2233.4,2062.8,0,0,738650.343098412,0,0,0
169197.742832509,40,2629.8,2216,2056.2,0,0,738650.343098875,0,0,0
169197.782831575,40,2649.6,2215.2,2056.2,0,0,738650.343099338,0,0,0
169197.822830641,40,2737.6,2247.2,2066,0,0,738650.343099801,0,0,0
169197.862829708,40,2840.8,2298.4,2078,0,0,738650.343100264,0,0,0
169197.902828774,40,2922,2378.2,2098.8,0,0,738650.343100727,0,0,0
169197.942827841,40,2959.8,2501.4,2138.8,0,0,738650.34310119,0,0,0
169197.982826907,40,2874.8,2643.6,2190.8,0,0,738650.343101653,0,0,0
169198.022825974,40,2727.4,2794.8,2272.4,0,0,738650.343102116,0,0,0
169198.06282504,40,2572.2,2906.6,2377.6,0,0,738650.343102579,0,0,0
169198.102824106,40,2436.4,2942.6,2505.2,0,0,738650.343103042,0,0,0
169198.142823173,40,2341.8,2927.2,2632,0,0,738650.343103505,0,0,0
169198.182822239,40,2326.6,2950.6,2697.8,0,0,738650.343103968,0,0,0
169198.222821306,40,2375,3019.6,2652.4,0,0,738650.343104431,0,0,0
169198.262820372,40,2484,3058,2521,0,0,738650.343104894,0,0,0
169198.302819438,40,2633.4,2974.6,2374.4,0,0,738650.343105357,0,0,0
169198.342818505,40,2777.4,2820.4,2265.6,0,0,738650.34310582,0,0,0
169198.382817571,40,2870.6,2642.2,2190.8,0,0,738650.343106283,0,0,0
169198.422816638,40,2876,2490.2,2138.8,0,0,738650.343106745,0,0,0
169198.462815704,40,2851.2,2386.4,2104.8,0,0,738650.343107208,0,0,0
169198.50281477,40,2784.2,2312.4,2089.8,0,0,738650.343107671,0,0,0
169198.542813837,40,2718.4,2263.4,2075,0,0,738650.343108134,0,0,0
169198.582812903,40,2666.2,2231.6,2062.4,0,0,738650.343108597,0,0,0
169198.622811969,40,2643.4,2214.6,2057.6,0,0,738650.34310906,0,0,0
169198.662811036,40,2687.4,2225.2,2060,0,0,738650.343109523,0,0,0
169198.702810102,40,2782,2263.4,2069.6,0,0,738650.343109986,0,0,0
169198.742809169,40,2895.4,2340.4,2088.6,0,0,738650.343110449,0,0,0
169198.782808235,40,2971.2,2463.2,2125.6,0,0,738650.343110912,0,0,0
169198.822807302,40,2955.6,2627,2176,0,0,738650.343111375,0,0,0
169198.862806368,40,2817.4,2777.2,2246.4,0,0,738650.343111838,0,0,0
169198.902805434,40,2670,2880.8,2322.4,0,0,738650.343112301,0,0,0
169198.942804501,40,2580.6,2963,2393.8,0,0,738650.343112764,0,0,0
169198.982803567,40,2550,3008.4,2430.8,0,0,738650.343113227,0,0,0
169199.022802634,40,2602.8,3027.4,2413,0,0,738650.34311369,0,0,0
169199.0628017,40,2658.8,3002.8,2370.6,0,0,738650.343114153,0,0,0
169199.102800766,40,2712.4,2922.8,2318.2,0,0,738650.343114616,0,0,0
169199.142799833,40,2750.8,2866.8,2285,0,0,738650.343115079,0,0,0
169199.182798899,40,2750.4,2800.2,2266.2,0,0,738650.343115542,0,0,0
169199.222797966,40,2735.6,2759.2,2254.8,0,0,738650.343116004,0,0,0
169199.262797032,40,2694.6,2717.6,2256.2,0,0,738650.343116467,0,0,0
169199.302796098,40,2690.8,2711.4,2252,0,0,738650.34311693,0,0,0
169199.342795165,40,2708.2,2700,2239,0,0,738650.343117393,0,0,0
169199.382794231,40,2769.8,2690.8,2222.8,0,0,738650.343117856,0,0,0
169199.422793298,40,2826,2662.6,2206.8,0,0,738650.343118319,0,0,0
169199.462792364,40,2892.2,2631.6,2181.2,0,0,738650.343118782,0,0,0
169199.50279143,40,2949.4,2587,2160.4,0,0,738650.343119245,0,0,0
169199.542790497,40,2963,2539.2,2147.4,0,0,738650.343119708,0,0,0
169199.582789563,40,2969.2,2520,2138.2,0,0,738650.343120171,0,0,0
169199.622788629,40,2979.8,2532.8,2141.8,0,0,738650.343120634,0,0,0
169199.662787696,40,2974.2,2550.8,2149.8,0,0,738650.343121097,0,0,0
169199.702786762,40,2940.4,2581.2,2161.4,0,0,738650.34312156,0,0,0
169199.742785829,40,2883.4,2610,2176,0,0,738650.343122023,0,0,0
169199.782784895,40,2825,2655.6,2203,0,0,738650.343122486,0,0,0
169199.822783962,40,2765.6,2730.4,2240.6,0,0,738650.343122949,0,0,0
169199.862783028,40,2671.6,2824.4,2298,0,0,738650.343123412,0,0,0
169199.902782094,40,2558,2901.2,2383.4,0,0,738650.343123875,0,0,0
169199.942781161,40,2435.6,2906,2482,0,0,738650.343124338,0,0,0
169199.982780227,40,2349.2,2859.2,2560.8,0,0,738650.343124801,0,0,0
169200.022779294,40,2355.2,2819.4,2530.8,0,0,738650.343125263,0,0,0
169200.06277836,40,2434.4,2847.2,2457.2,0,0,738650.343125726,0,0,0
169200.102777426,40,2554.6,2822.6,2354,0,0,738650.343126189,0,0,0
169200.142776493,40,2699.4,2760.6,2270.6,0,0,738650.343126652,0,0,0
169200.182775559,40,2819,2673.2,2208,0,0,738650.343127115,0,0,0
169200.222774625,40,2883.4,2584.4,2168.8,0,0,738650.343127578,0,0,0
169200.262773692,40,2929.4,2524.2,2145.6,0,0,738650.343128041,0,0,0
169200.302772758,40,2939.8,2507.2,2136.4,0,0,738650.343128504,0,0,0
169200.342771825,40,2969.6,2537.6,2145.4,0,0,738650.343128967,0,0,0
169200.382770891,40,2964,2585.4,2159.6,0,0,738650.34312943,0,0,0
169200.422769958,40,2933.4,2639.8,2180.8,0,0,738650.343129893,0,0,0
169200.462769024,40,2876.8,2724.2,2213.6,0,0,738650.343130356,0,0,0
169200.50276809,40,2762.8,2837.6,2273.6,0,0,738650.343130819,0,0,0
169200.542767157,40,2608.2,2927.2,2368.8,0,0,738650.343131282,0,0,0
169200.582766223,40,2454.6,2939,2479.8,0,0,738650.343131745,0,0,0
169200.62276529,40,2339.6,2874.2,2597.4,0,0,738650.343132208,0,0,0
169200.662764356,40,2301.2,2835.4,2650.6,0,0,738650.343132671,0,0,0
169200.702763422,40,2362,2865.6,2554,0,0,738650.343133134,0,0,0
169200.742762489,40,2496,2906.4,2435.2,0,0,738650.343133597,0,0,0
169200.782761555,40,2657,2841.4,2313,0,0,738650.34313406,0,0,0
169200.822760622,40,2783.2,2710.2,2227.2,0,0,738650.343134523,0,0,0
169200.862759688,40,2842.4,2579.4,2174.2,0,0,738650.343134986,0,0,0
169200.902758754,40,2869.2,2492,2138,0,0,738650.343135448,0,0,0
169200.942757821,40,2866.8,2440.4,2124.2,0,0,738650.343135911,0,0,0
169200.982756887,40,2853.6,2430.4,2125.4,0,0,738650.343136374,0,0,0
169201.022755954,40,2864.2,2458.2,2131.6,0,0,738650.343136837,0,0,0
169201.06275502,40,2865.2,2509.4,2150,0,0,738650.3431373,0,0,0
169201.102754086,40,2853.8,2580.2,2173.2,0,0,738650.343137763,0,0,0
169201.142753153,40,2810.6,2683.6,2216.4,0,0,738650.343138226,0,0,0
169201.182752219,40,2722.2,2803.4,2273.4,0,0,738650.343138689,0,0,0
169201.222751286,40,2606.8,2886.4,2350.8,0,0,738650.343139152,0,0,0
169201.262750352,40,2528.6,2925.4,2413.2,0,0,738650.343139615,0,0,0
169201.302749418,40,2558.2,2918,2389.6,0,0,738650.343140078,0,0,0
169201.342748485,40,2662.4,2860.4,2318.8,0,0,738650.343140541,0,0,0
169201.382747551,40,2770.2,2753.6,2245.8,0,0,738650.343141004,0,0,0
169201.422746618,40,2848.8,2634,2190.4,0,0,738650.343141467,0,0,0
169201.462745684,40,2880.4,2527.8,2148.8,0,0,738650.34314193,0,0,0
169201.50274475,40,2872.4,2453.6,2123.8,0,0,738650.343142393,0,0,0
169201.542743817,40,2879.8,2414,2113.6,0,0,738650.343142856,0,0,0
169201.582742883,40,2861.2,2390.6,2107.2,0,0,738650.343143319,0,0,0
169201.62274195,40,2866.4,2397,2108.4,0,0,738650.343143782,0,0,0
169201.662741016,40,2876.8,2409.8,2113.6,0,0,738650.343144245,0,0,0
169201.702740082,40,2877,2429.4,2120.8,0,0,738650.343144707,0,0,0
169201.742739149,40,2880.2,2440.8,2125.8,0,0,738650.34314517,0,0,0
169201.782738215,40,2889.6,2446.2,2124,0,0,738650.343145633,0,0,0
169201.822737282,40,2909.4,2461.8,2127.6,0,0,738650.343146096,0,0,0
169201.862736348,40,2918.6,2476.8,2133.4,0,0,738650.343146559,0,0,0
169201.902735414,40,2923,2501.4,2139.8,0,0,738650.343147022,0,0,0
169201.942734481,40,2924.2,2551,2156,0,0,738650.343147485,0,0,0
169201.982733547,40,2890.4,2638.8,2186.4,0,0,738650.343147948,0,0,0
169202.022732614,40,2811,2738.2,2235.2,0,0,738650.343148411,0,0,0
169202.06273168,40,2687.6,2817,2291.8,0,0,738650.343148874,0,0,0
169202.102730746,40,2586.2,2841,2349.2,0,0,738650.343149337,0,0,0
169202.142729813,40,2588.4,2813.2,2333.8,0,0,738650.3431498,0,0,0
169202.182728879,40,2680.4,2749.6,2273.4,0,0,738650.343150263,0,0,0
169202.222727946,40,2773.2,2653,2210.6,0,0,738650.343150726,0,0,0
169202.262727012,40,2834.2,2552.2,2163.4,0,0,738650.343151189,0,0,0
169202.302726078,40,2858.6,2474,2138.2,0,0,738650.343151652,0,0,0
169202.342725145,40,2839.8,2420.4,2119.6,0,0,738650.343152115,0,0,0
169202.382724211,40,2825.4,2401,2115.4,0,0,738650.343152578,0,0,0
169202.422723278,40,2818.2,2404.6,2117.4,0,0,738650.343153041,0,0,0
169202.462722344,40,2800.2,2424,2125.8,0,0,738650.343153504,0,0,0
169202.50272141,40,2798.2,2434.6,2127.8,0,0,738650.343153967,0,0,0
169202.542720477,40,2819.2,2447,2135.8,0,0,738650.343154429,0,0,0
169202.582719543,40,2843.2,2457.8,2134.6,0,0,738650.343154892,0,0,0
169202.622718609,40,2858.6,2464,2129.8,0,0,738650.343155355,0,0,0
169202.662717676,40,2877.4,2472.2,2134.6,0,0,738650.343155818,0,0,0
169202.702716742,40,2881.8,2471,2135.4,0,0,738650.343156281,0,0,0
169202.742715809,40,2886.6,2484.8,2137,0,0,738650.343156744,0,0,0
169202.782714875,40,2907.8,2493.4,2138.6,0,0,738650.343157207,0,0,0
169202.822713942,40,2911,2495.4,2138.6,0,0,738650.34315767,0,0,0
169202.862713008,40,2920.2,2505.6,2138.6,0,0,738650.343158133,0,0,0
169202.902712074,40,2931,2509.6,2143.4,0,0,738650.343158596,0,0,0
169202.942711141,40,2922.6,2518.2,2144.6,0,0,738650.343159059,0,0,0
169202.982710207,40,2927.6,2527.8,2148,0,0,738650.343159522,0,0,0
169203.022709274,40,2932.8,2532.8,2149,0,0,738650.343159985,0,0,0
169203.06270834,40,2926.2,2540.2,2151,0,0,738650.343160448,0,0,0
169203.102707406,40,2918.6,2541.6,2153.6,0,0,738650.343160911,0,0,0
169203.142706473,40,2917,2550.4,2154.2,0,0,738650.343161374,0,0,0
169203.182705539,40,2918.6,2558.2,2156.6,0,0,738650.343161837,0,0,0
169203.222704605,40,2906.4,2563.2,2157,0,0,738650.3431623,0,0,0
169203.262703672,40,2905.4,2567.4,2163.2,0,0,738650.343162763,0,0,0
169203.302702738,40,2903,2578.6,2167.2,0,0,738650.343163226,0,0,0
169203.342701805,40,2898.6,2580.4,2165.8,0,0,738650.343163689,0,0,0
169203.382700871,40,2887.2,2583.8,2167.8,0,0,738650.343164152,0,0,0
169203.422699938,40,2891,2591.8,2167.6,0,0,738650.343164614,0,0,0
169203.462699004,40,2891,2598,2173.6,0,0,738650.343165077,0,0,0
169203.50269807,40,2891.6,2609.4,2176.4,0,0,738650.34316554,0,0,0
169203.542697137,40,2894.6,2612,2180,0,0,738650.343166003,0,0,0
169203.582696203,40,2890.6,2619.6,2179.4,0,0,738650.343166466,0,0,0
169203.622695269,40,2895.4,2623.6,2182.2,0,0,738650.343166929,0,0,0
169203.662694336,40,2889,2633.4,2183.4,0,0,738650.343167392,0,0,0
169203.702693402,40,2888,2641.6,2187,0,0,738650.343167855,0,0,0
169203.742692469,40,2869,2634.8,2188,0,0,738650.343168318,0,0,0
169203.782691535,40,2853.2,2635,2192.4,0,0,738650.343168781,0,0,0
169203.822690602,40,2839.4,2638.2,2191,0,0,738650.343169244,0,0,0
169203.862689668,40,2830.6,2636.6,2195,0,0,738650.343169707,0,0,0
169203.902688734,40,2827.4,2645.2,2199,0,0,738650.34317017,0,0,0
169203.942687801,40,2835.8,2657.2,2202.8,0,0,738650.343170633,0,0,0
169203.982686867,40,2845.8,2674.8,2204.6,0,0,738650.343171096,0,0,0
169204.022685934,40,2869,2698.2,2209.6,0,0,738650.343171559,0,0,0
169204.062685,40,2877.2,2712.6,2211.2,0,0,738650.343172022,0,0,0
169204.102684066,40,2871,2719,2220,0,0,738650.343172485,0,0,0
169204.142683133,40,2873.2,2729,2219.2,0,0,738650.343172948,0,0,0
169204.182682199,40,2875.2,2729.6,2218.4,0,0,738650.343173411,0,0,0
169204.222681265,40,2881.8,2742.4,2223.2,0,0,738650.343173873,0,0,0
169204.262680332,40,2886,2756.4,2226.6,0,0,738650.343174336,0,0,0
169204.302679398,40,2884.6,2767.4,2228.4,0,0,738650.343174799,0,0,0
169204.342678465,40,2877.6,2778.8,2237.2,0,0,738650.343175262,0,0,0
169204.382677531,40,2866.4,2786.4,2235.4,0,0,738650.343175725,0,0,0
169204.422676598,40,2860.8,2791.8,2239.8,0,0,738650.343176188,0,0,0
169204.462675664,40,2843.8,2794.2,2240.8,0,0,738650.343176651,0,0,0
169204.50267473,40,2817.6,2796.2,2248.2,0,0,738650.343177114,0,0,0
169204.542673797,40,2786.2,2789.6,2252.6,0,0,738650.343177577,0,0,0
169204.582672863,40,2755,2775.4,2260,0,0,738650.34317804,0,0,0
169204.62267193,40,2724.6,2781.8,2270,0,0,738650.343178503,0,0,0
169204.662670996,40,2679.8,2801.8,2288.8,0,0,738650.343178966,0,0,0
169204.702670062,40,2607,2844.8,2339.6,0,0,738650.343179429,0,0,0
169204.742669129,40,2501.6,2877,2409.8,0,0,738650.343179892,0,0,0
169204.782668195,40,2407.6,2883.2,2501.8,0,0,738650.343180355,0,0,0
169204.822667261,40,2335.6,2849.6,2591.2,0,0,738650.343180818,0,0,0
169204.862666328,40,2308.4,2811.8,2608.8,0,0,738650.343181281,0,0,0
169204.902665394,40,2344.4,2830.8,2559.8,0,0,738650.343181744,0,0,0
169204.942664461,40,2415.4,2844.6,2467.4,0,0,738650.343182207,0,0,0
169204.982663527,40,2507.6,2833.6,2381.8,0,0,738650.34318267,0,0,0
169205.022662594,40,2623.2,2815.6,2313.6,0,0,738650.343183132,0,0,0
169205.06266166,40,2725.8,2755.4,2254.8,0,0,738650.343183595,0,0,0
169205.102660726,40,2812,2706.6,2217.4,0,0,738650.343184058,0,0,0
169205.142659793,40,2882,2669,2194.2,0,0,738650.343184521,0,0,0
169205.182658859,40,2945.4,2656.8,2182.6,0,0,738650.343184984,0,0,0
169205.222657926,40,2959.8,2656.6,2183,0,0,738650.343185447,0,0,0
169205.262656992,40,2951.8,2682.6,2187.6,0,0,738650.34318591,0,0,0
169205.302656058,40,2933.2,2699.2,2196.2,0,0,738650.343186373,0,0,0
169205.342655125,40,2915,2721.4,2203.2,0,0,738650.343186836,0,0,0
169205.382654191,40,2909.2,2739.8,2213.8,0,0,738650.343187299,0,0,0
169205.422653258,40,2868.2,2754,2224.6,0,0,738650.343187762,0,0,0
169205.462652324,40,2830.6,2774.2,2235.2,0,0,738650.343188225,0,0,0
169205.50265139,40,2800.8,2813.6,2253.6,0,0,738650.343188688,0,0,0
169205.542650457,40,2761.2,2852,2281.4,0,0,738650.343189151,0,0,0
169205.582649523,40,2699.6,2904.6,2316.2,0,0,738650.343189614,0,0,0
169205.622648589,40,2607,2957.6,2379.4,0,0,738650.343190077,0,0,0
169205.662647656,40,2486.4,2974.6,2469.4,0,0,738650.34319054,0,0,0
169205.702646722,40,2378.2,2931.6,2577.8,0,0,738650.343191003,0,0,0
169205.742645789,40,2300.6,2848,2652.8,0,0,738650.343191466,0,0,0
169205.782644855,40,2276.8,2773.4,2639,0,0,738650.343191929,0,0,0
169205.822643922,40,2311,2798.4,2593.8,0,0,738650.343192392,0,0,0
169205.862642988,40,2378.6,2847,2510.4,0,0,738650.343192855,0,0,0
169205.902642054,40,2478.8,2893.4,2429.4,0,0,738650.343193318,0,0,0
169205.942641121,40,2592.4,2907.6,2363.8,0,0,738650.34319378,0,0,0
169205.982640187,40,2695.6,2886.2,2312.2,0,0,738650.343194243,0,0,0
169206.022639254,40,2801.2,2863,2271,0,0,738650.343194706,0,0,0
169206.06263832,40,2841.6,2823.4,2248.8,0,0,738650.343195169,0,0,0
169206.102637386,40,2858,2814,2242.2,0,0,738650.343195632,0,0,0
169206.142636453,40,2841.4,2822.2,2250.2,0,0,738650.343196095,0,0,0
169206.182635519,40,2817.6,2858.8,2264.8,0,0,738650.343196558,0,0,0
169206.222634586,40,2795.8,2874.2,2273.6,0,0,738650.343197021,0,0,0
169206.262633652,40,2770,2877,2283.4,0,0,738650.343197484,0,0,0
169206.302632718,40,2758,2884.2,2288.2,0,0,738650.343197947,0,0,0
169206.342631785,40,2753,2903.2,2301.4,0,0,738650.34319841,0,0,0
169206.382630851,40,2746.6,2927.4,2305.4,0,0,738650.343198873,0,0,0
169206.422629918,40,2720.2,2942.8,2324.2,0,0,738650.343199336,0,0,0
169206.462628984,40,2664.2,2979.6,2358.6,0,0,738650.343199799,0,0,0
169206.50262805,40,2570.8,3024.2,2428.6,0,0,738650.343200262,0,0,0
169206.542627117,40,2456.8,3019.6,2526.8,0,0,738650.343200725,0,0,0
169206.582626183,40,2356.6,2934,2617.4,0,0,738650.343201188,0,0,0
169206.622625249,40,2292.8,2851.6,2671.8,0,0,738650.343201651,0,0,0
169206.662624316,40,2291.2,2790.6,2630.4,0,0,738650.343202114,0,0,0
169206.702623382,40,2321.2,2804.4,2574.6,0,0,738650.343202577,0,0,0
169206.742622449,40,2389.4,2847,2497.6,0,0,738650.343203039,0,0,0
169206.782621515,40,2489.4,2886.8,2425.8,0,0,738650.343203502,0,0,0
169206.822620582,40,2590,2895.2,2363.6,0,0,738650.343203965,0,0,0
169206.862619648,40,2689.4,2889,2314.8,0,0,738650.343204428,0,0,0
169206.902618714,40,2779.8,2862.4,2275.2,0,0,738650.343204891,0,0,0
169206.942617781,40,2840.6,2833.8,2255.8,0,0,738650.343205354,0,0,0
169206.982616847,40,2858.6,2813,2240.8,0,0,738650.343205817,0,0,0
169207.022615914,40,2862.4,2806,2240.4,0,0,738650.34320628,0,0,0
169207.06261498,40,2844.8,2823.4,2247.2,0,0,738650.343206743,0,0,0
169207.102614046,40,2824.4,2855.4,2262.8,0,0,738650.343207206,0,0,0
169207.142613113,40,2803,2863.2,2271.6,0,0,738650.343207669,0,0,0
169207.182612179,40,2779.8,2863.8,2278.4,0,0,738650.343208132,0,0,0
169207.222611245,40,2757,2867,2286,0,0,738650.343208595,0,0,0
169207.262610312,40,2754.4,2888.4,2296.2,0,0,738650.343209058,0,0,0
169207.302609378,40,2751.2,2911.2,2302.6,0,0,738650.343209521,0,0,0
169207.342608445,40,2737.6,2925.6,2314.4,0,0,738650.343209984,0,0,0
169207.382607511,40,2715.6,2954.8,2324.8,0,0,738650.343210447,0,0,0
169207.422606578,40,2663.2,2988.4,2362.2,0,0,738650.34321091,0,0,0
169207.462605644,40,2575.4,3023.2,2426.4,0,0,738650.343211373,0,0,0
169207.50260471,40,2464.8,3037.2,2526,0,0,738650.343211836,0,0,0
169207.542603777,40,2362.4,2986.2,2643.4,0,0,738650.343212298,0,0,0
169207.582602843,40,2287,2874.4,2725.2,0,0,738650.343212761,0,0,0
169207.62260191,40,2268,2793.2,2679.8,0,0,738650.343213224,0,0,0
169207.662600976,40,2297.4,2770.2,2598.6,0,0,738650.343213687,0,0,0
169207.702600042,40,2383.4,2846.8,2507.6,0,0,738650.34321415,0,0,0
169207.742599109,40,2511.6,2923.6,2422.2,0,0,738650.343214613,0,0,0
169207.782598175,40,2647.2,2919.8,2347,0,0,738650.343215076,0,0,0
169207.822597242,40,2766.8,2867.4,2284.2,0,0,738650.343215539,0,0,0
169207.862596308,40,2865.6,2811.6,2242.4,0,0,738650.343216002,0,0,0
169207.902595374,40,2906.6,2759.8,2218.8,0,0,738650.343216465,0,0,0
169207.942594441,40,2920.2,2736.8,2209,0,0,738650.343216928,0,0,0
169207.982593507,40,2897.2,2755,2219.6,0,0,738650.343217391,0,0,0
169208.022592574,40,2870.4,2801.6,2237.2,0,0,738650.343217854,0,0,0
169208.06259164,40,2840,2836,2256.2,0,0,738650.343218317,0,0,0
169208.102590706,40,2799.8,2874,2278.6,0,0,738650.34321878,0,0,0
169208.142589773,40,2763.2,2915,2297,0,0,738650.343219243,0,0,0
169208.182588839,40,2720.6,2953.2,2326.6,0,0,738650.343219706,0,0,0
169208.222587906,40,2661,2993.6,2372.8,0,0,738650.343220169,0,0,0
169208.262586972,40,2574.4,3043.8,2431.6,0,0,738650.343220632,0,0,0
169208.302586038,40,2468.6,3033.4,2522.2,0,0,738650.343221095,0,0,0
169208.342585105,40,2381,2993.2,2620.8,0,0,738650.343221558,0,0,0
169208.382584171,40,2322.4,2907,2665.4,0,0,738650.343222021,0,0,0
169208.422583238,40,2325.6,2869.4,2613.6,0,0,738650.343222483,0,0,0
169208.462582304,40,2367.4,2840.6,2524,0,0,738650.343222946,0,0,0
169208.50258137,40,2428.2,2830.4,2451.8,0,0,738650.343223409,0,0,0
169208.542580437,40,2516.8,2831.6,2378,0,0,738650.343223872,0,0,0
169208.582579503,40,2617.6,2827.8,2321,0,0,738650.343224335,0,0,0
169208.62257857,40,2715,2829.2,2289.8,0,0,738650.343224798,0,0,0
169208.662577636,40,2787.8,2848,2267.4,0,0,738650.343225261,0,0,0
169208.702576702,40,2819,2866.4,2271.8,0,0,738650.343225724,0,0,0
169208.742575769,40,2802.4,2892.6,2282.8,0,0,738650.343226187,0,0,0
169208.782574835,40,2766.2,2909.6,2296.4,0,0,738650.34322665,0,0,0
169208.822573902,40,2721.8,2920.2,2318.2,0,0,738650.343227113,0,0,0
169208.862572968,40,2668.6,2923.4,2337.8,0,0,738650.343227576,0,0,0
169208.902572034,40,2626.8,2943.2,2358.8,0,0,738650.343228039,0,0,0
169208.942571101,40,2588.2,2962.8,2388.6,0,0,738650.343228502,0,0,0
169208.982570167,40,2539,2996.2,2435.8,0,0,738650.343228965,0,0,0
169209.022569234,40,2487.8,3025.4,2493.8,0,0,738650.343229428,0,0,0
169209.0625683,40,2431.6,3015.4,2554.4,0,0,738650.343229891,0,0,0
169209.102567366,40,2392.6,3002,2601.8,0,0,738650.343230354,0,0,0
169209.142566433,40,2389,3005.4,2606.2,0,0,738650.343230817,0,0,0
169209.182565499,40,2409.8,2967.2,2546.8,0,0,738650.34323128,0,0,0
169209.222564566,40,2457.4,2934,2476.4,0,0,738650.343231743,0,0,0
169209.262563632,40,2504.2,2877.6,2409.2,0,0,738650.343232205,0,0,0
169209.302562698,40,2542.4,2800.2,2348.8,0,0,738650.343232668,0,0,0
169209.342561765,40,2620,2784.8,2303,0,0,738650.343233131,0,0,0
169209.382560831,40,2703,2768,2271.8,0,0,738650.343233594,0,0,0
169209.422559898,40,2772.4,2780.2,2250.8,0,0,738650.343234057,0,0,0
169209.462558964,40,2829.8,2815,2250,0,0,738650.34323452,0,0,0
169209.50255803,40,2829.4,2854.6,2260,0,0,738650.343234983,0,0,0
169209.542557097,40,2820.4,2875.2,2271.2,0,0,738650.343235446,0,0,0
169209.582556163,40,2787.6,2865.4,2275.8,0,0,738650.343235909,0,0,0
169209.622555229,40,2775.6,2880,2283.6,0,0,738650.343236372,0,0,0
169209.662554296,40,2748.8,2890,2295.2,0,0,738650.343236835,0,0,0
169209.702553362,40,2705.4,2895.8,2311.8,0,0,738650.343237298,0,0,0
169209.742552429,40,2655.2,2928.6,2341,0,0,738650.343237761,0,0,0
169209.782551495,40,2590.2,2965.2,2390.8,0,0,738650.343238224,0,0,0
169209.822550562,40,2524.2,3004,2455.4,0,0,738650.343238687,0,0,0
169209.862549628,40,2463.8,3009,2508.4,0,0,738650.34323915,0,0,0
169209.902548694,40,2423.8,2964.2,2522.2,0,0,738650.343239613,0,0,0
169209.942547761,40,2428.8,2894.2,2482.8,0,0,738650.343240076,0,0,0
169209.982546827,40,2432.2,2831.2,2447.6,0,0,738650.343240539,0,0,0
169210.022545894,40,2486,2834.8,2406.6,0,0,738650.343241002,0,0,0
169210.06254496,40,2578,2851.6,2354,0,0,738650.343241464,0,0,0
169210.102544026,40,2656.6,2835.8,2307.4,0,0,738650.343241927,0,0,0
169210.142543093,40,2722.6,2798.4,2275.6,0,0,738650.34324239,0,0,0
169210.182542159,40,2762.8,2766.4,2253.8,0,0,738650.343242853,0,0,0
169210.222541225,40,2781.8,2758.6,2240.8,0,0,738650.343243316,0,0,0
169210.262540292,40,2783.4,2766.4,2242.4,0,0,738650.343243779,0,0,0
169210.302539358,40,2769,2779.8,2254.4,0,0,738650.343244242,0,0,0
169210.342538425,40,2745.2,2789,2265.2,0,0,738650.343244705,0,0,0
169210.382537491,40,2731.2,2803.6,2269.6,0,0,738650.343245168,0,0,0
169210.422536558,40,2714.4,2815.6,2282.6,0,0,738650.343245631,0,0,0
169210.462535624,40,2663.6,2866.2,2314.6,0,0,738650.343246094,0,0,0
169210.50253469,40,2562.8,2890.4,2377.8,0,0,738650.343246557,0,0,0
169210.542533757,40,2436.4,2840,2450.6,0,0,738650.34324702,0,0,0
169210.582532823,40,2403.6,2835.2,2474,0,0,738650.343247483,0,0,0
169210.62253189,40,2475.6,2861,2418.2,0,0,738650.343247946,0,0,0
169210.662530956,40,2567.2,2819,2340.4,0,0,738650.343248409,0,0,0
169210.702530022,40,2651,2742.4,2275,0,0,738650.343248872,0,0,0
169210.742529089,40,2728.2,2670.6,2225.8,0,0,738650.343249335,0,0,0
169210.782528155,40,2787,2600.4,2187.6,0,0,738650.343249798,0,0,0
169210.822527222,40,2850.8,2572,2175,0,0,738650.343250261,0,0,0
169210.862526288,40,2921.2,2572.6,2159.2,0,0,738650.343250724,0,0,0
169210.902525354,40,2962.2,2593.4,2161.8,0,0,738650.343251187,0,0,0
169210.942524421,40,2994,2639,2170.8,0,0,738650.343251649,0,0,0
169210.982523487,40,2981.4,2649,2176.6,0,0,738650.343252112,0,0,0
169211.022522554,40,2949,2670.6,2187.4,0,0,738650.343252575,0,0,0
169211.06252162,40,2921,2714.6,2203.4,0,0,738650.343253038,0,0,0
169211.102520686,40,2864.6,2793.2,2234.8,0,0,738650.343253501,0,0,0
169211.142519753,40,2749.6,2895,2295,0,0,738650.343253964,0,0,0
169211.182518819,40,2583.6,2988.6,2402.4,0,0,738650.343254427,0,0,0
169211.222517886,40,2426.4,2989,2546.4,0,0,738650.34325489,0,0,0
169211.262516952,40,2365,2895,2566.4,0,0,738650.343255353,0,0,0
169211.302516018,40,2409,2829,2466.6,0,0,738650.343255816,0,0,0
169211.342515085,40,2530.8,2822,2369.4,0,0,738650.343256279,0,0,0
169211.382514151,40,2696,2814.4,2288.6,0,0,738650.343256742,0,0,0
169211.422513218,40,2843.4,2749.4,2226.8,0,0,738650.343257205,0,0,0
169211.462512284,40,2937.2,2651.2,2181.2,0,0,738650.343257668,0,0,0
169211.50251135,40,2991.8,2583,2154.8,0,0,738650.343258131,0,0,0
169211.542510417,40,3004.6,2538.2,2139.2,0,0,738650.343258594,0,0,0
169211.582509483,40,2984.4,2511.6,2134,0,0,738650.343259057,0,0,0
169211.62250855,40,2981.6,2524.8,2141.6,0,0,738650.34325952,0,0,0
169211.662507616,40,2995.6,2564.4,2152.6,0,0,738650.343259983,0,0,0
169211.702506682,40,2984.4,2586.6,2161.2,0,0,738650.343260446,0,0,0
169211.742505749,40,2966.2,2609,2165.6,0,0,738650.343260908,0,0,0
169211.782504815,40,2971.6,2625.2,2171.8,0,0,738650.343261371,0,0,0
169211.822503881,40,2960,2644.8,2175.8,0,0,738650.343261834,0,0,0
169211.862502948,40,2948,2663.4,2182.6,0,0,738650.343262297,0,0,0
169211.902502014,40,2951.2,2696.6,2195.8,0,0,738650.34326276,0,0,0
169211.942501081,40,2910.6,2735,2210.4,0,0,738650.343263223,0,0,0
169211.982500147,40,2848.6,2811,2245.4,0,0,738650.343263686,0,0,0
169212.022499214,40,2738.4,2900,2302.4,0,0,738650.343264149,0,0,0
169212.06249828,40,2603.6,2982.8,2387.6,0,0,738650.343264612,0,0,0
169212.102497346,40,2473.6,2997,2493.2,0,0,738650.343265075,0,0,0
169212.142496413,40,2389,2929,2558.2,0,0,738650.343265538,0,0,0
169212.182495479,40,2375.8,2835.8,2517,0,0,738650.343266001,0,0,0
169212.222494546,40,2424.2,2840.6,2459.8,0,0,738650.343266464,0,0,0
169212.262493612,40,2513.8,2879,2398.4,0,0,738650.343266927,0,0,0
169212.302492678,40,2641.8,2896,2335,0,0,738650.34326739,0,0,0
169212.342491745,40,2766.6,2831.2,2275,0,0,738650.343267853,0,0,0
169212.382490811,40,2869.4,2745.4,2223.2,0,0,738650.343268316,0,0,0
169212.422489878,40,2934.6,2652.6,2184.8,0,0,738650.343268779,0,0,0
169212.462488944,40,2959.6,2577.8,2157.6,0,0,738650.343269242,0,0,0
169212.50248801,40,2975.2,2519.6,2141.6,0,0,738650.343269705,0,0,0
169212.542487077,40,2972.6,2485.6,2129.4,0,0,738650.343270167,0,0,0
169212.582486143,40,2960.6,2464.4,2123,0,0,738650.34327063,0,0,0
169212.622485209,40,2953.8,2454,2123.6,0,0,738650.343271093,0,0,0
169212.662484276,40,2948,2465.2,2126.4,0,0,738650.343271556,0,0,0
169212.702483342,40,2942.8,2473.4,2126,0,0,738650.343272019,0,0,0
169212.742482409,40,2932,2483.2,2134.8,0,0,738650.343272482,0,0,0
169212.782481475,40,2917,2487.4,2134,0,0,738650.343272945,0,0,0
169212.822480542,40,2909.6,2489.2,2136,0,0,738650.343273408,0,0,0
169212.862479608,40,2901.4,2499.2,2140.2,0,0,738650.343273871,0,0,0
169212.902478674,40,2902.8,2508,2147.4,0,0,738650.343274334,0,0,0
169212.942477741,40,2899.4,2517.4,2145.2,0,0,738650.343274797,0,0,0
169212.982476807,40,2893.2,2521.4,2148.8,0,0,738650.34327526,0,0,0
169213.022475874,40,2903.2,2533.2,2149.8,0,0,738650.343275723,0,0,0
169213.06247494,40,2897,2541.6,2156.8,0,0,738650.343276186,0,0,0
169213.102474006,40,2904.6,2549,2156.2,0,0,738650.343276649,0,0,0
169213.142473073,40,2906.6,2556.6,2159.4,0,0,738650.343277112,0,0,0
169213.182472139,40,2919.2,2572.6,2164.2,0,0,738650.343277575,0,0,0
169213.222471206,40,2921.4,2586.2,2165,0,0,738650.343278038,0,0,0
169213.262470272,40,2930.2,2600.8,2166.4,0,0,738650.343278501,0,0,0
169213.302469338,40,2939,2611,2169.6,0,0,738650.343278964,0,0,0
169213.342468405,40,2942.4,2623,2173.8,0,0,738650.343279427,0,0,0
169213.382467471,40,2950.6,2642.8,2172.8,0,0,738650.34327989,0,0,0
169213.422466538,40,2942.4,2652,2183.2,0,0,738650.343280353,0,0,0
169213.462465604,40,2933,2650.6,2178.6,0,0,738650.343280815,0,0,0
169213.50246467,40,2931,2660.4,2189.6,0,0,738650.343281278,0,0,0
169213.542463737,40,2921.6,2671,2192.2,0,0,738650.343281741,0,0,0
169213.582462803,40,2924,2681.6,2198.2,0,0,738650.343282204,0,0,0
169213.622461869,40,2912.4,2690.6,2194.6,0,0,738650.343282667,0,0,0
169213.662460936,40,2890,2695.6,2200,0,0,738650.34328313,0,0,0
169213.702460002,40,2851.4,2685.4,2208.2,0,0,738650.343283593,0,0,0
169213.742459069,40,2820.2,2677.6,2210.8,0,0,738650.343284056,0,0,0
169213.782458135,40,2794.4,2667.8,2213,0,0,738650.343284519,0,0,0
169213.822457202,40,2767.6,2665.2,2220.2,0,0,738650.343284982,0,0,0
169213.862456268,40,2766.6,2666,2221.8,0,0,738650.343285445,0,0,0
169213.902455334,40,2764.2,2677.8,2224,0,0,738650.343285908,0,0,0
169213.942454401,40,2776,2708,2225.4,0,0,738650.343286371,0,0,0
169213.982453467,40,2795.4,2725,2232.8,0,0,738650.343286834,0,0,0
169214.022452534,40,2804.6,2745.4,2239.2,0,0,738650.343287297,0,0,0
169214.0624516,40,2809.8,2768.2,2240.4,0,0,738650.34328776,0,0,0
169214.102450666,40,2806.4,2781.2,2245.8,0,0,738650.343288223,0,0,0
169214.142449733,40,2804.6,2786,2244.4,0,0,738650.343288686,0,0,0
169214.182448799,40,2811.2,2793.8,2247.4,0,0,738650.343289149,0,0,0
169214.222447865,40,2823.6,2807.2,2251,0,0,738650.343289612,0,0,0
169214.262446932,40,2839.4,2818.6,2250.2,0,0,738650.343290074,0,0,0
169214.302445998,40,2850.6,2837.4,2254.4,0,0,738650.343290537,0,0,0
169214.342445065,40,2830.8,2821,2255.2,0,0,738650.343291,0,0,0
169214.382444131,40,2800.2,2818.4,2256.6,0,0,738650.343291463,0,0,0
169214.422443198,40,2786,2828.4,2264.6,0,0,738650.343291926,0,0,0
169214.462442264,40,2781.4,2838.4,2270.4,0,0,738650.343292389,0,0,0
169214.50244133,40,2778.8,2855.6,2274.4,0,0,738650.343292852,0,0,0
169214.542440397,40,2766.2,2857.6,2280.4,0,0,738650.343293315,0,0,0
169214.582439463,40,2759.8,2866.6,2288.6,0,0,738650.343293778,0,0,0
169214.62243853,40,2743,2867.8,2290,0,0,738650.343294241,0,0,0
169214.662437596,40,2731.6,2875.4,2298.8,0,0,738650.343294704,0,0,0
169214.702436662,40,2725.4,2878.8,2305,0,0,738650.343295167,0,0,0
169214.742435729,40,2724.8,2873.6,2301.4,0,0,738650.34329563,0,0,0
169214.782434795,40,2746.4,2859.8,2289.2,0,0,738650.343296093,0,0,0
169214.842433395,60,2811.6,2788.8,2250,0,0,738650.343296787,0,0,0
169214.882432461,40,2861,2718.4,2217.2,0,0,738650.34329725,0,0,0
169214.922431528,40,2898.4,2640.8,2187.6,0,0,738650.343297713,0,0,0
169214.962430594,40,2910.2,2566.2,2159.2,0,0,738650.343298176,0,0,0
169215.00242966,40,2915,2506.4,2138.6,0,0,738650.343298639,0,0,0
169215.042428727,40,2895.6,2462,2129.2,0,0,738650.343299102,0,0,0
169215.082427793,40,2876.6,2429.2,2122.8,0,0,738650.343299565,0,0,0
169215.12242686,40,2842.6,2411,2116.6,0,0,738650.343300028,0,0,0
169215.162425926,40,2805.4,2401.2,2116.6,0,0,738650.343300491,0,0,0
169215.202424992,40,2782.4,2396.6,2118,0,0,738650.343300954,0,0,0
169215.242424059,40,2782.6,2400,2119.6,0,0,738650.343301417,0,0,0
169215.282423125,40,2791.4,2405.6,2118.6,0,0,738650.34330188,0,0,0
169215.322422192,40,2837.6,2429.2,2124.4,0,0,738650.343302343,0,0,0
169215.362421258,40,2873,2444,2124.8,0,0,738650.343302806,0,0,0
169215.402420324,40,2921.4,2460,2124.2,0,0,738650.343303269,0,0,0
169215.442419391,40,2951.2,2478.6,2128,0,0,738650.343303732,0,0,0
169215.482418457,40,2980.6,2490.8,2129.2,0,0,738650.343304195,0,0,0
169215.522417524,40,2984.2,2499,2133,0,0,738650.343304657,0,0,0
169215.56241659,40,2978.2,2509.4,2136,0,0,738650.34330512,0,0,0
169215.602415656,40,2973.8,2518,2137.2,0,0,738650.343305583,0,0,0
169215.642414723,40,2954.2,2522.2,2138.8,0,0,738650.343306046,0,0,0
169215.682413789,40,2934.6,2535.2,2147,0,0,738650.343306509,0,0,0
169215.722412856,40,2928.6,2550.4,2150.6,0,0,738650.343306972,0,0,0
169215.762411922,40,2925.2,2565.6,2159.8,0,0,738650.343307435,0,0,0
169215.802410988,40,2927.4,2577.2,2159.8,0,0,738650.343307898,0,0,0
169215.842410055,40,2936.4,2592.2,2161.6,0,0,738650.343308361,0,0,0
169215.882409121,40,2938.6,2607.2,2170.8,0,0,738650.343308824,0,0,0
169215.922408188,40,2938.2,2637.4,2178.8,0,0,738650.343309287,0,0,0
169215.962407254,40,2917,2678.2,2197.2,0,0,738650.34330975,0,0,0
169216.00240632,40,2870.2,2743.6,2219.4,0,0,738650.343310213,0,0,0
169216.042405387,40,2786.4,2818.8,2265,0,0,738650.343310676,0,0,0
169216.082404453,40,2671.6,2889.4,2323,0,0,738650.343311139,0,0,0
169216.122403519,40,2552.4,2930,2402.6,0,0,738650.343311602,0,0,0
169216.162402586,40,2459.2,2925,2473,0,0,738650.343312065,0,0,0
169216.202401652,40,2432.8,2905.4,2485.6,0,0,738650.343312528,0,0,0
169216.242400719,40,2486.8,2900,2431.6,0,0,738650.343312991,0,0,0
169216.282399785,40,2570,2850.4,2357.4,0,0,738650.343313454,0,0,0
169216.322398852,40,2661.4,2792.8,2293.4,0,0,738650.343313916,0,0,0
169216.362397918,40,2752,2719,2238.4,0,0,738650.343314379,0,0,0
169216.402396984,40,2808.2,2633.6,2197.4,0,0,738650.343314842,0,0,0
169216.442396051,40,2853,2572.8,2170.2,0,0,738650.343315305,0,0,0
169216.482395117,40,2873.6,2527.6,2151.2,0,0,738650.343315768,0,0,0
169216.522394184,40,2888,2496.4,2143.6,0,0,738650.343316231,0,0,0
169216.56239325,40,2890.4,2491.2,2137.2,0,0,738650.343316694,0,0,0
169216.602392316,40,2894,2496.2,2140.2,0,0,738650.343317157,0,0,0
169216.642391383,40,2896.8,2516,2147.6,0,0,738650.34331762,0,0,0
169216.682390449,40,2887,2531.4,2153.8,0,0,738650.343318083,0,0,0
169216.722389516,40,2890.6,2542.6,2151.6,0,0,738650.343318546,0,0,0
169216.762388582,40,2875,2544,2160.8,0,0,738650.343319009,0,0,0
169216.802387648,40,2878.6,2562.4,2162.8,0,0,738650.343319472,0,0,0
169216.842386715,40,2872.8,2573.8,2168.6,0,0,738650.343319935,0,0,0
169216.882385781,40,2853,2590.8,2176.6,0,0,738650.343320398,0,0,0
169216.922384848,40,2836.8,2623.4,2187.4,0,0,738650.343320861,0,0,0
169216.962383914,40,2807,2670.4,2211.8,0,0,738650.343321324,0,0,0
169217.00238298,40,2758.8,2735.4,2243.8,0,0,738650.343321787,0,0,0
169217.042382047,40,2680.4,2809.4,2291.6,0,0,738650.34332225,0,0,0
169217.082381113,40,2599.2,2872.2,2350.8,0,0,738650.343322713,0,0,0
169217.122380179,40,2530.4,2899.6,2397.8,0,0,738650.343323176,0,0,0
169217.162379246,40,2505.2,2891.2,2413.6,0,0,738650.343323639,0,0,0
169217.202378312,40,2559,2855,2365.4,0,0,738650.343324101,0,0,0
169217.242377379,40,2647.6,2804.2,2304.4,0,0,738650.343324564,0,0,0
169217.282376445,40,2741.4,2724.8,2240.6,0,0,738650.343325027,0,0,0
169217.322375512,40,2802,2625,2193.6,0,0,738650.34332549,0,0,0
169217.362374578,40,2836.8,2541.4,2165.2,0,0,738650.343325953,0,0,0
169217.402373644,40,2845.6,2479.2,2140.8,0,0,738650.343326416,0,0,0
169217.442372711,40,2860.2,2443.4,2124.2,0,0,738650.343326879,0,0,0
169217.482371777,40,2868.8,2427,2121.2,0,0,738650.343327342,0,0,0
169217.522370844,40,2880.6,2434.2,2119.8,0,0,738650.343327805,0,0,0
169217.56236991,40,2885.6,2449.8,2126.2,0,0,738650.343328268,0,0,0
169217.602368976,40,2883,2465.6,2130.8,0,0,738650.343328731,0,0,0
169217.642368043,40,2877.6,2469.2,2132.4,0,0,738650.343329194,0,0,0
169217.682367109,40,2877.2,2475.6,2136,0,0,738650.343329657,0,0,0
169217.722366175,40,2877.4,2485.8,2136.6,0,0,738650.34333012,0,0,0
169217.762365242,40,2879.4,2491.2,2142.8,0,0,738650.343330583,0,0,0
169217.802364308,40,2882.2,2501.8,2143,0,0,738650.343331046,0,0,0
169217.842363375,40,2878.4,2514.8,2148.2,0,0,738650.343331509,0,0,0
169217.882362441,40,2872,2529.2,2154.4,0,0,738650.343331972,0,0,0
169217.922361508,40,2865.2,2547.8,2158.6,0,0,738650.343332435,0,0,0
169217.962360574,40,2852.6,2585.8,2175.4,0,0,738650.343332898,0,0,0
169218.00235964,40,2822.2,2637.6,2200,0,0,738650.343333361,0,0,0
169218.042358707,40,2765.4,2703.4,2235.6,0,0,738650.343333823,0,0,0
169218.082357773,40,2680.6,2758.4,2275.8,0,0,738650.343334286,0,0,0
169218.12235684,40,2616.8,2802,2312,0,0,738650.343334749,0,0,0
169218.162355906,40,2602,2811.6,2324.2,0,0,738650.343335212,0,0,0
169218.202354972,40,2663.6,2797.6,2296.2,0,0,738650.343335675,0,0,0
169218.242354039,40,2733,2726.6,2249,0,0,738650.343336138,0,0,0
169218.282353105,40,2801.4,2647.2,2203,0,0,738650.343336601,0,0,0
169218.322352171,40,2858.2,2566.6,2169.2,0,0,738650.343337064,0,0,0
169218.362351238,40,2882.8,2497.6,2146.2,0,0,738650.343337527,0,0,0
169218.402350304,40,2882.2,2442,2125.2,0,0,738650.34333799,0,0,0
169218.442349371,40,2875.2,2408.4,2114,0,0,738650.343338453,0,0,0
169218.482348437,40,2871,2386.4,2106.8,0,0,738650.343338916,0,0,0
169218.522347504,40,2874.2,2381,2102.8,0,0,738650.343339379,0,0,0
169218.56234657,40,2870,2389.8,2106.6,0,0,738650.343339842,0,0,0
169218.602345636,40,2879,2401.4,2111.8,0,0,738650.343340305,0,0,0
169218.642344703,40,2877.4,2411.6,2113.2,0,0,738650.343340768,0,0,0
169218.682343769,40,2863.2,2413.8,2116.4,0,0,738650.343341231,0,0,0
169218.722342836,40,2859.2,2421.4,2119,0,0,738650.343341694,0,0,0
169218.762341902,40,2864.6,2427.2,2121,0,0,738650.343342157,0,0,0
169218.802340968,40,2869.2,2439.6,2125.6,0,0,738650.34334262,0,0,0
169218.842340035,40,2866,2445.2,2128.6,0,0,738650.343343082,0,0,0
169218.882339101,40,2873.8,2457,2130.4,0,0,738650.343343545,0,0,0
169218.922338168,40,2884.4,2469.6,2135.6,0,0,738650.343344008,0,0,0
169218.962337234,40,2894.8,2496.8,2143.8,0,0,738650.343344471,0,0,0
169219.0023363,40,2886.6,2544.2,2156.6,0,0,738650.343344934,0,0,0
169219.042335367,40,2871.4,2621.6,2185.6,0,0,738650.343345397,0,0,0
169219.082334433,40,2808.6,2729.6,2228.6,0,0,738650.34334586,0,0,0
169219.122333499,40,2716,2822.8,2283.2,0,0,738650.343346323,0,0,0
169219.162332566,40,2632.6,2877,2332,0,0,738650.343346786,0,0,0
169219.202331632,40,2623,2884.8,2343,0,0,738650.343347249,0,0,0
169219.242330699,40,2682.4,2848.8,2305.4,0,0,738650.343347712,0,0,0
169219.282329765,40,2754.4,2769.2,2257.4,0,0,738650.343348175,0,0,0
169219.322328832,40,2846.6,2673.2,2209.4,0,0,738650.343348638,0,0,0
169219.362327898,40,2900.2,2566.2,2162,0,0,738650.343349101,0,0,0
169219.402326964,40,2904.6,2460.8,2131.6,0,0,738650.343349564,0,0,0
169219.442326031,40,2878.8,2379,2102.2,0,0,738650.343350027,0,0,0
169219.482325097,40,2831.8,2325.8,2091.6,0,0,738650.34335049,0,0,0
169219.522324164,40,2767.6,2287,2076.8,0,0,738650.343350953,0,0,0
169219.56232323,40,2720.6,2261.4,2075.8,0,0,738650.343351416,0,0,0
169219.602322296,40,2676,2242,2064.6,0,0,738650.343351879,0,0,0
169219.642321363,40,2673.8,2236.4,2064.2,0,0,738650.343352342,0,0,0
169219.682320429,40,2681.6,2236.4,2066.8,0,0,738650.343352805,0,0,0
169219.722319496,40,2712,2248.8,2069.4,0,0,738650.343353267,0,0,0
169219.762318562,40,2727,2260.8,2073.4,0,0,738650.34335373,0,0,0
169219.802317628,40,2767.2,2283.4,2074.4,0,0,738650.343354193,0,0,0
169219.842316695,40,2822.8,2318,2087.6,0,0,738650.343354656,0,0,0
169219.882315761,40,2878,2376,2101.8,0,0,738650.343355119,0,0,0
169219.922314828,40,2912.6,2456.8,2128.6,0,0,738650.343355582,0,0,0
169219.962313894,40,2905.6,2555.6,2159.6,0,0,738650.343356045,0,0,0
169220.00231296,40,2863.6,2664.2,2202.2,0,0,738650.343356508,0,0,0
169220.042312027,40,2788,2765,2246.6,0,0,738650.343356971,0,0,0
169220.082311093,40,2711.2,2841.8,2293.4,0,0,738650.343357434,0,0,0
169220.122310159,40,2658,2877,2326,0,0,738650.343357897,0,0,0
169220.162309226,40,2658,2862.2,2316.8,0,0,738650.34335836,0,0,0
169220.202308292,40,2708.4,2825.6,2292,0,0,738650.343358823,0,0,0
169220.242307359,40,2749.2,2750,2255.8,0,0,738650.343359286,0,0,0
169220.282306425,40,2792.4,2674,2214.8,0,0,738650.343359749,0,0,0
169220.322305492,40,2803.6,2584.6,2182.2,0,0,738650.343360212,0,0,0
169220.362304558,40,2813.4,2503,2153,0,0,738650.343360675,0,0,0
169220.402303624,40,2812.8,2435.2,2128.2,0,0,738650.343361138,0,0,0
169220.442302691,40,2820.8,2384.4,2108.6,0,0,738650.343361601,0,0,0
169220.482301757,40,2807.6,2340.2,2094.8,0,0,738650.343362064,0,0,0
169220.522300824,40,2787,2310.8,2083.2,0,0,738650.343362527,0,0,0
169220.56229989,40,2782.2,2297.8,2079.2,0,0,738650.343362989,0,0,0
169220.602298956,40,2792.8,2297.6,2081.4,0,0,738650.343363452,0,0,0
169220.642298023,40,2820,2311,2082.4,0,0,738650.343363915,0,0,0
169220.682297089,40,2835,2323.8,2087.2,0,0,738650.343364378,0,0,0
169220.722296155,40,2828.2,2324,2087.8,0,0,738650.343364841,0,0,0
169220.762295222,40,2816,2331.4,2087.8,0,0,738650.343365304,0,0,0
169220.802294288,40,2821.8,2339.6,2088.8,0,0,738650.343365767,0,0,0
169220.842293355,40,2804,2339.8,2091.8,0,0,738650.34336623,0,0,0
169220.882292421,40,2782.2,2346.4,2098.8,0,0,738650.343366693,0,0,0
169220.922291488,40,2783.4,2349.6,2099.8,0,0,738650.343367156,0,0,0
169220.962290554,40,2803.4,2362,2100.6,0,0,738650.343367619,0,0,0
169221.00228962,40,2837,2367.8,2105,0,0,738650.343368082,0,0,0
169221.042288687,40,2850.4,2384.2,2104.6,0,0,738650.343368545,0,0,0
169221.082287753,40,2863.2,2392.2,2105.6,0,0,738650.343369008,0,0,0
169221.12228682,40,2872.4,2394.8,2107.6,0,0,738650.343369471,0,0,0
169221.162285886,40,2881.8,2395.2,2107.8,0,0,738650.343369934,0,0,0
169221.202284952,40,2881.6,2401.2,2109.6,0,0,738650.343370397,0,0,0
169221.242284019,40,2889,2403.4,2110,0,0,738650.34337086,0,0,0
169221.282283085,40,2889,2394.4,2109.4,0,0,738650.343371323,0,0,0
169221.322282152,40,2881,2382.4,2102.6,0,0,738650.343371785,0,0,0
169221.362281218,40,2870.6,2367.2,2099,0,0,738650.343372248,0,0,0
169221.402280284,40,2849.6,2343.8,2092.4,0,0,738650.343372711,0,0,0
169221.442279351,40,2811.4,2323.2,2085.2,0,0,738650.343373174,0,0,0
169221.482278417,40,2776.8,2295.4,2079,0,0,738650.343373637,0,0,0
169221.522277484,40,2744.2,2275.4,2074.6,0,0,738650.3433741,0,0,0
169221.56227655,40,2712.2,2257.8,2071.4,0,0,738650.343374563,0,0,0
169221.602275616,40,2698,2252.2,2069.6,0,0,738650.343375026,0,0,0
169221.642274683,40,2711,2260.2,2071.8,0,0,738650.343375489,0,0,0
169221.682273749,40,2739.8,2271.8,2073.4,0,0,738650.343375952,0,0,0
169221.722272816,40,2764.8,2292.6,2080.6,0,0,738650.343376415,0,0,0
169221.762271882,40,2815,2321.4,2088.2,0,0,738650.343376878,0,0,0
169221.802270948,40,2875.4,2372.4,2100.8,0,0,738650.343377341,0,0,0
169221.842270015,40,2920.2,2438.2,2120,0,0,738650.343377804,0,0,0
169221.882269081,40,2930.8,2526.8,2149.2,0,0,738650.343378267,0,0,0
169221.922268148,40,2893.6,2627,2181.8,0,0,738650.34337873,0,0,0
169221.962267214,40,2838.8,2734.4,2225.6,0,0,738650.343379193,0,0,0
169222.00226628,40,2772.8,2826.6,2272.4,0,0,738650.343379656,0,0,0
169222.042265347,40,2709.8,2884.2,2310.2,0,0,738650.343380119,0,0,0
169222.082264413,40,2676.8,2906.6,2328.6,0,0,738650.343380582,0,0,0
169222.12226348,40,2684.4,2898.8,2324.4,0,0,738650.343381045,0,0,0
169222.162262546,40,2719,2898.4,2309.2,0,0,738650.343381508,0,0,0
169222.202261612,40,2745.8,2872,2291.8,0,0,738650.34338197,0,0,0
169222.242260679,40,2793.8,2841.8,2269.4,0,0,738650.343382433,0,0,0
169222.282259745,40,2837,2816.4,2250.8,0,0,738650.343382896,0,0,0
169222.322258812,40,2860.2,2775.4,2231.8,0,0,738650.343383359,0,0,0
169222.362257878,40,2879.4,2753.4,2222.2,0,0,738650.343383822,0,0,0
169222.402256944,40,2871.4,2738.2,2216.6,0,0,738650.343384285,0,0,0
169222.442256011,40,2846,2755.2,2232.6,0,0,738650.343384748,0,0,0
169222.482255077,40,2796.8,2751,2237.4,0,0,738650.343385211,0,0,0
169222.522254144,40,2758.4,2737.2,2241.2,0,0,738650.343385674,0,0,0
169222.56225321,40,2738.8,2733,2247.4,0,0,738650.343386137,0,0,0
169222.602252276,40,2725.6,2738.4,2251.6,0,0,738650.3433866,0,0,0
169222.642251343,40,2717.6,2739.6,2255.8,0,0,738650.343387063,0,0,0
169222.682250409,40,2704.2,2744.6,2262.2,0,0,738650.343387526,0,0,0
169222.722249476,40,2698.4,2760,2270.2,0,0,738650.343387989,0,0,0
169222.762248542,40,2695.6,2783.2,2275.8,0,0,738650.343388452,0,0,0
169222.802247608,40,2701.8,2805.4,2284,0,0,738650.343388915,0,0,0
169222.842246675,40,2709,2828.6,2290.6,0,0,738650.343389378,0,0,0
169222.882245741,40,2722,2852.2,2293.2,0,0,738650.343389841,0,0,0
169222.922244808,40,2732.2,2877.6,2302.8,0,0,738650.343390304,0,0,0
169222.962243874,40,2738.8,2901,2304.6,0,0,738650.343390767,0,0,0
169223.00224294,40,2746.4,2912.6,2307.4,0,0,738650.34339123,0,0,0
169223.042242007,40,2743.4,2922.2,2310.8,0,0,738650.343391692,0,0,0
169223.082241073,40,2732.6,2912.2,2312.4,0,0,738650.343392155,0,0,0
169223.122240139,40,2735.8,2885.8,2303.4,0,0,738650.343392618,0,0,0
169223.162239206,40,2750.6,2836.6,2279.8,0,0,738650.343393081,0,0,0
169223.202238272,40,2765.6,2753.8,2247.2,0,0,738650.343393544,0,0,0
169223.242237339,40,2762,2662.6,2216.2,0,0,738650.343394007,0,0,0
169223.282236405,40,2764,2578.2,2189,0,0,738650.34339447,0,0,0
169223.322235472,40,2811,2519.4,2158.8,0,0,738650.343394933,0,0,0
169223.362234538,40,2854,2472.6,2136.6,0,0,738650.343395396,0,0,0
169223.402233604,40,2870,2450.6,2126,0,0,738650.343395859,0,0,0
169223.442232671,40,2895.4,2452.6,2124,0,0,738650.343396322,0,0,0
169223.482231737,40,2915,2476,2131.6,0,0,738650.343396785,0,0,0
169223.522230804,40,2926,2497.2,2136.8,0,0,738650.343397248,0,0,0
169223.56222987,40,2920.2,2512.8,2141.4,0,0,738650.343397711,0,0,0
169223.602228936,40,2912.8,2535.6,2151.4,0,0,738650.343398174,0,0,0
169223.642228003,40,2903.8,2582.4,2168,0,0,738650.343398637,0,0,0
169223.682227069,40,2860.8,2642.4,2194.4,0,0,738650.3433991,0,0,0
169223.722226135,40,2783.4,2724.8,2237.4,0,0,738650.343399563,0,0,0
169223.762225202,40,2689,2794.8,2287,0,0,738650.343400026,0,0,0
169223.802224268,40,2615.2,2844.6,2332.2,0,0,738650.343400489,0,0,0
169223.842223335,40,2595.8,2853.8,2346.8,0,0,738650.343400951,0,0,0
169223.882222401,40,2663.4,2849.4,2312.4,0,0,738650.343401414,0,0,0
169223.922221468,40,2765,2809,2266,0,0,738650.343401877,0,0,0
169223.962220534,40,2891.6,2726.2,2211.6,0,0,738650.34340234,0,0,0
169224.0022196,40,2977.4,2609.6,2164.6,0,0,738650.343402803,0,0,0
169224.042218667,40,3012,2489.6,2129.2,0,0,738650.343403266,0,0,0
169224.082217733,40,2971.2,2393.6,2101,0,0,738650.343403729,0,0,0
169224.1222168,40,2902.2,2328.2,2086,0,0,738650.343404192,0,0,0
169224.162215866,40,2826.6,2283,2073,0,0,738650.343404655,0,0,0
169224.202214932,40,2774.4,2256.4,2065.8,0,0,738650.343405118,0,0,0
169224.242213999,40,2749.2,2253.4,2062.8,0,0,738650.343405581,0,0,0
169224.282213065,40,2763.6,2263.4,2067.8,0,0,738650.343406044,0,0,0
169224.322212132,40,2782.4,2274.6,2075.4,0,0,738650.343406507,0,0,0
169224.362211198,40,2810.2,2299.6,2076.8,0,0,738650.34340697,0,0,0
169224.402210264,40,2867,2331,2087.2,0,0,738650.343407433,0,0,0
169224.442209331,40,2935.2,2384.8,2102.4,0,0,738650.343407896,0,0,0
169224.482208397,40,2988.6,2458.4,2123.6,0,0,738650.343408359,0,0,0
169224.522207464,40,2991.6,2546,2143.6,0,0,738650.343408822,0,0,0
169224.56220653,40,2946.2,2642.6,2183.4,0,0,738650.343409285,0,0,0
169224.602205596,40,2888,2738,2218.8,0,0,738650.343409748,0,0,0
169224.642204663,40,2807.4,2809.8,2254.6,0,0,738650.343410211,0,0,0
169224.682203729,40,2739.2,2837.2,2285.8,0,0,738650.343410674,0,0,0
169224.722202795,40,2733.2,2837,2286.4,0,0,738650.343411136,0,0,0
169224.762201862,40,2797.2,2799.8,2254,0,0,738650.343411599,0,0,0
169224.802200928,40,2872.6,2724.8,2216.8,0,0,738650.343412062,0,0,0
169224.842199995,40,2946.8,2645,2181.6,0,0,738650.343412525,0,0,0
169224.882199061,40,2990.8,2563.2,2150,0,0,738650.343412988,0,0,0
169224.922198128,40,3013,2498.4,2129.6,0,0,738650.343413451,0,0,0
169224.962197194,40,2986.2,2449.6,2117.6,0,0,738650.343413914,0,0,0
169225.00219626,40,2986.2,2425.6,2111,0,0,738650.343414377,0,0,0
169225.042195327,40,2974.4,2421.2,2109.8,0,0,738650.34341484,0,0,0
169225.082194393,40,2957.2,2437.4,2117.6,0,0,738650.343415303,0,0,0
169225.12219346,40,2936.2,2449,2120.8,0,0,738650.343415766,0,0,0
169225.162192526,40,2917.2,2459,2123,0,0,738650.343416229,0,0,0
169225.202191592,40,2910.6,2462.8,2125.2,0,0,738650.343416692,0,0,0
169225.242190659,40,2920,2472.2,2130.6,0,0,738650.343417155,0,0,0
169225.282189725,40,2931.6,2481.8,2133.2,0,0,738650.343417618,0,0,0
169225.322188791,40,2949.8,2502,2137.8,0,0,738650.343418081,0,0,0
169225.362187858,40,2967.8,2525.8,2141.4,0,0,738650.343418544,0,0,0
169225.402186924,40,2993.6,2555.2,2149.6,0,0,738650.343419007,0,0,0
169225.442185991,40,2995,2588.6,2158.6,0,0,738650.34341947,0,0,0
169225.482185057,40,2969,2628.4,2172,0,0,738650.343419933,0,0,0
169225.522184124,40,2930.8,2678.4,2191.4,0,0,738650.343420396,0,0,0
169225.56218319,40,2855.8,2739.2,2221.4,0,0,738650.343420858,0,0,0
169225.602182256,40,2758,2805.6,2265,0,0,738650.343421321,0,0,0
169225.642181323,40,2668.2,2869,2319.4,0,0,738650.343421784,0,0,0
169225.682180389,40,2588.6,2906.4,2369.2,0,0,738650.343422247,0,0,0
169225.722179456,40,2563,2932.4,2396,0,0,738650.34342271,0,0,0
169225.762178522,40,2604.8,2939.6,2378.4,0,0,738650.343423173,0,0,0
169225.802177588,40,2676,2909.6,2328.6,0,0,738650.343423636,0,0,0
169225.842176655,40,2796.8,2863.6,2274.8,0,0,738650.343424099,0,0,0
169225.882175721,40,2907.2,2755.2,2218.2,0,0,738650.343424562,0,0,0
169225.922174788,40,2985,2630.4,2173,0,0,738650.343425025,0,0,0
169225.962173854,40,2994,2511,2132.8,0,0,738650.343425488,0,0,0
169226.00217292,40,2974.6,2428.2,2110.4,0,0,738650.343425951,0,0,0
169226.042171987,40,2922,2382,2098.8,0,0,738650.343426414,0,0,0
169226.082171053,40,2897,2364,2093,0,0,738650.343426877,0,0,0
169226.122170119,40,2885,2380,2102.2,0,0,738650.34342734,0,0,0
169226.162169186,40,2896.2,2408.6,2109,0,0,738650.343427803,0,0,0
169226.202168252,40,2893.2,2440.8,2124.8,0,0,738650.343428266,0,0,0
169226.242167319,40,2894.4,2491.2,2139.2,0,0,738650.343428729,0,0,0
169226.282166385,40,2894.2,2555.2,2161.2,0,0,738650.343429192,0,0,0
169226.322165452,40,2873.2,2633.4,2192.2,0,0,738650.343429655,0,0,0
169226.362164518,40,2810,2716,2225.2,0,0,738650.343430117,0,0,0
169226.402163584,40,2741.8,2781.4,2267.8,0,0,738650.34343058,0,0,0
169226.442162651,40,2682.6,2833.6,2299.4,0,0,738650.343431043,0,0,0
169226.482161717,40,2652.8,2848.8,2316.4,0,0,738650.343431506,0,0,0
169226.522160784,40,2675.8,2841,2308.6,0,0,738650.343431969,0,0,0
169226.56215985,40,2724.4,2815.6,2281.4,0,0,738650.343432432,0,0,0
169226.602158916,40,2796.4,2792.6,2252.2,0,0,738650.343432895,0,0,0
169226.642157983,40,2872,2754.6,2224.4,0,0,738650.343433358,0,0,0
169226.682157049,40,2929.8,2716.6,2201,0,0,738650.343433821,0,0,0
169226.722156116,40,2957.4,2687,2190.6,0,0,738650.343434284,0,0,0
169226.762155182,40,2969.2,2674.6,2184,0,0,738650.343434747,0,0,0
169226.802154248,40,2953.4,2683.6,2189.4,0,0,738650.34343521,0,0,0
169226.842153315,40,2922.2,2708,2201,0,0,738650.343435673,0,0,0
169226.882152381,40,2887.6,2715.2,2208.6,0,0,738650.343436136,0,0,0
169226.922151448,40,2856.2,2704.4,2211.8,0,0,738650.343436599,0,0,0
169226.962150514,40,2834.4,2705.4,2214.8,0,0,738650.343437062,0,0,0
169227.00214958,40,2807,2702,2221,0,0,738650.343437525,0,0,0
169227.042148647,40,2769,2689.4,2221.8,0,0,738650.343437988,0,0,0
169227.082147713,40,2727.8,2668.2,2225.6,0,0,738650.343438451,0,0,0
169227.122146779,40,2714.2,2660.6,2229.8,0,0,738650.343438914,0,0,0
169227.162145846,40,2715.8,2670.4,2233.8,0,0,738650.343439377,0,0,0
169227.202144912,40,2720.4,2683.2,2234.8,0,0,738650.34343984,0,0,0
169227.242143979,40,2723.2,2698,2237.2,0,0,738650.343440302,0,0,0
169227.282143045,40,2732.2,2709.6,2241.6,0,0,738650.343440765,0,0,0
169227.322142112,40,2760,2745.4,2247,0,0,738650.343441228,0,0,0
169227.362141178,40,2784.2,2777,2250.4,0,0,738650.343441691,0,0,0
169227.402140244,40,2809.4,2806.4,2256.6,0,0,738650.343442154,0,0,0
169227.442139311,40,2823.6,2840.2,2260.2,0,0,738650.343442617,0,0,0
169227.482138377,40,2824.4,2856.4,2265.6,0,0,738650.34344308,0,0,0
169227.522137444,40,2820,2876.6,2275.4,0,0,738650.343443543,0,0,0
169227.56213651,40,2804,2873,2279.8,0,0,738650.343444006,0,0,0
169227.602135576,40,2783.8,2875.2,2281,0,0,738650.343444469,0,0,0
169227.642134643,40,2756.2,2871,2287.6,0,0,738650.343444932,0,0,0
169227.682133709,40,2724,2844.4,2288.2,0,0,738650.343445395,0,0,0
169227.722132775,40,2687.2,2811.8,2292.6,0,0,738650.343445858,0,0,0
169227.762131842,40,2654,2786.4,2295.6,0,0,738650.343446321,0,0,0
169227.802130908,40,2631.8,2782.8,2302.2,0,0,738650.343446784,0,0,0
169227.842129975,40,2617.6,2777.8,2305,0,0,738650.343447247,0,0,0
169227.882129041,40,2620.6,2788.4,2310.6,0,0,738650.34344771,0,0,0
169227.922128108,40,2663.8,2820.6,2306.6,0,0,738650.343448173,0,0,0
169227.962127174,40,2743.6,2850.4,2292.2,0,0,738650.343448636,0,0,0
169228.00212624,40,2833,2831.4,2257.2,0,0,738650.343449099,0,0,0
169228.042125307,40,2911.6,2782.8,2225.2,0,0,738650.343449562,0,0,0
169228.082124373,40,2960.8,2699,2193,0,0,738650.343450024,0,0,0
169228.12212344,40,2958.8,2622.4,2170.6,0,0,738650.343450487,0,0,0
169228.162122506,40,2934,2574.4,2160.6,0,0,738650.34345095,0,0,0
169228.202121572,40,2925,2556.8,2158.2,0,0,738650.343451413,0,0,0
169228.242120639,40,2898.4,2569.8,2161.2,0,0,738650.343451876,0,0,0
169228.282119705,40,2875.2,2588.6,2170.8,0,0,738650.343452339,0,0,0
169228.322118772,40,2859.6,2607,2179,0,0,738650.343452802,0,0,0
169228.362117838,40,2835.2,2634.6,2193.2,0,0,738650.343453265,0,0,0
169228.402116904,40,2807.4,2685.8,2212.6,0,0,738650.343453728,0,0,0
169228.442115971,40,2767,2748.6,2245.6,0,0,738650.343454191,0,0,0
169228.482115037,40,2689.2,2819.8,2294.2,0,0,738650.343454654,0,0,0
169228.522114104,40,2611.8,2862,2344,0,0,738650.343455117,0,0,0
169228.56211317,40,2552.4,2876.4,2373.6,0,0,738650.34345558,0,0,0
169228.602112236,40,2567.6,2860.6,2356.8,0,0,738650.343456043,0,0,0
169228.642111303,40,2604.6,2804.8,2320,0,0,738650.343456506,0,0,0
169228.682110369,40,2659.6,2731.8,2270.8,0,0,738650.343456969,0,0,0
169228.722109436,40,2737.4,2672.2,2225,0,0,738650.343457432,0,0,0
169228.762108502,40,2789.4,2601.4,2191.4,0,0,738650.343457895,0,0,0
169228.802107568,40,2836,2548.6,2163.4,0,0,738650.343458358,0,0,0
169228.842106635,40,2848.4,2499,2144.4,0,0,738650.34345882,0,0,0
169228.882105701,40,2871,2477.4,2139.4,0,0,738650.343459283,0,0,0
169228.922104768,40,2866.4,2475.6,2136,0,0,738650.343459746,0,0,0
169228.962103834,40,2861.4,2498.2,2144.6,0,0,738650.343460209,0,0,0
169229.0021029,40,2859.2,2511.2,2149,0,0,738650.343460672,0,0,0
169229.042101967,40,2856.8,2528,2154.2,0,0,738650.343461135,0,0,0
169229.082101033,40,2843.8,2554.8,2162.4,0,0,738650.343461598,0,0,0
169229.122100099,40,2840.8,2606.4,2184,0,0,738650.343462061,0,0,0
169229.162099166,40,2791,2680.4,2215.6,0,0,738650.343462524,0,0,0
169229.202098232,40,2701,2774.2,2273.2,0,0,738650.343462987,0,0,0
169229.242097299,40,2594,2832.8,2338.4,0,0,738650.34346345,0,0,0
169229.282096365,40,2532.8,2847.6,2378.6,0,0,738650.343463913,0,0,0
169229.322095432,40,2595,2820.4,2330.6,0,0,738650.343464376,0,0,0
169229.362094498,40,2717.2,2742.8,2259.4,0,0,738650.343464839,0,0,0
169229.402093564,40,2817.2,2634.8,2198,0,0,738650.343465302,0,0,0
169229.442092631,40,2869,2527.8,2154.8,0,0,738650.343465765,0,0,0
169229.482091697,40,2868.6,2445,2129.8,0,0,738650.343466228,0,0,0
169229.522090764,40,2851.6,2402.2,2113.8,0,0,738650.343466691,0,0,0
169229.56208983,40,2846.2,2399.8,2112.8,0,0,738650.343467154,0,0,0
169229.602088896,40,2850.8,2429,2121.8,0,0,738650.343467617,0,0,0
169229.642087963,40,2850.4,2469.4,2140.2,0,0,738650.34346808,0,0,0
169229.682087029,40,2834.2,2538.2,2161.8,0,0,738650.343468543,0,0,0
169229.722086096,40,2794.2,2653,2209.6,0,0,738650.343469005,0,0,0
169229.762085162,40,2687.4,2771.4,2278.8,0,0,738650.343469468,0,0,0
169229.802084228,40,2553.4,2840.2,2359.8,0,0,738650.343469931,0,0,0
169229.842083295,40,2526,2867.2,2388.4,0,0,738650.343470394,0,0,0
169229.882082361,40,2628,2830.6,2316.2,0,0,738650.343470857,0,0,0
169229.922081428,40,2793,2731,2231.2,0,0,738650.34347132,0,0,0
169229.962080494,40,2895,2591.8,2173.8,0,0,738650.343471783,0,0,0
169230.00207956,40,2916,2467.2,2132.8,0,0,738650.343472246,0,0,0
169230.042078627,40,2879.4,2385.8,2104.2,0,0,738650.343472709,0,0,0
169230.082077693,40,2871.6,2352.6,2096.4,0,0,738650.343473172,0,0,0
169230.122076759,40,2898,2371.6,2093.6,0,0,738650.343473635,0,0,0
169230.162075826,40,2936.2,2427.4,2113.8,0,0,738650.343474098,0,0,0
169230.202074892,40,2950,2499.2,2134.2,0,0,738650.343474561,0,0,0
169230.242073959,40,2925.2,2609.2,2170.8,0,0,738650.343475024,0,0,0
169230.282073025,40,2854.6,2757.2,2228.4,0,0,738650.343475487,0,0,0
169230.322072092,40,2723.2,2901.2,2312.2,0,0,738650.34347595,0,0,0
169230.362071158,40,2605,2964.2,2388.4,0,0,738650.343476413,0,0,0
169230.402070224,40,2637.2,2913.2,2346.6,0,0,738650.343476876,0,0,0
169230.442069291,40,2735,2769.4,2260.4,0,0,738650.343477339,0,0,0
169230.482068357,40,2802.6,2617.4,2191.2,0,0,738650.343477802,0,0,0
169230.522067424,40,2847.8,2506.4,2149,0,0,738650.343478265,0,0,0
169230.56206649,40,2822.6,2425,2122.4,0,0,738650.343478728,0,0,0
169230.602065556,40,2792.6,2386.2,2113.2,0,0,738650.34347919,0,0,0
169230.642064623,40,2790.2,2392.2,2116.4,0,0,738650.343479653,0,0,0
169230.682063689,40,2811,2435,2125.6,0,0,738650.343480116,0,0,0
169230.722062755,40,2840,2493.6,2145.8,0,0,738650.343480579,0,0,0
169230.762061822,40,2840.4,2581.6,2173.8,0,0,738650.343481042,0,0,0
169230.802060888,40,2800,2692.4,2221.6,0,0,738650.343481505,0,0,0
169230.842059955,40,2701.6,2818.4,2288.6,0,0,738650.343481968,0,0,0
169230.882059021,40,2575.2,2912.8,2380.4,0,0,738650.343482431,0,0,0
169230.922058088,40,2469.2,2942.4,2471.2,0,0,738650.343482894,0,0,0
169230.962057154,40,2489.2,2971.6,2464.6,0,0,738650.343483357,0,0,0
169231.00205622,40,2607.8,2939.2,2373.6,0,0,738650.34348382,0,0,0
169231.042055287,40,2740.8,2849.2,2285,0,0,738650.343484283,0,0,0
169231.082054353,40,2859,2721.6,2213.6,0,0,738650.343484746,0,0,0
169231.12205342,40,2916.6,2601,2171,0,0,738650.343485209,0,0,0
169231.162052486,40,2922.8,2514.8,2143,0,0,738650.343485672,0,0,0
169231.202051552,40,2928.2,2466.6,2128,0,0,738650.343486135,0,0,0
169231.242050619,40,2930.8,2458.8,2128.8,0,0,738650.343486598,0,0,0
169231.282049685,40,2950.8,2491,2133.2,0,0,738650.343487061,0,0,0
169231.322048752,40,2963.6,2524,2140,0,0,738650.343487524,0,0,0
169231.362047818,40,2963.6,2562.2,2152.6,0,0,738650.343487986,0,0,0
169231.402046884,40,2966.8,2589.2,2160.4,0,0,738650.343488449,0,0,0
169231.442045951,40,2957.4,2618.8,2173,0,0,738650.343488912,0,0,0
169231.482045017,40,2929.6,2647.6,2180.6,0,0,738650.343489375,0,0,0
169231.522044084,40,2903.6,2697.8,2200.2,0,0,738650.343489838,0,0,0
169231.56204315,40,2843.8,2754.4,2228.2,0,0,738650.343490301,0,0,0
169231.602042216,40,2774.4,2843,2272.2,0,0,738650.343490764,0,0,0
169231.642041283,40,2666.2,2924,2336.2,0,0,738650.343491227,0,0,0
169231.682040349,40,2539.4,2972.6,2426.2,0,0,738650.34349169,0,0,0
169231.722039416,40,2414.2,2951,2534.4,0,0,738650.343492153,0,0,0
169231.762038482,40,2308.6,2856,2649.6,0,0,738650.343492616,0,0,0
169231.802037548,40,2230,2734.8,2726.6,0,0,738650.343493079,0,0,0
169231.842036615,40,2204.2,2660.2,2758.6,0,0,738650.343493542,0,0,0
169231.882035681,40,2209.4,2665.4,2742,0,0,738650.343494005,0,0,0
169231.922034748,40,2236.6,2715.2,2695.8,0,0,738650.343494468,0,0,0
169231.962033814,40,2296.6,2788.4,2619,0,0,738650.343494931,0,0,0
169232.00203288,40,2370.2,2846,2528.4,0,0,738650.343495394,0,0,0
169232.042031947,40,2456.4,2868.2,2447.8,0,0,738650.343495857,0,0,0
169232.082031013,40,2532,2849.4,2374.2,0,0,738650.34349632,0,0,0
169232.12203008,40,2602.4,2833.4,2325.2,0,0,738650.343496783,0,0,0
169232.162029146,40,2653.8,2818,2304.4,0,0,738650.343497246,0,0,0
169232.202028212,40,2660.4,2800.6,2292.2,0,0,738650.343497709,0,0,0
169232.242027279,40,2634.4,2804.6,2305,0,0,738650.343498171,0,0,0
169232.282026345,40,2610.6,2811.6,2317,0,0,738650.343498634,0,0,0
169232.322025412,40,2583.6,2816.6,2329.2,0,0,738650.343499097,0,0,0
169232.362024478,40,2570.6,2840.8,2352,0,0,738650.34349956,0,0,0
169232.402023544,40,2555.8,2870.4,2370,0,0,738650.343500023,0,0,0
169232.442022611,40,2533.2,2897,2394.4,0,0,738650.343500486,0,0,0
169232.482021677,40,2511,2910,2417.2,0,0,738650.343500949,0,0,0
169232.522020744,40,2485.4,2910.2,2433.2,0,0,738650.343501412,0,0,0
169232.56201981,40,2468.2,2905.2,2448.6,0,0,738650.343501875,0,0,0
169232.602018876,40,2457.6,2884.4,2451,0,0,738650.343502338,0,0,0
169232.642017943,40,2451.2,2864.8,2449,0,0,738650.343502801,0,0,0
169232.682017009,40,2440,2851,2443,0,0,738650.343503264,0,0,0
169232.722016076,40,2439.2,2855.6,2450.6,0,0,738650.343503727,0,0,0
169232.762015142,40,2444.2,2864.6,2455.4,0,0,738650.34350419,0,0,0
169232.802014208,40,2447.2,2871.6,2451.8,0,0,738650.343504653,0,0,0
169232.842013275,40,2453.6,2902,2467,0,0,738650.343505116,0,0,0
169232.882012341,40,2450.2,2925.8,2479.4,0,0,738650.343505579,0,0,0
169232.922011408,40,2457.4,2973.2,2497.2,0,0,738650.343506042,0,0,0
169232.962010474,40,2456.4,2982.4,2505.4,0,0,738650.343506505,0,0,0
169233.00200954,40,2452.6,3002,2516.4,0,0,738650.343506968,0,0,0
169233.042008607,40,2442.6,3002.6,2526.8,0,0,738650.343507431,0,0,0
169233.082007673,40,2435,3010.6,2542.6,0,0,738650.343507893,0,0,0
169233.122006739,40,2420,3001.8,2561.4,0,0,738650.343508356,0,0,0
169233.162005806,40,2398.6,2982.8,2574.4,0,0,738650.343508819,0,0,0
169233.202004872,40,2375,2959.8,2600.2,0,0,738650.343509282,0,0,0
169233.242003939,40,2347.4,2912.4,2610.8,0,0,738650.343509745,0,0,0
169233.282003005,40,2329.4,2873.8,2612,0,0,738650.343510208,0,0,0
169233.322002072,40,2324,2855,2606.4,0,0,738650.343510671,0,0,0
169233.362001138,40,2326.4,2856,2608.8,0,0,738650.343511134,0,0,0
169233.402000204,40,2325.8,2868.8,2620.6,0,0,738650.343511597,0,0,0
169233.441999271,40,2326,2893.6,2643.4,0,0,738650.34351206,0,0,0
169233.481998337,40,2330.2,2923,2660.2,0,0,738650.343512523,0,0,0
169233.521997404,40,2329.2,2948.2,2673.8,0,0,738650.343512986,0,0,0
169233.56199647,40,2326.6,2956.6,2689.6,0,0,738650.343513449,0,0,0
169233.601995536,40,2327.2,2956.2,2700,0,0,738650.343513912,0,0,0
169233.641994603,40,2326.8,2954.8,2699.2,0,0,738650.343514375,0,0,0
169233.681993669,40,2315.4,2944,2709.2,0,0,738650.343514838,0,0,0
169233.721992736,40,2309.4,2929.4,2715,0,0,738650.343515301,0,0,0
169233.761991802,40,2301.2,2919.4,2722.6,0,0,738650.343515764,0,0,0
169233.801990868,40,2298.8,2904.8,2723.6,0,0,738650.343516227,0,0,0
169233.841989935,40,2289.6,2882.4,2721.2,0,0,738650.34351669,0,0,0
169233.881989001,40,2279.6,2857,2712.4,0,0,738650.343517152,0,0,0
169233.921988068,40,2277,2844,2714.8,0,0,738650.343517615,0,0,0
169233.961987134,40,2270.4,2841.4,2715.4,0,0,738650.343518078,0,0,0
169234.0019862,40,2272.8,2848.8,2726.2,0,0,738650.343518541,0,0,0
169234.041985267,40,2270.8,2854.2,2742.4,0,0,738650.343519004,0,0,0
169234.081984333,40,2275.8,2863.4,2753.4,0,0,738650.343519467,0,0,0
169234.121983399,40,2270,2859,2756.6,0,0,738650.34351993,0,0,0
169234.161982466,40,2267.4,2857.2,2765.6,0,0,738650.343520393,0,0,0
169234.201981532,40,2265.4,2857.4,2769.6,0,0,738650.343520856,0,0,0
169234.241980599,40,2263.6,2847,2779.4,0,0,738650.343521319,0,0,0
169234.281979665,40,2257.6,2837.4,2771.8,0,0,738650.343521782,0,0,0
169234.321978732,40,2249.2,2809.4,2764,0,0,738650.343522245,0,0,0
169234.361977798,40,2246.6,2789.2,2757,0,0,738650.343522708,0,0,0
169234.401976864,40,2243.4,2773.4,2750.2,0,0,738650.343523171,0,0,0
169234.441975931,40,2236.8,2770.2,2756.6,0,0,738650.343523634,0,0,0
169234.481974997,40,2235.4,2768.8,2767.2,0,0,738650.343524097,0,0,0
169234.521974064,40,2231.6,2769.6,2785,0,0,738650.34352456,0,0,0
169234.56197313,40,2231.4,2778.2,2800.4,0,0,738650.343525023,0,0,0
169234.601972196,40,2227.4,2779.2,2815.2,0,0,738650.343525486,0,0,0
169234.641971263,40,2232.2,2778.6,2825.6,0,0,738650.343525949,0,0,0
169234.681970329,40,2226.2,2780,2821.4,0,0,738650.343526412,0,0,0
169234.721969395,40,2230,2785.4,2813.2,0,0,738650.343526875,0,0,0
169234.761968462,40,2251.6,2812,2761.4,0,0,738650.343527337,0,0,0
169234.801967528,40,2295.6,2853,2677.2,0,0,738650.3435278,0,0,0
169234.841966595,40,2361.8,2890.8,2574.8,0,0,738650.343528263,0,0,0
169234.881965661,40,2445,2908.8,2473.8,0,0,738650.343528726,0,0,0
169234.921964728,40,2528.6,2890.6,2392,0,0,738650.343529189,0,0,0
169234.961963794,40,2603.4,2865.8,2342.4,0,0,738650.343529652,0,0,0
169235.00196286,40,2654.2,2843.2,2312.4,0,0,738650.343530115,0,0,0
169235.041961927,40,2663,2865.2,2314.4,0,0,738650.343530578,0,0,0
169235.081960993,40,2640.6,2905.4,2339,0,0,738650.343531041,0,0,0
169235.12196006,40,2606.2,2938,2372.8,0,0,738650.343531504,0,0,0
169235.161959126,40,2541.2,2960.2,2417.4,0,0,738650.343531967,0,0,0
169235.201958192,40,2470.4,2956.8,2477.4,0,0,738650.34353243,0,0,0
169235.241957259,40,2399.2,2908.4,2531.2,0,0,738650.343532893,0,0,0
169235.281956325,40,2335.6,2837,2575.6,0,0,738650.343533356,0,0,0
169235.321955391,40,2299.8,2794.4,2615.6,0,0,738650.343533819,0,0,0
169235.361954458,40,2287,2780.4,2628.2,0,0,738650.343534282,0,0,0
169235.401953524,40,2305.8,2802.6,2619.8,0,0,738650.343534745,0,0,0
169235.441952591,40,2317.4,2835.4,2614.2,0,0,738650.343535208,0,0,0
169235.481951657,40,2346.8,2882,2594.4,0,0,738650.343535671,0,0,0
169235.521950724,40,2374.8,2916.6,2567.4,0,0,738650.343536134,0,0,0
169235.56194979,40,2413.6,2951.2,2541.2,0,0,738650.343536597,0,0,0
169235.601948856,40,2428.4,2961.6,2524,0,0,738650.343537059,0,0,0
169235.641947923,40,2429.8,2955.2,2518.4,0,0,738650.343537522,0,0,0
169235.681946989,40,2412.4,2950.2,2533.2,0,0,738650.343537985,0,0,0
169235.721946056,40,2397,2944.4,2554,0,0,738650.343538448,0,0,0
169235.761945122,40,2381.6,2913.6,2560.2,0,0,738650.343538911,0,0,0
169235.801944188,40,2366.8,2901.8,2565.8,0,0,738650.343539374,0,0,0
169235.841943255,40,2360.2,2897.8,2574.6,0,0,738650.343539837,0,0,0
169235.881942321,40,2360,2883.4,2570,0,0,738650.3435403,0,0,0
169235.921941388,40,2358.6,2893.8,2579,0,0,738650.343540763,0,0,0
169235.961940454,40,2359.4,2916.4,2595.2,0,0,738650.343541226,0,0,0
169236.00193952,40,2367.4,2957.4,2615.8,0,0,738650.343541689,0,0,0
169236.041938587,40,2374.6,2985.8,2617.2,0,0,738650.343542152,0,0,0
169236.081937653,40,2399.8,3017.6,2603.6,0,0,738650.343542615,0,0,0
169236.121936719,40,2451.4,3031.8,2549.2,0,0,738650.343543078,0,0,0
169236.161935786,40,2523,3034.8,2469.4,0,0,738650.343543541,0,0,0
169236.201934852,40,2616.6,3004.8,2391.6,0,0,738650.343544004,0,0,0
169236.241933919,40,2707,2935.4,2322.8,0,0,738650.343544467,0,0,0
169236.281932985,40,2791.6,2830.4,2266,0,0,738650.34354493,0,0,0
169236.321932052,40,2842.4,2726.8,2219,0,0,738650.343545393,0,0,0
169236.361931118,40,2857,2630.8,2187.6,0,0,738650.343545855,0,0,0
169236.401930184,40,2822.6,2535,2163,0,0,738650.343546318,0,0,0
169236.441929251,40,2783.2,2457,2137.4,0,0,738650.343546781,0,0,0
169236.481928317,40,2795.6,2403.4,2120.2,0,0,738650.343547244,0,0,0
169236.521927384,40,2784,2362.2,2103.4,0,0,738650.343547707,0,0,0
169236.56192645,40,2771.4,2321.4,2093.2,0,0,738650.34354817,0,0,0
169236.601925516,40,2740.4,2295.2,2078.2,0,0,738650.343548633,0,0,0
169236.641924583,40,2721.2,2279.2,2074.8,0,0,738650.343549096,0,0,0
169236.681923649,40,2721,2276,2076,0,0,738650.343549559,0,0,0
169236.721922716,40,2743.8,2286.2,2079.4,0,0,738650.343550022,0,0,0
169236.761921782,40,2788.2,2314.4,2087.8,0,0,738650.343550485,0,0,0
169236.801920848,40,2852.4,2364.4,2100.8,0,0,738650.343550948,0,0,0
169236.841919915,40,2924,2453.6,2122.8,0,0,738650.343551411,0,0,0
169236.881918981,40,2958.6,2585,2162.4,0,0,738650.343551874,0,0,0
169236.921918048,40,2892,2742.8,2218.2,0,0,738650.343552337,0,0,0
169236.961917114,40,2758.4,2890,2293,0,0,738650.3435528,0,0,0
169237.00191618,40,2626,2985.8,2380.8,0,0,738650.343553263,0,0,0
169237.041915247,40,2537,3005.6,2444,0,0,738650.343553726,0,0,0
169237.081914313,40,2556.4,3025.2,2438.4,0,0,738650.343554189,0,0,0
169237.121913379,40,2647.8,2992,2372.4,0,0,738650.343554652,0,0,0
169237.161912446,40,2758.6,2904.6,2296.4,0,0,738650.343555115,0,0,0
169237.201911512,40,2882,2763.4,2223.4,0,0,738650.343555578,0,0,0
169237.241910579,40,2960.6,2609.6,2167.2,0,0,738650.34355604,0,0,0
169237.281909645,40,2945.6,2470.8,2129,0,0,738650.343556503,0,0,0
169237.321908712,40,2869.6,2366.2,2102,0,0,738650.343556966,0,0,0
169237.361907778,40,2778.8,2299,2082.8,0,0,738650.343557429,0,0,0
169237.401906844,40,2689.4,2256.6,2068,0,0,738650.343557892,0,0,0
169237.441905911,40,2626,2231.4,2064.2,0,0,738650.343558355,0,0,0
169237.481904977,40,2607.6,2221.4,2063.8,0,0,738650.343558818,0,0,0
169237.521904044,40,2641,2232.8,2066.4,0,0,738650.343559281,0,0,0
169237.56190311,40,2699.8,2246,2065.8,0,0,738650.343559744,0,0,0
169237.601902176,40,2790,2279.2,2071.4,0,0,738650.343560207,0,0,0
169237.641901243,40,2899.6,2340.6,2085.6,0,0,738650.34356067,0,0,0
169237.681900309,40,2961,2435.4,2120.2,0,0,738650.343561133,0,0,0
169237.721899375,40,2981.2,2581,2159.2,0,0,738650.343561596,0,0,0
169237.761898442,40,2889.6,2764.4,2228.2,0,0,738650.343562059,0,0,0
169237.801897508,40,2715.6,2919.6,2319.6,0,0,738650.343562522,0,0,0
169237.841896575,40,2543.8,2996.8,2430.8,0,0,738650.343562985,0,0,0
169237.881895641,40,2431.4,2997.6,2541.2,0,0,738650.343563448,0,0,0
169237.921894708,40,2400.8,2999.8,2587.4,0,0,738650.343563911,0,0,0
169237.961893774,40,2460.8,3035.8,2531.4,0,0,738650.343564374,0,0,0
169238.00189284,40,2570.2,3037.2,2437.2,0,0,738650.343564837,0,0,0
169238.041891907,40,2723.4,2960.4,2326.6,0,0,738650.3435653,0,0,0
169238.081890973,40,2852.8,2801.8,2242,0,0,738650.343565763,0,0,0
169238.12189004,40,2926.8,2640.4,2183.4,0,0,738650.343566225,0,0,0
169238.161889106,40,2894,2503.2,2143.4,0,0,738650.343566688,0,0,0
169238.201888172,40,2843,2412.2,2119.2,0,0,738650.343567151,0,0,0
169238.241887239,40,2773.6,2348.6,2101.8,0,0,738650.343567614,0,0,0
169238.281886305,40,2711.2,2304.8,2087.2,0,0,738650.343568077,0,0,0
169238.321885372,40,2684.4,2269.8,2077.6,0,0,738650.34356854,0,0,0
169238.361884438,40,2663,2245.8,2071.2,0,0,738650.343569003,0,0,0
169238.401883504,40,2650.4,2226.2,2060,0,0,738650.343569466,0,0,0
169238.441882571,40,2651.4,2219,2057.8,0,0,738650.343569929,0,0,0
169238.481881637,40,2671.6,2220.8,2059.6,0,0,738650.343570392,0,0,0
169238.521880704,40,2725,2239,2066,0,0,738650.343570855,0,0,0
169238.56187977,40,2798.8,2276.2,2069.8,0,0,738650.343571318,0,0,0
169238.601878836,40,2888.8,2337.6,2086.8,0,0,738650.343571781,0,0,0
169238.641877903,40,2964.6,2439.8,2118.8,0,0,738650.343572244,0,0,0
169238.681876969,40,2993,2579.2,2158.8,0,0,738650.343572707,0,0,0
169238.721876036,40,2897.8,2744.8,2219.2,0,0,738650.34357317,0,0,0
169238.761875102,40,2732.8,2894.4,2302.8,0,0,738650.343573633,0,0,0
169238.801874168,40,2563.6,2985.4,2416.8,0,0,738650.343574096,0,0,0
169238.841873235,40,2422,3006.4,2564,0,0,738650.343574559,0,0,0
169238.881872301,40,2335,2962.8,2676.8,0,0,738650.343575021,0,0,0
169238.921871368,40,2338.2,2975.8,2700.6,0,0,738650.343575484,0,0,0
169238.961870434,40,2410.6,3020.8,2596.2,0,0,738650.343575947,0,0,0
169239.0018695,40,2535,3004.4,2447,0,0,738650.34357641,0,0,0
169239.041868567,40,2696.8,2927.4,2326,0,0,738650.343576873,0,0,0
169239.081867633,40,2875.6,2774.2,2229.6,0,0,738650.343577336,0,0,0
169239.1218667,40,2977.2,2590.8,2158.4,0,0,738650.343577799,0,0,0
169239.161865766,40,2961.6,2433.2,2114.6,0,0,738650.343578262,0,0,0
169239.201864832,40,2879.2,2329,2085.4,0,0,738650.343578725,0,0,0
169239.241863899,40,2767.8,2261.2,2066.4,0,0,738650.343579188,0,0,0
169239.281862965,40,2680.8,2221,2056,0,0,738650.343579651,0,0,0
169239.321862032,40,2638.4,2203.8,2053.6,0,0,738650.343580114,0,0,0
169239.361861098,40,2666.8,2211.6,2056.6,0,0,738650.343580577,0,0,0
169239.401860164,40,2719.6,2237.2,2063.8,0,0,738650.34358104,0,0,0
169239.441859231,40,2793.4,2273,2072.2,0,0,738650.343581503,0,0,0
169239.481858297,40,2885.6,2334.2,2092.2,0,0,738650.343581966,0,0,0
169239.521857364,40,2951.2,2426.8,2116,0,0,738650.343582429,0,0,0
169239.56185643,40,2958,2571.8,2160.2,0,0,738650.343582892,0,0,0
169239.601855496,40,2844.6,2734.2,2222.6,0,0,738650.343583355,0,0,0
169239.641854563,40,2662.4,2866.8,2320.2,0,0,738650.343583818,0,0,0
169239.681853629,40,2476,2918.4,2445.2,0,0,738650.343584281,0,0,0
169239.721852696,40,2337.8,2881.4,2596.2,0,0,738650.343584744,0,0,0
169239.761851762,40,2260.6,2833.2,2772.4,0,0,738650.343585206,0,0,0
169239.801850828,40,2236.8,2822.2,2857,0,0,738650.343585669,0,0,0
169239.841849895,40,2284.2,2911.8,2796.2,0,0,738650.343586132,0,0,0
169239.881848961,40,2389.4,3011,2613,0,0,738650.343586595,0,0,0
169239.921848028,40,2551.4,3007.6,2435.6,0,0,738650.343587058,0,0,0
169239.961847094,40,2732.4,2863.8,2291.6,0,0,738650.343587521,0,0,0
169240.00184616,40,2835.2,2670.6,2205.8,0,0,738650.343587984,0,0,0
169240.041845227,40,2846.6,2507,2152.8,0,0,738650.343588447,0,0,0
169240.081844293,40,2813,2398,2114.6,0,0,738650.34358891,0,0,0
169240.121843359,40,2744,2316.2,2090.8,0,0,738650.343589373,0,0,0
169240.161842426,40,2671.2,2261.2,2076.8,0,0,738650.343589836,0,0,0
169240.201841492,40,2607.6,2224.2,2059.6,0,0,738650.343590299,0,0,0
169240.241840559,40,2585.4,2210.2,2057.6,0,0,738650.343590762,0,0,0
169240.281839625,40,2616,2216.8,2058.4,0,0,738650.343591225,0,0,0
169240.321838692,40,2645.6,2225.8,2065.8,0,0,738650.343591688,0,0,0
169240.361837758,40,2697.2,2237.8,2064.6,0,0,738650.343592151,0,0,0
169240.401836824,40,2757.4,2264.6,2069.4,0,0,738650.343592614,0,0,0
169240.441835891,40,2854.4,2309.4,2079.6,0,0,738650.343593077,0,0,0
169240.481834957,40,2940.4,2396.4,2103.4,0,0,738650.34359354,0,0,0
169240.521834024,40,2987.4,2532.4,2146.4,0,0,738650.343594003,0,0,0
169240.56183309,40,2924.6,2716.6,2206.8,0,0,738650.343594466,0,0,0
169240.601832156,40,2764.8,2906,2297.8,0,0,738650.343594929,0,0,0
169240.641831223,40,2581,3021.4,2422.6,0,0,738650.343595391,0,0,0
169240.681830289,40,2428.8,3026.6,2569.8,0,0,738650.343595854,0,0,0
169240.721829355,40,2325.8,2956,2702.8,0,0,738650.343596317,0,0,0
169240.761828422,40,2284.8,2907.8,2776.8,0,0,738650.34359678,0,0,0
169240.801827488,40,2324.6,2962.8,2709.8,0,0,738650.343597243,0,0,0
169240.841826555,40,2425.4,3012.8,2566.8,0,0,738650.343597706,0,0,0
169240.881825621,40,2575.2,3021.4,2423,0,0,738650.343598169,0,0,0
169240.921824688,40,2748,2903,2304,0,0,738650.343598632,0,0,0
169240.961823754,40,2881,2734,2217.2,0,0,738650.343599095,0,0,0
169241.00182282,40,2921,2568.6,2159.4,0,0,738650.343599558,0,0,0
169241.041821887,40,2892.6,2439,2118.6,0,0,738650.343600021,0,0,0
169241.081820953,40,2837.4,2350.2,2098.4,0,0,738650.343600484,0,0,0
169241.121820019,40,2745.4,2284.6,2079.2,0,0,738650.343600947,0,0,0
169241.161819086,40,2663.2,2243,2064.2,0,0,738650.34360141,0,0,0
169241.201818152,40,2606.8,2212.8,2058,0,0,738650.343601873,0,0,0
169241.241817219,40,2601.6,2209.6,2053.2,0,0,738650.343602336,0,0,0
169241.281816285,40,2638.6,2218.4,2058.8,0,0,738650.343602799,0,0,0
169241.321815352,40,2718.6,2247.2,2064.8,0,0,738650.343603262,0,0,0
169241.361814418,40,2817.2,2302.6,2080,0,0,738650.343603725,0,0,0
169241.401813484,40,2938,2400.4,2107.6,0,0,738650.343604187,0,0,0
169241.441812551,40,2982.8,2546.2,2149.2,0,0,738650.34360465,0,0,0
169241.481811617,40,2913.6,2736.4,2212.2,0,0,738650.343605113,0,0,0
169241.521810684,40,2738.4,2910.6,2308.4,0,0,738650.343605576,0,0,0
169241.56180975,40,2554,3023.8,2435.8,0,0,738650.343606039,0,0,0
169241.601808816,40,2403.2,3019.2,2595,0,0,738650.343606502,0,0,0
169241.641807883,40,2322.6,2959.2,2728.6,0,0,738650.343606965,0,0,0
169241.681806949,40,2330.6,2963.8,2710.4,0,0,738650.343607428,0,0,0
169241.721806015,40,2405.6,3015.4,2592.6,0,0,738650.343607891,0,0,0
169241.761805082,40,2516,3023.2,2468.2,0,0,738650.343608354,0,0,0
169241.801804148,40,2658.6,2982.6,2361.2,0,0,738650.343608817,0,0,0
169241.841803215,40,2802.8,2874,2272.6,0,0,738650.34360928,0,0,0
169241.881802281,40,2901,2737.8,2209,0,0,738650.343609743,0,0,0
169241.921801348,40,2955.2,2622.2,2173.2,0,0,738650.343610206,0,0,0
169241.961800414,40,2959.6,2535.8,2145,0,0,738650.343610669,0,0,0
169242.00179948,40,2950.2,2482.4,2128.8,0,0,738650.343611132,0,0,0
169242.041798547,40,2930.8,2459,2123.8,0,0,738650.343611595,0,0,0
169242.081797613,40,2930,2448.2,2119.8,0,0,738650.343612058,0,0,0
169242.12179668,40,2935.8,2459.4,2122.4,0,0,738650.343612521,0,0,0
169242.161795746,40,2936.6,2474,2129.6,0,0,738650.343612984,0,0,0
169242.201794812,40,2923.2,2486,2135.2,0,0,738650.343613447,0,0,0
169242.241793879,40,2908,2487.4,2135.8,0,0,738650.34361391,0,0,0
169242.281792945,40,2880,2492,2135.6,0,0,738650.343614372,0,0,0
169242.321792011,40,2872,2496.8,2143.2,0,0,738650.343614835,0,0,0
169242.361791078,40,2872,2501,2144,0,0,738650.343615298,0,0,0
169242.401790144,40,2879,2512.4,2148,0,0,738650.343615761,0,0,0
169242.441789211,40,2880.2,2524.8,2151,0,0,738650.343616224,0,0,0
169242.481788277,40,2894.4,2536,2153.4,0,0,738650.343616687,0,0,0
169242.521787344,40,2901.6,2546.4,2154.4,0,0,738650.34361715,0,0,0
169242.56178641,40,2903,2553.4,2158.2,0,0,738650.343617613,0,0,0
169242.601785476,40,2904.4,2567.8,2162.4,0,0,738650.343618076,0,0,0
169242.641784543,40,2900.6,2573.8,2160.6,0,0,738650.343618539,0,0,0
169242.681783609,40,2890.6,2582,2166.8,0,0,738650.343619002,0,0,0
169242.721782676,40,2879.4,2589.4,2172.4,0,0,738650.343619465,0,0,0
169242.761781742,40,2866.4,2593.6,2172.6,0,0,738650.343619928,0,0,0
169242.801780808,40,2850.2,2597.8,2178.8,0,0,738650.343620391,0,0,0
169242.841779875,40,2835.6,2602,2180.6,0,0,738650.343620854,0,0,0
169242.881778941,40,2831.4,2607.6,2182.8,0,0,738650.343621317,0,0,0
169242.921778008,40,2831.8,2604,2184.4,0,0,738650.34362178,0,0,0
169242.961777074,40,2836.8,2601.4,2182.2,0,0,738650.343622243,0,0,0
169243.00177614,40,2850.2,2586,2175,0,0,738650.343622706,0,0,0
169243.041775207,40,2851.2,2545.2,2161.4,0,0,738650.343623169,0,0,0
169243.081774273,40,2839.6,2496.4,2147.6,0,0,738650.343623632,0,0,0
169243.121773339,40,2801.6,2452.6,2135,0,0,738650.343624095,0,0,0
169243.161772406,40,2749.4,2402,2124.2,0,0,738650.343624557,0,0,0
169243.201771472,40,2760.4,2372.4,2112.2,0,0,738650.34362502,0,0,0
169243.241770539,40,2761.4,2350.6,2105.2,0,0,738650.343625483,0,0,0
169243.281769605,40,2728.6,2348.6,2107.2,0,0,738650.343625946,0,0,0
169243.321768672,40,2755,2363.8,2107.6,0,0,738650.343626409,0,0,0
169243.361767738,40,2788.4,2384.4,2113.4,0,0,738650.343626872,0,0,0
169243.401766804,40,2824.2,2413.2,2120.8,0,0,738650.343627335,0,0,0
169243.441765871,40,2845.2,2444.4,2124.8,0,0,738650.343627798,0,0,0
169243.481764937,40,2843.4,2481.6,2143.2,0,0,738650.343628261,0,0,0
169243.521764004,40,2814.8,2514.4,2156.8,0,0,738650.343628724,0,0,0
169243.56176307,40,2787.2,2535.6,2169,0,0,738650.343629187,0,0,0
169243.601762136,40,2776.6,2546.2,2172,0,0,738650.34362965,0,0,0
169243.641761203,40,2774.4,2546.6,2176.8,0,0,738650.343630113,0,0,0
169243.681760269,40,2778.2,2552,2173.4,0,0,738650.343630576,0,0,0
169243.721759336,40,2771.2,2554.8,2180.4,0,0,738650.343631039,0,0,0
169243.761758402,40,2766.2,2561,2180,0,0,738650.343631502,0,0,0
169243.801757468,40,2768,2573,2182,0,0,738650.343631965,0,0,0
169243.841756535,40,2770.8,2579.4,2184.8,0,0,738650.343632428,0,0,0
169243.881755601,40,2776.6,2589.4,2190,0,0,738650.34363289,0,0,0
169243.921754668,40,2781.8,2594,2193.6,0,0,738650.343633353,0,0,0
169243.961753734,40,2778.4,2607.8,2195,0,0,738650.343633816,0,0,0
169244.0017528,40,2782.6,2613.2,2195.2,0,0,738650.343634279,0,0,0
169244.041751867,40,2780.4,2617.8,2200,0,0,738650.343634742,0,0,0
169244.081750933,40,2772.2,2621.6,2201,0,0,738650.343635205,0,0,0
169244.121749999,40,2767.2,2627.6,2205.4,0,0,738650.343635668,0,0,0
169244.161749066,40,2765,2642.8,2209.4,0,0,738650.343636131,0,0,0
169244.201748132,40,2759.8,2642.8,2213.2,0,0,738650.343636594,0,0,0
169244.241747199,40,2754.2,2648.8,2216.6,0,0,738650.343637057,0,0,0
169244.281746265,40,2760.4,2648.2,2212.2,0,0,738650.34363752,0,0,0
169244.321745332,40,2755.2,2628.6,2205.6,0,0,738650.343637983,0,0,0
169244.361744398,40,2771.2,2600.8,2197.8,0,0,738650.343638446,0,0,0
169244.401743464,40,2782.8,2561.2,2179.2,0,0,738650.343638909,0,0,0
169244.441742531,40,2787.8,2521,2165.6,0,0,738650.343639372,0,0,0
169244.481741597,40,2799,2483.8,2148.2,0,0,738650.343639835,0,0,0
169244.521740664,40,2807.4,2456.6,2136.6,0,0,738650.343640298,0,0,0
169244.56173973,40,2824,2441,2127.4,0,0,738650.343640761,0,0,0
169244.601738796,40,2836.4,2441,2127.4,0,0,738650.343641224,0,0,0
169244.641737863,40,2848.8,2455.2,2132.8,0,0,738650.343641687,0,0,0
169244.681736929,40,2858.6,2467.2,2135.8,0,0,738650.34364215,0,0,0
169244.721735995,40,2860.6,2476,2138.2,0,0,738650.343642613,0,0,0
169244.761735062,40,2869,2482.8,2138.4,0,0,738650.343643076,0,0,0
169244.801734128,40,2875.4,2490,2138.8,0,0,738650.343643538,0,0,0
169244.841733195,40,2879.6,2498.6,2145.4,0,0,738650.343644001,0,0,0
169244.881732261,40,2875.4,2507.2,2146.2,0,0,738650.343644464,0,0,0
169244.921731328,40,2880.8,2520.8,2149.8,0,0,738650.343644927,0,0,0
169244.961730394,40,2875.4,2531.2,2153.8,0,0,738650.34364539,0,0,0
169245.00172946,40,2872.4,2551,2160.2,0,0,738650.343645853,0,0,0
169245.041728527,40,2871.8,2579.2,2168.8,0,0,738650.343646316,0,0,0
169245.081727593,40,2864.6,2607.6,2179,0,0,738650.343646779,0,0,0
169245.12172666,40,2863.2,2623.4,2184.2,0,0,738650.343647242,0,0,0
169245.161725726,40,2867.6,2618.6,2184.6,0,0,738650.343647705,0,0,0
169245.201724792,40,2876.2,2620.4,2181.6,0,0,738650.343648168,0,0,0
169245.241723859,40,2866.6,2622.2,2185.4,0,0,738650.343648631,0,0,0
169245.281722925,40,2862,2621.2,2189.8,0,0,738650.343649094,0,0,0
169245.321721992,40,2853.2,2600.2,2180.4,0,0,738650.343649557,0,0,0
169245.361721058,40,2841.8,2553.8,2166,0,0,738650.34365002,0,0,0
169245.401720124,40,2820.8,2512.4,2159.6,0,0,738650.343650483,0,0,0
169245.441719191,40,2806.4,2477.8,2143.6,0,0,738650.343650946,0,0,0
169245.481718257,40,2796.6,2448,2134.8,0,0,738650.343651409,0,0,0
169245.521717324,40,2790.8,2435.6,2133.4,0,0,738650.343651872,0,0,0
169245.56171639,40,2804,2434,2130,0,0,738650.343652335,0,0,0
169245.601715456,40,2814.4,2441,2129.6,0,0,738650.343652798,0,0,0
169245.641714523,40,2837.8,2455.4,2132.2,0,0,738650.34365326,0,0,0
169245.681713589,40,2857.8,2469.8,2133.8,0,0,738650.343653723,0,0,0
169245.721712656,40,2882.8,2483,2131.8,0,0,738650.343654186,0,0,0
169245.761711722,40,2901,2493.8,2138.2,0,0,738650.343654649,0,0,0
169245.801710788,40,2911.4,2505.6,2142,0,0,738650.343655112,0,0,0
169245.841709855,40,2925.2,2521.2,2147.6,0,0,738650.343655575,0,0,0
169245.881708921,40,2931,2533.6,2147.8,0,0,738650.343656038,0,0,0
169245.921707988,40,2932.4,2540.2,2150.8,0,0,738650.343656501,0,0,0
169245.961707054,40,2928,2549.8,2152,0,0,738650.343656964,0,0,0
169246.00170612,40,2929.2,2564.8,2156.6,0,0,738650.343657427,0,0,0
169246.041705187,40,2928.2,2576.6,2162,0,0,738650.34365789,0,0,0
169246.081704253,40,2917.2,2592.4,2166.4,0,0,738650.343658353,0,0,0
169246.12170332,40,2906.6,2622.2,2178.2,0,0,738650.343658816,0,0,0
169246.161702386,40,2890.8,2668.6,2195,0,0,738650.343659279,0,0,0
169246.201701452,40,2849,2746.8,2223.8,0,0,738650.343659742,0,0,0
169246.241700519,40,2777.6,2828.2,2270,0,0,738650.343660205,0,0,0
169246.281699585,40,2699.6,2900.2,2316,0,0,738650.343660668,0,0,0
169246.321698652,40,2630.2,2941.6,2363.8,0,0,738650.343661131,0,0,0
169246.361697718,40,2586.4,2938.2,2382.4,0,0,738650.343661594,0,0,0
169246.401696784,40,2576.8,2891.6,2367.8,0,0,738650.343662056,0,0,0
169246.441695851,40,2587,2843.2,2342.2,0,0,738650.343662519,0,0,0
169246.481694917,40,2601.8,2785.4,2309.4,0,0,738650.343662982,0,0,0
169246.521693984,40,2644.2,2747.4,2280.4,0,0,738650.343663445,0,0,0
169246.56169305,40,2686,2696,2246,0,0,738650.343663908,0,0,0
169246.601692116,40,2733,2644.2,2219.2,0,0,738650.343664371,0,0,0
169246.641691183,40,2768.6,2599.6,2192.4,0,0,738650.343664834,0,0,0
169246.681690249,40,2803.8,2563.6,2175.2,0,0,738650.343665297,0,0,0
169246.721689316,40,2838.2,2535,2159.8,0,0,738650.34366576,0,0,0
169246.761688382,40,2854.2,2508.4,2151.2,0,0,738650.343666223,0,0,0
169246.801687448,40,2873.6,2504.6,2145,0,0,738650.343666686,0,0,0
169246.841686515,40,2884.8,2511.4,2146.2,0,0,738650.343667149,0,0,0
169246.881685581,40,2890.2,2530.6,2151.8,0,0,738650.343667612,0,0,0
169246.921684648,40,2888.2,2546.6,2155.4,0,0,738650.343668075,0,0,0
169246.961683714,40,2896.2,2559.2,2160.4,0,0,738650.343668538,0,0,0
169247.00168278,40,2904,2572.2,2165.6,0,0,738650.343669001,0,0,0
169247.041681847,40,2923.4,2584,2165,0,0,738650.343669464,0,0,0
169247.081680913,40,2926.2,2604.4,2163,0,0,738650.343669927,0,0,0
169247.121679979,40,2931.4,2620.8,2174,0,0,738650.34367039,0,0,0
169247.161679046,40,2918,2652,2185,0,0,738650.343670853,0,0,0
169247.201678112,40,2903.6,2708,2204.8,0,0,738650.343671316,0,0,0
169247.241677179,40,2858.6,2767.8,2232,0,0,738650.343671779,0,0,0
169247.281676245,40,2790.2,2815.6,2261.4,0,0,738650.343672241,0,0,0
169247.321675312,40,2717,2819,2286.2,0,0,738650.343672704,0,0,0
169247.361674378,40,2660.4,2786.2,2288.4,0,0,738650.343673167,0,0,0
169247.401673444,40,2634.6,2751.4,2284.8,0,0,738650.34367363,0,0,0
169247.441672511,40,2630.4,2753.2,2288.6,0,0,738650.343674093,0,0,0
169247.481671577,40,2630.8,2753.8,2294.2,0,0,738650.343674556,0,0,0
169247.521670644,40,2650,2787.6,2293.6,0,0,738650.343675019,0,0,0
169247.56166971,40,2664.8,2813.8,2296.4,0,0,738650.343675482,0,0,0
169247.601668776,40,2679,2847.8,2304.4,0,0,738650.343675945,0,0,0
169247.641667843,40,2698.6,2868.8,2306.2,0,0,738650.343676408,0,0,0
169247.681666909,40,2729.6,2864.8,2296,0,0,738650.343676871,0,0,0
169247.721665975,40,2782.2,2821,2267.6,0,0,738650.343677334,0,0,0
169247.761665042,40,2808.2,2733.2,2227.8,0,0,738650.343677797,0,0,0
169247.801664108,40,2814.6,2631.6,2194.6,0,0,738650.34367826,0,0,0
169247.841663175,40,2801.2,2548.6,2167,0,0,738650.343678723,0,0,0
169247.881662241,40,2764.2,2482,2151.6,0,0,738650.343679186,0,0,0
169247.921661308,40,2813.6,2454.8,2134.6,0,0,738650.343679649,0,0,0
169247.961660374,40,2831.2,2432.8,2125.6,0,0,738650.343680112,0,0,0
169248.00165944,40,2850.2,2427.6,2119.8,0,0,738650.343680575,0,0,0
169248.041658507,40,2881.6,2441.2,2119.6,0,0,738650.343681038,0,0,0
169248.081657573,40,2898.4,2457,2125.8,0,0,738650.343681501,0,0,0
169248.12165664,40,2906.8,2473.8,2129,0,0,738650.343681964,0,0,0
169248.161655706,40,2905.4,2475.6,2136,0,0,738650.343682426,0,0,0
169248.201654772,40,2904.6,2488.8,2133.2,0,0,738650.343682889,0,0,0
169248.241653839,40,2898.8,2497.8,2141.6,0,0,738650.343683352,0,0,0
169248.281652905,40,2898.6,2519.4,2149.6,0,0,738650.343683815,0,0,0
169248.321651972,40,2892.8,2559.8,2161.6,0,0,738650.343684278,0,0,0
169248.361651038,40,2880.4,2621.6,2181.8,0,0,738650.343684741,0,0,0
169248.401650104,40,2848.2,2694.4,2214.6,0,0,738650.343685204,0,0,0
169248.441649171,40,2797.2,2773.2,2247.4,0,0,738650.343685667,0,0,0
169248.481648237,40,2734.4,2830,2282.2,0,0,738650.34368613,0,0,0
169248.521647304,40,2699.4,2845.2,2299.4,0,0,738650.343686593,0,0,0
169248.56164637,40,2690.8,2793,2281.4,0,0,738650.343687056,0,0,0
169248.601645436,40,2702,2727.6,2254.6,0,0,738650.343687519,0,0,0
169248.641644503,40,2732.8,2669.2,2226,0,0,738650.343687982,0,0,0
169248.681643569,40,2754.4,2590,2195.2,0,0,738650.343688445,0,0,0
169248.721642636,40,2801.2,2525.6,2161.4,0,0,738650.343688908,0,0,0
169248.761641702,40,2817.4,2457.8,2135.6,0,0,738650.343689371,0,0,0
169248.801640768,40,2834.4,2411.8,2112.2,0,0,738650.343689834,0,0,0
169248.841639835,40,2840,2367,2101,0,0,738650.343690297,0,0,0
169248.881638901,40,2828.6,2335,2090.6,0,0,738650.34369076,0,0,0
169248.921637968,40,2813,2317.6,2086.6,0,0,738650.343691222,0,0,0
169248.961637034,40,2794.6,2305.2,2079.2,0,0,738650.343691685,0,0,0
169249.0016361,40,2785.6,2294.6,2078.2,0,0,738650.343692148,0,0,0
169249.041635167,40,2771.6,2280.2,2077.4,0,0,738650.343692611,0,0,0
169249.081634233,40,2749.6,2272.4,2071.6,0,0,738650.343693074,0,0,0
169249.1216333,40,2737,2263.4,2071,0,0,738650.343693537,0,0,0
169249.161632366,40,2715.4,2255.2,2068.8,0,0,738650.343694,0,0,0
169249.201631432,40,2698,2241.6,2065.8,0,0,738650.343694463,0,0,0
169249.241630499,40,2686.2,2240.6,2065.8,0,0,738650.343694926,0,0,0
169249.281629565,40,2682.8,2241.8,2063.8,0,0,738650.343695389,0,0,0
169249.321628632,40,2696,2254,2069.8,0,0,738650.343695852,0,0,0
169249.361627698,40,2729.4,2271,2075.6,0,0,738650.343696315,0,0,0
169249.401626764,40,2776,2305.8,2083.2,0,0,738650.343696778,0,0,0
169249.460625387,59,2856.2,2388.2,2111.6,0,0,738650.343697461,0,0,0
169249.709619576,249,2759.2,2688.2,2227.8,0,0,738650.343700343,0,0,0
169249.938614231,229,2808.4,2607.2,2189.4,0,0,738650.343702993,0,0,0
169250.303605712,365,2781.8,2592,2190.2,0,0,738650.343707217,0,0,0
169250.524600554,221,2780.2,2593.6,2190.6,0,0,738650.343709775,0,0,0
169250.57359941,49,2780.8,2598,2192.8,0,0,738650.343710342,0,0,0
169250.613598476,40,2778.2,2600.2,2193.2,0,0,738650.343710805,0,0,0
169250.653597543,40,2778.8,2607.6,2195.4,0,0,738650.343711268,0,0,0
169250.693596609,40,2774.2,2609.2,2200,0,0,738650.343711731,0,0,0
169250.733595675,40,2775.8,2619,2202.8,0,0,738650.343712194,0,0,0
169250.773594742,40,2767.8,2623,2202.6,0,0,738650.343712657,0,0,0
169250.813593808,40,2762.2,2625,2208.4,0,0,738650.34371312,0,0,0
169250.853592875,40,2761.6,2632.2,2207.8,0,0,738650.343713583,0,0,0
169250.893591941,40,2761.8,2639.6,2209.6,0,0,738650.343714046,0,0,0
169250.933591007,40,2762,2644,2213.2,0,0,738650.343714509,0,0,0
169250.973590074,40,2759,2652.6,2213.2,0,0,738650.343714972,0,0,0
169251.01358914,40,2762.2,2662.8,2219,0,0,738650.343715435,0,0,0
169251.053588207,40,2757.2,2667.2,2223,0,0,738650.343715898,0,0,0
169251.093587273,40,2762.6,2674.2,2223,0,0,738650.343716361,0,0,0
169251.133586339,40,2754.8,2683.4,2225.4,0,0,738650.343716824,0,0,0
169251.173585406,40,2748,2690.8,2231,0,0,738650.343717287,0,0,0
169251.213584472,40,2738.6,2694.8,2233.4,0,0,738650.34371775,0,0,0
169251.253583539,40,2735,2684.2,2229.2,0,0,738650.343718213,0,0,0
169251.293582605,40,2757.4,2650.6,2214.8,0,0,738650.343718676,0,0,0
169251.333581671,40,2791.4,2599.6,2188.8,0,0,738650.343719139,0,0,0
169251.373580738,40,2823.2,2538,2168,0,0,738650.343719602,0,0,0
169251.413579804,40,2835.6,2472.6,2140.4,0,0,738650.343720064,0,0,0
169251.453578871,40,2821.4,2406,2119.2,0,0,738650.343720527,0,0,0
169251.493577937,40,2789.6,2350.6,2095.8,0,0,738650.34372099,0,0,0
169251.533577003,40,2741,2298.6,2083.4,0,0,738650.343721453,0,0,0
169251.57357607,40,2682.4,2260.4,2072.8,0,0,738650.343721916,0,0,0
169251.613575136,40,2647.6,2236.2,2066.6,0,0,738650.343722379,0,0,0
169251.653574203,40,2626.4,2223.2,2064.2,0,0,738650.343722842,0,0,0
169251.693573269,40,2647.6,2227.2,2061.8,0,0,738650.343723305,0,0,0
169251.733572335,40,2702.2,2247.4,2067.6,0,0,738650.343723768,0,0,0
169251.773571402,40,2772.4,2287.2,2078,0,0,738650.343724231,0,0,0
169251.813570468,40,2837,2352.2,2093.8,0,0,738650.343724694,0,0,0
169251.853569535,40,2878.4,2440.2,2123,0,0,738650.343725157,0,0,0
169251.893568601,40,2851.4,2553.4,2165.4,0,0,738650.34372562,0,0,0
169251.933567667,40,2769.2,2653.4,2216.8,0,0,738650.343726083,0,0,0
169251.973566734,40,2671.8,2750.6,2272.8,0,0,738650.343726546,0,0,0
169252.0135658,40,2586.4,2808.6,2329.8,0,0,738650.343727009,0,0,0
169252.053564867,40,2555.6,2816.4,2347.2,0,0,738650.343727472,0,0,0
169252.093563933,40,2598,2786.6,2318.2,0,0,738650.343727935,0,0,0
169252.133562999,40,2669,2735,2267.2,0,0,738650.343728398,0,0,0
169252.173562066,40,2748,2645.6,2212.4,0,0,738650.34372886,0,0,0
169252.213561132,40,2818.6,2545.8,2168.8,0,0,738650.343729323,0,0,0
169252.253560199,40,2828.4,2442.8,2131.2,0,0,738650.343729786,0,0,0
169252.293559265,40,2821.4,2360.6,2103.2,0,0,738650.343730249,0,0,0
169252.333558331,40,2763,2297.4,2082.6,0,0,738650.343730712,0,0,0
169252.373557398,40,2695,2245.8,2063.2,0,0,738650.343731175,0,0,0
169252.413556464,40,2636.6,2222.4,2059.4,0,0,738650.343731638,0,0,0
169252.453555531,40,2598.2,2204.8,2056,0,0,738650.343732101,0,0,0
169252.493554597,40,2616,2219.4,2059.4,0,0,738650.343732564,0,0,0
169252.533553663,40,2642.2,2234,2068,0,0,738650.343733027,0,0,0
169252.57355273,40,2697.8,2268.6,2072,0,0,738650.34373349,0,0,0
169252.613551796,40,2763.6,2319.6,2090.4,0,0,738650.343733953,0,0,0
169252.653550863,40,2844.4,2392.6,2113.2,0,0,738650.343734416,0,0,0
169252.693549929,40,2876,2483.8,2138,0,0,738650.343734879,0,0,0
169252.733548995,40,2866.6,2584.6,2175,0,0,738650.343735342,0,0,0
169252.773548062,40,2829,2676,2209.6,0,0,738650.343735805,0,0,0
169252.813547128,40,2793.6,2714.6,2229.4,0,0,738650.343736268,0,0,0
169252.853546195,40,2776.6,2669.8,2221.6,0,0,738650.343736731,0,0,0
169252.893545261,40,2776.8,2616.2,2199.8,0,0,738650.343737194,0,0,0
169252.933544327,40,2784.8,2564.8,2181.2,0,0,738650.343737657,0,0,0
169252.973543394,40,2806.2,2522.4,2162.2,0,0,738650.34373812,0,0,0
169253.01354246,40,2826.4,2485,2148.6,0,0,738650.343738583,0,0,0
169253.053541527,40,2828.8,2458,2137.2,0,0,738650.343739045,0,0,0
169253.093540593,40,2843.2,2442.4,2127.6,0,0,738650.343739508,0,0,0
169253.133539659,40,2858.8,2441.4,2123.4,0,0,738650.343739971,0,0,0
169253.173538726,40,2870.2,2450,2130.4,0,0,738650.343740434,0,0,0
169253.213537792,40,2875.8,2462.8,2133,0,0,738650.343740897,0,0,0
169253.253536859,40,2883.4,2475.4,2135,0,0,738650.34374136,0,0,0
169253.293535925,40,2881.2,2483.6,2139.6,0,0,738650.343741823,0,0,0
169253.333534991,40,2874.2,2488,2141.4,0,0,738650.343742286,0,0,0
169253.373534058,40,2874.6,2498.6,2145.2,0,0,738650.343742749,0,0,0
169253.413533124,40,2861.6,2504.8,2148.4,0,0,738650.343743212,0,0,0
169253.453532191,40,2845.6,2505.8,2150.4,0,0,738650.343743675,0,0,0
169253.493531257,40,2810.8,2508.6,2156.8,0,0,738650.343744138,0,0,0
169253.533530323,40,2810,2513.4,2157,0,0,738650.343744601,0,0,0
169253.57352939,40,2806.6,2519.2,2158.6,0,0,738650.343745064,0,0,0
169253.613528456,40,2822,2522.2,2158.2,0,0,738650.343745527,0,0,0
169253.653527523,40,2868.8,2537,2157.6,0,0,738650.34374599,0,0,0
169253.693526589,40,2904.6,2543.2,2152.4,0,0,738650.343746453,0,0,0
169253.733525655,40,2926.8,2535.2,2149.6,0,0,738650.343746916,0,0,0
169253.773524722,40,2934.2,2522.4,2145.6,0,0,738650.343747379,0,0,0
169253.813523788,40,2945.4,2514,2141.2,0,0,738650.343747842,0,0,0
169253.853522855,40,2940.6,2515.2,2141.6,0,0,738650.343748305,0,0,0
169253.893521921,40,2932.4,2529.8,2143.6,0,0,738650.343748768,0,0,0
169253.933520987,40,2932.4,2545.6,2152,0,0,738650.34374923,0,0,0
169253.973520054,40,2916.6,2552.4,2157,0,0,738650.343749693,0,0,0
169254.01351912,40,2903.4,2562.2,2160.2,0,0,738650.343750156,0,0,0
169254.053518187,40,2899.2,2575.4,2164,0,0,738650.343750619,0,0,0
169254.093517253,40,2902.4,2586,2169.4,0,0,738650.343751082,0,0,0
169254.133516319,40,2901.8,2601.8,2175,0,0,738650.343751545,0,0,0
169254.173515386,40,2898.2,2625,2183.4,0,0,738650.343752008,0,0,0
169254.213514452,40,2888.8,2652.8,2191.2,0,0,738650.343752471,0,0,0
169254.253513519,40,2875,2695.6,2208.6,0,0,738650.343752934,0,0,0
169254.293512585,40,2838.6,2756,2231.6,0,0,738650.343753397,0,0,0
169254.333511651,40,2776.6,2828,2268.8,0,0,738650.34375386,0,0,0
169254.373510718,40,2681.4,2905.8,2325.2,0,0,738650.343754323,0,0,0
169254.413509784,40,2579,2962.8,2394.6,0,0,738650.343754786,0,0,0
169254.453508851,40,2492.4,2968.6,2457.4,0,0,738650.343755249,0,0,0
169254.493507917,40,2447,2947.6,2491.4,0,0,738650.343755712,0,0,0
169254.533506983,40,2464,2931.4,2471.4,0,0,738650.343756175,0,0,0
169254.57350605,40,2506.4,2911.6,2422,0,0,738650.343756638,0,0,0
169254.613505116,40,2561.6,2887.6,2379.2,0,0,738650.343757101,0,0,0
169254.653504183,40,2627,2852.4,2325.8,0,0,738650.343757564,0,0,0
169254.693503249,40,2686.8,2799.8,2283.2,0,0,738650.343758026,0,0,0
169254.733502315,40,2740,2742.8,2246,0,0,738650.343758489,0,0,0
169254.773501382,40,2784.2,2711,2227,0,0,738650.343758952,0,0,0
169254.813500448,40,2816.2,2699.4,2215.4,0,0,738650.343759415,0,0,0
169254.853499515,40,2822.6,2716.8,2219.4,0,0,738650.343759878,0,0,0
169254.893498581,40,2825.6,2751.2,2229.8,0,0,738650.343760341,0,0,0
169254.933497647,40,2819.8,2773.8,2236.4,0,0,738650.343760804,0,0,0
169254.973496714,40,2821,2791,2244.4,0,0,738650.343761267,0,0,0
169255.01349578,40,2822.8,2802.6,2246.8,0,0,738650.34376173,0,0,0
169255.053494847,40,2836.6,2835,2256.6,0,0,738650.343762193,0,0,0
169255.093493913,40,2826,2839.2,2253.2,0,0,738650.343762656,0,0,0
169255.133492979,40,2819.2,2854.4,2266.6,0,0,738650.343763119,0,0,0
169255.173492046,40,2806.2,2866.8,2274.2,0,0,738650.343763582,0,0,0
169255.213491112,40,2793,2881.8,2283.4,0,0,738650.343764045,0,0,0
169255.253490179,40,2777.4,2892,2284.6,0,0,738650.343764508,0,0,0
169255.293489245,40,2757.8,2908.8,2302.6,0,0,738650.343764971,0,0,0
169255.333488311,40,2713.6,2953.4,2330.2,0,0,738650.343765434,0,0,0
169255.373487378,40,2627,3000.8,2386.2,0,0,738650.343765897,0,0,0
169255.413486444,40,2527.6,3035,2465.2,0,0,738650.34376636,0,0,0
169255.453485511,40,2436.4,3028.2,2562.8,0,0,738650.343766823,0,0,0
169255.493484577,40,2378.8,2970,2602.2,0,0,738650.343767286,0,0,0
169255.533483643,40,2374.2,2860.8,2535.6,0,0,738650.343767749,0,0,0
169255.57348271,40,2403.8,2822,2471,0,0,738650.343768211,0,0,0
169255.613481776,40,2516.8,2862.2,2389,0,0,738650.343768674,0,0,0
169255.653480843,40,2676.8,2870,2313,0,0,738650.343769137,0,0,0
169255.693479909,40,2829.8,2807.4,2249.6,0,0,738650.3437696,0,0,0
169255.733478975,40,2919,2702.4,2198.2,0,0,738650.343770063,0,0,0
169255.773478042,40,2964.6,2613.8,2166.8,0,0,738650.343770526,0,0,0
169255.813477108,40,2986.6,2545.2,2146.2,0,0,738650.343770989,0,0,0
169255.853476175,40,2989.4,2501.4,2132.6,0,0,738650.343771452,0,0,0
169255.893475241,40,2954,2470.4,2122.4,0,0,738650.343771915,0,0,0
169255.933474307,40,2934.6,2458.2,2125.8,0,0,738650.343772378,0,0,0
169255.973473374,40,2912,2457.8,2127.8,0,0,738650.343772841,0,0,0
169256.01347244,40,2884.2,2465.2,2135.8,0,0,738650.343773304,0,0,0
169256.053471507,40,2857.6,2468.8,2134,0,0,738650.343773767,0,0,0
169256.093470573,40,2842,2465.8,2135.6,0,0,738650.34377423,0,0,0
169256.133469639,40,2858.6,2477,2137.2,0,0,738650.343774693,0,0,0
169256.173468706,40,2893.8,2496,2139.8,0,0,738650.343775156,0,0,0
169256.213467772,40,2929.4,2508.6,2143.2,0,0,738650.343775619,0,0,0
169256.253466839,40,2956.2,2521.6,2141.2,0,0,738650.343776082,0,0,0
169256.293465905,40,2969,2537.4,2145.4,0,0,738650.343776545,0,0,0
169256.333464971,40,2987.6,2547.4,2147,0,0,738650.343777008,0,0,0
169256.373464038,40,2989,2553.6,2148.2,0,0,738650.343777471,0,0,0
169256.413463104,40,2992,2565.4,2149.4,0,0,738650.343777934,0,0,0
169256.453462171,40,2964.4,2570,2153.8,0,0,738650.343778396,0,0,0
169256.493461237,40,2969.6,2577.6,2156.2,0,0,738650.343778859,0,0,0
169256.533460303,40,2932,2573.4,2166,0,0,738650.343779322,0,0,0
169256.57345937,40,2924.4,2581.8,2163.8,0,0,738650.343779785,0,0,0
169256.613458436,40,2921.4,2589.8,2165.6,0,0,738650.343780248,0,0,0
169256.653457503,40,2926.6,2599.6,2171.6,0,0,738650.343780711,0,0,0
169256.693456569,40,2925.4,2612.4,2171,0,0,738650.343781174,0,0,0
169256.733455635,40,2919.8,2615.6,2176.4,0,0,738650.343781637,0,0,0
169256.773454702,40,2912.8,2624,2177.4,0,0,738650.3437821,0,0,0
169256.813453768,40,2903.4,2629.2,2182.2,0,0,738650.343782563,0,0,0
169256.853452835,40,2890,2630.4,2180.8,0,0,738650.343783026,0,0,0
169256.893451901,40,2889.4,2641,2190,0,0,738650.343783489,0,0,0
169256.933450967,40,2871.4,2640.2,2190.8,0,0,738650.343783952,0,0,0
169256.973450034,40,2861,2649.4,2196,0,0,738650.343784415,0,0,0
169257.0134491,40,2856.8,2654.4,2195.4,0,0,738650.343784878,0,0,0
169257.053448167,40,2848.8,2662.8,2202.6,0,0,738650.343785341,0,0,0
169257.093447233,40,2846.2,2665.6,2204.4,0,0,738650.343785804,0,0,0
169257.133446299,40,2850,2675,2202.2,0,0,738650.343786267,0,0,0
169257.173445366,40,2845.2,2685.2,2207.2,0,0,738650.343786729,0,0,0
169257.213444432,40,2847.8,2697.6,2208.2,0,0,738650.343787192,0,0,0
169257.253443499,40,2842.2,2703,2212.6,0,0,738650.343787655,0,0,0
169257.293442565,40,2840.8,2711.4,2216.6,0,0,738650.343788118,0,0,0
169257.333441631,40,2827.2,2712.4,2218.8,0,0,738650.343788581,0,0,0
169257.373440698,40,2820.2,2717.6,2224.2,0,0,738650.343789044,0,0,0
169257.413439764,40,2819,2726.6,2224.8,0,0,738650.343789507,0,0,0
169257.453438831,40,2810.8,2733.2,2230.8,0,0,738650.34378997,0,0,0
169257.493437897,40,2799.6,2738.2,2233.6,0,0,738650.343790433,0,0,0
169257.533436963,40,2797.8,2739.8,2234.6,0,0,738650.343790896,0,0,0
169257.57343603,40,2790.2,2721.8,2235.4,0,0,738650.343791359,0,0,0
169257.613435096,40,2792.6,2692.4,2223,0,0,738650.343791822,0,0,0
169257.653434163,40,2801.8,2645.6,2206.4,0,0,738650.343792285,0,0,0
169257.693433229,40,2808.2,2597.2,2185.8,0,0,738650.343792748,0,0,0
169257.733432295,40,2821.8,2561,2172.6,0,0,738650.343793211,0,0,0
169257.773431362,40,2841.4,2548.2,2162,0,0,738650.343793674,0,0,0
169257.813430428,40,2865.4,2556.6,2162,0,0,738650.343794137,0,0,0
169257.853429495,40,2878.2,2584.8,2172.2,0,0,738650.3437946,0,0,0
169257.893428561,40,2892,2617.8,2182.2,0,0,738650.343795063,0,0,0
169257.933427627,40,2893,2642.2,2186,0,0,738650.343795526,0,0,0
169257.973426694,40,2884.6,2670.6,2197.8,0,0,738650.343795989,0,0,0
169258.01342576,40,2862.4,2706.6,2213.8,0,0,738650.343796452,0,0,0
169258.053424827,40,2822.8,2751.6,2235.6,0,0,738650.343796914,0,0,0
169258.093423893,40,2757.8,2795.8,2266.4,0,0,738650.343797377,0,0,0
169258.133422959,40,2676.6,2841.4,2305.2,0,0,738650.34379784,0,0,0
169258.173422026,40,2594.6,2867.6,2352.4,0,0,738650.343798303,0,0,0
169258.213421092,40,2513.2,2877,2401.4,0,0,738650.343798766,0,0,0
169258.253420159,40,2452.6,2881.2,2453,0,0,738650.343799229,0,0,0
169258.293419225,40,2416,2879.8,2490.6,0,0,738650.343799692,0,0,0
169258.333418291,40,2405.2,2883,2505.2,0,0,738650.343800155,0,0,0
169258.373417358,40,2431,2891.8,2481.4,0,0,738650.343800618,0,0,0
169258.413416424,40,2494.6,2899.6,2426.2,0,0,738650.343801081,0,0,0
169258.453415491,40,2599.6,2883.8,2350.4,0,0,738650.343801544,0,0,0
169258.493414557,40,2721.8,2821,2279.8,0,0,738650.343802007,0,0,0
169258.533413623,40,2828,2728,2221.6,0,0,738650.34380247,0,0,0
169258.57341269,40,2895.8,2630,2181.2,0,0,738650.343802933,0,0,0
169258.613411756,40,2924,2557.8,2155.6,0,0,738650.343803396,0,0,0
169258.653410823,40,2934,2520,2142.8,0,0,738650.343803859,0,0,0
169258.693409889,40,2941.2,2525.8,2147.4,0,0,738650.343804322,0,0,0
169258.733408955,40,2942.8,2561.2,2155.6,0,0,738650.343804785,0,0,0
169258.773408022,40,2926.2,2600.8,2168.2,0,0,738650.343805248,0,0,0
169258.813407088,40,2898.2,2650.2,2189.8,0,0,738650.343805711,0,0,0
169258.853406155,40,2850.4,2699,2215,0,0,738650.343806174,0,0,0
169258.893405221,40,2779.4,2750.8,2242.2,0,0,738650.343806637,0,0,0
169258.933404287,40,2685,2803.4,2288,0,0,738650.3438071,0,0,0
169258.973403354,40,2581.6,2845.6,2348.2,0,0,738650.343807562,0,0,0
169259.01340242,40,2485.2,2874.6,2419.6,0,0,738650.343808025,0,0,0
169259.053401487,40,2421.2,2889.8,2486.4,0,0,738650.343808488,0,0,0
169259.093400553,40,2411.6,2916.4,2518.6,0,0,738650.343808951,0,0,0
169259.133399619,40,2466.8,2972,2489.4,0,0,738650.343809414,0,0,0
169259.173398686,40,2575.4,2978.2,2407.8,0,0,738650.343809877,0,0,0
169259.213397752,40,2736.4,2899,2305,0,0,738650.34381034,0,0,0
169259.253396819,40,2888.2,2736.8,2218.8,0,0,738650.343810803,0,0,0
169259.293395885,40,2943.8,2557.4,2153.2,0,0,738650.343811266,0,0,0
169259.333394951,40,2899.4,2429.4,2118.6,0,0,738650.343811729,0,0,0
169259.373394018,40,2838.6,2346.2,2094.2,0,0,738650.343812192,0,0,0
169259.413393084,40,2779,2297.6,2078.6,0,0,738650.343812655,0,0,0
169259.453392151,40,2746.8,2275.6,2075.6,0,0,738650.343813118,0,0,0
169259.493391217,40,2752.4,2273.4,2073.8,0,0,738650.343813581,0,0,0
169259.533390283,40,2780.6,2290.8,2075.8,0,0,738650.343814044,0,0,0
169259.57338935,40,2831.8,2320.6,2083.4,0,0,738650.343814507,0,0,0
169259.613388416,40,2880.2,2364.8,2097.6,0,0,738650.34381497,0,0,0
169259.653387483,40,2926.6,2424.4,2116.2,0,0,738650.343815433,0,0,0
169259.693386549,40,2946,2507.6,2142.6,0,0,738650.343815895,0,0,0
169259.733385615,40,2910.4,2614.8,2175.4,0,0,738650.343816358,0,0,0
169259.773384682,40,2834.8,2725.4,2225.2,0,0,738650.343816821,0,0,0
169259.813383748,40,2733.2,2817.6,2279.6,0,0,738650.343817284,0,0,0
169259.853382815,40,2636.2,2862.8,2329,0,0,738650.343817747,0,0,0
169259.893381881,40,2584,2869.6,2358.2,0,0,738650.34381821,0,0,0
169259.933380947,40,2592.2,2838.2,2340.6,0,0,738650.343818673,0,0,0
169259.973380014,40,2623.2,2807.2,2311.8,0,0,738650.343819136,0,0,0
169260.01337908,40,2670.6,2775.2,2283.6,0,0,738650.343819599,0,0,0
169260.053378147,40,2711.4,2722.6,2254.8,0,0,738650.343820062,0,0,0
169260.093377213,40,2758.8,2671.2,2221.6,0,0,738650.343820525,0,0,0
169260.133376279,40,2781,2616.6,2197.6,0,0,738650.343820988,0,0,0
169260.173375346,40,2810,2567.2,2176.2,0,0,738650.343821451,0,0,0
169260.213374412,40,2810,2518.4,2158.6,0,0,738650.343821914,0,0,0
169260.253373479,40,2832.8,2497.6,2148.6,0,0,738650.343822377,0,0,0
169260.293372545,40,2851,2487.6,2140.4,0,0,738650.34382284,0,0,0
169260.333371611,40,2869.2,2490.6,2142,0,0,738650.343823303,0,0,0
169260.373370678,40,2886,2513,2142.8,0,0,738650.343823766,0,0,0
169260.413369744,40,2903.2,2534,2152.8,0,0,738650.343824229,0,0,0
169260.453368811,40,2910.8,2548.8,2154.2,0,0,738650.343824692,0,0,0
169260.493367877,40,2912.8,2562.4,2156.6,0,0,738650.343825155,0,0,0
169260.533366943,40,2905.4,2576.8,2165.6,0,0,738650.343825618,0,0,0
169260.57336601,40,2884.6,2612,2178.4,0,0,738650.34382608,0,0,0
169260.613365076,40,2845.4,2662.4,2201.6,0,0,738650.343826543,0,0,0
169260.653364143,40,2786,2718.8,2234.8,0,0,738650.343827006,0,0,0
169260.693363209,40,2715.4,2765.6,2264,0,0,738650.343827469,0,0,0
169260.733362275,40,2659.4,2801.2,2297.6,0,0,738650.343827932,0,0,0
169260.773361342,40,2633.6,2823,2316,0,0,738650.343828395,0,0,0
169260.813360408,40,2662.8,2804.6,2298.6,0,0,738650.343828858,0,0,0
169260.853359475,40,2722.6,2769.4,2269.6,0,0,738650.343829321,0,0,0
169260.893358541,40,2795.6,2701.2,2224.4,0,0,738650.343829784,0,0,0
169260.933357607,40,2862.2,2607.6,2185,0,0,738650.343830247,0,0,0
169260.973356674,40,2894.6,2508.8,2145.4,0,0,738650.34383071,0,0,0
169261.01335574,40,2883.8,2415.4,2116.2,0,0,738650.343831173,0,0,0
169261.053354807,40,2836,2348.8,2097.4,0,0,738650.343831636,0,0,0
169261.093353873,40,2794,2300.8,2083.4,0,0,738650.343832099,0,0,0
169261.133352939,40,2757.8,2278.6,2074.4,0,0,738650.343832562,0,0,0
169261.173352006,40,2750.4,2272.4,2074,0,0,738650.343833025,0,0,0
169261.213351072,40,2779.6,2293.6,2080.8,0,0,738650.343833488,0,0,0
169261.253350139,40,2815.8,2322.4,2087.6,0,0,738650.343833951,0,0,0
169261.293349205,40,2849,2366.6,2102.4,0,0,738650.343834414,0,0,0
169261.333348271,40,2884.6,2428.8,2121.2,0,0,738650.343834877,0,0,0
169261.373347338,40,2897.8,2513.6,2145,0,0,738650.34383534,0,0,0
169261.413346404,40,2866.6,2619,2184.8,0,0,738650.343835803,0,0,0
169261.453345471,40,2790.8,2744.2,2237.2,0,0,738650.343836265,0,0,0
169261.493344537,40,2671.4,2850.2,2312.8,0,0,738650.343836728,0,0,0
169261.533343603,40,2559.6,2916.2,2390.6,0,0,738650.343837191,0,0,0
169261.57334267,40,2551.2,2928.6,2406.2,0,0,738650.343837654,0,0,0
169261.613341736,40,2637.8,2887.8,2342.4,0,0,738650.343838117,0,0,0
169261.653340803,40,2747.6,2798.6,2268,0,0,738650.34383858,0,0,0
169261.693339869,40,2849.2,2687,2211.2,0,0,738650.343839043,0,0,0
169261.733338935,40,2899.2,2576.4,2165.4,0,0,738650.343839506,0,0,0
169261.773338002,40,2886,2480.2,2134.4,0,0,738650.343839969,0,0,0
169261.813337068,40,2861.6,2422.8,2118.4,0,0,738650.343840432,0,0,0
169261.853336135,40,2857.4,2401.6,2113,0,0,738650.343840895,0,0,0
169261.893335201,40,2855.4,2404.8,2111.6,0,0,738650.343841358,0,0,0
169261.933334267,40,2873.2,2436.4,2125.6,0,0,738650.343841821,0,0,0
169261.973333334,40,2866.4,2454.8,2129,0,0,738650.343842284,0,0,0
169262.0133324,40,2870.8,2473.4,2136,0,0,738650.343842747,0,0,0
169262.053331467,40,2878.6,2490.8,2140.6,0,0,738650.34384321,0,0,0
169262.093330533,40,2888.8,2510.8,2143.6,0,0,738650.343843673,0,0,0
169262.133329599,40,2889.6,2554.2,2161.6,0,0,738650.343844136,0,0,0
169262.173328666,40,2858.4,2641.4,2190.4,0,0,738650.343844599,0,0,0
169262.213327732,40,2751.8,2743,2245,0,0,738650.343845061,0,0,0
169262.253326799,40,2625.6,2827.8,2322.4,0,0,738650.343845524,0,0,0
169262.293325865,40,2530.4,2858,2387,0,0,738650.343845987,0,0,0
169262.333324931,40,2582.4,2856,2353.4,0,0,738650.34384645,0,0,0
169262.373323998,40,2715.2,2806.8,2283.2,0,0,738650.343846913,0,0,0
169262.413323064,40,2834.6,2693.8,2215,0,0,738650.343847376,0,0,0
169262.453322131,40,2908.8,2579.6,2164.6,0,0,738650.343847839,0,0,0
169262.493321197,40,2917.4,2481.2,2136.6,0,0,738650.343848302,0,0,0
169262.533320263,40,2908.6,2421.6,2116.8,0,0,738650.343848765,0,0,0
169262.57331933,40,2895.6,2406,2113.6,0,0,738650.343849228,0,0,0
169262.613318396,40,2908.4,2426,2118.2,0,0,738650.343849691,0,0,0
169262.653317463,40,2910.2,2463,2125.6,0,0,738650.343850154,0,0,0
169262.693316529,40,2901,2519,2147.8,0,0,738650.343850617,0,0,0
169262.733315595,40,2866.2,2609,2183,0,0,738650.34385108,0,0,0
169262.773314662,40,2771.6,2706,2233.4,0,0,738650.343851543,0,0,0
169262.813313728,40,2657.6,2792,2296.6,0,0,738650.343852006,0,0,0
169262.853312795,40,2571.8,2844.8,2354.2,0,0,738650.343852469,0,0,0
169262.893311861,40,2594.2,2825.8,2335.6,0,0,738650.343852932,0,0,0
169262.933310927,40,2682.6,2770.4,2276.8,0,0,738650.343853395,0,0,0
169262.973309994,40,2772.6,2687.2,2225.2,0,0,738650.343853858,0,0,0
169263.01330906,40,2838.2,2591.6,2177.4,0,0,738650.343854321,0,0,0
169263.053308127,40,2862,2528,2154.2,0,0,738650.343854784,0,0,0
169263.093307193,40,2867.4,2508.4,2144,0,0,738650.343855246,0,0,0
169263.133306259,40,2868.4,2539.6,2155.6,0,0,738650.343855709,0,0,0
169263.173305326,40,2851.2,2594.2,2176.6,0,0,738650.343856172,0,0,0
169263.213304392,40,2830,2654.6,2201.2,0,0,738650.343856635,0,0,0
169263.253303459,40,2774,2735.6,2239.6,0,0,738650.343857098,0,0,0
169263.293302525,40,2698.4,2833.6,2295.8,0,0,738650.343857561,0,0,0
169263.333301591,40,2595.4,2909.8,2367.2,0,0,738650.343858024,0,0,0
169263.373300658,40,2500.2,2951.2,2445,0,0,738650.343858487,0,0,0
169263.413299724,40,2470,2969.8,2485.4,0,0,738650.34385895,0,0,0
169263.453298791,40,2536.2,2977.8,2427.4,0,0,738650.343859413,0,0,0
169263.493297857,40,2673,2920.8,2338.6,0,0,738650.343859876,0,0,0
169263.533296923,40,2832.2,2815.2,2249.6,0,0,738650.343860339,0,0,0
169263.57329599,40,2946.2,2677,2188.4,0,0,738650.343860802,0,0,0
169263.613295056,40,2975.8,2553.6,2150,0,0,738650.343861265,0,0,0
169263.653294123,40,2979,2467.6,2124.6,0,0,738650.343861728,0,0,0
169263.693293189,40,2958.4,2421,2111,0,0,738650.343862191,0,0,0
169263.733292255,40,2973.2,2431.2,2111.4,0,0,738650.343862654,0,0,0
169263.773291322,40,2991.8,2471.4,2123.4,0,0,738650.343863117,0,0,0
169263.813290388,40,2955.4,2516.8,2139.8,0,0,738650.34386358,0,0,0
169263.853289455,40,2908.2,2600,2172.2,0,0,738650.343864043,0,0,0
169263.893288521,40,2807.6,2686.6,2220,0,0,738650.343864506,0,0,0
169263.933287587,40,2682.8,2753.6,2272.8,0,0,738650.343864969,0,0,0
169263.973286654,40,2585.2,2805.2,2333.4,0,0,738650.343865431,0,0,0
169264.01328572,40,2542,2849.6,2369.4,0,0,738650.343865894,0,0,0
169264.053284787,40,2594.4,2878.2,2353.4,0,0,738650.343866357,0,0,0
169264.093283853,40,2726,2879,2301.6,0,0,738650.34386682,0,0,0
169264.133282919,40,2860.4,2810.6,2242.2,0,0,738650.343867283,0,0,0
169264.173281986,40,2951.2,2686.2,2190.4,0,0,738650.343867746,0,0,0
169264.213281052,40,2981.4,2574,2155.8,0,0,738650.343868209,0,0,0
169264.253280119,40,2980.8,2480,2128,0,0,738650.343868672,0,0,0
169264.293279185,40,2962.2,2412.2,2109,0,0,738650.343869135,0,0,0
169264.333278251,40,2908.2,2364.6,2094.6,0,0,738650.343869598,0,0,0
169264.373277318,40,2846.8,2337.4,2093,0,0,738650.343870061,0,0,0
169264.413276384,40,2817.4,2328,2088.2,0,0,738650.343870524,0,0,0
169264.453275451,40,2792,2334.2,2094.4,0,0,738650.343870987,0,0,0
169264.493274517,40,2775.4,2343.2,2096.4,0,0,738650.34387145,0,0,0
169264.533273583,40,2787.6,2355,2100.8,0,0,738650.343871913,0,0,0
169264.57327265,40,2820.8,2368,2103.6,0,0,738650.343872376,0,0,0
169264.613271716,40,2866.8,2398.6,2111.6,0,0,738650.343872839,0,0,0
169264.653270783,40,2924,2444.8,2119.6,0,0,738650.343873302,0,0,0
169264.693269849,40,2942.2,2498.6,2137,0,0,738650.343873765,0,0,0
169264.733268915,40,2944.6,2585,2162.2,0,0,738650.343874227,0,0,0
169264.773267982,40,2897.4,2686.8,2199.4,0,0,738650.34387469,0,0,0
169264.813267048,40,2788.2,2799.2,2257.6,0,0,738650.343875153,0,0,0
169264.853266115,40,2659.6,2880.6,2326.2,0,0,738650.343875616,0,0,0
169264.893265181,40,2563.6,2865,2368,0,0,738650.343876079,0,0,0
169264.933264247,40,2572.2,2812,2340.8,0,0,738650.343876542,0,0,0
169264.973263314,40,2662.2,2738.4,2275.4,0,0,738650.343877005,0,0,0
169265.01326238,40,2780.2,2646.2,2208.6,0,0,738650.343877468,0,0,0
169265.053261447,40,2867,2557.4,2166.4,0,0,738650.343877931,0,0,0
169265.093260513,40,2905.4,2485,2132.8,0,0,738650.343878394,0,0,0
169265.133259579,40,2927.6,2428.4,2116.6,0,0,738650.343878857,0,0,0
169265.173258646,40,2926.2,2396,2105.4,0,0,738650.34387932,0,0,0
169265.213257712,40,2925.4,2382.6,2100.4,0,0,738650.343879783,0,0,0
169265.253256779,40,2926.8,2390.2,2101.4,0,0,738650.343880246,0,0,0
169265.293255845,40,2941.6,2413.4,2105.6,0,0,738650.343880709,0,0,0
169265.333254911,40,2949.4,2442.2,2118,0,0,738650.343881172,0,0,0
169265.373253978,40,2931.4,2465.4,2125.4,0,0,738650.343881635,0,0,0
169265.413253044,40,2911.6,2483,2133.4,0,0,738650.343882098,0,0,0
169265.453252111,40,2886.8,2494.2,2144.8,0,0,738650.343882561,0,0,0
169265.493251177,40,2861.8,2511,2148.8,0,0,738650.343883024,0,0,0
169265.533250243,40,2847.8,2541.4,2160.8,0,0,738650.343883487,0,0,0
169265.57324931,40,2851.8,2615.4,2186.4,0,0,738650.343883949,0,0,0
169265.613248376,40,2809.6,2728.2,2231.4,0,0,738650.343884412,0,0,0
169265.653247443,40,2689.6,2855.6,2304.8,0,0,738650.343884875,0,0,0
169265.693246509,40,2548.6,2922.8,2398.2,0,0,738650.343885338,0,0,0
169265.733245575,40,2441.4,2895.4,2472.4,0,0,738650.343885801,0,0,0
169265.773244642,40,2448.8,2873.2,2455.6,0,0,738650.343886264,0,0,0
169265.813243708,40,2527.4,2836.8,2375.4,0,0,738650.343886727,0,0,0
169265.853242775,40,2642.6,2772.4,2293.4,0,0,738650.34388719,0,0,0
169265.893241841,40,2763,2669.8,2220,0,0,738650.343887653,0,0,0
169265.933240907,40,2834.8,2554.2,2168,0,0,738650.343888116,0,0,0
169265.973239974,40,2871.8,2474.8,2135,0,0,738650.343888579,0,0,0
169266.01323904,40,2879.6,2439.6,2121.6,0,0,738650.343889042,0,0,0
169266.053238107,40,2905.4,2462.6,2127.8,0,0,738650.343889505,0,0,0
169266.093237173,40,2909.2,2501.8,2140.6,0,0,738650.343889968,0,0,0
169266.133236239,40,2900.6,2557,2158.2,0,0,738650.343890431,0,0,0
169266.173235306,40,2866,2637,2188.8,0,0,738650.343890894,0,0,0
169266.213234372,40,2787.4,2744.2,2238.4,0,0,738650.343891357,0,0,0
169266.253233439,40,2648.4,2840,2314.2,0,0,738650.34389182,0,0,0
169266.293232505,40,2502.6,2883.6,2415.4,0,0,738650.343892283,0,0,0
169266.333231571,40,2441.2,2917.8,2491.8,0,0,738650.343892746,0,0,0
169266.373230638,40,2507.6,2906.6,2424,0,0,738650.343893209,0,0,0
169266.413229704,40,2657.4,2868.8,2321.6,0,0,738650.343893672,0,0,0
169266.453228771,40,2814,2761.4,2237.2,0,0,738650.343894135,0,0,0
169266.493227837,40,2923.4,2617.4,2174.6,0,0,738650.343894597,0,0,0
169266.533226903,40,2964.6,2503.2,2133,0,0,738650.34389506,0,0,0
169266.57322597,40,2961.6,2435.2,2115.2,0,0,738650.343895523,0,0,0
169266.613225036,40,2960.2,2414,2106.4,0,0,738650.343895986,0,0,0
169266.653224103,40,2973.8,2446,2116,0,0,738650.343896449,0,0,0
169266.693223169,40,2991.4,2491.4,2130,0,0,738650.343896912,0,0,0
169266.733222235,40,2974.8,2564,2151.6,0,0,738650.343897375,0,0,0
169266.773221302,40,2953,2669,2188.6,0,0,738650.343897838,0,0,0
169266.813220368,40,2864.2,2795.4,2243.2,0,0,738650.343898301,0,0,0
169266.853219435,40,2711.6,2912.6,2318.2,0,0,738650.343898764,0,0,0
169266.893218501,40,2559.8,2958,2409.8,0,0,738650.343899227,0,0,0
169266.933217567,40,2525.2,2952.4,2427.2,0,0,738650.34389969,0,0,0
169266.973216634,40,2625,2880.4,2340.4,0,0,738650.343900153,0,0,0
169267.0132157,40,2751.8,2759.2,2252.6,0,0,738650.343900616,0,0,0
169267.053214767,40,2850,2627.6,2189.8,0,0,738650.343901079,0,0,0
169267.093213833,40,2892.2,2527.4,2152.2,0,0,738650.343901542,0,0,0
169267.133212899,40,2892,2470,2132.2,0,0,738650.343902005,0,0,0
169267.173211966,40,2880.2,2459.6,2129.4,0,0,738650.343902468,0,0,0
169267.213211032,40,2900.4,2497.8,2143,0,0,738650.343902931,0,0,0
169267.253210099,40,2874.2,2530.4,2154,0,0,738650.343903393,0,0,0
169267.293209165,40,2869.4,2593.8,2176,0,0,738650.343903856,0,0,0
169267.333208231,40,2833.8,2672.4,2205.6,0,0,738650.343904319,0,0,0
169267.373207298,40,2745,2785.8,2264.6,0,0,738650.343904782,0,0,0
169267.413206364,40,2618.2,2894.2,2349.2,0,0,738650.343905245,0,0,0
169267.453205431,40,2478.6,2930,2453.4,0,0,738650.343905708,0,0,0
169267.493204497,40,2376.4,2909.8,2562.6,0,0,738650.343906171,0,0,0
169267.533203563,40,2328.2,2890,2629.6,0,0,738650.343906634,0,0,0
169267.57320263,40,2351.2,2916.4,2602,0,0,738650.343907097,0,0,0
169267.613201696,40,2429,2959,2520.6,0,0,738650.34390756,0,0,0
169267.653200763,40,2550.6,3010,2433.8,0,0,738650.343908023,0,0,0
169267.693199829,40,2685.4,2967.4,2347.4,0,0,738650.343908486,0,0,0
169267.733198895,40,2798.4,2877.4,2277.6,0,0,738650.343908949,0,0,0
169267.773197962,40,2886.6,2786.6,2228.6,0,0,738650.343909412,0,0,0
169267.813197028,40,2945,2708.6,2195.8,0,0,738650.343909875,0,0,0
169267.853196095,40,2966.2,2657,2176.6,0,0,738650.343910338,0,0,0
169267.893195161,40,2969.6,2624.2,2170.6,0,0,738650.343910801,0,0,0
169267.933194227,40,2957.6,2618.6,2170.2,0,0,738650.343911264,0,0,0
169267.973193294,40,2935.2,2636.2,2174.6,0,0,738650.343911727,0,0,0
169268.01319236,40,2902,2646.2,2187.2,0,0,738650.34391219,0,0,0
169268.053191427,40,2863.2,2633.8,2188.6,0,0,738650.343912653,0,0,0
169268.093190493,40,2834.6,2626.8,2190.4,0,0,738650.343913115,0,0,0
169268.133189559,40,2813.6,2623.4,2194.2,0,0,738650.343913578,0,0,0
169268.173188626,40,2800.4,2622.6,2195.8,0,0,738650.343914041,0,0,0
169268.213187692,40,2797,2630,2201,0,0,738650.343914504,0,0,0
169268.253186759,40,2794.4,2632.2,2202,0,0,738650.343914967,0,0,0
169268.293185825,40,2801.8,2644.2,2203.8,0,0,738650.34391543,0,0,0
169268.333184891,40,2816,2663.2,2201.2,0,0,738650.343915893,0,0,0
169268.373183958,40,2833.6,2677,2208.4,0,0,738650.343916356,0,0,0
169268.413183024,40,2846.8,2693.2,2206.6,0,0,738650.343916819,0,0,0
169268.453182091,40,2866.2,2708,2210.6,0,0,738650.343917282,0,0,0
169268.493181157,40,2869.2,2716.2,2213.6,0,0,738650.343917745,0,0,0
169268.533180223,40,2877.2,2730.2,2218.4,0,0,738650.343918208,0,0,0
169268.57317929,40,2877.4,2732.8,2218,0,0,738650.343918671,0,0,0
169268.613178356,40,2869.4,2736.2,2219,0,0,738650.343919134,0,0,0
169268.653177423,40,2858,2738.4,2222.2,0,0,738650.343919597,0,0,0
169268.693176489,40,2844.6,2741.2,2225.6,0,0,738650.34392006,0,0,0
169268.733175555,40,2829,2735.8,2229,0,0,738650.343920523,0,0,0
169268.773174622,40,2813.4,2735.8,2229.4,0,0,738650.343920986,0,0,0
169268.813173688,40,2802.2,2737.6,2234.2,0,0,738650.343921449,0,0,0
169268.853172755,40,2788.6,2735.4,2236.8,0,0,738650.343921912,0,0,0
169268.893171821,40,2782.4,2736.8,2238.6,0,0,738650.343922375,0,0,0
169268.933170887,40,2781,2743.8,2242.6,0,0,738650.343922838,0,0,0
169268.973169954,40,2783,2757.8,2247,0,0,738650.3439233,0,0,0
169269.01316902,40,2785.8,2770.2,2243.6,0,0,738650.343923763,0,0,0
169269.053168087,40,2791,2780.8,2253.6,0,0,738650.343924226,0,0,0
169269.093167153,40,2792.6,2789.6,2253.2,0,0,738650.343924689,0,0,0
169269.133166219,40,2786.2,2795.2,2256.8,0,0,738650.343925152,0,0,0
169269.173165286,40,2784.6,2803.8,2260.2,0,0,738650.343925615,0,0,0
169269.213164352,40,2779.2,2811.6,2261.4,0,0,738650.343926078,0,0,0
169269.253163419,40,2772.6,2810,2267.6,0,0,738650.343926541,0,0,0
169269.293162485,40,2760.4,2816.8,2270.8,0,0,738650.343927004,0,0,0
169269.333161551,40,2756.6,2818.2,2273,0,0,738650.343927467,0,0,0
169269.373160618,40,2744.4,2820.4,2275.8,0,0,738650.34392793,0,0,0
169269.413159684,40,2732.2,2818.2,2278.4,0,0,738650.343928393,0,0,0
169269.453158751,40,2729,2822.2,2281.6,0,0,738650.343928856,0,0,0
169269.493157817,40,2722,2822.6,2285.2,0,0,738650.343929319,0,0,0
169269.533156883,40,2713,2828,2287.8,0,0,738650.343929782,0,0,0
169269.57315595,40,2710.8,2836.2,2291.2,0,0,738650.343930245,0,0,0
169269.613155016,40,2707,2841.2,2292.4,0,0,738650.343930708,0,0,0
169269.653154083,40,2706.2,2847.2,2299.6,0,0,738650.343931171,0,0,0
169269.693153149,40,2701.4,2854,2301.8,0,0,738650.343931634,0,0,0
169269.733152215,40,2697.8,2857.6,2301.8,0,0,738650.343932096,0,0,0
169269.773151282,40,2686.2,2858.4,2305.8,0,0,738650.343932559,0,0,0
169269.813150348,40,2678.2,2864,2309.4,0,0,738650.343933022,0,0,0
169269.853149415,40,2673,2867.2,2314.6,0,0,738650.343933485,0,0,0
169269.893148481,40,2669,2868.6,2317,0,0,738650.343933948,0,0,0
169269.933147547,40,2664.8,2873.2,2321.4,0,0,738650.343934411,0,0,0
169269.973146614,40,2655.8,2874,2325.6,0,0,738650.343934874,0,0,0
169270.01314568,40,2649.8,2879,2328.2,0,0,738650.343935337,0,0,0
169270.053144747,40,2647.4,2880.8,2334,0,0,738650.3439358,0,0,0
169270.093143813,40,2643,2893.4,2336,0,0,738650.343936263,0,0,0
169270.133142879,40,2636.4,2893.6,2338.6,0,0,738650.343936726,0,0,0
169270.173141946,40,2629.4,2891,2342.6,0,0,738650.343937189,0,0,0
169270.213141012,40,2620.6,2894.8,2347,0,0,738650.343937652,0,0,0
169270.253140079,40,2618.2,2902,2353.6,0,0,738650.343938115,0,0,0
169270.293139145,40,2613.6,2900.4,2354.4,0,0,738650.343938578,0,0,0
169270.333138211,40,2603,2908.8,2358.6,0,0,738650.343939041,0,0,0
169270.373137278,40,2601.6,2908.2,2360.6,0,0,738650.343939504,0,0,0
169270.413136344,40,2596.6,2909.8,2368.4,0,0,738650.343939967,0,0,0
169270.453135411,40,2596.2,2914,2370,0,0,738650.34394043,0,0,0
169270.493134477,40,2588.8,2917.6,2375.4,0,0,738650.343940893,0,0,0
169270.533133543,40,2579.8,2922.8,2374.4,0,0,738650.343941356,0,0,0
169270.57313261,40,2572,2922.2,2383.2,0,0,738650.343941819,0,0,0
169270.613131676,40,2570.2,2924.4,2386,0,0,738650.343942281,0,0,0
169270.653130743,40,2564.8,2924.6,2390.4,0,0,738650.343942744,0,0,0
169270.693129809,40,2555.8,2926.4,2395.8,0,0,738650.343943207,0,0,0
169270.733128875,40,2552.4,2932,2400.2,0,0,738650.34394367,0,0,0
169270.773127942,40,2547.8,2934,2400.6,0,0,738650.343944133,0,0,0
169270.813127008,40,2540.6,2932.2,2407.2,0,0,738650.343944596,0,0,0
169270.853126075,40,2537.6,2938.4,2413.4,0,0,738650.343945059,0,0,0
169270.893125141,40,2532.4,2937.8,2413.4,0,0,738650.343945522,0,0,0
169270.933124207,40,2525.2,2938.8,2419,0,0,738650.343945985,0,0,0
169270.973123274,40,2521.6,2944.2,2425,0,0,738650.343946448,0,0,0
169271.01312234,40,2514.6,2944,2427.6,0,0,738650.343946911,0,0,0
