8584.92662313582,40,2181.4,2708.4,2824.6,0,0,738684.413297762,0,0,0
8584.96662220222,40,2180.4,2706.6,2826.2,0,0,738684.413298225,0,0,0
8585.00662126862,40,2182.8,2707.8,2828.8,0,0,738684.413298688,0,0,0
8585.04662033502,40,2180.4,2711.4,2826.2,0,0,738684.413299151,0,0,0
8585.08661940142,40,2182.8,2709.6,2823.8,0,0,738684.413299614,0,0,0
8585.12661846782,40,2177.8,2710.4,2830.2,0,0,738684.413300077,0,0,0
8585.16661753422,40,2183,2708.6,2826,0,0,738684.41330054,0,0,0
8585.20661660062,40,2183.2,2704.8,2817.8,0,0,738684.413301003,0,0,0
8585.24661566702,40,2183,2705.6,2816.6,0,0,738684.413301466,0,0,0
8585.28661473342,40,2181.2,2702,2812.4,0,0,738684.413301929,0,0,0
8585.32661379982,40,2184.4,2706.6,2820.2,0,0,738684.413302392,0,0,0
8585.36661286622,40,2180.4,2704.2,2815.8,0,0,738684.413302855,0,0,0
8585.40661193262,40,2181.8,2698.6,2812.8,0,0,738684.413303318,0,0,0
8585.44661099902,40,2181.4,2700.6,2814.2,0,0,738684.41330378,0,0,0
8585.48661006542,40,2181.8,2725.2,2835.2,0,0,738684.413304243,0,0,0
8585.52660913182,40,2188.2,2741.4,2815.8,0,0,738684.413304706,0,0,0
8585.56660819822,40,2205,2772.2,2788.8,0,0,738684.413305169,0,0,0
8585.60660726462,40,2229.8,2804.8,2746.4,0,0,738684.413305632,0,0,0
8585.64660633102,40,2259.4,2839.4,2685.4,0,0,738684.413306095,0,0,0
8585.68660539742,40,2301.8,2865.2,2614.2,0,0,738684.413306558,0,0,0
8585.72660446382,40,2343.8,2878,2540,0,0,738684.413307021,0,0,0
8585.76660353022,40,2397.8,2867.4,2461.6,0,0,738684.413307484,0,0,0
8585.80660259662,40,2453.2,2831.4,2389.8,0,0,738684.413307947,0,0,0
8585.84660166302,40,2517.2,2774.4,2319.6,0,0,738684.41330841,0,0,0
8585.88660072942,40,2582.4,2692.8,2257.2,0,0,738684.413308873,0,0,0
8585.92659979582,40,2629.6,2602.6,2207.8,0,0,738684.413309336,0,0,0
8585.96659886222,40,2663.2,2505.6,2162.2,0,0,738684.413309799,0,0,0
8586.00659792862,40,2664.6,2420.4,2132.6,0,0,738684.413310262,0,0,0
8586.04659699502,40,2643.8,2349.4,2108.2,0,0,738684.413310725,0,0,0
8586.08659606142,40,2600.6,2287.8,2090.4,0,0,738684.413311188,0,0,0
8586.12659512782,40,2559,2240.2,2072.8,0,0,738684.413311651,0,0,0
8586.16659419422,40,2513,2205.8,2064,0,0,738684.413312114,0,0,0
8586.20659326062,40,2462.6,2181.8,2057.2,0,0,738684.413312577,0,0,0
8586.24659232702,40,2419.2,2161.6,2054.6,0,0,738684.413313039,0,0,0
8586.28659139342,40,2383.8,2149.8,2048.8,0,0,738684.413313502,0,0,0
8586.32659045982,40,2361.6,2136.2,2050,0,0,738684.413313965,0,0,0
8586.36658952622,40,2351,2139.6,2048,0,0,738684.413314428,0,0,0
8586.40658859262,40,2351.8,2136.6,2046.4,0,0,738684.413314891,0,0,0
8586.44658765902,40,2354.8,2145.8,2048.4,0,0,738684.413315354,0,0,0
8586.48658672542,40,2359.2,2149.4,2053.2,0,0,738684.413315817,0,0,0
8586.52658579182,40,2361.2,2155.2,2054.2,0,0,738684.41331628,0,0,0
8586.56658485822,40,2370.2,2156.8,2053,0,0,738684.413316743,0,0,0
8586.60658392462,40,2389.4,2160.8,2056,0,0,738684.413317206,0,0,0
8586.64658299102,40,2398.4,2167,2049.2,0,0,738684.413317669,0,0,0
8586.68658205742,40,2417,2171,2056.4,0,0,738684.413318132,0,0,0
8586.72658112382,40,2446.2,2187.8,2060.4,0,0,738684.413318595,0,0,0
8586.76658019022,40,2498.6,2221.6,2071.4,0,0,738684.413319058,0,0,0
8586.80657925662,40,2556.4,2276,2088.2,0,0,738684.413319521,0,0,0
8586.84657832302,40,2615,2364.2,2120,0,0,738684.413319984,0,0,0
8586.88657738942,40,2629.6,2501.8,2170.6,0,0,738684.413320447,0,0,0
8586.92657645582,40,2564.2,2634,2237.8,0,0,738684.41332091,0,0,0
8586.96657552222,40,2477.2,2747.6,2329.8,0,0,738684.413321373,0,0,0
8587.00657458862,40,2386.2,2800,2434.4,0,0,738684.413321836,0,0,0
8587.04657365502,40,2349,2803.6,2486.6,0,0,738684.413322299,0,0,0
8587.08657272142,40,2381.2,2796.2,2438.8,0,0,738684.413322762,0,0,0
8587.12657178782,40,2450.2,2763.2,2362,0,0,738684.413323224,0,0,0
8587.16657085422,40,2527.4,2673.8,2270.8,0,0,738684.413323687,0,0,0
8587.20656992062,40,2587.4,2547.6,2193.4,0,0,738684.41332415,0,0,0
8587.24656898702,40,2596.8,2423.4,2145,0,0,738684.413324613,0,0,0
8587.28656805342,40,2588.2,2338.8,2111.6,0,0,738684.413325076,0,0,0
8587.32656711982,40,2551.2,2270.8,2087,0,0,738684.413325539,0,0,0
8587.36656618622,40,2503.4,2217.8,2069.2,0,0,738684.413326002,0,0,0
8587.40656525262,40,2458.2,2186.6,2062.8,0,0,738684.413326465,0,0,0
8587.44656431902,40,2424.2,2171.2,2051.4,0,0,738684.413326928,0,0,0
8587.48656338542,40,2408.8,2157.8,2050.4,0,0,738684.413327391,0,0,0
8587.52656245182,40,2410.8,2158.6,2052,0,0,738684.413327854,0,0,0
8587.56656151822,40,2436,2171.8,2055.8,0,0,738684.413328317,0,0,0
8587.60656058462,40,2476,2197.2,2061.2,0,0,738684.41332878,0,0,0
8587.64655965102,40,2525,2221,2071.8,0,0,738684.413329243,0,0,0
8587.68655871742,40,2590.6,2276.4,2085.4,0,0,738684.413329706,0,0,0
8587.72655778382,40,2655.8,2361,2111.4,0,0,738684.413330169,0,0,0
8587.76655685022,40,2689,2487.2,2154.8,0,0,738684.413330632,0,0,0
8587.80655591662,40,2637.4,2634,2221.6,0,0,738684.413331095,0,0,0
8587.84655498302,40,2535.4,2769,2307.6,0,0,738684.413331558,0,0,0
8587.88655404942,40,2425.8,2820.2,2406.8,0,0,738684.413332021,0,0,0
8587.92655311582,40,2345.2,2814.6,2499.2,0,0,738684.413332483,0,0,0
8587.96655218222,40,2337,2805.8,2506.8,0,0,738684.413332946,0,0,0
8588.00655124862,40,2398.4,2840.6,2453.6,0,0,738684.413333409,0,0,0
8588.04655031502,40,2479.2,2793.6,2353.2,0,0,738684.413333872,0,0,0
8588.08654938142,40,2575,2682.4,2255.8,0,0,738684.413334335,0,0,0
8588.12654844782,40,2630,2536.2,2182.2,0,0,738684.413334798,0,0,0
8588.16654751422,40,2632.8,2403,2130.4,0,0,738684.413335261,0,0,0
8588.20654658062,40,2598.2,2306.8,2098.6,0,0,738684.413335724,0,0,0
8588.24654564702,40,2545.4,2246.8,2081,0,0,738684.413336187,0,0,0
8588.28654471342,40,2490.6,2202,2062.4,0,0,738684.41333665,0,0,0
8588.32654377982,40,2448,2176,2057.2,0,0,738684.413337113,0,0,0
8588.36654284622,40,2429.2,2166.4,2052.4,0,0,738684.413337576,0,0,0
8588.40654191262,40,2437.2,2167.4,2052.6,0,0,738684.413338039,0,0,0
8588.44654097902,40,2457.6,2179,2062.4,0,0,738684.413338502,0,0,0
8588.48654004542,40,2481.4,2195.4,2058.8,0,0,738684.413338965,0,0,0
8588.52653911182,40,2516.4,2222.4,2068.4,0,0,738684.413339428,0,0,0
8588.56653817822,40,2568.2,2261,2084,0,0,738684.413339891,0,0,0
8588.60653724462,40,2616.2,2324,2103.6,0,0,738684.413340354,0,0,0
8588.64653631102,40,2650.4,2424.4,2139.4,0,0,738684.413340817,0,0,0
8588.68653537742,40,2645.6,2555.8,2191,0,0,738684.41334128,0,0,0
8588.72653444382,40,2580.6,2708.6,2264.6,0,0,738684.413341743,0,0,0
8588.76653351022,40,2484.4,2814.2,2358.8,0,0,738684.413342205,0,0,0
8588.80653257662,40,2394.6,2846.4,2457.2,0,0,738684.413342668,0,0,0
8588.84653164302,40,2330,2828,2526.6,0,0,738684.413343131,0,0,0
8588.88653070942,40,2332,2790.8,2496,0,0,738684.413343594,0,0,0
8588.92652977582,40,2403.2,2833.8,2431.6,0,0,738684.413344057,0,0,0
8588.96652884222,40,2500.2,2802.6,2343,0,0,738684.41334452,0,0,0
8589.00652790862,40,2612.6,2706,2249.4,0,0,738684.413344983,0,0,0
8589.04652697502,40,2683.6,2561.4,2180.4,0,0,738684.413345446,0,0,0
8589.08652604142,40,2701.6,2422,2130.4,0,0,738684.413345909,0,0,0
8589.12652510782,40,2640.6,2313.4,2096.4,0,0,738684.413346372,0,0,0
8589.16652417422,40,2576.2,2245.2,2075.6,0,0,738684.413346835,0,0,0
8589.20652324062,40,2513.2,2203.8,2059.6,0,0,738684.413347298,0,0,0
8589.24652230702,40,2464.8,2175.4,2054.6,0,0,738684.413347761,0,0,0
8589.28652137342,40,2426.6,2156.2,2051.2,0,0,738684.413348224,0,0,0
8589.32652043982,40,2412.2,2157.8,2047.2,0,0,738684.413348687,0,0,0
8589.36651950622,40,2431.6,2166.8,2054,0,0,738684.41334915,0,0,0
8589.40651857262,40,2459,2180.4,2058.8,0,0,738684.413349613,0,0,0
8589.44651763902,40,2487.8,2199.4,2063.4,0,0,738684.413350076,0,0,0
8589.48651670542,40,2538.4,2233,2072.2,0,0,738684.413350539,0,0,0
8589.52651577182,40,2601.6,2285.4,2090.4,0,0,738684.413351002,0,0,0
8589.56651483822,40,2660.4,2370.8,2117.2,0,0,738684.413351465,0,0,0
8589.60651390462,40,2690.8,2500.8,2159.4,0,0,738684.413351928,0,0,0
8589.64651297102,40,2641.6,2646,2226.2,0,0,738684.41335239,0,0,0
8589.68651203742,40,2547.8,2786.4,2310.6,0,0,738684.413352853,0,0,0
8589.72651110382,40,2444.8,2844.2,2410.6,0,0,738684.413353316,0,0,0
8589.76651017022,40,2351.8,2835,2496,0,0,738684.413353779,0,0,0
8589.80650923662,40,2336.2,2795,2499.6,0,0,738684.413354242,0,0,0
8589.84650830302,40,2395.2,2841.6,2449.8,0,0,738684.413354705,0,0,0
8589.88650736942,40,2491.6,2849.2,2369.2,0,0,738684.413355168,0,0,0
8589.92650643582,40,2606.8,2749.4,2273.4,0,0,738684.413355631,0,0,0
8589.96650550222,40,2684.6,2587.4,2191.6,0,0,738684.413356094,0,0,0
8590.00650456862,40,2705,2436.8,2134.6,0,0,738684.413356557,0,0,0
8590.04650363502,40,2650,2318.4,2096.8,0,0,738684.41335702,0,0,0
8590.08650270142,40,2559,2242.2,2075.4,0,0,738684.413357483,0,0,0
8590.12650176782,40,2487.6,2194.4,2059.2,0,0,738684.413357946,0,0,0
8590.16650083422,40,2416.4,2160.2,2049.8,0,0,738684.413358409,0,0,0
8590.20649990062,40,2367.6,2143,2047.2,0,0,738684.413358872,0,0,0
8590.24649896702,40,2339.6,2127,2046.2,0,0,738684.413359335,0,0,0
8590.28649803342,40,2340.6,2128.8,2047,0,0,738684.413359798,0,0,0
8590.32649709982,40,2363.4,2141,2048.2,0,0,738684.413360261,0,0,0
8590.36649616622,40,2388.4,2153.2,2050.2,0,0,738684.413360724,0,0,0
8590.40649523262,40,2440.6,2178.2,2061,0,0,738684.413361187,0,0,0
8590.44649429902,40,2504.4,2221,2069.2,0,0,738684.413361649,0,0,0
8590.48649336542,40,2594,2288,2091.4,0,0,738684.413362112,0,0,0
8590.52649243182,40,2656,2388.4,2125,0,0,738684.413362575,0,0,0
8590.56649149822,40,2673.2,2536,2176,0,0,738684.413363038,0,0,0
8590.60649056462,40,2616.6,2694,2251.2,0,0,738684.413363501,0,0,0
8590.64648963102,40,2517.2,2821.4,2338.8,0,0,738684.413363964,0,0,0
8590.68648869742,40,2420,2867.4,2439.2,0,0,738684.413364427,0,0,0
8590.72648776382,40,2355,2835.4,2497.2,0,0,738684.41336489,0,0,0
8590.76648683022,40,2359.4,2802,2473.6,0,0,738684.413365353,0,0,0
8590.80648589662,40,2444.2,2842.6,2406.4,0,0,738684.413365816,0,0,0
8590.84648496302,40,2560.8,2829.4,2327.4,0,0,738684.413366279,0,0,0
8590.88648402942,40,2669.6,2695.4,2231,0,0,738684.413366742,0,0,0
8590.92648309582,40,2714.4,2521.6,2161.6,0,0,738684.413367205,0,0,0
8590.96648216222,40,2687,2378.6,2114.6,0,0,738684.413367668,0,0,0
8591.00648122862,40,2608.6,2275,2084.4,0,0,738684.413368131,0,0,0
8591.04648029502,40,2525.4,2209.6,2064.8,0,0,738684.413368594,0,0,0
8591.08647936142,40,2444,2171,2053.2,0,0,738684.413369057,0,0,0
8591.12647842782,40,2381.8,2143,2049.4,0,0,738684.41336952,0,0,0
8591.16647749422,40,2346.2,2130,2045,0,0,738684.413369983,0,0,0
8591.20647656062,40,2348,2130.4,2045.4,0,0,738684.413370446,0,0,0
8591.24647562702,40,2374.4,2144.6,2050.2,0,0,738684.413370909,0,0,0
8591.28647469342,40,2405.6,2158.8,2053.8,0,0,738684.413371371,0,0,0
8591.32647375982,40,2455.2,2184,2057.6,0,0,738684.413371834,0,0,0
8591.36647282622,40,2530.4,2224.2,2069.4,0,0,738684.413372297,0,0,0
8591.40647189262,40,2616.6,2290.2,2091.2,0,0,738684.41337276,0,0,0
8591.44647095902,40,2677.4,2397,2124.2,0,0,738684.413373223,0,0,0
8591.48647002542,40,2679.6,2535.8,2173.2,0,0,738684.413373686,0,0,0
8591.52646909182,40,2615.8,2691.4,2247.4,0,0,738684.413374149,0,0,0
8591.56646815822,40,2517.8,2806.4,2335.4,0,0,738684.413374612,0,0,0
8591.60646722462,40,2414.4,2842.8,2435,0,0,738684.413375075,0,0,0
8591.64646629102,40,2345.8,2812.8,2497.8,0,0,738684.413375538,0,0,0
8591.68646535742,40,2345.8,2824.6,2501,0,0,738684.413376001,0,0,0
8591.72646442382,40,2405.4,2853.8,2447,0,0,738684.413376464,0,0,0
8591.76646349022,40,2479.4,2803.6,2357,0,0,738684.413376927,0,0,0
8591.80646255662,40,2571,2688,2262.8,0,0,738684.41337739,0,0,0
8591.84646162302,40,2624.4,2532.4,2182.2,0,0,738684.413377853,0,0,0
8591.88646068942,40,2632.6,2399.4,2129.4,0,0,738684.413378316,0,0,0
8591.92645975582,40,2571,2294,2096.4,0,0,738684.413378779,0,0,0
8591.96645882222,40,2506.2,2226.6,2077,0,0,738684.413379242,0,0,0
8592.00645788862,40,2441,2183.4,2060.4,0,0,738684.413379705,0,0,0
8592.04645695502,40,2383.4,2155,2049,0,0,738684.413380168,0,0,0
8592.08645602142,40,2352.6,2138.6,2049.4,0,0,738684.413380631,0,0,0
8592.12645508782,40,2344.2,2134,2045.8,0,0,738684.413381094,0,0,0
8592.16645415422,40,2358.2,2136.6,2044.6,0,0,738684.413381556,0,0,0
8592.20645322062,40,2388.2,2147.2,2049.6,0,0,738684.413382019,0,0,0
8592.24645228702,40,2426.6,2167.2,2052.4,0,0,738684.413382482,0,0,0
8592.28645135342,40,2479.8,2197.4,2061,0,0,738684.413382945,0,0,0
8592.32645041982,40,2552,2242.8,2075,0,0,738684.413383408,0,0,0
8592.36644948622,40,2613.8,2321.6,2105.4,0,0,738684.413383871,0,0,0
8592.40644855262,40,2647,2430,2138.8,0,0,738684.413384334,0,0,0
8592.44644761902,40,2619.8,2563.4,2202.2,0,0,738684.413384797,0,0,0
8592.48644668542,40,2548.6,2696.2,2274,0,0,738684.41338526,0,0,0
8592.52644575182,40,2465.2,2791.4,2366.6,0,0,738684.413385723,0,0,0
8592.56644481822,40,2389.4,2840.4,2465,0,0,738684.413386186,0,0,0
8592.60644388462,40,2336,2828.2,2525.8,0,0,738684.413386649,0,0,0
8592.64644295102,40,2333.4,2815.6,2522.6,0,0,738684.413387112,0,0,0
8592.68644201742,40,2372.4,2839.8,2472.2,0,0,738684.413387575,0,0,0
8592.72644108382,40,2444.6,2823.8,2394.8,0,0,738684.413388038,0,0,0
8592.76644015022,40,2532.6,2742.4,2299.6,0,0,738684.413388501,0,0,0
8592.80643921662,40,2606.4,2597,2215,0,0,738684.413388964,0,0,0
8592.84643828302,40,2628.2,2451.2,2148.8,0,0,738684.413389427,0,0,0
8592.88643734942,40,2590.2,2329.6,2109.4,0,0,738684.41338989,0,0,0
8592.92643641582,40,2531.8,2251.2,2081.8,0,0,738684.413390353,0,0,0
8592.96643548222,40,2468.6,2200,2066.8,0,0,738684.413390815,0,0,0
8593.00643454862,40,2419.2,2170.4,2057.6,0,0,738684.413391278,0,0,0
8593.04643361502,40,2382.8,2150.8,2048,0,0,738684.413391741,0,0,0
8593.08643268142,40,2375.2,2149.6,2048.8,0,0,738684.413392204,0,0,0
8593.12643174782,40,2393.4,2151.6,2051.6,0,0,738684.413392667,0,0,0
8593.16643081422,40,2425.6,2164.4,2054,0,0,738684.41339313,0,0,0
8593.20642988062,40,2457.8,2182.8,2059.2,0,0,738684.413393593,0,0,0
8593.24642894702,40,2506.4,2209.8,2068,0,0,738684.413394056,0,0,0
8593.28642801342,40,2577.8,2260.4,2081.8,0,0,738684.413394519,0,0,0
8593.32642707982,40,2644.8,2335,2105.6,0,0,738684.413394982,0,0,0
8593.36642614622,40,2690.6,2451.4,2143.4,0,0,738684.413395445,0,0,0
8593.40642521262,40,2670.6,2611.6,2203.4,0,0,738684.413395908,0,0,0
8593.44642427902,40,2582.6,2766.4,2282.8,0,0,738684.413396371,0,0,0
8593.48642334542,40,2477,2861.2,2386.6,0,0,738684.413396834,0,0,0
8593.52642241182,40,2382.4,2878.6,2490.8,0,0,738684.413397297,0,0,0
8593.56642147822,40,2309.2,2826.8,2563.8,0,0,738684.41339776,0,0,0
8593.60642054462,40,2303.6,2802,2557,0,0,738684.413398223,0,0,0
8593.64641961102,40,2362.6,2873.4,2505.4,0,0,738684.413398686,0,0,0
8593.68641867742,40,2439,2857.8,2418.6,0,0,738684.413399149,0,0,0
8593.72641774382,40,2538,2780,2314.4,0,0,738684.413399612,0,0,0
8593.76641681022,40,2620.4,2638.4,2222.8,0,0,738684.413400074,0,0,0
8593.80641587662,40,2652.6,2477.6,2155.6,0,0,738684.413400537,0,0,0
8593.84641494302,40,2636.2,2354.6,2111,0,0,738684.413401,0,0,0
8593.88641400942,40,2572,2272.4,2085.4,0,0,738684.413401463,0,0,0
8593.92641307582,40,2507.6,2214.4,2069.4,0,0,738684.413401926,0,0,0
8593.96641214222,40,2443.6,2174,2057.2,0,0,738684.413402389,0,0,0
8594.00641120862,40,2403,2157.6,2048.8,0,0,738684.413402852,0,0,0
8594.04641027502,40,2382,2146.4,2046.8,0,0,738684.413403315,0,0,0
8594.08640934142,40,2391.6,2148.2,2047,0,0,738684.413403778,0,0,0
8594.12640840782,40,2422.4,2162.8,2054.6,0,0,738684.413404241,0,0,0
8594.16640747422,40,2460.8,2181,2060.2,0,0,738684.413404704,0,0,0
8594.20640654062,40,2508.4,2210.2,2063.6,0,0,738684.413405167,0,0,0
8594.24640560702,40,2567,2252.4,2080.6,0,0,738684.41340563,0,0,0
8594.28640467342,40,2633,2328.2,2100,0,0,738684.413406093,0,0,0
8594.32640373982,40,2673.2,2432.8,2137.6,0,0,738684.413406556,0,0,0
8594.36640280622,40,2666.8,2577.8,2190.6,0,0,738684.413407019,0,0,0
8594.40640187262,40,2593.2,2725,2266.2,0,0,738684.413407482,0,0,0
8594.44640093902,40,2498.6,2827,2357.6,0,0,738684.413407945,0,0,0
8594.48640000542,40,2406.4,2861.8,2454.8,0,0,738684.413408408,0,0,0
8594.52639907182,40,2328.6,2840.6,2534,0,0,738684.413408871,0,0,0
8594.56639813822,40,2309.4,2799.2,2539.8,0,0,738684.413409334,0,0,0
8594.60639720462,40,2361,2856.6,2503,0,0,738684.413409797,0,0,0
8594.64639627102,40,2439,2857.6,2418.6,0,0,738684.413410259,0,0,0
8594.68639533742,40,2527,2793.6,2325.4,0,0,738684.413410722,0,0,0
8594.72639440382,40,2614,2663.6,2235.6,0,0,738684.413411185,0,0,0
8594.76639347022,40,2666.8,2526.4,2171.6,0,0,738684.413411648,0,0,0
8594.80639253662,40,2667.6,2404.6,2127.8,0,0,738684.413412111,0,0,0
8594.84639160302,40,2629,2315.6,2098,0,0,738684.413412574,0,0,0
8594.88639066942,40,2573.4,2252.4,2081.2,0,0,738684.413413037,0,0,0
8594.92638973582,40,2514.4,2215.4,2065.8,0,0,738684.4134135,0,0,0
8594.96638880222,40,2479,2195.4,2061.6,0,0,738684.413413963,0,0,0
8595.00638786862,40,2467.8,2184.8,2062.8,0,0,738684.413414426,0,0,0
8595.04638693502,40,2470.6,2191.4,2060,0,0,738684.413414889,0,0,0
8595.08638600142,40,2490.4,2203.2,2067,0,0,738684.413415352,0,0,0
8595.12638506782,40,2519.6,2230.6,2075.8,0,0,738684.413415815,0,0,0
8595.16638413422,40,2552.4,2276.6,2088.4,0,0,738684.413416278,0,0,0
8595.20638320062,40,2594,2341.2,2113.2,0,0,738684.413416741,0,0,0
8595.24638226702,40,2609.4,2437.4,2151.2,0,0,738684.413417204,0,0,0
8595.28638133342,40,2587,2563.8,2209.8,0,0,738684.413417667,0,0,0
8595.32638039982,40,2527,2696,2284.6,0,0,738684.41341813,0,0,0
8595.36637946622,40,2446.6,2809.4,2385,0,0,738684.413418593,0,0,0
8595.40637853262,40,2375.2,2863.4,2493,0,0,738684.413419056,0,0,0
8595.44637759902,40,2317.4,2851.8,2574.2,0,0,738684.413419519,0,0,0
8595.48637666542,40,2296,2809.8,2583.4,0,0,738684.413419981,0,0,0
8595.52637573182,40,2318.4,2815.2,2532.4,0,0,738684.413420444,0,0,0
8595.56637479822,40,2399.8,2858.8,2463.8,0,0,738684.413420907,0,0,0
8595.60637386462,40,2485.8,2811.2,2360.4,0,0,738684.41342137,0,0,0
8595.64637293102,40,2574,2703.4,2263.6,0,0,738684.413421833,0,0,0
8595.68637199742,40,2638,2570,2194.6,0,0,738684.413422296,0,0,0
8595.72637106382,40,2665.6,2444.4,2140.2,0,0,738684.413422759,0,0,0
8595.76637013022,40,2643.2,2345.6,2104.2,0,0,738684.413423222,0,0,0
8595.80636919662,40,2601.2,2282.6,2088.4,0,0,738684.413423685,0,0,0
8595.84636826302,40,2566.6,2243,2075,0,0,738684.413424148,0,0,0
8595.88636732942,40,2530.2,2218.6,2063.8,0,0,738684.413424611,0,0,0
8595.92636639582,40,2515.4,2207.8,2063.2,0,0,738684.413425074,0,0,0
8595.96636546222,40,2527,2216.4,2065.8,0,0,738684.413425537,0,0,0
8596.00636452862,40,2564.6,2240.2,2073.4,0,0,738684.413426,0,0,0
8596.04636359502,40,2598.2,2267.4,2079,0,0,738684.413426463,0,0,0
8596.08636266142,40,2627.8,2315.6,2098.2,0,0,738684.413426926,0,0,0
8596.12636172782,40,2662.2,2380.2,2119.6,0,0,738684.413427389,0,0,0
8596.16636079422,40,2675.8,2492.6,2159,0,0,738684.413427852,0,0,0
8596.20635986062,40,2639,2636,2219.4,0,0,738684.413428315,0,0,0
8596.24635892702,40,2559,2775,2302.6,0,0,738684.413428778,0,0,0
8596.28635799342,40,2467.2,2870.6,2405.6,0,0,738684.41342924,0,0,0
8596.32635705982,40,2373.6,2887.4,2512,0,0,738684.413429703,0,0,0
8596.36635612622,40,2309.6,2861,2590.6,0,0,738684.413430166,0,0,0
8596.40635519262,40,2284.4,2815,2595.6,0,0,738684.413430629,0,0,0
8596.44635425902,40,2309.8,2803.8,2538.8,0,0,738684.413431092,0,0,0
8596.48635332542,40,2391.8,2853,2461.8,0,0,738684.413431555,0,0,0
8596.52635239182,40,2490.6,2807.2,2352.2,0,0,738684.413432018,0,0,0
8596.56635145822,40,2585.6,2696,2255.6,0,0,738684.413432481,0,0,0
8596.60635052462,40,2654.2,2540.6,2179.4,0,0,738684.413432944,0,0,0
8596.64634959102,40,2662.4,2408.8,2130.4,0,0,738684.413433407,0,0,0
8596.68634865742,40,2617.4,2315.6,2100,0,0,738684.41343387,0,0,0
8596.72634772382,40,2569.4,2254.6,2079.4,0,0,738684.413434333,0,0,0
8596.76634679022,40,2516.8,2214,2068.2,0,0,738684.413434796,0,0,0
8596.80634585662,40,2480.4,2191.4,2060,0,0,738684.413435259,0,0,0
8596.84634492302,40,2469,2184.8,2058.2,0,0,738684.413435722,0,0,0
8596.88634398942,40,2480.6,2191.6,2057.6,0,0,738684.413436185,0,0,0
8596.92634305582,40,2510.8,2206.6,2061.6,0,0,738684.413436648,0,0,0
8596.96634212222,40,2533.6,2226.6,2067.6,0,0,738684.413437111,0,0,0
8597.00634118862,40,2567.4,2253.8,2077.8,0,0,738684.413437574,0,0,0
8597.04634025502,40,2619.8,2303.2,2096,0,0,738684.413438037,0,0,0
8597.08633932142,40,2663.4,2383.6,2120.6,0,0,738684.4134385,0,0,0
8597.12633838782,40,2695.6,2508.8,2162.6,0,0,738684.413438963,0,0,0
8597.16633745422,40,2659.8,2661.4,2221,0,0,738684.413439425,0,0,0
8597.20633652062,40,2586,2815.6,2309.6,0,0,738684.413439888,0,0,0
8597.24633558702,40,2477.2,2904,2407.4,0,0,738684.413440351,0,0,0
8597.28633465342,40,2381.8,2910.8,2508.4,0,0,738684.413440814,0,0,0
8597.32633371982,40,2317.4,2846,2567.2,0,0,738684.413441277,0,0,0
8597.36633278622,40,2308.8,2794.4,2547.4,0,0,738684.41344174,0,0,0
8597.40633185262,40,2361.6,2847.4,2496,0,0,738684.413442203,0,0,0
8597.44633091902,40,2459.4,2845.2,2394.8,0,0,738684.413442666,0,0,0
8597.48632998542,40,2579.6,2788.6,2299,0,0,738684.413443129,0,0,0
8597.52632905182,40,2676.8,2649.6,2211.6,0,0,738684.413443592,0,0,0
8597.56632811822,40,2716.4,2495.2,2155.6,0,0,738684.413444055,0,0,0
8597.60632718462,40,2688.6,2385,2117.2,0,0,738684.413444518,0,0,0
8597.64632625102,40,2645.2,2301.4,2090.8,0,0,738684.413444981,0,0,0
8597.68632531742,40,2593.4,2249.6,2077.2,0,0,738684.413445444,0,0,0
8597.72632438382,40,2528.8,2217.8,2068.8,0,0,738684.413445907,0,0,0
8597.76632345022,40,2487.6,2197.6,2065.2,0,0,738684.41344637,0,0,0
8597.80632251662,40,2476,2193,2059,0,0,738684.413446833,0,0,0
8597.84632158302,40,2489.4,2200.2,2067.4,0,0,738684.413447296,0,0,0
8597.88632064942,40,2519.2,2225.4,2069.6,0,0,738684.413447759,0,0,0
8597.92631971582,40,2540,2246.4,2078.8,0,0,738684.413448222,0,0,0
8597.96631878222,40,2575.8,2285.2,2091.8,0,0,738684.413448684,0,0,0
8598.00631784862,40,2618.4,2354,2113.8,0,0,738684.413449147,0,0,0
8598.04631691502,40,2639,2444,2147.2,0,0,738684.41344961,0,0,0
8598.08631598142,40,2635,2566.8,2196.2,0,0,738684.413450073,0,0,0
8598.12631504782,40,2577.6,2689.2,2260.8,0,0,738684.413450536,0,0,0
8598.16631411422,40,2502.2,2794,2336,0,0,738684.413450999,0,0,0
8598.20631318062,40,2428.6,2851.4,2422.2,0,0,738684.413451462,0,0,0
8598.24631224702,40,2371.4,2841.8,2476.8,0,0,738684.413451925,0,0,0
8598.28631131342,40,2365.6,2786.8,2458.4,0,0,738684.413452388,0,0,0
8598.32631037982,40,2430,2817.4,2398.6,0,0,738684.413452851,0,0,0
8598.36630944622,40,2523.6,2771.6,2310.8,0,0,738684.413453314,0,0,0
8598.40630851262,40,2620.6,2669.2,2232.4,0,0,738684.413453777,0,0,0
8598.44630757902,40,2666.4,2525.6,2168,0,0,738684.41345424,0,0,0
8598.48630664542,40,2680.4,2401.8,2124.2,0,0,738684.413454703,0,0,0
8598.52630571182,40,2630.8,2307.6,2096.6,0,0,738684.413455166,0,0,0
8598.56630477822,40,2570.8,2239.2,2073.4,0,0,738684.413455629,0,0,0
8598.60630384462,40,2497.6,2193.6,2057,0,0,738684.413456092,0,0,0
8598.64830286434,42,2448,2173.6,2052.2,0,0,738684.413456578,0,0,0
8598.68830193074,40,2416,2152.6,2053.4,0,0,738684.413457041,0,0,0
8598.72830099714,40,2397.6,2146.8,2046.4,0,0,738684.413457504,0,0,0
8598.76830006354,40,2400.6,2151.8,2049.8,0,0,738684.413457967,0,0,0
8598.80829912994,40,2433.2,2174,2057.4,0,0,738684.41345843,0,0,0
8598.84829819634,40,2451.4,2176.8,2058,0,0,738684.413458893,0,0,0
8598.88829726274,40,2482,2204.8,2066,0,0,738684.413459356,0,0,0
8598.92829632914,40,2548.2,2256.4,2082.2,0,0,738684.413459818,0,0,0
8598.96829539554,40,2606,2329.2,2104.2,0,0,738684.413460281,0,0,0
8599.00829446194,40,2631.4,2429.6,2143.2,0,0,738684.413460744,0,0,0
8599.04829352834,40,2621.8,2543.4,2190.4,0,0,738684.413461207,0,0,0
8599.08829259474,40,2584.6,2656.8,2247.6,0,0,738684.41346167,0,0,0
8599.12829166114,40,2528.2,2754.2,2305.2,0,0,738684.413462133,0,0,0
8599.16829072754,40,2481.6,2797.6,2356.6,0,0,738684.413462596,0,0,0
8599.20828979394,40,2495.4,2774.2,2334,0,0,738684.413463059,0,0,0
8599.25128879032,43,2545.4,2706.2,2278,0,0,738684.413463557,0,0,0
8599.29128785672,40,2596.4,2626.6,2221.2,0,0,738684.41346402,0,0,0
8599.33128692312,40,2632,2509.8,2177.2,0,0,738684.413464483,0,0,0
8599.37128598952,40,2645,2407.2,2137.2,0,0,738684.413464946,0,0,0
8599.41128505592,40,2622.4,2319.8,2101.2,0,0,738684.413465409,0,0,0
8599.45128412232,40,2559,2246,2080.8,0,0,738684.413465872,0,0,0
8599.49128318872,40,2497.4,2203,2066.8,0,0,738684.413466335,0,0,0
8599.53128225512,40,2433.4,2165,2050.6,0,0,738684.413466797,0,0,0
8599.57128132152,40,2392.6,2145.8,2047.4,0,0,738684.41346726,0,0,0
8599.61128038792,40,2357.8,2131.8,2046.4,0,0,738684.413467723,0,0,0
8599.65127945432,40,2354.4,2130.4,2043.6,0,0,738684.413468186,0,0,0
8599.69127852072,40,2360.6,2134.6,2045,0,0,738684.413468649,0,0,0
8599.73127758712,40,2380.4,2145.2,2047.6,0,0,738684.413469112,0,0,0
8599.77127665352,40,2390.4,2149.4,2051.2,0,0,738684.413469575,0,0,0
8599.81127571992,40,2399.6,2151.8,2050.2,0,0,738684.413470038,0,0,0
8599.85127478632,40,2420.8,2162.6,2053.8,0,0,738684.413470501,0,0,0
8599.89127385272,40,2453,2184,2057.4,0,0,738684.413470964,0,0,0
8599.93127291912,40,2504.4,2214.6,2063,0,0,738684.413471427,0,0,0
8599.97127198552,40,2576,2271.2,2085.8,0,0,738684.41347189,0,0,0
8600.01127105192,40,2643.2,2356.4,2115,0,0,738684.413472353,0,0,0
8600.05127011832,40,2663,2462.2,2150.4,0,0,738684.413472816,0,0,0
8600.09126918472,40,2641.2,2567.2,2193.4,0,0,738684.413473279,0,0,0
8600.13126825112,40,2607.4,2585.6,2212.8,0,0,738684.413473742,0,0,0
8600.17126731752,40,2632.4,2537.4,2185.8,0,0,738684.413474205,0,0,0
8600.21126638392,40,2676.8,2472.8,2153,0,0,738684.413474668,0,0,0
8600.25126545032,40,2680.4,2392,2123.8,0,0,738684.413475131,0,0,0
8600.29126451672,40,2658,2317.8,2097.2,0,0,738684.413475594,0,0,0
8600.33126358312,40,2588.6,2260.2,2083,0,0,738684.413476057,0,0,0
8600.37126264952,40,2532.4,2219.2,2067.6,0,0,738684.41347652,0,0,0
8600.41126171592,40,2466,2184.6,2057.4,0,0,738684.413476982,0,0,0
8600.45126078232,40,2416,2157.4,2051.4,0,0,738684.413477445,0,0,0
8600.49125984872,40,2378.6,2145,2047,0,0,738684.413477908,0,0,0
8600.53125891512,40,2357.4,2137.6,2050.4,0,0,738684.413478371,0,0,0
8600.57125798152,40,2353.2,2138.4,2048.6,0,0,738684.413478834,0,0,0
8600.61125704792,40,2363.4,2143.8,2046,0,0,738684.413479297,0,0,0
8600.65125611432,40,2386.4,2145.2,2053.2,0,0,738684.41347976,0,0,0
8600.69125518072,40,2399.6,2151.4,2049.8,0,0,738684.413480223,0,0,0
8600.73125424712,40,2417,2153.8,2052.4,0,0,738684.413480686,0,0,0
8600.77125331352,40,2449.6,2168.4,2051,0,0,738684.413481149,0,0,0
8600.81125237992,40,2493.6,2191.2,2057.4,0,0,738684.413481612,0,0,0
8600.85125144632,40,2535.2,2220,2066.8,0,0,738684.413482075,0,0,0
8600.89125051272,40,2606.8,2281.8,2085.6,0,0,738684.413482538,0,0,0
8600.93124957912,40,2648.4,2366.8,2116.6,0,0,738684.413483001,0,0,0
8600.97124864552,40,2650.8,2479.6,2158.8,0,0,738684.413483464,0,0,0
8601.01124771192,40,2626.8,2597.2,2209.2,0,0,738684.413483927,0,0,0
8601.05124677832,40,2580.2,2686.6,2259.2,0,0,738684.41348439,0,0,0
8601.09124584472,40,2557.6,2718.6,2279.4,0,0,738684.413484853,0,0,0
8601.13124491112,40,2599,2684.8,2250.2,0,0,738684.413485316,0,0,0
8601.17124397752,40,2658.8,2633.8,2217.4,0,0,738684.413485778,0,0,0
8601.21124304392,40,2717,2549.2,2171.4,0,0,738684.413486241,0,0,0
8601.25124211032,40,2713.2,2439.4,2133,0,0,738684.413486704,0,0,0
8601.29124117672,40,2661.6,2336.6,2102.6,0,0,738684.413487167,0,0,0
8601.33124024312,40,2586.6,2262.6,2083.4,0,0,738684.41348763,0,0,0
8601.37123930952,40,2509.2,2209.6,2063.6,0,0,738684.413488093,0,0,0
8601.41123837592,40,2445.2,2172.8,2053.2,0,0,738684.413488556,0,0,0
8601.45123744232,40,2396.4,2153.2,2047.4,0,0,738684.413489019,0,0,0
8601.49123650872,40,2362,2133.2,2045,0,0,738684.413489482,0,0,0
8601.53123557512,40,2343,2127.8,2043.8,0,0,738684.413489945,0,0,0
8601.57123464152,40,2345.8,2130.6,2045.8,0,0,738684.413490408,0,0,0
8601.61123370792,40,2358.4,2131.4,2045.8,0,0,738684.413490871,0,0,0
8601.65123277432,40,2380.6,2139,2046.6,0,0,738684.413491334,0,0,0
8601.69123184072,40,2403.8,2148.6,2049.4,0,0,738684.413491797,0,0,0
8601.73123090712,40,2439,2165.6,2051,0,0,738684.41349226,0,0,0
8601.77122997352,40,2488.8,2189.6,2059.8,0,0,738684.413492723,0,0,0
8601.81122903992,40,2544.8,2233.2,2071,0,0,738684.413493186,0,0,0
8601.85122810632,40,2630,2306.8,2097.8,0,0,738684.413493649,0,0,0
8601.89122717272,40,2683.2,2417.8,2128,0,0,738684.413494112,0,0,0
8601.93122623912,40,2674.6,2565.8,2186.8,0,0,738684.413494575,0,0,0
8601.97122530552,40,2620.2,2700.8,2251.4,0,0,738684.413495038,0,0,0
8602.01122437192,40,2548.2,2773.8,2307.8,0,0,738684.413495501,0,0,0
8602.05122343832,40,2546.2,2754.8,2296.6,0,0,738684.413495963,0,0,0
8602.09122250472,40,2598.4,2726.4,2268.8,0,0,738684.413496426,0,0,0
8602.13122157112,40,2648.8,2677.2,2232,0,0,738684.413496889,0,0,0
8602.17122063752,40,2692.8,2585.2,2189.6,0,0,738684.413497352,0,0,0
8602.21121970392,40,2706.8,2469,2146.6,0,0,738684.413497815,0,0,0
8602.25121877032,40,2662,2363.6,2112.2,0,0,738684.413498278,0,0,0
8602.29121783672,40,2603,2279.8,2088.2,0,0,738684.413498741,0,0,0
8602.33121690312,40,2521.4,2216,2070,0,0,738684.413499204,0,0,0
8602.37121596952,40,2444.4,2175.4,2056.2,0,0,738684.413499667,0,0,0
8602.41121503592,40,2393.4,2147.6,2047.4,0,0,738684.41350013,0,0,0
8602.45121410232,40,2344.6,2126.2,2043.4,0,0,738684.413500593,0,0,0
8602.49121316872,40,2319.4,2116.4,2038.4,0,0,738684.413501056,0,0,0
8602.53121223512,40,2307,2112.4,2038.2,0,0,738684.413501519,0,0,0
8602.57121130152,40,2316.8,2113.6,2036.8,0,0,738684.413501982,0,0,0
8602.61121036792,40,2327.6,2119,2042.4,0,0,738684.413502445,0,0,0
8602.65120943432,40,2341.2,2121,2041.8,0,0,738684.413502908,0,0,0
8602.69120850072,40,2354.2,2130.2,2044.8,0,0,738684.413503371,0,0,0
8602.73120756712,40,2376.2,2137.2,2041.8,0,0,738684.413503834,0,0,0
8602.77120663352,40,2417,2154.4,2048.4,0,0,738684.413504297,0,0,0
8602.81120569992,40,2476.4,2180,2058,0,0,738684.41350476,0,0,0
8602.85120476632,40,2551.2,2232.6,2075.4,0,0,738684.413505223,0,0,0
8602.89120383272,40,2653.2,2315.8,2098.4,0,0,738684.413505686,0,0,0
8602.93120289912,40,2709.4,2425.2,2131.8,0,0,738684.413506148,0,0,0
8602.97120196552,40,2699.8,2552.4,2177.2,0,0,738684.413506611,0,0,0
8603.01120103192,40,2654.6,2676.2,2232,0,0,738684.413507074,0,0,0
8603.05120009832,40,2586.2,2750.4,2276.6,0,0,738684.413507537,0,0,0
8603.09119916472,40,2582.8,2739.4,2278.6,0,0,738684.413508,0,0,0
8603.13119823112,40,2608.4,2675.2,2243.6,0,0,738684.413508463,0,0,0
8603.17119729752,40,2639.4,2605,2207,0,0,738684.413508926,0,0,0
8603.21119636392,40,2660.4,2511.2,2168.6,0,0,738684.413509389,0,0,0
8603.25119543032,40,2655.4,2409,2128.8,0,0,738684.413509852,0,0,0
8603.29119449672,40,2603,2310.2,2099.4,0,0,738684.413510315,0,0,0
8603.33119356312,40,2548.8,2249.4,2076,0,0,738684.413510778,0,0,0
8603.37119262952,40,2482.6,2197.6,2060.4,0,0,738684.413511241,0,0,0
8603.41119169592,40,2435.4,2168.6,2055.2,0,0,738684.413511704,0,0,0
8603.45119076232,40,2389.8,2148,2048.6,0,0,738684.413512167,0,0,0
8603.49118982872,40,2364.8,2131.6,2048.4,0,0,738684.41351263,0,0,0
8603.53118889512,40,2352.4,2126.8,2043.6,0,0,738684.413513093,0,0,0
8603.57118796152,40,2358.2,2132.4,2044.2,0,0,738684.413513556,0,0,0
8603.61118702792,40,2375.8,2137.2,2044.8,0,0,738684.413514019,0,0,0
8603.65118609432,40,2384.6,2143.4,2048,0,0,738684.413514482,0,0,0
8603.69118516072,40,2409.2,2152.4,2048.8,0,0,738684.413514944,0,0,0
8603.73118422712,40,2446.4,2173.8,2055.6,0,0,738684.413515407,0,0,0
8603.77118329352,40,2528.6,2208.8,2066.2,0,0,738684.41351587,0,0,0
8603.81118235992,40,2615.6,2270.8,2083.6,0,0,738684.413516333,0,0,0
8603.85118142632,40,2686.8,2362,2112.6,0,0,738684.413516796,0,0,0
8603.89118049272,40,2720.6,2489.8,2153.4,0,0,738684.413517259,0,0,0
8603.93117955912,40,2681.6,2623.6,2206.6,0,0,738684.413517722,0,0,0
8603.97117862552,40,2626.8,2744.6,2263.6,0,0,738684.413518185,0,0,0
8604.01117769192,40,2559.8,2801.6,2319.6,0,0,738684.413518648,0,0,0
8604.05117675832,40,2559,2777.6,2307.8,0,0,738684.413519111,0,0,0
8604.09117582472,40,2591.6,2734,2275.6,0,0,738684.413519574,0,0,0
8604.13117489112,40,2621.4,2662,2236,0,0,738684.413520037,0,0,0
8604.17117395752,40,2668.6,2579.4,2190,0,0,738684.4135205,0,0,0
8604.21117302392,40,2691.8,2471.8,2149.8,0,0,738684.413520963,0,0,0
8604.25117209032,40,2660.4,2366.2,2112.6,0,0,738684.413521426,0,0,0
8604.29117115672,40,2601.2,2286,2089,0,0,738684.413521889,0,0,0
8604.33117022312,40,2522,2218.4,2069.2,0,0,738684.413522352,0,0,0
8604.37116928952,40,2464.4,2182.6,2058.8,0,0,738684.413522815,0,0,0
8604.41116835592,40,2402.4,2151.2,2050.2,0,0,738684.413523278,0,0,0
8604.45116742232,40,2362.8,2134.2,2046.2,0,0,738684.413523741,0,0,0
8604.49116648872,40,2336,2125.4,2044.6,0,0,738684.413524204,0,0,0
8604.53116555512,40,2331,2122,2041.4,0,0,738684.413524667,0,0,0
8604.57116462152,40,2340.2,2121,2044.6,0,0,738684.413525129,0,0,0
8604.61116368792,40,2358.4,2127.8,2041.4,0,0,738684.413525592,0,0,0
8604.65116275432,40,2377,2138,2043.8,0,0,738684.413526055,0,0,0
8604.69116182072,40,2406.4,2154,2049,0,0,738684.413526518,0,0,0
8604.73116088712,40,2457.8,2175.4,2055.4,0,0,738684.413526981,0,0,0
8604.77115995352,40,2536.8,2222.4,2071.8,0,0,738684.413527444,0,0,0
8604.81115901992,40,2631,2292.8,2088.6,0,0,738684.413527907,0,0,0
8604.85115808632,40,2705.2,2398,2123.6,0,0,738684.41352837,0,0,0
8604.89115715272,40,2726.6,2537.8,2168.2,0,0,738684.413528833,0,0,0
8604.93115621912,40,2694,2685.8,2228,0,0,738684.413529296,0,0,0
8604.97115528552,40,2621.8,2801.2,2289.4,0,0,738684.413529759,0,0,0
8605.01115435192,40,2576.4,2812.4,2314.6,0,0,738684.413530222,0,0,0
8605.05115341832,40,2596.2,2758,2279,0,0,738684.413530685,0,0,0
8605.09115248472,40,2634,2692,2243,0,0,738684.413531148,0,0,0
8605.13115155112,40,2666.2,2595.4,2198.4,0,0,738684.413531611,0,0,0
8605.17115061752,40,2680.4,2488,2158.8,0,0,738684.413532074,0,0,0
8605.21114968392,40,2658,2383.2,2124.2,0,0,738684.413532537,0,0,0
8605.25114875032,40,2612.4,2304.6,2095.6,0,0,738684.413533,0,0,0
8605.29114781672,40,2549.2,2242.8,2079,0,0,738684.413533463,0,0,0
8605.33114688312,40,2495,2204.4,2064.4,0,0,738684.413533926,0,0,0
8605.37114594952,40,2435,2172.2,2052.8,0,0,738684.413534389,0,0,0
8605.41114501592,40,2401,2153.6,2050.2,0,0,738684.413534852,0,0,0
8605.45114408232,40,2375.4,2141.6,2048.4,0,0,738684.413535314,0,0,0
8605.49114314872,40,2365,2137,2045.8,0,0,738684.413535777,0,0,0
8605.53114221512,40,2374,2137.6,2046.6,0,0,738684.41353624,0,0,0
8605.57114128152,40,2397,2144,2048,0,0,738684.413536703,0,0,0
8605.61114034792,40,2413.8,2152.8,2048.2,0,0,738684.413537166,0,0,0
8605.65113941432,40,2442.8,2166.2,2052.4,0,0,738684.413537629,0,0,0
8605.69113848072,40,2483.2,2183.4,2055.6,0,0,738684.413538092,0,0,0
8605.73113754712,40,2539.2,2221.8,2068,0,0,738684.413538555,0,0,0
8605.77113661352,40,2609.6,2275.8,2084.8,0,0,738684.413539018,0,0,0
8605.81113567992,40,2672.4,2361,2115.6,0,0,738684.413539481,0,0,0
8605.85113474632,40,2692.2,2481.6,2153.6,0,0,738684.413539944,0,0,0
8605.89113381272,40,2674.4,2618.2,2208.2,0,0,738684.413540407,0,0,0
8605.93113287912,40,2620.4,2739.8,2265.2,0,0,738684.41354087,0,0,0
8605.97113194552,40,2576.6,2803,2308.8,0,0,738684.413541333,0,0,0
8606.01113101192,40,2614,2772.2,2279,0,0,738684.413541796,0,0,0
8606.05113007832,40,2668.2,2706.6,2243.2,0,0,738684.413542259,0,0,0
8606.09112914472,40,2712.2,2627,2194.8,0,0,738684.413542722,0,0,0
8606.13112821112,40,2727.4,2505.2,2158,0,0,738684.413543185,0,0,0
8606.17112727752,40,2700.8,2390.2,2121.4,0,0,738684.413543648,0,0,0
8606.21112634392,40,2636.8,2296.6,2090.8,0,0,738684.41354411,0,0,0
8606.25112541032,40,2562.2,2235.6,2070,0,0,738684.413544573,0,0,0
8606.29112447672,40,2481,2189.4,2060,0,0,738684.413545036,0,0,0
8606.33112354312,40,2419.2,2162.2,2050.8,0,0,738684.413545499,0,0,0
8606.37112260952,40,2371,2143.6,2050.4,0,0,738684.413545962,0,0,0
8606.41112167592,40,2347.2,2130.8,2045.8,0,0,738684.413546425,0,0,0
8606.45112074232,40,2331.2,2123,2043.6,0,0,738684.413546888,0,0,0
8606.49111980872,40,2333.6,2124.4,2041,0,0,738684.413547351,0,0,0
8606.53111887512,40,2353,2130.4,2045.2,0,0,738684.413547814,0,0,0
8606.57111794152,40,2371.4,2136.2,2045.8,0,0,738684.413548277,0,0,0
8606.61111700792,40,2398,2147.2,2046.4,0,0,738684.41354874,0,0,0
8606.65111607432,40,2415,2150.8,2046.6,0,0,738684.413549203,0,0,0
8606.69111514072,40,2448.6,2172.8,2057.2,0,0,738684.413549666,0,0,0
8606.73111420712,40,2498,2197.8,2062.8,0,0,738684.413550129,0,0,0
8606.77111327352,40,2576,2244.6,2074.4,0,0,738684.413550592,0,0,0
8606.81111233992,40,2661,2328.8,2097.4,0,0,738684.413551055,0,0,0
8606.85111140632,40,2726.2,2447.2,2138.2,0,0,738684.413551518,0,0,0
8606.89111047272,40,2724.2,2590,2186.6,0,0,738684.413551981,0,0,0
8606.93110953912,40,2664.8,2709,2240.4,0,0,738684.413552444,0,0,0
8606.97110860552,40,2611.2,2777.4,2280.6,0,0,738684.413552907,0,0,0
8607.01110767192,40,2621,2733.6,2262.4,0,0,738684.41355337,0,0,0
8607.05110673832,40,2653.8,2669.2,2227.6,0,0,738684.413553832,0,0,0
8607.09110580472,40,2680.8,2595.8,2194,0,0,738684.413554295,0,0,0
8607.13110487112,40,2689.2,2490,2152.8,0,0,738684.413554758,0,0,0
8607.17110393752,40,2666.4,2392,2123.2,0,0,738684.413555221,0,0,0
8607.21110300392,40,2617.2,2306.8,2096,0,0,738684.413555684,0,0,0
8607.25110207032,40,2550.2,2245.4,2081.4,0,0,738684.413556147,0,0,0
8607.29110113672,40,2494.8,2207.4,2063.4,0,0,738684.41355661,0,0,0
8607.33110020312,40,2440,2177.2,2060.6,0,0,738684.413557073,0,0,0
8607.37109926952,40,2406.6,2158,2052.2,0,0,738684.413557536,0,0,0
8607.41109833592,40,2380.4,2143,2048.8,0,0,738684.413557999,0,0,0
8607.45109740232,40,2371,2140.8,2050,0,0,738684.413558462,0,0,0
8607.49109646872,40,2364,2137.8,2046.6,0,0,738684.413558925,0,0,0
8607.53109553512,40,2383.8,2143,2045.2,0,0,738684.413559388,0,0,0
8607.57109460152,40,2397.4,2148.4,2047.6,0,0,738684.413559851,0,0,0
8607.61109366792,40,2421.4,2154.4,2047,0,0,738684.413560314,0,0,0
8607.65109273432,40,2443.2,2164.2,2052.8,0,0,738684.413560777,0,0,0
8607.69109180072,40,2477.4,2186,2058,0,0,738684.41356124,0,0,0
8607.73109086712,40,2536.8,2222,2070.4,0,0,738684.413561703,0,0,0
8607.77108993352,40,2599.6,2282.2,2084.6,0,0,738684.413562166,0,0,0
8607.81108899992,40,2663.2,2376,2114.8,0,0,738684.413562629,0,0,0
8607.85108806632,40,2686.4,2486.6,2155.2,0,0,738684.413563092,0,0,0
8607.89108713272,40,2669.8,2618.6,2205.4,0,0,738684.413563555,0,0,0
8607.93108619912,40,2638.6,2734,2257.8,0,0,738684.413564017,0,0,0
8607.97108526552,40,2590.6,2807.2,2296.4,0,0,738684.41356448,0,0,0
8608.01108433192,40,2617.4,2780.4,2283.2,0,0,738684.413564943,0,0,0
8608.05108339832,40,2663.8,2720.4,2243.4,0,0,738684.413565406,0,0,0
8608.09108246472,40,2701,2643,2207.4,0,0,738684.413565869,0,0,0
8608.13108153112,40,2724.4,2536.2,2164.4,0,0,738684.413566332,0,0,0
8608.17108059752,40,2712.4,2422,2129,0,0,738684.413566795,0,0,0
8608.21107966392,40,2655.2,2323.8,2098.6,0,0,738684.413567258,0,0,0
8608.25107873032,40,2572.8,2253,2079.8,0,0,738684.413567721,0,0,0
8608.29107779672,40,2501.8,2206.4,2066.2,0,0,738684.413568184,0,0,0
8608.33107686312,40,2435.4,2173.2,2056,0,0,738684.413568647,0,0,0
8608.37107592952,40,2396.2,2148.4,2051.4,0,0,738684.41356911,0,0,0
8608.41107499592,40,2366.2,2142.2,2045.8,0,0,738684.413569573,0,0,0
8608.45107406232,40,2359,2129.6,2042.8,0,0,738684.413570036,0,0,0
8608.49107312872,40,2355.6,2132.8,2042.4,0,0,738684.413570499,0,0,0
8608.53107219512,40,2377.8,2141.2,2044.8,0,0,738684.413570962,0,0,0
8608.57107126152,40,2397.6,2145,2046.4,0,0,738684.413571425,0,0,0
8608.61107032792,40,2433.8,2156.6,2051,0,0,738684.413571888,0,0,0
8608.65106939432,40,2471.2,2179,2053.8,0,0,738684.413572351,0,0,0
8608.69106846072,40,2527.2,2214.8,2066.2,0,0,738684.413572814,0,0,0
8608.73106752712,40,2584.6,2266,2085.4,0,0,738684.413573276,0,0,0
8608.77106659352,40,2649.8,2354.8,2111.4,0,0,738684.413573739,0,0,0
8608.81106565992,40,2648.8,2462.6,2156,0,0,738684.413574202,0,0,0
8608.85106472632,40,2631.8,2598.4,2206.6,0,0,738684.413574665,0,0,0
8608.89106379272,40,2582,2725.8,2271.8,0,0,738684.413575128,0,0,0
8608.93106285912,40,2525.4,2788.8,2321.6,0,0,738684.413575591,0,0,0
8608.97106192552,40,2544.8,2787,2311.6,0,0,738684.413576054,0,0,0
8609.01106099192,40,2606.6,2749,2272.4,0,0,738684.413576517,0,0,0
8609.05106005832,40,2665.8,2684.8,2229.6,0,0,738684.41357698,0,0,0
8609.09105912472,40,2714.6,2588.6,2184.4,0,0,738684.413577443,0,0,0
8609.13105819112,40,2722,2473,2145.6,0,0,738684.413577906,0,0,0
8609.17105725752,40,2693.4,2377.2,2112.2,0,0,738684.413578369,0,0,0
8609.21105632392,40,2639.2,2307.6,2092.8,0,0,738684.413578832,0,0,0
8609.25105539032,40,2573.6,2255.6,2079.4,0,0,738684.413579295,0,0,0
8609.29105445672,40,2523,2220.4,2071,0,0,738684.413579758,0,0,0
8609.33105352312,40,2478.6,2198.2,2062.6,0,0,738684.413580221,0,0,0
8609.37105258952,40,2443.6,2181,2059.6,0,0,738684.413580684,0,0,0
8609.41105165592,40,2431.6,2176.4,2055.8,0,0,738684.413581147,0,0,0
8609.45105072232,40,2428.2,2169.2,2053.8,0,0,738684.41358161,0,0,0
8609.49104978872,40,2435.2,2178.4,2054.2,0,0,738684.413582073,0,0,0
8609.53104885512,40,2453.2,2184.2,2056.6,0,0,738684.413582536,0,0,0
8609.57104792152,40,2462.4,2192.6,2062.4,0,0,738684.413582998,0,0,0
8609.61104698792,40,2470,2201.6,2066,0,0,738684.413583461,0,0,0
8609.65104605432,40,2490.8,2212.4,2070.4,0,0,738684.413583924,0,0,0
8609.69104512072,40,2527.8,2240.6,2078.2,0,0,738684.413584387,0,0,0
8609.73104418712,40,2577,2288.8,2092.6,0,0,738684.41358485,0,0,0
8609.77104325352,40,2626.8,2357.2,2114.8,0,0,738684.413585313,0,0,0
8609.81104231992,40,2665.2,2463.2,2149.4,0,0,738684.413585776,0,0,0
8609.85104138632,40,2673.2,2604.8,2200.2,0,0,738684.413586239,0,0,0
8609.89104045272,40,2612.6,2742,2266.6,0,0,738684.413586702,0,0,0
8609.93103951912,40,2523.4,2846.8,2348.4,0,0,738684.413587165,0,0,0
8609.97103858552,40,2454.6,2843.2,2398.2,0,0,738684.413587628,0,0,0
8610.01103765192,40,2430.8,2773.8,2382,0,0,738684.413588091,0,0,0
8610.05103671832,40,2500.8,2750.2,2323,0,0,738684.413588554,0,0,0
8610.09103578472,40,2575.4,2681.4,2255.2,0,0,738684.413589017,0,0,0
8610.13103485112,40,2649.4,2576.4,2195.4,0,0,738684.41358948,0,0,0
8610.17103391752,40,2676,2455.8,2144.4,0,0,738684.413589943,0,0,0
8610.21103298392,40,2665.2,2356.2,2111.4,0,0,738684.413590406,0,0,0
8610.25103205032,40,2608.4,2278.6,2084.8,0,0,738684.413590869,0,0,0
8610.29103111672,40,2544.2,2228,2070.8,0,0,738684.413591332,0,0,0
8610.33103018312,40,2484.6,2191.8,2060.8,0,0,738684.413591795,0,0,0
8610.37102924952,40,2440.4,2172,2055,0,0,738684.413592258,0,0,0
8610.41102831592,40,2410.8,2155.2,2052.8,0,0,738684.413592721,0,0,0
8610.45102738232,40,2403.4,2150.8,2049.6,0,0,738684.413593183,0,0,0
8610.49102644872,40,2408.2,2156.8,2048.8,0,0,738684.413593646,0,0,0
8610.53102551512,40,2426.8,2168.6,2057.4,0,0,738684.413594109,0,0,0
8610.57102458152,40,2431.4,2174.4,2055.2,0,0,738684.413594572,0,0,0
8610.61102364792,40,2443.6,2183.4,2059,0,0,738684.413595035,0,0,0
8610.65102271432,40,2471.6,2198.8,2063.4,0,0,738684.413595498,0,0,0
8610.69102178072,40,2514,2218.8,2067,0,0,738684.413595961,0,0,0
8610.73102084712,40,2576.2,2261,2080.6,0,0,738684.413596424,0,0,0
8610.77101991352,40,2646,2331.4,2104.4,0,0,738684.413596887,0,0,0
8610.81101897992,40,2705.4,2438.4,2136.8,0,0,738684.41359735,0,0,0
8610.85101804632,40,2698.6,2579.2,2186,0,0,738684.413597813,0,0,0
8610.89101711272,40,2628.8,2719.8,2252.4,0,0,738684.413598276,0,0,0
8610.93101617912,40,2541,2828.6,2331.6,0,0,738684.413598739,0,0,0
8610.97101524552,40,2451.4,2852.4,2405.2,0,0,738684.413599202,0,0,0
8611.01101431192,40,2402,2782,2413.8,0,0,738684.413599665,0,0,0
8611.05101337832,40,2466,2804.2,2372.2,0,0,738684.413600128,0,0,0
8611.09101244472,40,2563.2,2768.8,2297.4,0,0,738684.413600591,0,0,0
8611.13101151112,40,2651.4,2657.4,2225.2,0,0,738684.413601054,0,0,0
8611.17101057752,40,2699.2,2522.2,2163.8,0,0,738684.413601517,0,0,0
8611.21100964392,40,2697,2402.2,2122.4,0,0,738684.413601979,0,0,0
8611.25100871032,40,2646.8,2308.8,2095.8,0,0,738684.413602442,0,0,0
8611.29100777672,40,2572.4,2245.6,2076,0,0,738684.413602905,0,0,0
8611.33100684312,40,2510,2201.8,2065.2,0,0,738684.413603368,0,0,0
8611.37100590952,40,2457.8,2178.6,2056.8,0,0,738684.413603831,0,0,0
8611.41100497592,40,2430.4,2161.4,2057,0,0,738684.413604294,0,0,0
8611.45100404232,40,2420.4,2157.8,2050.8,0,0,738684.413604757,0,0,0
8611.49100310872,40,2439.2,2171.4,2054.8,0,0,738684.41360522,0,0,0
8611.53100217512,40,2462.4,2179.2,2056.6,0,0,738684.413605683,0,0,0
8611.57100124152,40,2485.4,2196.2,2062.6,0,0,738684.413606146,0,0,0
8611.61100030792,40,2529.2,2227.6,2070.2,0,0,738684.413606609,0,0,0
8611.65099937432,40,2588.6,2273.6,2087,0,0,738684.413607072,0,0,0
8611.69099844072,40,2638.2,2348.6,2111,0,0,738684.413607535,0,0,0
8611.73099750712,40,2666.8,2461.6,2151.2,0,0,738684.413607998,0,0,0
8611.77099657352,40,2635.4,2592.2,2206.4,0,0,738684.413608461,0,0,0
8611.81099563992,40,2566,2728.8,2285.8,0,0,738684.413608924,0,0,0
8611.85099470632,40,2462.6,2813.6,2377.4,0,0,738684.413609387,0,0,0
8611.89099377272,40,2379.8,2835,2469.6,0,0,738684.41360985,0,0,0
8611.93099283912,40,2341,2822,2505.4,0,0,738684.413610313,0,0,0
8611.97099190552,40,2378.8,2837.4,2464.2,0,0,738684.413610776,0,0,0
8612.01099097192,40,2461.4,2820.8,2383.4,0,0,738684.413611239,0,0,0
8612.05099003832,40,2544.6,2718.4,2289.6,0,0,738684.413611702,0,0,0
8612.09098910472,40,2606.4,2574.2,2204.4,0,0,738684.413612164,0,0,0
8612.13098817112,40,2616.2,2440.6,2149.4,0,0,738684.413612627,0,0,0
8612.17098723752,40,2592.2,2342.4,2114.4,0,0,738684.41361309,0,0,0
8612.21098630392,40,2550.4,2267.2,2086.2,0,0,738684.413613553,0,0,0
8612.25098537032,40,2504.2,2221,2072,0,0,738684.413614016,0,0,0
8612.29098443672,40,2459.2,2186.2,2059.2,0,0,738684.413614479,0,0,0
8612.33098350312,40,2425.2,2171.8,2057.8,0,0,738684.413614942,0,0,0
8612.37098256952,40,2413.6,2165.8,2053.2,0,0,738684.413615405,0,0,0
8612.41098163592,40,2434.8,2172,2054.6,0,0,738684.413615868,0,0,0
8612.45098070232,40,2463.6,2179.4,2057.6,0,0,738684.413616331,0,0,0
8612.49097976872,40,2490,2194.6,2059.6,0,0,738684.413616794,0,0,0
8612.53097883512,40,2519.8,2215.6,2070.8,0,0,738684.413617257,0,0,0
8612.57097790152,40,2569.4,2252,2080.4,0,0,738684.41361772,0,0,0
8612.61097696792,40,2627.2,2313.2,2100.4,0,0,738684.413618183,0,0,0
8612.65097603432,40,2675.6,2409.6,2128.2,0,0,738684.413618646,0,0,0
8612.69097510072,40,2679.8,2547.4,2180,0,0,738684.413619109,0,0,0
8612.73097416712,40,2618.6,2708.6,2253.4,0,0,738684.413619572,0,0,0
8612.77097323352,40,2520.8,2850.4,2348.2,0,0,738684.413620035,0,0,0
8612.81097229992,40,2418.2,2911.2,2461.8,0,0,738684.413620498,0,0,0
8612.85097136632,40,2332.6,2864,2555.4,0,0,738684.413620961,0,0,0
8612.89097043272,40,2302,2807.4,2553.6,0,0,738684.413621424,0,0,0
8612.93096949912,40,2363,2875,2512.2,0,0,738684.413621887,0,0,0
8612.97096856552,40,2457.8,2881.6,2412.4,0,0,738684.413622349,0,0,0
8613.01096763192,40,2566.2,2790.6,2305.4,0,0,738684.413622812,0,0,0
8613.05096669832,40,2657.4,2632.4,2213,0,0,738684.413623275,0,0,0
8613.09096576472,40,2689.4,2477,2150,0,0,738684.413623738,0,0,0
8613.13096483112,40,2665.6,2356.6,2109.8,0,0,738684.413624201,0,0,0
8613.17096389752,40,2601.8,2275,2084.6,0,0,738684.413624664,0,0,0
8613.21096296392,40,2545.4,2230.4,2071.4,0,0,738684.413625127,0,0,0
8613.25096203032,40,2496.2,2196.8,2060,0,0,738684.41362559,0,0,0
8613.29096109672,40,2468.2,2184,2057.8,0,0,738684.413626053,0,0,0
8613.33096016312,40,2465.6,2182.2,2053.8,0,0,738684.413626516,0,0,0
8613.37095922952,40,2488.6,2193.2,2061,0,0,738684.413626979,0,0,0
8613.41095829592,40,2526,2213,2066.6,0,0,738684.413627442,0,0,0
8613.45095736232,40,2553.2,2239.8,2075.2,0,0,738684.413627905,0,0,0
8613.49095642872,40,2598.6,2286.8,2091.2,0,0,738684.413628368,0,0,0
8613.53095549512,40,2645.4,2359.2,2113.6,0,0,738684.413628831,0,0,0
8613.57095456152,40,2669.8,2467.8,2148,0,0,738684.413629294,0,0,0
8613.61095362792,40,2656,2610.8,2208.6,0,0,738684.413629757,0,0,0
8613.65095269432,40,2609,2771.6,2283,0,0,738684.41363022,0,0,0
8613.69095176072,40,2512.8,2893.8,2377.8,0,0,738684.413630683,0,0,0
8613.73095082712,40,2421.4,2948.8,2482.8,0,0,738684.413631145,0,0,0
8613.77094989352,40,2349,2915.4,2558.4,0,0,738684.413631608,0,0,0
8613.81094895992,40,2330.6,2857.6,2544.8,0,0,738684.413632071,0,0,0
8613.85094802632,40,2365.8,2816.8,2474.4,0,0,738684.413632534,0,0,0
8613.89094709272,40,2468.8,2832,2380,0,0,738684.413632997,0,0,0
8613.93094615912,40,2577.6,2760,2287,0,0,738684.41363346,0,0,0
8613.97094522552,40,2662.2,2616.8,2207,0,0,738684.413633923,0,0,0
8614.01094429192,40,2690.4,2471,2148.6,0,0,738684.413634386,0,0,0
8614.05094335832,40,2678.8,2364.8,2110.2,0,0,738684.413634849,0,0,0
8614.09094242472,40,2626,2288.8,2085.8,0,0,738684.413635312,0,0,0
8614.13094149112,40,2574.2,2240.4,2072.4,0,0,738684.413635775,0,0,0
8614.17094055752,40,2519.8,2211.8,2067.2,0,0,738684.413636238,0,0,0
8614.21093962392,40,2487.4,2192.8,2064.2,0,0,738684.413636701,0,0,0
8614.25093869032,40,2494.8,2194.2,2065.4,0,0,738684.413637164,0,0,0
8614.29093775672,40,2519.6,2215.4,2066.4,0,0,738684.413637627,0,0,0
8614.33093682312,40,2540.4,2232,2068.8,0,0,738684.41363809,0,0,0
8614.37093588952,40,2575.8,2264.2,2085.4,0,0,738684.413638553,0,0,0
8614.41093495592,40,2633.4,2323.4,2103,0,0,738684.413639016,0,0,0
8614.45093402232,40,2684.8,2413,2134.4,0,0,738684.413639479,0,0,0
8614.49093308872,40,2686.6,2538,2171,0,0,738684.413639942,0,0,0
8614.53093215512,40,2637.8,2690,2237.4,0,0,738684.413640405,0,0,0
8614.57093122152,40,2547.4,2825.2,2329.6,0,0,738684.413640867,0,0,0
8614.61093028792,40,2451.2,2893.4,2428.2,0,0,738684.41364133,0,0,0
8614.65092935432,40,2357.6,2877.2,2520.4,0,0,738684.413641793,0,0,0
8614.69092842072,40,2301.6,2812.6,2562,0,0,738684.413642256,0,0,0
8614.73092748712,40,2319.4,2815.6,2537.2,0,0,738684.413642719,0,0,0
8614.77092655352,40,2395,2888.4,2486,0,0,738684.413643182,0,0,0
8614.81092561992,40,2480.4,2884.2,2394.2,0,0,738684.413643645,0,0,0
8614.85092468632,40,2588.4,2798.8,2299.2,0,0,738684.413644108,0,0,0
8614.89092375272,40,2679,2649.4,2210.8,0,0,738684.413644571,0,0,0
8614.93092281912,40,2717.4,2497.6,2152.4,0,0,738684.413645034,0,0,0
8614.97092188552,40,2686.8,2372.8,2112.2,0,0,738684.413645497,0,0,0
8615.01092095192,40,2634,2292,2087.6,0,0,738684.41364596,0,0,0
8615.05092001832,40,2572.4,2241.4,2075.6,0,0,738684.413646423,0,0,0
8615.09091908472,40,2518.4,2208.2,2067.6,0,0,738684.413646886,0,0,0
8615.13091815112,40,2478.2,2190.8,2060.8,0,0,738684.413647349,0,0,0
8615.17091721752,40,2474.4,2187.2,2060.2,0,0,738684.413647812,0,0,0
8615.21091628392,40,2502,2203.4,2065.2,0,0,738684.413648275,0,0,0
8615.25091535032,40,2535.6,2227.8,2070.2,0,0,738684.413648738,0,0,0
8615.29091441672,40,2576.8,2267.8,2084.2,0,0,738684.413649201,0,0,0
8615.33091348312,40,2618.6,2327.8,2108,0,0,738684.413649664,0,0,0
8615.37091254952,40,2647.6,2432.4,2135.4,0,0,738684.413650127,0,0,0
8615.41091161592,40,2640.2,2566,2191.8,0,0,738684.41365059,0,0,0
8615.45091068232,40,2582.4,2707.2,2265.8,0,0,738684.413651053,0,0,0
8615.49090974872,40,2503.4,2828,2352.6,0,0,738684.413651515,0,0,0
8615.53090881512,40,2413.8,2875.4,2452.8,0,0,738684.413651978,0,0,0
8615.57090788152,40,2349.8,2881,2544.2,0,0,738684.413652441,0,0,0
8615.61090694792,40,2309.8,2832.8,2570,0,0,738684.413652904,0,0,0
8615.65090601432,40,2321.8,2807.4,2532.4,0,0,738684.413653367,0,0,0
8615.69090508072,40,2381,2846.2,2472.2,0,0,738684.41365383,0,0,0
8615.73090414712,40,2479.6,2830.8,2374.2,0,0,738684.413654293,0,0,0
8615.77090321352,40,2586.2,2730.6,2267.8,0,0,738684.413654756,0,0,0
8615.81090227992,40,2668.8,2593.2,2194.4,0,0,738684.413655219,0,0,0
8615.85090134632,40,2701.8,2447.8,2138,0,0,738684.413655682,0,0,0
8615.89090041272,40,2663.4,2340.2,2103,0,0,738684.413656145,0,0,0
8615.93089947912,40,2592.4,2266.2,2079.6,0,0,738684.413656608,0,0,0
8615.97089854552,40,2549.6,2227.4,2068,0,0,738684.413657071,0,0,0
8616.01089761192,40,2503.6,2196,2066.6,0,0,738684.413657534,0,0,0
8616.05089667832,40,2464.6,2181.8,2058,0,0,738684.413657997,0,0,0
8616.09089574472,40,2480,2191.2,2058,0,0,738684.41365846,0,0,0
8616.13089481112,40,2500.2,2212.2,2065,0,0,738684.413658923,0,0,0
8616.17089387752,40,2533.6,2241.2,2074.6,0,0,738684.413659386,0,0,0
8616.21089294392,40,2585.6,2287,2090.2,0,0,738684.413659849,0,0,0
8616.25089201032,40,2634.6,2366.4,2118.2,0,0,738684.413660311,0,0,0
8616.29089107672,40,2663.2,2488,2157,0,0,738684.413660774,0,0,0
8616.33089014312,40,2641.2,2643.4,2222.8,0,0,738684.413661237,0,0,0
8616.37088920952,40,2553,2789,2311.6,0,0,738684.4136617,0,0,0
8616.41088827592,40,2457.6,2889.4,2414.4,0,0,738684.413662163,0,0,0
8616.45088734232,40,2368.4,2892.4,2515.2,0,0,738684.413662626,0,0,0
8616.49088640872,40,2309,2833.6,2570.2,0,0,738684.413663089,0,0,0
8616.53088547512,40,2304.4,2799,2551.6,0,0,738684.413663552,0,0,0
8616.57088454152,40,2370.8,2859.8,2492.2,0,0,738684.413664015,0,0,0
8616.61088360792,40,2461.2,2866.8,2399,0,0,738684.413664478,0,0,0
8616.65088267432,40,2591.6,2785.8,2291.6,0,0,738684.413664941,0,0,0
8616.69088174072,40,2668,2609.2,2199.6,0,0,738684.413665404,0,0,0
8616.73088080712,40,2708,2460.8,2140.8,0,0,738684.413665867,0,0,0
8616.77087987352,40,2656.6,2339.8,2105.2,0,0,738684.41366633,0,0,0
8616.81087893992,40,2591.2,2265.2,2081.6,0,0,738684.413666793,0,0,0
8616.85087800632,40,2528.6,2216.4,2070.2,0,0,738684.413667256,0,0,0
8616.89087707272,40,2488,2191.8,2059.6,0,0,738684.413667719,0,0,0
8616.93087613912,40,2461.6,2179.4,2061,0,0,738684.413668182,0,0,0
8616.97087520552,40,2477.6,2191.8,2056.6,0,0,738684.413668645,0,0,0
8617.01087427192,40,2504.6,2206.4,2066.8,0,0,738684.413669108,0,0,0
8617.05087333832,40,2536.8,2232.8,2071,0,0,738684.413669571,0,0,0
8617.09087240472,40,2583,2281.6,2092.6,0,0,738684.413670033,0,0,0
8617.13087147112,40,2638.4,2358,2111.2,0,0,738684.413670496,0,0,0
8617.17087053752,40,2669,2470.8,2157,0,0,738684.413670959,0,0,0
8617.21086960392,40,2651.6,2618.4,2210.6,0,0,738684.413671422,0,0,0
8617.25086867032,40,2583,2764.4,2288,0,0,738684.413671885,0,0,0
8617.29086773672,40,2492.6,2874,2379.2,0,0,738684.413672348,0,0,0
8617.33086680312,40,2413.2,2923,2481.8,0,0,738684.413672811,0,0,0
8617.37086586952,40,2345.8,2877.8,2545,0,0,738684.413673274,0,0,0
8617.41086493592,40,2324.6,2839,2547.6,0,0,738684.413673737,0,0,0
8617.45086400232,40,2355.4,2820,2491.6,0,0,738684.4136742,0,0,0
8617.49086306872,40,2448,2845,2404,0,0,738684.413674663,0,0,0
8617.53086213512,40,2547.2,2790.2,2310.6,0,0,738684.413675126,0,0,0
8617.57086120152,40,2641,2664.6,2228.8,0,0,738684.413675589,0,0,0
8617.61086026792,40,2697.4,2523,2164.2,0,0,738684.413676052,0,0,0
8617.65085933432,40,2684.8,2403.2,2124.2,0,0,738684.413676515,0,0,0
8617.69085840072,40,2650.2,2323.8,2097.4,0,0,738684.413676978,0,0,0
8617.73085746712,40,2598.6,2272,2082,0,0,738684.413677441,0,0,0
8617.77085653352,40,2561.4,2238.2,2071.2,0,0,738684.413677904,0,0,0
8617.81085559992,40,2539.6,2228.2,2074.2,0,0,738684.413678367,0,0,0
8617.85085466632,40,2559,2238.4,2073.6,0,0,738684.41367883,0,0,0
8617.89085373272,40,2572.6,2253.6,2077.4,0,0,738684.413679293,0,0,0
8617.93085279912,40,2582.4,2279,2085.4,0,0,738684.413679756,0,0,0
8617.97085186552,40,2606.4,2320.2,2103.6,0,0,738684.413680218,0,0,0
8618.01085093192,40,2630.4,2380,2124.8,0,0,738684.413680681,0,0,0
8618.05084999832,40,2634.4,2471.2,2157.6,0,0,738684.413681144,0,0,0
8618.09084906472,40,2600.8,2572.8,2207,0,0,738684.413681607,0,0,0
8618.13084813112,40,2565.2,2697.8,2272.6,0,0,738684.41368207,0,0,0
8618.17084719752,40,2503.2,2805.6,2348.2,0,0,738684.413682533,0,0,0
8618.21084626392,40,2434,2850.4,2426.4,0,0,738684.413682996,0,0,0
8618.25084533032,40,2383,2879.4,2491.4,0,0,738684.413683459,0,0,0
8618.29084439672,40,2356.8,2876.4,2521.8,0,0,738684.413683922,0,0,0
8618.33084346312,40,2371.6,2882.2,2505.2,0,0,738684.413684385,0,0,0
8618.37084252952,40,2410,2861.4,2450.8,0,0,738684.413684848,0,0,0
8618.41084159592,40,2473.6,2824.4,2372.8,0,0,738684.413685311,0,0,0
8618.45084066232,40,2552.6,2737.4,2291.6,0,0,738684.413685774,0,0,0
8618.49083972872,40,2613,2609.8,2214.8,0,0,738684.413686237,0,0,0
8618.53083879512,40,2634.2,2479,2160,0,0,738684.4136867,0,0,0
8618.57083786152,40,2637.6,2385.4,2124,0,0,738684.413687163,0,0,0
8618.61083692792,40,2599.8,2317.2,2098.4,0,0,738684.413687626,0,0,0
8618.65083599432,40,2573.2,2272,2088.6,0,0,738684.413688089,0,0,0
8618.69083506072,40,2555.6,2251.4,2084.2,0,0,738684.413688552,0,0,0
8618.73083412712,40,2557.4,2255.2,2084.6,0,0,738684.413689015,0,0,0
8618.77083319352,40,2578.6,2272,2087.6,0,0,738684.413689477,0,0,0
8618.81083225992,40,2605.6,2297.4,2092.4,0,0,738684.41368994,0,0,0
8618.85083132632,40,2619.8,2334,2103.6,0,0,738684.413690403,0,0,0
8618.89083039272,40,2649.2,2390.6,2125,0,0,738684.413690866,0,0,0
8618.93082945912,40,2670.4,2483.2,2155,0,0,738684.413691329,0,0,0
8618.97082852552,40,2653,2606.8,2204.6,0,0,738684.413691792,0,0,0
8619.01082759192,40,2601.8,2745.8,2273.2,0,0,738684.413692255,0,0,0
8619.05082665832,40,2519.2,2858.2,2357.6,0,0,738684.413692718,0,0,0
8619.09082572472,40,2431,2901.4,2445.6,0,0,738684.413693181,0,0,0
8619.13082479112,40,2363.2,2886.8,2522,0,0,738684.413693644,0,0,0
8619.17082385752,40,2325.8,2869,2576.6,0,0,738684.413694107,0,0,0
8619.21082292392,40,2316.8,2833.2,2561.2,0,0,738684.41369457,0,0,0
8619.25082199032,40,2335,2819,2518.4,0,0,738684.413695033,0,0,0
8619.29082105672,40,2387.8,2849,2468.2,0,0,738684.413695496,0,0,0
8619.33082012312,40,2459.4,2846.8,2395,0,0,738684.413695959,0,0,0
8619.37081918952,40,2540.6,2796.8,2317.6,0,0,738684.413696422,0,0,0
8619.41081825592,40,2628.2,2708,2250,0,0,738684.413696885,0,0,0
8619.45081732232,40,2688.8,2589.6,2192.8,0,0,738684.413697348,0,0,0
8619.49081638872,40,2704.4,2480.2,2150.4,0,0,738684.413697811,0,0,0
8619.53081545512,40,2694.2,2396.6,2121.6,0,0,738684.413698274,0,0,0
8619.57081452152,40,2673.2,2345.8,2106,0,0,738684.413698737,0,0,0
8619.61081358792,40,2631.4,2309.2,2094.8,0,0,738684.413699199,0,0,0
8619.65081265432,40,2627.6,2299.8,2094.2,0,0,738684.413699662,0,0,0
8619.69081172072,40,2639,2321.8,2100.4,0,0,738684.413700125,0,0,0
8619.73081078712,40,2644,2344,2106.8,0,0,738684.413700588,0,0,0
8619.77080985352,40,2635.2,2381.4,2120,0,0,738684.413701051,0,0,0
8619.81080891992,40,2626.2,2422.8,2138,0,0,738684.413701514,0,0,0
8619.85080798632,40,2630.8,2495,2169.2,0,0,738684.413701977,0,0,0
8619.89080705272,40,2613.6,2594,2211.2,0,0,738684.41370244,0,0,0
8619.93080611912,40,2571,2716.4,2270.6,0,0,738684.413702903,0,0,0
8619.97080518552,40,2507.6,2818.6,2354.8,0,0,738684.413703366,0,0,0
8620.01080425192,40,2434.4,2885.8,2439,0,0,738684.413703829,0,0,0
8620.05080331832,40,2374.4,2916.8,2524.8,0,0,738684.413704292,0,0,0
8620.09080238472,40,2341,2888.4,2556.6,0,0,738684.413704755,0,0,0
8620.13080145112,40,2338.4,2861,2538.8,0,0,738684.413705218,0,0,0
8620.17080051752,40,2353,2814.8,2489.2,0,0,738684.413705681,0,0,0
8620.21079958392,40,2427.8,2832.6,2415.8,0,0,738684.413706144,0,0,0
8620.25079865032,40,2518,2793.2,2332,0,0,738684.413706607,0,0,0
8620.29079771672,40,2600.6,2701.2,2254,0,0,738684.41370707,0,0,0
8620.33079678312,40,2670.8,2588.6,2192.6,0,0,738684.413707533,0,0,0
8620.37079584952,40,2694.6,2475.6,2149,0,0,738684.413707996,0,0,0
8620.41079491592,40,2685.6,2392.6,2120,0,0,738684.413708459,0,0,0
8620.45079398232,40,2671.2,2339.2,2100.6,0,0,738684.413708922,0,0,0
8620.49079304872,40,2645.4,2311.2,2095.2,0,0,738684.413709384,0,0,0
8620.53079211512,40,2646.4,2303.2,2091.4,0,0,738684.413709847,0,0,0
8620.57079118152,40,2646,2319.2,2100.4,0,0,738684.41371031,0,0,0
8620.61079024792,40,2670.8,2355,2107.6,0,0,738684.413710773,0,0,0
8620.65078931432,40,2660.8,2399.8,2126.4,0,0,738684.413711236,0,0,0
8620.69078838072,40,2675,2480.6,2154.4,0,0,738684.413711699,0,0,0
8620.73078744712,40,2657.8,2590.6,2196,0,0,738684.413712162,0,0,0
8620.77078651352,40,2603.4,2713.6,2262.2,0,0,738684.413712625,0,0,0
8620.81078557992,40,2523,2834.6,2347.6,0,0,738684.413713088,0,0,0
8620.85078464632,40,2440,2913,2449.6,0,0,738684.413713551,0,0,0
8620.89078371272,40,2366.4,2932,2545.2,0,0,738684.413714014,0,0,0
8620.93078277912,40,2321,2906.8,2610,0,0,738684.413714477,0,0,0
8620.97078184552,40,2309.4,2865.4,2604,0,0,738684.41371494,0,0,0
8621.01078091192,40,2315.8,2808.2,2540.4,0,0,738684.413715403,0,0,0
8621.05077997832,40,2378,2837.4,2469.4,0,0,738684.413715866,0,0,0
8621.09077904472,40,2480.2,2821.4,2365.2,0,0,738684.413716329,0,0,0
8621.13077811112,40,2578.2,2731,2275,0,0,738684.413716792,0,0,0
8621.17077717752,40,2657.2,2614.2,2203.4,0,0,738684.413717255,0,0,0
8621.21077624392,40,2683.2,2491.4,2155,0,0,738684.413717718,0,0,0
8621.25077531032,40,2683.4,2403.4,2125.2,0,0,738684.41371818,0,0,0
8621.29077437672,40,2661,2336.8,2097.6,0,0,738684.413718643,0,0,0
8621.33077344312,40,2616.8,2285,2086,0,0,738684.413719106,0,0,0
8621.37077250952,40,2574.4,2246.2,2073,0,0,738684.413719569,0,0,0
8621.41077157592,40,2563.2,2245.4,2076,0,0,738684.413720032,0,0,0
8621.45077064232,40,2591.4,2265,2081,0,0,738684.413720495,0,0,0
8621.49076970872,40,2622.8,2297.6,2090.8,0,0,738684.413720958,0,0,0
8621.53076877512,40,2653.8,2346.8,2104.8,0,0,738684.413721421,0,0,0
8621.57076784152,40,2675.8,2415.4,2130,0,0,738684.413721884,0,0,0
8621.61076690792,40,2679.8,2522.4,2171.4,0,0,738684.413722347,0,0,0
8621.65076597432,40,2620.4,2639.4,2225.6,0,0,738684.41372281,0,0,0
8621.69076504072,40,2538.4,2744.6,2297.2,0,0,738684.413723273,0,0,0
8621.73076410712,40,2452.8,2822.8,2390,0,0,738684.413723736,0,0,0
8621.77076317352,40,2369,2831,2481.6,0,0,738684.413724199,0,0,0
8621.81076223992,40,2325.4,2841.8,2554.2,0,0,738684.413724662,0,0,0
8621.85076130632,40,2312.6,2844.6,2569.6,0,0,738684.413725125,0,0,0
8621.89076037272,40,2337.8,2838.8,2523.6,0,0,738684.413725588,0,0,0
8621.93075943912,40,2390.8,2817.8,2445.2,0,0,738684.413726051,0,0,0
8621.97075850552,40,2481.8,2790.8,2352.4,0,0,738684.413726514,0,0,0
8622.01075757192,40,2574.4,2697.8,2263.2,0,0,738684.413726977,0,0,0
8622.05075663832,40,2624,2565.6,2194,0,0,738684.41372744,0,0,0
8622.09075570472,40,2645,2453,2147.2,0,0,738684.413727902,0,0,0
8622.13075477112,40,2641.4,2370.6,2119.4,0,0,738684.413728365,0,0,0
8622.17075383752,40,2612.6,2305.2,2095.2,0,0,738684.413728828,0,0,0
8622.21075290392,40,2592.6,2271.2,2083.8,0,0,738684.413729291,0,0,0
8622.25075197032,40,2572,2255,2075.6,0,0,738684.413729754,0,0,0
8622.29075103672,40,2579.6,2253.6,2079.6,0,0,738684.413730217,0,0,0
8622.33075010312,40,2593.2,2270.6,2081.4,0,0,738684.41373068,0,0,0
8622.37074916952,40,2619,2299.4,2091,0,0,738684.413731143,0,0,0
8622.41074823592,40,2630.6,2338,2107,0,0,738684.413731606,0,0,0
8622.45074730232,40,2647,2395.4,2124.4,0,0,738684.413732069,0,0,0
8622.49074636872,40,2661,2480.8,2158,0,0,738684.413732532,0,0,0
8622.53074543512,40,2625.2,2590.2,2205.6,0,0,738684.413732995,0,0,0
8622.57074450152,40,2576.4,2710.6,2270.8,0,0,738684.413733458,0,0,0
8622.61074356792,40,2503,2828.6,2355,0,0,738684.413733921,0,0,0
8622.65074263432,40,2424.8,2887.6,2449.8,0,0,738684.413734384,0,0,0
8622.69074170072,40,2354.6,2888.4,2537.4,0,0,738684.413734847,0,0,0
8622.73074076712,40,2313.4,2874,2594.6,0,0,738684.41373531,0,0,0
8622.77073983352,40,2316.4,2845.8,2573.2,0,0,738684.413735773,0,0,0
8622.81073889992,40,2338,2812.4,2509.6,0,0,738684.413736236,0,0,0
8622.85073796632,40,2420,2834.8,2428.6,0,0,738684.413736699,0,0,0
8622.89073703272,40,2511.8,2787.8,2332.4,0,0,738684.413737162,0,0,0
8622.93073609912,40,2585.6,2673.2,2252.6,0,0,738684.413737625,0,0,0
8622.97073516552,40,2650,2563,2188,0,0,738684.413738088,0,0,0
8623.01073423192,40,2674.2,2453.8,2142.2,0,0,738684.41373855,0,0,0
8623.05073329832,40,2663.4,2364.8,2115.4,0,0,738684.413739013,0,0,0
8623.09073236472,40,2626,2303.6,2090.4,0,0,738684.413739476,0,0,0
8623.13073143112,40,2583.2,2258,2081,0,0,738684.413739939,0,0,0
8623.17073049752,40,2535.4,2229.4,2072,0,0,738684.413740402,0,0,0
8623.21072956392,40,2512.6,2215,2066.2,0,0,738684.413740865,0,0,0
8623.25072863032,40,2506.4,2215.4,2067.4,0,0,738684.413741328,0,0,0
8623.29072769672,40,2522,2229,2072.6,0,0,738684.413741791,0,0,0
8623.33072676312,40,2537.4,2249.8,2073.2,0,0,738684.413742254,0,0,0
8623.37072582952,40,2572,2273.8,2083.8,0,0,738684.413742717,0,0,0
8623.41072489592,40,2623,2325.8,2103.2,0,0,738684.41374318,0,0,0
8623.45072396232,40,2668.4,2399.4,2124.2,0,0,738684.413743643,0,0,0
8623.49072302872,40,2685.4,2501,2160,0,0,738684.413744106,0,0,0
8623.53072209512,40,2673.6,2628.6,2207.2,0,0,738684.413744569,0,0,0
8623.57072116152,40,2631,2750.6,2266.6,0,0,738684.413745032,0,0,0
8623.61072022792,40,2577,2835.2,2322.8,0,0,738684.413745495,0,0,0
8623.65071929432,40,2512.2,2850.4,2357.4,0,0,738684.413745958,0,0,0
8623.69071836072,40,2497,2802,2349.8,0,0,738684.413746421,0,0,0
8623.73071742712,40,2500.8,2732,2313.6,0,0,738684.413746884,0,0,0
8623.77071649352,40,2537.2,2653.8,2263.4,0,0,738684.413747346,0,0,0
8623.81071555992,40,2610.6,2580.6,2207.2,0,0,738684.413747809,0,0,0
8623.85071462632,40,2638.4,2477.6,2162.2,0,0,738684.413748272,0,0,0
8623.89071369272,40,2636.2,2388.8,2122.2,0,0,738684.413748735,0,0,0
8623.93071275912,40,2612.2,2317.8,2095.8,0,0,738684.413749198,0,0,0
8623.97071182552,40,2566.4,2260.6,2079.4,0,0,738684.413749661,0,0,0
8624.01071089192,40,2515.4,2223.6,2070.8,0,0,738684.413750124,0,0,0
8624.05070995832,40,2484,2192.8,2058.8,0,0,738684.413750587,0,0,0
8624.09070902472,40,2447.8,2175.8,2057.8,0,0,738684.41375105,0,0,0
8624.13070809112,40,2432.4,2167.2,2053.6,0,0,738684.413751513,0,0,0
8624.17070715752,40,2440.6,2174.4,2058,0,0,738684.413751976,0,0,0
8624.21070622392,40,2458,2188.2,2061.2,0,0,738684.413752439,0,0,0
8624.25070529032,40,2477.2,2202.6,2064.8,0,0,738684.413752902,0,0,0
8624.29070435672,40,2510.8,2229.2,2073,0,0,738684.413753365,0,0,0
8624.33070342312,40,2567.6,2263.8,2088.2,0,0,738684.413753828,0,0,0
8624.37070248952,40,2629.6,2331.2,2103,0,0,738684.413754291,0,0,0
8624.41070155592,40,2665.6,2414.8,2131.6,0,0,738684.413754754,0,0,0
8624.45070062232,40,2673,2522.6,2169.8,0,0,738684.413755217,0,0,0
8624.49069968872,40,2657.4,2637.2,2215.4,0,0,738684.41375568,0,0,0
8624.53069875512,40,2607.6,2727.2,2261.2,0,0,738684.413756143,0,0,0
8624.57069782152,40,2555.4,2771,2306.4,0,0,738684.413756606,0,0,0
8624.61069688792,40,2521.4,2761.2,2318.2,0,0,738684.413757068,0,0,0
8624.65069595432,40,2510.4,2712.6,2300.6,0,0,738684.413757531,0,0,0
8624.69069502072,40,2542.2,2666.8,2265.8,0,0,738684.413757994,0,0,0
8624.73069408712,40,2611.2,2612,2223.2,0,0,738684.413758457,0,0,0
8624.77069315352,40,2636.8,2513.8,2173.8,0,0,738684.41375892,0,0,0
8624.81069221992,40,2654.2,2421.2,2133.2,0,0,738684.413759383,0,0,0
8624.85069128632,40,2622.8,2330.2,2104.6,0,0,738684.413759846,0,0,0
8624.89069035272,40,2569.2,2260,2084.2,0,0,738684.413760309,0,0,0
8624.93068941912,40,2504.2,2212.6,2065.8,0,0,738684.413760772,0,0,0
8624.97068848552,40,2455,2184.6,2055.8,0,0,738684.413761235,0,0,0
8625.01068755192,40,2417.2,2165.6,2053.6,0,0,738684.413761698,0,0,0
8625.05068661832,40,2389.2,2151.2,2053.8,0,0,738684.413762161,0,0,0
8625.09068568472,40,2389.4,2152.4,2051.2,0,0,738684.413762624,0,0,0
8625.13068475112,40,2403.8,2159.4,2052.4,0,0,738684.413763087,0,0,0
8625.17068381752,40,2422.8,2175.8,2059.4,0,0,738684.41376355,0,0,0
8625.21068288392,40,2446,2188.8,2064.4,0,0,738684.413764013,0,0,0
8625.25068195032,40,2497.2,2219,2073.2,0,0,738684.413764476,0,0,0
8625.29068101672,40,2565,2270.8,2085.6,0,0,738684.413764939,0,0,0
8625.33068008312,40,2623.6,2345.4,2113.8,0,0,738684.413765402,0,0,0
8625.37067914952,40,2657,2446.4,2143.2,0,0,738684.413765865,0,0,0
8625.41067821592,40,2644.6,2568,2194.4,0,0,738684.413766328,0,0,0
8625.45067728232,40,2608.8,2693,2252,0,0,738684.413766791,0,0,0
8625.49067634872,40,2544.8,2788.6,2315.2,0,0,738684.413767253,0,0,0
8625.53067541512,40,2487.4,2825.2,2366,0,0,738684.413767716,0,0,0
8625.57067448152,40,2464,2800,2371.8,0,0,738684.413768179,0,0,0
8625.61067354792,40,2465,2755.4,2348.6,0,0,738684.413768642,0,0,0
8625.65067261432,40,2531.6,2731.2,2303.2,0,0,738684.413769105,0,0,0
8625.69067168072,40,2583.6,2665.4,2247.4,0,0,738684.413769568,0,0,0
8625.73067074712,40,2634.8,2572.8,2193.6,0,0,738684.413770031,0,0,0
8625.77066981352,40,2662.4,2460.4,2147.4,0,0,738684.413770494,0,0,0
8625.81066887992,40,2637.8,2356.4,2114.8,0,0,738684.413770957,0,0,0
8625.85066794632,40,2577.8,2276.6,2086.2,0,0,738684.41377142,0,0,0
8625.89066701272,40,2515.8,2222.2,2071.6,0,0,738684.413771883,0,0,0
8625.93066607912,40,2464.8,2184,2056,0,0,738684.413772346,0,0,0
8625.97066514552,40,2420.2,2164,2052.8,0,0,738684.413772809,0,0,0
8626.01066421192,40,2396.8,2153.8,2052,0,0,738684.413773272,0,0,0
8626.05066327832,40,2392.8,2150.2,2049,0,0,738684.413773735,0,0,0
8626.09066234472,40,2413.4,2164.2,2053,0,0,738684.413774198,0,0,0
8626.13066141112,40,2436.4,2179.4,2057.6,0,0,738684.413774661,0,0,0
8626.17066047752,40,2467.8,2199.6,2066.4,0,0,738684.413775124,0,0,0
8626.21065954392,40,2525.4,2241.4,2081.2,0,0,738684.413775587,0,0,0
8626.25065861032,40,2591.8,2307.8,2099.6,0,0,738684.41377605,0,0,0
8626.29065767672,40,2635,2397.6,2131.6,0,0,738684.413776512,0,0,0
8626.33065674312,40,2638,2514.8,2173.6,0,0,738684.413776975,0,0,0
8626.37065580952,40,2619.6,2650.4,2230.2,0,0,738684.413777438,0,0,0
8626.41065487592,40,2566.4,2775.8,2299.8,0,0,738684.413777901,0,0,0
8626.45065394232,40,2499,2847.8,2367.8,0,0,738684.413778364,0,0,0
8626.49065300872,40,2456.2,2885.4,2421.6,0,0,738684.413778827,0,0,0
8626.53065207512,40,2434.2,2847.6,2416,0,0,738684.41377929,0,0,0
8626.57065114152,40,2427.2,2782.2,2390.2,0,0,738684.413779753,0,0,0
8626.61065020792,40,2487.2,2764.8,2336,0,0,738684.413780216,0,0,0
8626.65064927432,40,2558.6,2700.4,2271.6,0,0,738684.413780679,0,0,0
8626.69064834072,40,2627,2592.8,2204.4,0,0,738684.413781142,0,0,0
8626.73064740712,40,2663.2,2465.6,2153,0,0,738684.413781605,0,0,0
8626.77064647352,40,2640,2358.4,2113.2,0,0,738684.413782068,0,0,0
8626.81064553992,40,2588.6,2276,2087,0,0,738684.413782531,0,0,0
8626.85064460632,40,2513.8,2218.4,2068.6,0,0,738684.413782994,0,0,0
8626.89064367272,40,2455.4,2180.8,2061.2,0,0,738684.413783457,0,0,0
8626.93064273912,40,2409.8,2161.4,2052.4,0,0,738684.41378392,0,0,0
8626.97064180552,40,2384.6,2148.8,2048.6,0,0,738684.413784383,0,0,0
8627.01064087192,40,2383.2,2148.8,2048.2,0,0,738684.413784846,0,0,0
8627.05063993832,40,2396.4,2156,2050,0,0,738684.413785309,0,0,0
8627.09063900472,40,2421,2167.2,2051.4,0,0,738684.413785772,0,0,0
8627.13063807112,40,2455.4,2187.8,2060.8,0,0,738684.413786234,0,0,0
8627.17063713752,40,2504.4,2218.2,2069.2,0,0,738684.413786697,0,0,0
8627.21063620392,40,2575.2,2269.6,2085.6,0,0,738684.41378716,0,0,0
8627.25063527032,40,2636.8,2348.4,2109.2,0,0,738684.413787623,0,0,0
8627.29063433672,40,2674.6,2464,2147.4,0,0,738684.413788086,0,0,0
8627.33063340312,40,2647.6,2589.8,2203.2,0,0,738684.413788549,0,0,0
8627.37063246952,40,2584.4,2708.2,2266.4,0,0,738684.413789012,0,0,0
8627.41063153592,40,2515.6,2799.6,2335.6,0,0,738684.413789475,0,0,0
8627.45063060232,40,2456.4,2832,2397.8,0,0,738684.413789938,0,0,0
8627.49062966872,40,2422,2803.8,2406.6,0,0,738684.413790401,0,0,0
8627.53062873512,40,2443.2,2778.4,2375.6,0,0,738684.413790864,0,0,0
8627.57062780152,40,2506.8,2769.2,2325.6,0,0,738684.413791327,0,0,0
8627.61062686792,40,2568.4,2700.4,2267,0,0,738684.41379179,0,0,0
8627.65062593432,40,2627.2,2604,2210,0,0,738684.413792253,0,0,0
8627.69062500072,40,2663.4,2484.8,2156.8,0,0,738684.413792716,0,0,0
8627.73062406712,40,2646.8,2371.8,2119.8,0,0,738684.413793179,0,0,0
8627.77062313352,40,2615.2,2293.2,2091.8,0,0,738684.413793642,0,0,0
8627.81062219992,40,2552.4,2237.8,2076.4,0,0,738684.413794105,0,0,0
8627.85062126632,40,2499.6,2202.2,2061.6,0,0,738684.413794568,0,0,0
8627.89062033272,40,2461.6,2186,2055,0,0,738684.413795031,0,0,0
8627.93061939912,40,2433.6,2170.4,2052,0,0,738684.413795494,0,0,0
8627.97061846552,40,2431.6,2169,2052.4,0,0,738684.413795957,0,0,0
8628.01061753192,40,2443.8,2175.8,2058,0,0,738684.413796419,0,0,0
8628.05061659832,40,2462.8,2186,2057.8,0,0,738684.413796882,0,0,0
8628.09061566472,40,2474.6,2198.8,2063.8,0,0,738684.413797345,0,0,0
8628.13061473112,40,2497.2,2219,2073.8,0,0,738684.413797808,0,0,0
8628.17061379752,40,2536.4,2249.6,2078,0,0,738684.413798271,0,0,0
8628.21061286392,40,2583.8,2295,2095.8,0,0,738684.413798734,0,0,0
8628.25061193032,40,2636.4,2371.4,2120.8,0,0,738684.413799197,0,0,0
8628.29061099672,40,2661.6,2470.2,2153.8,0,0,738684.41379966,0,0,0
8628.33061006312,40,2644,2577.4,2196.4,0,0,738684.413800123,0,0,0
8628.37060912952,40,2593.2,2678.8,2252,0,0,738684.413800586,0,0,0
8628.41060819592,40,2545.8,2756.2,2303.6,0,0,738684.413801049,0,0,0
8628.45060726232,40,2494.4,2777.2,2336,0,0,738684.413801512,0,0,0
8628.49060632872,40,2482.2,2746.6,2327.4,0,0,738684.413801975,0,0,0
8628.53060539512,40,2498.8,2692.2,2291.4,0,0,738684.413802438,0,0,0
8628.57060446152,40,2563.4,2650.6,2248.2,0,0,738684.413802901,0,0,0
8628.61060352792,40,2624.6,2574.8,2199.6,0,0,738684.413803364,0,0,0
8628.65060259432,40,2639.4,2466.2,2156,0,0,738684.413803827,0,0,0
8628.69060166072,40,2636.4,2377.4,2120.2,0,0,738684.41380429,0,0,0
8628.73060072712,40,2602.2,2294.6,2098.6,0,0,738684.413804753,0,0,0
8628.77059979352,40,2547,2239.8,2073.8,0,0,738684.413805216,0,0,0
8628.81059885992,40,2487.2,2200,2062.2,0,0,738684.413805678,0,0,0
8628.85059792632,40,2432.4,2170.6,2054.2,0,0,738684.413806141,0,0,0
8628.89059699272,40,2395.8,2153.8,2051.6,0,0,738684.413806604,0,0,0
8628.93059605912,40,2376,2149.6,2049.2,0,0,738684.413807067,0,0,0
8628.97059512552,40,2378.8,2148.6,2051.2,0,0,738684.41380753,0,0,0
8629.01059419192,40,2389,2156.2,2051.8,0,0,738684.413807993,0,0,0
8629.05059325832,40,2410.6,2167.6,2056.4,0,0,738684.413808456,0,0,0
8629.09059232472,40,2430.2,2184.2,2064.8,0,0,738684.413808919,0,0,0
8629.13059139112,40,2464.6,2204,2068.2,0,0,738684.413809382,0,0,0
8629.17059045752,40,2522.2,2239.4,2076.6,0,0,738684.413809845,0,0,0
8629.21058952392,40,2582.2,2291.2,2095,0,0,738684.413810308,0,0,0
8629.25058859032,40,2634.6,2375.8,2121.8,0,0,738684.413810771,0,0,0
8629.29058765672,40,2661.6,2477.4,2158.8,0,0,738684.413811234,0,0,0
8629.33058672312,40,2636,2587.2,2204.4,0,0,738684.413811697,0,0,0
8629.37058578952,40,2589.4,2683.6,2254.8,0,0,738684.41381216,0,0,0
8629.41058485592,40,2536,2753.4,2306.6,0,0,738684.413812623,0,0,0
8629.45058392232,40,2494.2,2786.8,2339.4,0,0,738684.413813086,0,0,0
8629.49058298872,40,2479.4,2755.8,2334.8,0,0,738684.413813549,0,0,0
8629.53058205512,40,2502.6,2717.8,2308.4,0,0,738684.413814012,0,0,0
8629.57058112152,40,2562,2675.6,2263.4,0,0,738684.413814475,0,0,0
8629.61058018792,40,2619.8,2606.6,2212.8,0,0,738684.413814937,0,0,0
8629.65057925432,40,2647.6,2505.4,2171,0,0,738684.4138154,0,0,0
8629.69057832072,40,2648.6,2412.2,2133.6,0,0,738684.413815863,0,0,0
8629.73057738712,40,2619,2325.6,2101.8,0,0,738684.413816326,0,0,0
8629.77057645352,40,2568.2,2260.4,2080.8,0,0,738684.413816789,0,0,0
8629.81057551992,40,2505,2216.4,2066.2,0,0,738684.413817252,0,0,0
8629.85057458632,40,2455.8,2182.6,2057.8,0,0,738684.413817715,0,0,0
8629.89057365272,40,2414,2164.6,2055.2,0,0,738684.413818178,0,0,0
8629.93057271912,40,2395.8,2151.6,2052,0,0,738684.413818641,0,0,0
8629.97057178552,40,2387.8,2154,2050.4,0,0,738684.413819104,0,0,0
8630.01057085192,40,2404,2160.4,2051,0,0,738684.413819567,0,0,0
8630.05056991832,40,2419.2,2170.8,2056,0,0,738684.41382003,0,0,0
8630.09056898472,40,2431.4,2180.4,2056.2,0,0,738684.413820493,0,0,0
8630.13056805112,40,2445,2195.8,2067.6,0,0,738684.413820956,0,0,0
8630.17056711752,40,2488.6,2219.6,2068.8,0,0,738684.413821419,0,0,0
8630.21056618392,40,2530.6,2247.4,2081.4,0,0,738684.413821882,0,0,0
8630.25056525032,40,2582,2298.6,2097.6,0,0,738684.413822345,0,0,0
8630.29056431672,40,2631.4,2370.2,2118.6,0,0,738684.413822808,0,0,0
8630.33056338312,40,2647.2,2464,2154,0,0,738684.413823271,0,0,0
8630.37056244952,40,2635.6,2571.2,2194,0,0,738684.413823734,0,0,0
8630.41056151592,40,2601.4,2665.8,2242.6,0,0,738684.413824197,0,0,0
8630.45056058232,40,2551.8,2738.2,2292,0,0,738684.41382466,0,0,0
8630.49055964872,40,2518.2,2772.4,2320.6,0,0,738684.413825123,0,0,0
8630.53055871512,40,2509.2,2757,2320.2,0,0,738684.413825585,0,0,0
8630.57055778152,40,2530.6,2731.6,2297.8,0,0,738684.413826048,0,0,0
8630.61055684792,40,2546,2670,2264.8,0,0,738684.413826511,0,0,0
8630.65055591432,40,2586.4,2595.2,2223.6,0,0,738684.413826974,0,0,0
8630.69055498072,40,2629.6,2513.4,2175.4,0,0,738684.413827437,0,0,0
8630.73055404712,40,2635,2416,2135.2,0,0,738684.4138279,0,0,0
8630.77055311352,40,2595.2,2325.2,2104.6,0,0,738684.413828363,0,0,0
8630.81055217992,40,2546.2,2256.2,2082.8,0,0,738684.413828826,0,0,0
8630.85055124632,40,2490.8,2209,2072.8,0,0,738684.413829289,0,0,0
8630.89055031272,40,2438.4,2174.2,2060.4,0,0,738684.413829752,0,0,0
8630.93054937912,40,2397.4,2157.4,2052.6,0,0,738684.413830215,0,0,0
8630.97054844552,40,2383.2,2146.6,2048.6,0,0,738684.413830678,0,0,0
8631.01054751192,40,2381.4,2147,2048.6,0,0,738684.413831141,0,0,0
8631.05054657832,40,2390.6,2155,2052,0,0,738684.413831604,0,0,0
8631.09054564472,40,2408,2168.2,2053,0,0,738684.413832067,0,0,0
8631.13054471112,40,2422.2,2179.6,2059.2,0,0,738684.41383253,0,0,0
8631.17054377752,40,2455.4,2196,2063.4,0,0,738684.413832993,0,0,0
8631.21054284392,40,2499,2228.8,2078.4,0,0,738684.413833456,0,0,0
8631.25054191032,40,2540.6,2275.6,2089.8,0,0,738684.413833919,0,0,0
8631.29054097672,40,2582,2345.8,2116.2,0,0,738684.413834381,0,0,0
8631.33054004312,40,2617,2437.8,2148.4,0,0,738684.413834844,0,0,0
8631.37053910952,40,2616.8,2556.2,2197.4,0,0,738684.413835307,0,0,0
8631.41053817592,40,2580.4,2667.4,2252,0,0,738684.41383577,0,0,0
8631.45053724232,40,2516.2,2756.8,2314.6,0,0,738684.413836233,0,0,0
8631.49053630872,40,2467.2,2813.6,2374,0,0,738684.413836696,0,0,0
8631.53053537512,40,2438.6,2829,2403.6,0,0,738684.413837159,0,0,0
8631.57053444152,40,2445,2810.2,2391.4,0,0,738684.413837622,0,0,0
8631.61053350792,40,2458.2,2750.6,2350.6,0,0,738684.413838085,0,0,0
8631.65053257432,40,2526,2717.8,2290.2,0,0,738684.413838548,0,0,0
8631.69053164072,40,2603,2633.6,2230.4,0,0,738684.413839011,0,0,0
8631.73053070712,40,2647,2516,2172.2,0,0,738684.413839474,0,0,0
8631.77052977352,40,2646.4,2399.2,2131,0,0,738684.413839937,0,0,0
8631.81052883992,40,2604.6,2312.6,2096,0,0,738684.4138404,0,0,0
8631.85052790632,40,2546.6,2250.8,2077.6,0,0,738684.413840863,0,0,0
8631.89052697272,40,2490,2205.6,2066.6,0,0,738684.413841326,0,0,0
8631.93052603912,40,2445,2180.8,2057.6,0,0,738684.413841789,0,0,0
8631.97052510552,40,2416.2,2164.6,2053,0,0,738684.413842252,0,0,0
8632.01052417192,40,2402.2,2155.2,2050.8,0,0,738684.413842715,0,0,0
8632.05052323832,40,2406,2162.2,2052.4,0,0,738684.413843178,0,0,0
8632.09052230472,40,2427,2168.4,2054.8,0,0,738684.413843641,0,0,0
8632.13052137112,40,2440.6,2183.4,2060.2,0,0,738684.413844103,0,0,0
8632.17052043752,40,2453.4,2198.2,2065.4,0,0,738684.413844566,0,0,0
8632.21051950392,40,2483.8,2223.2,2076.8,0,0,738684.413845029,0,0,0
8632.25051857032,40,2523,2260.6,2088,0,0,738684.413845492,0,0,0
8632.29051763672,40,2562.4,2307.6,2103.6,0,0,738684.413845955,0,0,0
8632.33051670312,40,2593.8,2379.4,2131,0,0,738684.413846418,0,0,0
8632.37051576952,40,2613.2,2473.8,2165.8,0,0,738684.413846881,0,0,0
8632.41051483592,40,2606.8,2580.4,2209.4,0,0,738684.413847344,0,0,0
8632.45051390232,40,2557.6,2668.6,2257.2,0,0,738684.413847807,0,0,0
8632.49051296872,40,2518.2,2765.6,2315.8,0,0,738684.41384827,0,0,0
8632.53051203512,40,2484.8,2820.2,2363.4,0,0,738684.413848733,0,0,0
8632.57051110152,40,2469.2,2815.6,2376.6,0,0,738684.413849196,0,0,0
8632.61051016792,40,2467.4,2768.4,2349,0,0,738684.413849659,0,0,0
8632.65050923432,40,2492.2,2706.6,2305.4,0,0,738684.413850122,0,0,0
8632.69050830072,40,2566.8,2647.6,2243.8,0,0,738684.413850585,0,0,0
8632.73050736712,40,2617.2,2551.2,2192.6,0,0,738684.413851048,0,0,0
8632.77050643352,40,2633,2444.4,2146,0,0,738684.413851511,0,0,0
8632.81050549992,40,2603.6,2347.8,2115.2,0,0,738684.413851974,0,0,0
8632.85050456632,40,2563.2,2271.2,2089.2,0,0,738684.413852437,0,0,0
8632.89050363272,40,2497.6,2215.4,2066.6,0,0,738684.4138529,0,0,0
8632.93050269912,40,2432.2,2175.8,2060.2,0,0,738684.413853363,0,0,0
8632.97050176552,40,2389.4,2155.2,2049.8,0,0,738684.413853826,0,0,0
8633.01050083192,40,2369.8,2145.2,2046.2,0,0,738684.413854288,0,0,0
8633.05049989832,40,2354.2,2135.4,2047.6,0,0,738684.413854751,0,0,0
8633.09049896472,40,2365.2,2143.2,2046,0,0,738684.413855214,0,0,0
8633.13049803112,40,2385.6,2154.4,2052.6,0,0,738684.413855677,0,0,0
8633.17049709752,40,2395,2165.4,2057,0,0,738684.41385614,0,0,0
8633.21049616392,40,2416.4,2181.8,2061.2,0,0,738684.413856603,0,0,0
8633.25049523032,40,2453.4,2199,2067.6,0,0,738684.413857066,0,0,0
8633.29049429672,40,2499.6,2228.2,2076.6,0,0,738684.413857529,0,0,0
8633.33049336312,40,2552,2276.6,2090.8,0,0,738684.413857992,0,0,0
8633.37049242952,40,2611.2,2348.2,2114.2,0,0,738684.413858455,0,0,0
8633.41049149592,40,2648.6,2448.6,2150.4,0,0,738684.413858918,0,0,0
8633.45049056232,40,2651.2,2573.8,2191.2,0,0,738684.413859381,0,0,0
8633.49048962872,40,2605.6,2690.2,2251,0,0,738684.413859844,0,0,0
8633.53048869512,40,2545,2778,2308.6,0,0,738684.413860307,0,0,0
8633.57048776152,40,2490.4,2825.4,2362.6,0,0,738684.41386077,0,0,0
8633.61048682792,40,2467,2818.2,2380.2,0,0,738684.413861233,0,0,0
8633.65048589432,40,2454.2,2765.4,2361,0,0,738684.413861696,0,0,0
8633.69048496072,40,2502.2,2747.8,2319.4,0,0,738684.413862159,0,0,0
8633.73048402712,40,2570.6,2707,2269.2,0,0,738684.413862622,0,0,0
8633.77048309352,40,2634,2610,2208.2,0,0,738684.413863085,0,0,0
8633.81048215992,40,2678,2490.6,2159.6,0,0,738684.413863547,0,0,0
8633.85048122632,40,2658,2381.2,2121,0,0,738684.41386401,0,0,0
8633.89048029272,40,2613,2293,2090.2,0,0,738684.413864473,0,0,0
8633.93047935912,40,2538.2,2234.6,2073.8,0,0,738684.413864936,0,0,0
8633.97047842552,40,2471.2,2193.4,2060.4,0,0,738684.413865399,0,0,0
8634.01047749192,40,2424.6,2168.4,2052.2,0,0,738684.413865862,0,0,0
8634.05047655832,40,2395,2150.4,2050.2,0,0,738684.413866325,0,0,0
8634.09047562472,40,2373.8,2146.4,2048,0,0,738684.413866788,0,0,0
8634.13047469112,40,2382.2,2151,2051.8,0,0,738684.413867251,0,0,0
8634.17047375752,40,2402.2,2159.4,2056,0,0,738684.413867714,0,0,0
8634.21047282392,40,2421.2,2169.6,2059.6,0,0,738684.413868177,0,0,0
8634.25047189032,40,2447,2183.4,2062.6,0,0,738684.41386864,0,0,0
8634.29047095672,40,2484.4,2208.4,2067,0,0,738684.413869103,0,0,0
8634.33047002312,40,2532,2240.4,2077.4,0,0,738684.413869566,0,0,0
8634.37046908952,40,2590.8,2299.2,2096.4,0,0,738684.413870029,0,0,0
8634.41046815592,40,2632.6,2379.4,2124.6,0,0,738684.413870492,0,0,0
8634.45046722232,40,2644.8,2481.8,2162.4,0,0,738684.413870955,0,0,0
8634.49046628872,40,2614.6,2600.8,2212.2,0,0,738684.413871418,0,0,0
8634.53046535512,40,2565.8,2705.8,2272.4,0,0,738684.413871881,0,0,0
8634.57046442152,40,2503.8,2775.6,2333.2,0,0,738684.413872344,0,0,0
8634.61046348792,40,2467.4,2826.2,2382,0,0,738684.413872807,0,0,0
8634.65046255432,40,2458.8,2833.6,2390,0,0,738684.413873269,0,0,0
8634.69046162072,40,2459.4,2783.4,2361.6,0,0,738684.413873732,0,0,0
8634.73046068712,40,2489.4,2739,2323,0,0,738684.413874195,0,0,0
8634.77045975352,40,2556,2684.2,2263,0,0,738684.413874658,0,0,0
8634.81045881992,40,2616,2578.2,2204.2,0,0,738684.413875121,0,0,0
8634.85045788632,40,2650.8,2472.6,2152.8,0,0,738684.413875584,0,0,0
8634.89045695272,40,2639,2366,2115.4,0,0,738684.413876047,0,0,0
8634.93045601912,40,2593.6,2286.2,2087,0,0,738684.41387651,0,0,0
8634.97045508552,40,2535.2,2230,2071.6,0,0,738684.413876973,0,0,0
8635.01045415192,40,2482,2192,2062.2,0,0,738684.413877436,0,0,0
8635.05045321832,40,2441,2168.4,2053.8,0,0,738684.413877899,0,0,0
8635.09045228472,40,2402.2,2151.8,2051.6,0,0,738684.413878362,0,0,0
8635.13045135112,40,2385.4,2144.4,2045.8,0,0,738684.413878825,0,0,0
8635.17045041752,40,2400.2,2154.8,2049.4,0,0,738684.413879288,0,0,0
8635.21044948392,40,2422.4,2164.8,2055.8,0,0,738684.413879751,0,0,0
8635.25044855032,40,2441,2181,2057.2,0,0,738684.413880214,0,0,0
8635.29044761672,40,2480,2205.6,2067.4,0,0,738684.413880677,0,0,0
8635.33044668312,40,2532.8,2243,2078.8,0,0,738684.41388114,0,0,0
8635.37044574952,40,2589,2302.2,2098.4,0,0,738684.413881603,0,0,0
8635.41044481592,40,2645.4,2387.8,2123.2,0,0,738684.413882066,0,0,0
8635.45044388232,40,2660,2496.6,2164,0,0,738684.413882529,0,0,0
8635.49044294872,40,2616,2611.6,2215.2,0,0,738684.413882992,0,0,0
8635.53044201512,40,2562,2720.8,2277.6,0,0,738684.413883454,0,0,0
8635.57044108152,40,2495.8,2793.4,2344,0,0,738684.413883917,0,0,0
8635.61044014792,40,2452.8,2833,2397.4,0,0,738684.41388438,0,0,0
8635.65043921432,40,2428,2827.8,2416.6,0,0,738684.413884843,0,0,0
8635.69043828072,40,2434.8,2792.8,2389.6,0,0,738684.413885306,0,0,0
8635.73043734712,40,2470.2,2762.8,2345.8,0,0,738684.413885769,0,0,0
8635.77043641352,40,2539.4,2723.6,2291,0,0,738684.413886232,0,0,0
8635.81043547992,40,2602,2637.6,2232.6,0,0,738684.413886695,0,0,0
8635.85043454632,40,2643.8,2513,2170.6,0,0,738684.413887158,0,0,0
8635.89043361272,40,2636.6,2387.4,2124.6,0,0,738684.413887621,0,0,0
8635.93043267912,40,2596.2,2293,2092.4,0,0,738684.413888084,0,0,0
8635.97043174552,40,2529.8,2230.6,2072.6,0,0,738684.413888547,0,0,0
8636.01043081192,40,2464,2187,2063.6,0,0,738684.41388901,0,0,0
8636.05042987832,40,2414.8,2158.4,2055,0,0,738684.413889473,0,0,0
8636.09042894472,40,2380.2,2143.2,2047.6,0,0,738684.413889936,0,0,0
8636.13042801112,40,2362,2138.8,2045,0,0,738684.413890399,0,0,0
8636.17042707752,40,2353.6,2134.4,2046.4,0,0,738684.413890862,0,0,0
8636.21042614392,40,2376,2145,2048.2,0,0,738684.413891325,0,0,0
8636.25042521032,40,2394.6,2152.8,2051.8,0,0,738684.413891788,0,0,0
8636.29042427672,40,2419.2,2168.6,2061,0,0,738684.413892251,0,0,0
8636.33042334312,40,2470.2,2195.2,2063.2,0,0,738684.413892713,0,0,0
8636.37042240952,40,2531.4,2241.8,2076.4,0,0,738684.413893176,0,0,0
8636.41042147592,40,2610.8,2310.8,2100,0,0,738684.413893639,0,0,0
8636.45042054232,40,2664.4,2399.2,2127.4,0,0,738684.413894102,0,0,0
8636.49041960872,40,2671.6,2522.6,2172.6,0,0,738684.413894565,0,0,0
8636.53041867512,40,2623.8,2641.8,2227.6,0,0,738684.413895028,0,0,0
8636.57041774152,40,2551.2,2739.8,2292.6,0,0,738684.413895491,0,0,0
8636.61041680792,40,2486.6,2806.8,2358.4,0,0,738684.413895954,0,0,0
8636.65041587432,40,2439.6,2839,2412.6,0,0,738684.413896417,0,0,0
8636.69041494072,40,2409,2816.8,2422.8,0,0,738684.41389688,0,0,0
8636.73041400712,40,2430,2792.8,2392.4,0,0,738684.413897343,0,0,0
8636.77041307352,40,2479.4,2775.6,2345.6,0,0,738684.413897806,0,0,0
8636.81041213992,40,2540.2,2713.6,2285.8,0,0,738684.413898269,0,0,0
8636.85041120632,40,2609.4,2620.6,2219,0,0,738684.413898732,0,0,0
8636.89041027272,40,2633.4,2491.4,2167.2,0,0,738684.413899195,0,0,0
8636.93040933912,40,2633,2397,2129.8,0,0,738684.413899658,0,0,0
8636.97040840552,40,2607.4,2318.2,2101.6,0,0,738684.413900121,0,0,0
8637.01040747192,40,2565.2,2260.6,2084.2,0,0,738684.413900584,0,0,0
8637.05040653832,40,2514.8,2218.2,2069.2,0,0,738684.413901047,0,0,0
8637.09040560472,40,2477.6,2192.2,2059.8,0,0,738684.41390151,0,0,0
8637.13040467112,40,2448.2,2170.8,2053.2,0,0,738684.413901972,0,0,0
8637.17040373752,40,2414.6,2159.6,2053.8,0,0,738684.413902435,0,0,0
8637.21040280392,40,2399.2,2150.8,2052,0,0,738684.413902898,0,0,0
8637.25040187032,40,2391.4,2149.4,2048.8,0,0,738684.413903361,0,0,0
8637.29040093672,40,2385,2148.2,2047.4,0,0,738684.413903824,0,0,0
8637.33040000312,40,2389,2152.8,2049.6,0,0,738684.413904287,0,0,0
8637.37039906952,40,2401.2,2156.2,2054.2,0,0,738684.41390475,0,0,0
8637.41039813592,40,2403.2,2161.6,2051.6,0,0,738684.413905213,0,0,0
8637.45039720232,40,2404.4,2167.6,2052.6,0,0,738684.413905676,0,0,0
8637.49039626872,40,2408,2166.8,2056.2,0,0,738684.413906139,0,0,0
8637.53039533512,40,2420.8,2170.8,2057.8,0,0,738684.413906602,0,0,0
8637.57039440152,40,2429.4,2175.6,2055.8,0,0,738684.413907065,0,0,0
8637.61039346792,40,2437,2177.4,2061,0,0,738684.413907528,0,0,0
8637.65039253432,40,2442.2,2180.8,2058.4,0,0,738684.413907991,0,0,0
8637.69039160072,40,2452.8,2182.4,2059,0,0,738684.413908454,0,0,0
8637.73039066712,40,2458.2,2185.4,2061.2,0,0,738684.413908917,0,0,0
8637.77038973352,40,2466,2189.4,2061.4,0,0,738684.41390938,0,0,0
8637.81038879992,40,2470.2,2195.4,2062,0,0,738684.413909843,0,0,0
8637.85038786632,40,2473.4,2197.8,2061.4,0,0,738684.413910306,0,0,0
8637.89038693272,40,2476.8,2204.2,2064.2,0,0,738684.413910769,0,0,0
8637.93038599912,40,2480.6,2205.4,2066.2,0,0,738684.413911232,0,0,0
8637.97038506552,40,2484.4,2204.2,2066,0,0,738684.413911695,0,0,0
8638.01038413192,40,2492.2,2213,2067,0,0,738684.413912158,0,0,0
8638.05038319832,40,2497.4,2216.4,2071,0,0,738684.41391262,0,0,0
8638.09038226472,40,2505.2,2219.2,2069.2,0,0,738684.413913083,0,0,0
8638.13038133112,40,2512.6,2223.2,2074.6,0,0,738684.413913546,0,0,0
8638.17038039752,40,2522.8,2229.8,2073.4,0,0,738684.413914009,0,0,0
8638.21037946392,40,2523.8,2230.2,2073,0,0,738684.413914472,0,0,0
8638.25037853032,40,2530.8,2236,2076.8,0,0,738684.413914935,0,0,0
8638.29037759672,40,2537,2234.8,2075.6,0,0,738684.413915398,0,0,0
8638.33037666312,40,2540.6,2246.6,2077.2,0,0,738684.413915861,0,0,0
8638.37037572952,40,2544.6,2247,2081.6,0,0,738684.413916324,0,0,0
8638.41037479592,40,2547.8,2250.8,2081,0,0,738684.413916787,0,0,0
8638.45037386232,40,2550.4,2257,2084.8,0,0,738684.41391725,0,0,0
8638.49037292872,40,2557,2257,2081.6,0,0,738684.413917713,0,0,0
8638.53037199512,40,2560.8,2262.4,2085.2,0,0,738684.413918176,0,0,0
8638.57037106152,40,2569.4,2267.2,2087,0,0,738684.413918639,0,0,0
8638.61037012792,40,2576.6,2274.8,2092.4,0,0,738684.413919102,0,0,0
8638.65036919432,40,2574.8,2278.2,2088,0,0,738684.413919565,0,0,0
8638.69036826072,40,2583,2282.6,2090.4,0,0,738684.413920028,0,0,0
8638.73036732712,40,2589.2,2284.2,2087.4,0,0,738684.413920491,0,0,0
8638.77036639352,40,2589.6,2291.4,2093.2,0,0,738684.413920954,0,0,0
8638.81036545992,40,2597,2300.8,2094.6,0,0,738684.413921417,0,0,0
8638.85036452632,40,2604.8,2301.2,2093,0,0,738684.413921879,0,0,0
8638.89036359272,40,2603.6,2308.2,2099,0,0,738684.413922342,0,0,0
8638.93036265912,40,2609.4,2313,2099.2,0,0,738684.413922805,0,0,0
8638.97036172552,40,2618.4,2317.4,2101.4,0,0,738684.413923268,0,0,0
8639.01036079192,40,2621,2319.6,2101.6,0,0,738684.413923731,0,0,0
8639.05035985832,40,2622.2,2326.8,2105.4,0,0,738684.413924194,0,0,0
8639.09035892472,40,2627.4,2334.8,2106,0,0,738684.413924657,0,0,0
8639.13035799112,40,2631.8,2337,2108.4,0,0,738684.41392512,0,0,0
8639.17035705752,40,2637.2,2344.2,2108.6,0,0,738684.413925583,0,0,0
8639.21035612392,40,2642,2352.8,2115.8,0,0,738684.413926046,0,0,0
8639.25035519032,40,2646.4,2355.8,2113.6,0,0,738684.413926509,0,0,0
8639.29035425672,40,2652.4,2360,2113.4,0,0,738684.413926972,0,0,0
8639.33035332312,40,2653,2369.4,2117.2,0,0,738684.413927435,0,0,0
8639.37035238952,40,2652.4,2375.8,2120.4,0,0,738684.413927898,0,0,0
8639.41035145592,40,2657.8,2380.2,2122.6,0,0,738684.413928361,0,0,0
8639.45035052232,40,2659,2385.8,2123.8,0,0,738684.413928824,0,0,0
8639.49034958872,40,2662.4,2390.2,2128.2,0,0,738684.413929287,0,0,0
8639.53034865512,40,2669,2399.2,2126.2,0,0,738684.41392975,0,0,0
8639.57034772152,40,2663,2402.4,2128.8,0,0,738684.413930213,0,0,0
8639.61034678792,40,2667.2,2409,2130.4,0,0,738684.413930676,0,0,0
8639.65034585432,40,2668,2415.2,2134,0,0,738684.413931138,0,0,0
8639.69034492072,40,2667.2,2422,2133.4,0,0,738684.413931601,0,0,0
8639.73034398712,40,2670.6,2432.4,2138.2,0,0,738684.413932064,0,0,0
8639.77034305352,40,2676.2,2433.2,2139.8,0,0,738684.413932527,0,0,0
8639.81034211992,40,2677.2,2438.8,2139.6,0,0,738684.41393299,0,0,0
8639.85034118632,40,2678.6,2449.4,2144.2,0,0,738684.413933453,0,0,0
8639.89034025272,40,2675.2,2455.2,2145.6,0,0,738684.413933916,0,0,0
8639.93033931912,40,2680,2457.4,2149,0,0,738684.413934379,0,0,0
8639.97033838552,40,2676.2,2466,2151,0,0,738684.413934842,0,0,0
8640.01033745192,40,2677.2,2475.4,2154,0,0,738684.413935305,0,0,0
8640.05033651832,40,2675.6,2477.6,2155,0,0,738684.413935768,0,0,0
8640.09033558472,40,2680.2,2490,2159.8,0,0,738684.413936231,0,0,0
8640.13033465112,40,2677,2491,2157.4,0,0,738684.413936694,0,0,0
8640.17033371752,40,2674,2504,2165.4,0,0,738684.413937157,0,0,0
8640.21033278392,40,2680,2504.4,2164,0,0,738684.41393762,0,0,0
8640.25033185032,40,2678,2513.6,2170.2,0,0,738684.413938083,0,0,0
8640.29033091672,40,2680.8,2521.6,2169.6,0,0,738684.413938546,0,0,0
8640.33032998312,40,2673.6,2524.4,2174,0,0,738684.413939009,0,0,0
8640.37032904952,40,2677.8,2531.4,2177.8,0,0,738684.413939472,0,0,0
8640.41032811592,40,2677.4,2540,2178.6,0,0,738684.413939935,0,0,0
8640.45032718232,40,2670.4,2550,2182.4,0,0,738684.413940398,0,0,0
8640.49032624872,40,2671.2,2556.8,2185,0,0,738684.413940861,0,0,0
8640.53032531512,40,2672.8,2557.4,2184.2,0,0,738684.413941323,0,0,0
8640.57032438152,40,2666.2,2572.2,2188.6,0,0,738684.413941786,0,0,0
8640.61032344792,40,2665.8,2576,2193,0,0,738684.413942249,0,0,0
8640.65032251432,40,2669,2583.2,2195.8,0,0,738684.413942712,0,0,0
8640.69032158072,40,2658.8,2589.2,2197.6,0,0,738684.413943175,0,0,0
8640.73032064712,40,2661.4,2592.4,2201.8,0,0,738684.413943638,0,0,0
8640.77031971352,40,2655.2,2601,2205.2,0,0,738684.413944101,0,0,0
8640.81031877992,40,2655,2608.6,2204.4,0,0,738684.413944564,0,0,0
8640.85031784632,40,2659.6,2621.2,2210.2,0,0,738684.413945027,0,0,0
8640.89031691272,40,2650.2,2625.8,2211.2,0,0,738684.41394549,0,0,0
8640.93031597912,40,2652.2,2633.6,2214.2,0,0,738684.413945953,0,0,0
8640.97031504552,40,2649.2,2642.8,2221.2,0,0,738684.413946416,0,0,0
8641.01031411192,40,2647,2647.8,2221.6,0,0,738684.413946879,0,0,0
8641.05031317832,40,2645.6,2654.2,2228,0,0,738684.413947342,0,0,0
8641.09031224472,40,2643.4,2664.4,2229.8,0,0,738684.413947805,0,0,0
8641.13031131112,40,2637.4,2668.6,2232.4,0,0,738684.413948268,0,0,0
8641.17031037752,40,2637.6,2678.8,2237.4,0,0,738684.413948731,0,0,0
8641.21030944392,40,2636,2686.2,2241.2,0,0,738684.413949194,0,0,0
8641.25030851032,40,2628.6,2692.8,2244.4,0,0,738684.413949657,0,0,0
8641.29030757672,40,2629.8,2697.4,2250,0,0,738684.41395012,0,0,0
8641.33030664312,40,2623.2,2702,2250.8,0,0,738684.413950583,0,0,0
8641.37030570952,40,2623.4,2712.2,2254.2,0,0,738684.413951045,0,0,0
8641.41030477592,40,2616.6,2718.6,2257,0,0,738684.413951508,0,0,0
8641.45030384232,40,2614.6,2723,2260,0,0,738684.413951971,0,0,0
8641.49030290872,40,2611.8,2734.2,2266.4,0,0,738684.413952434,0,0,0
8641.53030197512,40,2605.6,2737.2,2270.6,0,0,738684.413952897,0,0,0
8641.57030104152,40,2604.2,2748.6,2274.2,0,0,738684.41395336,0,0,0
8641.61030010792,40,2601.6,2751.2,2276.8,0,0,738684.413953823,0,0,0
8641.65029917432,40,2596.2,2758,2278.4,0,0,738684.413954286,0,0,0
8641.69029824072,40,2593.8,2766,2286.2,0,0,738684.413954749,0,0,0
8641.73029730712,40,2587.4,2772.6,2289.6,0,0,738684.413955212,0,0,0
8641.77029637352,40,2583.2,2778.4,2292.4,0,0,738684.413955675,0,0,0
8641.81029543992,40,2580.4,2787.2,2295,0,0,738684.413956138,0,0,0
8641.85029450632,40,2578.2,2791,2301.2,0,0,738684.413956601,0,0,0
8641.89029357272,40,2571,2800.4,2306.2,0,0,738684.413957064,0,0,0
8641.93029263912,40,2569.4,2806,2311.2,0,0,738684.413957527,0,0,0
8641.97029170552,40,2562.4,2807.8,2316.8,0,0,738684.41395799,0,0,0
8642.01029077192,40,2558,2817.8,2320.2,0,0,738684.413958453,0,0,0
8642.05028983832,40,2557.2,2822.2,2323,0,0,738684.413958916,0,0,0
8642.09028890472,40,2553,2826.2,2326.8,0,0,738684.413959379,0,0,0
8642.13028797112,40,2546,2832.8,2333,0,0,738684.413959842,0,0,0
8642.17028703752,40,2540,2840,2339.4,0,0,738684.413960304,0,0,0
8642.21028610392,40,2539,2847,2344,0,0,738684.413960767,0,0,0
8642.25028517032,40,2534,2852.2,2350.2,0,0,738684.41396123,0,0,0
8642.29028423672,40,2527,2856.8,2352,0,0,738684.413961693,0,0,0
8642.33028330312,40,2520.4,2859.6,2356.4,0,0,738684.413962156,0,0,0
8642.37028236952,40,2520.4,2869,2361.4,0,0,738684.413962619,0,0,0
8642.41028143592,40,2516.4,2872.4,2367,0,0,738684.413963082,0,0,0
8642.45028050232,40,2508.6,2877.6,2372.2,0,0,738684.413963545,0,0,0
8642.49027956872,40,2507,2881.2,2376.4,0,0,738684.413964008,0,0,0
8642.53027863512,40,2498.6,2883.8,2385.6,0,0,738684.413964471,0,0,0
8642.57027770152,40,2497,2893.8,2390.4,0,0,738684.413964934,0,0,0
8642.61027676792,40,2492.2,2901.6,2396,0,0,738684.413965397,0,0,0
8642.65027583432,40,2485.2,2903.4,2399.8,0,0,738684.41396586,0,0,0
8642.69027490072,40,2483.6,2905,2404.4,0,0,738684.413966323,0,0,0
8642.73027396712,40,2479.6,2912,2409.2,0,0,738684.413966786,0,0,0
8642.77027303352,40,2478.6,2916.2,2416.6,0,0,738684.413967249,0,0,0
8642.81027209992,40,2470,2920.4,2422.2,0,0,738684.413967712,0,0,0
8642.85027116632,40,2467,2925.6,2429.4,0,0,738684.413968175,0,0,0
8642.89027023272,40,2463.6,2930.2,2433,0,0,738684.413968638,0,0,0
8642.93026929912,40,2456.4,2934.6,2441.2,0,0,738684.413969101,0,0,0
8642.97026836552,40,2456.2,2939,2446.8,0,0,738684.413969564,0,0,0
8643.01026743192,40,2448.4,2939,2447.8,0,0,738684.413970027,0,0,0
8643.05026649832,40,2443.6,2943.8,2458.6,0,0,738684.413970489,0,0,0
8643.09026556472,40,2442.6,2946.4,2465.6,0,0,738684.413970952,0,0,0
8643.13026463112,40,2433.6,2950.6,2472,0,0,738684.413971415,0,0,0
8643.17026369752,40,2428.8,2953.6,2473,0,0,738684.413971878,0,0,0
8643.21026276392,40,2426.6,2953.4,2482.2,0,0,738684.413972341,0,0,0
8643.25026183032,40,2421,2956.4,2490.4,0,0,738684.413972804,0,0,0
8643.29026089672,40,2417.2,2957,2495,0,0,738684.413973267,0,0,0
8643.33025996312,40,2410.8,2962.8,2500.6,0,0,738684.41397373,0,0,0
8643.37025902952,40,2409.6,2962.8,2505.4,0,0,738684.413974193,0,0,0
8643.41025809592,40,2401.4,2960.6,2515,0,0,738684.413974656,0,0,0
8643.45025716232,40,2398.4,2967.4,2521.8,0,0,738684.413975119,0,0,0
8643.49025622872,40,2392.6,2966.2,2527.4,0,0,738684.413975582,0,0,0
8643.53025529512,40,2387.6,2967.2,2536.2,0,0,738684.413976045,0,0,0
8643.57025436152,40,2383.8,2970,2541.4,0,0,738684.413976508,0,0,0
8643.61025342792,40,2380.8,2970.2,2545.6,0,0,738684.413976971,0,0,0
8643.65025249432,40,2374.8,2968,2555.2,0,0,738684.413977434,0,0,0
8643.69025156072,40,2370.8,2966.4,2558.8,0,0,738684.413977897,0,0,0
8643.73025062712,40,2367,2967.2,2571.8,0,0,738684.41397836,0,0,0
8643.77024969352,40,2364.4,2965.8,2577,0,0,738684.413978823,0,0,0
8643.81024875992,40,2356.6,2968.2,2582.8,0,0,738684.413979286,0,0,0
8643.85024782632,40,2351.8,2962,2590.2,0,0,738684.413979748,0,0,0
8643.89024689272,40,2345.4,2963.8,2599,0,0,738684.413980211,0,0,0
8643.93024595912,40,2341.8,2964.8,2601.2,0,0,738684.413980674,0,0,0
8643.97024502552,40,2341,2958.8,2613.8,0,0,738684.413981137,0,0,0
8644.01024409192,40,2336.4,2959.6,2616.8,0,0,738684.4139816,0,0,0
8644.05024315832,40,2330,2959,2627.6,0,0,738684.413982063,0,0,0
8644.09024222472,40,2324.8,2960,2635.8,0,0,738684.413982526,0,0,0
8644.13024129112,40,2318,2953,2641.8,0,0,738684.413982989,0,0,0
8644.17024035752,40,2316.8,2952.4,2647.8,0,0,738684.413983452,0,0,0
8644.21023942392,40,2312.8,2949.2,2653.8,0,0,738684.413983915,0,0,0
8644.25023849032,40,2307.2,2946.8,2660.6,0,0,738684.413984378,0,0,0
8644.29023755672,40,2302.8,2943.4,2669.8,0,0,738684.413984841,0,0,0
8644.33023662312,40,2298.4,2935.2,2677.6,0,0,738684.413985304,0,0,0
8644.37023568952,40,2294.2,2934,2685.4,0,0,738684.413985767,0,0,0
8644.41023475592,40,2288.8,2930.2,2692.4,0,0,738684.41398623,0,0,0
8644.45023382232,40,2287.6,2923.2,2699.6,0,0,738684.413986693,0,0,0
8644.49023288872,40,2281.6,2924.6,2707,0,0,738684.413987156,0,0,0
8644.53023195512,40,2278.4,2920.2,2714.6,0,0,738684.413987619,0,0,0
8644.57023102152,40,2271.2,2916,2724,0,0,738684.413988082,0,0,0
8644.61023008792,40,2270,2908.6,2733,0,0,738684.413988545,0,0,0
8644.65022915432,40,2265,2906.2,2737.2,0,0,738684.413989007,0,0,0
8644.69022822072,40,2261.2,2901.2,2747,0,0,738684.41398947,0,0,0
8644.73022728712,40,2256,2893.6,2752,0,0,738684.413989933,0,0,0
8644.77022635352,40,2255.8,2894.6,2761.2,0,0,738684.413990396,0,0,0
8644.81022541992,40,2250.8,2888,2769.4,0,0,738684.413990859,0,0,0
8644.85022448632,40,2251.6,2878.4,2775,0,0,738684.413991322,0,0,0
8644.89022355272,40,2241.2,2879,2782.2,0,0,738684.413991785,0,0,0
8644.93022261912,40,2238.2,2870,2790.8,0,0,738684.413992248,0,0,0
8644.97022168552,40,2234.6,2863.6,2795.6,0,0,738684.413992711,0,0,0
8645.01022075192,40,2232.8,2854,2801.2,0,0,738684.413993174,0,0,0
8645.05021981832,40,2228.4,2850,2812.6,0,0,738684.413993637,0,0,0
8645.09021888472,40,2228,2844.6,2816.2,0,0,738684.4139941,0,0,0
8645.13021795112,40,2221.4,2838,2825,0,0,738684.413994563,0,0,0
8645.17021701752,40,2219.8,2832.6,2829,0,0,738684.413995026,0,0,0
8645.21021608392,40,2213,2822.6,2837.6,0,0,738684.413995489,0,0,0
8645.25021515032,40,2213.4,2817,2838.8,0,0,738684.413995952,0,0,0
8645.29021421672,40,2209.6,2809.4,2848.2,0,0,738684.413996415,0,0,0
8645.33021328312,40,2205.2,2802.6,2852.2,0,0,738684.413996878,0,0,0
