46284.9086850167,40,2121.2,2406,2813.2,0,0,738687.926948018,0,0,0
46284.9486840831,40,2117.8,2404.4,2808.4,0,0,738687.926948481,0,0,0
46284.9886831495,40,2117.4,2400.8,2812,0,0,738687.926948943,0,0,0
46285.0286822159,40,2118.6,2406,2810.2,0,0,738687.926949406,0,0,0
46285.0686812823,40,2118.6,2402.6,2808,0,0,738687.926949869,0,0,0
46285.1086803487,40,2118.4,2407,2810.8,0,0,738687.926950332,0,0,0
46285.1486794151,40,2117,2402.6,2808.2,0,0,738687.926950795,0,0,0
46285.1886784815,40,2117,2402,2810.8,0,0,738687.926951258,0,0,0
46285.2286775479,40,2118.6,2403.2,2813.2,0,0,738687.926951721,0,0,0
46285.2686766143,40,2120.4,2404.8,2815.6,0,0,738687.926952184,0,0,0
46285.3086756807,40,2117.4,2406.2,2816.6,0,0,738687.926952647,0,0,0
46285.3486747471,40,2118.4,2408.6,2816.8,0,0,738687.92695311,0,0,0
46285.3886738135,40,2121.2,2403.2,2813.2,0,0,738687.926953573,0,0,0
46285.4286728799,40,2120.8,2404.6,2809.6,0,0,738687.926954036,0,0,0
46285.4686719463,40,2121,2405.4,2805.6,0,0,738687.926954499,0,0,0
46285.5086710127,40,2120.6,2416.6,2825.6,0,0,738687.926954962,0,0,0
46285.5486700791,40,2128.8,2463.4,2852.4,0,0,738687.926955425,0,0,0
46285.5886691455,40,2159.2,2542.8,2897,0,0,738687.926955888,0,0,0
46285.6286682119,40,2199,2661.6,2917.4,0,0,738687.926956351,0,0,0
46285.6686672783,40,2265,2829.2,2866,0,0,738687.926956814,0,0,0
46285.7086663447,40,2378.6,2990.4,2746.4,0,0,738687.926957277,0,0,0
46285.7486654111,40,2541.4,3087.8,2575.4,0,0,738687.92695774,0,0,0
46285.7886644775,40,2718.8,3023,2412.2,0,0,738687.926958203,0,0,0
46285.8286635439,40,2891.6,2872.4,2294.6,0,0,738687.926958665,0,0,0
46285.8686626103,40,3004,2697,2214.6,0,0,738687.926959128,0,0,0
46285.9086616767,40,3003.4,2535.2,2153.8,0,0,738687.926959591,0,0,0
46285.9486607431,40,2946.6,2423.4,2125.6,0,0,738687.926960054,0,0,0
46285.9886598095,40,2871.4,2349.6,2102,0,0,738687.926960517,0,0,0
46286.0286588759,40,2791.8,2304.8,2091,0,0,738687.92696098,0,0,0
46286.0686579423,40,2736.8,2278.4,2088.8,0,0,738687.926961443,0,0,0
46286.1086570087,40,2712.4,2277.4,2086.8,0,0,738687.926961906,0,0,0
46286.1486560751,40,2716,2283.2,2093,0,0,738687.926962369,0,0,0
46286.1886551415,40,2741.6,2307.2,2095.4,0,0,738687.926962832,0,0,0
46286.2286542079,40,2776.6,2340.8,2104.2,0,0,738687.926963295,0,0,0
46286.2686532743,40,2850.6,2400.4,2126.2,0,0,738687.926963758,0,0,0
46286.3086523407,40,2932,2495.6,2154.2,0,0,738687.926964221,0,0,0
46286.3486514071,40,2955.6,2641.4,2203.4,0,0,738687.926964684,0,0,0
46286.3886504735,40,2871.8,2843.8,2291.6,0,0,738687.926965147,0,0,0
46286.4286495399,40,2687.4,3026.4,2434.8,0,0,738687.92696561,0,0,0
46286.4686486063,40,2476.6,3062.4,2627.4,0,0,738687.926966073,0,0,0
46286.5086476727,40,2327.6,2951.4,2830.8,0,0,738687.926966536,0,0,0
46286.5486467391,40,2231.4,2766.4,2946.6,0,0,738687.926966999,0,0,0
46286.5886458055,40,2179.8,2634.6,2980.8,0,0,738687.926967462,0,0,0
46286.6286448719,40,2166,2597,2967.6,0,0,738687.926967924,0,0,0
46286.6686439383,40,2183.8,2651.2,2982.8,0,0,738687.926968387,0,0,0
46286.7086430047,40,2224.6,2751.4,2939.2,0,0,738687.92696885,0,0,0
46286.7486420711,40,2324.2,2939.2,2823.6,0,0,738687.926969313,0,0,0
46286.7886411375,40,2467.4,3070.4,2655.8,0,0,738687.926969776,0,0,0
46286.8286402039,40,2646.2,3062,2472,0,0,738687.926970239,0,0,0
46286.8686392703,40,2825.8,2940.6,2336.8,0,0,738687.926970702,0,0,0
46286.9086383367,40,2959.4,2772.4,2240.4,0,0,738687.926971165,0,0,0
46286.9486374031,40,3014,2608,2184,0,0,738687.926971628,0,0,0
46286.9886364695,40,2993.8,2482.6,2145.2,0,0,738687.926972091,0,0,0
46287.0286355359,40,2932.6,2397.2,2118.4,0,0,738687.926972554,0,0,0
46287.0686346023,40,2851,2331,2100,0,0,738687.926973017,0,0,0
46287.1086336687,40,2788,2298.6,2092.8,0,0,738687.92697348,0,0,0
46287.1486327351,40,2765,2291.2,2088.8,0,0,738687.926973943,0,0,0
46287.1886318015,40,2795.2,2310.2,2092.6,0,0,738687.926974406,0,0,0
46287.2286308679,40,2829.6,2343,2107,0,0,738687.926974869,0,0,0
46287.2686299343,40,2867,2396,2121,0,0,738687.926975332,0,0,0
46287.3086290007,40,2901.8,2474.6,2150.4,0,0,738687.926975795,0,0,0
46287.3486280671,40,2903.6,2598.4,2193.2,0,0,738687.926976258,0,0,0
46287.3886271335,40,2825.6,2751.8,2267,0,0,738687.926976721,0,0,0
46287.4286261999,40,2685.6,2910.4,2378.6,0,0,738687.926977184,0,0,0
46287.4686252663,40,2516.8,2999.8,2536,0,0,738687.926977647,0,0,0
46287.5086243327,40,2372.2,2967.6,2730,0,0,738687.926978109,0,0,0
46287.5486233991,40,2264.8,2843.2,2904,0,0,738687.926978572,0,0,0
46287.5886224655,40,2202,2699.8,3016.4,0,0,738687.926979035,0,0,0
46287.6286215319,40,2160,2589,3037.2,0,0,738687.926979498,0,0,0
46287.6686205983,40,2150,2562.4,3052.6,0,0,738687.926979961,0,0,0
46287.7086196647,40,2162,2606,3075.8,0,0,738687.926980424,0,0,0
46287.7486187311,40,2201.4,2702.4,3040.8,0,0,738687.926980887,0,0,0
46287.7886177975,40,2260,2839,2954.2,0,0,738687.92698135,0,0,0
46287.8286168639,40,2359.8,3001.4,2803,0,0,738687.926981813,0,0,0
46287.8686159303,40,2513.2,3076.2,2597.8,0,0,738687.926982276,0,0,0
46287.9086149967,40,2712.8,3034.6,2419.6,0,0,738687.926982739,0,0,0
46287.9486140631,40,2898.2,2868,2290,0,0,738687.926983202,0,0,0
46287.9886131295,40,2987.8,2671.6,2207.2,0,0,738687.926983665,0,0,0
46288.0286121959,40,2971.8,2501.4,2151.8,0,0,738687.926984128,0,0,0
46288.0686112623,40,2902.8,2395.4,2117.4,0,0,738687.926984591,0,0,0
46288.1086103287,40,2822.6,2327.4,2096.4,0,0,738687.926985054,0,0,0
46288.1486093951,40,2751.8,2281.8,2086.2,0,0,738687.926985517,0,0,0
46288.1886084615,40,2705.8,2261.8,2081.2,0,0,738687.92698598,0,0,0
46288.2286075279,40,2719.8,2264,2079.6,0,0,738687.926986443,0,0,0
46288.2686065943,40,2761.4,2290,2084.8,0,0,738687.926986906,0,0,0
46288.3086056607,40,2809,2321.6,2097.4,0,0,738687.926987368,0,0,0
46288.3486047271,40,2887.4,2380.2,2113.4,0,0,738687.926987831,0,0,0
46288.3886037935,40,2951.4,2479.2,2144.8,0,0,738687.926988294,0,0,0
46288.4286028599,40,2958.4,2626.4,2197,0,0,738687.926988757,0,0,0
46288.4686019263,40,2859.8,2807.4,2281,0,0,738687.92698922,0,0,0
46288.5086009927,40,2672.6,2970.6,2410.8,0,0,738687.926989683,0,0,0
46288.5486000591,40,2484.6,3009.6,2581.8,0,0,738687.926990146,0,0,0
46288.5885991255,40,2339.4,2928,2770.4,0,0,738687.926990609,0,0,0
46288.6285981919,40,2243.6,2787.6,2929,0,0,738687.926991072,0,0,0
46288.6685972583,40,2185.4,2659.4,3021.8,0,0,738687.926991535,0,0,0
46288.7085963247,40,2157.8,2576.6,3041.6,0,0,738687.926991998,0,0,0
46288.7485953911,40,2154,2575.4,3056.8,0,0,738687.926992461,0,0,0
46288.7885944575,40,2168.2,2647.2,3101.6,0,0,738687.926992924,0,0,0
46288.8285935239,40,2221.4,2767.6,3015.2,0,0,738687.926993387,0,0,0
46288.8685925903,40,2299.6,2915.2,2894.2,0,0,738687.92699385,0,0,0
46288.9085916567,40,2429.6,3052,2707.6,0,0,738687.926994313,0,0,0
46288.9485907231,40,2610,3076.8,2508,0,0,738687.926994776,0,0,0
46288.9885897895,40,2797.2,2939.8,2347,0,0,738687.926995239,0,0,0
46289.0285888559,40,2956.2,2757.6,2240,0,0,738687.926995702,0,0,0
46289.0685879223,40,2969.2,2572.6,2174.2,0,0,738687.926996165,0,0,0
46289.1085869887,40,2935.6,2444,2132.4,0,0,738687.926996628,0,0,0
46289.1485860551,40,2855.2,2355,2103.6,0,0,738687.92699709,0,0,0
46289.1885851215,40,2778,2307.2,2092.6,0,0,738687.926997553,0,0,0
46289.2285841879,40,2732.4,2277.2,2087.2,0,0,738687.926998016,0,0,0
46289.2685832543,40,2725.8,2279.8,2084,0,0,738687.926998479,0,0,0
46289.3085823207,40,2765.2,2297.2,2095.8,0,0,738687.926998942,0,0,0
46289.3485813871,40,2810.2,2324.4,2099.4,0,0,738687.926999405,0,0,0
46289.3885804535,40,2878,2372,2114,0,0,738687.926999868,0,0,0
46289.4285795199,40,2942.2,2447.6,2132,0,0,738687.927000331,0,0,0
46289.4685785863,40,2977.6,2555.6,2172,0,0,738687.927000794,0,0,0
46289.5085776527,40,2927.4,2714.2,2230.6,0,0,738687.927001257,0,0,0
46289.5485767191,40,2793.6,2878.4,2325.4,0,0,738687.92700172,0,0,0
46289.5885757855,40,2600,2985.2,2462.2,0,0,738687.927002183,0,0,0
46289.6285748519,40,2424,2976.6,2641,0,0,738687.927002646,0,0,0
46289.6685739183,40,2297,2862.8,2820,0,0,738687.927003109,0,0,0
46289.7085729847,40,2212.8,2721.6,2958.4,0,0,738687.927003572,0,0,0
46289.7485720511,40,2164.4,2595.8,3018.6,0,0,738687.927004035,0,0,0
46289.7885711175,40,2139,2526.4,3027.4,0,0,738687.927004498,0,0,0
46289.8285701839,40,2141.6,2518.8,3036.6,0,0,738687.927004961,0,0,0
46289.8685692503,40,2156.4,2582.8,3066.8,0,0,738687.927005424,0,0,0
46289.9085683167,40,2199.6,2699,3043.2,0,0,738687.927005887,0,0,0
46289.9485673831,40,2273.8,2868.4,2937.6,0,0,738687.92700635,0,0,0
46289.9885664495,40,2393.4,3022,2748,0,0,738687.927006813,0,0,0
46290.0285655159,40,2566.8,3076.8,2538.6,0,0,738687.927007275,0,0,0
46290.0685645823,40,2766.2,2965.8,2367,0,0,738687.927007738,0,0,0
46290.1085636487,40,2945.8,2789.6,2257.2,0,0,738687.927008201,0,0,0
46290.1485627151,40,3000,2599.4,2182,0,0,738687.927008664,0,0,0
46290.1885617815,40,2972,2457.6,2133.8,0,0,738687.927009127,0,0,0
46290.2285608479,40,2893,2361,2107.4,0,0,738687.92700959,0,0,0
46290.2685599143,40,2804.8,2302,2090,0,0,738687.927010053,0,0,0
46290.3085589807,40,2743.6,2273.4,2082.4,0,0,738687.927010516,0,0,0
46290.3485580471,40,2727.8,2263.4,2081.4,0,0,738687.927010979,0,0,0
46290.3885571135,40,2759.6,2275.2,2084.8,0,0,738687.927011442,0,0,0
46290.4285561799,40,2800.6,2305.6,2087.4,0,0,738687.927011905,0,0,0
46290.4685552463,40,2852.4,2344.6,2106,0,0,738687.927012368,0,0,0
46290.5085543127,40,2920.6,2420,2129.6,0,0,738687.927012831,0,0,0
46290.5485533791,40,2948.6,2527,2160.4,0,0,738687.927013294,0,0,0
46290.5885524455,40,2910.2,2681.2,2223,0,0,738687.927013757,0,0,0
46290.6285515119,40,2788.6,2858.8,2318.6,0,0,738687.92701422,0,0,0
46290.6685505783,40,2593.4,2971,2461,0,0,738687.927014683,0,0,0
46290.7085496447,40,2415.4,2967.6,2648.4,0,0,738687.927015146,0,0,0
46290.7485487111,40,2284.6,2845.8,2842.4,0,0,738687.927015609,0,0,0
46290.7885477775,40,2199.6,2691.4,2981.6,0,0,738687.927016072,0,0,0
46290.8285468439,40,2150,2557.8,3024.4,0,0,738687.927016534,0,0,0
46290.8685459103,40,2130.2,2493,3029.4,0,0,738687.927016997,0,0,0
46290.9085449767,40,2129.2,2496.4,3039.6,0,0,738687.92701746,0,0,0
46290.9485440431,40,2153.6,2572.8,3067.8,0,0,738687.927017923,0,0,0
46290.9885431095,40,2199.2,2696.4,3049.4,0,0,738687.927018386,0,0,0
46291.0285421759,40,2270.8,2868.4,2939,0,0,738687.927018849,0,0,0
46291.0685412423,40,2383.2,3005.2,2748.6,0,0,738687.927019312,0,0,0
46291.1085403087,40,2551.8,3058.8,2545.8,0,0,738687.927019775,0,0,0
46291.1485393751,40,2739,2967,2383,0,0,738687.927020238,0,0,0
46291.1885384415,40,2909.6,2805.8,2267.2,0,0,738687.927020701,0,0,0
46291.2285375079,40,2973.4,2622.4,2190,0,0,738687.927021164,0,0,0
46291.2685365743,40,2964.6,2479.6,2143,0,0,738687.927021627,0,0,0
46291.3085356407,40,2894.4,2390.2,2115.2,0,0,738687.92702209,0,0,0
46291.3485347071,40,2826.2,2327,2098,0,0,738687.927022553,0,0,0
46291.3885337735,40,2771.2,2290.4,2083.8,0,0,738687.927023016,0,0,0
46291.4285328399,40,2752.6,2277.6,2082.8,0,0,738687.927023479,0,0,0
46291.4685319063,40,2790,2291.6,2090,0,0,738687.927023942,0,0,0
46291.5085309727,40,2836,2322.6,2096,0,0,738687.927024405,0,0,0
46291.5485300391,40,2882.2,2367.2,2110.6,0,0,738687.927024868,0,0,0
46291.5885291055,40,2941.6,2441.4,2134.4,0,0,738687.927025331,0,0,0
46291.6285281719,40,2959.6,2547,2167.2,0,0,738687.927025793,0,0,0
46291.6685272383,40,2911,2700,2232,0,0,738687.927026256,0,0,0
46291.7085263047,40,2781.8,2866.6,2324.8,0,0,738687.927026719,0,0,0
46291.7485253711,40,2600.4,2985,2464.4,0,0,738687.927027182,0,0,0
46291.7885244375,40,2424.8,2984.4,2645.8,0,0,738687.927027645,0,0,0
46291.8285235039,40,2297.8,2875.8,2835,0,0,738687.927028108,0,0,0
46291.8685225703,40,2210.2,2720.2,2974.8,0,0,738687.927028571,0,0,0
46291.9085216367,40,2156.2,2581.4,3029.6,0,0,738687.927029034,0,0,0
46291.9485207031,40,2136.4,2507,3025.4,0,0,738687.927029497,0,0,0
46291.9885197695,40,2133.4,2504.8,3036,0,0,738687.92702996,0,0,0
46292.0285188359,40,2147.2,2560.6,3099.4,0,0,738687.927030423,0,0,0
46292.0685179023,40,2191.4,2682.4,3052,0,0,738687.927030886,0,0,0
46292.1085169687,40,2262.6,2844,2961.2,0,0,738687.927031349,0,0,0
46292.1485160351,40,2368.8,2998.4,2779.2,0,0,738687.927031812,0,0,0
46292.1885151015,40,2535.6,3084.2,2577.8,0,0,738687.927032275,0,0,0
46292.2285141679,40,2733.6,3010.8,2404,0,0,738687.927032738,0,0,0
46292.2685132343,40,2899.2,2826.6,2274,0,0,738687.927033201,0,0,0
46292.3085123007,40,2971.2,2631.4,2194.2,0,0,738687.927033664,0,0,0
46292.3485113671,40,2952.4,2483.6,2146,0,0,738687.927034127,0,0,0
46292.3885104335,40,2887.4,2388,2116,0,0,738687.92703459,0,0,0
46292.4285094999,40,2804.6,2323.4,2099.4,0,0,738687.927035053,0,0,0
46292.4685085663,40,2747.6,2283.6,2088.2,0,0,738687.927035516,0,0,0
46292.5085076327,40,2725,2275.6,2084.4,0,0,738687.927035978,0,0,0
46292.5485066991,40,2753.6,2285.4,2087,0,0,738687.927036441,0,0,0
46292.5885057655,40,2801.4,2310.8,2095.8,0,0,738687.927036904,0,0,0
46292.6285048319,40,2854.8,2351.4,2107,0,0,738687.927037367,0,0,0
46292.6685038983,40,2921.4,2417.4,2125.4,0,0,738687.92703783,0,0,0
46292.7085029647,40,2970.6,2519.4,2158.2,0,0,738687.927038293,0,0,0
46292.7485020311,40,2957.6,2668.8,2214.8,0,0,738687.927038756,0,0,0
46292.7885010975,40,2852.6,2851.2,2298,0,0,738687.927039219,0,0,0
46292.8285001639,40,2661.6,3000.2,2437,0,0,738687.927039682,0,0,0
46292.8684992303,40,2461.6,3020,2625.4,0,0,738687.927040145,0,0,0
46292.9084982967,40,2310,2902.6,2820.8,0,0,738687.927040608,0,0,0
46292.9484973631,40,2216.4,2728.2,2965.2,0,0,738687.927041071,0,0,0
46292.9884964295,40,2157.4,2572.8,3007.2,0,0,738687.927041534,0,0,0
46293.0284954959,40,2129.8,2485.6,2999.6,0,0,738687.927041997,0,0,0
46293.0684945623,40,2121.4,2462.4,3007.8,0,0,738687.92704246,0,0,0
46293.1084936287,40,2130.8,2509.8,3060.8,0,0,738687.927042923,0,0,0
46293.1484926951,40,2165.8,2611.8,3078.6,0,0,738687.927043386,0,0,0
46293.1884917615,40,2220.4,2765.6,3024.2,0,0,738687.927043849,0,0,0
46293.2284908279,40,2319,2942.6,2874.2,0,0,738687.927044312,0,0,0
46293.2684898943,40,2465,3066,2655.2,0,0,738687.927044775,0,0,0
46293.3084889607,40,2659.4,3042,2454.6,0,0,738687.927045238,0,0,0
46293.3484880271,40,2849,2892,2312,0,0,738687.9270457,0,0,0
46293.3884870935,40,2933,2684,2222.4,0,0,738687.927046163,0,0,0
46293.4284861599,40,2928.8,2530,2164.2,0,0,738687.927046626,0,0,0
46293.4684852263,40,2865.2,2418.4,2130.8,0,0,738687.927047089,0,0,0
46293.5084842927,40,2796.6,2349.4,2106.4,0,0,738687.927047552,0,0,0
46293.5484833591,40,2724.2,2305.8,2093.8,0,0,738687.927048015,0,0,0
46293.5884824255,40,2690.8,2283,2090,0,0,738687.927048478,0,0,0
46293.6284814919,40,2698.6,2278.2,2086,0,0,738687.927048941,0,0,0
46293.6684805583,40,2750.4,2300.8,2092,0,0,738687.927049404,0,0,0
46293.7084796247,40,2804.2,2321.8,2097.8,0,0,738687.927049867,0,0,0
46293.7484786911,40,2878.2,2373.4,2112.8,0,0,738687.92705033,0,0,0
46293.7884777575,40,2951.2,2454.8,2136.6,0,0,738687.927050793,0,0,0
46293.8284768239,40,2982.8,2592.4,2184,0,0,738687.927051256,0,0,0
46293.8684758903,40,2911.4,2771.8,2259.6,0,0,738687.927051719,0,0,0
46293.9084749567,40,2726.8,2948,2377.6,0,0,738687.927052182,0,0,0
46293.9484740231,40,2517.6,2999.2,2540.4,0,0,738687.927052645,0,0,0
46293.9884730895,40,2347.6,2920,2725.6,0,0,738687.927053108,0,0,0
46294.0284721559,40,2237,2759.4,2879,0,0,738687.927053571,0,0,0
46294.0684712223,40,2175.8,2610.4,2959.8,0,0,738687.927054034,0,0,0
46294.1084702887,40,2136.2,2504.4,2975,0,0,738687.927054497,0,0,0
46294.1484693551,40,2127.2,2470.4,2985.8,0,0,738687.927054959,0,0,0
46294.1884684215,40,2134.6,2506.8,3036.8,0,0,738687.927055422,0,0,0
46294.2284674879,40,2159.2,2609.8,3123.4,0,0,738687.927055885,0,0,0
46294.2684665543,40,2219,2753.8,3019.8,0,0,738687.927056348,0,0,0
46294.3084656207,40,2314.8,2930.8,2882.4,0,0,738687.927056811,0,0,0
46294.3484646871,40,2454,3065,2676,0,0,738687.927057274,0,0,0
46294.3884637535,40,2645.6,3051.2,2465.8,0,0,738687.927057737,0,0,0
46294.4284628199,40,2841.8,2900,2316.8,0,0,738687.9270582,0,0,0
46294.4684618863,40,2946,2693.4,2223.4,0,0,738687.927058663,0,0,0
46294.5084609527,40,2950.4,2525.8,2160.2,0,0,738687.927059126,0,0,0
46294.5484600191,40,2879.6,2405.4,2125.8,0,0,738687.927059589,0,0,0
46294.5884590855,40,2793.6,2327.8,2102.4,0,0,738687.927060052,0,0,0
46294.6284581519,40,2725.6,2287.4,2090.2,0,0,738687.927060515,0,0,0
46294.6684572183,40,2695.6,2270.8,2080.6,0,0,738687.927060978,0,0,0
46294.7084562847,40,2707.6,2272.8,2081.2,0,0,738687.927061441,0,0,0
46294.7484553511,40,2760,2295.8,2093.8,0,0,738687.927061904,0,0,0
46294.7884544175,40,2829.6,2336.4,2102.2,0,0,738687.927062367,0,0,0
46294.8284534839,40,2908.4,2402.6,2117.8,0,0,738687.92706283,0,0,0
46294.8684525503,40,2981.4,2504.4,2154.8,0,0,738687.927063293,0,0,0
46294.9084516167,40,2974.4,2656.2,2205.6,0,0,738687.927063756,0,0,0
46294.9484506831,40,2859.2,2835.8,2295.2,0,0,738687.927064219,0,0,0
46294.9884497495,40,2646.8,2967.4,2424.4,0,0,738687.927064682,0,0,0
46295.0284488159,40,2445,2964.2,2604.6,0,0,738687.927065144,0,0,0
46295.0684478823,40,2298.6,2834.8,2776.4,0,0,738687.927065607,0,0,0
46295.1084469487,40,2203.4,2665.4,2883,0,0,738687.92706607,0,0,0
46295.1484460151,40,2150.2,2530.4,2927.4,0,0,738687.927066533,0,0,0
46295.1884450815,40,2120.4,2451.8,2918.4,0,0,738687.927066996,0,0,0
46295.2284441479,40,2117.8,2454,2978.6,0,0,738687.927067459,0,0,0
46295.2684432143,40,2135.4,2523.8,3084.4,0,0,738687.927067922,0,0,0
46295.3084422807,40,2177.2,2652,3073.8,0,0,738687.927068385,0,0,0
46295.3484413471,40,2250.4,2817.6,2976.4,0,0,738687.927068848,0,0,0
46295.3884404135,40,2362.8,3001.6,2803.8,0,0,738687.927069311,0,0,0
46295.4284394799,40,2522.8,3056.8,2575.6,0,0,738687.927069774,0,0,0
46295.4684385463,40,2716,2981,2398.2,0,0,738687.927070237,0,0,0
46295.5084376127,40,2848.2,2796.6,2279.8,0,0,738687.9270707,0,0,0
46295.5484366791,40,2901,2616.8,2198,0,0,738687.927071163,0,0,0
46295.5884357455,40,2864.6,2470.4,2149.4,0,0,738687.927071626,0,0,0
46295.6284348119,40,2803.4,2377,2120,0,0,738687.927072089,0,0,0
46295.6684338783,40,2739,2318,2100.2,0,0,738687.927072552,0,0,0
46295.7084329447,40,2683.4,2280.2,2088,0,0,738687.927073015,0,0,0
46295.7484320111,40,2652.2,2259.6,2082.8,0,0,738687.927073478,0,0,0
46295.7884310775,40,2677,2265.6,2085.6,0,0,738687.927073941,0,0,0
46295.8284301439,40,2743,2293.2,2092,0,0,738687.927074404,0,0,0
46295.8684292103,40,2821.8,2330.6,2101.4,0,0,738687.927074866,0,0,0
46295.9084282767,40,2908.8,2397,2114.4,0,0,738687.927075329,0,0,0
46295.9484273431,40,2983.8,2502.2,2150.4,0,0,738687.927075792,0,0,0
46295.9884264095,40,2994.4,2656.6,2201.6,0,0,738687.927076255,0,0,0
46296.0284254759,40,2865.6,2836.2,2291,0,0,738687.927076718,0,0,0
46296.0684245423,40,2671.4,2993.2,2425,0,0,738687.927077181,0,0,0
46296.1084236087,40,2470.2,3009.4,2613.8,0,0,738687.927077644,0,0,0
46296.1484226751,40,2310,2885.2,2808.6,0,0,738687.927078107,0,0,0
46296.1884217415,40,2210.2,2697.2,2953.2,0,0,738687.92707857,0,0,0
46296.2284208079,40,2146.6,2542.4,3004.4,0,0,738687.927079033,0,0,0
46296.2684198743,40,2116.6,2435.2,2926,0,0,738687.927079496,0,0,0
46296.3084189407,40,2113,2415.8,2954,0,0,738687.927079959,0,0,0
46296.3484180071,40,2127.8,2484.4,3040.4,0,0,738687.927080422,0,0,0
46296.3884170735,40,2158.2,2591.6,3060.6,0,0,738687.927080885,0,0,0
46296.4284161399,40,2221.2,2763.6,3013.2,0,0,738687.927081348,0,0,0
46296.4684152063,40,2328.6,2940.8,2839.6,0,0,738687.927081811,0,0,0
46296.5084142727,40,2478.4,3052,2628.4,0,0,738687.927082274,0,0,0
46296.5484133391,40,2675.4,3013.2,2434.6,0,0,738687.927082737,0,0,0
46296.5884124055,40,2852.4,2857,2299,0,0,738687.9270832,0,0,0
46296.6284114719,40,2962.4,2674.6,2214.8,0,0,738687.927083663,0,0,0
46296.6684105383,40,2980.6,2527.2,2154.2,0,0,738687.927084125,0,0,0
46296.7084096047,40,2943.4,2417.6,2124.6,0,0,738687.927084588,0,0,0
46296.7484086711,40,2861.8,2350,2105,0,0,738687.927085051,0,0,0
46296.7884077375,40,2810.6,2311.2,2096.4,0,0,738687.927085514,0,0,0
46296.8284068039,40,2785,2294.2,2088,0,0,738687.927085977,0,0,0
46296.8684058703,40,2804.8,2301.4,2091.4,0,0,738687.92708644,0,0,0
46296.9084049367,40,2835.2,2326.4,2095.8,0,0,738687.927086903,0,0,0
46296.9484040031,40,2860.4,2352.8,2109.6,0,0,738687.927087366,0,0,0
46296.9884030695,40,2895.4,2400.6,2120.4,0,0,738687.927087829,0,0,0
46297.0284021359,40,2923,2463,2144.2,0,0,738687.927088292,0,0,0
46297.0684012023,40,2914.4,2562,2178.6,0,0,738687.927088755,0,0,0
46297.1084002687,40,2870.2,2691.2,2232.6,0,0,738687.927089218,0,0,0
46297.1483993351,40,2765,2840.8,2317,0,0,738687.927089681,0,0,0
46297.1883984015,40,2604.4,2976.8,2452.6,0,0,738687.927090144,0,0,0
46297.2283974679,40,2444.4,3019.6,2653.4,0,0,738687.927090607,0,0,0
46297.2683965343,40,2303.4,2909,2866.4,0,0,738687.92709107,0,0,0
46297.3083956007,40,2210,2728.4,3012.4,0,0,738687.927091533,0,0,0
46297.3483946671,40,2154.4,2564.4,3044.4,0,0,738687.927091996,0,0,0
46297.3883937335,40,2119.4,2460.4,3019.2,0,0,738687.927092459,0,0,0
46297.4283927999,40,2114.6,2414.6,2930,0,0,738687.927092922,0,0,0
46297.4683918663,40,2127,2473.8,3033.2,0,0,738687.927093385,0,0,0
46297.5083909327,40,2152.6,2551.4,3057,0,0,738687.927093848,0,0,0
46297.5483899991,40,2194.6,2693.8,3034,0,0,738687.92709431,0,0,0
46297.5883890655,40,2277.8,2866.4,2926.6,0,0,738687.927094773,0,0,0
46297.6283881319,40,2407.2,3032.6,2730.6,0,0,738687.927095236,0,0,0
46297.6683871983,40,2586,3064,2514,0,0,738687.927095699,0,0,0
46297.7083862647,40,2773.8,2937.6,2355.8,0,0,738687.927096162,0,0,0
46297.7483853311,40,2905.6,2763.6,2255.6,0,0,738687.927096625,0,0,0
46297.7883843975,40,2954.4,2609.8,2189,0,0,738687.927097088,0,0,0
46297.8283834639,40,2931.8,2489.4,2150.6,0,0,738687.927097551,0,0,0
46297.8683825303,40,2897.4,2416.8,2127.2,0,0,738687.927098014,0,0,0
46297.9083815967,40,2872.8,2381.4,2115.4,0,0,738687.927098477,0,0,0
46297.9483806631,40,2882,2384,2116.4,0,0,738687.92709894,0,0,0
46297.9883797295,40,2917.4,2424,2128.2,0,0,738687.927099403,0,0,0
46298.0283787959,40,2956.8,2471.4,2145.6,0,0,738687.927099866,0,0,0
46298.0683778623,40,2988.4,2557.4,2169.6,0,0,738687.927100329,0,0,0
46298.1083769287,40,2980.6,2683.6,2214.8,0,0,738687.927100792,0,0,0
46298.1483759951,40,2883.6,2845.2,2289.6,0,0,738687.927101255,0,0,0
46298.1883750615,40,2709,2995.4,2403,0,0,738687.927101718,0,0,0
46298.2283741279,40,2521.4,3060.6,2570.4,0,0,738687.927102181,0,0,0
46298.2683731943,40,2367.2,2976.8,2757.2,0,0,738687.927102644,0,0,0
46298.3083722607,40,2260,2824.2,2908.6,0,0,738687.927103107,0,0,0
46298.3483713271,40,2191.6,2668.2,2978,0,0,738687.927103569,0,0,0
46298.3883703935,40,2154.6,2565.6,2984.8,0,0,738687.927104032,0,0,0
46298.4283694599,40,2142.6,2518.6,2960,0,0,738687.927104495,0,0,0
46298.4683685263,40,2151.6,2540,2948.8,0,0,738687.927104958,0,0,0
46298.5083675927,40,2173.6,2598.2,2930.8,0,0,738687.927105421,0,0,0
46298.5483666591,40,2227.6,2719.2,2871.6,0,0,738687.927105884,0,0,0
46298.5883657255,40,2310,2840.2,2754.2,0,0,738687.927106347,0,0,0
46298.6283647919,40,2435.8,2934.6,2598,0,0,738687.92710681,0,0,0
46298.6683638583,40,2590.4,2924.2,2437.8,0,0,738687.927107273,0,0,0
46298.7083629247,40,2745,2835,2323.2,0,0,738687.927107736,0,0,0
46298.7483619911,40,2859.8,2711.2,2238.4,0,0,738687.927108199,0,0,0
46298.7883610575,40,2913.4,2585.4,2184.4,0,0,738687.927108662,0,0,0
46298.8283601239,40,2916.2,2477.4,2145.4,0,0,738687.927109125,0,0,0
46298.8683591903,40,2873,2393.8,2119,0,0,738687.927109588,0,0,0
46298.9083582567,40,2841.2,2348.6,2110.8,0,0,738687.927110051,0,0,0
46298.9483573231,40,2865.4,2349.4,2103.6,0,0,738687.927110514,0,0,0
46298.9883563895,40,2911,2383.8,2115,0,0,738687.927110977,0,0,0
46299.0283554559,40,2971.4,2438.4,2131.8,0,0,738687.92711144,0,0,0
46299.0683545223,40,3002.2,2535.2,2156.2,0,0,738687.927111903,0,0,0
46299.1083535887,40,2973.4,2680.2,2211,0,0,738687.927112366,0,0,0
46299.1483526551,40,2843.6,2842,2296.6,0,0,738687.927112828,0,0,0
46299.1883517215,40,2643.8,2965.8,2424.2,0,0,738687.927113291,0,0,0
46299.2283507879,40,2453.2,2987,2605.8,0,0,738687.927113754,0,0,0
46299.2683498543,40,2310.2,2877.2,2795.8,0,0,738687.927114217,0,0,0
46299.3083489207,40,2220,2722.6,2938.4,0,0,738687.92711468,0,0,0
46299.3483479871,40,2163.8,2591.2,3003.8,0,0,738687.927115143,0,0,0
46299.3883470535,40,2138,2529.8,3029.2,0,0,738687.927115606,0,0,0
46299.4283461199,40,2146.4,2547.4,3054.4,0,0,738687.927116069,0,0,0
46299.4683451863,40,2174.8,2639.6,3062.8,0,0,738687.927116532,0,0,0
46299.5083442527,40,2232.8,2784.2,2991.8,0,0,738687.927116995,0,0,0
46299.5483433191,40,2328.6,2957,2838.4,0,0,738687.927117458,0,0,0
46299.5883423855,40,2469.4,3050.2,2634,0,0,738687.927117921,0,0,0
46299.6283414519,40,2632.2,2983.6,2442.2,0,0,738687.927118384,0,0,0
46299.6683405183,40,2772.6,2829.4,2310.6,0,0,738687.927118847,0,0,0
46299.7083395847,40,2852.2,2680.4,2227.8,0,0,738687.92711931,0,0,0
46299.7483386511,40,2866.8,2542.4,2176.8,0,0,738687.927119773,0,0,0
46299.7883377175,40,2854.4,2453.2,2144,0,0,738687.927120236,0,0,0
46299.8283367839,40,2819.2,2390,2123.4,0,0,738687.927120699,0,0,0
46299.8683358503,40,2806.6,2357.6,2111.6,0,0,738687.927121162,0,0,0
46299.9083349167,40,2829.6,2362.6,2111.2,0,0,738687.927121625,0,0,0
46299.9483339831,40,2878.4,2395,2120.6,0,0,738687.927122088,0,0,0
46299.9883330495,40,2928.4,2420.8,2123.2,0,0,738687.927122551,0,0,0
46300.0283321159,40,2980.6,2482.4,2142.6,0,0,738687.927123013,0,0,0
46300.0683311823,40,3011.8,2579.6,2175.6,0,0,738687.927123476,0,0,0
46300.1083302487,40,2987.8,2712.8,2222.4,0,0,738687.927123939,0,0,0
46300.1483293151,40,2859,2862.2,2298,0,0,738687.927124402,0,0,0
46300.1883283815,40,2692.2,3005.2,2416.2,0,0,738687.927124865,0,0,0
46300.2283274479,40,2506.6,3056.2,2583.4,0,0,738687.927125328,0,0,0
46300.2683265143,40,2357.2,2967.2,2767.6,0,0,738687.927125791,0,0,0
46300.3083255807,40,2252,2818.4,2917,0,0,738687.927126254,0,0,0
46300.3483246471,40,2188,2668.2,2998.2,0,0,738687.927126717,0,0,0
46300.3883237135,40,2146.6,2554.2,3018.2,0,0,738687.92712718,0,0,0
46300.4283227799,40,2133.8,2512.8,3026.2,0,0,738687.927127643,0,0,0
46300.4683218463,40,2150.4,2558.6,3055.8,0,0,738687.927128106,0,0,0
46300.5083209127,40,2182.4,2662,3062.8,0,0,738687.927128569,0,0,0
46300.5483199791,40,2243,2819,2995.6,0,0,738687.927129032,0,0,0
46300.5883190455,40,2344.8,2950.8,2799.2,0,0,738687.927129495,0,0,0
46300.6283181119,40,2488.4,3063.8,2615,0,0,738687.927129958,0,0,0
46300.6683171783,40,2667.8,3016.6,2439.2,0,0,738687.927130421,0,0,0
46300.7083162447,40,2831.6,2875.6,2309.8,0,0,738687.927130884,0,0,0
46300.7483153111,40,2937,2719.2,2231.4,0,0,738687.927131347,0,0,0
46300.7883143775,40,2980.6,2583,2175.4,0,0,738687.92713181,0,0,0
46300.8283134439,40,2983.6,2487.8,2143.4,0,0,738687.927132273,0,0,0
46300.8683125103,40,2955,2425,2123,0,0,738687.927132735,0,0,0
46300.9083115767,40,2945,2397.4,2117.8,0,0,738687.927133198,0,0,0
46300.9483106431,40,2941.6,2400.6,2117,0,0,738687.927133661,0,0,0
46300.9883097095,40,2944,2421.6,2121.8,0,0,738687.927134124,0,0,0
46301.0283087759,40,2975.4,2466.2,2138.8,0,0,738687.927134587,0,0,0
46301.0683078423,40,2991.8,2540,2163.4,0,0,738687.92713505,0,0,0
46301.1083069087,40,2957.2,2644.4,2205,0,0,738687.927135513,0,0,0
46301.1483059751,40,2881.4,2790,2269.4,0,0,738687.927135976,0,0,0
46301.1883050415,40,2742.4,2937.4,2365.4,0,0,738687.927136439,0,0,0
46301.2283041079,40,2573.4,3036,2514.4,0,0,738687.927136902,0,0,0
46301.2683031743,40,2409.2,3022.8,2711,0,0,738687.927137365,0,0,0
46301.3083022407,40,2285,2885,2902.6,0,0,738687.927137828,0,0,0
46301.3483013071,40,2207,2712.8,3017.4,0,0,738687.927138291,0,0,0
46301.3883003735,40,2155,2579.4,3047.6,0,0,738687.927138754,0,0,0
46301.4282994399,40,2136.6,2504.2,3034.4,0,0,738687.927139217,0,0,0
46301.4682985063,40,2140.8,2512.4,3048.8,0,0,738687.92713968,0,0,0
46301.5082975727,40,2162.6,2594.2,3058.6,0,0,738687.927140143,0,0,0
46301.5482966391,40,2205,2722,3013.4,0,0,738687.927140606,0,0,0
46301.5882957055,40,2286.2,2888.6,2912.2,0,0,738687.927141069,0,0,0
46301.6282947719,40,2413.2,3022.4,2714.2,0,0,738687.927141532,0,0,0
46301.6682938383,40,2584.6,3064.4,2521.4,0,0,738687.927141994,0,0,0
46301.7082929047,40,2769.6,2961.2,2368.2,0,0,738687.927142457,0,0,0
46301.7482919711,40,2925.8,2798.8,2261,0,0,738687.92714292,0,0,0
46301.7882910375,40,2997.6,2635.6,2189.8,0,0,738687.927143383,0,0,0
46301.8282901039,40,2997,2510,2149.8,0,0,738687.927143846,0,0,0
46301.8682891703,40,2947.8,2423.2,2122.6,0,0,738687.927144309,0,0,0
46301.9082882367,40,2911.6,2380.4,2109.8,0,0,738687.927144772,0,0,0
46301.9482873031,40,2913.2,2377.2,2110.4,0,0,738687.927145235,0,0,0
46301.9882863695,40,2940.4,2406.2,2117.2,0,0,738687.927145698,0,0,0
46302.0282854359,40,2971.8,2448.4,2130.2,0,0,738687.927146161,0,0,0
46302.0682845023,40,2990.4,2524,2155.6,0,0,738687.927146624,0,0,0
46302.1082835687,40,2957.2,2634,2199.8,0,0,738687.927147087,0,0,0
46302.1482826351,40,2864,2766,2263,0,0,738687.92714755,0,0,0
46302.1882817015,40,2708.4,2893,2358.4,0,0,738687.927148013,0,0,0
46302.2282807679,40,2536.4,2964.8,2505.4,0,0,738687.927148476,0,0,0
46302.2682798343,40,2377.4,2939.4,2687.4,0,0,738687.927148939,0,0,0
46302.3082789007,40,2267.2,2825.4,2874.2,0,0,738687.927149402,0,0,0
46302.3482779671,40,2191.2,2680.6,3000.8,0,0,738687.927149865,0,0,0
46302.3882770335,40,2152.6,2574,3063,0,0,738687.927150328,0,0,0
46302.4282760999,40,2145.4,2545.8,3061.4,0,0,738687.927150791,0,0,0
46302.4682751663,40,2163.4,2604.2,3070.8,0,0,738687.927151254,0,0,0
46302.5082742327,40,2207.8,2719.2,3011,0,0,738687.927151717,0,0,0
46302.5482732991,40,2278.2,2858.2,2883.4,0,0,738687.927152179,0,0,0
46302.5882723655,40,2381.2,2960.8,2702,0,0,738687.927152642,0,0,0
46302.6282714319,40,2520.2,2977.4,2519,0,0,738687.927153105,0,0,0
46302.6682704983,40,2677.2,2905.8,2378,0,0,738687.927153568,0,0,0
46302.7082695647,40,2815,2777.6,2273,0,0,738687.927154031,0,0,0
46302.7482686311,40,2905.8,2641.8,2209,0,0,738687.927154494,0,0,0
46302.7882676975,40,2949.6,2531.2,2161.8,0,0,738687.927154957,0,0,0
46302.8282667639,40,2942.8,2444.8,2133.8,0,0,738687.92715542,0,0,0
46302.8682658303,40,2919.4,2388.4,2112.2,0,0,738687.927155883,0,0,0
46302.9082648967,40,2888.6,2356.4,2102.6,0,0,738687.927156346,0,0,0
46302.9482639631,40,2891.6,2347.4,2103.2,0,0,738687.927156809,0,0,0
46302.9882630295,40,2923.2,2374,2112.6,0,0,738687.927157272,0,0,0
46303.0282620959,40,2947.4,2408.8,2122.8,0,0,738687.927157735,0,0,0
46303.0682611623,40,2981.4,2469,2139.4,0,0,738687.927158198,0,0,0
46303.1082602287,40,3008,2564.6,2167.4,0,0,738687.927158661,0,0,0
46303.1482592951,40,2952.6,2695.6,2221.8,0,0,738687.927159124,0,0,0
46303.1882583615,40,2819.8,2837.2,2301,0,0,738687.927159587,0,0,0
46303.2282574279,40,2659,2967.8,2421.4,0,0,738687.92716005,0,0,0
46303.2682564943,40,2479,3017.4,2598,0,0,738687.927160513,0,0,0
46303.3082555607,40,2333.8,2944.8,2807.8,0,0,738687.927160976,0,0,0
46303.3482546271,40,2231.4,2779.8,2968.8,0,0,738687.927161439,0,0,0
46303.3882536935,40,2172.6,2625.2,3035.8,0,0,738687.927161901,0,0,0
46303.4282527599,40,2140.8,2524,3045.2,0,0,738687.927162364,0,0,0
46303.4682518263,40,2132.2,2510.8,3063.2,0,0,738687.927162827,0,0,0
46303.5082508927,40,2154.8,2581.8,3071.4,0,0,738687.92716329,0,0,0
46303.5482499591,40,2202.8,2715.2,3038.2,0,0,738687.927163753,0,0,0
46303.5882490255,40,2282,2890.8,2926.2,0,0,738687.927164216,0,0,0
46303.6282480919,40,2402.4,3023.6,2732.2,0,0,738687.927164679,0,0,0
46303.6682471583,40,2562.8,3062,2534,0,0,738687.927165142,0,0,0
46303.7082462247,40,2743.8,2973.4,2374.6,0,0,738687.927165605,0,0,0
46303.7482452911,40,2897.2,2807.4,2269.4,0,0,738687.927166068,0,0,0
46303.7882443575,40,2986.2,2653.6,2201,0,0,738687.927166531,0,0,0
46303.8282434239,40,2979.4,2518.2,2154.8,0,0,738687.927166994,0,0,0
46303.8682424903,40,2963.8,2435.4,2126.4,0,0,738687.927167457,0,0,0
46303.9082415567,40,2938.4,2384.8,2114,0,0,738687.92716792,0,0,0
46303.9482406231,40,2908.6,2363.2,2108.4,0,0,738687.927168383,0,0,0
46303.9882396895,40,2930.6,2377,2105.2,0,0,738687.927168846,0,0,0
46304.0282387559,40,2946.6,2401,2120,0,0,738687.927169309,0,0,0
46304.0682378223,40,2974,2446.2,2130.4,0,0,738687.927169772,0,0,0
46304.1082368887,40,2998.6,2521.8,2153,0,0,738687.927170235,0,0,0
46304.1482359551,40,2969.8,2624,2197.2,0,0,738687.927170698,0,0,0
46304.1882350215,40,2871.8,2760.6,2262,0,0,738687.92717116,0,0,0
46304.2282340879,40,2720.6,2904.8,2363.4,0,0,738687.927171623,0,0,0
46304.2682331543,40,2540.2,3001.2,2518,0,0,738687.927172086,0,0,0
46304.3082322207,40,2377.8,2973,2733,0,0,738687.927172549,0,0,0
46304.3482312871,40,2250.2,2825.8,2936.2,0,0,738687.927173012,0,0,0
46304.3882303535,40,2178,2643.8,3040.4,0,0,738687.927173475,0,0,0
46304.4282294199,40,2138.8,2528.4,3061.8,0,0,738687.927173938,0,0,0
46304.4682284863,40,2129.8,2502.4,3048.4,0,0,738687.927174401,0,0,0
46304.5082275527,40,2145.8,2563,3080.6,0,0,738687.927174864,0,0,0
46304.5482266191,40,2186.6,2686,3044.4,0,0,738687.927175327,0,0,0
46304.5882256855,40,2263.4,2861.4,2956,0,0,738687.92717579,0,0,0
46304.6282247519,40,2383.6,3023.2,2772,0,0,738687.927176253,0,0,0
46304.6682238183,40,2550,3081.8,2559.6,0,0,738687.927176716,0,0,0
46304.7082228847,40,2743,3003,2390.4,0,0,738687.927177179,0,0,0
46304.7482219511,40,2903.6,2834,2281.4,0,0,738687.927177642,0,0,0
46304.7882210175,40,2990.4,2668.2,2204,0,0,738687.927178105,0,0,0
46304.8282200839,40,3004.4,2536.6,2159.4,0,0,738687.927178568,0,0,0
46304.8682191503,40,2973.6,2456.2,2131.4,0,0,738687.927179031,0,0,0
46304.9082182167,40,2939.8,2407.4,2118,0,0,738687.927179494,0,0,0
46304.9482172831,40,2939.8,2390.6,2114,0,0,738687.927179957,0,0,0
46304.9882163495,40,2955,2408.6,2118.8,0,0,738687.92718042,0,0,0
46305.0282154159,40,2966,2437.6,2126.2,0,0,738687.927180883,0,0,0
46305.0682144823,40,2997.2,2493.6,2145.8,0,0,738687.927181345,0,0,0
46305.1082135487,40,3010,2591.4,2177.6,0,0,738687.927181808,0,0,0
46305.1482126151,40,2961.2,2721.2,2225.2,0,0,738687.927182271,0,0,0
46305.1882116815,40,2841.6,2874.6,2308.8,0,0,738687.927182734,0,0,0
46305.2282107479,40,2671.2,3015.4,2435,0,0,738687.927183197,0,0,0
46305.2682098143,40,2482,3046,2616.2,0,0,738687.92718366,0,0,0
46305.3082088807,40,2330.6,2953.6,2829.6,0,0,738687.927184123,0,0,0
46305.3482079471,40,2226.8,2776.4,2988,0,0,738687.927184586,0,0,0
46305.3882070135,40,2166.8,2603.8,3047.6,0,0,738687.927185049,0,0,0
46305.4282060799,40,2126.4,2484.4,3024.8,0,0,738687.927185512,0,0,0
46305.4682051463,40,2114,2431.2,2966.2,0,0,738687.927185975,0,0,0
46305.5082042127,40,2124.8,2490.4,3050.6,0,0,738687.927186438,0,0,0
46305.5482032791,40,2161.6,2597.2,3067,0,0,738687.927186901,0,0,0
46305.5882023455,40,2221,2754.6,3010.6,0,0,738687.927187364,0,0,0
46305.6282014119,40,2317.4,2932.8,2855.2,0,0,738687.927187827,0,0,0
46305.6682004783,40,2470.4,3059.6,2638.6,0,0,738687.92718829,0,0,0
46305.7081995447,40,2671.6,3033.4,2441,0,0,738687.927188753,0,0,0
46305.7481986111,40,2849.8,2866.6,2303.2,0,0,738687.927189216,0,0,0
46305.7881976775,40,2951.8,2684,2215.8,0,0,738687.927189679,0,0,0
46305.8281967439,40,2957.4,2535.4,2160.4,0,0,738687.927190142,0,0,0
46305.8681958103,40,2925.2,2438.8,2133.4,0,0,738687.927190605,0,0,0
46305.9081948767,40,2870.2,2378.4,2112.2,0,0,738687.927191067,0,0,0
46305.9481939431,40,2842.8,2350.2,2104.2,0,0,738687.92719153,0,0,0
46305.9881930095,40,2855.4,2347.6,2104,0,0,738687.927191993,0,0,0
46306.0281920759,40,2902.8,2373.6,2112.8,0,0,738687.927192456,0,0,0
46306.0681911423,40,2944.4,2411,2119,0,0,738687.927192919,0,0,0
46306.1081902087,40,2980,2468.2,2137.8,0,0,738687.927193382,0,0,0
46306.1481892751,40,3011.6,2562.2,2167.4,0,0,738687.927193845,0,0,0
46306.1881883415,40,2973.2,2690.2,2212.8,0,0,738687.927194308,0,0,0
46306.2281874079,40,2868.8,2851.2,2292,0,0,738687.927194771,0,0,0
46306.2681864743,40,2702,2996.8,2411.8,0,0,738687.927195234,0,0,0
46306.3081855407,40,2506.8,3034.8,2574.8,0,0,738687.927195697,0,0,0
46306.3481846071,40,2347.8,2945,2766.2,0,0,738687.92719616,0,0,0
46306.3881836735,40,2247.2,2787.4,2923.2,0,0,738687.927196623,0,0,0
46306.4281827399,40,2175.8,2636.6,3008.8,0,0,738687.927197086,0,0,0
46306.4681818063,40,2139.8,2528,3035.4,0,0,738687.927197549,0,0,0
46306.5081808727,40,2129.8,2499.2,3043.6,0,0,738687.927198012,0,0,0
46306.5481799391,40,2147.4,2555,3053,0,0,738687.927198475,0,0,0
46306.5881790055,40,2195,2682.8,3024.8,0,0,738687.927198938,0,0,0
46306.6281780719,40,2274,2868,2918,0,0,738687.927199401,0,0,0
46306.6681771383,40,2409.4,3010.4,2702.2,0,0,738687.927199863,0,0,0
46306.7081762047,40,2587.4,3022,2498.2,0,0,738687.927200326,0,0,0
46306.7481752711,40,2764.6,2910,2340.6,0,0,738687.927200789,0,0,0
46306.7881743375,40,2910,2738.8,2242.6,0,0,738687.927201252,0,0,0
46306.8281734039,40,2965,2586.6,2180.4,0,0,738687.927201715,0,0,0
46306.8681724703,40,2949.6,2464.4,2135.4,0,0,738687.927202178,0,0,0
46306.9081715367,40,2893.4,2382.6,2112.4,0,0,738687.927202641,0,0,0
46306.9481706031,40,2856,2338.4,2102.6,0,0,738687.927203104,0,0,0
46306.9881696695,40,2838,2319.6,2093,0,0,738687.927203567,0,0,0
46307.0281687359,40,2853.8,2332.6,2098.6,0,0,738687.92720403,0,0,0
46307.0681678023,40,2900.2,2361,2108,0,0,738687.927204493,0,0,0
46307.1081668687,40,2939.2,2405.2,2121,0,0,738687.927204956,0,0,0
46307.1481659351,40,2986.8,2477.6,2142.2,0,0,738687.927205419,0,0,0
46307.1881650015,40,3016,2596,2175.6,0,0,738687.927205882,0,0,0
46307.2281640679,40,2949.2,2747.8,2239.4,0,0,738687.927206345,0,0,0
46307.2681631343,40,2798.8,2911.6,2336,0,0,738687.927206808,0,0,0
46307.3081622007,40,2605.6,3029.2,2483.4,0,0,738687.927207271,0,0,0
46307.3481612671,40,2428.8,3027.8,2682.6,0,0,738687.927207734,0,0,0
46307.3881603335,40,2295.6,2904,2889,0,0,738687.927208197,0,0,0
46307.4281593999,40,2211,2725.8,3015.8,0,0,738687.92720866,0,0,0
46307.4681584663,40,2155.4,2584.4,3052.6,0,0,738687.927209123,0,0,0
46307.5081575327,40,2134.8,2510.6,3047.2,0,0,738687.927209586,0,0,0
46307.5481565991,40,2141.4,2531.6,3052,0,0,738687.927210049,0,0,0
46307.5881556655,40,2175.4,2636.6,3058.8,0,0,738687.927210511,0,0,0
46307.6281547319,40,2238.2,2797.4,2996,0,0,738687.927210974,0,0,0
46307.6681537983,40,2337.4,2970.2,2831.2,0,0,738687.927211437,0,0,0
46307.7081528647,40,2487,3059.8,2617.4,0,0,738687.9272119,0,0,0
46307.7481519311,40,2682.8,3027.8,2434.4,0,0,738687.927212363,0,0,0
46307.7881509975,40,2859.4,2869.6,2300,0,0,738687.927212826,0,0,0
46307.8281500639,40,2970,2698,2221.8,0,0,738687.927213289,0,0,0
46307.8681491303,40,2996.6,2557,2168.6,0,0,738687.927213752,0,0,0
46307.9081481967,40,2966,2450,2135.2,0,0,738687.927214215,0,0,0
46307.9481472631,40,2915.4,2384.2,2113.8,0,0,738687.927214678,0,0,0
46307.9881463295,40,2878,2346.2,2103.2,0,0,738687.927215141,0,0,0
46308.0281453959,40,2861.4,2330.8,2097.4,0,0,738687.927215604,0,0,0
46308.0681444623,40,2878.6,2346,2100,0,0,738687.927216067,0,0,0
46308.1081435287,40,2912,2375.4,2113.6,0,0,738687.92721653,0,0,0
46308.1481425951,40,2953,2427.4,2128.2,0,0,738687.927216993,0,0,0
46308.1881416615,40,2999,2507,2152.2,0,0,738687.927217456,0,0,0
46308.2281407279,40,3009,2636,2191.2,0,0,738687.927217919,0,0,0
46308.2681397943,40,2911.8,2791.6,2262.6,0,0,738687.927218382,0,0,0
46308.3081388607,40,2740.6,2945.4,2370.8,0,0,738687.927218845,0,0,0
46308.3481379271,40,2550.8,3036.4,2533.8,0,0,738687.927219308,0,0,0
46308.3881369935,40,2384,2996.4,2743,0,0,738687.92721977,0,0,0
46308.4281360599,40,2257.8,2839.4,2943.4,0,0,738687.927220233,0,0,0
46308.4681351263,40,2186.2,2667.4,3046.4,0,0,738687.927220696,0,0,0
46308.5081341927,40,2140,2528.2,3042.2,0,0,738687.927221159,0,0,0
46308.5481332591,40,2127.4,2484.4,3032.6,0,0,738687.927221622,0,0,0
46308.5881323255,40,2142.4,2518.6,3040.8,0,0,738687.927222085,0,0,0
46308.6281313919,40,2173.6,2627.4,3055.2,0,0,738687.927222548,0,0,0
46308.6681304583,40,2231.2,2788.6,3006,0,0,738687.927223011,0,0,0
46308.7081295247,40,2328.2,2959.2,2850.2,0,0,738687.927223474,0,0,0
46308.7481285911,40,2473.2,3065.2,2646,0,0,738687.927223937,0,0,0
46308.7881276575,40,2651.2,3057.6,2464.8,0,0,738687.9272244,0,0,0
46308.8281267239,40,2825,2932.4,2335,0,0,738687.927224863,0,0,0
46308.8681257903,40,2950.4,2765,2246,0,0,738687.927225326,0,0,0
46308.9081248567,40,2991.6,2609.2,2186,0,0,738687.927225789,0,0,0
46308.9481239231,40,2991.2,2509.6,2148,0,0,738687.927226252,0,0,0
46308.9881229895,40,2963,2434.4,2127.2,0,0,738687.927226715,0,0,0
46309.0281220559,40,2930.6,2395.8,2118.4,0,0,738687.927227178,0,0,0
46309.0681211223,40,2919,2382.2,2109.8,0,0,738687.927227641,0,0,0
46309.1081201887,40,2943.2,2398.8,2116.6,0,0,738687.927228104,0,0,0
46309.1481192551,40,2955.2,2421.6,2122.8,0,0,738687.927228567,0,0,0
46309.1881183215,40,2980.4,2462.8,2139,0,0,738687.927229029,0,0,0
46309.2281173879,40,3006.6,2529.8,2160,0,0,738687.927229492,0,0,0
46309.2681164543,40,3006.4,2636.6,2197,0,0,738687.927229955,0,0,0
46309.3081155207,40,2940,2774.4,2253.4,0,0,738687.927230418,0,0,0
46309.3481145871,40,2800.6,2928.8,2341.2,0,0,738687.927230881,0,0,0
46309.3881136535,40,2626.4,3046.2,2479.4,0,0,738687.927231344,0,0,0
46309.4281127199,40,2447,3044.2,2666.6,0,0,738687.927231807,0,0,0
46309.4681117863,40,2305,2927.4,2868,0,0,738687.92723227,0,0,0
46309.5081108527,40,2218.8,2748.8,3012.2,0,0,738687.927232733,0,0,0
46309.5481099191,40,2165.8,2606,3055.4,0,0,738687.927233196,0,0,0
46309.5881089855,40,2141.8,2540.4,3056,0,0,738687.927233659,0,0,0
46309.6281080519,40,2151.6,2561.4,3061.2,0,0,738687.927234122,0,0,0
46309.6681071183,40,2184.2,2653.8,3052.6,0,0,738687.927234585,0,0,0
46309.7081061847,40,2239.4,2789.6,2989.8,0,0,738687.927235048,0,0,0
46309.7481052511,40,2328,2945.4,2837.6,0,0,738687.927235511,0,0,0
46309.7881043175,40,2464,3046.4,2641.4,0,0,738687.927235974,0,0,0
46309.8281033839,40,2630,3024.2,2462.4,0,0,738687.927236437,0,0,0
46309.8681024503,40,2803.4,2903,2333.6,0,0,738687.9272369,0,0,0
46309.9081015167,40,2932,2747.4,2239.2,0,0,738687.927237363,0,0,0
46309.9481005831,40,2987,2598.6,2180.4,0,0,738687.927237826,0,0,0
46309.9880996495,40,2986.2,2488.6,2144.6,0,0,738687.927238289,0,0,0
46310.0280987159,40,2943.6,2411.6,2118.8,0,0,738687.927238752,0,0,0
46310.0680977823,40,2892.8,2360.6,2103.4,0,0,738687.927239214,0,0,0
46310.1080968487,40,2878.4,2348.2,2101.6,0,0,738687.927239677,0,0,0
46310.1480959151,40,2896.8,2356.8,2103.4,0,0,738687.92724014,0,0,0
46310.1880949815,40,2924,2392.4,2116,0,0,738687.927240603,0,0,0
46310.2280940479,40,2959.6,2444,2135,0,0,738687.927241066,0,0,0
46310.2680931143,40,2984.6,2520.6,2154.2,0,0,738687.927241529,0,0,0
46310.3080921807,40,2976.6,2632.6,2196,0,0,738687.927241992,0,0,0
46310.3480912471,40,2908.2,2786,2264.4,0,0,738687.927242455,0,0,0
46310.3880903135,40,2765.6,2936.4,2362.6,0,0,738687.927242918,0,0,0
46310.4280893799,40,2582,3048.2,2510.4,0,0,738687.927243381,0,0,0
46310.4680884463,40,2407.2,3027.8,2720.2,0,0,738687.927243844,0,0,0
46310.5080875127,40,2278,2877.6,2913,0,0,738687.927244307,0,0,0
46310.5480865791,40,2197.4,2698.2,3033.2,0,0,738687.92724477,0,0,0
46310.5880856455,40,2149,2570.4,3055,0,0,738687.927245233,0,0,0
46310.6280847119,40,2136,2515.4,3050.4,0,0,738687.927245696,0,0,0
46310.6680837783,40,2145.8,2547.8,3053.2,0,0,738687.927246159,0,0,0
46310.7080828447,40,2178.2,2646.8,3043.4,0,0,738687.927246622,0,0,0
46310.7480819111,40,2241.6,2807.6,2977.2,0,0,738687.927247085,0,0,0
46310.7880809775,40,2343.6,2983.8,2810.8,0,0,738687.927247548,0,0,0
46310.8280800439,40,2506.8,3085.4,2613.2,0,0,738687.927248011,0,0,0
46310.8680791103,40,2687.6,3022.6,2431,0,0,738687.927248474,0,0,0
46310.9080781767,40,2852.2,2883.8,2307.4,0,0,738687.927248936,0,0,0
46310.9480772431,40,2964,2724.6,2229.8,0,0,738687.927249399,0,0,0
46310.9880763095,40,3001.6,2589.8,2177.4,0,0,738687.927249862,0,0,0
46311.0280753759,40,2981,2488.6,2140.2,0,0,738687.927250325,0,0,0
46311.0680744423,40,2946.8,2426.2,2125.4,0,0,738687.927250788,0,0,0
46311.1080735087,40,2921.2,2395.4,2115.8,0,0,738687.927251251,0,0,0
46311.1480725751,40,2920,2388.8,2113.2,0,0,738687.927251714,0,0,0
46311.1880716415,40,2939.8,2414,2119.6,0,0,738687.927252177,0,0,0
46311.2280707079,40,2963.2,2444,2130.4,0,0,738687.92725264,0,0,0
46311.2680697743,40,2981.4,2495.8,2145.6,0,0,738687.927253103,0,0,0
46311.3080688407,40,2996.4,2583.4,2179.2,0,0,738687.927253566,0,0,0
46311.3480679071,40,2970.2,2711.2,2225,0,0,738687.927254029,0,0,0
46311.3880669735,40,2856.4,2866.2,2302.2,0,0,738687.927254492,0,0,0
46311.4280660399,40,2685,2994.4,2423,0,0,738687.927254955,0,0,0
46311.4680651063,40,2493.2,3017,2578.4,0,0,738687.927255418,0,0,0
46311.5080641727,40,2337.8,2921.6,2759.8,0,0,738687.927255881,0,0,0
46311.5480632391,40,2235.4,2764,2902.6,0,0,738687.927256344,0,0,0
46311.5880623055,40,2174.8,2618.8,2990.4,0,0,738687.927256807,0,0,0
46311.6280613719,40,2136,2518.2,3017.4,0,0,738687.92725727,0,0,0
46311.6680604383,40,2129,2480.4,3027,0,0,738687.927257733,0,0,0
46311.7080595047,40,2131.8,2507.4,3046,0,0,738687.927258195,0,0,0
46311.7480585711,40,2161.2,2599.8,3059,0,0,738687.927258658,0,0,0
46311.7880576375,40,2208.4,2740.6,3017.2,0,0,738687.927259121,0,0,0
46311.8280567039,40,2294,2898.2,2882,0,0,738687.927259584,0,0,0
46311.8680557703,40,2411.8,3010,2687,0,0,738687.927260047,0,0,0
46311.9080548367,40,2563.8,3012.6,2504.4,0,0,738687.92726051,0,0,0
46311.9480539031,40,2717,2918.2,2369.4,0,0,738687.927260973,0,0,0
46311.9880529695,40,2833.8,2788.8,2275.6,0,0,738687.927261436,0,0,0
46312.0280520359,40,2897.8,2658.2,2212.4,0,0,738687.927261899,0,0,0
46312.0680511023,40,2907.6,2549,2173.4,0,0,738687.927262362,0,0,0
46312.1080501687,40,2896.8,2476.8,2149.2,0,0,738687.927262825,0,0,0
46312.1480492351,40,2876.4,2433,2136,0,0,738687.927263288,0,0,0
46312.1880483015,40,2874.4,2413.2,2132,0,0,738687.927263751,0,0,0
46312.2280473679,40,2891.4,2436.2,2132,0,0,738687.927264214,0,0,0
46312.2680464343,40,2922,2472.2,2143.8,0,0,738687.927264677,0,0,0
46312.3080455007,40,2943.6,2519.6,2159.2,0,0,738687.92726514,0,0,0
46312.3480445671,40,2956,2588.6,2184.6,0,0,738687.927265603,0,0,0
46312.3880436335,40,2935.2,2688.2,2221,0,0,738687.927266066,0,0,0
46312.4280426999,40,2857.8,2808.8,2280.8,0,0,738687.927266529,0,0,0
46312.4680417663,40,2716.6,2927.8,2371,0,0,738687.927266992,0,0,0
46312.5080408327,40,2550.8,2998.8,2507,0,0,738687.927267455,0,0,0
46312.5480398991,40,2399.4,2972.8,2682.2,0,0,738687.927267918,0,0,0
46312.5880389655,40,2282.6,2855.6,2857.4,0,0,738687.92726838,0,0,0
46312.6280380319,40,2204.6,2708,2989.2,0,0,738687.927268843,0,0,0
46312.6680370983,40,2159.4,2592.6,3045.4,0,0,738687.927269306,0,0,0
46312.7080361647,40,2144.4,2547.6,3068.8,0,0,738687.927269769,0,0,0
46312.7480352311,40,2156.8,2583.8,3074.8,0,0,738687.927270232,0,0,0
46312.7880342975,40,2192,2690.4,3048.4,0,0,738687.927270695,0,0,0
46312.8280333639,40,2256.2,2830,2946.8,0,0,738687.927271158,0,0,0
46312.8680324303,40,2353.2,2963.8,2779.4,0,0,738687.927271621,0,0,0
46312.9080314967,40,2491.4,3029.6,2591.4,0,0,738687.927272084,0,0,0
46312.9480305631,40,2651.4,2986.4,2428.8,0,0,738687.927272547,0,0,0
46312.9880296295,40,2802.8,2865.6,2317.4,0,0,738687.92727301,0,0,0
46313.0280286959,40,2917.6,2721,2236.8,0,0,738687.927273473,0,0,0
46313.0680277623,40,2975,2597,2180.6,0,0,738687.927273936,0,0,0
46313.1080268287,40,2964.2,2492.4,2147,0,0,738687.927274399,0,0,0
46313.1480258951,40,2941,2430.6,2127.2,0,0,738687.927274862,0,0,0
46313.1880249615,40,2924.6,2392.6,2115.2,0,0,738687.927275325,0,0,0
46313.2280240279,40,2925.2,2383.8,2114.8,0,0,738687.927275788,0,0,0
46313.2680230943,40,2950.4,2412.2,2120.2,0,0,738687.927276251,0,0,0
46313.3080221607,40,2979.8,2457.2,2135,0,0,738687.927276714,0,0,0
46313.3480212271,40,2996.8,2535.2,2162.8,0,0,738687.927277177,0,0,0
46313.3880202935,40,2942.4,2632.8,2201,0,0,738687.92727764,0,0,0
46313.4280193599,40,2821.8,2738.6,2260.6,0,0,738687.927278102,0,0,0
46313.4680184263,40,2666.4,2818.8,2350,0,0,738687.927278565,0,0,0
46313.5080174927,40,2517,2878.8,2471.8,0,0,738687.927279028,0,0,0
46313.5480165591,40,2381,2856.4,2611.2,0,0,738687.927279491,0,0,0
46313.5880156255,40,2278.2,2789.8,2773.6,0,0,738687.927279954,0,0,0
46313.6280146919,40,2204.2,2689.2,2930.4,0,0,738687.927280417,0,0,0
46313.6680137583,40,2157.8,2585,3036.2,0,0,738687.92728088,0,0,0
46313.7080128247,40,2131.8,2498.2,3047.2,0,0,738687.927281343,0,0,0
46313.7480118911,40,2127.4,2488.2,3035.8,0,0,738687.927281806,0,0,0
46313.7880109575,40,2134,2525.8,3068.4,0,0,738687.927282269,0,0,0
46313.8280100239,40,2168.8,2629.4,3061,0,0,738687.927282732,0,0,0
46313.8680090903,40,2227.2,2767.6,3015.6,0,0,738687.927283195,0,0,0
46313.9080081567,40,2312.2,2921.8,2870.6,0,0,738687.927283658,0,0,0
46313.9480072231,40,2441.4,3045.6,2682.4,0,0,738687.927284121,0,0,0
46313.9880062895,40,2612.8,3061.8,2497.8,0,0,738687.927284584,0,0,0
46314.0280053559,40,2792.2,2951.2,2352,0,0,738687.927285047,0,0,0
46314.0680044223,40,2920.4,2776.8,2252.8,0,0,738687.92728551,0,0,0
46314.1080034887,40,2986.2,2621.6,2192,0,0,738687.927285973,0,0,0
46314.1480025551,40,2955.6,2495.8,2152.8,0,0,738687.927286436,0,0,0
46314.1880016215,40,2903.2,2415,2124.8,0,0,738687.927286898,0,0,0
46314.2280006879,40,2854,2365,2105,0,0,738687.927287361,0,0,0
46314.2679997543,40,2817.4,2338.4,2103.2,0,0,738687.927287824,0,0,0
46314.3079988207,40,2815.4,2341.6,2104.4,0,0,738687.927288287,0,0,0
46314.3479978871,40,2840.6,2370.8,2109.8,0,0,738687.92728875,0,0,0
46314.3879969535,40,2862.8,2399.4,2122,0,0,738687.927289213,0,0,0
46314.4279960199,40,2893.8,2454,2141.4,0,0,738687.927289676,0,0,0
46314.4679950863,40,2906,2546.2,2174.2,0,0,738687.927290139,0,0,0
46314.5079941527,40,2878.8,2675,2226,0,0,738687.927290602,0,0,0
46314.5479932191,40,2768.6,2822.6,2305.4,0,0,738687.927291065,0,0,0
46314.5879922855,40,2616,2939.8,2430.8,0,0,738687.927291528,0,0,0
46314.6279913519,40,2450.6,2973,2601.4,0,0,738687.927291991,0,0,0
46314.6679904183,40,2318.6,2901.8,2796.6,0,0,738687.927292454,0,0,0
46314.7079894847,40,2221.2,2759.6,2970.4,0,0,738687.927292917,0,0,0
46314.7479885511,40,2167.8,2615.2,3049.2,0,0,738687.92729338,0,0,0
46314.7879876175,40,2138.6,2515.4,3038.4,0,0,738687.927293843,0,0,0
46314.8279866839,40,2133.2,2499.4,3038.8,0,0,738687.927294306,0,0,0
46314.8679857503,40,2147.8,2550,3047.8,0,0,738687.927294769,0,0,0
46314.9079848167,40,2185.6,2663.2,3058.6,0,0,738687.927295232,0,0,0
46314.9479838831,40,2242.8,2810,2984.8,0,0,738687.927295695,0,0,0
46314.9879829495,40,2343.8,2974.4,2824.4,0,0,738687.927296158,0,0,0
46315.0279820159,40,2491.2,3069,2623.4,0,0,738687.927296621,0,0,0
46315.0679810823,40,2673.8,3024,2443.2,0,0,738687.927297084,0,0,0
46315.1079801487,40,2848,2883.4,2308.4,0,0,738687.927297546,0,0,0
46315.1479792151,40,2967.2,2709,2223.8,0,0,738687.927298009,0,0,0
46315.1879782815,40,3005.8,2563.8,2168.8,0,0,738687.927298472,0,0,0
46315.2279773479,40,2961.2,2438.8,2133.4,0,0,738687.927298935,0,0,0
46315.2679764143,40,2903.2,2371.8,2106.4,0,0,738687.927299398,0,0,0
46315.3079754807,40,2840.4,2324.2,2099.6,0,0,738687.927299861,0,0,0
46315.3479745471,40,2811,2305.6,2094.2,0,0,738687.927300324,0,0,0
46315.3879736135,40,2816.8,2312.6,2091.6,0,0,738687.927300787,0,0,0
46315.4279726799,40,2855.4,2337.4,2102.6,0,0,738687.92730125,0,0,0
46315.4679717463,40,2884,2367.6,2112.4,0,0,738687.927301713,0,0,0
46315.5079708127,40,2921,2433.6,2129,0,0,738687.927302176,0,0,0
46315.5479698791,40,2935.4,2524,2160.4,0,0,738687.927302639,0,0,0
46315.5879689455,40,2887.4,2642.8,2214.2,0,0,738687.927303102,0,0,0
46315.6279680119,40,2782,2779.4,2290.8,0,0,738687.927303565,0,0,0
46315.6679670783,40,2627.4,2893.8,2402.4,0,0,738687.927304028,0,0,0
46315.7079661447,40,2460.6,2931.8,2559.6,0,0,738687.927304491,0,0,0
46315.7479652111,40,2326.4,2873.2,2742,0,0,738687.927304954,0,0,0
46315.7879642775,40,2231.6,2748,2905.6,0,0,738687.927305417,0,0,0
46315.8279633439,40,2169,2613.8,3005.8,0,0,738687.92730588,0,0,0
46315.8679624103,40,2135,2521,3046.2,0,0,738687.927306343,0,0,0
46315.9079614767,40,2132.2,2498.2,3046.4,0,0,738687.927306806,0,0,0
46315.9479605431,40,2143.8,2550.8,3053.4,0,0,738687.927307268,0,0,0
46315.9879596095,40,2182.4,2656.8,3059,0,0,738687.927307731,0,0,0
46316.0279586759,40,2244.2,2812.8,2965.2,0,0,738687.927308194,0,0,0
46316.0679577423,40,2345.8,2948.6,2781,0,0,738687.927308657,0,0,0
46316.1079568087,40,2481.2,3000.2,2580.8,0,0,738687.92730912,0,0,0
46316.1479558751,40,2640.6,2950.8,2418.6,0,0,738687.927309583,0,0,0
46316.1879549415,40,2793.8,2821.4,2299.8,0,0,738687.927310046,0,0,0
46316.2279540079,40,2896.6,2672,2221.2,0,0,738687.927310509,0,0,0
46316.2679530743,40,2920.2,2527.6,2166.4,0,0,738687.927310972,0,0,0
46316.3079521407,40,2892.8,2426.4,2129.2,0,0,738687.927311435,0,0,0
46316.3479512071,40,2837.6,2360,2108,0,0,738687.927311898,0,0,0
46316.3879502735,40,2789.8,2310.4,2095.6,0,0,738687.927312361,0,0,0
46316.4279493399,40,2758.4,2284.6,2084.6,0,0,738687.927312824,0,0,0
46316.4679484063,40,2757,2279.6,2084.4,0,0,738687.927313287,0,0,0
46316.5079474727,40,2797.8,2299.2,2090,0,0,738687.92731375,0,0,0
46316.5479465391,40,2842.4,2318.2,2095.2,0,0,738687.927314213,0,0,0
46316.5879456055,40,2901.8,2370.2,2108.8,0,0,738687.927314676,0,0,0
46316.6279446719,40,2953.4,2449.6,2135,0,0,738687.927315139,0,0,0
46316.6679437383,40,2956.4,2566,2173.2,0,0,738687.927315602,0,0,0
46316.7079428047,40,2893.6,2706.6,2232.4,0,0,738687.927316064,0,0,0
46316.7479418711,40,2751.2,2840.4,2324.2,0,0,738687.927316527,0,0,0
46316.7879409375,40,2579.8,2932.6,2454.2,0,0,738687.92731699,0,0,0
46316.8279400039,40,2415.2,2928.2,2612.2,0,0,738687.927317453,0,0,0
46316.8679390703,40,2294.8,2829,2784.6,0,0,738687.927317916,0,0,0
46316.9079381367,40,2206.6,2692.8,2919.2,0,0,738687.927318379,0,0,0
46316.9479372031,40,2157.8,2567.4,2997.2,0,0,738687.927318842,0,0,0
46316.9879362695,40,2131.8,2496,3036.2,0,0,738687.927319305,0,0,0
46317.0279353359,40,2127.6,2477.4,3021.6,0,0,738687.927319768,0,0,0
46317.0679344023,40,2139,2520,3059,0,0,738687.927320231,0,0,0
46317.1079334687,40,2169.2,2623.4,3062.6,0,0,738687.927320694,0,0,0
46317.1479325351,40,2227.2,2764.8,2996.2,0,0,738687.927321157,0,0,0
46317.1879316015,40,2319.4,2925.4,2860.4,0,0,738687.92732162,0,0,0
46317.2279306679,40,2452,3050.4,2671.2,0,0,738687.927322083,0,0,0
46317.2679297343,40,2630,3054.8,2479.4,0,0,738687.927322546,0,0,0
46317.3079288007,40,2823.2,2941.2,2337.4,0,0,738687.927323009,0,0,0
46317.3479278671,40,2960.6,2754.8,2235.2,0,0,738687.927323472,0,0,0
46317.3879269335,40,3007.6,2593.4,2173.2,0,0,738687.927323935,0,0,0
46317.4279259999,40,2975.4,2468.4,2139.6,0,0,738687.927324398,0,0,0
46317.4679250663,40,2894.4,2380.4,2112.8,0,0,738687.927324861,0,0,0
46317.5079241327,40,2836,2327.4,2100.8,0,0,738687.927325324,0,0,0
46317.5479231991,40,2791,2299.4,2090.8,0,0,738687.927325787,0,0,0
46317.5879222655,40,2790.4,2307,2090.4,0,0,738687.927326249,0,0,0
46317.6279213319,40,2828.6,2328.8,2096.2,0,0,738687.927326712,0,0,0
46317.6679203983,40,2866,2354.4,2108.2,0,0,738687.927327175,0,0,0
46317.7079194647,40,2923.4,2418.8,2125.6,0,0,738687.927327638,0,0,0
46317.7479185311,40,2962.6,2510,2153.6,0,0,738687.927328101,0,0,0
46317.7879175975,40,2951.4,2646.8,2204.2,0,0,738687.927328564,0,0,0
46317.8279166639,40,2847.8,2818.8,2284.4,0,0,738687.927329027,0,0,0
46317.8679157303,40,2686,2978,2409.8,0,0,738687.92732949,0,0,0
46317.9079147967,40,2492.4,3040.4,2593.2,0,0,738687.927329953,0,0,0
46317.9479138631,40,2338.2,2961,2812,0,0,738687.927330416,0,0,0
46317.9879129295,40,2229.4,2788.2,2991,0,0,738687.927330879,0,0,0
46318.0279119959,40,2169.2,2621.2,3058,0,0,738687.927331342,0,0,0
46318.0679110623,40,2141.4,2522.6,3047,0,0,738687.927331805,0,0,0
46318.1079101287,40,2136.4,2506.6,3043.8,0,0,738687.927332268,0,0,0
46318.1479091951,40,2152.6,2567.4,3056.8,0,0,738687.927332731,0,0,0
46318.1879082615,40,2188.6,2685,3058.6,0,0,738687.927333194,0,0,0
46318.2279073279,40,2263.8,2849.2,2960.6,0,0,738687.927333657,0,0,0
46318.2679063943,40,2366.8,3002.2,2781.4,0,0,738687.92733412,0,0,0
46318.3079054607,40,2534.2,3079,2576.2,0,0,738687.927334583,0,0,0
46318.3479045271,40,2720,3002.6,2401.8,0,0,738687.927335046,0,0,0
46318.3879035935,40,2895,2848.4,2280.4,0,0,738687.927335509,0,0,0
46318.4279026599,40,2989.2,2661,2199.8,0,0,738687.927335972,0,0,0
46318.4679017263,40,3004,2510.8,2150.8,0,0,738687.927336434,0,0,0
46318.5079007927,40,2935.8,2408.4,2117.2,0,0,738687.927336897,0,0,0
46318.5478998591,40,2857.2,2340,2099.8,0,0,738687.92733736,0,0,0
46318.5878989255,40,2787.4,2291.2,2088.2,0,0,738687.927337823,0,0,0
46318.6278979919,40,2749.6,2271.4,2084.6,0,0,738687.927338286,0,0,0
46318.6678970583,40,2748.4,2271.8,2079.8,0,0,738687.927338749,0,0,0
46318.7078961247,40,2785.2,2288.6,2088.8,0,0,738687.927339212,0,0,0
46318.7478951911,40,2816.6,2311,2097.6,0,0,738687.927339675,0,0,0
46318.821893464,74,2927,2431.2,2129,0,0,738687.927340532,0,0,0
46318.8618925304,40,2939.6,2544.6,2170.4,0,0,738687.927340994,0,0,0
46318.9018915968,40,2888.2,2689.6,2229.2,0,0,738687.927341457,0,0,0
46318.9418906632,40,2755.8,2842.6,2325,0,0,738687.92734192,0,0,0
46318.9818897296,40,2592,2957.4,2458.8,0,0,738687.927342383,0,0,0
46319.021888796,40,2422.8,2962.8,2636,0,0,738687.927342846,0,0,0
46319.0618878624,40,2293.8,2866.8,2829.2,0,0,738687.927343309,0,0,0
46319.1018869288,40,2213.2,2736.8,2986.6,0,0,738687.927343772,0,0,0
46319.1418859952,40,2161.4,2608.2,3054,0,0,738687.927344235,0,0,0
46319.1818850616,40,2148.2,2539.2,3042.4,0,0,738687.927344698,0,0,0
46319.221884128,40,2153.2,2551,3042.2,0,0,738687.927345161,0,0,0
46319.2618831944,40,2168.8,2628.4,3068.2,0,0,738687.927345624,0,0,0
46319.3018822608,40,2223.8,2759.4,3007.8,0,0,738687.927346087,0,0,0
46319.3418813272,40,2304.6,2931.6,2891,0,0,738687.92734655,0,0,0
46319.3818803936,40,2440,3060.2,2685.4,0,0,738687.927347013,0,0,0
46319.42187946,40,2621.2,3068.2,2491.8,0,0,738687.927347476,0,0,0
46319.4618785264,40,2818,2947.2,2339,0,0,738687.927347939,0,0,0
46319.5018775928,40,2963.4,2756.6,2236,0,0,738687.927348402,0,0,0
46319.5418766592,40,3001.4,2575.2,2170.6,0,0,738687.927348865,0,0,0
46319.5818757256,40,2974.4,2448.6,2129,0,0,738687.927349328,0,0,0
46319.621874792,40,2892.4,2360.2,2105.2,0,0,738687.927349791,0,0,0
46319.6618738584,40,2804.4,2312,2093.2,0,0,738687.927350254,0,0,0
46319.7018729248,40,2749.8,2284.2,2084.2,0,0,738687.927350717,0,0,0
46319.7418719912,40,2726.2,2274.4,2081.6,0,0,738687.927351179,0,0,0
46319.7818710576,40,2736,2283.2,2088.6,0,0,738687.927351642,0,0,0
46319.821870124,40,2751,2299.8,2094.8,0,0,738687.927352105,0,0,0
46319.8618691904,40,2774.2,2316.4,2099.6,0,0,738687.927352568,0,0,0
46319.9018682568,40,2810.4,2353,2109.8,0,0,738687.927353031,0,0,0
46319.9418673232,40,2867.8,2409,2127.4,0,0,738687.927353494,0,0,0
46319.9818663896,40,2921.2,2500,2154.6,0,0,738687.927353957,0,0,0
46320.021865456,40,2935.6,2633,2200.6,0,0,738687.92735442,0,0,0
46320.0618645224,40,2875.2,2807,2276.2,0,0,738687.927354883,0,0,0
46320.1018635888,40,2722.2,2994.2,2398.2,0,0,738687.927355346,0,0,0
46320.1418626552,40,2522,3059,2577.2,0,0,738687.927355809,0,0,0
46320.1818617216,40,2356,2981.2,2793.4,0,0,738687.927356272,0,0,0
46320.221860788,40,2248,2813.4,2969.2,0,0,738687.927356735,0,0,0
46320.2618598544,40,2171.4,2642.2,3039,0,0,738687.927357198,0,0,0
46320.3018589208,40,2141.6,2523.6,3029.6,0,0,738687.927357661,0,0,0
46320.3418579872,40,2125.2,2471.2,3009,0,0,738687.927358124,0,0,0
46320.3818570536,40,2129.4,2499,3028.4,0,0,738687.927358587,0,0,0
46320.42185612,40,2152.8,2578.2,3063.8,0,0,738687.92735905,0,0,0
46320.4618551864,40,2201.6,2708.2,3036,0,0,738687.927359513,0,0,0
46320.5018542528,40,2277.8,2881.8,2936.2,0,0,738687.927359976,0,0,0
46320.5418533192,40,2402.2,3031,2735,0,0,738687.927360439,0,0,0
46320.5818523856,40,2569.4,3046.8,2515.6,0,0,738687.927360901,0,0,0
46320.621851452,40,2761.8,2929.4,2354,0,0,738687.927361364,0,0,0
46320.6618505184,40,2900.6,2749.2,2250,0,0,738687.927361827,0,0,0
46320.7018495848,40,2962.4,2582.4,2181,0,0,738687.92736229,0,0,0
46320.7418486512,40,2921.8,2446.4,2136,0,0,738687.927362753,0,0,0
46320.7818477176,40,2844.8,2359,2107,0,0,738687.927363216,0,0,0
46320.821846784,40,2769.8,2298.4,2089.2,0,0,738687.927363679,0,0,0
46320.8618458504,40,2711,2263.6,2081,0,0,738687.927364142,0,0,0
46320.9018449168,40,2683.4,2250.8,2075.6,0,0,738687.927364605,0,0,0
46320.9418439832,40,2698.8,2253.2,2078,0,0,738687.927365068,0,0,0
46320.9818430496,40,2744.4,2271.4,2080.8,0,0,738687.927365531,0,0,0
46321.021842116,40,2797,2295.8,2089.6,0,0,738687.927365994,0,0,0
46321.0618411824,40,2868.6,2347.8,2103,0,0,738687.927366457,0,0,0
46321.1018402488,40,2944.8,2428,2126,0,0,738687.92736692,0,0,0
46321.1418393152,40,2975,2543.6,2166.8,0,0,738687.927367383,0,0,0
46321.1818383816,40,2934.4,2705,2225,0,0,738687.927367846,0,0,0
46321.221837448,40,2789.6,2865.6,2320.2,0,0,738687.927368309,0,0,0
46321.2618365144,40,2604,2994.2,2467.8,0,0,738687.927368772,0,0,0
46321.3018355808,40,2428.2,2995.6,2656.6,0,0,738687.927369235,0,0,0
46321.3418346472,40,2290.8,2886.8,2876.2,0,0,738687.927369697,0,0,0
46321.3818337136,40,2204,2719.2,3030,0,0,738687.92737016,0,0,0
46321.42183278,40,2151.2,2570,3063.4,0,0,738687.927370623,0,0,0
46321.4618318464,40,2130.2,2496.6,3043.8,0,0,738687.927371086,0,0,0
46321.5018309128,40,2136,2504.8,3038.8,0,0,738687.927371549,0,0,0
46321.5418299792,40,2159.2,2582.4,3080.4,0,0,738687.927372012,0,0,0
46321.5818290456,40,2208.2,2721.8,3034.4,0,0,738687.927372475,0,0,0
46321.621828112,40,2288.6,2898.8,2913.8,0,0,738687.927372938,0,0,0
46321.6618271784,40,2423,3045,2717.6,0,0,738687.927373401,0,0,0
46321.7018262448,40,2608.2,3070.6,2507.2,0,0,738687.927373864,0,0,0
46321.7418253112,40,2815,2947.8,2345.2,0,0,738687.927374327,0,0,0
46321.7818243776,40,2963,2749,2235.6,0,0,738687.92737479,0,0,0
46321.821823444,40,3005.6,2566.8,2167.4,0,0,738687.927375253,0,0,0
46321.8618225104,40,2966.6,2438.4,2126.8,0,0,738687.927375716,0,0,0
46321.9018215768,40,2868.6,2347.2,2101.8,0,0,738687.927376179,0,0,0
46321.9418206432,40,2780.6,2297,2088.8,0,0,738687.927376642,0,0,0
46321.9818197096,40,2719.2,2263.8,2082.2,0,0,738687.927377105,0,0,0
46322.021818776,40,2706,2253.8,2078.4,0,0,738687.927377568,0,0,0
46322.0618178424,40,2748.4,2272.6,2081.6,0,0,738687.927378031,0,0,0
46322.1018169088,40,2801.6,2303,2091.8,0,0,738687.927378494,0,0,0
46322.1418159752,40,2871.8,2344,2102.4,0,0,738687.927378957,0,0,0
46322.1818150416,40,2958.4,2424.6,2125.2,0,0,738687.92737942,0,0,0
46322.221814108,40,3007.4,2545.4,2166.2,0,0,738687.927379882,0,0,0
46322.2618131744,40,2955.8,2720.2,2228.2,0,0,738687.927380345,0,0,0
46322.3018122408,40,2808.6,2911.6,2336.6,0,0,738687.927380808,0,0,0
46322.3418113072,40,2605.2,3051,2493.2,0,0,738687.927381271,0,0,0
46322.3818103736,40,2414.8,3033.6,2707.2,0,0,738687.927381734,0,0,0
46322.42180944,40,2279.2,2881,2923.2,0,0,738687.927382197,0,0,0
46322.4618085064,40,2194.8,2698.6,3038.6,0,0,738687.92738266,0,0,0
46322.5018075728,40,2150,2572.8,3060.2,0,0,738687.927383123,0,0,0
46322.5418066392,40,2138.2,2519.8,3053.8,0,0,738687.927383586,0,0,0
46322.5818057056,40,2146.8,2557.6,3057,0,0,738687.927384049,0,0,0
46322.621804772,40,2179.6,2661.4,3048.8,0,0,738687.927384512,0,0,0
46322.6618038384,40,2246.4,2823,2978.2,0,0,738687.927384975,0,0,0
46322.7018029048,40,2353.6,2996.8,2812.8,0,0,738687.927385438,0,0,0
46322.7418019712,40,2509.6,3079.2,2594,0,0,738687.927385901,0,0,0
46322.7818010376,40,2713.8,3021.6,2410,0,0,738687.927386364,0,0,0
46322.821800104,40,2902.4,2845.2,2279.6,0,0,738687.927386827,0,0,0
46322.8617991704,40,3005.4,2644.4,2195.4,0,0,738687.92738729,0,0,0
46322.9017982368,40,2998.8,2482.4,2138.8,0,0,738687.927387753,0,0,0
46322.9417973032,40,2904.2,2368.4,2110,0,0,738687.927388216,0,0,0
46322.9817963696,40,2796,2292.4,2084.6,0,0,738687.927388679,0,0,0
46323.021795436,40,2693.6,2246.8,2076.2,0,0,738687.927389142,0,0,0
46323.0617945024,40,2671,2240.8,2071.6,0,0,738687.927389605,0,0,0
46323.1017935688,40,2718.6,2256,2080,0,0,738687.927390067,0,0,0
46323.1417926352,40,2767.2,2281.4,2083.2,0,0,738687.92739053,0,0,0
46323.1817917016,40,2834.4,2327,2097.4,0,0,738687.927390993,0,0,0
46323.221790768,40,2907.6,2385.6,2115.8,0,0,738687.927391456,0,0,0
46323.2617898344,40,2983.4,2488,2147,0,0,738687.927391919,0,0,0
46323.3017889008,40,2981.6,2632.2,2197.4,0,0,738687.927392382,0,0,0
46323.3417879672,40,2891.2,2817.8,2277.2,0,0,738687.927392845,0,0,0
46323.3817870336,40,2712.4,3006.4,2408,0,0,738687.927393308,0,0,0
46323.4217861,40,2506,3065,2602.2,0,0,738687.927393771,0,0,0
46323.4617851664,40,2336.6,2968,2821,0,0,738687.927394234,0,0,0
46323.5017842328,40,2228.2,2784.4,2992.4,0,0,738687.927394697,0,0,0
46323.5417832992,40,2169.8,2624,3049,0,0,738687.92739516,0,0,0
46323.5817823656,40,2135.8,2520,3041.4,0,0,738687.927395623,0,0,0
46323.621781432,40,2132.4,2500,3038.8,0,0,738687.927396086,0,0,0
46323.6617804984,40,2149.2,2552,3080.6,0,0,738687.927396549,0,0,0
46323.7017795648,40,2186.8,2673.6,3056.6,0,0,738687.927397012,0,0,0
46323.7417786312,40,2257.4,2833.4,2978.4,0,0,738687.927397475,0,0,0
46323.7817776976,40,2370.4,3004.4,2789.6,0,0,738687.927397938,0,0,0
46323.821776764,40,2536,3072.8,2564.8,0,0,738687.927398401,0,0,0
46323.8617758304,40,2733.6,2987.8,2389,0,0,738687.927398863,0,0,0
46323.9017748968,40,2879.6,2797,2267.8,0,0,738687.927399326,0,0,0
46323.9417739632,40,2959,2627.2,2194,0,0,738687.927399789,0,0,0
46323.9817730296,40,2938.2,2486,2146.4,0,0,738687.927400252,0,0,0
46324.021772096,40,2876.6,2389.4,2117.4,0,0,738687.927400715,0,0,0
46324.0617711624,40,2804.8,2324.6,2101.8,0,0,738687.927401178,0,0,0
46324.1017702288,40,2746.2,2291.2,2093,0,0,738687.927401641,0,0,0
46324.1417692952,40,2727.6,2276,2082.6,0,0,738687.927402104,0,0,0
46324.1817683616,40,2757.4,2290.2,2087.8,0,0,738687.927402567,0,0,0
46324.221767428,40,2806.6,2318,2094.8,0,0,738687.92740303,0,0,0
46324.2617664944,40,2858.2,2352.8,2104.4,0,0,738687.927403493,0,0,0
46324.3017655608,40,2920.6,2415,2124,0,0,738687.927403956,0,0,0
46324.3417646272,40,2976,2510.2,2152.8,0,0,738687.927404419,0,0,0
46324.3817636936,40,2958.6,2656.6,2205.2,0,0,738687.927404882,0,0,0
46324.42176276,40,2844.4,2822.4,2288.6,0,0,738687.927405345,0,0,0
46324.4617618264,40,2675,2972.4,2414.6,0,0,738687.927405808,0,0,0
46324.5017608928,40,2494.4,3022,2581.6,0,0,738687.927406271,0,0,0
46324.5417599592,40,2357,2963,2772.6,0,0,738687.927406734,0,0,0
46324.5817590256,40,2259.2,2835.2,2940.2,0,0,738687.927407197,0,0,0
46324.621758092,40,2191,2697.8,3035.4,0,0,738687.92740766,0,0,0
46324.6617571584,40,2163.8,2601.2,3050.2,0,0,738687.927408123,0,0,0
46324.7017562248,40,2156.4,2579.6,3053.2,0,0,738687.927408586,0,0,0
46324.7417552912,40,2169.4,2622.4,3050,0,0,738687.927409048,0,0,0
46324.7817543576,40,2213.8,2735.4,3019.4,0,0,738687.927409511,0,0,0
46324.821753424,40,2283.8,2875,2925.2,0,0,738687.927409974,0,0,0
46324.8617524904,40,2384,3017.4,2758.6,0,0,738687.927410437,0,0,0
46324.9017515568,40,2539.2,3083.8,2576.2,0,0,738687.9274109,0,0,0
46324.9417506232,40,2715.8,3004,2401.2,0,0,738687.927411363,0,0,0
46324.9817496896,40,2892,2863.2,2294,0,0,738687.927411826,0,0,0
46325.021748756,40,2956,2686.6,2214,0,0,738687.927412289,0,0,0
46325.0617478224,40,2965.4,2544.8,2163.2,0,0,738687.927412752,0,0,0
46325.1017468888,40,2920.6,2448,2136.4,0,0,738687.927413215,0,0,0
46325.1417459552,40,2860,2387.8,2119.6,0,0,738687.927413678,0,0,0
46325.1817450216,40,2815,2347.4,2107.4,0,0,738687.927414141,0,0,0
46325.221744088,40,2800.6,2333.8,2104,0,0,738687.927414604,0,0,0
46325.2617431544,40,2823.8,2346.4,2106.2,0,0,738687.927415067,0,0,0
46325.3017422208,40,2858,2365.4,2105,0,0,738687.92741553,0,0,0
46325.3417412872,40,2904.4,2388.2,2112.8,0,0,738687.927415993,0,0,0
46325.3817403536,40,2952.4,2422.6,2124.8,0,0,738687.927416456,0,0,0
46325.42173942,40,2991.8,2480.2,2139.2,0,0,738687.927416919,0,0,0
46325.4617384864,40,3007,2575,2170.8,0,0,738687.927417382,0,0,0
46325.5017375528,40,2957,2693.2,2220.8,0,0,738687.927417845,0,0,0
46325.5417366192,40,2845.4,2835.4,2293.2,0,0,738687.927418308,0,0,0
46325.5817356856,40,2674.6,2951.6,2405.4,0,0,738687.927418771,0,0,0
46325.621734752,40,2507.2,2993.6,2551.4,0,0,738687.927419233,0,0,0
46325.6617338184,40,2353.2,2925,2731,0,0,738687.927419696,0,0,0
46325.7017328848,40,2253.2,2795.8,2882,0,0,738687.927420159,0,0,0
46325.7417319512,40,2190,2654.6,2969.8,0,0,738687.927420622,0,0,0
46325.7817310176,40,2150.2,2561.4,3018.8,0,0,738687.927421085,0,0,0
46325.821730084,40,2140,2529.8,3047,0,0,738687.927421548,0,0,0
46325.8617291504,40,2151,2557.6,3053.8,0,0,738687.927422011,0,0,0
46325.9017282168,40,2181.4,2644.8,3050.2,0,0,738687.927422474,0,0,0
46325.9417272832,40,2227.6,2785.4,2999.4,0,0,738687.927422937,0,0,0
46325.9817263496,40,2317.2,2937.2,2857,0,0,738687.9274234,0,0,0
46326.021725416,40,2442.4,3033.4,2660.2,0,0,738687.927423863,0,0,0
46326.0617244824,40,2610.6,3014.6,2476.8,0,0,738687.927424326,0,0,0
46326.1017235488,40,2776.2,2901.2,2341.8,0,0,738687.927424789,0,0,0
46326.1417226152,40,2903,2746.6,2244.6,0,0,738687.927425252,0,0,0
46326.1817216816,40,2974,2602.6,2179,0,0,738687.927425715,0,0,0
46326.221720748,40,2975.6,2485.2,2143.4,0,0,738687.927426178,0,0,0
46326.2617198144,40,2924.8,2401.4,2118,0,0,738687.927426641,0,0,0
46326.3017188808,40,2875.2,2350.8,2102.2,0,0,738687.927427104,0,0,0
46326.3417179472,40,2847.8,2320.8,2095.4,0,0,738687.927427567,0,0,0
46326.3817170136,40,2849.4,2320.6,2095.2,0,0,738687.927428029,0,0,0
46326.42171608,40,2880.4,2339,2098.8,0,0,738687.927428492,0,0,0
46326.4617151464,40,2908,2359.4,2106.4,0,0,738687.927428955,0,0,0
46326.5017142128,40,2939,2420,2126,0,0,738687.927429418,0,0,0
46326.5417132792,40,2965.4,2499,2150,0,0,738687.927429881,0,0,0
46326.5817123456,40,2958.4,2628.4,2200.6,0,0,738687.927430344,0,0,0
46326.621711412,40,2860,2790.2,2272,0,0,738687.927430807,0,0,0
46326.6617104784,40,2705,2951.8,2388.2,0,0,738687.92743127,0,0,0
46326.7017095448,40,2524.2,3033.6,2559.2,0,0,738687.927431733,0,0,0
46326.7417086112,40,2370.2,2990.8,2758.8,0,0,738687.927432196,0,0,0
46326.7817076776,40,2262.4,2851,2947.8,0,0,738687.927432659,0,0,0
46326.821706744,40,2193.6,2701.2,3034.4,0,0,738687.927433122,0,0,0
46326.8617058104,40,2159.2,2595.4,3044.4,0,0,738687.927433585,0,0,0
46326.9017048768,40,2155,2574.2,3044.8,0,0,738687.927434048,0,0,0
46326.9417039432,40,2172.4,2632.6,3048.2,0,0,738687.927434511,0,0,0
46326.9817030096,40,2219.6,2758,3005.2,0,0,738687.927434974,0,0,0
46327.021702076,40,2304.6,2917.6,2876.6,0,0,738687.927435437,0,0,0
46327.0617011424,40,2438.2,3042.6,2684.6,0,0,738687.9274359,0,0,0
46327.1017002088,40,2618.2,3055.6,2488.8,0,0,738687.927436363,0,0,0
46327.1416992752,40,2833.6,2946.8,2334.2,0,0,738687.927436826,0,0,0
46327.1816983416,40,2988.4,2748,2231.2,0,0,738687.927437289,0,0,0
46327.221697408,40,3023.4,2566,2166.4,0,0,738687.927437752,0,0,0
46327.2616964744,40,2973.2,2438.4,2128.8,0,0,738687.927438214,0,0,0
46327.3016955408,40,2870.8,2350.8,2101,0,0,738687.927438677,0,0,0
46327.3416946072,40,2781.6,2294.2,2088.4,0,0,738687.92743914,0,0,0
46327.3816936736,40,2715,2265.6,2081,0,0,738687.927439603,0,0,0
46327.42169274,40,2692.6,2247.2,2077.4,0,0,738687.927440066,0,0,0
46327.4616918064,40,2713.8,2255,2080,0,0,738687.927440529,0,0,0
46327.5016908728,40,2749.6,2275.2,2082,0,0,738687.927440992,0,0,0
46327.5416899392,40,2789.8,2306.8,2091.8,0,0,738687.927441455,0,0,0
46327.5816890056,40,2854,2353.6,2108.6,0,0,738687.927441918,0,0,0
46327.621688072,40,2905.4,2426.4,2125.6,0,0,738687.927442381,0,0,0
46327.6616871384,40,2929,2533.4,2167,0,0,738687.927442844,0,0,0
46327.7016862048,40,2886.2,2678.6,2228.6,0,0,738687.927443307,0,0,0
46327.7416852712,40,2759.4,2833.4,2318.6,0,0,738687.92744377,0,0,0
46327.7816843376,40,2594.6,2947.8,2450.2,0,0,738687.927444233,0,0,0
46327.821683404,40,2431.8,2955,2618,0,0,738687.927444696,0,0,0
46327.8616824704,40,2306,2864.6,2801.8,0,0,738687.927445159,0,0,0
46327.9016815368,40,2220.2,2737.2,2944.4,0,0,738687.927445622,0,0,0
46327.9416806032,40,2173.4,2629.4,3037.8,0,0,738687.927446085,0,0,0
46327.9816796696,40,2151.8,2579.2,3052.4,0,0,738687.927446548,0,0,0
46328.021678736,40,2164.2,2600.2,3046.4,0,0,738687.927447011,0,0,0
46328.0616778024,40,2195.8,2700.4,3050.6,0,0,738687.927447474,0,0,0
46328.1016768688,40,2265.8,2856.8,2944.2,0,0,738687.927447936,0,0,0
46328.1416759352,40,2370.8,3005.6,2784.2,0,0,738687.927448399,0,0,0
46328.1816750016,40,2507.4,3077,2602.6,0,0,738687.927448862,0,0,0
46328.221674068,40,2667.6,3035.8,2444.6,0,0,738687.927449325,0,0,0
46328.2616731344,40,2836.6,2942.4,2334.4,0,0,738687.927449788,0,0,0
46328.3016722008,40,2947.6,2788.2,2255.2,0,0,738687.927450251,0,0,0
46328.3416712672,40,2998,2656.8,2201.6,0,0,738687.927450714,0,0,0
46328.3816703336,40,2980.6,2551.4,2166,0,0,738687.927451177,0,0,0
46328.4216694,40,2949.4,2473,2143,0,0,738687.92745164,0,0,0
46328.4616684664,40,2890.8,2411.8,2128.2,0,0,738687.927452103,0,0,0
46328.5016675328,40,2848.2,2377.4,2117.6,0,0,738687.927452566,0,0,0
46328.5416665992,40,2804.8,2354.6,2108.6,0,0,738687.927453029,0,0,0
46328.5816656656,40,2788,2342,2107.6,0,0,738687.927453492,0,0,0
46328.621664732,40,2771.6,2336.6,2105,0,0,738687.927453955,0,0,0
46328.6616637984,40,2782.8,2341.6,2109.4,0,0,738687.927454418,0,0,0
46328.7016628648,40,2804,2350.2,2109.8,0,0,738687.927454881,0,0,0
46328.7416619312,40,2831,2363.2,2114,0,0,738687.927455344,0,0,0
46328.7816609976,40,2855.8,2368.2,2115.2,0,0,738687.927455807,0,0,0
46328.821660064,40,2887.6,2383.4,2115.2,0,0,738687.92745627,0,0,0
46328.8616591304,40,2914,2385.2,2114.6,0,0,738687.927456732,0,0,0
46328.9016581968,40,2930,2394,2118.2,0,0,738687.927457195,0,0,0
46328.9416572632,40,2947.2,2403.4,2116.4,0,0,738687.927457658,0,0,0
46328.9816563296,40,2956,2408.6,2119,0,0,738687.927458121,0,0,0
46329.021655396,40,2967.4,2420.8,2122.6,0,0,738687.927458584,0,0,0
46329.0616544624,40,2966.2,2424.2,2124.6,0,0,738687.927459047,0,0,0
46329.1016535288,40,2962.8,2431,2129.2,0,0,738687.92745951,0,0,0
46329.1416525952,40,2949,2446,2129.4,0,0,738687.927459973,0,0,0
46329.1816516616,40,2947.6,2444,2133.6,0,0,738687.927460436,0,0,0
46329.221650728,40,2929,2454.4,2138.4,0,0,738687.927460899,0,0,0
46329.2616497944,40,2922.8,2460.2,2141.4,0,0,738687.927461362,0,0,0
46329.3016488608,40,2923.2,2467.8,2143.8,0,0,738687.927461825,0,0,0
46329.3416479272,40,2921.2,2475.2,2146.8,0,0,738687.927462288,0,0,0
46329.3816469936,40,2924.2,2483.4,2152,0,0,738687.927462751,0,0,0
46329.42164606,40,2926.8,2491.8,2151,0,0,738687.927463214,0,0,0
46329.4616451264,40,2932,2499.8,2153.2,0,0,738687.927463677,0,0,0
46329.5016441928,40,2936.2,2512.4,2162.8,0,0,738687.92746414,0,0,0
46329.5416432592,40,2944.2,2522.2,2162.6,0,0,738687.927464603,0,0,0
46329.5816423256,40,2956.2,2528,2166.6,0,0,738687.927465066,0,0,0
46329.621641392,40,2971.6,2538.8,2165.8,0,0,738687.927465529,0,0,0
46329.6616404584,40,2979.2,2554.8,2169.2,0,0,738687.927465992,0,0,0
46329.7016395248,40,2986.4,2567.6,2174,0,0,738687.927466455,0,0,0
46329.7416385912,40,2988.8,2575.6,2178,0,0,738687.927466917,0,0,0
46329.7816376576,40,2980.6,2585.8,2180,0,0,738687.92746738,0,0,0
46329.821636724,40,2979.6,2595,2184.4,0,0,738687.927467843,0,0,0
46329.8616357904,40,2969,2605.4,2187.4,0,0,738687.927468306,0,0,0
46329.9016348568,40,2964.2,2611.4,2192,0,0,738687.927468769,0,0,0
46329.9416339232,40,2956.8,2621.4,2195,0,0,738687.927469232,0,0,0
46329.9816329896,40,2949.2,2626,2200.6,0,0,738687.927469695,0,0,0
46330.021632056,40,2939.2,2632.8,2200.8,0,0,738687.927470158,0,0,0
46330.0616311224,40,2935.8,2640.8,2208.2,0,0,738687.927470621,0,0,0
46330.1016301888,40,2928.2,2651.8,2209,0,0,738687.927471084,0,0,0
46330.1416292552,40,2923.8,2660.8,2215.2,0,0,738687.927471547,0,0,0
46330.1816283216,40,2914,2672.8,2222.6,0,0,738687.92747201,0,0,0
46330.221627388,40,2909.2,2680.4,2222.8,0,0,738687.927472473,0,0,0
46330.2616264544,40,2905.4,2687,2225.4,0,0,738687.927472936,0,0,0
46330.3016255208,40,2903.6,2695.6,2228.4,0,0,738687.927473399,0,0,0
46330.3416245872,40,2896.6,2701,2236.6,0,0,738687.927473862,0,0,0
46330.3816236536,40,2892.8,2715.4,2241,0,0,738687.927474325,0,0,0
46330.42162272,40,2888.2,2726.6,2246.2,0,0,738687.927474788,0,0,0
46330.4616217864,40,2886,2736,2248.6,0,0,738687.927475251,0,0,0
46330.5016208528,40,2880.2,2748.4,2250.2,0,0,738687.927475714,0,0,0
46330.5416199192,40,2877.2,2755.4,2255.8,0,0,738687.927476177,0,0,0
46330.5816189856,40,2870.4,2764,2264.2,0,0,738687.92747664,0,0,0
46330.621618052,40,2869.2,2776.6,2266,0,0,738687.927477102,0,0,0
46330.6616171184,40,2863.8,2789,2272.6,0,0,738687.927477565,0,0,0
46330.7016161848,40,2859.4,2800.2,2277.2,0,0,738687.927478028,0,0,0
46330.7416152512,40,2850.2,2811.2,2280.8,0,0,738687.927478491,0,0,0
46330.7816143176,40,2850,2820.8,2290.2,0,0,738687.927478954,0,0,0
46330.821613384,40,2840,2828.4,2290.2,0,0,738687.927479417,0,0,0
46330.8616124504,40,2835.2,2838.2,2294.8,0,0,738687.92747988,0,0,0
46330.9016115168,40,2832.6,2843.8,2302.6,0,0,738687.927480343,0,0,0
46330.9416105832,40,2822.2,2854.8,2307,0,0,738687.927480806,0,0,0
46330.9816096496,40,2815,2859.6,2313.2,0,0,738687.927481269,0,0,0
46331.021608716,40,2800.2,2869.4,2317.6,0,0,738687.927481732,0,0,0
46331.0616077824,40,2797.4,2880.8,2322.8,0,0,738687.927482195,0,0,0
46331.1016068488,40,2787,2883.6,2329,0,0,738687.927482658,0,0,0
46331.1416059152,40,2777.4,2891.6,2331.6,0,0,738687.927483121,0,0,0
46331.1816049816,40,2766.2,2892.6,2337.2,0,0,738687.927483584,0,0,0
46331.221604048,40,2760.6,2902.4,2348.6,0,0,738687.927484047,0,0,0
46331.2616031144,40,2750.2,2909,2348.2,0,0,738687.92748451,0,0,0
46331.3016021808,40,2739.4,2906,2355.2,0,0,738687.927484973,0,0,0
46331.3416012472,40,2726,2909.2,2360.2,0,0,738687.927485436,0,0,0
46331.3816003136,40,2718.4,2913.2,2365.6,0,0,738687.927485898,0,0,0
46331.42159938,40,2699,2910.4,2373.8,0,0,738687.927486361,0,0,0
46331.4615984464,40,2697.4,2913.8,2378,0,0,738687.927486824,0,0,0
46331.5015975128,40,2681,2919.6,2380.2,0,0,738687.927487287,0,0,0
46331.5415965792,40,2673.4,2916,2386.4,0,0,738687.92748775,0,0,0
46331.5815956456,40,2666.6,2921.2,2398,0,0,738687.927488213,0,0,0
46331.621594712,40,2654,2924.2,2399.2,0,0,738687.927488676,0,0,0
46331.6615937784,40,2651.2,2928.8,2408.8,0,0,738687.927489139,0,0,0
46331.7015928448,40,2642.2,2939.6,2414,0,0,738687.927489602,0,0,0
46331.7415919112,40,2635.2,2937.8,2419.4,0,0,738687.927490065,0,0,0
46331.7815909776,40,2630.6,2949.6,2429.2,0,0,738687.927490528,0,0,0
46331.821590044,40,2618.6,2953.4,2434.2,0,0,738687.927490991,0,0,0
46331.8615891104,40,2609.8,2950.2,2438,0,0,738687.927491454,0,0,0
46331.9015881768,40,2606,2959.2,2450.2,0,0,738687.927491917,0,0,0
46331.9415872432,40,2592.2,2956.6,2450.8,0,0,738687.92749238,0,0,0
46331.9815863096,40,2590.2,2957.4,2458.6,0,0,738687.927492843,0,0,0
46332.021585376,40,2574.6,2956.2,2465.8,0,0,738687.927493306,0,0,0
46332.0615844424,40,2568.8,2959.6,2475.8,0,0,738687.927493769,0,0,0
46332.1015835088,40,2557.4,2955.8,2475.8,0,0,738687.927494232,0,0,0
46332.1415825752,40,2549.4,2954.8,2485.2,0,0,738687.927494695,0,0,0
46332.1815816416,40,2545,2963,2492.8,0,0,738687.927495158,0,0,0
46332.221580708,40,2537.6,2958.2,2501.2,0,0,738687.927495621,0,0,0
46332.2615797744,40,2527.6,2967.4,2508.4,0,0,738687.927496083,0,0,0
46332.3015788408,40,2522.6,2969.2,2511.8,0,0,738687.927496546,0,0,0
46332.3415779072,40,2515.6,2971.8,2522.8,0,0,738687.927497009,0,0,0
46332.3815769736,40,2511,2970.2,2527,0,0,738687.927497472,0,0,0
46332.42157604,40,2500.8,2971.6,2539.8,0,0,738687.927497935,0,0,0
46332.4615751064,40,2493.8,2965.6,2547,0,0,738687.927498398,0,0,0
46332.5015741728,40,2483.6,2965,2549.4,0,0,738687.927498861,0,0,0
46332.5415732392,40,2484.2,2964.6,2558.6,0,0,738687.927499324,0,0,0
46332.5815723056,40,2472.8,2964.6,2568.8,0,0,738687.927499787,0,0,0
46332.621571372,40,2466.4,2964,2573.8,0,0,738687.92750025,0,0,0
46332.6615704384,40,2456.4,2959.8,2582.2,0,0,738687.927500713,0,0,0
46332.7015695048,40,2450,2963,2589.6,0,0,738687.927501176,0,0,0
46332.7415685712,40,2444.4,2958.6,2599,0,0,738687.927501639,0,0,0
46332.7815676376,40,2439.2,2959,2606,0,0,738687.927502102,0,0,0
46332.821566704,40,2431.4,2957.8,2614.6,0,0,738687.927502565,0,0,0
46332.8615657704,40,2427.8,2954.8,2622.4,0,0,738687.927503028,0,0,0
46332.9015648368,40,2421.6,2948.4,2627.2,0,0,738687.927503491,0,0,0
46332.9415639032,40,2412.8,2947.4,2638.8,0,0,738687.927503954,0,0,0
46332.9815629696,40,2406.6,2943.8,2643.4,0,0,738687.927504417,0,0,0
46333.021562036,40,2402,2940,2651.6,0,0,738687.92750488,0,0,0
46333.0615611024,40,2396.6,2937.2,2660,0,0,738687.927505343,0,0,0
46333.1015601688,40,2386,2931,2663.8,0,0,738687.927505806,0,0,0
46333.1415592352,40,2382,2925.8,2674.4,0,0,738687.927506268,0,0,0
46333.1815583016,40,2375,2925,2681.6,0,0,738687.927506731,0,0,0
46333.221557368,40,2369.6,2922.6,2689,0,0,738687.927507194,0,0,0
46333.2615564344,40,2369.4,2916.2,2697.6,0,0,738687.927507657,0,0,0
46333.3015555008,40,2362.2,2914.4,2710.2,0,0,738687.92750812,0,0,0
46333.3415545672,40,2356.8,2910.6,2711.2,0,0,738687.927508583,0,0,0
46333.3815536336,40,2347.2,2904.6,2721.4,0,0,738687.927509046,0,0,0
46333.4215527,40,2343.4,2899.6,2726.2,0,0,738687.927509509,0,0,0
46333.4615517664,40,2336.8,2890.8,2731.2,0,0,738687.927509972,0,0,0
46333.5015508328,40,2331.6,2885.8,2738.8,0,0,738687.927510435,0,0,0
46333.5415498992,40,2327.4,2877,2747.4,0,0,738687.927510898,0,0,0
46333.5815489656,40,2323,2873.8,2757.6,0,0,738687.927511361,0,0,0
46333.621548032,40,2310.4,2864.6,2759.8,0,0,738687.927511824,0,0,0
46333.6615470984,40,2311.6,2858.4,2768.2,0,0,738687.927512287,0,0,0
46333.7015461648,40,2307.4,2855.2,2780.6,0,0,738687.92751275,0,0,0
46333.7415452312,40,2302,2849.2,2784,0,0,738687.927513213,0,0,0
46333.7815442976,40,2296.6,2843.4,2790.8,0,0,738687.927513676,0,0,0
46333.821543364,40,2293.2,2838.6,2792.4,0,0,738687.927514139,0,0,0
46333.8615424304,40,2288.2,2833.2,2805,0,0,738687.927514602,0,0,0
46333.9015414968,40,2286.4,2828.6,2810.6,0,0,738687.927515064,0,0,0
46333.9415405632,40,2279.6,2820.8,2818.8,0,0,738687.927515527,0,0,0
46333.9815396296,40,2276,2814.4,2823,0,0,738687.92751599,0,0,0
46334.021538696,40,2269.6,2807.4,2829.6,0,0,738687.927516453,0,0,0
46334.0615377624,40,2266,2807.4,2842.2,0,0,738687.927516916,0,0,0
46334.1015368288,40,2266.2,2800.2,2849,0,0,738687.927517379,0,0,0
46334.1415358952,40,2260.2,2798.6,2861.2,0,0,738687.927517842,0,0,0
46334.1815349616,40,2256.6,2788.2,2865,0,0,738687.927518305,0,0,0
46334.221534028,40,2251.4,2782.2,2871.6,0,0,738687.927518768,0,0,0
46334.2615330944,40,2249.2,2778.4,2880.4,0,0,738687.927519231,0,0,0
46334.3015321608,40,2246.8,2767.4,2888,0,0,738687.927519694,0,0,0
46334.3415312272,40,2239,2758.4,2895,0,0,738687.927520157,0,0,0
46334.3815302936,40,2233.2,2752,2895,0,0,738687.92752062,0,0,0
46334.42152936,40,2231.6,2747.2,2905,0,0,738687.927521083,0,0,0
46334.4615284264,40,2227.2,2733.6,2908.8,0,0,738687.927521546,0,0,0
46334.5015274928,40,2221,2728.8,2914.8,0,0,738687.927522009,0,0,0
46334.5415265592,40,2218.2,2720.4,2914.8,0,0,738687.927522472,0,0,0
46334.5815256256,40,2211,2713.2,2920,0,0,738687.927522935,0,0,0
46334.621524692,40,2216,2704.2,2926.6,0,0,738687.927523398,0,0,0
46334.6615237584,40,2207.2,2694.4,2932.6,0,0,738687.927523861,0,0,0
46334.7015228248,40,2203.8,2686.8,2939.8,0,0,738687.927524324,0,0,0
46334.7415218912,40,2200.4,2675,2938.6,0,0,738687.927524787,0,0,0
46334.7815209576,40,2196,2666.6,2949,0,0,738687.927525249,0,0,0
46334.821520024,40,2188.4,2658,2950.4,0,0,738687.927525712,0,0,0
46334.8615190904,40,2187.8,2651.4,2950.8,0,0,738687.927526175,0,0,0
46334.9015181568,40,2183.4,2639.6,2948.4,0,0,738687.927526638,0,0,0
46334.9415172232,40,2179.4,2638.4,2955.4,0,0,738687.927527101,0,0,0
46334.9815162896,40,2180.8,2627.2,2955.6,0,0,738687.927527564,0,0,0
46335.021515356,40,2179.4,2615,2956.6,0,0,738687.927528027,0,0,0
46335.0615144224,40,2172.8,2611.4,2959.4,0,0,738687.92752849,0,0,0
46335.1015134888,40,2169.8,2596,2957.6,0,0,738687.927528953,0,0,0
46335.1415125552,40,2163,2589.6,2957.6,0,0,738687.927529416,0,0,0
46335.1815116216,40,2166.8,2583,2963.6,0,0,738687.927529879,0,0,0
46335.221510688,40,2161.4,2576.6,2966,0,0,738687.927530342,0,0,0
46335.2615097544,40,2156.6,2570.2,2964.4,0,0,738687.927530805,0,0,0
46335.3015088208,40,2154.6,2557.6,2959.6,0,0,738687.927531268,0,0,0
46335.3415078872,40,2152.2,2548.4,2962.6,0,0,738687.927531731,0,0,0
46335.3815069536,40,2150.6,2543.4,2965,0,0,738687.927532194,0,0,0
46335.42150602,40,2146.4,2529.4,2960.2,0,0,738687.927532657,0,0,0
46335.4615050864,40,2145.4,2524.8,2960.4,0,0,738687.92753312,0,0,0
46335.5015041528,40,2141.2,2517.8,2960.2,0,0,738687.927533583,0,0,0
46335.5415032192,40,2143.6,2507.2,2958.2,0,0,738687.927534046,0,0,0
