95329.8759487627,40,2359.8,2874.8,2681.2,0,0,738688.494598102,0,0,0
95329.9159478291,40,2355,2875,2677,0,0,738688.494598565,0,0,0
95329.9559468955,40,2357.8,2875.8,2677.6,0,0,738688.494599028,0,0,0
95329.9959459619,40,2358.2,2878.4,2680.2,0,0,738688.494599491,0,0,0
95330.0359450283,40,2356.4,2872.4,2680.2,0,0,738688.494599953,0,0,0
95330.0759440947,40,2360.4,2876.4,2679.8,0,0,738688.494600416,0,0,0
95330.1159431611,40,2359,2871.6,2676.2,0,0,738688.494600879,0,0,0
95330.1559422274,40,2363,2880.8,2679.8,0,0,738688.494601342,0,0,0
95330.1959412939,40,2359.6,2878.4,2677.6,0,0,738688.494601805,0,0,0
95330.2359403602,40,2359.4,2875.2,2677.6,0,0,738688.494602268,0,0,0
95330.2759394267,40,2358,2874.8,2675.6,0,0,738688.494602731,0,0,0
95330.315938493,40,2360.6,2872.2,2673.8,0,0,738688.494603194,0,0,0
95330.3559375595,40,2359.2,2868.2,2669.4,0,0,738688.494603657,0,0,0
95330.3959366258,40,2365.8,2869.2,2659.8,0,0,738688.49460412,0,0,0
95330.4359356923,40,2374,2867.2,2643.4,0,0,738688.494604583,0,0,0
95330.4759347587,40,2388.4,2881.6,2628.2,0,0,738688.494605046,0,0,0
95330.5159338251,40,2412,2897,2608,0,0,738688.494605509,0,0,0
95330.5559328915,40,2430.6,2910.8,2588.8,0,0,738688.494605972,0,0,0
95330.5959319579,40,2444.8,2922,2578,0,0,738688.494606435,0,0,0
95330.6359310243,40,2448.2,2929.4,2577.6,0,0,738688.494606898,0,0,0
95330.6759300907,40,2437.8,2927.2,2595.4,0,0,738688.494607361,0,0,0
95330.7159291571,40,2412.2,2937.6,2634.6,0,0,738688.494607824,0,0,0
95330.7559282235,40,2384.8,2979.4,2724.2,0,0,738688.494608287,0,0,0
95330.7959272898,40,2334.6,2951.4,2821,0,0,738688.49460875,0,0,0
95330.8359263563,40,2308,2914.2,2860.8,0,0,738688.494609213,0,0,0
95330.8759254226,40,2324.2,2876.2,2759.6,0,0,738688.494609675,0,0,0
95330.9159244891,40,2357.8,2833,2639.2,0,0,738688.494610138,0,0,0
95330.9559235554,40,2483.4,2968.2,2567.2,0,0,738688.494610601,0,0,0
95330.9959226219,40,2606,3064,2505,0,0,738688.494611064,0,0,0
95331.0359216882,40,2659,3036.2,2454.8,0,0,738688.494611527,0,0,0
95331.0759207547,40,2650.8,3052.6,2468.6,0,0,738688.49461199,0,0,0
95331.1159198211,40,2562.4,2980.6,2493.6,0,0,738688.494612453,0,0,0
95331.1559188875,40,2478,2926.2,2539.4,0,0,738688.494612916,0,0,0
95331.1959179539,40,2382.6,2883.2,2635.2,0,0,738688.494613379,0,0,0
95331.2359170203,40,2309.2,2845.6,2764,0,0,738688.494613842,0,0,0
95331.2759160867,40,2246.8,2759.4,2860,0,0,738688.494614305,0,0,0
95331.3159151531,40,2217.2,2699.6,2893.4,0,0,738688.494614768,0,0,0
95331.3559142195,40,2241,2716.6,2821,0,0,738688.494615231,0,0,0
95331.3959132859,40,2307.6,2808.6,2729.8,0,0,738688.494615694,0,0,0
95331.4359123522,40,2418.4,2959.2,2641.8,0,0,738688.494616157,0,0,0
95331.4759114187,40,2541.4,3042.8,2546.8,0,0,738688.49461662,0,0,0
95331.515910485,40,2626,3076.4,2490,0,0,738688.494617083,0,0,0
95331.5559095515,40,2625.2,3059.6,2486,0,0,738688.494617546,0,0,0
95331.5959086178,40,2578.4,3052.6,2524,0,0,738688.494618009,0,0,0
95331.6359076843,40,2503.4,3032.8,2583,0,0,738688.494618471,0,0,0
95331.6759067507,40,2427.6,2971.2,2638.6,0,0,738688.494618934,0,0,0
95331.7159058171,40,2339.6,2877,2727.2,0,0,738688.494619397,0,0,0
95331.7559048835,40,2267.6,2776.8,2813.6,0,0,738688.49461986,0,0,0
95331.7959039499,40,2222.4,2679.6,2837.8,0,0,738688.494620323,0,0,0
95331.8359030163,40,2233.2,2695.6,2808.8,0,0,738688.494620786,0,0,0
95331.8759020827,40,2310,2835.2,2761.8,0,0,738688.494621249,0,0,0
95331.9159011491,40,2397.6,2935,2660.6,0,0,738688.494621712,0,0,0
95331.9559002155,40,2495.6,2975,2556.8,0,0,738688.494622175,0,0,0
95331.9958992819,40,2556.2,2997.2,2503.6,0,0,738688.494622638,0,0,0
95332.0358983483,40,2583,3039.6,2514,0,0,738688.494623101,0,0,0
95332.0758974147,40,2546.6,3069.2,2556.2,0,0,738688.494623564,0,0,0
95332.1158964811,40,2499.4,3062,2613.4,0,0,738688.494624027,0,0,0
95332.1558955474,40,2442.6,3038,2669.8,0,0,738688.49462449,0,0,0
95332.1958946139,40,2367.8,2950.8,2734,0,0,738688.494624953,0,0,0
95332.2358936802,40,2304.4,2855.8,2805.2,0,0,738688.494625416,0,0,0
95332.2758927467,40,2251.6,2739.4,2819.8,0,0,738688.494625879,0,0,0
95332.3158918131,40,2249.8,2721.6,2790.8,0,0,738688.494626342,0,0,0
95332.3558908795,40,2320.4,2843.6,2739.8,0,0,738688.494626805,0,0,0
95332.3958899459,40,2414.4,2970,2666,0,0,738688.494627268,0,0,0
95332.4358890123,40,2503,3049,2593.6,0,0,738688.494627731,0,0,0
95332.4758880787,40,2547.2,3056,2554.6,0,0,738688.494628194,0,0,0
95332.5158871451,40,2529,3058.6,2577.2,0,0,738688.494628656,0,0,0
95332.5558862115,40,2486,3043.2,2619.4,0,0,738688.494629119,0,0,0
95332.5958852779,40,2434.6,3011,2661.4,0,0,738688.494629582,0,0,0
95332.6358843443,40,2373.2,2946.2,2721.2,0,0,738688.494630045,0,0,0
95332.6758834107,40,2305.8,2875.4,2807.6,0,0,738688.494630508,0,0,0
95332.7158824771,40,2254.4,2774.2,2858.8,0,0,738688.494630971,0,0,0
95332.7558815435,40,2221.2,2693.6,2862,0,0,738688.494631434,0,0,0
95332.7958806098,40,2225.8,2683,2808.8,0,0,738688.494631897,0,0,0
95332.8358796763,40,2298.2,2824.4,2783.8,0,0,738688.49463236,0,0,0
95332.8758787426,40,2391.2,2966.8,2695.2,0,0,738688.494632823,0,0,0
95332.9158778091,40,2506.4,3056.8,2597.6,0,0,738688.494633286,0,0,0
95332.9558768755,40,2588.4,3054.8,2518.2,0,0,738688.494633749,0,0,0
95332.9958759419,40,2619.4,3049.4,2489.4,0,0,738688.494634212,0,0,0
95333.0358750083,40,2594.8,3041,2505,0,0,738688.494634675,0,0,0
95333.0758740747,40,2539,3025,2540,0,0,738688.494635138,0,0,0
95333.1158731411,40,2475,3007.6,2598.4,0,0,738688.494635601,0,0,0
95333.1558722075,40,2398.8,2967.6,2684.4,0,0,738688.494636064,0,0,0
95333.1958712739,40,2325.2,2899.2,2791,0,0,738688.494636527,0,0,0
95333.2358703403,40,2263,2809.2,2870,0,0,738688.49463699,0,0,0
95333.2758694067,40,2241.6,2739.6,2833.6,0,0,738688.494637453,0,0,0
95333.3158684731,40,2275.2,2761.4,2765,0,0,738688.494637916,0,0,0
95333.3558675395,40,2368,2918,2708.8,0,0,738688.494638378,0,0,0
95333.3958666059,40,2482,3034.2,2608.6,0,0,738688.494638841,0,0,0
95333.4358656722,40,2598.2,3051.2,2505.6,0,0,738688.494639304,0,0,0
95333.4758647387,40,2703,2997,2411,0,0,738688.494639767,0,0,0
95333.515863805,40,2788.2,2929.8,2344.6,0,0,738688.49464023,0,0,0
95333.5558628715,40,2829,2845.6,2299.4,0,0,738688.494640693,0,0,0
95333.5958619379,40,2853.8,2810.4,2282.2,0,0,738688.494641156,0,0,0
95333.6358610043,40,2864.8,2822.8,2280.2,0,0,738688.494641619,0,0,0
95333.6758600707,40,2883.6,2870.6,2295.2,0,0,738688.494642082,0,0,0
95333.7158591371,40,2874.8,2885,2305.2,0,0,738688.494642545,0,0,0
95333.7558582035,40,2872.8,2881,2305.4,0,0,738688.494643008,0,0,0
95333.7958572699,40,2863.2,2884.2,2307.8,0,0,738688.494643471,0,0,0
95333.8358563363,40,2839.8,2887.8,2315.2,0,0,738688.494643934,0,0,0
95333.8758554027,40,2825.6,2891.2,2322.6,0,0,738688.494644397,0,0,0
95333.9158544691,40,2793.8,2867,2326,0,0,738688.49464486,0,0,0
95333.9558535355,40,2765.6,2855.6,2325.4,0,0,738688.494645323,0,0,0
95333.9958526019,40,2763.2,2871,2335,0,0,738688.494645786,0,0,0
95334.0358516683,40,2746,2852.4,2336.2,0,0,738688.494646249,0,0,0
95334.0758507347,40,2741.2,2858.4,2338.8,0,0,738688.494646712,0,0,0
95334.1158498011,40,2737.2,2866.4,2340.6,0,0,738688.494647175,0,0,0
95334.1558488674,40,2739.4,2898.4,2353.6,0,0,738688.494647637,0,0,0
95334.1958479339,40,2739.2,2910.6,2360.2,0,0,738688.4946481,0,0,0
95334.2358470003,40,2741,2926,2362.4,0,0,738688.494648563,0,0,0
95334.2758460667,40,2739.8,2933.2,2370,0,0,738688.494649026,0,0,0
95334.3158451331,40,2731.8,2943.4,2375.2,0,0,738688.494649489,0,0,0
95334.3558441995,40,2729.8,2963.2,2383,0,0,738688.494649952,0,0,0
95334.3958432659,40,2721.8,2968.4,2396.2,0,0,738688.494650415,0,0,0
95334.4358423323,40,2705.8,2960.2,2395,0,0,738688.494650878,0,0,0
95334.4758413987,40,2695.2,2964.2,2396.2,0,0,738688.494651341,0,0,0
95334.5158404651,40,2689.6,2962,2408.2,0,0,738688.494651804,0,0,0
95334.5558395315,40,2680.4,2971.6,2409.4,0,0,738688.494652267,0,0,0
95334.5958385979,40,2672.8,2966.8,2414.8,0,0,738688.49465273,0,0,0
95334.6358376643,40,2666.4,2981.2,2425,0,0,738688.494653193,0,0,0
95334.6758367307,40,2665.2,2995.8,2431.6,0,0,738688.494653656,0,0,0
95334.7158357971,40,2652.4,2990.2,2439.4,0,0,738688.494654119,0,0,0
95334.7558348635,40,2654.6,3006.6,2446,0,0,738688.494654582,0,0,0
95334.7958339298,40,2647.4,3013,2452.4,0,0,738688.494655045,0,0,0
95334.8358329963,40,2638,3011.2,2457.2,0,0,738688.494655508,0,0,0
95334.8758320627,40,2622,3002,2460.8,0,0,738688.494655971,0,0,0
95334.9158311291,40,2615,3004.6,2469.6,0,0,738688.494656434,0,0,0
95334.9558301955,40,2607.8,3001.4,2472.2,0,0,738688.494656897,0,0,0
95334.9958292619,40,2605,3013,2479,0,0,738688.49465736,0,0,0
95335.0358283283,40,2597.8,3015.8,2487.2,0,0,738688.494657822,0,0,0
95335.0758273947,40,2588.2,3009.6,2492,0,0,738688.494658285,0,0,0
95335.1158264611,40,2574.4,3008,2496.4,0,0,738688.494658748,0,0,0
95335.1558255274,40,2572,3010.6,2504,0,0,738688.494659211,0,0,0
95335.1958245939,40,2564.6,3005.8,2507.6,0,0,738688.494659674,0,0,0
95335.2358236602,40,2559.6,3007,2513.4,0,0,738688.494660137,0,0,0
95335.2758227267,40,2549.4,3009.8,2522.8,0,0,738688.4946606,0,0,0
95335.315821793,40,2537.4,3003,2526.8,0,0,738688.494661063,0,0,0
95335.3558208595,40,2531,2996.6,2532.2,0,0,738688.494661526,0,0,0
95335.3958199258,40,2521.4,2997,2534.2,0,0,738688.494661989,0,0,0
95335.4358189922,40,2514.4,2996.6,2541.4,0,0,738688.494662452,0,0,0
95335.4758180587,40,2510.2,2993.4,2552.4,0,0,738688.494662915,0,0,0
95335.5158171251,40,2503.8,2992.6,2559.2,0,0,738688.494663378,0,0,0
95335.5558161915,40,2493.6,2984.4,2560.4,0,0,738688.494663841,0,0,0
95335.5958152579,40,2489,2985.8,2568.6,0,0,738688.494664304,0,0,0
95335.6358143243,40,2485.2,2983.8,2577,0,0,738688.494664767,0,0,0
95335.6758133907,40,2479.4,2983.4,2581,0,0,738688.49466523,0,0,0
95335.7158124571,40,2471.6,2979.4,2586,0,0,738688.494665693,0,0,0
95335.7558115235,40,2465.4,2972.4,2590,0,0,738688.494666156,0,0,0
95335.7958105898,40,2453.8,2975.2,2602.4,0,0,738688.494666619,0,0,0
95335.8358096563,40,2451.6,2971.8,2604,0,0,738688.494667082,0,0,0
95335.8758087226,40,2441.4,2966.8,2610.6,0,0,738688.494667544,0,0,0
95335.9158077891,40,2437,2961.2,2614,0,0,738688.494668007,0,0,0
95335.9558068554,40,2435.4,2962.6,2624,0,0,738688.49466847,0,0,0
95335.9958059219,40,2428.6,2960,2632,0,0,738688.494668933,0,0,0
95336.0358049882,40,2423.2,2957.6,2639.4,0,0,738688.494669396,0,0,0
95336.0758040547,40,2414.4,2958.2,2646.6,0,0,738688.494669859,0,0,0
95336.1158031211,40,2414.2,2966,2660.2,0,0,738688.494670322,0,0,0
95336.1558021875,40,2406.4,2968.6,2666,0,0,738688.494670785,0,0,0
95336.1958012539,40,2402.2,2974.8,2683.6,0,0,738688.494671248,0,0,0
95336.2358003203,40,2396.6,2983,2698.6,0,0,738688.494671711,0,0,0
95336.2757993867,40,2396.2,2990.8,2710.4,0,0,738688.494672174,0,0,0
95336.3157984531,40,2388,2995,2724,0,0,738688.494672637,0,0,0
95336.3557975195,40,2384.2,2993.6,2736.2,0,0,738688.4946731,0,0,0
95336.3957965859,40,2378.2,2989.2,2744.2,0,0,738688.494673563,0,0,0
95336.4357956522,40,2373.8,2976.2,2747.4,0,0,738688.494674026,0,0,0
95336.4757947187,40,2364.6,2967.2,2756.2,0,0,738688.494674489,0,0,0
95336.515793785,40,2354.2,2958.6,2761.4,0,0,738688.494674952,0,0,0
95336.5557928515,40,2346,2946.8,2779,0,0,738688.494675415,0,0,0
95336.5957919178,40,2331.4,2929.4,2803.2,0,0,738688.494675878,0,0,0
95336.6357909843,40,2300.2,2896.6,2849.4,0,0,738688.494676341,0,0,0
95336.6757900506,40,2268,2840.6,2902.4,0,0,738688.494676803,0,0,0
95336.7157891171,40,2241,2782.4,2934.4,0,0,738688.494677266,0,0,0
95336.7557881835,40,2231,2740.6,2889.4,0,0,738688.494677729,0,0,0
95336.7957872499,40,2255,2730.4,2788.2,0,0,738688.494678192,0,0,0
95336.8357863163,40,2339.2,2873.2,2727.4,0,0,738688.494678655,0,0,0
95336.8757853827,40,2459.2,3012.6,2629.2,0,0,738688.494679118,0,0,0
95336.9157844491,40,2574.2,3060.6,2529,0,0,738688.494679581,0,0,0
95336.9557835155,40,2639.4,3040.4,2473.2,0,0,738688.494680044,0,0,0
95336.9957825819,40,2627.6,3029.8,2470.6,0,0,738688.494680507,0,0,0
95337.0357816483,40,2550.4,3002,2514.4,0,0,738688.49468097,0,0,0
95337.0757807147,40,2469.2,2975.8,2579.8,0,0,738688.494681433,0,0,0
95337.1157797811,40,2388.6,2906.8,2653.8,0,0,738688.494681896,0,0,0
95337.1557788474,40,2313,2841.2,2741,0,0,738688.494682359,0,0,0
95337.1957779139,40,2256.4,2766.6,2834.6,0,0,738688.494682822,0,0,0
95337.2357769802,40,2229.2,2699.6,2844.8,0,0,738688.494683285,0,0,0
95337.2757760467,40,2258.4,2740.2,2797.4,0,0,738688.494683748,0,0,0
95337.315775113,40,2339.4,2872.6,2725.4,0,0,738688.494684211,0,0,0
95337.3557741795,40,2455.2,2972,2606.4,0,0,738688.494684674,0,0,0
95337.3957732459,40,2565.8,3024.8,2519.6,0,0,738688.494685137,0,0,0
95337.4357723123,40,2615.6,3052.2,2486.2,0,0,738688.4946856,0,0,0
95337.4757713787,40,2593.8,3058.2,2514.6,0,0,738688.494686063,0,0,0
95337.5157704451,40,2549,3062.2,2559.4,0,0,738688.494686526,0,0,0
95337.5557695115,40,2488.6,3056,2615.6,0,0,738688.494686988,0,0,0
95337.5957685779,40,2412,2978,2662.2,0,0,738688.494687451,0,0,0
95337.6357676443,40,2336.2,2887.6,2742.2,0,0,738688.494687914,0,0,0
95337.6757667107,40,2265,2776.6,2817.4,0,0,738688.494688377,0,0,0
95337.7157657771,40,2218.2,2690,2878.2,0,0,738688.49468884,0,0,0
95337.7557648435,40,2223.6,2688,2845.4,0,0,738688.494689303,0,0,0
95337.7957639098,40,2276.8,2783.6,2771.4,0,0,738688.494689766,0,0,0
95337.8357629763,40,2377.2,2911.4,2679.2,0,0,738688.494690229,0,0,0
95337.8757620426,40,2482.6,2977.8,2568.4,0,0,738688.494690692,0,0,0
95337.9157611091,40,2572,3007.2,2504.8,0,0,738688.494691155,0,0,0
95337.9557601754,40,2598.8,3014.2,2486,0,0,738688.494691618,0,0,0
95337.9957592419,40,2573.6,3052.6,2525.4,0,0,738688.494692081,0,0,0
95338.0357583083,40,2513.4,3047.2,2585.8,0,0,738688.494692544,0,0,0
95338.0757573747,40,2449.2,3033.2,2655.4,0,0,738688.494693007,0,0,0
95338.1157564411,40,2375.4,2976.4,2742.6,0,0,738688.49469347,0,0,0
95338.1557555075,40,2298.4,2894.6,2856.6,0,0,738688.494693933,0,0,0
95338.1957545739,40,2239.8,2770.2,2912.4,0,0,738688.494694396,0,0,0
95338.2357536403,40,2214.8,2694.6,2889.4,0,0,738688.494694859,0,0,0
95338.2757527067,40,2240.2,2695,2799.8,0,0,738688.494695322,0,0,0
95338.3157517731,40,2331,2888.6,2754.8,0,0,738688.494695785,0,0,0
95338.3557508395,40,2475.4,3027.2,2622,0,0,738688.494696248,0,0,0
95338.3957499059,40,2625.8,3046.2,2486.2,0,0,738688.49469671,0,0,0
95338.4357489722,40,2720,3001,2406.6,0,0,738688.494697173,0,0,0
95338.4757480387,40,2728.4,2985,2397.8,0,0,738688.494697636,0,0,0
95338.5787456346,103,2583.2,3020,2499,0,0,738688.494698828,0,0,0
95338.618744701,40,2501.8,3022.6,2576.8,0,0,738688.494699291,0,0,0
95338.6587437674,40,2422.8,3019,2694,0,0,738688.494699754,0,0,0
95338.6987428338,40,2326.6,2926.2,2822.4,0,0,738688.494700217,0,0,0
95338.7387419002,40,2250.4,2821,2941.6,0,0,738688.49470068,0,0,0
95338.7787409666,40,2219.8,2733,2944.2,0,0,738688.494701143,0,0,0
95338.818740033,40,2252.4,2749.2,2822.8,0,0,738688.494701606,0,0,0
95338.8587390994,40,2318.8,2826.2,2712.8,0,0,738688.494702069,0,0,0
95338.8987381658,40,2447.8,2978.6,2612.4,0,0,738688.494702532,0,0,0
95338.9387372322,40,2578,3062.4,2529.6,0,0,738688.494702995,0,0,0
95338.9787362986,40,2652.2,3054.4,2468,0,0,738688.494703458,0,0,0
95339.018735365,40,2646.8,3012.6,2453.4,0,0,738688.494703921,0,0,0
95339.0587344314,40,2596.8,3046.8,2505.8,0,0,738688.494704384,0,0,0
95339.0987334978,40,2507.4,2993.8,2552.2,0,0,738688.494704847,0,0,0
95339.1387325642,40,2452,2976.4,2611.6,0,0,738688.49470531,0,0,0
95339.1787316306,40,2375.6,2930.6,2687.2,0,0,738688.494705773,0,0,0
95339.218730697,40,2312.4,2902.6,2821.6,0,0,738688.494706236,0,0,0
95339.2587297634,40,2242.8,2811.6,2967.4,0,0,738688.494706699,0,0,0
95339.2987288298,40,2193,2665.8,2990,0,0,738688.494707162,0,0,0
95339.3387278962,40,2181.8,2639.8,2963.6,0,0,738688.494707625,0,0,0
95339.3787269626,40,2220.2,2691.6,2850.4,0,0,738688.494708088,0,0,0
95339.418726029,40,2279.4,2759.2,2737.8,0,0,738688.49470855,0,0,0
95339.4587250954,40,2395.2,2942.4,2663.6,0,0,738688.494709013,0,0,0
95339.4987241618,40,2519.8,3051.8,2573.6,0,0,738688.494709476,0,0,0
95339.5387232282,40,2607.2,3086,2517.6,0,0,738688.494709939,0,0,0
95339.5787222946,40,2612.8,3060.6,2492.6,0,0,738688.494710402,0,0,0
95339.618721361,40,2548.4,3011.4,2522.2,0,0,738688.494710865,0,0,0
95339.6587204274,40,2473.6,2974.6,2576.6,0,0,738688.494711328,0,0,0
95339.6987194938,40,2411.2,2943,2638.6,0,0,738688.494711791,0,0,0
95339.7387185602,40,2348.4,2909.6,2735,0,0,738688.494712254,0,0,0
95339.7787176266,40,2283.4,2862,2862.6,0,0,738688.494712717,0,0,0
95339.818716693,40,2222.8,2761.6,2985.8,0,0,738688.49471318,0,0,0
95339.8587157594,40,2195.2,2667,2979.2,0,0,738688.494713643,0,0,0
95339.8987148258,40,2210.2,2716,2963,0,0,738688.494714106,0,0,0
95339.9387138922,40,2263.2,2775,2815.6,0,0,738688.494714569,0,0,0
95339.9787129586,40,2328.8,2816,2688.4,0,0,738688.494715032,0,0,0
95340.018712025,40,2423,2923.4,2608.8,0,0,738688.494715495,0,0,0
95340.0587110914,40,2509.2,2989.4,2546.4,0,0,738688.494715958,0,0,0
95340.0987101578,40,2566.8,3056.4,2533.2,0,0,738688.494716421,0,0,0
95340.1387092242,40,2556,3070.2,2552.4,0,0,738688.494716884,0,0,0
95340.1787082906,40,2505.2,3043.8,2586.2,0,0,738688.494717347,0,0,0
95340.218707357,40,2453.2,2981.2,2610.8,0,0,738688.494717809,0,0,0
95340.2587064234,40,2379.2,2902.8,2660.2,0,0,738688.494718272,0,0,0
95340.2987054898,40,2317.4,2837,2743.4,0,0,738688.494718735,0,0,0
95340.3387045562,40,2246.6,2757,2849.6,0,0,738688.494719198,0,0,0
95340.3787036226,40,2198.8,2659,2917,0,0,738688.494719661,0,0,0
95340.418702689,40,2186.4,2632.6,2921,0,0,738688.494720124,0,0,0
95340.4587017554,40,2227.2,2703.4,2852.8,0,0,738688.494720587,0,0,0
95340.4987008218,40,2291.4,2783.6,2735.4,0,0,738688.49472105,0,0,0
95340.5386998882,40,2402.4,2927.4,2647.6,0,0,738688.494721513,0,0,0
95340.5786989546,40,2513,2999.6,2548.8,0,0,738688.494721976,0,0,0
95340.618698021,40,2610.6,3058.8,2499.8,0,0,738688.494722439,0,0,0
95340.6586970874,40,2639,3065,2484,0,0,738688.494722902,0,0,0
95340.6986961538,40,2602.8,3059.2,2500.6,0,0,738688.494723365,0,0,0
95340.7386952203,40,2552.4,3050.2,2542,0,0,738688.494723828,0,0,0
95340.7786942866,40,2479.2,2963,2562.6,0,0,738688.494724291,0,0,0
95340.818693353,40,2398.6,2900.8,2632.6,0,0,738688.494724754,0,0,0
95340.8586924194,40,2316.6,2840.4,2729.6,0,0,738688.494725217,0,0,0
95340.8986914858,40,2245.8,2757.6,2853,0,0,738688.49472568,0,0,0
95340.9386905522,40,2198.2,2653.8,2934.8,0,0,738688.494726143,0,0,0
95340.9786896186,40,2174.2,2620.4,2976,0,0,738688.494726606,0,0,0
95341.018688685,40,2201.8,2663.4,2889.4,0,0,738688.494727069,0,0,0
95341.0586877514,40,2254.4,2750.8,2825.4,0,0,738688.494727531,0,0,0
95341.0986868178,40,2319.2,2820.2,2708.4,0,0,738688.494727994,0,0,0
95341.1386858842,40,2421.8,2914,2609,0,0,738688.494728457,0,0,0
95341.1786849506,40,2512.8,2968.6,2526.8,0,0,738688.49472892,0,0,0
95341.218684017,40,2581.6,3025.4,2498,0,0,738688.494729383,0,0,0
95341.2586830834,40,2568.2,3070.8,2543.6,0,0,738688.494729846,0,0,0
95341.2986821498,40,2505.4,3060,2604.8,0,0,738688.494730309,0,0,0
95341.3386812162,40,2439.2,3038.2,2675.4,0,0,738688.494730772,0,0,0
95341.3786802826,40,2365.2,2970.2,2765,0,0,738688.494731235,0,0,0
95341.418679349,40,2289,2884.6,2868.2,0,0,738688.494731698,0,0,0
95341.4586784154,40,2232.4,2746.2,2898.4,0,0,738688.494732161,0,0,0
95341.4986774818,40,2209,2651.2,2834.4,0,0,738688.494732624,0,0,0
95341.5386765482,40,2251.2,2736.8,2809.6,0,0,738688.494733087,0,0,0
95341.5786756146,40,2345.6,2908,2742.2,0,0,738688.49473355,0,0,0
95341.618674681,40,2473,3058.6,2637.6,0,0,738688.494734013,0,0,0
95341.6586737474,40,2588.6,3074.4,2530.4,0,0,738688.494734476,0,0,0
95341.6986728138,40,2650,3064.6,2470.8,0,0,738688.494734939,0,0,0
95341.7386718802,40,2644.4,3053.2,2471,0,0,738688.494735402,0,0,0
95341.7786709466,40,2585,3043,2508,0,0,738688.494735865,0,0,0
95341.818670013,40,2528,3031.8,2554,0,0,738688.494736328,0,0,0
95341.8586690794,40,2448,2974,2615.4,0,0,738688.494736791,0,0,0
95341.8986681458,40,2365.8,2940.8,2718,0,0,738688.494737254,0,0,0
95341.9386672122,40,2290,2860.2,2846,0,0,738688.494737716,0,0,0
95341.9786662786,40,2224.4,2738,2938.8,0,0,738688.494738179,0,0,0
95342.018665345,40,2183.6,2647,2978.2,0,0,738688.494738642,0,0,0
95342.0586644114,40,2191.4,2621.2,2895.2,0,0,738688.494739105,0,0,0
95342.0986634778,40,2221.6,2665.6,2818,0,0,738688.494739568,0,0,0
95342.1386625442,40,2298,2821.2,2772.8,0,0,738688.494740031,0,0,0
95342.1786616106,40,2397,2972.8,2701,0,0,738688.494740494,0,0,0
95342.218660677,40,2492.4,3049.8,2607.8,0,0,738688.494740957,0,0,0
95342.2586597434,40,2564.2,3079.6,2553.6,0,0,738688.49474142,0,0,0
95342.2986588098,40,2565.8,3053.6,2535.2,0,0,738688.494741883,0,0,0
95342.3386578762,40,2528.4,3047.8,2567.6,0,0,738688.494742346,0,0,0
95342.3786569426,40,2479.8,3038,2618.2,0,0,738688.494742809,0,0,0
95342.418656009,40,2410.6,2989.2,2682.8,0,0,738688.494743272,0,0,0
95342.4586550754,40,2336,2928.8,2781.8,0,0,738688.494743735,0,0,0
95342.4986541418,40,2263.4,2824.8,2896.4,0,0,738688.494744198,0,0,0
95342.5386532082,40,2202,2681,2943.4,0,0,738688.494744661,0,0,0
95342.5786522746,40,2174.6,2600.4,2935.4,0,0,738688.494745124,0,0,0
95342.618651341,40,2175.8,2581,2854.2,0,0,738688.494745587,0,0,0
95342.6586504074,40,2217,2676.6,2853.8,0,0,738688.49474605,0,0,0
95342.6986494738,40,2281.8,2822.8,2820.8,0,0,738688.494746513,0,0,0
95342.7386485402,40,2363.4,2957.8,2747.2,0,0,738688.494746975,0,0,0
95342.7786476066,40,2446.4,3024.4,2658.2,0,0,738688.494747438,0,0,0
95342.818646673,40,2487.8,3069.4,2631.2,0,0,738688.494747901,0,0,0
95342.8586457394,40,2481.4,3066.6,2638.6,0,0,738688.494748364,0,0,0
95342.8986448058,40,2441.2,3025,2670,0,0,738688.494748827,0,0,0
95342.9386438722,40,2375.6,2953.2,2715.6,0,0,738688.49474929,0,0,0
95342.9786429386,40,2315,2868.6,2770.4,0,0,738688.494749753,0,0,0
95343.018642005,40,2255.2,2770.8,2840,0,0,738688.494750216,0,0,0
95343.0586410714,40,2205.8,2669.2,2898.2,0,0,738688.494750679,0,0,0
95343.0986401378,40,2172,2579.4,2889.8,0,0,738688.494751142,0,0,0
95343.1386392042,40,2175,2567.4,2867,0,0,738688.494751605,0,0,0
95343.1786382706,40,2209.4,2664.6,2864.4,0,0,738688.494752068,0,0,0
95343.218637337,40,2268.8,2781.8,2814.8,0,0,738688.494752531,0,0,0
95343.2586364034,40,2342,2906,2748.2,0,0,738688.494752994,0,0,0
95343.2986354698,40,2405,2962.6,2670.4,0,0,738688.494753457,0,0,0
95343.3386345362,40,2439,3021.2,2659.6,0,0,738688.49475392,0,0,0
95343.3786336026,40,2436.4,3040,2680.6,0,0,738688.494754383,0,0,0
95343.418632669,40,2410,3042.2,2729,0,0,738688.494754846,0,0,0
95343.4586317354,40,2372.4,3001.4,2782.8,0,0,738688.494755309,0,0,0
95343.4986308018,40,2326.4,2936.2,2827.8,0,0,738688.494755772,0,0,0
95343.5386298682,40,2269.6,2847.2,2895,0,0,738688.494756234,0,0,0
95343.5786289346,40,2227.4,2741.8,2917.8,0,0,738688.494756697,0,0,0
95343.618628001,40,2212,2677.6,2882.2,0,0,738688.49475716,0,0,0
95343.6586270674,40,2238.4,2702.2,2819.8,0,0,738688.494757623,0,0,0
95343.6986261338,40,2310.4,2836.4,2754.6,0,0,738688.494758086,0,0,0
95343.7386252002,40,2421,2973.6,2655.4,0,0,738688.494758549,0,0,0
95343.7786242666,40,2532.2,3054.8,2562.2,0,0,738688.494759012,0,0,0
95343.818623333,40,2603.2,3063.4,2505.8,0,0,738688.494759475,0,0,0
95343.8586223994,40,2592.4,3085.2,2525,0,0,738688.494759938,0,0,0
95343.8986214658,40,2556.2,3089,2562.4,0,0,738688.494760401,0,0,0
95343.9386205322,40,2507,3074.2,2607.4,0,0,738688.494760864,0,0,0
95343.9786195986,40,2440,3032.8,2669,0,0,738688.494761327,0,0,0
95344.018618665,40,2363.6,2956.2,2749.6,0,0,738688.49476179,0,0,0
95344.0586177314,40,2289.6,2860.2,2853.2,0,0,738688.494762253,0,0,0
95344.0986167978,40,2222.6,2730,2923.2,0,0,738688.494762716,0,0,0
95344.1386158642,40,2187.8,2646.4,2956.4,0,0,738688.494763179,0,0,0
95344.1786149306,40,2200.6,2656.6,2897.6,0,0,738688.494763642,0,0,0
95344.218613997,40,2245,2723.6,2819.4,0,0,738688.494764105,0,0,0
95344.2586130634,40,2318.6,2849.4,2734.2,0,0,738688.494764568,0,0,0
95344.2986121298,40,2421.8,2950.8,2627.4,0,0,738688.494765031,0,0,0
95344.3386111962,40,2519.6,3012.2,2548.4,0,0,738688.494765494,0,0,0
95344.3786102626,40,2583.4,3070,2528.8,0,0,738688.494765957,0,0,0
95344.418609329,40,2566.2,3088,2555.2,0,0,738688.49476642,0,0,0
95344.4586083954,40,2515.4,3079.6,2598.8,0,0,738688.494766882,0,0,0
95344.4986074618,40,2472.6,3069.2,2648.6,0,0,738688.494767345,0,0,0
95344.5386065282,40,2398.6,2982.6,2696.8,0,0,738688.494767808,0,0,0
95344.5786055946,40,2323.2,2896,2789.2,0,0,738688.494768271,0,0,0
95344.618604661,40,2250.8,2767.2,2848.4,0,0,738688.494768734,0,0,0
95344.6586037274,40,2209,2663.2,2857,0,0,738688.494769197,0,0,0
95344.6986027938,40,2227.6,2696,2839.8,0,0,738688.49476966,0,0,0
95344.7386018602,40,2294.2,2832.8,2795,0,0,738688.494770123,0,0,0
95344.7786009266,40,2389,2945.8,2690.4,0,0,738688.494770586,0,0,0
95344.818599993,40,2484.4,3020.6,2595.4,0,0,738688.494771049,0,0,0
95344.8585990594,40,2552,3035.4,2530.2,0,0,738688.494771512,0,0,0
95344.8985981258,40,2575.2,3089.2,2546.6,0,0,738688.494771975,0,0,0
95344.9385971922,40,2545.2,3095.8,2586,0,0,738688.494772438,0,0,0
95344.9785962586,40,2499.4,3090.4,2626.6,0,0,738688.494772901,0,0,0
95345.018595325,40,2453,3056,2666.8,0,0,738688.494773364,0,0,0
95345.0585943914,40,2381.2,2975.2,2723.8,0,0,738688.494773827,0,0,0
95345.0985934578,40,2311.8,2881.2,2801,0,0,738688.49477429,0,0,0
95345.1385925242,40,2245.4,2764.6,2865.8,0,0,738688.494774753,0,0,0
95345.1785915906,40,2201.6,2664.6,2902.6,0,0,738688.494775216,0,0,0
95345.218590657,40,2194.8,2622,2863.4,0,0,738688.494775678,0,0,0
95345.2585897234,40,2228.8,2695.6,2831.6,0,0,738688.494776141,0,0,0
95345.2985887898,40,2312,2849.6,2768.4,0,0,738688.494776604,0,0,0
95345.3385878562,40,2409.4,2998.8,2692.8,0,0,738688.494777067,0,0,0
95345.3785869226,40,2500.4,3076.6,2608.6,0,0,738688.49477753,0,0,0
95345.418585989,40,2554.8,3088.6,2566.8,0,0,738688.494777993,0,0,0
95345.4585850554,40,2550.4,3085.8,2571.8,0,0,738688.494778456,0,0,0
95345.4985841218,40,2521.8,3085,2594.8,0,0,738688.494778919,0,0,0
95345.5385831882,40,2485,3068.4,2632.6,0,0,738688.494779382,0,0,0
95345.5785822546,40,2421.2,3014.8,2681,0,0,738688.494779845,0,0,0
95345.618581321,40,2350.2,2949.4,2771.2,0,0,738688.494780308,0,0,0
95345.6585803874,40,2280.4,2871.8,2885.6,0,0,738688.494780771,0,0,0
95345.6985794538,40,2226.2,2760.2,2959,0,0,738688.494781234,0,0,0
95345.7385785202,40,2211.8,2695.8,2946.2,0,0,738688.494781697,0,0,0
95345.7785775866,40,2227.8,2679.4,2823.2,0,0,738688.49478216,0,0,0
95345.818576653,40,2287,2795.4,2769.8,0,0,738688.494782623,0,0,0
95345.8585757194,40,2389.6,2976.6,2701.6,0,0,738688.494783086,0,0,0
95345.8985747858,40,2501.8,3080.2,2617.2,0,0,738688.494783549,0,0,0
95345.9385738522,40,2573.6,3088.2,2548.4,0,0,738688.494784012,0,0,0
95345.9785729186,40,2579.4,3089,2539.8,0,0,738688.494784475,0,0,0
95346.018571985,40,2532.2,3063.8,2565.6,0,0,738688.494784938,0,0,0
95346.0585710514,40,2480.6,3010.6,2592.8,0,0,738688.4947854,0,0,0
95346.0985701178,40,2429.2,2975,2639.6,0,0,738688.494785863,0,0,0
95346.1385691842,40,2375.2,2958.2,2722.8,0,0,738688.494786326,0,0,0
95346.1785682506,40,2308.8,2913.6,2839.6,0,0,738688.494786789,0,0,0
95346.218567317,40,2247.6,2812.2,2943.6,0,0,738688.494787252,0,0,0
95346.2585663834,40,2199.6,2704.6,3006.6,0,0,738688.494787715,0,0,0
95346.2985654498,40,2187.8,2649,2959.4,0,0,738688.494788178,0,0,0
95346.3385645162,40,2212,2677.2,2875.6,0,0,738688.494788641,0,0,0
95346.3785635826,40,2267.8,2752.8,2771,0,0,738688.494789104,0,0,0
95346.418562649,40,2383.4,2953,2713.4,0,0,738688.494789567,0,0,0
95346.4585617154,40,2497.6,3059.2,2608.8,0,0,738688.49479003,0,0,0
95346.4985607818,40,2590.4,3071.2,2521.6,0,0,738688.494790493,0,0,0
95346.5385598482,40,2630.6,3063.6,2486.8,0,0,738688.494790956,0,0,0
95346.5785589146,40,2592,3039.8,2503.8,0,0,738688.494791419,0,0,0
95346.618557981,40,2549.2,3042.2,2538.6,0,0,738688.494791882,0,0,0
95346.6585570474,40,2502.2,3024.2,2578.6,0,0,738688.494792345,0,0,0
95346.6985561138,40,2449.2,3041.2,2663.4,0,0,738688.494792808,0,0,0
95346.7385551802,40,2376.4,3001.2,2767.2,0,0,738688.494793271,0,0,0
95346.7785542466,40,2297.6,2898.2,2872,0,0,738688.494793734,0,0,0
95346.818553313,40,2233.2,2774.4,2960.2,0,0,738688.494794197,0,0,0
95346.8585523794,40,2198.6,2684.2,2964.2,0,0,738688.49479466,0,0,0
95346.8985514458,40,2207,2648.2,2848.2,0,0,738688.494795123,0,0,0
95346.9385505122,40,2259.4,2746.8,2788.4,0,0,738688.494795585,0,0,0
95346.9785495786,40,2361.2,2958.8,2749.8,0,0,738688.494796048,0,0,0
95347.018548645,40,2478.4,3077.2,2644.6,0,0,738688.494796511,0,0,0
95347.0585477114,40,2564.4,3084,2554.6,0,0,738688.494796974,0,0,0
95347.0985467778,40,2597.6,3062.2,2509.6,0,0,738688.494797437,0,0,0
95347.1385458442,40,2572,3045,2520.2,0,0,738688.4947979,0,0,0
95347.1785449106,40,2515.6,2992.2,2543,0,0,738688.494798363,0,0,0
95347.218543977,40,2460.6,2964.2,2584.8,0,0,738688.494798826,0,0,0
95347.2585430434,40,2404.8,2914.8,2632,0,0,738688.494799289,0,0,0
95347.2985421098,40,2343.2,2896.4,2728.8,0,0,738688.494799752,0,0,0
95347.3385411762,40,2281,2827.6,2831.6,0,0,738688.494800215,0,0,0
95347.3785402426,40,2229,2751.8,2941.6,0,0,738688.494800678,0,0,0
95347.418539309,40,2205,2697.8,2966,0,0,738688.494801141,0,0,0
95347.4585383754,40,2229.2,2744.4,2915.4,0,0,738688.494801604,0,0,0
95347.4985374418,40,2278.8,2790,2794.4,0,0,738688.494802067,0,0,0
95347.5385365082,40,2348.4,2841.8,2671.6,0,0,738688.49480253,0,0,0
95347.5785355746,40,2460.4,2965.8,2595.8,0,0,738688.494802993,0,0,0
95347.618534641,40,2536.8,3019.8,2535.8,0,0,738688.494803456,0,0,0
95347.6585337074,40,2575,3072.2,2534,0,0,738688.494803919,0,0,0
95347.6985327738,40,2546,3069.4,2565.4,0,0,738688.494804382,0,0,0
95347.7385318402,40,2520.8,3060.6,2588.8,0,0,738688.494804844,0,0,0
95347.7785309066,40,2469.8,3044,2631,0,0,738688.494805307,0,0,0
95347.818529973,40,2401.2,2988.2,2702.6,0,0,738688.49480577,0,0,0
95347.8585290394,40,2329.8,2903.2,2781.4,0,0,738688.494806233,0,0,0
95347.8985281058,40,2261.4,2777.2,2826,0,0,738688.494806696,0,0,0
95347.9385271722,40,2217,2699.6,2874.4,0,0,738688.494807159,0,0,0
95347.9785262386,40,2219.8,2660.8,2820.4,0,0,738688.494807622,0,0,0
95348.018525305,40,2270.2,2786.4,2807.4,0,0,738688.494808085,0,0,0
95348.0585243714,40,2359,2936.4,2728,0,0,738688.494808548,0,0,0
95348.0985234378,40,2467,3017.4,2624.4,0,0,738688.494809011,0,0,0
95348.1385225042,40,2554,3056.8,2543.8,0,0,738688.494809474,0,0,0
95348.1785215706,40,2608,3088.4,2514.4,0,0,738688.494809937,0,0,0
95348.218520637,40,2598,3079.2,2524,0,0,738688.4948104,0,0,0
95348.2585197034,40,2567.6,3072.4,2541.8,0,0,738688.494810863,0,0,0
95348.2985187698,40,2528,3067,2580.8,0,0,738688.494811326,0,0,0
95348.3385178362,40,2464.2,3059.4,2649.2,0,0,738688.494811789,0,0,0
95348.3785169026,40,2381.6,2999,2743.4,0,0,738688.494812252,0,0,0
95348.418515969,40,2302.2,2894,2838.6,0,0,738688.494812715,0,0,0
95348.4585150354,40,2247,2770.6,2892.4,0,0,738688.494813178,0,0,0
95348.4985141018,40,2222.2,2694.6,2866.6,0,0,738688.494813641,0,0,0
95348.5385131682,40,2234.6,2689.2,2794.8,0,0,738688.494814104,0,0,0
95348.5785122346,40,2308.2,2852.2,2777.8,0,0,738688.494814566,0,0,0
95348.618511301,40,2408,2993,2691.4,0,0,738688.494815029,0,0,0
95348.6585103674,40,2509.6,3078.8,2613.4,0,0,738688.494815492,0,0,0
95348.6985094338,40,2547.4,3071.4,2569.4,0,0,738688.494815955,0,0,0
95348.7385085002,40,2535.4,3070,2577,0,0,738688.494816418,0,0,0
95348.7785075666,40,2506.2,3052.6,2598,0,0,738688.494816881,0,0,0
95348.818506633,40,2456.4,3028.4,2639.4,0,0,738688.494817344,0,0,0
95348.8585056994,40,2397,2991.2,2700.6,0,0,738688.494817807,0,0,0
95348.8985047658,40,2335.8,2940.2,2789.4,0,0,738688.49481827,0,0,0
95348.9385038322,40,2277.8,2863.2,2901.2,0,0,738688.494818733,0,0,0
95348.9785028986,40,2226.6,2769.2,2982.4,0,0,738688.494819196,0,0,0
95349.018501965,40,2199.4,2701.2,2994.4,0,0,738688.494819659,0,0,0
95349.0585010314,40,2215.8,2715.4,2914.4,0,0,738688.494820122,0,0,0
95349.0985000978,40,2257,2755.6,2808.6,0,0,738688.494820585,0,0,0
95349.1384991642,40,2325.4,2832.8,2699.6,0,0,738688.494821048,0,0,0
95349.1784982306,40,2439.8,2991.6,2642.6,0,0,738688.494821511,0,0,0
95349.218497297,40,2520,3077.8,2595.4,0,0,738688.494821974,0,0,0
95349.2584963634,40,2542.4,3082.4,2579.8,0,0,738688.494822437,0,0,0
95349.2984954298,40,2520.4,3061.6,2591.4,0,0,738688.4948229,0,0,0
95349.3384944962,40,2464,2993,2601,0,0,738688.494823363,0,0,0
95349.3784935626,40,2416.8,2942.8,2634,0,0,738688.494823826,0,0,0
95349.418492629,40,2361.6,2898,2694.2,0,0,738688.494824289,0,0,0
95349.4584916954,40,2301,2841.6,2787.2,0,0,738688.494824751,0,0,0
95349.4984907618,40,2236.4,2760,2896,0,0,738688.494825214,0,0,0
95349.5384898282,40,2185.4,2646.4,2972.6,0,0,738688.494825677,0,0,0
95349.5784888946,40,2166.4,2587.8,2961.8,0,0,738688.49482614,0,0,0
95349.618487961,40,2189.8,2648.4,2944.6,0,0,738688.494826603,0,0,0
95349.6584870274,40,2241.8,2753.4,2874.8,0,0,738688.494827066,0,0,0
95349.6984860938,40,2314.2,2858.6,2772.8,0,0,738688.494827529,0,0,0
95349.8014836898,103,2516.6,3044.8,2575.8,0,0,738688.494828721,0,0,0
95349.8414827562,40,2536.2,3091.4,2585.8,0,0,738688.494829184,0,0,0
95349.8814818226,40,2506,3071.6,2610.2,0,0,738688.494829647,0,0,0
95349.921480889,40,2482.8,3057,2625.8,0,0,738688.49483011,0,0,0
95349.9614799554,40,2428.2,3008.2,2667,0,0,738688.494830573,0,0,0
95350.0014790218,40,2365.2,2932,2721.8,0,0,738688.494831036,0,0,0
95350.0414780882,40,2292.4,2844.4,2811.2,0,0,738688.494831499,0,0,0
95350.0814771546,40,2231.2,2722.2,2889.8,0,0,738688.494831962,0,0,0
95350.121476221,40,2180.4,2618.4,2936.4,0,0,738688.494832425,0,0,0
95350.1614752874,40,2169.2,2592,2928.4,0,0,738688.494832888,0,0,0
95350.2014743538,40,2203,2657.2,2896.4,0,0,738688.494833351,0,0,0
95350.2414734202,40,2251,2735.8,2802.8,0,0,738688.494833814,0,0,0
95350.2814724866,40,2326.8,2832.8,2703.8,0,0,738688.494834277,0,0,0
95350.321471553,40,2425.4,2954.2,2633,0,0,738688.49483474,0,0,0
95350.3614706194,40,2497,3002.8,2577.6,0,0,738688.494835203,0,0,0
95350.4014696858,40,2519,3062,2585.6,0,0,738688.494835666,0,0,0
95350.4414687522,40,2484.8,3080.8,2651.2,0,0,738688.494836128,0,0,0
95350.4814678186,40,2439.2,3058.2,2696.2,0,0,738688.494836591,0,0,0
95350.521466885,40,2395.4,3019.6,2743.2,0,0,738688.494837054,0,0,0
95350.5614659514,40,2327.8,2942.8,2820,0,0,738688.494837517,0,0,0
95350.6014650178,40,2261,2826.6,2903.4,0,0,738688.49483798,0,0,0
95350.6414640842,40,2203.4,2691.2,2950,0,0,738688.494838443,0,0,0
95350.6814631506,40,2171.8,2601.6,2927,0,0,738688.494838906,0,0,0
95350.721462217,40,2185.2,2623.4,2896.4,0,0,738688.494839369,0,0,0
95350.7614612834,40,2225,2676,2814.6,0,0,738688.494839832,0,0,0
95350.8014603498,40,2303.4,2837,2773.6,0,0,738688.494840295,0,0,0
95350.8414594162,40,2406.2,2971.8,2676.2,0,0,738688.494840758,0,0,0
95350.8814584826,40,2513,3051.4,2590.2,0,0,738688.494841221,0,0,0
95350.921457549,40,2569.8,3075.6,2541,0,0,738688.494841684,0,0,0
95350.9614566154,40,2585.4,3082.2,2532.2,0,0,738688.494842147,0,0,0
95351.0014556818,40,2556.8,3064.8,2545.6,0,0,738688.49484261,0,0,0
95351.0414547482,40,2506,3048.8,2592,0,0,738688.494843073,0,0,0
95351.0814538146,40,2445.4,3014.2,2639.2,0,0,738688.494843536,0,0,0
95351.121452881,40,2371,2944.2,2717,0,0,738688.494843999,0,0,0
95351.1614519474,40,2295.8,2853.4,2811.6,0,0,738688.494844462,0,0,0
95351.2014510138,40,2232.8,2742.4,2891.2,0,0,738688.494844925,0,0,0
95351.2414500802,40,2199.4,2670,2916.6,0,0,738688.494845388,0,0,0
95351.2814491466,40,2217.8,2680,2870.4,0,0,738688.494845851,0,0,0
95351.321448213,40,2262.6,2741.8,2768.2,0,0,738688.494846313,0,0,0
95351.3614472794,40,2358.8,2906.8,2711.8,0,0,738688.494846776,0,0,0
95351.4014463458,40,2471.8,3010.2,2610.2,0,0,738688.494847239,0,0,0
95351.4414454122,40,2564,3069.4,2539.6,0,0,738688.494847702,0,0,0
95351.4814444786,40,2596.4,3073.8,2518.8,0,0,738688.494848165,0,0,0
95351.521443545,40,2581.6,3076.6,2534,0,0,738688.494848628,0,0,0
95351.5614426114,40,2543,3077,2564.8,0,0,738688.494849091,0,0,0
95351.6014416778,40,2489.8,3027,2597.2,0,0,738688.494849554,0,0,0
95351.6414407442,40,2414.2,2964.8,2654.6,0,0,738688.494850017,0,0,0
95351.6814398106,40,2341.2,2901.4,2748,0,0,738688.49485048,0,0,0
95351.721438877,40,2265.4,2793.4,2836.2,0,0,738688.494850943,0,0,0
95351.7614379434,40,2215.6,2694,2890.6,0,0,738688.494851406,0,0,0
95351.8014370098,40,2206,2656.2,2874.6,0,0,738688.494851869,0,0,0
95351.8414360762,40,2233.2,2695.8,2805.2,0,0,738688.494852332,0,0,0
95351.8814351426,40,2302.6,2833.2,2767,0,0,738688.494852795,0,0,0
95351.921434209,40,2394.4,2957.2,2681.6,0,0,738688.494853258,0,0,0
95351.9614332754,40,2487,3061.8,2621,0,0,738688.494853721,0,0,0
95352.0014323418,40,2536,3066.8,2573.6,0,0,738688.494854184,0,0,0
95352.0414314082,40,2537.2,3061.8,2572,0,0,738688.494854647,0,0,0
95352.0814304746,40,2504.4,3070.6,2612,0,0,738688.494855109,0,0,0
95352.121429541,40,2455.6,3029,2641.2,0,0,738688.494855572,0,0,0
95352.1614286074,40,2395.8,2970.2,2697.6,0,0,738688.494856035,0,0,0
95352.2014276738,40,2330.4,2905.8,2781.8,0,0,738688.494856498,0,0,0
95352.2414267402,40,2260.2,2806,2885.2,0,0,738688.494856961,0,0,0
95352.2814258066,40,2202.4,2699,2972.4,0,0,738688.494857424,0,0,0
95352.321424873,40,2176.2,2619.4,2974.8,0,0,738688.494857887,0,0,0
95352.3614239394,40,2196.2,2647.8,2905.4,0,0,738688.49485835,0,0,0
95352.4014230058,40,2236.4,2700.6,2808.8,0,0,738688.494858813,0,0,0
95352.4414220722,40,2324.6,2859,2743,0,0,738688.494859276,0,0,0
95352.4814211386,40,2431.4,2986,2655.2,0,0,738688.494859739,0,0,0
95352.521420205,40,2521.2,3054.2,2577.2,0,0,738688.494860202,0,0,0
95352.5614192714,40,2582.4,3094.2,2543,0,0,738688.494860665,0,0,0
95352.6014183378,40,2591.4,3085.6,2527,0,0,738688.494861128,0,0,0
95352.6414174042,40,2545.8,3069.6,2555.6,0,0,738688.494861591,0,0,0
95352.6814164706,40,2501.6,3016,2572.4,0,0,738688.494862054,0,0,0
95352.721415537,40,2436.2,2952.8,2608.2,0,0,738688.494862517,0,0,0
95352.7614146034,40,2382.4,2939,2696,0,0,738688.49486298,0,0,0
95352.8014136698,40,2311.4,2876.8,2800.2,0,0,738688.494863443,0,0,0
95352.8414127362,40,2245.2,2777,2902,0,0,738688.494863906,0,0,0
95352.8814118026,40,2195.6,2679.6,2981.6,0,0,738688.494864369,0,0,0
95352.921410869,40,2182.8,2639.6,2968.6,0,0,738688.494864832,0,0,0
95352.9614099354,40,2213.6,2698,2899.2,0,0,738688.494865294,0,0,0
95353.0014090018,40,2268.2,2772,2802.2,0,0,738688.494865757,0,0,0
95353.0414080682,40,2339,2839.8,2691.4,0,0,738688.49486622,0,0,0
95353.0814071346,40,2433.6,2947,2614.6,0,0,738688.494866683,0,0,0
95353.121406201,40,2511.4,3012,2557.8,0,0,738688.494867146,0,0,0
95353.1614052674,40,2549.8,3078.6,2559.4,0,0,738688.494867609,0,0,0
95353.2014043338,40,2514.6,3082.6,2602.2,0,0,738688.494868072,0,0,0
95353.2414034002,40,2480.8,3068.2,2640.6,0,0,738688.494868535,0,0,0
95353.2814024666,40,2425,3031.6,2695.2,0,0,738688.494868998,0,0,0
95353.321401533,40,2350.6,2949.8,2773.4,0,0,738688.494869461,0,0,0
95353.3614005994,40,2276.8,2828.4,2846.4,0,0,738688.494869924,0,0,0
95353.4013996658,40,2220,2705.6,2891.8,0,0,738688.494870387,0,0,0
95353.4413987322,40,2189.4,2614.4,2879.6,0,0,738688.49487085,0,0,0
95353.4813977986,40,2200.2,2620.4,2833.4,0,0,738688.494871313,0,0,0
95353.521396865,40,2253.4,2758.8,2831.4,0,0,738688.494871776,0,0,0
95353.5613959314,40,2334.8,2892,2745.2,0,0,738688.494872239,0,0,0
95353.6013949978,40,2425.4,2992,2658.4,0,0,738688.494872702,0,0,0
95353.6413940642,40,2507.8,3064.8,2603.4,0,0,738688.494873165,0,0,0
95353.6813931306,40,2545.2,3076.8,2566,0,0,738688.494873628,0,0,0
95353.721392197,40,2535.8,3078.8,2583,0,0,738688.494874091,0,0,0
95353.7613912634,40,2506.4,3051,2595.8,0,0,738688.494874554,0,0,0
95353.8013903298,40,2454.4,3043.8,2653.2,0,0,738688.494875017,0,0,0
95353.8413893962,40,2383,2974,2711.8,0,0,738688.494875479,0,0,0
95353.8813884626,40,2310.8,2855.6,2782.4,0,0,738688.494875942,0,0,0
95353.921387529,40,2243.8,2741.8,2848.8,0,0,738688.494876405,0,0,0
95353.9613865954,40,2196.4,2639.2,2884.2,0,0,738688.494876868,0,0,0
95354.0013856618,40,2185.6,2591.2,2843.6,0,0,738688.494877331,0,0,0
95354.0413847282,40,2214,2662,2823.6,0,0,738688.494877794,0,0,0
95354.0813837946,40,2287.4,2821.6,2804.8,0,0,738688.494878257,0,0,0
95354.121382861,40,2374.2,2951.6,2713,0,0,738688.49487872,0,0,0
95354.1613819274,40,2466.8,3042.8,2629.8,0,0,738688.494879183,0,0,0
95354.2013809938,40,2542,3087.2,2571.4,0,0,738688.494879646,0,0,0
95354.2413800602,40,2552.4,3081.8,2566,0,0,738688.494880109,0,0,0
95354.2813791266,40,2523.6,3066,2582,0,0,738688.494880572,0,0,0
95354.321378193,40,2480.4,3057.4,2624.6,0,0,738688.494881035,0,0,0
95354.3613772594,40,2421,3004,2680.8,0,0,738688.494881498,0,0,0
95354.4013763258,40,2353.8,2938.6,2753.2,0,0,738688.494881961,0,0,0
95354.4413753922,40,2281.4,2842.6,2841.4,0,0,738688.494882424,0,0,0
95354.4813744586,40,2224.8,2726.6,2924.8,0,0,738688.494882887,0,0,0
95354.521373525,40,2181,2623,2981.6,0,0,738688.49488335,0,0,0
95354.5613725914,40,2172.8,2596.4,2947,0,0,738688.494883812,0,0,0
95354.6013716578,40,2207,2667.4,2903.4,0,0,738688.494884275,0,0,0
95354.6413707242,40,2254,2724.6,2780.4,0,0,738688.494884738,0,0,0
95354.6813697906,40,2341.2,2874.2,2716.6,0,0,738688.494885201,0,0,0
95354.721368857,40,2442.8,2977,2621.2,0,0,738688.494885664,0,0,0
95354.7613679234,40,2530.8,3031.4,2550.2,0,0,738688.494886127,0,0,0
95354.8013669898,40,2579.2,3064,2533.2,0,0,738688.49488659,0,0,0
95354.8413660562,40,2559,3070.2,2549.4,0,0,738688.494887053,0,0,0
95354.8813651226,40,2517.6,3069.2,2587.8,0,0,738688.494887516,0,0,0
95354.921364189,40,2454.6,3015.4,2632,0,0,738688.494887979,0,0,0
95354.9613632554,40,2383.8,2946.4,2699,0,0,738688.494888442,0,0,0
95355.0013623218,40,2304,2857.6,2795.8,0,0,738688.494888905,0,0,0
95355.0413613882,40,2238.2,2744,2871.6,0,0,738688.494889368,0,0,0
95355.0813604546,40,2194.4,2650.6,2919.2,0,0,738688.494889831,0,0,0
95355.121359521,40,2185.2,2633.2,2916.8,0,0,738688.494890294,0,0,0
95355.1613585874,40,2222.2,2702.6,2875.6,0,0,738688.494890757,0,0,0
95355.2013576538,40,2275.4,2764.8,2758.4,0,0,738688.49489122,0,0,0
95355.2413567202,40,2371.2,2890.4,2667.6,0,0,738688.494891683,0,0,0
95355.2813557866,40,2483.4,2965.4,2556.8,0,0,738688.494892146,0,0,0
95355.321354853,40,2578.8,3011.8,2497.2,0,0,738688.494892609,0,0,0
95355.3613539194,40,2621.2,3073.6,2494,0,0,738688.494893072,0,0,0
95355.4013529858,40,2590.6,3054.8,2510.4,0,0,738688.494893535,0,0,0
95355.4413520522,40,2561,3054,2542,0,0,738688.494893998,0,0,0
95355.4813511186,40,2508.8,3045.6,2583.6,0,0,738688.49489446,0,0,0
95355.521350185,40,2437.2,3013,2656.6,0,0,738688.494894923,0,0,0
95355.5613492514,40,2352.2,2932.8,2759,0,0,738688.494895386,0,0,0
95355.6013483178,40,2272.8,2808.6,2848.6,0,0,738688.494895849,0,0,0
95355.6413473842,40,2211.2,2701.6,2922.4,0,0,738688.494896312,0,0,0
95355.6813464506,40,2200.6,2650.2,2890.6,0,0,738688.494896775,0,0,0
95355.721345517,40,2227,2682.4,2810.6,0,0,738688.494897238,0,0,0
95355.7613445834,40,2305.4,2850,2783.2,0,0,738688.494897701,0,0,0
95355.8013436498,40,2402.2,2969.8,2677.8,0,0,738688.494898164,0,0,0
95355.8413427162,40,2518.2,3070,2588.2,0,0,738688.494898627,0,0,0
95355.8813417826,40,2604.2,3065.2,2512.2,0,0,738688.49489909,0,0,0
95355.921340849,40,2631.8,3049.6,2478.8,0,0,738688.494899553,0,0,0
95355.9613399154,40,2607,3057.8,2498.8,0,0,738688.494900016,0,0,0
95356.0013389818,40,2556,3063,2540.4,0,0,738688.494900479,0,0,0
95356.0413380482,40,2496.8,3039,2593.2,0,0,738688.494900942,0,0,0
95356.0813371146,40,2417,3002.8,2679.2,0,0,738688.494901405,0,0,0
95356.121336181,40,2338,2943.2,2802,0,0,738688.494901868,0,0,0
95356.1613352474,40,2258.6,2831.8,2918.6,0,0,738688.494902331,0,0,0
95356.2013343138,40,2212.2,2727.4,2994.2,0,0,738688.494902794,0,0,0
95356.2413333802,40,2201.6,2688,2942.2,0,0,738688.494903257,0,0,0
95356.2813324466,40,2235,2694,2804,0,0,738688.49490372,0,0,0
95356.321331513,40,2314,2848.6,2749.6,0,0,738688.494904183,0,0,0
95356.3613305794,40,2431.8,3019.2,2669.8,0,0,738688.494904645,0,0,0
95356.4013296458,40,2524.2,3068,2585,0,0,738688.494905108,0,0,0
95356.4413287122,40,2569,3065.8,2535,0,0,738688.494905571,0,0,0
95356.4813277786,40,2551.2,3025.4,2533.4,0,0,738688.494906034,0,0,0
95356.521326845,40,2501.6,2994,2567,0,0,738688.494906497,0,0,0
95356.5613259114,40,2462.2,2961.6,2586.6,0,0,738688.49490696,0,0,0
95356.6013249778,40,2413.2,2936.6,2636,0,0,738688.494907423,0,0,0
95356.6413240442,40,2361.6,2934,2729.8,0,0,738688.494907886,0,0,0
95356.6813231106,40,2295.8,2883.6,2851.8,0,0,738688.494908349,0,0,0
95356.721322177,40,2236,2781.4,2972.8,0,0,738688.494908812,0,0,0
95356.7613212434,40,2182,2655,3017.8,0,0,738688.494909275,0,0,0
95356.8013203098,40,2161.6,2582.4,3015.6,0,0,738688.494909738,0,0,0
95356.8413193762,40,2170,2605.8,3010.2,0,0,738688.494910201,0,0,0
95356.8813184426,40,2189.8,2660.8,2954.8,0,0,738688.494910664,0,0,0
95356.921317509,40,2224.4,2708.2,2864.4,0,0,738688.494911127,0,0,0
95356.9613165754,40,2269.4,2757.4,2774,0,0,738688.49491159,0,0,0
95357.0013156418,40,2336,2870.8,2727,0,0,738688.494912053,0,0,0
95357.0413147082,40,2398.6,2941.6,2668.8,0,0,738688.494912516,0,0,0
95357.0813137746,40,2454,3016.8,2639.6,0,0,738688.494912978,0,0,0
95357.121312841,40,2496.4,3059.6,2611.2,0,0,738688.494913441,0,0,0
95357.1613119074,40,2499.6,3058.4,2607,0,0,738688.494913904,0,0,0
95357.2013109738,40,2486.8,3047.2,2611.4,0,0,738688.494914367,0,0,0
95357.2413100402,40,2468.8,3033,2630.4,0,0,738688.49491483,0,0,0
95357.2813091066,40,2444.6,3018.6,2647.8,0,0,738688.494915293,0,0,0
95357.321308173,40,2436.2,2976.2,2637,0,0,738688.494915756,0,0,0
95357.3613072394,40,2419,2942.4,2633.8,0,0,738688.494916219,0,0,0
95357.4013063058,40,2413.6,2935,2644,0,0,738688.494916682,0,0,0
95357.4413053722,40,2397.4,2926.8,2647.8,0,0,738688.494917145,0,0,0
95357.4813044386,40,2392.4,2928.4,2663,0,0,738688.494917608,0,0,0
95357.521303505,40,2385.2,2937.8,2684,0,0,738688.494918071,0,0,0
95357.5613025714,40,2386.6,2971.6,2715,0,0,738688.494918534,0,0,0
95357.6013016378,40,2383.4,2990.2,2736,0,0,738688.494918997,0,0,0
95357.6413007042,40,2381.2,2990.4,2745.2,0,0,738688.49491946,0,0,0
95357.6812997706,40,2371.4,2988.4,2761.4,0,0,738688.494919923,0,0,0
95357.721298837,40,2359.2,2977.4,2763,0,0,738688.494920386,0,0,0
95357.7612979034,40,2357.8,2972.6,2784,0,0,738688.494920849,0,0,0
95357.8012969698,40,2348.4,2952.8,2780.8,0,0,738688.494921312,0,0,0
95357.8412960362,40,2338,2928.8,2779.8,0,0,738688.494921775,0,0,0
95357.8812951026,40,2331.6,2903,2769.6,0,0,738688.494922238,0,0,0
95357.921294169,40,2324.6,2870.2,2759.2,0,0,738688.494922701,0,0,0
