97747.065530241,40,2123.4,2434.6,2887.8,0,0,738688.522574833,0,0,0
97747.1055293074,40,2121.6,2434.6,2887.8,0,0,738688.522575296,0,0,0
97747.1455283738,40,2121.4,2433.8,2888.2,0,0,738688.522575759,0,0,0
97747.1855274402,40,2116.8,2434.4,2889.4,0,0,738688.522576222,0,0,0
97747.2255265066,40,2121,2435.6,2890.2,0,0,738688.522576685,0,0,0
97747.265525573,40,2117.8,2432.8,2886.4,0,0,738688.522577148,0,0,0
97747.3055246394,40,2120.4,2431.6,2888.2,0,0,738688.522577611,0,0,0
97747.3455237058,40,2123.8,2434.2,2889,0,0,738688.522578074,0,0,0
97747.3855227722,40,2122.4,2432.8,2890,0,0,738688.522578537,0,0,0
97747.4255218386,40,2122.6,2430,2886.4,0,0,738688.522579,0,0,0
97747.465520905,40,2122.2,2432.6,2890,0,0,738688.522579462,0,0,0
97747.5055199714,40,2120.2,2432.8,2891.8,0,0,738688.522579925,0,0,0
97747.5455190378,40,2122.6,2432.2,2887.4,0,0,738688.522580388,0,0,0
97747.5855181042,40,2120.6,2424,2851.8,0,0,738688.522580851,1398,2,0
97747.6255171706,40,2125,2428.2,2872.2,0,0,738688.522581314,1398,2,0
97747.665516237,40,2126.8,2454.8,2895.6,0,0,738688.522581777,1398,2,0
97747.7055153034,40,2141.6,2479.6,2882.2,0,0,738688.52258224,1398,2,0
97747.7455143698,40,2159.4,2527.6,2879.4,0,0,738688.522582703,1398,2,0
97747.7855134362,40,2182.4,2597,2862.2,0,0,738688.522583166,1398,2,0
97747.8255125026,40,2229.4,2690.2,2818.6,0,0,738688.522583629,1398,2,0
97747.865511569,40,2304.8,2814.2,2742.2,0,0,738688.522584092,1398,2,0
97747.9055106354,40,2413.8,2906.8,2614.6,0,0,738688.522584555,1398,2,0
97747.9455097018,40,2551,2943.8,2483,0,0,738688.522585018,1398,2,0
97747.9855087682,40,2700.2,2899.2,2371.2,0,0,738688.522585481,1398,2,0
97748.0255078346,40,2825.8,2803.4,2288.8,0,0,738688.522585944,1398,2,0
97748.065506901,40,2905.8,2694.2,2228.8,0,0,738688.522586407,1398,2,0
97748.1055059674,40,2932.2,2615.8,2196.6,0,0,738688.52258687,1398,2,0
97748.1455050338,40,2928.4,2591,2192.2,0,0,738688.522587333,1398,2,0
97748.1855041002,40,2903.8,2617,2201.4,0,0,738688.522587796,1398,2,0
97748.2255031666,40,2858.6,2663.8,2225.6,0,0,738688.522588258,1398,2,0
97748.265502233,40,2796,2734.8,2273.6,0,0,738688.522588721,1398,2,0
97748.3055012994,40,2703,2814.8,2336.6,0,0,738688.522589184,1398,2,0
97748.3455003658,40,2594.6,2885.8,2424.2,0,0,738688.522589647,1398,2,0
97748.3854994322,40,2481.6,2923.8,2533.2,0,0,738688.52259011,1398,2,0
97748.4254984986,40,2377.4,2899.4,2663.2,0,0,738688.522590573,1398,2,0
97748.5294960713,104,2245.2,2741,2840,0,0,738688.522591777,1398,2,0
97748.5694951376,40,2260.6,2743,2788.2,0,0,738688.52259224,1398,2,0
97748.6094942041,40,2294,2760,2703.4,0,0,738688.522592703,1398,2,0
97748.6494932705,40,2387,2899,2648.4,0,0,738688.522593166,1398,2,0
97748.6894923369,40,2517.8,2972.4,2529.6,0,0,738688.522593629,1398,2,0
97748.7294914033,40,2692.2,2964.2,2403,0,0,738688.522594092,1398,2,0
97748.7694904697,40,2851.8,2861.2,2301.4,0,0,738688.522594555,1398,2,0
97748.8094895361,40,2947.2,2704.6,2223,0,0,738688.522595018,1398,2,0
97748.8494886025,40,2996.4,2590.4,2179.2,0,0,738688.522595481,1398,2,0
97748.8894876689,40,2986.2,2520.8,2158.6,0,0,738688.522595944,1398,2,0
97748.9294867353,40,2983.8,2524.6,2155.8,0,0,738688.522596407,1398,2,0
97748.9694858017,40,2973.2,2580,2176.2,0,0,738688.522596869,1398,2,0
97749.0094848681,40,2937.8,2682.2,2220.2,0,0,738688.522597332,1398,2,0
97749.0494839345,40,2838.6,2816.6,2291,0,0,738688.522597795,1398,2,0
97749.0894830009,40,2709.6,2947.6,2394,0,0,738688.522598258,1398,2,0
97749.1294820672,40,2552.6,3007.8,2520.8,0,0,738688.522598721,1398,2,0
97749.1694811337,40,2414.8,2955,2646.2,0,0,738688.522599184,1398,2,0
97749.2094802001,40,2334,2867.8,2724.6,0,0,738688.522599647,1398,2,0
97749.2494792665,40,2309,2794.4,2699,0,0,738688.52260011,1398,2,0
97749.2894783329,40,2346.2,2825.8,2641.4,0,0,738688.522600573,1398,2,0
97749.3294773993,40,2453.8,2944.8,2582,0,0,738688.522601036,1398,2,0
97749.3694764657,40,2585.6,2982.6,2476.8,0,0,738688.522601499,1398,2,0
97749.4094755321,40,2752.4,2923.8,2362.6,0,0,738688.522601962,1398,2,0
97749.4494745985,40,2912,2789.8,2264,0,0,738688.522602425,1398,2,0
97749.4894736649,40,2997.4,2648.6,2197.6,0,0,738688.522602888,1398,2,0
97749.5294727313,40,2988.6,2522.2,2155,0,0,738688.522603351,1398,2,0
97749.5694717977,40,2957.2,2457.4,2138.2,0,0,738688.522603814,1398,2,0
97749.6094708641,40,2934.6,2452,2136.4,0,0,738688.522604277,1398,2,0
97749.6494699305,40,2940.2,2493,2149,0,0,738688.52260474,1398,2,0
97749.6894689969,40,2922,2559.4,2175.6,0,0,738688.522605203,1398,2,0
97749.7294680632,40,2859,2655.2,2226.4,0,0,738688.522605665,1398,2,0
97749.7694671297,40,2785.2,2789.6,2299.4,0,0,738688.522606128,1398,2,0
97749.809466196,40,2652,2921.2,2406.2,0,0,738688.522606591,1398,2,0
97749.8494652625,40,2504.6,2958,2534.6,0,0,738688.522607054,1398,2,0
97749.8894643289,40,2386,2949.4,2690.8,0,0,738688.522607517,1398,2,0
97749.9294633953,40,2328.4,2883.6,2751.2,0,0,738688.52260798,1398,2,0
97749.9694624617,40,2344.2,2829,2662.8,0,0,738688.522608443,1398,2,0
97750.0094615281,40,2414.6,2875.2,2584.2,0,0,738688.522608906,1398,2,0
97750.0494605945,40,2552,2959.2,2494.2,0,0,738688.522609369,1398,2,0
97750.0894596609,40,2730.4,2964.8,2386.4,0,0,738688.522609832,1398,2,0
97750.1294587272,40,2892.4,2850.6,2289.2,0,0,738688.522610295,1398,2,0
97750.1694577937,40,3000.6,2705,2217.2,0,0,738688.522610758,1398,2,0
97750.20945686,40,3045.6,2588.2,2177.2,0,0,738688.522611221,1398,2,0
97750.2494559265,40,3031.8,2509.4,2149,0,0,738688.522611684,1398,2,0
97750.2894549928,40,3019,2503.4,2145,0,0,738688.522612147,1398,2,0
97750.3294540593,40,3049.4,2558,2162.2,0,0,738688.52261261,1398,2,0
97750.3694531256,40,3050.4,2651.6,2196.2,0,0,738688.522613073,1398,2,0
97750.4094521921,40,2976.8,2804,2252.4,0,0,738688.522613536,1398,2,0
97750.4494512584,40,2842.8,2967,2345.4,0,0,738688.522613999,1398,2,0
97750.4894503249,40,2661.6,3072.2,2469.2,0,0,738688.522614462,1398,2,0
97750.5294493913,40,2490.8,3019.4,2594.8,0,0,738688.522614925,1398,2,0
97750.5694484577,40,2369.4,2897.6,2685.4,0,0,738688.522615387,1398,2,0
97750.6094475241,40,2323.6,2806.6,2674.6,0,0,738688.52261585,1398,2,0
97750.6494465905,40,2386,2893.8,2644.4,0,0,738688.522616313,1398,2,0
97750.6894456569,40,2483.8,2982.4,2573.4,0,0,738688.522616776,1398,2,0
97750.7294447233,40,2628,3025.6,2468.2,0,0,738688.522617239,1398,2,0
97750.7694437897,40,2815.4,2950.2,2348.2,0,0,738688.522617702,1398,2,0
97750.8094428561,40,2971.8,2792.2,2252.2,0,0,738688.522618165,1398,2,0
97750.8494419224,40,3038.4,2633.8,2187.4,0,0,738688.522618628,1398,2,0
97750.8894409889,40,3034.2,2516.8,2149,0,0,738688.522619091,1398,2,0
97750.9294400552,40,2996.2,2454.8,2128.8,0,0,738688.522619554,1398,2,0
97750.9694391217,40,2966,2439.6,2129.2,0,0,738688.522620017,1398,2,0
97751.009438188,40,3013.4,2481.4,2138.8,0,0,738688.52262048,1398,2,0
97751.0494372545,40,3011.6,2550.4,2164,0,0,738688.522620943,1398,2,0
97751.0894363208,40,2967.4,2662.8,2211,0,0,738688.522621406,1398,2,0
97751.1294353873,40,2883.8,2813.6,2279.8,0,0,738688.522621869,1398,2,0
97751.1694344537,40,2726.8,2954.8,2383.2,0,0,738688.522622332,1398,2,0
97751.2094335201,40,2552,3017.8,2524,0,0,738688.522622795,1398,2,0
97751.2494325865,40,2418.8,3001.4,2679,0,0,738688.522623258,1398,2,0
97751.2894316529,40,2353,2911.2,2720.2,0,0,738688.522623721,1398,2,0
97751.3294307193,40,2366.4,2859.4,2642.6,0,0,738688.522624184,1398,2,0
97751.3694297857,40,2437.8,2884.6,2558.6,0,0,738688.522624647,1398,2,0
97751.4094288521,40,2571.4,2953,2474.4,0,0,738688.52262511,1398,2,0
97751.4494279185,40,2738.2,2950.8,2380.8,0,0,738688.522625572,1398,2,0
97751.4894269848,40,2882.8,2834.2,2281.4,0,0,738688.522626035,1398,2,0
97751.5294260513,40,2995.6,2707.2,2217.4,0,0,738688.522626498,1398,2,0
97751.5694251176,40,3042.8,2595.2,2173.4,0,0,738688.522626961,1398,2,0
97751.6094241841,40,3036.8,2522.4,2151.2,0,0,738688.522627424,1398,2,0
97751.6494232504,40,3030,2505.6,2147.6,0,0,738688.522627887,1398,2,0
97751.6894223169,40,3042.8,2544.8,2159.6,0,0,738688.52262835,1398,2,0
97751.7294213833,40,3034.6,2621.2,2186.8,0,0,738688.522628813,1398,2,0
97751.7694204497,40,2980.8,2752.8,2236.4,0,0,738688.522629276,1398,2,0
97751.8094195161,40,2863.4,2914.4,2319.8,0,0,738688.522629739,1398,2,0
97751.8494185825,40,2681.4,3026,2430.4,0,0,738688.522630202,1398,2,0
97751.8894176489,40,2511.2,3017.4,2560.2,0,0,738688.522630665,1398,2,0
97751.9294167153,40,2388.2,2923.8,2666.2,0,0,738688.522631128,1398,2,0
97751.9694157817,40,2339.2,2841,2682.8,0,0,738688.522631591,1398,2,0
97752.0094148481,40,2376,2860,2625.4,0,0,738688.522632054,1398,2,0
97752.0494139145,40,2483,2955.4,2552.6,0,0,738688.522632517,1398,2,0
97752.0894129809,40,2612.2,3004.8,2470.4,0,0,738688.52263298,1398,2,0
97752.1294120472,40,2780.6,2967.6,2361,0,0,738688.522633443,1398,2,0
97752.1694111137,40,2927.4,2834.2,2275.6,0,0,738688.522633906,1398,2,0
97752.20941018,40,3013.8,2696.4,2215.2,0,0,738688.522634369,1398,2,0
97752.2494092465,40,3050.8,2596,2172,0,0,738688.522634831,1398,2,0
97752.2894083128,40,3042.4,2533.2,2155.4,0,0,738688.522635294,1398,2,0
97752.3294073793,40,3043,2534,2157.8,0,0,738688.522635757,1398,2,0
97752.3694064457,40,3044.4,2579.6,2168.2,0,0,738688.52263622,1398,2,0
97752.4094055121,40,3020.6,2647.8,2194.8,0,0,738688.522636683,1398,2,0
97752.4494045785,40,2953.4,2759.4,2244.6,0,0,738688.522637146,1398,2,0
97752.4894036449,40,2820.8,2873.4,2319.6,0,0,738688.522637609,1398,2,0
97752.5294027113,40,2666.2,2970,2424,0,0,738688.522638072,1398,2,0
97752.5694017777,40,2515.4,2985,2535.8,0,0,738688.522638535,1398,2,0
97752.6094008441,40,2408.4,2957.8,2656.8,0,0,738688.522638998,1398,2,0
97752.6493999105,40,2361.4,2875,2668.2,0,0,738688.522639461,1398,2,0
97752.6893989769,40,2393.4,2868.6,2613.2,0,0,738688.522639924,1398,2,0
97752.7293980433,40,2463.4,2866.4,2518,0,0,738688.522640387,1398,2,0
97752.7693971097,40,2599.6,2918.4,2433.6,0,0,738688.52264085,1398,2,0
97752.8093961761,40,2738.8,2858.2,2338.4,0,0,738688.522641313,1398,2,0
97752.8493952424,40,2865.8,2764.6,2266,0,0,738688.522641776,1398,2,0
97752.8893943089,40,2981,2676.4,2211,0,0,738688.522642239,1398,2,0
97752.9293933752,40,3009.4,2585.6,2175.6,0,0,738688.522642702,1398,2,0
97752.9693924417,40,3015,2535,2159.6,0,0,738688.522643165,1398,2,0
97753.0093915081,40,2983.2,2540,2163.6,0,0,738688.522643628,1398,2,0
97753.0493905745,40,3003,2592.2,2181.8,0,0,738688.522644091,1398,2,0
97753.0893896409,40,2982.8,2689,2214.6,0,0,738688.522644553,1398,2,0
97753.1293887073,40,2904.4,2808.8,2273.6,0,0,738688.522645016,1398,2,0
97753.1693877737,40,2784.6,2956.6,2365,0,0,738688.522645479,1398,2,0
97753.2093868401,40,2626.8,3051.4,2487.2,0,0,738688.522645942,1398,2,0
97753.2493859065,40,2480.6,3040,2617.4,0,0,738688.522646405,1398,2,0
97753.2893849729,40,2379,2952.2,2707.6,0,0,738688.522646868,1398,2,0
97753.3293840393,40,2343,2867.4,2696,0,0,738688.522647331,1398,2,0
97753.3693831057,40,2374.4,2847.6,2621.6,0,0,738688.522647794,1398,2,0
97753.4093821721,40,2471.2,2935,2554.8,0,0,738688.522648257,1398,2,0
97753.4493812385,40,2616,2992,2461.8,0,0,738688.52264872,1398,2,0
97753.4893803048,40,2796.8,2947.8,2349.6,0,0,738688.522649183,1398,2,0
97753.5293793713,40,2936.6,2804.8,2259.6,0,0,738688.522649646,1398,2,0
97753.5693784376,40,3037.2,2679.2,2203,0,0,738688.522650109,1398,2,0
97753.6093775041,40,3047,2563.4,2164.8,0,0,738688.522650572,1398,2,0
97753.6493765705,40,3029,2494.2,2144.4,0,0,738688.522651035,1398,2,0
97753.6893756369,40,3007.4,2481,2140.2,0,0,738688.522651498,1398,2,0
97753.7293747033,40,2995.2,2526,2158.8,0,0,738688.522651961,1398,2,0
97753.7693737697,40,2982.2,2594.2,2183.8,0,0,738688.522652424,1398,2,0
97753.8093728361,40,2927.4,2710.4,2233,0,0,738688.522652887,1398,2,0
97753.8493719025,40,2815.4,2834.6,2306.6,0,0,738688.52265335,1398,2,0
97753.8893709689,40,2675.6,2941,2405.4,0,0,738688.522653813,1398,2,0
97753.9293700353,40,2531,2974.6,2514.6,0,0,738688.522654276,1398,2,0
97753.9693691017,40,2422.2,2956,2632.4,0,0,738688.522654738,1398,2,0
97754.0093681681,40,2378.8,2897.2,2660.4,0,0,738688.522655201,1398,2,0
97754.0493672345,40,2401.2,2869.8,2596.6,0,0,738688.522655664,1398,2,0
97754.0893663009,40,2477,2896.4,2524,0,0,738688.522656127,1398,2,0
97754.1293653672,40,2627.2,2955.8,2440,0,0,738688.52265659,1398,2,0
97754.1693644337,40,2789.4,2919.2,2345.2,0,0,738688.522657053,1398,2,0
97754.2093635,40,2934.4,2795.4,2255.6,0,0,738688.522657516,1398,2,0
97754.2493625665,40,3021.2,2671.8,2204.8,0,0,738688.522657979,1398,2,0
97754.2893616329,40,3051.2,2564.6,2167.8,0,0,738688.522658442,1398,2,0
97754.3293606993,40,3031.8,2497,2142.4,0,0,738688.522658905,1398,2,0
97754.3693597657,40,2992.4,2472.8,2140.4,0,0,738688.522659368,1398,2,0
97754.4093588321,40,3002.6,2511.6,2150,0,0,738688.522659831,1398,2,0
97754.4493578985,40,2986.4,2586.2,2181.8,0,0,738688.522660294,1398,2,0
97754.4893569649,40,2891.4,2676.4,2223.8,0,0,738688.522660757,1398,2,0
97754.5293560313,40,2782.4,2789,2297.4,0,0,738688.52266122,1398,2,0
97754.5693550977,40,2653.2,2900.2,2395.4,0,0,738688.522661683,1398,2,0
97754.6093541641,40,2513.4,2934.2,2511.8,0,0,738688.522662146,1398,2,0
97754.6493532305,40,2413.2,2919.8,2620.4,0,0,738688.522662609,1398,2,0
97754.6893522969,40,2375.4,2883.8,2647,0,0,738688.522663072,1398,2,0
97754.7293513633,40,2404.2,2854.8,2583.8,0,0,738688.522663535,1398,2,0
97754.7693504297,40,2483.8,2883.6,2501.8,0,0,738688.522663997,1398,2,0
97754.8093494961,40,2614.6,2900.4,2421.2,0,0,738688.52266446,1398,2,0
97754.8493485624,40,2758,2857.2,2336.6,0,0,738688.522664923,1398,2,0
97754.8893476289,40,2884,2743.8,2253.2,0,0,738688.522665386,1398,2,0
97754.9293466953,40,2955.8,2624.8,2198.6,0,0,738688.522665849,1398,2,0
97754.9693457617,40,2983,2527.6,2158.6,0,0,738688.522666312,1398,2,0
97755.0093448281,40,2976.6,2476.2,2141.6,0,0,738688.522666775,1398,2,0
97755.0493438945,40,2969.6,2466.2,2139.6,0,0,738688.522667238,1398,2,0
97755.0893429609,40,2982,2517.8,2158.8,0,0,738688.522667701,1398,2,0
97755.1293420273,40,2969.4,2593.4,2184,0,0,738688.522668164,1398,2,0
97755.1693410937,40,2901.8,2697,2234,0,0,738688.522668627,1398,2,0
97755.2093401601,40,2817.2,2845.4,2307,0,0,738688.52266909,1398,2,0
97755.2493392265,40,2701.6,2992,2409.6,0,0,738688.522669553,1398,2,0
97755.2893382929,40,2552.2,3039,2537.8,0,0,738688.522670016,1398,2,0
97755.3293373593,40,2442.4,3008.2,2641.2,0,0,738688.522670479,1398,2,0
97755.3693364257,40,2400.4,2918.8,2636,0,0,738688.522670942,1398,2,0
97755.4093354921,40,2426.2,2874.4,2567.4,0,0,738688.522671405,1398,2,0
97755.4493345584,40,2545.4,2971,2501.4,0,0,738688.522671868,1398,2,0
97755.4893336248,40,2700.4,2993,2410,0,0,738688.522672331,1398,2,0
97755.5293326913,40,2871,2924.4,2315.8,0,0,738688.522672794,1398,2,0
97755.5693317577,40,2990.6,2781.2,2240.6,0,0,738688.522673257,1398,2,0
97755.6093308241,40,3043,2629.4,2189.4,0,0,738688.522673719,1398,2,0
97755.6493298905,40,3003,2501.6,2145.2,0,0,738688.522674182,1398,2,0
97755.6893289569,40,2943.2,2428.2,2126.4,0,0,738688.522674645,1398,2,0
97755.7293280233,40,2873.6,2411.2,2129.2,0,0,738688.522675108,1398,2,0
97755.7693270897,40,2844.6,2427.6,2139,0,0,738688.522675571,1398,2,0
97755.8093261561,40,2839.8,2474.6,2155,0,0,738688.522676034,1398,2,0
97755.8493252224,40,2844.8,2565.4,2190.8,0,0,738688.522676497,1398,2,0
97755.8893242889,40,2837.6,2698.8,2243.2,0,0,738688.52267696,1398,2,0
97755.9293233552,40,2788.8,2861,2322.2,0,0,738688.522677423,1398,2,0
97755.9693224217,40,2676.4,3010.4,2431.8,0,0,738688.522677886,1398,2,0
97756.009321488,40,2543.2,3069,2564,0,0,738688.522678349,1398,2,0
97756.0493205545,40,2452.2,3049.4,2668.8,0,0,738688.522678812,1398,2,0
97756.0893196208,40,2438.6,3015,2650.8,0,0,738688.522679275,1398,2,0
97756.1293186872,40,2486,2949.6,2552.6,0,0,738688.522679738,1398,2,0
97756.1693177537,40,2541.2,2863.4,2439.8,0,0,738688.522680201,1398,2,0
97756.2093168201,40,2690,2845.8,2347,0,0,738688.522680664,1398,2,0
97756.2493158865,40,2862.8,2807.8,2282.2,0,0,738688.522681127,1398,2,0
97756.2893149529,40,2965.8,2698.6,2219.6,0,0,738688.52268159,1398,2,0
97756.3293140193,40,3038.6,2616.8,2181.8,0,0,738688.522682053,1398,2,0
97756.3693130857,40,3020.2,2529.6,2155,0,0,738688.522682516,1398,2,0
97756.4093121521,40,3013.6,2485,2137.4,0,0,738688.522682979,1398,2,0
97756.4493112185,40,2996.2,2482.4,2142.8,0,0,738688.522683442,1398,2,0
97756.4893102848,40,2991.6,2528.6,2162.4,0,0,738688.522683904,1398,2,0
97756.5293093513,40,2971.8,2607.4,2189.8,0,0,738688.522684367,1398,2,0
97756.5693084176,40,2885.6,2714.4,2244.6,0,0,738688.52268483,1398,2,0
97756.6093074841,40,2804,2865.4,2320.2,0,0,738688.522685293,1398,2,0
97756.6493065504,40,2667.2,2997.6,2431.4,0,0,738688.522685756,1398,2,0
97756.6893056169,40,2525.8,3025.6,2552,0,0,738688.522686219,1398,2,0
97756.7293046832,40,2428.4,3010,2663.6,0,0,738688.522686682,1398,2,0
97756.7693037497,40,2407.4,2934.2,2642.4,0,0,738688.522687145,1398,2,0
97756.8093028161,40,2442.2,2880.2,2551.6,0,0,738688.522687608,1398,2,0
97756.8493018825,40,2548,2905,2463.4,0,0,738688.522688071,1398,2,0
97756.8893009489,40,2709.4,2908.4,2370,0,0,738688.522688534,1398,2,0
97756.9293000153,40,2868.4,2833,2285.8,0,0,738688.522688997,1398,2,0
97756.9692990817,40,2971.4,2695.4,2217.8,0,0,738688.52268946,1398,2,0
97757.0092981481,40,3010.4,2570,2170.6,0,0,738688.522689923,1398,2,0
97757.0492972145,40,3021.4,2487.6,2141,0,0,738688.522690386,1398,2,0
97757.0892962809,40,2970.4,2435,2124.8,0,0,738688.522690849,1398,2,0
97757.1292953472,40,2977.4,2437.8,2129,0,0,738688.522691312,1398,2,0
97757.1692944137,40,2992.2,2489,2141.6,0,0,738688.522691775,1398,2,0
97757.20929348,40,2998.4,2574.8,2173.2,0,0,738688.522692238,1398,2,0
97757.2492925465,40,2934.4,2694.6,2226,0,0,738688.5226927,1398,2,0
97757.2892916128,40,2823.6,2822.4,2301.2,0,0,738688.522693163,1398,2,0
97757.3292906793,40,2689.4,2936.6,2396.4,0,0,738688.522693626,1398,2,0
97757.3692897456,40,2544,2960.2,2497,0,0,738688.522694089,1398,2,0
97757.4092888121,40,2450.2,2942.2,2590.6,0,0,738688.522694552,1398,2,0
97757.4492878785,40,2423.6,2887.6,2578.8,0,0,738688.522695015,1398,2,0
97757.4892869449,40,2490.6,2922.2,2527.4,0,0,738688.522695478,1398,2,0
97757.5292860113,40,2607.2,2960.6,2450.2,0,0,738688.522695941,1398,2,0
97757.5692850777,40,2757,2928.2,2360.6,0,0,738688.522696404,1398,2,0
97757.6092841441,40,2906,2822.8,2277.6,0,0,738688.522696867,1398,2,0
97757.6492832105,40,2993.8,2674.6,2209.6,0,0,738688.52269733,1398,2,0
97757.6892822769,40,3039.4,2555.8,2163.8,0,0,738688.522697793,1398,2,0
97757.7292813433,40,3008,2471.4,2136.6,0,0,738688.522698256,1398,2,0
97757.7692804097,40,2972.2,2430.6,2124.2,0,0,738688.522698719,1398,2,0
97757.8092794761,40,2942.6,2440.2,2129.2,0,0,738688.522699182,1398,2,0
97757.8492785424,40,2972.2,2489.6,2152,0,0,738688.522699645,1398,2,0
97757.8892776089,40,2963.4,2574.4,2177.4,0,0,738688.522700108,1398,2,0
97757.9292766752,40,2907.4,2697,2230.4,0,0,738688.522700571,1398,2,0
97757.9692757417,40,2806,2832,2304,0,0,738688.522701034,1398,2,0
97758.009274808,40,2676,2942.8,2403.2,0,0,738688.522701497,1398,2,0
97758.0492738745,40,2537.8,2967,2511.4,0,0,738688.52270196,1398,2,0
97758.0892729409,40,2441.6,2948,2595.2,0,0,738688.522702422,1398,2,0
97758.1292720073,40,2434.2,2903.8,2581.4,0,0,738688.522702885,1398,2,0
97758.1692710737,40,2496.4,2908.2,2511.8,0,0,738688.522703348,1398,2,0
97758.2092701401,40,2621,2935,2432.8,0,0,738688.522703811,1398,2,0
97758.2492692065,40,2765.6,2890.2,2345.4,0,0,738688.522704274,1398,2,0
97758.2892682729,40,2915.2,2792.8,2262.6,0,0,738688.522704737,1398,2,0
97758.3292673393,40,2995.2,2649.4,2198.4,0,0,738688.5227052,1398,2,0
97758.3692664057,40,3020.6,2539.6,2160.6,0,0,738688.522705663,1398,2,0
97758.4092654721,40,2991.8,2461.4,2135.2,0,0,738688.522706126,1398,2,0
97758.4492645385,40,2945.8,2426.6,2125.4,0,0,738688.522706589,1398,2,0
97758.4892636048,40,2961,2449.4,2130.4,0,0,738688.522707052,1398,2,0
97758.5292626713,40,2976.4,2506.6,2153.4,0,0,738688.522707515,1398,2,0
97758.5692617376,40,2964.8,2599.4,2186.6,0,0,738688.522707978,1398,2,0
97758.6092608041,40,2898.6,2726.2,2245.6,0,0,738688.522708441,1398,2,0
97758.6492598704,40,2793.2,2856.2,2319.2,0,0,738688.522708904,1398,2,0
97758.6892589369,40,2652,2938.2,2415,0,0,738688.522709367,1398,2,0
97758.7292580033,40,2524,2970,2524,0,0,738688.52270983,1398,2,0
97758.7692570697,40,2449.8,2936.6,2584.6,0,0,738688.522710293,1398,2,0
97758.8092561361,40,2450.2,2891.8,2547,0,0,738688.522710756,1398,2,0
97758.8492552025,40,2533.6,2928.4,2483,0,0,738688.522711219,1398,2,0
97758.8892542689,40,2661,2936.4,2400.8,0,0,738688.522711682,1398,2,0
97758.9292533353,40,2808.6,2879.8,2321.6,0,0,738688.522712145,1398,2,0
97758.9692524017,40,2934.8,2767.4,2250.2,0,0,738688.522712608,1398,2,0
97759.0092514681,40,3003.6,2643.8,2195.6,0,0,738688.52271307,1398,2,0
97759.0492505345,40,2994.8,2533.4,2158.8,0,0,738688.522713533,1398,2,0
97759.0892496009,40,2981.2,2470,2138.6,0,0,738688.522713996,1398,2,0
97759.1292486672,40,2953,2444.8,2130.8,0,0,738688.522714459,1398,2,0
97759.1692477337,40,2970.8,2472,2141.2,0,0,738688.522714922,1398,2,0
97759.2092468,40,2978,2533.6,2164.6,0,0,738688.522715385,1398,2,0
97759.2492458665,40,2943.6,2616,2192.8,0,0,738688.522715848,1398,2,0
97759.2892449329,40,2880.2,2731.2,2253.2,0,0,738688.522716311,1398,2,0
97759.3292439993,40,2793.2,2866.6,2325.6,0,0,738688.522716774,1398,2,0
97759.3692430657,40,2654.4,2950.6,2417.4,0,0,738688.522717237,1398,2,0
97759.4092421321,40,2530.6,2987,2523.8,0,0,738688.5227177,1398,2,0
97759.4492411985,40,2439,2958,2608.4,0,0,738688.522718163,1398,2,0
97759.4892402649,40,2419.6,2890.6,2597.2,0,0,738688.522718626,1398,2,0
97759.5292393313,40,2472.2,2912.8,2541.2,0,0,738688.522719089,1398,2,0
97759.5692383977,40,2595.8,2976.4,2468.6,0,0,738688.522719552,1398,2,0
97759.6092374641,40,2743,2962.2,2379.8,0,0,738688.522720015,1398,2,0
97759.6492365305,40,2886.6,2866,2292.8,0,0,738688.522720478,1398,2,0
97759.7542340798,105,3030.6,2542.4,2161.6,0,0,738688.522721693,1398,2,0
97759.7942331462,40,2992.8,2463.4,2134.2,0,0,738688.522722156,1398,2,0
97759.8342322126,40,2950.8,2435.8,2134,0,0,738688.522722619,1398,2,0
97759.874231279,40,2930.8,2457,2140,0,0,738688.522723082,1398,2,0
97759.9142303454,40,2912.4,2488.6,2150.8,0,0,738688.522723545,1398,2,0
97759.9542294118,40,2903.6,2552.8,2183,0,0,738688.522724008,1398,2,0
97759.9942284782,40,2881.6,2654,2220,0,0,738688.522724471,1398,2,0
97760.0342275446,40,2817.8,2778.8,2284,0,0,738688.522724934,1398,2,0
97760.074226611,40,2713,2898,2366.8,0,0,738688.522725397,1398,2,0
97760.1142256773,40,2592.6,2976.8,2472.6,0,0,738688.522725859,1398,2,0
97760.1542247438,40,2497.2,3006.4,2569.4,0,0,738688.522726322,1398,2,0
97760.1942238101,40,2466.8,2970.2,2580,0,0,738688.522726785,1398,2,0
97760.2342228766,40,2505.6,2923.6,2512.6,0,0,738688.522727248,1398,2,0
97760.2742219429,40,2577,2899.8,2442.8,0,0,738688.522727711,1398,2,0
97760.3142210094,40,2724.4,2897.4,2364.4,0,0,738688.522728174,1398,2,0
97760.3542200758,40,2864.6,2835.8,2289,0,0,738688.522728637,1398,2,0
97760.3942191422,40,2966.2,2722.2,2231.8,0,0,738688.5227291,1398,2,0
97760.4342182086,40,3022.8,2619.6,2184.2,0,0,738688.522729563,1398,2,0
97760.474217275,40,3014.6,2525.6,2155.4,0,0,738688.522730026,1398,2,0
97760.5142163414,40,3009.2,2474.4,2137.4,0,0,738688.522730489,1398,2,0
97760.5542154078,40,2984.4,2464.8,2140,0,0,738688.522730952,1398,2,0
97760.5942144742,40,2987.2,2503.2,2152.8,0,0,738688.522731415,1398,2,0
97760.6342135406,40,2982.6,2564.6,2169.2,0,0,738688.522731878,1398,2,0
97760.674212607,40,2939.8,2667.4,2214.4,0,0,738688.522732341,1398,2,0
97760.7142116734,40,2870.8,2808.6,2281.8,0,0,738688.522732804,1398,2,0
97760.7542107397,40,2755.2,2949.2,2367.6,0,0,738688.522733267,1398,2,0
97760.7942098062,40,2612.4,3030.4,2484.6,0,0,738688.52273373,1398,2,0
97760.8342088725,40,2491.8,3043.2,2601.8,0,0,738688.522734193,1398,2,0
97760.874207939,40,2426,2974,2638.6,0,0,738688.522734656,1398,2,0
97760.9142070053,40,2431.6,2909.4,2583.8,0,0,738688.522735119,1398,2,0
97760.9542060718,40,2506.4,2922.4,2507.6,0,0,738688.522735582,1398,2,0
97760.9942051382,40,2639,2959.6,2436.4,0,0,738688.522736044,1398,2,0
97761.0342042046,40,2786,2930.4,2352,0,0,738688.522736507,1398,2,0
97761.074203271,40,2914.2,2816,2272.8,0,0,738688.52273697,1398,2,0
97761.1142023374,40,2986.4,2688.8,2217.4,0,0,738688.522737433,1398,2,0
97761.1542014038,40,3007,2578.2,2172.8,0,0,738688.522737896,1398,2,0
97761.1942004702,40,3004.6,2500.6,2147.4,0,0,738688.522738359,1398,2,0
97761.2341995366,40,2988.4,2454.8,2131.4,0,0,738688.522738822,1398,2,0
97761.274198603,40,2965.4,2463.4,2139.4,0,0,738688.522739285,1398,2,0
97761.3141976694,40,2959.6,2498.8,2153,0,0,738688.522739748,1398,2,0
97761.3541967358,40,2924.2,2560.6,2175.2,0,0,738688.522740211,1398,2,0
97761.3941958022,40,2902.8,2670,2226.8,0,0,738688.522740674,1398,2,0
97761.4341948686,40,2819.4,2806.4,2290.8,0,0,738688.522741137,1398,2,0
97761.4741939349,40,2698.6,2923.4,2384.2,0,0,738688.5227416,1398,2,0
97761.5141930014,40,2567.8,2981.2,2492,0,0,738688.522742063,1398,2,0
97761.5541920677,40,2467.8,2978.4,2594,0,0,738688.522742526,1398,2,0
97761.5941911342,40,2441.4,2937.2,2594.4,0,0,738688.522742989,1398,2,0
97761.6341902006,40,2488.4,2912.2,2519,0,0,738688.522743452,1398,2,0
97761.674189267,40,2625.6,2964.6,2442,0,0,738688.522743915,1398,2,0
97761.7141883334,40,2769.4,2949.2,2362.6,0,0,738688.522744378,1398,2,0
97761.7541873998,40,2892.6,2847.2,2286,0,0,738688.52274484,1398,2,0
97761.7941864662,40,2975,2722.4,2224.2,0,0,738688.522745303,1398,2,0
97761.8341855326,40,3000,2601.2,2180.8,0,0,738688.522745766,1398,2,0
97761.874184599,40,3014.2,2517,2151,0,0,738688.522746229,1398,2,0
97761.9141836654,40,2968.2,2461.8,2136.8,0,0,738688.522746692,1398,2,0
97761.9541827318,40,2931.6,2451,2137.8,0,0,738688.522747155,1398,2,0
97761.9941817982,40,2898.8,2473.4,2149.2,0,0,738688.522747618,1398,2,0
97762.0341808646,40,2885.2,2526.2,2170.4,0,0,738688.522748081,1398,2,0
97762.074179931,40,2874.2,2618.4,2211.6,0,0,738688.522748544,1398,2,0
97762.1141789973,40,2831.6,2751.6,2267.8,0,0,738688.522749007,1398,2,0
97762.1541780638,40,2763.2,2921.6,2362,0,0,738688.52274947,1398,2,0
97762.1941771301,40,2628.8,3026.4,2468.6,0,0,738688.522749933,1398,2,0
97762.2341761966,40,2507.6,3045.4,2592.2,0,0,738688.522750396,1398,2,0
97762.274175263,40,2438.6,3002.6,2648.4,0,0,738688.522750859,1398,2,0
97762.3141743294,40,2460,2954.8,2593.6,0,0,738688.522751322,1398,2,0
97762.3541733958,40,2504.6,2902,2499.2,0,0,738688.522751785,1398,2,0
97762.3941724622,40,2665.6,2958.8,2413.4,0,0,738688.522752248,1398,2,0
97762.4341715286,40,2820,2912.6,2332.8,0,0,738688.522752711,1398,2,0
97762.474170595,40,2924,2799.4,2261.6,0,0,738688.522753174,1398,2,0
97762.5141696614,40,2984.2,2670,2209.4,0,0,738688.522753637,1398,2,0
97762.5541687278,40,3007.2,2559.2,2168,0,0,738688.5227541,1398,2,0
97762.5941677942,40,2996.4,2486.2,2143.4,0,0,738688.522754563,1398,2,0
97762.6341668606,40,2931.2,2445,2136.8,0,0,738688.522755025,1398,2,0
97762.674165927,40,2910.8,2457.8,2143.2,0,0,738688.522755488,1398,2,0
97762.7141649934,40,2894.6,2499.4,2159.8,0,0,738688.522755951,1398,2,0
97762.7541640597,40,2886,2575.8,2189.4,0,0,738688.522756414,1398,2,0
97762.7941631262,40,2873.8,2698,2238.4,0,0,738688.522756877,1398,2,0
97762.8341621926,40,2811.8,2862.4,2316.4,0,0,738688.52275734,1398,2,0
97762.874161259,40,2691.8,3004.8,2426.6,0,0,738688.522757803,1398,2,0
97762.9141603254,40,2550.6,3063.2,2553.6,0,0,738688.522758266,1398,2,0
97762.9541593918,40,2443.2,3042,2671.2,0,0,738688.522758729,1398,2,0
97762.9941584582,40,2418.6,2981.4,2664.4,0,0,738688.522759192,1398,2,0
97763.0341575246,40,2439.8,2888.6,2567.8,0,0,738688.522759655,1398,2,0
97763.074156591,40,2554.4,2962.2,2491,0,0,738688.522760118,1398,2,0
97763.1141556574,40,2711.8,2987.2,2402.6,0,0,738688.522760581,1398,2,0
97763.1541547238,40,2844.4,2903.8,2319.4,0,0,738688.522761044,1398,2,0
97763.1941537902,40,2949.4,2779.4,2251.6,0,0,738688.522761507,1398,2,0
97763.2341528566,40,3001.4,2647.6,2197.6,0,0,738688.52276197,1398,2,0
97763.274151923,40,3011.6,2538.8,2156.4,0,0,738688.522762433,1398,2,0
97763.3141509894,40,2982.6,2465.2,2134.6,0,0,738688.522762896,1398,2,0
97763.3541500557,40,2949.8,2437.2,2128,0,0,738688.522763359,1398,2,0
97763.3941491222,40,2932.4,2455.6,2141.6,0,0,738688.522763822,1398,2,0
97763.4341481885,40,2919.6,2490.2,2155,0,0,738688.522764285,1398,2,0
97763.474147255,40,2899,2566,2183.2,0,0,738688.522764747,1398,2,0
97763.5141463214,40,2880.2,2677.8,2231.2,0,0,738688.52276521,1398,2,0
97763.5541453878,40,2822.4,2842.4,2303.6,0,0,738688.522765673,1398,2,0
97763.5941444542,40,2708,2986.4,2408.2,0,0,738688.522766136,1398,2,0
97763.6341435206,40,2561,3033.2,2524,0,0,738688.522766599,1398,2,0
97763.674142587,40,2457.6,3028.6,2637,0,0,738688.522767062,1398,2,0
97763.7141416534,40,2431.6,2970.4,2639.8,0,0,738688.522767525,1398,2,0
97763.7541407197,40,2448.8,2898.4,2551.2,0,0,738688.522767988,1398,2,0
97763.7941397862,40,2559.2,2965.8,2489.4,0,0,738688.522768451,1398,2,0
97763.8341388525,40,2695.8,2966,2402.2,0,0,738688.522768914,1398,2,0
97763.874137919,40,2837.4,2896,2324.2,0,0,738688.522769377,1398,2,0
97763.9141369853,40,2946.2,2767.4,2247.4,0,0,738688.52276984,1398,2,0
97763.9541360518,40,3006.8,2640.6,2195.2,0,0,738688.522770303,1398,2,0
97763.9941351181,40,3007.8,2538,2156.6,0,0,738688.522770766,1398,2,0
97764.0341341846,40,2994.8,2479.6,2140.2,0,0,738688.522771229,1398,2,0
97764.0741332509,40,2975.2,2472,2139.8,0,0,738688.522771692,1398,2,0
97764.1141323174,40,2951.6,2498,2153.8,0,0,738688.522772155,1398,2,0
97764.1541313838,40,2941.6,2555.4,2177.4,0,0,738688.522772618,1398,2,0
97764.1941304502,40,2896.6,2650.2,2214.2,0,0,738688.522773081,1398,2,0
97764.2341295166,40,2845.6,2774,2275,0,0,738688.522773543,1398,2,0
97764.274128583,40,2746.8,2907.8,2357,0,0,738688.522774006,1398,2,0
97764.3141276494,40,2618,2999.4,2468.2,0,0,738688.522774469,1398,2,0
97764.3541267158,40,2503.6,3023.6,2575.2,0,0,738688.522774932,1398,2,0
97764.3941257822,40,2439.6,2994,2643,0,0,738688.522775395,1398,2,0
97764.4341248486,40,2450.2,2975.4,2607.2,0,0,738688.522775858,1398,2,0
97764.4741239149,40,2494.6,2911.2,2511.6,0,0,738688.522776321,1398,2,0
97764.5141229814,40,2630.8,2948.2,2432.6,0,0,738688.522776784,1398,2,0
97764.5541220477,40,2772.2,2884.4,2336.8,0,0,738688.522777247,1398,2,0
97764.5941211142,40,2921.6,2788.6,2260.8,0,0,738688.52277771,1398,2,0
97764.6341201805,40,3012.4,2667.6,2204.4,0,0,738688.522778173,1398,2,0
97764.674119247,40,3024,2550,2162.8,0,0,738688.522778636,1398,2,0
97764.7141183133,40,2996,2467,2133.4,0,0,738688.522779099,1398,2,0
97764.7541173798,40,2966.8,2430.4,2123.4,0,0,738688.522779562,1398,2,0
97764.7941164462,40,2964.2,2440.6,2129.2,0,0,738688.522780025,1398,2,0
97764.8341155126,40,2964.8,2475.8,2140.8,0,0,738688.522780488,1398,2,0
97764.874114579,40,2946.2,2535.8,2166,0,0,738688.522780951,1398,2,0
97764.9141136454,40,2939.6,2649.4,2206.8,0,0,738688.522781414,1398,2,0
97764.9541127118,40,2874,2790,2275,0,0,738688.522781877,1398,2,0
97764.9941117782,40,2749.8,2931.4,2369,0,0,738688.52278234,1398,2,0
97765.0341108446,40,2600.6,2996.6,2475.6,0,0,738688.522782803,1398,2,0
97765.074109911,40,2482.8,3009,2593.6,0,0,738688.522783266,1398,2,0
97765.1141089773,40,2409.8,2956.6,2658.8,0,0,738688.522783728,1398,2,0
97765.1541080438,40,2401.8,2885.4,2615.2,0,0,738688.522784191,1398,2,0
97765.1941071101,40,2478.8,2947.2,2556.2,0,0,738688.522784654,1398,2,0
97765.2341061766,40,2598.6,2995.2,2475,0,0,738688.522785117,1398,2,0
97765.2741052429,40,2739,2977.4,2390.2,0,0,738688.52278558,1398,2,0
97765.3141043094,40,2874.6,2892,2305.4,0,0,738688.522786043,1398,2,0
97765.3541033758,40,2970.6,2756.2,2240.8,0,0,738688.522786506,1398,2,0
97765.3941024422,40,3017,2635,2190.8,0,0,738688.522786969,1398,2,0
97765.4341015086,40,3020.6,2533.4,2157.8,0,0,738688.522787432,1398,2,0
97765.474100575,40,2993.4,2486.4,2144.8,0,0,738688.522787895,1398,2,0
97765.5140996414,40,2956.8,2489.8,2146.8,0,0,738688.522788358,1398,2,0
97765.5540987078,40,2936.6,2516.4,2159.4,0,0,738688.522788821,1398,2,0
97765.5940977742,40,2915,2571.2,2182.6,0,0,738688.522789284,1398,2,0
97765.6340968406,40,2895.8,2663.8,2218.6,0,0,738688.522789747,1398,2,0
97765.674095907,40,2846.2,2793,2283.6,0,0,738688.52279021,1398,2,0
97765.7140949734,40,2738.8,2926,2366.2,0,0,738688.522790673,1398,2,0
97765.7540940397,40,2616.2,3009.2,2475.4,0,0,738688.522791136,1398,2,0
97765.7940931062,40,2498.2,3035.2,2596,0,0,738688.522791599,1398,2,0
97765.8340921725,40,2417,3017.2,2689.4,0,0,738688.522792062,1398,2,0
97765.874091239,40,2404.2,2950,2665.4,0,0,738688.522792525,1398,2,0
97765.9140903053,40,2417.4,2881.8,2586.4,0,0,738688.522792988,1398,2,0
97765.9540893718,40,2514.2,2970.8,2530.6,0,0,738688.522793451,1398,2,0
97765.9940884382,40,2631.8,3008.2,2453.6,0,0,738688.522793913,1398,2,0
97766.0340875046,40,2776,2984.2,2372.8,0,0,738688.522794376,1398,2,0
97766.074086571,40,2888.2,2875.2,2296.2,0,0,738688.522794839,1398,2,0
97766.1140856374,40,2970.2,2742.8,2234.4,0,0,738688.522795302,1398,2,0
97766.1540847038,40,3020.6,2629,2188.8,0,0,738688.522795765,1398,2,0
97766.1940837702,40,3001.2,2531,2156.6,0,0,738688.522796228,1398,2,0
97766.2340828366,40,2976,2484.4,2147.2,0,0,738688.522796691,1398,2,0
97766.274081903,40,2930.8,2486.2,2149.8,0,0,738688.522797154,1398,2,0
97766.3140809694,40,2921.4,2536.2,2169.4,0,0,738688.522797617,1398,2,0
97766.3540800358,40,2913.2,2616,2200.2,0,0,738688.52279808,1398,2,0
97766.3940791022,40,2882.2,2743.8,2257.6,0,0,738688.522798543,1398,2,0
97766.4340781686,40,2787.6,2888.6,2333,0,0,738688.522799006,1398,2,0
97766.4740772349,40,2662.4,3012.6,2441.4,0,0,738688.522799469,1398,2,0
97766.5140763014,40,2529.6,3050.2,2565.4,0,0,738688.522799932,1398,2,0
97766.5540753677,40,2437.6,3025.2,2668,0,0,738688.522800395,1398,2,0
97766.5940744342,40,2413.2,2955.2,2650.8,0,0,738688.522800858,1398,2,0
97766.6340735006,40,2435.6,2896.8,2572.6,0,0,738688.522801321,1398,2,0
97766.674072567,40,2544.6,2967.4,2506.4,0,0,738688.522801784,1398,2,0
97766.7140716334,40,2675.4,2994.2,2426.6,0,0,738688.522802247,1398,2,0
97766.7540706998,40,2814.2,2957.2,2345,0,0,738688.522802709,1398,2,0
97766.7940697662,40,2925.6,2836,2275.6,0,0,738688.522803172,1398,2,0
97766.8340688326,40,2993.6,2699.2,2214.8,0,0,738688.522803635,1398,2,0
97766.874067899,40,3022.4,2591.6,2173.4,0,0,738688.522804098,1398,2,0
97766.9140669654,40,2991,2510.4,2154,0,0,738688.522804561,1398,2,0
97766.9540660318,40,2946.8,2491.8,2148.8,0,0,738688.522805024,1398,2,0
97766.9940650982,40,2924.6,2508.6,2162.2,0,0,738688.522805487,1398,2,0
97767.0340641646,40,2909.8,2556,2178.8,0,0,738688.52280595,1398,2,0
97767.074063231,40,2878.2,2648.8,2219.4,0,0,738688.522806413,1398,2,0
97767.1140622973,40,2834.6,2787.8,2282.4,0,0,738688.522806876,1398,2,0
97767.1540613638,40,2730.4,2939.6,2377.4,0,0,738688.522807339,1398,2,0
97767.1940604301,40,2597.2,3031,2497.4,0,0,738688.522807802,1398,2,0
97767.2340594966,40,2479.4,3043.2,2622.6,0,0,738688.522808265,1398,2,0
97767.274058563,40,2418,2989,2672,0,0,738688.522808728,1398,2,0
97767.3140576294,40,2428.8,2935.6,2617.6,0,0,738688.522809191,1398,2,0
97767.3540566958,40,2481.4,2927.4,2542.2,0,0,738688.522809654,1398,2,0
97767.3940557622,40,2610.2,2987.6,2462.4,0,0,738688.522810117,1398,2,0
97767.4340548286,40,2756.2,2973.8,2380.6,0,0,738688.52281058,1398,2,0
97767.474053895,40,2894.2,2880,2293.8,0,0,738688.522811043,1398,2,0
97767.5140529614,40,2985,2738.2,2226.6,0,0,738688.522811506,1398,2,0
97767.5540520278,40,3025.6,2616.6,2184,0,0,738688.522811969,1398,2,0
97767.5940510942,40,2998.6,2511.6,2151.6,0,0,738688.522812432,1398,2,0
97767.6340501606,40,2980.6,2468.8,2139,0,0,738688.522812894,1398,2,0
97767.674049227,40,2937.2,2457.6,2141,0,0,738688.522813357,1398,2,0
97767.7140482934,40,2923.4,2497.8,2155.2,0,0,738688.52281382,1398,2,0
97767.7540473597,40,2902,2570,2186.2,0,0,738688.522814283,1398,2,0
97767.7940464262,40,2886.6,2685.6,2232.4,0,0,738688.522814746,1398,2,0
97767.8340454925,40,2815.8,2839.2,2309.4,0,0,738688.522815209,1398,2,0
97767.874044559,40,2689.8,2968,2405.4,0,0,738688.522815672,1398,2,0
97767.9140436254,40,2557,3029,2527.2,0,0,738688.522816135,1398,2,0
97767.9540426918,40,2448.6,3010.4,2633.6,0,0,738688.522816598,1398,2,0
97767.9940417582,40,2417.8,2969.8,2649.6,0,0,738688.522817061,1398,2,0
97768.0340408246,40,2433.4,2900.2,2572.6,0,0,738688.522817524,1398,2,0
97768.074039891,40,2545.8,2968.4,2504.6,0,0,738688.522817987,1398,2,0
97768.1140389574,40,2685,2974.6,2414.4,0,0,738688.52281845,1398,2,0
97768.1540380238,40,2832.8,2901.8,2324,0,0,738688.522818913,1398,2,0
97768.1940370902,40,2957.4,2774.4,2245.4,0,0,738688.522819376,1398,2,0
97768.2340361566,40,3021.8,2640.2,2193,0,0,738688.522819839,1398,2,0
97768.274035223,40,3016.2,2528,2155.6,0,0,738688.522820302,1398,2,0
97768.3140342894,40,2991.4,2465.8,2133.6,0,0,738688.522820765,1398,2,0
97768.3540333558,40,2970.8,2453.4,2135.8,0,0,738688.522821228,1398,2,0
97768.3940324222,40,2991,2488.8,2145.6,0,0,738688.522821691,1398,2,0
97768.4340314886,40,2984.8,2541.4,2164.2,0,0,738688.522822154,1398,2,0
97768.4740305549,40,2942.8,2647.4,2206.6,0,0,738688.522822617,1398,2,0
97768.5140296214,40,2887.2,2779.8,2266.4,0,0,738688.522823079,1398,2,0
97768.5540286878,40,2765.8,2905,2351.2,0,0,738688.522823542,1398,2,0
97768.5940277542,40,2628.4,2969.8,2450.2,0,0,738688.522824005,1398,2,0
97768.6340268206,40,2509.8,2999.2,2564.6,0,0,738688.522824468,1398,2,0
97768.674025887,40,2436.4,2961.2,2624.2,0,0,738688.522824931,1398,2,0
97768.7140249534,40,2423.6,2889,2590.4,0,0,738688.522825394,1398,2,0
97768.7540240198,40,2509.6,2964,2539.6,0,0,738688.522825857,1398,2,0
97768.7940230862,40,2622.8,2974.4,2450.6,0,0,738688.52282632,1398,2,0
97768.8340221526,40,2758,2948,2369.4,0,0,738688.522826783,1398,2,0
97768.874021219,40,2894,2841.8,2287,0,0,738688.522827246,1398,2,0
97768.9140202854,40,2994.8,2710.6,2219.4,0,0,738688.522827709,1398,2,0
97768.9540193518,40,3030.4,2589.6,2174.4,0,0,738688.522828172,1398,2,0
97768.9940184182,40,3009.8,2496.6,2148.2,0,0,738688.522828635,1398,2,0
97769.0340174846,40,2973,2448.4,2130.2,0,0,738688.522829098,1398,2,0
97769.074016551,40,2975.6,2457.2,2139,0,0,738688.522829561,1398,2,0
97769.1140156173,40,2979.4,2491.8,2148.8,0,0,738688.522830024,1398,2,0
97769.1540146838,40,2971.8,2559.6,2174.6,0,0,738688.522830487,1398,2,0
97769.1940137502,40,2934.6,2668.8,2215.2,0,0,738688.52283095,1398,2,0
97769.2340128166,40,2870.6,2800,2278,0,0,738688.522831413,1398,2,0
97769.274011883,40,2750.2,2922.2,2364.2,0,0,738688.522831875,1398,2,0
97769.3140109494,40,2612.8,2989.2,2464.8,0,0,738688.522832338,1398,2,0
97769.3540100158,40,2499.4,3002.2,2575.6,0,0,738688.522832801,1398,2,0
97769.3940090822,40,2426,2967,2648.4,0,0,738688.522833264,1398,2,0
97769.4340081486,40,2413.6,2901.4,2612.2,0,0,738688.522833727,1398,2,0
97769.4740072149,40,2475.4,2934.8,2546.2,0,0,738688.52283419,1398,2,0
97769.5140062814,40,2594.6,2966,2465.6,0,0,738688.522834653,1398,2,0
97769.5540053477,40,2738.4,2952,2377.2,0,0,738688.522835116,1398,2,0
97769.5940044142,40,2899,2862.2,2291.8,0,0,738688.522835579,1398,2,0
97769.6340034805,40,2989.8,2723.6,2227,0,0,738688.522836042,1398,2,0
97769.674002547,40,3019.6,2590.8,2175.2,0,0,738688.522836505,1398,2,0
97769.7140016133,40,3004.4,2495.4,2143.6,0,0,738688.522836968,1398,2,0
97769.7540006797,40,2967.4,2449.6,2131.2,0,0,738688.522837431,1398,2,0
97769.7939997462,40,2957,2451,2135.8,0,0,738688.522837894,1398,2,0
97769.8339988126,40,2937,2481.8,2146.4,0,0,738688.522838357,1398,2,0
97769.873997879,40,2924.2,2539,2168.2,0,0,738688.52283882,1398,2,0
97769.9139969454,40,2894.2,2637.4,2215.4,0,0,738688.522839283,1398,2,0
97769.9539960118,40,2838.6,2774.2,2279.8,0,0,738688.522839746,1398,2,0
97769.9939950782,40,2727.2,2907.8,2366.8,0,0,738688.522840209,1398,2,0
97770.0339941446,40,2598.2,2983.6,2472,0,0,738688.522840672,1398,2,0
97770.073993211,40,2485.2,3001.8,2586.2,0,0,738688.522841135,1398,2,0
97770.1139922773,40,2419.2,2966.8,2645,0,0,738688.522841598,1398,2,0
97770.1539913438,40,2422.4,2918,2607.2,0,0,738688.52284206,1398,2,0
97770.1939904101,40,2490.2,2942,2537.4,0,0,738688.522842523,1398,2,0
97770.2339894766,40,2607.2,2964.8,2451.8,0,0,738688.522842986,1398,2,0
97770.2739885429,40,2748.6,2955.2,2374.2,0,0,738688.522843449,1398,2,0
97770.3139876094,40,2898.4,2869.2,2296,0,0,738688.522843912,1398,2,0
97770.3539866757,40,2996.4,2738,2227.6,0,0,738688.522844375,1398,2,0
97770.3939857422,40,3032.8,2615.4,2181.4,0,0,738688.522844838,1398,2,0
97770.4339848086,40,3019.8,2520.4,2153.8,0,0,738688.522845301,1398,2,0
97770.473983875,40,3008.4,2474.8,2141.6,0,0,738688.522845764,1398,2,0
97770.5139829414,40,2999,2486.6,2147,0,0,738688.522846227,1398,2,0
97770.5539820078,40,2991.2,2522.6,2155.8,0,0,738688.52284669,1398,2,0
97770.5939810742,40,2958,2593.4,2186.2,0,0,738688.522847153,1398,2,0
97770.6339801406,40,2937.4,2716,2232.4,0,0,738688.522847616,1398,2,0
97770.673979207,40,2838.6,2856.6,2307.8,0,0,738688.522848079,1398,2,0
97770.7139782734,40,2701,2970.2,2407.4,0,0,738688.522848542,1398,2,0
97770.7539773397,40,2554.2,3016.8,2522,0,0,738688.522849005,1398,2,0
97770.7939764062,40,2444.8,3008.8,2645,0,0,738688.522849468,1398,2,0
97770.8339754725,40,2392.8,2946.8,2689.6,0,0,738688.522849931,1398,2,0
97770.873974539,40,2395,2890,2626,0,0,738688.522850394,1398,2,0
97770.9139736053,40,2483.2,2966,2569.6,0,0,738688.522850857,1398,2,0
97770.9539726718,40,2597.2,3000.8,2479.4,0,0,738688.52285132,1398,2,0
97770.9939717381,40,2738.6,2983.8,2389.2,0,0,738688.522851783,1398,2,0
97771.0339708046,40,2873.4,2890.8,2305.6,0,0,738688.522852245,1398,2,0
97771.073969871,40,2967.6,2749.8,2239.6,0,0,738688.522852708,1398,2,0
97771.1139689374,40,3019.2,2623.6,2187.2,0,0,738688.522853171,1398,2,0
97771.1539680038,40,3007.4,2526,2153,0,0,738688.522853634,1398,2,0
97771.1939670702,40,2964,2479.4,2144,0,0,738688.522854097,1398,2,0
97771.2339661366,40,2925.2,2478.8,2150.2,0,0,738688.52285456,1398,2,0
97771.273965203,40,2920.8,2514.4,2164.6,0,0,738688.522855023,1398,2,0
97771.3139642694,40,2903.2,2589.4,2190.6,0,0,738688.522855486,1398,2,0
97771.3539633358,40,2875.6,2707.8,2245.6,0,0,738688.522855949,1398,2,0
97771.3939624022,40,2784.2,2840.8,2317.2,0,0,738688.522856412,1398,2,0
97771.4339614686,40,2671.4,2966.2,2422.2,0,0,738688.522856875,1398,2,0
97771.4739605349,40,2535.2,3006.6,2538.2,0,0,738688.522857338,1398,2,0
97771.5139596014,40,2431.8,3004.8,2661.2,0,0,738688.522857801,1398,2,0
97771.5539586677,40,2388.6,2952.2,2689.8,0,0,738688.522858264,1398,2,0
97771.5939577342,40,2403.2,2886,2616.4,0,0,738688.522858727,1398,2,0
97771.6339568005,40,2496,2978.8,2564.4,0,0,738688.52285919,1398,2,0
97771.673955867,40,2607.2,3001.4,2476.6,0,0,738688.522859653,1398,2,0
97771.7139549334,40,2745.4,3002.2,2392.4,0,0,738688.522860116,1398,2,0
97771.7539539998,40,2878.4,2903.8,2308.8,0,0,738688.522860578,1398,2,0
97771.7939530662,40,2977.2,2769.4,2242,0,0,738688.522861041,1398,2,0
97771.8339521326,40,3016.8,2637.4,2195.4,0,0,738688.522861504,1398,2,0
97771.873951199,40,3006.8,2541.4,2158.6,0,0,738688.522861967,1398,2,0
97771.9139502654,40,2976.8,2495,2148.2,0,0,738688.52286243,1398,2,0
97771.9539493318,40,2941.8,2497,2156,0,0,738688.522862893,1398,2,0
97771.9939483982,40,2924.2,2540,2174.8,0,0,738688.522863356,1398,2,0
97772.0339474646,40,2911,2617.6,2202.8,0,0,738688.522863819,1398,2,0
97772.073946531,40,2868.2,2739.6,2259.2,0,0,738688.522864282,1398,2,0
97772.1139455973,40,2769.6,2875.4,2336.4,0,0,738688.522864745,1398,2,0
97772.1539446638,40,2642.2,2982.4,2447.8,0,0,738688.522865208,1398,2,0
97772.1939437301,40,2509.2,3042.2,2581.6,0,0,738688.522865671,1398,2,0
97772.2339427966,40,2408.8,2994.2,2689.8,0,0,738688.522866134,1398,2,0
97772.2739418629,40,2380,2945.2,2701.6,0,0,738688.522866597,1398,2,0
97772.3139409294,40,2397,2884.8,2619.8,0,0,738688.52286706,1398,2,0
97772.3539399958,40,2499.8,2975.6,2552.4,0,0,738688.522867523,1398,2,0
97772.3939390622,40,2623.4,3017.6,2472.2,0,0,738688.522867986,1398,2,0
97772.4339381286,40,2773.2,2991.6,2378.4,0,0,738688.522868449,1398,2,0
97772.473937195,40,2894.6,2871.2,2291.2,0,0,738688.522868912,1398,2,0
97772.5139362614,40,2986.2,2729.8,2227.2,0,0,738688.522869375,1398,2,0
97772.5539353278,40,3034.4,2607.6,2180,0,0,738688.522869838,1398,2,0
97772.5939343942,40,2997.6,2513.6,2149.4,0,0,738688.522870301,1398,2,0
97772.6339334606,40,2942.2,2475.6,2141.4,0,0,738688.522870763,1398,2,0
97772.673932527,40,2914.6,2482,2149,0,0,738688.522871226,1398,2,0
97772.7139315934,40,2887.4,2517,2167.4,0,0,738688.522871689,1398,2,0
97772.7539306597,40,2888.6,2593,2199.4,0,0,738688.522872152,1398,2,0
97772.7939297262,40,2867.6,2701,2244.4,0,0,738688.522872615,1398,2,0
97772.8339287925,40,2810.8,2859.8,2317,0,0,738688.522873078,1398,2,0
97772.873927859,40,2691.6,2985.4,2419.8,0,0,738688.522873541,1398,2,0
97772.9139269254,40,2556,3062.6,2549.6,0,0,738688.522874004,1398,2,0
97772.9539259918,40,2443.8,3045,2676.6,0,0,738688.522874467,1398,2,0
97772.9939250582,40,2408,3003.2,2702.2,0,0,738688.52287493,1398,2,0
97773.0339241246,40,2430.8,2939.8,2613.6,0,0,738688.522875393,1398,2,0
97773.073923191,40,2489.6,2904,2520.6,0,0,738688.522875856,1398,2,0
97773.1139222574,40,2639.2,2966.4,2433.8,0,0,738688.522876319,1398,2,0
97773.1539213238,40,2785.4,2938.8,2350.8,0,0,738688.522876782,1398,2,0
97773.1939203902,40,2919.4,2850.8,2282,0,0,738688.522877245,1398,2,0
97773.2339194566,40,2991,2733.6,2228,0,0,738688.522877708,1398,2,0
97773.273918523,40,3026.8,2626.2,2186.2,0,0,738688.522878171,1398,2,0
97773.3139175894,40,3022.4,2541.4,2160.8,0,0,738688.522878634,1398,2,0
97773.3539166558,40,2973.2,2499.8,2149.4,0,0,738688.522879097,1398,2,0
97773.3939157222,40,2932.2,2505,2157.8,0,0,738688.52287956,1398,2,0
97773.4339147886,40,2897,2528.4,2173,0,0,738688.522880023,1398,2,0
97773.4739138549,40,2886.8,2586.2,2194.2,0,0,738688.522880486,1398,2,0
97773.5139129214,40,2886.8,2697.4,2238,0,0,738688.522880948,1398,2,0
97773.5539119878,40,2850.6,2847.4,2305.2,0,0,738688.522881411,1398,2,0
97773.5939110542,40,2745.6,3003.8,2397.6,0,0,738688.522881874,1398,2,0
97773.6339101206,40,2597.4,3073,2516.8,0,0,738688.522882337,1398,2,0
97773.673909187,40,2481,3079.8,2645.6,0,0,738688.5228828,1398,2,0
97773.7139082534,40,2417.8,3023.2,2695.6,0,0,738688.522883263,1398,2,0
97773.7539073198,40,2425.6,2956.8,2634,0,0,738688.522883726,1398,2,0
97773.7939063862,40,2452,2884.8,2544.2,0,0,738688.522884189,1398,2,0
97773.8339054526,40,2593.4,2976.8,2470.2,0,0,738688.522884652,1398,2,0
97773.873904519,40,2726.8,2968.4,2390.8,0,0,738688.522885115,1398,2,0
97773.9139035854,40,2854.6,2909.4,2319,0,0,738688.522885578,1398,2,0
97773.9539026518,40,2939,2794.4,2260,0,0,738688.522886041,1398,2,0
97773.9939017182,40,3003.4,2677,2207.6,0,0,738688.522886504,1398,2,0
97774.0339007846,40,3004.6,2583.8,2175.2,0,0,738688.522886967,1398,2,0
97774.073899851,40,2974.6,2518.2,2156,0,0,738688.52288743,1398,2,0
97774.1138989173,40,2908.8,2490.8,2155.6,0,0,738688.522887893,1398,2,0
97774.1538979838,40,2869,2510.4,2165.4,0,0,738688.522888356,1398,2,0
97774.1938970502,40,2880.8,2565.8,2187,0,0,738688.522888819,1398,2,0
97774.2338961166,40,2898,2662,2217.2,0,0,738688.522889282,1398,2,0
97774.273895183,40,2892.8,2811.8,2274.4,0,0,738688.522889744,1398,2,0
97774.3138942494,40,2806.6,2963.6,2359.2,0,0,738688.522890207,1398,2,0
97774.3538933158,40,2669,3054.8,2458,0,0,738688.52289067,1398,2,0
97774.3938923822,40,2541.4,3082.4,2576,0,0,738688.522891133,1398,2,0
97774.4338914486,40,2452.2,3058.2,2663.8,0,0,738688.522891596,1398,2,0
97774.473890515,40,2428.6,2966.6,2640,0,0,738688.522892059,1398,2,0
97774.5138895814,40,2435.6,2879.8,2562.8,0,0,738688.522892522,1398,2,0
97774.5538886478,40,2545.2,2957.4,2496.6,0,0,738688.522892985,1398,2,0
97774.5938877142,40,2673,2978,2416.8,0,0,738688.522893448,1398,2,0
97774.6338867806,40,2812.8,2938.8,2341.4,0,0,738688.522893911,1398,2,0
97774.673885847,40,2920.4,2834.4,2272.4,0,0,738688.522894374,1398,2,0
97774.7138849134,40,2992.4,2707.8,2220.4,0,0,738688.522894837,1398,2,0
97774.7538839797,40,3022,2591.6,2178.2,0,0,738688.5228953,1398,2,0
97774.7938830462,40,2967.6,2508.8,2150.6,0,0,738688.522895763,1398,2,0
97774.8338821126,40,2924.4,2465.6,2146.4,0,0,738688.522896226,1398,2,0
97774.873881179,40,2862,2467.8,2149.6,0,0,738688.522896689,1398,2,0
97774.9138802454,40,2854,2508.6,2166.6,0,0,738688.522897152,1398,2,0
97774.9538793118,40,2881.6,2583.6,2192.4,0,0,738688.522897615,1398,2,0
97774.9938783782,40,2925,2722.8,2239,0,0,738688.522898078,1398,2,0
97775.0338774446,40,2877.8,2887,2308,0,0,738688.522898541,1398,2,0
97775.073876511,40,2750.8,3030,2407.6,0,0,738688.522899004,1398,2,0
97775.1138755773,40,2604.2,3078.8,2517.2,0,0,738688.522899467,1398,2,0
97775.1538746438,40,2488.8,3090.6,2635.2,0,0,738688.522899929,1398,2,0
97775.1938737101,40,2422.6,3002.8,2669.4,0,0,738688.522900392,1398,2,0
97775.2338727766,40,2430.6,2946.2,2620.4,0,0,738688.522900855,1398,2,0
97775.2738718429,40,2460.2,2896.4,2538,0,0,738688.522901318,1398,2,0
97775.3138709094,40,2591.6,2979.2,2471,0,0,738688.522901781,1398,2,0
97775.3538699757,40,2738,2981.8,2392,0,0,738688.522902244,1398,2,0
97775.3938690422,40,2877.6,2916.8,2312.6,0,0,738688.522902707,1398,2,0
97775.4338681086,40,2972.6,2788.4,2247.8,0,0,738688.52290317,1398,2,0
97775.473867175,40,3043.4,2661.4,2194.4,0,0,738688.522903633,1398,2,0
97775.5138662414,40,3010.4,2552.6,2164.4,0,0,738688.522904096,1398,2,0
97775.5538653078,40,2967.8,2481,2146.8,0,0,738688.522904559,1398,2,0
97775.5938643742,40,2915.8,2458.6,2141.8,0,0,738688.522905022,1398,2,0
97775.6338634406,40,2866.8,2470.8,2151.8,0,0,738688.522905485,1398,2,0
97775.673862507,40,2875.2,2519,2173.6,0,0,738688.522905948,1398,2,0
97775.7138615734,40,2907.8,2610,2195.8,0,0,738688.522906411,1398,2,0
97775.7538606397,40,2924.4,2755.2,2251.8,0,0,738688.522906874,1398,2,0
97775.7938597062,40,2849,2922.2,2329.8,0,0,738688.522907337,1398,2,0
97775.8338587725,40,2710.8,3046.8,2431.2,0,0,738688.5229078,1398,2,0
97775.873857839,40,2574.6,3091.8,2549.2,0,0,738688.522908263,1398,2,0
97775.9138569053,40,2477.6,3099.6,2666.6,0,0,738688.522908726,1398,2,0
97775.9538559718,40,2433.4,3004.6,2657.6,0,0,738688.522909189,1398,2,0
97775.9938550381,40,2426.8,2911.2,2592,0,0,738688.522909652,1398,2,0
97776.0338541046,40,2484,2911.6,2527.8,0,0,738688.522910114,1398,2,0
97776.073853171,40,2606.4,2964.4,2452.6,0,0,738688.522910577,1398,2,0
97776.1138522374,40,2746.8,2964.6,2376.4,0,0,738688.52291104,1398,2,0
97776.1538513038,40,2885.6,2875.8,2298.2,0,0,738688.522911503,1398,2,0
97776.1938503702,40,2974.4,2745.2,2234.2,0,0,738688.522911966,1398,2,0
97776.2338494366,40,3011.6,2619.4,2185.6,0,0,738688.522912429,1398,2,0
97776.273848503,40,3003.8,2518.6,2156.4,0,0,738688.522912892,1398,2,0
97776.3138475694,40,2965.6,2472.6,2142,0,0,738688.522913355,1398,2,0
97776.3538466358,40,2924.8,2463.4,2140.2,0,0,738688.522913818,1398,2,0
97776.3938457022,40,2897,2487.6,2152.6,0,0,738688.522914281,1398,2,0
97776.4338447686,40,2886.2,2534,2170.8,0,0,738688.522914744,1398,2,0
97776.4738438349,40,2881,2616.6,2207.4,0,0,738688.522915207,1398,2,0
97776.5138429014,40,2854.4,2739.2,2262.8,0,0,738688.52291567,1398,2,0
97776.5538419677,40,2781.8,2880.8,2333.6,0,0,738688.522916133,1398,2,0
97776.5938410342,40,2653.6,2987.6,2433.8,0,0,738688.522916596,1398,2,0
97776.6338401005,40,2535.2,3055.2,2560.8,0,0,738688.522917059,1398,2,0
97776.673839167,40,2449.6,3040.8,2664.8,0,0,738688.522917522,1398,2,0
97776.7138382334,40,2417,2975.6,2657.2,0,0,738688.522917985,1398,2,0
97776.7538372998,40,2442.2,2913.8,2583.6,0,0,738688.522918448,1398,2,0
97776.7938363662,40,2510.2,2928.8,2512.8,0,0,738688.52291891,1398,2,0
97776.8338354326,40,2650,2949.2,2420.6,0,0,738688.522919373,1398,2,0
97776.873834499,40,2799.8,2932.2,2342.6,0,0,738688.522919836,1398,2,0
97776.9138335654,40,2926.8,2825.2,2270.8,0,0,738688.522920299,1398,2,0
97776.9538326318,40,3006.2,2703.2,2220.2,0,0,738688.522920762,1398,2,0
97776.9938316982,40,3033.4,2595.6,2176.8,0,0,738688.522921225,1398,2,0
97777.0338307646,40,3025.4,2517.4,2152.6,0,0,738688.522921688,1398,2,0
97777.073829831,40,2995.2,2482.8,2140,0,0,738688.522922151,1398,2,0
97777.1138288973,40,2966,2492.6,2146.2,0,0,738688.522922614,1398,2,0
97777.1538279638,40,2949.8,2530.6,2163.8,0,0,738688.522923077,1398,2,0
97777.1938270301,40,2923.6,2590.8,2191.2,0,0,738688.52292354,1398,2,0
97777.2338260966,40,2874.2,2673.6,2233.2,0,0,738688.522924003,1398,2,0
97777.2738251629,40,2806.4,2775,2283.6,0,0,738688.522924466,1398,2,0
97777.3138242294,40,2729.2,2892.6,2361.2,0,0,738688.522924929,1398,2,0
97777.3538232958,40,2612.8,2969.8,2454.4,0,0,738688.522925392,1398,2,0
97777.3938223622,40,2514.6,3021.8,2565.6,0,0,738688.522925855,1398,2,0
97777.4338214286,40,2438.2,3014.2,2656.4,0,0,738688.522926318,1398,2,0
97777.473820495,40,2434,2997.8,2654.6,0,0,738688.522926781,1398,2,0
97777.5138195614,40,2471,2968.2,2586.8,0,0,738688.522927244,1398,2,0
97777.5538186278,40,2515.2,2897.8,2495.6,0,0,738688.522927707,1398,2,0
97777.5938176942,40,2648.2,2907.2,2401.2,0,0,738688.52292817,1398,2,0
97777.6338167606,40,2788.2,2831.6,2310.2,0,0,738688.522928633,1398,2,0
97777.673815827,40,2907.6,2720.4,2235.8,0,0,738688.522929095,1398,2,0
97777.7138148934,40,2969.8,2601.2,2187.8,0,0,738688.522929558,1398,2,0
97777.7538139597,40,2989,2505.4,2152.8,0,0,738688.522930021,1398,2,0
97777.7938130262,40,2974.4,2452.6,2131,0,0,738688.522930484,1398,2,0
97777.8338120925,40,2962,2433.8,2128.2,0,0,738688.522930947,1398,2,0
97777.873811159,40,2964,2459.4,2137.6,0,0,738688.52293141,1398,2,0
97777.9138102253,40,2982.8,2507.4,2155.8,0,0,738688.522931873,1398,2,0
97777.9538092918,40,2980.8,2594.6,2181.4,0,0,738688.522932336,1398,2,0
97777.9938083582,40,2945.2,2720.2,2234,0,0,738688.522932799,1398,2,0
97778.0338074246,40,2862,2877.8,2310.8,0,0,738688.522933262,1398,2,0
97778.073806491,40,2718.4,2995.8,2403.2,0,0,738688.522933725,1398,2,0
97778.1138055574,40,2575.4,3049.6,2525.4,0,0,738688.522934188,1398,2,0
97778.1538046238,40,2459.4,2996.2,2615.6,0,0,738688.522934651,1398,2,0
97778.1938036902,40,2418.6,2941.4,2636,0,0,738688.522935114,1398,2,0
97778.2338027566,40,2430.6,2885.4,2576.8,0,0,738688.522935577,1398,2,0
97778.273801823,40,2535.8,2961.6,2512,0,0,738688.52293604,1398,2,0
97778.3138008894,40,2650.4,2958.4,2428.2,0,0,738688.522936503,1398,2,0
97778.3537999558,40,2798.2,2918.4,2342.6,0,0,738688.522936966,1398,2,0
97778.3937990222,40,2936.2,2792.6,2259.2,0,0,738688.522937429,1398,2,0
97778.4337980886,40,3019.2,2646.8,2197.4,0,0,738688.522937892,1398,2,0
97778.4737971549,40,3016,2521.6,2155.6,0,0,738688.522938355,1398,2,0
97778.5137962214,40,2972.2,2445.4,2127.4,0,0,738688.522938818,1398,2,0
97778.5537952877,40,2952.2,2412.4,2122.4,0,0,738688.52293928,1398,2,0
97778.5937943542,40,2947,2412,2124.8,0,0,738688.522939743,1398,2,0
97778.6337934206,40,2953.2,2448.4,2133,0,0,738688.522940206,1398,2,0
97778.673792487,40,2960,2508.6,2155.2,0,0,738688.522940669,1398,2,0
97778.7137915534,40,2945.8,2602.8,2191,0,0,738688.522941132,1398,2,0
97778.7537906198,40,2885,2721.2,2243.6,0,0,738688.522941595,1398,2,0
97778.7937896862,40,2793,2854.2,2323,0,0,738688.522942058,1398,2,0
97778.8337887526,40,2657.2,2951,2423,0,0,738688.522942521,1398,2,0
97778.873787819,40,2526.4,2986.4,2531.4,0,0,738688.522942984,1398,2,0
97778.9137868854,40,2438.6,2977.2,2631.4,0,0,738688.522943447,1398,2,0
97778.9537859518,40,2432.2,2948.2,2623.8,0,0,738688.52294391,1398,2,0
97778.9937850182,40,2474.6,2916.4,2547,0,0,738688.522944373,1398,2,0
97779.0337840846,40,2552,2914.6,2465.8,0,0,738688.522944836,1398,2,0
97779.073783151,40,2694.2,2896,2371.4,0,0,738688.522945299,1398,2,0
97779.1137822173,40,2833.8,2801.2,2287.2,0,0,738688.522945762,1398,2,0
97779.1537812838,40,2944.2,2683,2219.8,0,0,738688.522946225,1398,2,0
97779.1937803501,40,2994,2565.2,2170.8,0,0,738688.522946688,1398,2,0
97779.2337794166,40,2989.6,2468.2,2138.4,0,0,738688.522947151,1398,2,0
97779.273778483,40,2953.2,2417,2124,0,0,738688.522947613,1398,2,0
97779.3137775494,40,2933.2,2402,2122,0,0,738688.522948076,1398,2,0
97779.3537766158,40,2930.2,2419.4,2127,0,0,738688.522948539,1398,2,0
97779.3937756822,40,2943.6,2463.4,2141.8,0,0,738688.522949002,1398,2,0
97779.4337747486,40,2942,2532.8,2167,0,0,738688.522949465,1398,2,0
97779.473773815,40,2915.8,2636.4,2209.8,0,0,738688.522949928,1398,2,0
97779.5137728814,40,2839.8,2749.6,2265.6,0,0,738688.522950391,1398,2,0
97779.5537719478,40,2742.4,2873.8,2348.2,0,0,738688.522950854,1398,2,0
97779.5937710142,40,2615.2,2956,2447.8,0,0,738688.522951317,1398,2,0
97779.6337700806,40,2505.6,2978.2,2550.4,0,0,738688.52295178,1398,2,0
97779.673769147,40,2440.4,2971,2624.4,0,0,738688.522952243,1398,2,0
97779.7137682134,40,2454.4,2959.2,2589.8,0,0,738688.522952706,1398,2,0
97779.7537672797,40,2499,2902.8,2514.2,0,0,738688.522953169,1398,2,0
97779.7937663462,40,2606,2917.4,2435.2,0,0,738688.522953632,1398,2,0
97779.8337654125,40,2763,2886.6,2340,0,0,738688.522954095,1398,2,0
97779.873764479,40,2911.2,2779,2260.2,0,0,738688.522954558,1398,2,0
97779.9137635454,40,3021,2648.4,2201.8,0,0,738688.522955021,1398,2,0
97779.9537626118,40,3018.6,2522.4,2156.4,0,0,738688.522955484,1398,2,0
97779.9937616782,40,2994.2,2442.8,2126.4,0,0,738688.522955947,1398,2,0
97780.0337607446,40,2957.8,2397.6,2117.2,0,0,738688.52295641,1398,2,0
97780.073759811,40,2952,2401.4,2119.2,0,0,738688.522956873,1398,2,0
97780.1137588774,40,2975,2429.2,2126.8,0,0,738688.522957336,1398,2,0
97780.1537579438,40,2979.8,2472.6,2141.6,0,0,738688.522957798,1398,2,0
97780.1937570102,40,2959.4,2555.6,2174.6,0,0,738688.522958261,1398,2,0
97780.2337560766,40,2926.8,2660.8,2218,0,0,738688.522958724,1398,2,0
97780.273755143,40,2832.6,2772,2277.8,0,0,738688.522959187,1398,2,0
97780.3137542094,40,2719.6,2874.4,2353.2,0,0,738688.52295965,1398,2,0
97780.3537532758,40,2606.2,2960.2,2454.6,0,0,738688.522960113,1398,2,0
97780.3937523422,40,2507.6,2986.2,2547.8,0,0,738688.522960576,1398,2,0
97780.4337514086,40,2451.2,2985.4,2618.4,0,0,738688.522961039,1398,2,0
97780.473750475,40,2462.6,2960.2,2582.8,0,0,738688.522961502,1398,2,0
97780.5137495414,40,2498.2,2900.2,2507.4,0,0,738688.522961965,1398,2,0
97780.5537486078,40,2609.2,2914.8,2427.6,0,0,738688.522962428,1398,2,0
97780.5937476742,40,2761,2877.6,2337.6,0,0,738688.522962891,1398,2,0
97780.6337467406,40,2900.8,2782,2260.6,0,0,738688.522963354,1398,2,0
97780.673745807,40,2999,2646.6,2199.8,0,0,738688.522963817,1398,2,0
97780.7137448734,40,3016.2,2530.6,2159,0,0,738688.52296428,1398,2,0
97780.7537439397,40,2992.2,2450,2131,0,0,738688.522964743,1398,2,0
97780.7937430062,40,2948.8,2401,2116.6,0,0,738688.522965206,1398,2,0
97780.8337420725,40,2929.6,2398,2119,0,0,738688.522965669,1398,2,0
97780.873741139,40,2949.6,2423.6,2127.2,0,0,738688.522966132,1398,2,0
97780.9137402053,40,2970.6,2473.4,2144.4,0,0,738688.522966595,1398,2,0
97780.9537392718,40,2985.8,2554.8,2171.4,0,0,738688.522967058,1398,2,0
97780.9937383381,40,2970.4,2681.8,2217,0,0,738688.522967521,1398,2,0
97781.0337374046,40,2897.6,2832.4,2286.2,0,0,738688.522967984,1398,2,0
97781.0737364709,40,2757.8,2966.6,2381.2,0,0,738688.522968446,1398,2,0
97781.1137355374,40,2613,3048.8,2494,0,0,738688.522968909,1398,2,0
97781.1537346038,40,2491.8,3042.6,2605.4,0,0,738688.522969372,1398,2,0
97781.1937336702,40,2425.2,2968,2646.2,0,0,738688.522969835,1398,2,0
97781.2337327366,40,2422,2884.2,2583.6,0,0,738688.522970298,1398,2,0
97781.273731803,40,2514.6,2959.2,2525.4,0,0,738688.522970761,1398,2,0
97781.3137308694,40,2635.2,2993,2449.8,0,0,738688.522971224,1398,2,0
97781.3537299358,40,2788.6,2970.6,2364.2,0,0,738688.522971687,1398,2,0
97781.3937290022,40,2921,2854,2280.4,0,0,738688.52297215,1398,2,0
97781.4337280686,40,2996.2,2702.2,2221.2,0,0,738688.522972613,1398,2,0
97781.4737271349,40,3026,2574.4,2168.2,0,0,738688.522973076,1398,2,0
97781.5137262014,40,3001.4,2475.6,2139.4,0,0,738688.522973539,1398,2,0
97781.5537252677,40,2946,2424.6,2128.8,0,0,738688.522974002,1398,2,0
97781.5937243342,40,2913.2,2422.6,2124.6,0,0,738688.522974465,1398,2,0
97781.6337234005,40,2896.4,2443.2,2134.6,0,0,738688.522974928,1398,2,0
97781.673722467,40,2900.8,2491,2155.2,0,0,738688.522975391,1398,2,0
97781.7137215333,40,2885.6,2566.8,2186.2,0,0,738688.522975854,1398,2,0
97781.7537205998,40,2862,2677.8,2234.2,0,0,738688.522976317,1398,2,0
97781.7937196662,40,2806.8,2824.8,2300,0,0,738688.522976779,1398,2,0
97781.8337187326,40,2688.8,2948.8,2402.8,0,0,738688.522977242,1398,2,0
97781.873717799,40,2555.6,3018.8,2519.8,0,0,738688.522977705,1398,2,0
97781.9137168654,40,2454.4,3021.4,2642.6,0,0,738688.522978168,1398,2,0
97781.9537159318,40,2399.6,2957.6,2677.4,0,0,738688.522978631,1398,2,0
97781.9937149982,40,2413.4,2901.8,2608.2,0,0,738688.522979094,1398,2,0
97782.1547112404,161,2940.2,2823.6,2271,0,0,738688.522980958,1398,2,0
97782.1947103068,40,3008.4,2679.8,2209.2,0,0,738688.522981421,1398,2,0
97782.2347093732,40,3020.2,2557.2,2165.6,0,0,738688.522981884,1398,2,0
97782.2747084396,40,2992,2471.2,2139.8,0,0,738688.522982347,1398,2,0
97782.314707506,40,2957.6,2424.6,2122.2,0,0,738688.522982809,1398,2,0
97782.3547065724,40,2929.6,2421.6,2125.6,0,0,738688.522983272,1398,2,0
97782.3947056388,40,2925,2444,2134,0,0,738688.522983735,1398,2,0
97782.4347047052,40,2923.8,2498,2155.6,0,0,738688.522984198,1398,2,0
97782.4747037716,40,2910.6,2581.8,2190.6,0,0,738688.522984661,1398,2,0
97782.514702838,40,2857.2,2700,2241.2,0,0,738688.522985124,1398,2,0
97782.5547019044,40,2788.8,2843.4,2321.6,0,0,738688.522985587,1398,2,0
97782.5947009708,40,2658.4,2951.6,2418.4,0,0,738688.52298605,1398,2,0
97782.6347000372,40,2531.4,3008,2537.4,0,0,738688.522986513,1398,2,0
97782.6746991036,40,2432,2995,2646.6,0,0,738688.522986976,1398,2,0
97782.71469817,40,2397.8,2948.6,2668.8,0,0,738688.522987439,1398,2,0
97782.7546972364,40,2413,2876.2,2587.8,0,0,738688.522987902,1398,2,0
97782.7946963028,40,2494.4,2923,2522.8,0,0,738688.522988365,1398,2,0
97782.8346953692,40,2632,2959.2,2436.6,0,0,738688.522988828,1398,2,0
97782.8746944356,40,2790.6,2916.6,2341.4,0,0,738688.522989291,1398,2,0
97782.914693502,40,2944.8,2803,2262.6,0,0,738688.522989754,1398,2,0
97782.9546925684,40,3025.4,2666.4,2202,0,0,738688.522990217,1398,2,0
97782.9946916348,40,3027.8,2549.6,2162,0,0,738688.52299068,1398,2,0
97783.0346907012,40,3010.6,2472.6,2138,0,0,738688.522991143,1398,2,0
97783.0746897676,40,2976.8,2436.8,2129.8,0,0,738688.522991606,1398,2,0
97783.114688834,40,2973.2,2447.2,2131.8,0,0,738688.522992069,1398,2,0
97783.1546879004,40,2973.8,2484,2143.2,0,0,738688.522992532,1398,2,0
97783.1946869668,40,2994,2559,2171.6,0,0,738688.522992994,1398,2,0
97783.2346860332,40,2973.4,2676.8,2212.8,0,0,738688.522993457,1398,2,0
97783.2746850996,40,2896,2813.6,2276.4,0,0,738688.52299392,1398,2,0
97783.314684166,40,2766.8,2954,2368.6,0,0,738688.522994383,1398,2,0
97783.3546832324,40,2607.2,3022.4,2480.4,0,0,738688.522994846,1398,2,0
97783.3946822988,40,2472.4,3005.8,2605,0,0,738688.522995309,1398,2,0
97783.4346813652,40,2384.2,2943.2,2691.8,0,0,738688.522995772,1398,2,0
97783.4746804316,40,2365.6,2858.2,2639.8,0,0,738688.522996235,1398,2,0
97783.514679498,40,2436.4,2925,2598.4,0,0,738688.522996698,1398,2,0
97783.5546785644,40,2542.2,2987.4,2514.6,0,0,738688.522997161,1398,2,0
97783.5946776308,40,2687,3021.4,2430.8,0,0,738688.522997624,1398,2,0
97783.6346766972,40,2838.4,2943.2,2335,0,0,738688.522998087,1398,2,0
97783.6746757636,40,2953.8,2795.6,2257.2,0,0,738688.52299855,1398,2,0
97783.71467483,40,3016.8,2649.4,2195.4,0,0,738688.522999013,1398,2,0
97783.7546738964,40,3016.4,2530.4,2154.8,0,0,738688.522999476,1398,2,0
97783.7946729628,40,2957.6,2452.4,2132,0,0,738688.522999939,1398,2,0
97783.8346720292,40,2890.2,2415.2,2129.4,0,0,738688.523000402,1398,2,0
97783.8746710956,40,2857.2,2424.6,2131,0,0,738688.523000865,1398,2,0
97783.914670162,40,2842.8,2463,2150.8,0,0,738688.523001328,1398,2,0
97783.9546692284,40,2882.6,2532.4,2175,0,0,738688.523001791,1398,2,0
97783.9946682948,40,2907.4,2648.2,2219.6,0,0,738688.523002253,1398,2,0
97784.0346673612,40,2872.6,2799.4,2277.6,0,0,738688.523002716,1398,2,0
97784.0746664276,40,2755.4,2955.2,2375,0,0,738688.523003179,1398,2,0
97784.114665494,40,2611.4,3055.8,2492.8,0,0,738688.523003642,1398,2,0
97784.1546645604,40,2481.2,3062.4,2626.6,0,0,738688.523004105,1398,2,0
97784.1946636268,40,2403.2,2999,2702.4,0,0,738688.523004568,1398,2,0
97784.2346626932,40,2410,2945.2,2649,0,0,738688.523005031,1398,2,0
97784.2746617596,40,2442,2885,2554,0,0,738688.523005494,1398,2,0
97784.314660826,40,2561.2,2947.4,2477.6,0,0,738688.523005957,1398,2,0
97784.3546598924,40,2717.8,2976.8,2395.2,0,0,738688.52300642,1398,2,0
97784.3946589588,40,2858,2900.4,2311.6,0,0,738688.523006883,1398,2,0
97784.4346580252,40,2958.2,2759.6,2243.8,0,0,738688.523007346,1398,2,0
97784.4746570916,40,3000,2637.2,2195.6,0,0,738688.523007809,1398,2,0
97784.514656158,40,3025.4,2543,2158.8,0,0,738688.523008272,1398,2,0
97784.5546552244,40,2976.6,2476.2,2139.4,0,0,738688.523008735,1398,2,0
97784.5946542908,40,2924.6,2459.6,2138.6,0,0,738688.523009198,1398,2,0
97784.6346533572,40,2893,2478.2,2149,0,0,738688.523009661,1398,2,0
97784.6746524236,40,2880.8,2516,2171.2,0,0,738688.523010124,1398,2,0
97784.71465149,40,2876.6,2607.6,2207.4,0,0,738688.523010587,1398,2,0
97784.7546505564,40,2861,2734.8,2257,0,0,738688.52301105,1398,2,0
97784.7946496228,40,2782.6,2884.4,2338.6,0,0,738688.523011512,1398,2,0
97784.8346486892,40,2646.2,3002.4,2448.6,0,0,738688.523011975,1398,2,0
97784.8746477556,40,2512.6,3044.8,2579.6,0,0,738688.523012438,1398,2,0
97784.914646822,40,2418.6,3010.6,2691.4,0,0,738688.523012901,1398,2,0
97784.9546458884,40,2397,2955.2,2679,0,0,738688.523013364,1398,2,0
97784.9946449548,40,2416.2,2875.4,2580.8,0,0,738688.523013827,1398,2,0
97785.0346440212,40,2516.4,2933.2,2504.6,0,0,738688.52301429,1398,2,0
97785.0746430876,40,2673.4,2971.6,2423.4,0,0,738688.523014753,1398,2,0
97785.114642154,40,2833.4,2926.6,2332.2,0,0,738688.523015216,1398,2,0
97785.1546412204,40,2957.2,2785.4,2251.8,0,0,738688.523015679,1398,2,0
97785.1946402868,40,3018.8,2648.2,2195.2,0,0,738688.523016142,1398,2,0
97785.2346393532,40,3014.8,2533.2,2159.4,0,0,738688.523016605,1398,2,0
97785.2746384196,40,2993.8,2463.2,2135.2,0,0,738688.523017068,1398,2,0
97785.314637486,40,2943.6,2424.4,2126.4,0,0,738688.523017531,1398,2,0
97785.3546365524,40,2918,2424.2,2128.2,0,0,738688.523017994,1398,2,0
97785.3946356188,40,2912.4,2458.2,2147.2,0,0,738688.523018457,1398,2,0
97785.4346346852,40,2906.4,2517.4,2165.2,0,0,738688.52301892,1398,2,0
97785.4746337516,40,2891.8,2610.4,2198.6,0,0,738688.523019383,1398,2,0
97785.514632818,40,2848.4,2741.8,2261.2,0,0,738688.523019846,1398,2,0
97785.5546318844,40,2756,2897.8,2348,0,0,738688.523020309,1398,2,0
97785.5946309508,40,2608.4,2990.8,2469.4,0,0,738688.523020772,1398,2,0
97785.6346300172,40,2476.4,3021.6,2606,0,0,738688.523021235,1398,2,0
97785.6746290836,40,2405.8,2985.4,2697.8,0,0,738688.523021697,1398,2,0
97785.71462815,40,2403,2927.6,2634.2,0,0,738688.52302216,1398,2,0
97785.7546272164,40,2444,2888.6,2550.2,0,0,738688.523022623,1398,2,0
97785.7946262828,40,2571.4,2964.6,2482.2,0,0,738688.523023086,1398,2,0
97785.8346253492,40,2715,2955.6,2387.8,0,0,738688.523023549,1398,2,0
97785.8746244156,40,2869,2876.2,2303.4,0,0,738688.523024012,1398,2,0
97785.914623482,40,2984.4,2743.2,2231,0,0,738688.523024475,1398,2,0
97785.9546225484,40,3011,2615.4,2184,0,0,738688.523024938,1398,2,0
97785.9946216148,40,3016.4,2514,2147.2,0,0,738688.523025401,1398,2,0
97786.0346206812,40,2976.6,2442.6,2132.2,0,0,738688.523025864,1398,2,0
97786.0746197476,40,2950.2,2420.8,2123,0,0,738688.523026327,1398,2,0
97786.114618814,40,2925.4,2436.2,2133.6,0,0,738688.52302679,1398,2,0
97786.1546178804,40,2913.2,2469.4,2148,0,0,738688.523027253,1398,2,0
97786.1946169468,40,2907.4,2550.2,2181.2,0,0,738688.523027716,1398,2,0
97786.2346160132,40,2877.4,2665.6,2227,0,0,738688.523028179,1398,2,0
97786.2746150796,40,2792.4,2815.6,2303.6,0,0,738688.523028642,1398,2,0
97786.314614146,40,2669,2940.8,2411.4,0,0,738688.523029105,1398,2,0
97786.3546132124,40,2526.6,2997.6,2537.6,0,0,738688.523029568,1398,2,0
97786.3946122788,40,2415.8,2966.6,2661.6,0,0,738688.523030031,1398,2,0
97786.4346113452,40,2368.4,2910.8,2680.8,0,0,738688.523030494,1398,2,0
97786.4746104116,40,2395.6,2882,2613.6,0,0,738688.523030957,1398,2,0
97786.514609478,40,2498.4,2962.2,2546,0,0,738688.523031419,1398,2,0
97786.5546085444,40,2630.8,2990.6,2455.4,0,0,738688.523031882,1398,2,0
97786.5946076108,40,2786,2942,2353.4,0,0,738688.523032345,1398,2,0
97786.6346066772,40,2928.4,2819.4,2267,0,0,738688.523032808,1398,2,0
97786.6746057436,40,3021.8,2673,2203.6,0,0,738688.523033271,1398,2,0
97786.71460481,40,3027.2,2542,2159.2,0,0,738688.523033734,1398,2,0
97786.7546038764,40,2997.8,2459.2,2132.6,0,0,738688.523034197,1398,2,0
97786.7946029428,40,2956,2408.4,2121,0,0,738688.52303466,1398,2,0
97786.8346020092,40,2921.6,2402.2,2120.2,0,0,738688.523035123,1398,2,0
97786.8746010756,40,2912.4,2426.2,2129.6,0,0,738688.523035586,1398,2,0
97786.914600142,40,2920.8,2481,2148.8,0,0,738688.523036049,1398,2,0
97786.9545992084,40,2908.6,2564.2,2183.8,0,0,738688.523036512,1398,2,0
97786.9945982748,40,2858.6,2688,2241.2,0,0,738688.523036975,1398,2,0
97787.0345973412,40,2761.8,2825.2,2319,0,0,738688.523037438,1398,2,0
97787.0745964076,40,2617,2928.4,2426.4,0,0,738688.523037901,1398,2,0
97787.114595474,40,2491.6,2977,2562.8,0,0,738688.523038364,1398,2,0
97787.1545945404,40,2394.2,2944.6,2681.4,0,0,738688.523038827,1398,2,0
97787.1945936068,40,2355.8,2890.8,2688,0,0,738688.52303929,1398,2,0
97787.2345926732,40,2386.4,2866.4,2613.2,0,0,738688.523039753,1398,2,0
97787.2745917396,40,2484.4,2940.8,2546.8,0,0,738688.523040216,1398,2,0
97787.314590806,40,2616.6,2961.6,2445,0,0,738688.523040678,1398,2,0
97787.3545898724,40,2771,2922,2348.6,0,0,738688.523041141,1398,2,0
97787.3945889388,40,2932.6,2814.6,2265.6,0,0,738688.523041604,1398,2,0
97787.4345880052,40,3024,2667.8,2203.8,0,0,738688.523042067,1398,2,0
97787.4745870716,40,3028.4,2538.6,2160.6,0,0,738688.52304253,1398,2,0
97787.514586138,40,2986.6,2445.4,2131,0,0,738688.523042993,1398,2,0
97787.5545852044,40,2943.6,2395.8,2117.8,0,0,738688.523043456,1398,2,0
97787.5945842708,40,2904,2382.8,2118.2,0,0,738688.523043919,1398,2,0
97787.6345833372,40,2897.4,2404.2,2119.8,0,0,738688.523044382,1398,2,0
97787.6745824036,40,2908.2,2449,2142.4,0,0,738688.523044845,1398,2,0
97787.71458147,40,2901,2533,2172.2,0,0,738688.523045308,1398,2,0
97787.7545805364,40,2872,2654,2221.4,0,0,738688.523045771,1398,2,0
97787.7945796028,40,2809.6,2810.2,2300,0,0,738688.523046234,1398,2,0
97787.8345786692,40,2672.2,2944,2404.2,0,0,738688.523046697,1398,2,0
97787.8745777356,40,2525.4,3002.8,2540.8,0,0,738688.52304716,1398,2,0
97787.914576802,40,2409.8,2977.8,2677,0,0,738688.523047623,1398,2,0
97787.9545758684,40,2361,2932.8,2729.8,0,0,738688.523048086,1398,2,0
97787.9945749348,40,2370.8,2872.8,2656.6,0,0,738688.523048549,1398,2,0
97788.0345740012,40,2440.2,2923,2583,0,0,738688.523049012,1398,2,0
97788.0745730676,40,2571.6,2992.4,2493.2,0,0,738688.523049475,1398,2,0
97788.114572134,40,2737.2,2978.6,2393.4,0,0,738688.523049938,1398,2,0
97788.1545712004,40,2893.4,2871.8,2291,0,0,738688.523050401,1398,2,0
97788.1945702668,40,2987,2726.6,2228.4,0,0,738688.523050863,1398,2,0
97788.2345693332,40,3013.8,2579.8,2176,0,0,738688.523051326,1398,2,0
97788.2745683996,40,2996.8,2477,2143.6,0,0,738688.523051789,1398,2,0
97788.314567466,40,2948.2,2418.2,2125,0,0,738688.523052252,1398,2,0
97788.3545665324,40,2893.4,2402,2122.4,0,0,738688.523052715,1398,2,0
97788.3945655988,40,2876,2414.4,2128.6,0,0,738688.523053178,1398,2,0
97788.4345646652,40,2870.6,2459.8,2146,0,0,738688.523053641,1398,2,0
97788.4745637316,40,2884.2,2534.2,2174.6,0,0,738688.523054104,1398,2,0
97788.514562798,40,2889.2,2657.4,2221.4,0,0,738688.523054567,1398,2,0
97788.5545618644,40,2847.2,2810.8,2288.4,0,0,738688.52305503,1398,2,0
97788.5945609308,40,2727.4,2954.6,2389,0,0,738688.523055493,1398,2,0
97788.6345599972,40,2583,3038.4,2512.2,0,0,738688.523055956,1398,2,0
97788.6745590636,40,2458.4,3042.4,2646.8,0,0,738688.523056419,1398,2,0
97788.71455813,40,2393.8,2978.8,2706,0,0,738688.523056882,1398,2,0
97788.7545571964,40,2397.2,2931.6,2657.2,0,0,738688.523057345,1398,2,0
97788.7945562628,40,2434.2,2888.8,2571.6,0,0,738688.523057808,1398,2,0
97788.8345553292,40,2560.4,2969.2,2486.6,0,0,738688.523058271,1398,2,0
97788.8745543956,40,2704,2959,2395.6,0,0,738688.523058734,1398,2,0
97788.914553462,40,2863.6,2879.4,2304.8,0,0,738688.523059197,1398,2,0
97788.9545525284,40,2984.8,2741.6,2233.2,0,0,738688.52305966,1398,2,0
97788.9945515948,40,3017.4,2596.4,2177.6,0,0,738688.523060123,1398,2,0
97789.0345506612,40,3003.4,2493,2147.4,0,0,738688.523060585,1398,2,0
97789.0745497276,40,2963.2,2424.2,2126,0,0,738688.523061048,1398,2,0
97789.114548794,40,2931.2,2405,2120,0,0,738688.523061511,1398,2,0
97789.1545478604,40,2929.8,2423.2,2127.2,0,0,738688.523061974,1398,2,0
97789.1945469268,40,2953,2470.8,2144.6,0,0,738688.523062437,1398,2,0
97789.2345459932,40,2959.2,2552.8,2171.8,0,0,738688.5230629,1398,2,0
97789.2745450596,40,2931.6,2660.2,2214,0,0,738688.523063363,1398,2,0
97789.314544126,40,2863.8,2804.2,2285,0,0,738688.523063826,1398,2,0
97789.3545431924,40,2733.8,2944.2,2374.6,0,0,738688.523064289,1398,2,0
97789.3945422588,40,2581.8,3010.8,2497.2,0,0,738688.523064752,1398,2,0
97789.4345413252,40,2457.6,3001.8,2626.8,0,0,738688.523065215,1398,2,0
97789.4745403916,40,2379,2938,2700,0,0,738688.523065678,1398,2,0
97789.514539458,40,2361.2,2862.4,2657.4,0,0,738688.523066141,1398,2,0
97789.5545385244,40,2423.6,2919.2,2609.6,0,0,738688.523066604,1398,2,0
97789.5945375908,40,2541.4,3001.4,2526.2,0,0,738688.523067067,1398,2,0
97789.6345366572,40,2681.6,3031.6,2435,0,0,738688.52306753,1398,2,0
97789.6745357236,40,2831,2941.8,2339.8,0,0,738688.523067993,1398,2,0
97789.71453479,40,2950.2,2785.2,2256,0,0,738688.523068456,1398,2,0
97789.7545338564,40,3014,2619.8,2190,0,0,738688.523068919,1398,2,0
97789.7945329228,40,3007.8,2496,2147.6,0,0,738688.523069382,1398,2,0
97789.8345319892,40,2928.8,2413.8,2123.8,0,0,738688.523069844,1398,2,0
97789.8745310556,40,2845.4,2369,2111.8,0,0,738688.523070307,1398,2,0
97789.914530122,40,2787.6,2356.4,2112.8,0,0,738688.52307077,1398,2,0
97789.9545291884,40,2784.4,2378.6,2124.2,0,0,738688.523071233,1398,2,0
97789.9945282548,40,2856,2421.6,2136.8,0,0,738688.523071696,1398,2,0
97790.0345273212,40,2932.6,2503.8,2157,0,0,738688.523072159,1398,2,0
97790.0745263876,40,2964.4,2635,2202.4,0,0,738688.523072622,1398,2,0
97790.114525454,40,2921,2812.4,2270.6,0,0,738688.523073085,1398,2,0
97790.1545245204,40,2773.8,2969,2376,0,0,738688.523073548,1398,2,0
97790.1945235868,40,2603.8,3071.8,2512.4,0,0,738688.523074011,1398,2,0
97790.2345226532,40,2452.8,3036.2,2658,0,0,738688.523074474,1398,2,0
97790.2745217196,40,2362.8,2939,2733.4,0,0,738688.523074937,1398,2,0
97790.314520786,40,2342.2,2841.6,2675.6,0,0,738688.5230754,1398,2,0
97790.3545198524,40,2406.6,2918.2,2625.4,0,0,738688.523075863,1398,2,0
97790.3945189188,40,2535.8,3025.6,2543.6,0,0,738688.523076326,1398,2,0
97790.4345179852,40,2683.4,3044.4,2444.2,0,0,738688.523076789,1398,2,0
97790.4745170516,40,2827.6,2933,2333.6,0,0,738688.523077252,1398,2,0
97790.514516118,40,2960.6,2773,2245,0,0,738688.523077715,1398,2,0
97790.5545151844,40,2995.8,2606.4,2184.8,0,0,738688.523078178,1398,2,0
97790.5945142508,40,2930,2480.2,2146.4,0,0,738688.523078641,1398,2,0
97790.6345133172,40,2860.2,2417.6,2131.4,0,0,738688.523079104,1398,2,0
97790.6745123836,40,2786,2389.4,2125,0,0,738688.523079567,1398,2,0
97790.71451145,40,2831.2,2422.2,2132.8,0,0,738688.523080029,1398,2,0
97790.7545105164,40,2907.8,2473,2147,0,0,738688.523080492,1398,2,0
97790.7945095828,40,2939.4,2541.4,2170.6,0,0,738688.523080955,1398,2,0
97790.8345086492,40,2977.6,2680.6,2213.4,0,0,738688.523081418,1398,2,0
97790.8745077156,40,2914.2,2834.8,2281.4,0,0,738688.523081881,1398,2,0
97790.914506782,40,2768.6,2980.6,2375.2,0,0,738688.523082344,1398,2,0
97790.9545058484,40,2611.8,3066.2,2507,0,0,738688.523082807,1398,2,0
97790.9945049148,40,2467.8,3028,2625,0,0,738688.52308327,1398,2,0
97791.0345039812,40,2380.4,2959.6,2713,0,0,738688.523083733,1398,2,0
97791.0745030476,40,2359.8,2861.6,2662.6,0,0,738688.523084196,1398,2,0
97791.114502114,40,2414.8,2904.6,2600.4,0,0,738688.523084659,1398,2,0
97791.1545011804,40,2543.4,3019,2532.8,0,0,738688.523085122,1398,2,0
97791.1945002468,40,2685,3035.2,2437.6,0,0,738688.523085585,1398,2,0
97791.2344993132,40,2820.2,2930.4,2337.8,0,0,738688.523086048,1398,2,0
97791.2744983796,40,2954.2,2778.4,2247.4,0,0,738688.523086511,1398,2,0
97791.314497446,40,3002.8,2612.8,2186.8,0,0,738688.523086974,1398,2,0
97791.3544965124,40,2941.2,2482.6,2146.4,0,0,738688.523087437,1398,2,0
97791.3944955788,40,2879.4,2418.4,2127.6,0,0,738688.5230879,1398,2,0
97791.4344946452,40,2799.8,2385.2,2124.2,0,0,738688.523088363,1398,2,0
97791.4744937116,40,2795,2397.4,2134.6,0,0,738688.523088826,1398,2,0
97791.514492778,40,2874.4,2453.2,2144.6,0,0,738688.523089289,1398,2,0
97791.5544918444,40,2916.2,2522.8,2163.2,0,0,738688.523089751,1398,2,0
97791.5944909108,40,2955.6,2659.8,2211.4,0,0,738688.523090214,1398,2,0
97791.6344899772,40,2907.6,2824.4,2278.2,0,0,738688.523090677,1398,2,0
97791.6744890436,40,2772,2971,2377.6,0,0,738688.52309114,1398,2,0
97791.71448811,40,2608.6,3041,2497.2,0,0,738688.523091603,1398,2,0
97791.7544871764,40,2470,3023.6,2619,0,0,738688.523092066,1398,2,0
97791.7944862428,40,2379.8,2935.8,2692.8,0,0,738688.523092529,1398,2,0
97791.8344853092,40,2352.8,2858.8,2667,0,0,738688.523092992,1398,2,0
97791.8744843756,40,2414.8,2898.6,2599.2,0,0,738688.523093455,1398,2,0
97791.914483442,40,2537,2999.6,2532.6,0,0,738688.523093918,1398,2,0
97791.9544825084,40,2677.8,3018.8,2436,0,0,738688.523094381,1398,2,0
97791.9944815748,40,2826.8,2935.4,2338.4,0,0,738688.523094844,1398,2,0
97792.0344806412,40,2940.2,2796.4,2260.8,0,0,738688.523095307,1398,2,0
97792.0744797076,40,3004.4,2658.2,2198,0,0,738688.52309577,1398,2,0
97792.114478774,40,3013.8,2545.8,2162.6,0,0,738688.523096233,1398,2,0
97792.1544778404,40,2955.2,2482.2,2143,0,0,738688.523096696,1398,2,0
97792.1944769068,40,2899.4,2470,2144.6,0,0,738688.523097159,1398,2,0
97792.2344759732,40,2866.2,2488.8,2155.8,0,0,738688.523097622,1398,2,0
97792.2744750396,40,2848.6,2521.8,2170,0,0,738688.523098085,1398,2,0
97792.314474106,40,2873.6,2603.4,2205.4,0,0,738688.523098547,1398,2,0
97792.3544731724,40,2885.6,2718.2,2245.6,0,0,738688.52309901,1398,2,0
97792.3944722388,40,2811.6,2851.2,2311.6,0,0,738688.523099473,1398,2,0
97792.4344713052,40,2690.8,2966.8,2407.8,0,0,738688.523099936,1398,2,0
97792.4744703716,40,2549.6,3021.4,2524.8,0,0,738688.523100399,1398,2,0
97792.514469438,40,2436,2994.2,2642,0,0,738688.523100862,1398,2,0
97792.5544685044,40,2379.4,2945.6,2693,0,0,738688.523101325,1398,2,0
97792.5944675708,40,2405.2,2940.6,2644.4,0,0,738688.523101788,1398,2,0
97792.6344666372,40,2458.6,2902.8,2549.4,0,0,738688.523102251,1398,2,0
97792.6744657036,40,2567.6,2930.2,2462.2,0,0,738688.523102714,1398,2,0
97792.71446477,40,2716.8,2918.8,2379.4,0,0,738688.523103177,1398,2,0
97792.7544638364,40,2836.8,2831.6,2295.2,0,0,738688.52310364,1398,2,0
97792.7944629028,40,2950.6,2750.4,2240.6,0,0,738688.523104103,1398,2,0
97792.8344619692,40,3003.2,2659.2,2202,0,0,738688.523104566,1398,2,0
97792.8744610356,40,3016,2590,2176.8,0,0,738688.523105029,1398,2,0
97792.914460102,40,3000.8,2545.4,2160.8,0,0,738688.523105492,1398,2,0
97792.9544591684,40,2989,2538.8,2166.8,0,0,738688.523105955,1398,2,0
97792.9944582348,40,2972.4,2555.6,2172.8,0,0,738688.523106418,1398,2,0
97793.0344573012,40,2948.2,2580.2,2181.6,0,0,738688.523106881,1398,2,0
97793.0744563676,40,2913.6,2621,2205,0,0,738688.523107344,1398,2,0
97793.114455434,40,2870,2679.4,2232.2,0,0,738688.523107807,1398,2,0
97793.1544545004,40,2811.6,2753,2277.2,0,0,738688.52310827,1398,2,0
97793.1944535668,40,2733.4,2830.2,2329,0,0,738688.523108732,1398,2,0
97793.2344526332,40,2659.2,2902.8,2390.2,0,0,738688.523109195,1398,2,0
97793.2744516996,40,2610.4,2955.2,2451.6,0,0,738688.523109658,1398,2,0
97793.314450766,40,2595,2991.4,2479,0,0,738688.523110121,1398,2,0
97793.3544498324,40,2661.8,3004.6,2443.8,0,0,738688.523110584,1398,2,0
97793.3944488988,40,2771.6,2970,2370.6,0,0,738688.523111047,1398,2,0
97793.4344479652,40,2889.2,2874.8,2298.4,0,0,738688.52311151,1398,2,0
97793.4744470316,40,2971,2746.8,2239.2,0,0,738688.523111973,1398,2,0
97793.514446098,40,2992.4,2624,2192,0,0,738688.523112436,1398,2,0
97793.5544451644,40,2978.8,2532.6,2160.4,0,0,738688.523112899,1398,2,0
97793.5944442308,40,2948.4,2475,2143.6,0,0,738688.523113362,1398,2,0
97793.6344432972,40,2945.2,2465,2140.8,0,0,738688.523113825,1398,2,0
97793.6744423636,40,2946.6,2491,2148.2,0,0,738688.523114288,1398,2,0
97793.71444143,40,2961.4,2543.6,2171.2,0,0,738688.523114751,1398,2,0
97793.7544404964,40,2952.8,2623.4,2197.4,0,0,738688.523115214,1398,2,0
97793.7944395628,40,2913.6,2734.8,2245.4,0,0,738688.523115677,1398,2,0
97793.8344386292,40,2835.6,2864.4,2312.2,0,0,738688.52311614,1398,2,0
97793.8744376956,40,2717.6,2964.2,2395.4,0,0,738688.523116603,1398,2,0
97793.914436762,40,2613,3010.8,2477.2,0,0,738688.523117066,1398,2,0
97793.9544358284,40,2587,3007.6,2486.6,0,0,738688.523117529,1398,2,0
97793.9944348948,40,2651.8,2961.4,2425.4,0,0,738688.523117992,1398,2,0
97794.0344339612,40,2745.2,2900,2357.6,0,0,738688.523118454,1398,2,0
97794.0744330276,40,2844.4,2809.8,2289.2,0,0,738688.523118917,1398,2,0
97794.114432094,40,2917,2702.8,2234,0,0,738688.52311938,1398,2,0
97794.1544311604,40,2939,2597.8,2189.8,0,0,738688.523119843,1398,2,0
97794.1944302268,40,2946,2526.8,2165.6,0,0,738688.523120306,1398,2,0
97794.2344292932,40,2947.2,2497.2,2150.8,0,0,738688.523120769,1398,2,0
97794.2744283596,40,2956.2,2504.4,2154.8,0,0,738688.523121232,1398,2,0
97794.314427426,40,2960.8,2527.2,2158.2,0,0,738688.523121695,1398,2,0
97794.3544264924,40,2968.8,2587.4,2180,0,0,738688.523122158,1398,2,0
97794.3944255588,40,2949.2,2672.4,2218.6,0,0,738688.523122621,1398,2,0
97794.4344246252,40,2889.4,2790.4,2272.2,0,0,738688.523123084,1398,2,0
97794.4744236916,40,2777.4,2908.4,2345.8,0,0,738688.523123547,1398,2,0
97794.514422758,40,2656.8,2988,2433.6,0,0,738688.52312401,1398,2,0
97794.5544218244,40,2578.8,3013.6,2503.4,0,0,738688.523124473,1398,2,0
97794.5944208908,40,2593.2,2987.6,2479,0,0,738688.523124936,1398,2,0
97794.6344199572,40,2654,2941.2,2413.8,0,0,738688.523125399,1398,2,0
97794.6744190236,40,2717.4,2873.2,2352,0,0,738688.523125862,1398,2,0
97794.71441809,40,2782.4,2772.8,2289.8,0,0,738688.523126325,1398,2,0
97794.7544171564,40,2830,2682.4,2245.4,0,0,738688.523126788,1398,2,0
97794.7944162228,40,2878,2614.4,2198.6,0,0,738688.523127251,1398,2,0
97794.8344152892,40,2915.6,2565.4,2178.8,0,0,738688.523127713,1398,2,0
97794.8744143556,40,2965.2,2552.6,2173,0,0,738688.523128176,1398,2,0
97794.914413422,40,3000.4,2591,2179.6,0,0,738688.523128639,1398,2,0
97794.9544124884,40,3026.6,2648.2,2195.6,0,0,738688.523129102,1398,2,0
97794.9944115548,40,2990.4,2740.4,2231,0,0,738688.523129565,1398,2,0
97795.0344106212,40,2921.2,2864.4,2289.2,0,0,738688.523130028,1398,2,0
97795.0744096876,40,2795.2,2991.6,2372.8,0,0,738688.523130491,1398,2,0
97795.114408754,40,2645.8,3025.2,2464.8,0,0,738688.523130954,1398,2,0
97795.1544078204,40,2523.4,3004,2544.2,0,0,738688.523131417,1398,2,0
97795.1944068868,40,2458.8,2967.4,2585,0,0,738688.52313188,1398,2,0
97795.2344059532,40,2494.4,2960.6,2545,0,0,738688.523132343,1398,2,0
97795.2744050196,40,2577.2,2975.4,2481.4,0,0,738688.523132806,1398,2,0
97795.314404086,40,2687.2,2934,2396.2,0,0,738688.523133269,1398,2,0
97795.3544031524,40,2803.6,2854.4,2319,0,0,738688.523133732,1398,2,0
97795.3944022188,40,2886.2,2747.2,2251.8,0,0,738688.523134195,1398,2,0
97795.4344012852,40,2942.2,2657,2213,0,0,738688.523134658,1398,2,0
97795.4744003516,40,2963.4,2588.2,2185,0,0,738688.523135121,1398,2,0
97795.514399418,40,2984,2550,2168,0,0,738688.523135584,1398,2,0
97795.5543984844,40,3014.2,2562.4,2167.4,0,0,738688.523136047,1398,2,0
97795.5943975508,40,3031.6,2605,2183,0,0,738688.52313651,1398,2,0
97795.6343966172,40,3022,2664,2200.4,0,0,738688.523136973,1398,2,0
97795.6743956836,40,2978.8,2770.4,2243,0,0,738688.523137436,1398,2,0
97795.71439475,40,2885.2,2896.2,2308.2,0,0,738688.523137898,1398,2,0
97795.7543938164,40,2734.6,2989,2395.2,0,0,738688.523138361,1398,2,0
97795.7943928828,40,2596.4,3009.4,2485.8,0,0,738688.523138824,1398,2,0
97795.8343919492,40,2501.6,2998.4,2565,0,0,738688.523139287,1398,2,0
97795.8743910156,40,2497.6,3005,2574.2,0,0,738688.52313975,1398,2,0
97795.914390082,40,2574.6,3021.4,2509.6,0,0,738688.523140213,1398,2,0
97795.9543891484,40,2698.8,3014.8,2420,0,0,738688.523140676,1398,2,0
97795.9943882148,40,2848.6,2920.6,2328,0,0,738688.523141139,1398,2,0
97796.0343872812,40,2951.2,2793.4,2252.6,0,0,738688.523141602,1398,2,0
97796.0743863476,40,2991.8,2651.4,2203.4,0,0,738688.523142065,1398,2,0
97796.114385414,40,3003,2560.8,2168,0,0,738688.523142528,1398,2,0
97796.1543844804,40,3003.2,2503.4,2149.6,0,0,738688.523142991,1398,2,0
97796.1943835468,40,3006.8,2490.8,2144.8,0,0,738688.523143454,1398,2,0
97796.2343826132,40,3026.2,2518.6,2150.4,0,0,738688.523143917,1398,2,0
97796.2743816796,40,3028.6,2583.4,2174.6,0,0,738688.52314438,1398,2,0
97796.314380746,40,3007.8,2687,2209.2,0,0,738688.523144843,1398,2,0
97796.3543798124,40,2942,2845.4,2274.2,0,0,738688.523145306,1398,2,0
97796.3943788788,40,2794.6,2972.2,2365,0,0,738688.523145769,1398,2,0
97796.4343779452,40,2637.6,3033.6,2468,0,0,738688.523146232,1398,2,0
97796.4743770116,40,2515.8,3023.6,2567.8,0,0,738688.523146695,1398,2,0
97796.514376078,40,2472,3023,2617,0,0,738688.523147158,1398,2,0
97796.5543751444,40,2520.4,3074.4,2586,0,0,738688.52314762,1398,2,0
97796.5943742108,40,2627.8,3082.8,2502.2,0,0,738688.523148083,1398,2,0
97796.6343732772,40,2747,3015.8,2398.6,0,0,738688.523148546,1398,2,0
97796.6743723436,40,2880.4,2893.6,2303.8,0,0,738688.523149009,1398,2,0
97796.71437141,40,2978.2,2759.2,2235.2,0,0,738688.523149472,1398,2,0
97796.7543704764,40,3003,2627.8,2189,0,0,738688.523149935,1398,2,0
97796.7943695428,40,2991.4,2532.8,2161.2,0,0,738688.523150398,1398,2,0
97796.8343686092,40,2995,2495.8,2146.8,0,0,738688.523150861,1398,2,0
97796.8743676756,40,3000.4,2490.6,2145.4,0,0,738688.523151324,1398,2,0
97796.914366742,40,3024.2,2536,2156.2,0,0,738688.523151787,1398,2,0
97796.9543658084,40,3022.2,2606.2,2177.6,0,0,738688.52315225,1398,2,0
97796.9943648748,40,2993,2723,2226.4,0,0,738688.523152713,1398,2,0
97797.0343639412,40,2912.6,2871,2291.8,0,0,738688.523153176,1398,2,0
97797.0743630076,40,2764,3002.6,2387,0,0,738688.523153639,1398,2,0
97797.114362074,40,2616.4,3051.4,2489,0,0,738688.523154102,1398,2,0
97797.1543611404,40,2507.2,3044.8,2583.6,0,0,738688.523154565,1398,2,0
97797.1943602068,40,2480.4,3040.6,2618.8,0,0,738688.523155028,1398,2,0
97797.2343592732,40,2540,3080.2,2571.2,0,0,738688.523155491,1398,2,0
97797.2743583396,40,2653,3079.8,2481.8,0,0,738688.523155954,1398,2,0
97797.314357406,40,2783.6,3001.6,2377.2,0,0,738688.523156417,1398,2,0
97797.3543564724,40,2908.6,2874.4,2292.8,0,0,738688.523156879,1398,2,0
97797.3943555388,40,2977.8,2730.8,2229,0,0,738688.523157342,1398,2,0
97797.4343546052,40,2999.4,2611.6,2185,0,0,738688.523157805,1398,2,0
97797.4743536716,40,3005.4,2541.2,2159,0,0,738688.523158268,1398,2,0
97797.5153527147,41,3014,2504.2,2144.6,0,0,738688.523158743,1398,2,0
97797.5553517811,40,3045,2523.8,2149.4,0,0,738688.523159206,1398,2,0
97797.5953508475,40,3039,2581,2169.8,0,0,738688.523159669,1398,2,0
97797.6353499139,40,3021.2,2669,2206,0,0,738688.523160132,1398,2,0
97797.6753489803,40,2955.2,2823,2265.6,0,0,738688.523160595,1398,2,0
97797.7163480233,41,2813.2,2972.6,2358.2,0,0,738688.523161069,1398,2,0
97797.7563470897,40,2650,3046.8,2465.4,0,0,738688.523161532,1398,2,0
97797.7963461561,40,2519.6,3048,2572.2,0,0,738688.523161995,1398,2,0
97797.8363452225,40,2456.8,3020.4,2641.2,0,0,738688.523162458,1398,2,0
97797.8763442889,40,2500.2,3052.2,2598.6,0,0,738688.523162921,1398,2,0
97797.9163433553,40,2607.8,3070,2508.8,0,0,738688.523163384,1398,2,0
97797.9563424217,40,2746.6,3024.6,2407.2,0,0,738688.523163847,1398,2,0
97797.9963414881,40,2877.4,2912.8,2311.2,0,0,738688.52316431,1398,2,0
97798.0363405545,40,2962.4,2773,2248.2,0,0,738688.523164773,1398,2,0
97798.0763396209,40,3018,2657.8,2202,0,0,738688.523165236,1398,2,0
97798.1163386873,40,3017.4,2577.2,2170.4,0,0,738688.523165699,1398,2,0
97798.1563377537,40,3034.4,2548,2160,0,0,738688.523166162,1398,2,0
97798.1963368201,40,3027.4,2563.6,2162.6,0,0,738688.523166625,1398,2,0
97798.2363358865,40,3031.4,2607.4,2178.8,0,0,738688.523167088,1398,2,0
97798.2763349529,40,3019.6,2697.4,2215.6,0,0,738688.523167551,1398,2,0
97798.3163340193,40,2954,2833,2272,0,0,738688.523168014,1398,2,0
97798.3563330857,40,2819.4,2954.4,2344.6,0,0,738688.523168476,1398,2,0
97798.3963321521,40,2680.2,3012.4,2434.8,0,0,738688.523168939,1398,2,0
97798.4363312185,40,2577.4,3033.6,2511.6,0,0,738688.523169402,1398,2,0
97798.4763302849,40,2565.2,3052.8,2534.6,0,0,738688.523169865,1398,2,0
97798.5163293513,40,2635.2,3044.6,2468.8,0,0,738688.523170328,1398,2,0
97798.5563284177,40,2745.6,2997.2,2393.6,0,0,738688.523170791,1398,2,0
97798.5963274841,40,2860.2,2908.2,2317.4,0,0,738688.523171254,1398,2,0
97798.6363265505,40,2940.4,2798.2,2256.4,0,0,738688.523171717,1398,2,0
97798.6763256169,40,2955.4,2676.4,2213.4,0,0,738688.52317218,1398,2,0
97798.7163246833,40,2965.2,2590,2187.6,0,0,738688.523172643,1398,2,0
97798.7563237497,40,2988.8,2550,2168.6,0,0,738688.523173106,1398,2,0
97798.7963228161,40,2974.4,2519,2160.8,0,0,738688.523173569,1398,2,0
97798.8363218825,40,3004,2543,2156.2,0,0,738688.523174032,1398,2,0
97798.8763209489,40,3024.8,2593,2176,0,0,738688.523174495,1398,2,0
97798.9163200153,40,3012.2,2655.2,2202,0,0,738688.523174958,1398,2,0
97798.9563190817,40,2965.2,2773.4,2249,0,0,738688.523175421,1398,2,0
97798.9963181481,40,2875.6,2922,2320.6,0,0,738688.523175884,1398,2,0
97799.0363172145,40,2737.4,3026.2,2409.4,0,0,738688.523176347,1398,2,0
97799.0763162809,40,2613.2,3048,2495.8,0,0,738688.52317681,1398,2,0
97799.1163153473,40,2539,3036.8,2553,0,0,738688.523177273,1398,2,0
97799.1563144137,40,2570,3024.8,2519.6,0,0,738688.523177736,1398,2,0
97799.1963134801,40,2648,2993.6,2446.4,0,0,738688.523178198,1398,2,0
97799.2363125465,40,2751.2,2927,2367.8,0,0,738688.523178661,1398,2,0
97799.2763116129,40,2852.2,2825.8,2290.2,0,0,738688.523179124,1398,2,0
97799.3163106793,40,2911.4,2707.8,2231,0,0,738688.523179587,1398,2,0
97799.3563097457,40,2919.6,2600.8,2192.8,0,0,738688.52318005,1398,2,0
97799.3963088121,40,2913.2,2521.6,2170,0,0,738688.523180513,1398,2,0
97799.4363078785,40,2909.8,2484.4,2149,0,0,738688.523180976,1398,2,0
97799.4763069449,40,2954,2495,2155.6,0,0,738688.523181439,1398,2,0
97799.5163060113,40,3016.4,2550.6,2161.8,0,0,738688.523181902,1398,2,0
97799.5563050777,40,3020.4,2617.2,2184.6,0,0,738688.523182365,1398,2,0
97799.5963041441,40,2987.6,2738.4,2232.6,0,0,738688.523182828,1398,2,0
97799.6363032105,40,2899.6,2890.8,2297.8,0,0,738688.523183291,1398,2,0
97799.6763022769,40,2745.6,3013.2,2405,0,0,738688.523183754,1398,2,0
97799.7163013433,40,2585.8,3022.2,2501,0,0,738688.523184217,1398,2,0
97799.7563004097,40,2478.2,2982.6,2581.2,0,0,738688.52318468,1398,2,0
97799.7962994761,40,2476.6,2987.8,2584.4,0,0,738688.523185143,1398,2,0
97799.8362985425,40,2546.6,2990.2,2517,0,0,738688.523185606,1398,2,0
97799.8762976089,40,2653.4,2963,2426.4,0,0,738688.523186069,1398,2,0
97799.9162966753,40,2773.2,2887.2,2339.6,0,0,738688.523186532,1398,2,0
97799.9562957417,40,2868.4,2773.6,2267.8,0,0,738688.523186994,1398,2,0
97799.9962948081,40,2919.8,2644.4,2211.8,0,0,738688.523187457,1398,2,0
97800.0362938745,40,2916.6,2548.2,2170.6,0,0,738688.52318792,1398,2,0
97800.0762929409,40,2919.8,2489.8,2154,0,0,738688.523188383,1398,2,0
97800.1162920073,40,2947.4,2479.2,2145.2,0,0,738688.523188846,1398,2,0
97800.1562910737,40,2989.2,2504.6,2153,0,0,738688.523189309,1398,2,0
97800.1962901401,40,3049.8,2571.4,2164.8,0,0,738688.523189772,1398,2,0
97800.2362892065,40,3014,2666.6,2203.8,0,0,738688.523190235,1398,2,0
97800.2762882729,40,2960,2797.2,2256,0,0,738688.523190698,1398,2,0
97800.3162873393,40,2846.8,2960,2342.2,0,0,738688.523191161,1398,2,0
97800.3562864057,40,2682.4,3023.6,2439.2,0,0,738688.523191624,1398,2,0
97800.3962854721,40,2545.8,3024.8,2536.8,0,0,738688.523192087,1398,2,0
97800.4362845385,40,2483,2994,2585.6,0,0,738688.52319255,1398,2,0
97800.4762836049,40,2517.6,2978,2530.4,0,0,738688.523193013,1398,2,0
97800.5162826713,40,2603,2942.8,2439.8,0,0,738688.523193476,1398,2,0
97800.5562817378,40,2711.4,2884,2362.4,0,0,738688.523193939,1398,2,0
97800.5962808041,40,2795.8,2769.6,2284.6,0,0,738688.523194402,1398,2,0
97800.6362798705,40,2850.8,2657.4,2229.4,0,0,738688.523194865,1398,2,0
97800.6762789369,40,2883.8,2565,2184.6,0,0,738688.523195328,1398,2,0
97800.7162780033,40,2899.4,2503.2,2156.6,0,0,738688.523195791,1398,2,0
97800.7562770697,40,2919.8,2476.4,2145.2,0,0,738688.523196254,1398,2,0
97800.7962761361,40,2979.2,2488.6,2145.6,0,0,738688.523196717,1398,2,0
97800.8362752025,40,3017,2524.6,2157.4,0,0,738688.523197179,1398,2,0
97800.8762742689,40,3026.4,2600.8,2183.2,0,0,738688.523197642,1398,2,0
97800.9162733353,40,2993.6,2714.8,2220.2,0,0,738688.523198105,1398,2,0
97800.9562724017,40,2882.8,2855,2291.8,0,0,738688.523198568,1398,2,0
97800.9962714681,40,2724,2959.8,2388.8,0,0,738688.523199031,1398,2,0
97801.0362705345,40,2550.2,2969,2497.4,0,0,738688.523199494,1398,2,0
97801.0762696009,40,2441.2,2932,2593.2,0,0,738688.523199957,1398,2,0
97801.1162686673,40,2429.6,2940.2,2619.2,0,0,738688.52320042,1398,2,0
97801.1562677337,40,2507,3010.4,2565.8,0,0,738688.523200883,1398,2,0
97801.1962668001,40,2630,3040.2,2475,0,0,738688.523201346,1398,2,0
97801.2362658665,40,2774.2,2980,2371,0,0,738688.523201809,1398,2,0
97801.2762649329,40,2904.2,2866.8,2293.8,0,0,738688.523202272,1398,2,0
97801.3162639993,40,2982.8,2729,2229.4,0,0,738688.523202735,1398,2,0
97801.3562630657,40,3027,2619,2184.8,0,0,738688.523203198,1398,2,0
97801.3962621321,40,3016,2535.4,2157.4,0,0,738688.523203661,1398,2,0
97801.4362611985,40,3013.2,2491.2,2139.6,0,0,738688.523204124,1398,2,0
97801.4762602649,40,3007.2,2487.4,2142.4,0,0,738688.523204587,1398,2,0
97801.5162593313,40,3019.4,2526,2156,0,0,738688.52320505,1398,2,0
97801.5562583977,40,3024.8,2603.2,2180,0,0,738688.523205513,1398,2,0
97801.5962574641,40,2997.8,2727.6,2228.2,0,0,738688.523205976,1398,2,0
97801.6362565305,40,2895.6,2877.6,2297,0,0,738688.523206439,1398,2,0
97801.6762555969,40,2751,3006.4,2393.8,0,0,738688.523206902,1398,2,0
97801.7162546633,40,2600.4,3051.2,2503.8,0,0,738688.523207364,1398,2,0
97801.7562537297,40,2485.8,3040.8,2612.6,0,0,738688.523207827,1398,2,0
97801.7962527961,40,2454,3016.4,2636,0,0,738688.52320829,1398,2,0
97801.8362518625,40,2519.4,3055.6,2578,0,0,738688.523208753,1398,2,0
97801.8762509289,40,2617.8,3050.6,2491.2,0,0,738688.523209216,1398,2,0
97801.9162499953,40,2732.8,2988.4,2398.6,0,0,738688.523209679,1398,2,0
97801.9562490617,40,2835.2,2876.6,2314,0,0,738688.523210142,1398,2,0
97801.9962481281,40,2880.6,2748,2254,0,0,738688.523210605,1398,2,0
97802.0362471945,40,2897.6,2648.8,2217,0,0,738688.523211068,1398,2,0
97802.0762462609,40,2898.8,2579,2189,0,0,738688.523211531,1398,2,0
97802.1162453273,40,2901.4,2554.6,2183,0,0,738688.523211994,1398,2,0
97802.1562443937,40,2920.8,2583.4,2186.4,0,0,738688.523212457,1398,2,0
97802.1962434601,40,2935.2,2635,2204.2,0,0,738688.52321292,1398,2,0
97802.2362425265,40,2930.6,2724.2,2238.2,0,0,738688.523213383,1398,2,0
97802.2762415929,40,2873,2823.6,2289,0,0,738688.523213846,1398,2,0
97802.3162406593,40,2795.2,2936.6,2351.4,0,0,738688.523214309,1398,2,0
97802.3562397257,40,2714,3015.6,2417.2,0,0,738688.523214772,1398,2,0
97802.3962387921,40,2657.2,3058.2,2469.8,0,0,738688.523215235,1398,2,0
97802.4362378585,40,2662.2,3043.4,2457.6,0,0,738688.523215698,1398,2,0
97802.4762369249,40,2723.2,2994.2,2399.4,0,0,738688.52321616,1398,2,0
97802.5162359913,40,2789.2,2898.6,2337.4,0,0,738688.523216623,1398,2,0
97802.5562350577,40,2820,2796.8,2285.8,0,0,738688.523217086,1398,2,0
97802.5962341241,40,2835.2,2705.4,2244.2,0,0,738688.523217549,1398,2,0
97802.6362331905,40,2864.4,2649,2222,0,0,738688.523218012,1398,2,0
97802.6762322569,40,2904,2613.4,2202.2,0,0,738688.523218475,1398,2,0
97802.7162313233,40,2915.8,2600.6,2192.6,0,0,738688.523218938,1398,2,0
97802.7562303897,40,2913,2616,2197.6,0,0,738688.523219401,1398,2,0
97802.7962294561,40,2910.2,2643.4,2210.4,0,0,738688.523219864,1398,2,0
97802.8362285225,40,2890.8,2664.8,2223.6,0,0,738688.523220327,1398,2,0
97802.8762275889,40,2870.4,2708.2,2238.6,0,0,738688.52322079,1398,2,0
97802.9162266553,40,2822,2767.8,2277.4,0,0,738688.523221253,1398,2,0
97802.9562257217,40,2766.8,2860.4,2330.8,0,0,738688.523221716,1398,2,0
97802.9962247881,40,2680.8,2960,2410.4,0,0,738688.523222179,1398,2,0
97803.0362238545,40,2560.8,3002.4,2510.4,0,0,738688.523222642,1398,2,0
97803.0762229209,40,2455.6,3007.6,2629.8,0,0,738688.523223105,1398,2,0
97803.1162219873,40,2378.4,2961,2719.6,0,0,738688.523223568,1398,2,0
97803.1562210537,40,2359,2939.6,2745.2,0,0,738688.523224031,1398,2,0
97803.1962201201,40,2397,2971.4,2699.6,0,0,738688.523224494,1398,2,0
97803.2362191865,40,2462.6,3008.4,2613.4,0,0,738688.523224957,1398,2,0
97803.2762182529,40,2576.4,3009.2,2499.6,0,0,738688.52322542,1398,2,0
97803.3162173193,40,2726.6,2977,2393.6,0,0,738688.523225883,1398,2,0
97803.3562163857,40,2862.2,2875.8,2304,0,0,738688.523226345,1398,2,0
97803.3962154521,40,2964.4,2749.4,2237.6,0,0,738688.523226808,1398,2,0
97803.4362145185,40,3008.8,2651.2,2199.6,0,0,738688.523227271,1398,2,0
97803.4762135849,40,3009.8,2611.4,2183,0,0,738688.523227734,1398,2,0
97803.5162126513,40,2991.2,2627.2,2193.8,0,0,738688.523228197,1398,2,0
97803.5562117177,40,2974.2,2672.4,2210.6,0,0,738688.52322866,1398,2,0
97803.5962107841,40,2939.6,2741,2243.4,0,0,738688.523229123,1398,2,0
97803.6362098505,40,2847.2,2847,2301.8,0,0,738688.523229586,1398,2,0
97803.6762089169,40,2725.8,2958.8,2386,0,0,738688.523230049,1398,2,0
97803.7162079833,40,2579.6,3029.4,2507.8,0,0,738688.523230512,1398,2,0
97803.7562070497,40,2441.6,3004.6,2648.2,0,0,738688.523230975,1398,2,0
97803.7962061161,40,2335.8,2916.6,2773.4,0,0,738688.523231438,1398,2,0
97803.8362051825,40,2282.2,2807,2806.2,0,0,738688.523231901,1398,2,0
97803.8762042489,40,2286.2,2814,2797,0,0,738688.523232364,1398,2,0
97803.9162033153,40,2325.4,2843,2724.4,0,0,738688.523232827,1398,2,0
97803.9562023817,40,2390.4,2900.6,2641.4,0,0,738688.52323329,1398,2,0
97803.9962014481,40,2511,2955.8,2525.8,0,0,738688.523233753,1398,2,0
97804.0362005145,40,2663.4,2937.6,2411.2,0,0,738688.523234216,1398,2,0
97804.0761995809,40,2820.4,2859.8,2308.4,0,0,738688.523234679,1398,2,0
97804.1161986473,40,2927.6,2738.2,2243.2,0,0,738688.523235142,1398,2,0
97804.1561977137,40,2989.4,2645,2199.8,0,0,738688.523235605,1398,2,0
97804.1961967801,40,2994.2,2603.8,2184,0,0,738688.523236067,1398,2,0
97804.2361958465,40,2986.4,2621.2,2194,0,0,738688.52323653,1398,2,0
97804.2761949129,40,2973,2695.4,2218,0,0,738688.523236993,1398,2,0
97804.3161939793,40,2928.4,2803.2,2268,0,0,738688.523237456,1398,2,0
97804.3561930457,40,2800.6,2910.6,2339,0,0,738688.523237919,1398,2,0
97804.3961921121,40,2673.2,3011.2,2438.4,0,0,738688.523238382,1398,2,0
97804.5001896848,104,2355.4,2899.8,2710,0,0,738688.523239586,1398,2,0
97804.5401887512,40,2302.8,2825,2748.4,0,0,738688.523240049,1398,2,0
97804.5801878176,40,2313.8,2817.8,2722.2,0,0,738688.523240512,1398,2,0
97804.620186884,40,2362.6,2873.6,2669.6,0,0,738688.523240975,1398,2,0
97804.6601859504,40,2452,2937,2584.2,0,0,738688.523241438,1398,2,0
97804.7001850168,40,2592.8,2984.6,2477.4,0,0,738688.523241901,1398,2,0
97804.7401840832,40,2755.4,2952,2368.6,0,0,738688.523242364,1398,2,0
97804.7801831496,40,2900.2,2836.4,2281,0,0,738688.523242827,1398,2,0
97804.820182216,40,3001.4,2713.6,2220.2,0,0,738688.52324329,1398,2,0
97804.8601812824,40,3030.8,2620,2186.4,0,0,738688.523243752,1398,2,0
97804.9001803488,40,3042.6,2600.8,2176,0,0,738688.523244215,1398,2,0
97804.9401794152,40,3025.8,2648,2196.2,0,0,738688.523244678,1398,2,0
97804.9801784816,40,2986.4,2727.4,2228.6,0,0,738688.523245141,1398,2,0
97805.020177548,40,2887.6,2841.6,2286.8,0,0,738688.523245604,1398,2,0
97805.0601766144,40,2749.6,2959,2376.2,0,0,738688.523246067,1398,2,0
97805.1001756808,40,2590.6,3036.4,2501.6,0,0,738688.52324653,1398,2,0
97805.1401747472,40,2443.6,2995.8,2638.4,0,0,738688.523246993,1398,2,0
97805.1801738136,40,2337.2,2898.8,2751.2,0,0,738688.523247456,1398,2,0
97805.22017288,40,2271,2786,2794.4,0,0,738688.523247919,1398,2,0
97805.2601719464,40,2274.2,2777.2,2769,0,0,738688.523248382,1398,2,0
97805.3001710128,40,2324,2832.6,2715.8,0,0,738688.523248845,1398,2,0
97805.3401700792,40,2409.8,2922,2635.4,0,0,738688.523249308,1398,2,0
97805.3801691456,40,2551.4,2989.8,2516.8,0,0,738688.523249771,1398,2,0
97805.420168212,40,2718.2,2956.2,2388.8,0,0,738688.523250234,1398,2,0
97805.4601672784,40,2891.6,2847.6,2287,0,0,738688.523250697,1398,2,0
97805.5001663448,40,2989.8,2704.6,2222.6,0,0,738688.52325116,1398,2,0
97805.5401654112,40,3016.4,2598.2,2181.4,0,0,738688.523251623,1398,2,0
97805.5801644776,40,3022,2553.6,2166.4,0,0,738688.523252086,1398,2,0
97805.620163544,40,3018.8,2581.8,2173.8,0,0,738688.523252549,1398,2,0
97805.6601626104,40,2999,2641.4,2197.6,0,0,738688.523253012,1398,2,0
97805.7001616768,40,2935.8,2727.6,2237.8,0,0,738688.523253475,1398,2,0
97805.7401607432,40,2824.4,2851.2,2307.8,0,0,738688.523253937,1398,2,0
97805.7801598096,40,2685.8,2968.4,2415.8,0,0,738688.5232544,1398,2,0
97805.820158876,40,2526,2997,2542.6,0,0,738688.523254863,1398,2,0
97805.8601579424,40,2394,2946.4,2671.2,0,0,738688.523255326,1398,2,0
97805.9001570088,40,2309.2,2839,2760,0,0,738688.523255789,1398,2,0
97805.9401560752,40,2276.2,2781.6,2792.2,0,0,738688.523256252,1398,2,0
97805.9801551416,40,2297.4,2806,2749.2,0,0,738688.523256715,1398,2,0
97806.020154208,40,2351.8,2865.8,2684,0,0,738688.523257178,1398,2,0
97806.0601532744,40,2457.8,2957.8,2594.4,0,0,738688.523257641,1398,2,0
97806.1651508237,105,2865,2847.8,2291.8,0,0,738688.523258856,1398,2,0
97806.2051498901,40,2972.8,2726.2,2225.4,0,0,738688.523259319,1398,2,0
97806.2451489565,40,3020.4,2628.8,2188.4,0,0,738688.523259782,1398,2,0
97806.2851480229,40,3021.2,2582.8,2176.4,0,0,738688.523260245,1398,2,0
97806.3251470893,40,3015,2607.2,2181,0,0,738688.523260708,1398,2,0
97806.3651461557,40,3001.4,2672.4,2206.4,0,0,738688.523261171,1398,2,0
97806.4051452221,40,2931,2762,2252.8,0,0,738688.523261634,1398,2,0
97806.4451442885,40,2801.8,2863.2,2318.2,0,0,738688.523262097,1398,2,0
97806.4851433549,40,2669.2,2978.4,2427.2,0,0,738688.52326256,1398,2,0
97806.5251424213,40,2505.2,2999,2562.2,0,0,738688.523263023,1398,2,0
97806.5651414877,40,2380.6,2936.8,2694.4,0,0,738688.523263486,1398,2,0
97806.6051405541,40,2291.8,2823,2787.2,0,0,738688.523263949,1398,2,0
97806.6451396205,40,2264,2760,2798.8,0,0,738688.523264412,1398,2,0
97806.6851386869,40,2284.6,2791.2,2762.2,0,0,738688.523264875,1398,2,0
97806.7251377533,40,2346.8,2866.8,2701.8,0,0,738688.523265338,1398,2,0
97806.7651368197,40,2451.6,2973,2607.6,0,0,738688.523265801,1398,2,0
97806.8051358861,40,2601.6,2994.6,2478.4,0,0,738688.523266264,1398,2,0
97806.8451349525,40,2768,2940,2359.2,0,0,738688.523266727,1398,2,0
97806.8851340189,40,2904.6,2812.6,2272.4,0,0,738688.523267189,1398,2,0
97806.9251330853,40,3001.2,2696.6,2216.2,0,0,738688.523267652,1398,2,0
97806.9651321517,40,3017.8,2614.6,2183.8,0,0,738688.523268115,1398,2,0
97807.0051312181,40,3019.2,2601.8,2178.4,0,0,738688.523268578,1398,2,0
97807.0451302845,40,2999.6,2645,2196.6,0,0,738688.523269041,1398,2,0
97807.0851293509,40,2957.2,2713.4,2229,0,0,738688.523269504,1398,2,0
97807.1251284173,40,2860,2818.6,2289.2,0,0,738688.523269967,1398,2,0
97807.1651274837,40,2729.6,2937.6,2379.6,0,0,738688.52327043,1398,2,0
97807.2051265501,40,2572.8,3011.6,2504.2,0,0,738688.523270893,1398,2,0
97807.2451256165,40,2429.4,2979,2642.6,0,0,738688.523271356,1398,2,0
97807.2851246829,40,2327.2,2882.8,2759.8,0,0,738688.523271819,1398,2,0
97807.3251237493,40,2268.6,2784.8,2819.6,0,0,738688.523272282,1398,2,0
97807.3651228157,40,2262.8,2770,2800.8,0,0,738688.523272745,1398,2,0
97807.4051218821,40,2306.2,2828,2753.2,0,0,738688.523273208,1398,2,0
97807.4451209485,40,2380.4,2904.4,2664.2,0,0,738688.523273671,1398,2,0
97807.4851200149,40,2500.2,2968,2547.2,0,0,738688.523274134,1398,2,0
97807.5251190813,40,2658,2955.8,2418,0,0,738688.523274597,1398,2,0
97807.5651181477,40,2797.2,2856.6,2317.2,0,0,738688.52327506,1398,2,0
97807.6051172141,40,2914.4,2745,2246.2,0,0,738688.523275523,1398,2,0
97807.6451162805,40,2973.8,2647,2200.4,0,0,738688.523275985,1398,2,0
97807.6851153469,40,2995,2607.2,2187.4,0,0,738688.523276448,1398,2,0
97807.7251144133,40,3002.8,2634.8,2197.8,0,0,738688.523276911,1398,2,0
97807.7651134797,40,2973.4,2697.8,2216.8,0,0,738688.523277374,1398,2,0
97807.8051125461,40,2908.2,2791,2267,0,0,738688.523277837,1398,2,0
97807.8451116125,40,2787.4,2909.8,2342.8,0,0,738688.5232783,1398,2,0
97807.8851106789,40,2643.8,3025.6,2462.8,0,0,738688.523278763,1398,2,0
97807.9251097453,40,2481.4,3028,2607.6,0,0,738688.523279226,1398,2,0
97807.9651088117,40,2354.6,2926,2734,0,0,738688.523279689,1398,2,0
97808.0051078781,40,2274.8,2795.8,2807.6,0,0,738688.523280152,1398,2,0
97808.0451069445,40,2254.8,2732.6,2802,0,0,738688.523280615,1398,2,0
97808.0851060109,40,2282.4,2786.4,2767.6,0,0,738688.523281078,1398,2,0
97808.1251050773,40,2361.6,2909.6,2711.2,0,0,738688.523281541,1398,2,0
97808.1651041437,40,2473.6,3008.2,2604,0,0,738688.523282004,1398,2,0
97808.2051032101,40,2629,3042,2474.6,0,0,738688.523282467,1398,2,0
97808.2451022765,40,2796.8,2973.8,2359,0,0,738688.52328293,1398,2,0
97808.2851013429,40,2935,2840.4,2276.6,0,0,738688.523283393,1398,2,0
97808.3251004093,40,3007.6,2713.2,2218.2,0,0,738688.523283856,1398,2,0
97808.3650994757,40,3044.8,2630.8,2184.6,0,0,738688.523284319,1398,2,0
97808.4050985421,40,3051.6,2617,2179.8,0,0,738688.523284782,1398,2,0
97808.4450976085,40,3015.2,2656,2200.2,0,0,738688.523285245,1398,2,0
97808.4850966749,40,2965.8,2724,2229.4,0,0,738688.523285707,1398,2,0
97808.5250957413,40,2875.8,2825.2,2286.4,0,0,738688.52328617,1398,2,0
97808.5650948077,40,2748.6,2950,2370.4,0,0,738688.523286633,1398,2,0
97808.6050938741,40,2593.4,3034,2499.6,0,0,738688.523287096,1398,2,0
97808.6450929405,40,2439,3003.6,2650,0,0,738688.523287559,1398,2,0
97808.6850920069,40,2329.2,2905,2778.6,0,0,738688.523288022,1398,2,0
97808.7250910733,40,2256.4,2779.6,2852.6,0,0,738688.523288485,1398,2,0
97808.7650901397,40,2235.2,2717.2,2848.6,0,0,738688.523288948,1398,2,0
97808.8050892061,40,2259,2757.4,2808.4,0,0,738688.523289411,1398,2,0
97808.8450882725,40,2313.2,2833.8,2740.8,0,0,738688.523289874,1398,2,0
97808.8850873389,40,2411.8,2948.6,2653.2,0,0,738688.523290337,1398,2,0
97808.9250864053,40,2547.8,2992.8,2516.8,0,0,738688.5232908,1398,2,0
97808.9650854717,40,2717.2,2964.6,2392.4,0,0,738688.523291263,1398,2,0
97809.0050845381,40,2877.6,2859.8,2294.8,0,0,738688.523291726,1398,2,0
97809.0450836045,40,2993.8,2736,2234.6,0,0,738688.523292189,1398,2,0
97809.0850826709,40,3032.6,2637.2,2191.6,0,0,738688.523292652,1398,2,0
97809.1250817373,40,3030,2602.8,2177.4,0,0,738688.523293115,1398,2,0
97809.1650808037,40,3030.6,2637.2,2190.6,0,0,738688.523293578,1398,2,0
97809.2050798701,40,3000,2690.6,2211.4,0,0,738688.523294041,1398,2,0
97809.2450789365,40,2913.2,2783.6,2258.6,0,0,738688.523294504,1398,2,0
97809.2850780029,40,2804,2914.8,2343.8,0,0,738688.523294967,1398,2,0
97809.3250770693,40,2653.6,3032.2,2457.8,0,0,738688.52329543,1398,2,0
97809.3650761357,40,2485.8,3025.2,2599.4,0,0,738688.523295892,1398,2,0
97809.4050752021,40,2361.4,2927.4,2726.4,0,0,738688.523296355,1398,2,0
97809.4450742685,40,2278.8,2805.4,2800.8,0,0,738688.523296818,1398,2,0
97809.4850733349,40,2253.6,2733.8,2802.8,0,0,738688.523297281,1398,2,0
97809.5250724013,40,2278.2,2780.6,2778.4,0,0,738688.523297744,1398,2,0
97809.5650714677,40,2345.2,2889.4,2728.4,0,0,738688.523298207,1398,2,0
97809.6050705341,40,2446.2,2995.8,2637.2,0,0,738688.52329867,1398,2,0
97809.6450696005,40,2592.8,3052.8,2511.6,0,0,738688.523299133,1398,2,0
97809.6850686669,40,2758,3004.2,2390.6,0,0,738688.523299596,1398,2,0
97809.7250677333,40,2905.6,2877.4,2292.6,0,0,738688.523300059,1398,2,0
97809.7650667997,40,2989.6,2736.2,2229.8,0,0,738688.523300522,1398,2,0
97809.8050658661,40,3033.6,2636.4,2190.6,0,0,738688.523300985,1398,2,0
97809.8450649325,40,3047.8,2607.2,2178.2,0,0,738688.523301448,1398,2,0
97809.8850639989,40,3025.2,2632.8,2192.4,0,0,738688.523301911,1398,2,0
97809.9250630653,40,2975.4,2690.8,2215.8,0,0,738688.523302374,1398,2,0
97809.9650621317,40,2889.6,2775.8,2266,0,0,738688.523302837,1398,2,0
97810.0050611981,40,2773.6,2905.2,2345.6,0,0,738688.5233033,1398,2,0
97810.0450602645,40,2629.6,3012,2467.6,0,0,738688.523303763,1398,2,0
97810.0850593309,40,2470.4,3003.8,2606.6,0,0,738688.523304226,1398,2,0
97810.1250583973,40,2351.2,2904,2729,0,0,738688.523304689,1398,2,0
97810.1650574637,40,2278.4,2798.6,2805.6,0,0,738688.523305151,1398,2,0
97810.2050565301,40,2249.2,2749.8,2821.2,0,0,738688.523305614,1398,2,0
97810.2450555965,40,2273,2769.4,2780.6,0,0,738688.523306077,1398,2,0
97810.2850546629,40,2320.4,2831.2,2721.6,0,0,738688.52330654,1398,2,0
97810.3250537293,40,2418.8,2943,2640.4,0,0,738688.523307003,1398,2,0
97810.3650527957,40,2547.6,2997.8,2519.2,0,0,738688.523307466,1398,2,0
97810.4050518621,40,2714.8,2978.4,2401.6,0,0,738688.523307929,1398,2,0
97810.4450509285,40,2882.2,2885,2303,0,0,738688.523308392,1398,2,0
97810.4850499949,40,2979.4,2740,2234,0,0,738688.523308855,1398,2,0
97810.5250490613,40,3020.8,2644.6,2196,0,0,738688.523309318,1398,2,0
97810.5650481277,40,3022.4,2616.2,2187.6,0,0,738688.523309781,1398,2,0
97810.6050471941,40,3023.4,2664,2201.2,0,0,738688.523310244,1398,2,0
97810.6450462605,40,3002.6,2729,2225,0,0,738688.523310707,1398,2,0
97810.6850453269,40,2905.2,2823.6,2276,0,0,738688.52331117,1398,2,0
97810.7250443933,40,2779.8,2929.6,2350.6,0,0,738688.523311633,1398,2,0
97810.7650434597,40,2631,3004.6,2461.8,0,0,738688.523312096,1398,2,0
97810.8050425261,40,2483.2,2995.6,2583.6,0,0,738688.523312559,1398,2,0
97810.8450415925,40,2369.4,2919.8,2703.2,0,0,738688.523313022,1398,2,0
97810.8850406589,40,2296.2,2810.4,2769.8,0,0,738688.523313485,1398,2,0
97810.9250397253,40,2271.4,2766.4,2784,0,0,738688.523313948,1398,2,0
97810.9650387917,40,2297.6,2804.4,2755.8,0,0,738688.523314411,1398,2,0
97811.0050378581,40,2360.6,2903.6,2704.8,0,0,738688.523314873,1398,2,0
97811.0450369245,40,2460.8,2992,2615.4,0,0,738688.523315336,1398,2,0
97811.0850359909,40,2597.4,3039.2,2498,0,0,738688.523315799,1398,2,0
97811.1250350573,40,2756.8,2983.8,2386.6,0,0,738688.523316262,1398,2,0
97811.1650341237,40,2890,2866.6,2293.2,0,0,738688.523316725,1398,2,0
97811.2050331901,40,2979,2741.8,2234.4,0,0,738688.523317188,1398,2,0
97811.2450322565,40,3018.4,2651.4,2197.8,0,0,738688.523317651,1398,2,0
97811.2850313229,40,3013,2622.8,2187.6,0,0,738688.523318114,1398,2,0
97811.3250303893,40,3007,2661.4,2204.4,0,0,738688.523318577,1398,2,0
97811.3650294557,40,2960.4,2719.8,2231.6,0,0,738688.52331904,1398,2,0
97811.4050285221,40,2857.4,2816,2286.2,0,0,738688.523319503,1398,2,0
97811.4450275885,40,2740.4,2935.2,2370.4,0,0,738688.523319966,1398,2,0
97811.4850266549,40,2580.6,2999.4,2493.4,0,0,738688.523320429,1398,2,0
97811.5250257213,40,2436,2976.2,2631.4,0,0,738688.523320892,1398,2,0
97811.5650247877,40,2327.6,2877.2,2748.6,0,0,738688.523321355,1398,2,0
97811.6050238541,40,2267.8,2773.6,2799.6,0,0,738688.523321818,1398,2,0
97811.6450229205,40,2259,2744.6,2788.4,0,0,738688.523322281,1398,2,0
97811.6850219869,40,2298,2807.4,2752.6,0,0,738688.523322744,1398,2,0
97811.7250210533,40,2373.2,2917.4,2697.4,0,0,738688.523323207,1398,2,0
97811.7650201197,40,2485,3011.6,2598.2,0,0,738688.52332367,1398,2,0
97811.8050191861,40,2629.2,3039,2470.8,0,0,738688.523324133,1398,2,0
97811.8450182525,40,2794.6,2962.2,2358.4,0,0,738688.523324596,1398,2,0
97811.8850173189,40,2928.2,2832.2,2272.4,0,0,738688.523325058,1398,2,0
97811.9250163853,40,2997.8,2704.6,2215.2,0,0,738688.523325521,1398,2,0
97811.9650154517,40,3032.6,2619.2,2184.2,0,0,738688.523325984,1398,2,0
97812.0050145181,40,3040.2,2604.4,2178.6,0,0,738688.523326447,1398,2,0
97812.0450135845,40,3016.4,2634.4,2192.6,0,0,738688.52332691,1398,2,0
97812.0850126509,40,2983.4,2705.2,2220.2,0,0,738688.523327373,1398,2,0
97812.1250117173,40,2892.2,2809.6,2271.8,0,0,738688.523327836,1398,2,0
97812.1650107837,40,2777.2,2936.8,2353.2,0,0,738688.523328299,1398,2,0
97812.2050098501,40,2626,3041.4,2482,0,0,738688.523328762,1398,2,0
97812.2450089165,40,2475.4,3029,2616,0,0,738688.523329225,1398,2,0
97812.2850079829,40,2361.8,2944,2749.8,0,0,738688.523329688,1398,2,0
97812.3250070493,40,2287.4,2827.2,2824.8,0,0,738688.523330151,1398,2,0
97812.3650061157,40,2259.8,2749.6,2793.6,0,0,738688.523330614,1398,2,0
97812.4050051821,40,2294.6,2794.8,2739.2,0,0,738688.523331077,1398,2,0
97812.4450042485,40,2382,2923.8,2689.6,0,0,738688.52333154,1398,2,0
97812.4850033149,40,2492.6,3020.6,2594,0,0,738688.523332003,1398,2,0
97812.5250023813,40,2649.4,3051.4,2471.2,0,0,738688.523332466,1398,2,0
97812.5650014477,40,2802.4,2956.6,2349.8,0,0,738688.523332929,1398,2,0
97812.6050005141,40,2918.2,2822.4,2272.8,0,0,738688.523333392,1398,2,0
97812.6449995805,40,2998.6,2691.8,2215.4,0,0,738688.523333855,1398,2,0
97812.6849986469,40,3031.8,2621.8,2184.8,0,0,738688.523334317,1398,2,0
97812.7249977133,40,2985.6,2604,2183.8,0,0,738688.52333478,1398,2,0
97812.7649967797,40,2959.6,2644.2,2200.6,0,0,738688.523335243,1398,2,0
97812.8049958461,40,2898,2709.4,2239.6,0,0,738688.523335706,1398,2,0
97812.8449949125,40,2797.2,2806.4,2298,0,0,738688.523336169,1398,2,0
97812.8849939789,40,2684.4,2918,2390.2,0,0,738688.523336632,1398,2,0
97812.9249930453,40,2547.4,2984.8,2513,0,0,738688.523337095,1398,2,0
97812.9649921117,40,2425.4,2962.4,2645,0,0,738688.523337558,1398,2,0
97813.0049911781,40,2324.6,2887.4,2765.6,0,0,738688.523338021,1398,2,0
97813.0449902445,40,2280.4,2810,2814.4,0,0,738688.523338484,1398,2,0
97813.0849893109,40,2290.6,2826.8,2804.8,0,0,738688.523338947,1398,2,0
97813.1249883773,40,2340.4,2898.8,2751.4,0,0,738688.52333941,1398,2,0
97813.1649874437,40,2415.2,2958.4,2650.4,0,0,738688.523339873,1398,2,0
97813.2049865101,40,2536,3014.4,2544.6,0,0,738688.523340336,1398,2,0
97813.2449855765,40,2680.4,2985.6,2427,0,0,738688.523340799,1398,2,0
97813.2849846429,40,2831.6,2916.2,2329.6,0,0,738688.523341262,1398,2,0
97813.3249837093,40,2938.8,2796.8,2258.8,0,0,738688.523341725,1398,2,0
97813.3649827757,40,3000.6,2695.6,2215.8,0,0,738688.523342188,1398,2,0
97813.4049818421,40,3011.4,2637.2,2190.2,0,0,738688.523342651,1398,2,0
97813.4449809085,40,3010,2646.8,2198.6,0,0,738688.523343114,1398,2,0
97813.4849799749,40,2990.2,2684.4,2215.4,0,0,738688.523343577,1398,2,0
97813.5249790413,40,2931.2,2746.6,2242.4,0,0,738688.523344039,1398,2,0
97813.5649781077,40,2840,2838,2297.2,0,0,738688.523344502,1398,2,0
97813.6049771741,40,2720,2941.8,2383.6,0,0,738688.523344965,1398,2,0
97813.6449762405,40,2568.6,2988.4,2497.6,0,0,738688.523345428,1398,2,0
97813.6849753069,40,2433,2941,2611.6,0,0,738688.523345891,1398,2,0
97813.7249743733,40,2336.6,2858.8,2707.6,0,0,738688.523346354,1398,2,0
97813.7649734397,40,2287.4,2796,2771.6,0,0,738688.523346817,1398,2,0
97813.8049725061,40,2294.4,2802.8,2762.8,0,0,738688.52334728,1398,2,0
97813.8449715725,40,2341.8,2873.8,2714.4,0,0,738688.523347743,1398,2,0
97813.8849706389,40,2422,2945.6,2630.2,0,0,738688.523348206,1398,2,0
97813.9249697053,40,2543.8,3008.6,2529.8,0,0,738688.523348669,1398,2,0
97813.9649687717,40,2689.4,3011.2,2426.4,0,0,738688.523349132,1398,2,0
97814.0049678381,40,2840.8,2938.6,2334.4,0,0,738688.523349595,1398,2,0
97814.0449669045,40,2949,2821.2,2263,0,0,738688.523350058,1398,2,0
97814.0849659709,40,3007.4,2712.6,2214.4,0,0,738688.523350521,1398,2,0
97814.1249650373,40,3028.8,2659.6,2195,0,0,738688.523350984,1398,2,0
97814.1649641037,40,3037,2671.2,2200.8,0,0,738688.523351447,1398,2,0
97814.2049631701,40,3004.2,2723.6,2221.8,0,0,738688.52335191,1398,2,0
97814.2449622365,40,2926.6,2786.6,2257.4,0,0,738688.523352373,1398,2,0
97814.2849613029,40,2810.4,2882,2324.8,0,0,738688.523352836,1398,2,0
97814.3249603693,40,2672.2,2976.6,2421.6,0,0,738688.523353299,1398,2,0
97814.3649594357,40,2520.2,3004.2,2545.2,0,0,738688.523353762,1398,2,0
97814.4049585021,40,2397.6,2931.6,2667.6,0,0,738688.523354224,1398,2,0
97814.4449575685,40,2308.4,2836.6,2756.8,0,0,738688.523354687,1398,2,0
97814.4849566349,40,2267.6,2771.2,2802.6,0,0,738688.52335515,1398,2,0
97814.5249557013,40,2276.8,2781.2,2784.4,0,0,738688.523355613,1398,2,0
97814.5649547677,40,2325.4,2861,2736.2,0,0,738688.523356076,1398,2,0
97814.6049538341,40,2409.8,2954.8,2660,0,0,738688.523356539,1398,2,0
97814.6449529005,40,2540.8,3024,2543.4,0,0,738688.523357002,1398,2,0
97814.6849519669,40,2693.4,3028.2,2427.2,0,0,738688.523357465,1398,2,0
97814.7249510333,40,2861.8,2938.2,2326.4,0,0,738688.523357928,1398,2,0
97814.7649500997,40,2962.8,2807.8,2257,0,0,738688.523358391,1398,2,0
97814.8049491661,40,3014.2,2689.6,2212.4,0,0,738688.523358854,1398,2,0
97814.8449482325,40,3042.4,2633.4,2186.6,0,0,738688.523359317,1398,2,0
97814.8849472989,40,3037.6,2649,2191.4,0,0,738688.52335978,1398,2,0
97814.9249463653,40,3016,2700.6,2214.4,0,0,738688.523360243,1398,2,0
97814.9649454317,40,2925.2,2759,2248.8,0,0,738688.523360706,1398,2,0
97815.0049444981,40,2820.4,2854.8,2314.4,0,0,738688.523361169,1398,2,0
97815.0449435645,40,2685.8,2927.6,2394.2,0,0,738688.523361632,1398,2,0
97815.0849426309,40,2540,2944.8,2495.8,0,0,738688.523362095,1398,2,0
97815.1249416973,40,2421.6,2906.2,2599.6,0,0,738688.523362558,1398,2,0
97815.1649407637,40,2343.6,2876.2,2710,0,0,738688.523363021,1398,2,0
97815.2049398301,40,2299.8,2851.6,2794.6,0,0,738688.523363483,1398,2,0
97815.2449388965,40,2305.6,2851.8,2787.6,0,0,738688.523363946,1398,2,0
97815.2849379629,40,2346.2,2903.8,2738.2,0,0,738688.523364409,1398,2,0
97815.3249370293,40,2419.2,2982,2662.6,0,0,738688.523364872,1398,2,0
97815.3649360957,40,2545.4,3042.6,2542.4,0,0,738688.523365335,1398,2,0
97815.4049351621,40,2703.4,3025.6,2424.4,0,0,738688.523365798,1398,2,0
97815.4449342285,40,2864.4,2930.2,2322.4,0,0,738688.523366261,1398,2,0
97815.4849332949,40,2971.6,2779.2,2246.2,0,0,738688.523366724,1398,2,0
97815.5249323613,40,3029,2668.4,2205,0,0,738688.523367187,1398,2,0
97815.5649314277,40,3037.4,2618.8,2184,0,0,738688.52336765,1398,2,0
97815.6049304941,40,3016.6,2635.8,2193,0,0,738688.523368113,1398,2,0
97815.6449295605,40,2999.6,2685,2211.6,0,0,738688.523368576,1398,2,0
97815.6849286269,40,2912,2752.2,2251.6,0,0,738688.523369039,1398,2,0
97815.7249276933,40,2816.4,2866,2319,0,0,738688.523369502,1398,2,0
97815.7649267597,40,2680.2,2971.2,2415.6,0,0,738688.523369965,1398,2,0
97815.8049258261,40,2518.6,2979.8,2537.6,0,0,738688.523370428,1398,2,0
97815.8449248925,40,2389.4,2914.2,2657.4,0,0,738688.523370891,1398,2,0
97815.8849239589,40,2309.6,2831,2748.6,0,0,738688.523371354,1398,2,0
97815.9249230253,40,2269.2,2781,2812.6,0,0,738688.523371817,1398,2,0
97815.9649220917,40,2276.8,2783.6,2787,0,0,738688.52337228,1398,2,0
97816.0049211581,40,2323.6,2855.2,2739.8,0,0,738688.523372742,1398,2,0
97816.0449202245,40,2405.2,2940,2653.6,0,0,738688.523373205,1398,2,0
97816.0849192909,40,2528,3004,2540,0,0,738688.523373668,1398,2,0
97816.1249183573,40,2687.4,3014.2,2429.6,0,0,738688.523374131,1398,2,0
97816.1649174237,40,2843.6,2929.4,2330.8,0,0,738688.523374594,1398,2,0
97816.2049164901,40,2961.2,2795.6,2259.6,0,0,738688.523375057,1398,2,0
97816.2449155565,40,3013.4,2685.6,2210,0,0,738688.52337552,1398,2,0
97816.2849146229,40,3033.6,2623.4,2185.4,0,0,738688.523375983,1398,2,0
97816.3249136893,40,3018.8,2628,2185.8,0,0,738688.523376446,1398,2,0
97816.3649127557,40,3013.4,2685.2,2207.4,0,0,738688.523376909,1398,2,0
97816.4049118221,40,2945.2,2766.4,2246.4,0,0,738688.523377372,1398,2,0
97816.4449108885,40,2823.8,2877.8,2316.6,0,0,738688.523377835,1398,2,0
97816.4849099549,40,2689,3002.4,2425.2,0,0,738688.523378298,1398,2,0
97816.5249090213,40,2523.6,3024.6,2559,0,0,738688.523378761,1398,2,0
97816.5649080877,40,2388.2,2957.2,2695.6,0,0,738688.523379224,1398,2,0
97816.6049071541,40,2295.2,2833.8,2802.4,0,0,738688.523379687,1398,2,0
97816.6449062205,40,2247.6,2734.4,2810.4,0,0,738688.52338015,1398,2,0
97816.6849052869,40,2265.6,2750.8,2779.4,0,0,738688.523380613,1398,2,0
97816.7249043533,40,2332,2861.6,2735.8,0,0,738688.523381076,1398,2,0
97816.7649034197,40,2426.8,2975,2643.6,0,0,738688.523381539,1398,2,0
97816.8049024861,40,2571,3035.2,2524,0,0,738688.523382002,1398,2,0
97816.8449015525,40,2735.4,2992.2,2396.4,0,0,738688.523382465,1398,2,0
97816.8849006189,40,2884.8,2871.8,2296.4,0,0,738688.523382927,1398,2,0
97816.9248996853,40,2986.4,2738,2235.4,0,0,738688.52338339,1398,2,0
97816.9648987517,40,3007.8,2620.6,2189.8,0,0,738688.523383853,1398,2,0
97817.0048978181,40,3032,2579.4,2170.2,0,0,738688.523384316,1398,2,0
97817.0448968845,40,3018,2599.8,2177.8,0,0,738688.523384779,1398,2,0
97817.0848959509,40,2981.4,2666.4,2204.6,0,0,738688.523385242,1398,2,0
97817.1248950173,40,2900,2742.6,2248.2,0,0,738688.523385705,1398,2,0
97817.1648940837,40,2795.8,2871.4,2328.6,0,0,738688.523386168,1398,2,0
97817.2048931501,40,2656.2,2984.4,2432.8,0,0,738688.523386631,1398,2,0
97817.2448922165,40,2500.2,2998.2,2569.8,0,0,738688.523387094,1398,2,0
97817.2848912829,40,2367.8,2912,2698.8,0,0,738688.523387557,1398,2,0
97817.3248903493,40,2282,2805.8,2786.6,0,0,738688.52338802,1398,2,0
97817.3648894157,40,2262.2,2749.8,2789.2,0,0,738688.523388483,1398,2,0
97817.4048884821,40,2294,2800,2752.8,0,0,738688.523388946,1398,2,0
97817.4448875485,40,2355.4,2882,2684.2,0,0,738688.523389409,1398,2,0
97817.4848866149,40,2476.4,2965,2577.4,0,0,738688.523389872,1398,2,0
97817.5248856813,40,2623.6,2978.8,2456,0,0,738688.523390335,1398,2,0
97817.5648847477,40,2784.2,2914.4,2345.8,0,0,738688.523390798,1398,2,0
97817.6048838141,40,2914,2791.4,2262.2,0,0,738688.523391261,1398,2,0
97817.6448828805,40,3006.2,2676,2207.8,0,0,738688.523391724,1398,2,0
97817.6848819469,40,3023.2,2593.4,2177.8,0,0,738688.523392187,1398,2,0
97817.7248810133,40,3022.6,2571.6,2170.2,0,0,738688.523392649,1398,2,0
97817.7648800797,40,3017.8,2622.4,2184.8,0,0,738688.523393112,1398,2,0
97817.8048791461,40,2987.8,2695,2213,0,0,738688.523393575,1398,2,0
97817.8448782125,40,2900.2,2792,2267.8,0,0,738688.523394038,1398,2,0
97817.8848772789,40,2790,2925.8,2350.8,0,0,738688.523394501,1398,2,0
97817.9248763453,40,2628.2,3011.2,2463.4,0,0,738688.523394964,1398,2,0
97817.9648754117,40,2471.8,3002.6,2601,0,0,738688.523395427,1398,2,0
97818.0048744781,40,2344.8,2885.2,2715,0,0,738688.52339589,1398,2,0
97818.0448735445,40,2271,2774.8,2781.4,0,0,738688.523396353,1398,2,0
97818.0848726109,40,2254.8,2738.2,2787,0,0,738688.523396816,1398,2,0
97818.1248716773,40,2300.4,2809.6,2756.2,0,0,738688.523397279,1398,2,0
97818.1648707437,40,2380.4,2928.2,2688.6,0,0,738688.523397742,1398,2,0
97818.2048698101,40,2506,3010.4,2571,0,0,738688.523398205,1398,2,0
97818.2448688765,40,2672.8,3016.2,2436.2,0,0,738688.523398668,1398,2,0
97818.2848679429,40,2839.8,2920.4,2328.2,0,0,738688.523399131,1398,2,0
97818.3248670093,40,2969.2,2774.6,2249.2,0,0,738688.523399594,1398,2,0
97818.3648660757,40,3016.2,2653.8,2202,0,0,738688.523400057,1398,2,0
97818.4048651421,40,3036.6,2596.6,2174.4,0,0,738688.52340052,1398,2,0
97818.4448642085,40,3034.6,2596.4,2175.2,0,0,738688.523400983,1398,2,0
97818.4848632749,40,3004.8,2644.2,2197.6,0,0,738688.523401446,1398,2,0
97818.5248623413,40,2959.8,2714,2226.6,0,0,738688.523401908,1398,2,0
97818.5648614077,40,2867.6,2809.8,2282.8,0,0,738688.523402371,1398,2,0
97818.6048604741,40,2735.2,2913,2364.4,0,0,738688.523402834,1398,2,0
97818.6448595405,40,2572,2957,2477.2,0,0,738688.523403297,1398,2,0
97818.6848586069,40,2433.8,2911.4,2586.4,0,0,738688.52340376,1398,2,0
97818.7248576733,40,2336.8,2849.6,2702.8,0,0,738688.523404223,1398,2,0
97818.7648567397,40,2284.8,2813.8,2792.2,0,0,738688.523404686,1398,2,0
97818.8048558061,40,2281.2,2799,2799.8,0,0,738688.523405149,1398,2,0
97818.8448548725,40,2323.4,2867.6,2757,0,0,738688.523405612,1398,2,0
97818.8848539389,40,2396.4,2964,2686.2,0,0,738688.523406075,1398,2,0
97818.9248530053,40,2513.4,3026.2,2569,0,0,738688.523406538,1398,2,0
97818.9648520717,40,2673.8,3030.2,2442.2,0,0,738688.523407001,1398,2,0
97819.0048511381,40,2830.4,2918.8,2331.4,0,0,738688.523407464,1398,2,0
97819.0448502045,40,2966.4,2795.6,2251,0,0,738688.523407927,1398,2,0
97819.0848492709,40,3022.2,2667.6,2200,0,0,738688.52340839,1398,2,0
97819.1248483373,40,3050.2,2608.6,2178.8,0,0,738688.523408853,1398,2,0
97819.1648474037,40,3044,2604.8,2175.4,0,0,738688.523409316,1398,2,0
97819.2048464701,40,3003,2641.4,2193.4,0,0,738688.523409779,1398,2,0
97819.2448455365,40,2956.4,2704.4,2222.8,0,0,738688.523410242,1398,2,0
97819.2848446029,40,2855.4,2800.4,2279.4,0,0,738688.523410705,1398,2,0
97819.3248436693,40,2735.4,2920,2368.6,0,0,738688.523411168,1398,2,0
97819.3648427357,40,2573,2982.2,2489.6,0,0,738688.523411631,1398,2,0
97819.4048418021,40,2429,2929.2,2610,0,0,738688.523412093,1398,2,0
97819.4448408685,40,2328,2851.6,2726,0,0,738688.523412556,1398,2,0
97819.4848399349,40,2269.4,2790.6,2816.2,0,0,738688.523413019,1398,2,0
97819.5248390013,40,2259.6,2780.6,2843.8,0,0,738688.523413482,1398,2,0
97819.5648380677,40,2291.6,2841.6,2815.8,0,0,738688.523413945,1398,2,0
97819.6048371341,40,2352.6,2926,2743,0,0,738688.523414408,1398,2,0
97819.6448362005,40,2459.4,3022.4,2639,0,0,738688.523414871,1398,2,0
97819.6848352669,40,2606.6,3055.2,2502.2,0,0,738688.523415334,1398,2,0
97819.7248343333,40,2768.4,2988,2376.6,0,0,738688.523415797,1398,2,0
97819.7648333997,40,2921,2860.2,2285.6,0,0,738688.52341626,1398,2,0
97819.8048324661,40,2998.4,2726.4,2224.8,0,0,738688.523416723,1398,2,0
97819.8448315325,40,3052,2644.2,2195,0,0,738688.523417186,1398,2,0
97819.8848305989,40,3045.8,2625.8,2182,0,0,738688.523417649,1398,2,0
97819.9248296653,40,3029.8,2657.8,2200,0,0,738688.523418112,1398,2,0
97819.9648287317,40,2980,2709.6,2225.2,0,0,738688.523418575,1398,2,0
97820.0048277981,40,2881.4,2797.8,2274.4,0,0,738688.523419038,1398,2,0
97820.0448268645,40,2779.4,2925.2,2356,0,0,738688.523419501,1398,2,0
97820.0848259309,40,2621.6,3010.8,2467,0,0,738688.523419964,1398,2,0
97820.1248249973,40,2471.6,2997.6,2599,0,0,738688.523420427,1398,2,0
97820.1648240637,40,2347,2892.4,2721.6,0,0,738688.52342089,1398,2,0
97820.2048231301,40,2269,2785.4,2795.2,0,0,738688.523421352,1398,2,0
97820.2448221965,40,2238.8,2710.6,2817.8,0,0,738688.523421815,1398,2,0
97820.2848212629,40,2245.4,2724.4,2803.6,0,0,738688.523422278,1398,2,0
97820.3248203293,40,2291.8,2814.6,2777.2,0,0,738688.523422741,1398,2,0
97820.3648193957,40,2374.6,2933.4,2709.2,0,0,738688.523423204,1398,2,0
97820.4048184621,40,2496.2,3027.4,2592.4,0,0,738688.523423667,1398,2,0
97820.4448175285,40,2657.2,3055,2465.4,0,0,738688.52342413,1398,2,0
97820.4848165949,40,2825.6,2962.6,2347.6,0,0,738688.523424593,1398,2,0
97820.5248156613,40,2947.8,2825.8,2266,0,0,738688.523425056,1398,2,0
97820.5648147277,40,3003.6,2698.4,2212,0,0,738688.523425519,1398,2,0
97820.6048137941,40,3036,2637,2189.4,0,0,738688.523425982,1398,2,0
97820.6448128605,40,3019.6,2633.4,2190,0,0,738688.523426445,1398,2,0
97820.6848119269,40,2968,2659.4,2207,0,0,738688.523426908,1398,2,0
97820.7248109933,40,2892.8,2722.6,2241.6,0,0,738688.523427371,1398,2,0
97820.7648100597,40,2785.2,2799.2,2298.6,0,0,738688.523427834,1398,2,0
97820.8048091261,40,2652.4,2882.8,2386.4,0,0,738688.523428297,1398,2,0
97820.8448081925,40,2525.2,2945.2,2508,0,0,738688.52342876,1398,2,0
97820.8848072589,40,2403.8,2932,2649.8,0,0,738688.523429223,1398,2,0
97820.9248063253,40,2316.8,2876,2776,0,0,738688.523429686,1398,2,0
97820.9648053917,40,2260.6,2787,2852.6,0,0,738688.523430149,1398,2,0
97821.0048044581,40,2245.6,2758.8,2861.6,0,0,738688.523430612,1398,2,0
97821.0448035245,40,2273.6,2799.4,2827.4,0,0,738688.523431074,1398,2,0
97821.0848025909,40,2324.8,2882.6,2769,0,0,738688.523431537,1398,2,0
97821.1248016573,40,2412.4,2969.2,2667,0,0,738688.523432,1398,2,0
97821.1648007237,40,2547.6,3040,2545.8,0,0,738688.523432463,1398,2,0
97821.2047997901,40,2712.2,3018.8,2415.6,0,0,738688.523432926,1398,2,0
97821.2447988565,40,2868.6,2908.6,2315.8,0,0,738688.523433389,1398,2,0
97821.2847979229,40,2978.8,2776.4,2245.4,0,0,738688.523433852,1398,2,0
97821.3247969893,40,3029.2,2678,2204.4,0,0,738688.523434315,1398,2,0
97821.3647960557,40,3041.4,2624.4,2184,0,0,738688.523434778,1398,2,0
97821.4047951221,40,3035.2,2630.8,2189,0,0,738688.523435241,1398,2,0
97821.4447941885,40,3008.6,2681.6,2211.2,0,0,738688.523435704,1398,2,0
97821.4847932549,40,2933,2747.2,2244,0,0,738688.523436167,1398,2,0
97821.5247923213,40,2841.4,2848,2302.8,0,0,738688.52343663,1398,2,0
97821.5647913877,40,2710.2,2942.8,2387,0,0,738688.523437093,1398,2,0
97821.6047904541,40,2565.2,2990,2502.2,0,0,738688.523437556,1398,2,0
97821.6447895205,40,2422,2931.8,2617.2,0,0,738688.523438019,1398,2,0
97821.6847885869,40,2319,2836.4,2717.2,0,0,738688.523438482,1398,2,0
97821.7247876533,40,2264.6,2767.8,2804.2,0,0,738688.523438945,1398,2,0
97821.7647867197,40,2252.4,2757.2,2835.8,0,0,738688.523439408,1398,2,0
97821.8047857861,40,2283.8,2821.6,2817,0,0,738688.523439871,1398,2,0
97821.8447848525,40,2345.2,2916,2755.4,0,0,738688.523440334,1398,2,0
97821.8847839189,40,2444,3016.8,2658.8,0,0,738688.523440797,1398,2,0
97821.9247829853,40,2584.2,3070.4,2524.8,0,0,738688.523441259,1398,2,0
97821.9647820517,40,2741.4,3019.8,2406,0,0,738688.523441722,1398,2,0
97822.0047811181,40,2882.6,2897.2,2306.2,0,0,738688.523442185,1398,2,0
97822.0447801845,40,2973.4,2768.6,2243.4,0,0,738688.523442648,1398,2,0
97822.0847792509,40,3028.8,2680,2206.2,0,0,738688.523443111,1398,2,0
97822.1247783173,40,3015.4,2641.4,2194.2,0,0,738688.523443574,1398,2,0
97822.1647773837,40,2990.6,2677.2,2211.2,0,0,738688.523444037,1398,2,0
97822.2047764501,40,2944.4,2717.2,2233.2,0,0,738688.5234445,1398,2,0
97822.2447755165,40,2850.6,2777.6,2277.2,0,0,738688.523444963,1398,2,0
97822.2847745829,40,2740,2874.2,2343,0,0,738688.523445426,1398,2,0
97822.3247736493,40,2611.6,2948.2,2446.2,0,0,738688.523445889,1398,2,0
97822.3647727157,40,2479.8,2957.8,2567,0,0,738688.523446352,1398,2,0
97822.4047717821,40,2373.2,2903.2,2677.6,0,0,738688.523446815,1398,2,0
97822.4447708485,40,2300.6,2827.8,2774.2,0,0,738688.523447278,1398,2,0
97822.4847699149,40,2263.6,2790.4,2840.8,0,0,738688.523447741,1398,2,0
97822.5247689813,40,2278,2800.6,2808.8,0,0,738688.523448204,1398,2,0
97822.5647680477,40,2320.4,2852.2,2740.6,0,0,738688.523448667,1398,2,0
97822.6047671141,40,2407,2952.8,2666.8,0,0,738688.52344913,1398,2,0
97822.6447661805,40,2537,3011,2540,0,0,738688.523449593,1398,2,0
97822.6847652469,40,2694.4,3002.8,2419.4,0,0,738688.523450056,1398,2,0
97822.7247643133,40,2848.4,2909.2,2315.8,0,0,738688.523450518,1398,2,0
97822.7647633797,40,2965.2,2777.6,2247.8,0,0,738688.523450981,1398,2,0
97822.8047624461,40,3027,2678.8,2202.2,0,0,738688.523451444,1398,2,0
97822.8447615125,40,3037,2629.4,2191.8,0,0,738688.523451907,1398,2,0
97822.8847605789,40,3030.2,2650.4,2194.6,0,0,738688.52345237,1398,2,0
97822.9247596453,40,3021.6,2698,2216,0,0,738688.523452833,1398,2,0
97822.9647587117,40,2970.4,2779.8,2245.6,0,0,738688.523453296,1398,2,0
97823.0047577781,40,2873.6,2903.8,2314.6,0,0,738688.523453759,1398,2,0
97823.0447568445,40,2740.8,3025.2,2409.2,0,0,738688.523454222,1398,2,0
97823.0847559109,40,2580.8,3077.2,2532,0,0,738688.523454685,1398,2,0
97823.1247549773,40,2442.8,3028.2,2665.4,0,0,738688.523455148,1398,2,0
97823.1647540437,40,2343.2,2924,2762.6,0,0,738688.523455611,1398,2,0
97823.2047531101,40,2289.6,2821.8,2803.8,0,0,738688.523456074,1398,2,0
97823.2447521765,40,2279.4,2769.8,2746.4,0,0,738688.523456537,1398,2,0
97823.2847512429,40,2331,2837.4,2703,0,0,738688.523457,1398,2,0
97823.3247503093,40,2416.2,2955.2,2641.8,0,0,738688.523457463,1398,2,0
97823.3647493757,40,2540.6,3025.6,2546,0,0,738688.523457926,1398,2,0
97823.4047484421,40,2694,3031.8,2433.8,0,0,738688.523458389,1398,2,0
97823.4447475085,40,2835.2,2940.4,2336.6,0,0,738688.523458852,1398,2,0
97823.4847465749,40,2941.4,2816.6,2268,0,0,738688.523459315,1398,2,0
97823.5247456413,40,3001.4,2695,2213.6,0,0,738688.523459777,1398,2,0
97823.5647447077,40,3038.2,2632.4,2187.6,0,0,738688.52346024,1398,2,0
97823.6047437741,40,3017.4,2618.6,2187.6,0,0,738688.523460703,1398,2,0
97823.6447428405,40,2982.6,2657.4,2203.6,0,0,738688.523461166,1398,2,0
97823.6847419069,40,2947.2,2720.4,2230.4,0,0,738688.523461629,1398,2,0
97823.7247409733,40,2845.8,2823.4,2289,0,0,738688.523462092,1398,2,0
97823.7647400397,40,2756.4,2965.2,2377.6,0,0,738688.523462555,1398,2,0
97823.8047391061,40,2612,3063.4,2502,0,0,738688.523463018,1398,2,0
97823.8447381725,40,2473.8,3048.2,2634.6,0,0,738688.523463481,1398,2,0
97823.8847372389,40,2366,2981.8,2770,0,0,738688.523463944,1398,2,0
97823.9247363053,40,2303.6,2887.2,2830.6,0,0,738688.523464407,1398,2,0
97823.9647353717,40,2304.8,2858.6,2792,0,0,738688.52346487,1398,2,0
97824.0047344381,40,2346.4,2868.8,2703.6,0,0,738688.523465333,1398,2,0
97824.0447335045,40,2407,2897.8,2604.2,0,0,738688.523465796,1398,2,0
97824.0847325709,40,2519.6,2936.4,2498.4,0,0,738688.523466259,1398,2,0
97824.1247316373,40,2669.4,2929.4,2402.8,0,0,738688.523466722,1398,2,0
97824.1647307037,40,2810,2844.2,2313,0,0,738688.523467185,1398,2,0
97824.2047297701,40,2914.4,2741.2,2241.2,0,0,738688.523467648,1398,2,0
97824.2447288365,40,2982,2649,2200.6,0,0,738688.523468111,1398,2,0
97824.2847279029,40,3012,2601.8,2177.6,0,0,738688.523468574,1398,2,0
97824.3247269693,40,3024,2591.6,2177.8,0,0,738688.523469037,1398,2,0
97824.3647260357,40,3024,2632,2190.8,0,0,738688.5234695,1398,2,0
97824.4047251021,40,3008.6,2690.2,2213,0,0,738688.523469962,1398,2,0
97824.4447241685,40,2935.8,2789,2260.2,0,0,738688.523470425,1398,2,0
97824.4847232349,40,2832.8,2895.2,2325.8,0,0,738688.523470888,1398,2,0
97824.5247223013,40,2680,2988.8,2423.2,0,0,738688.523471351,1398,2,0
97824.5647213677,40,2534.6,3005.6,2536.6,0,0,738688.523471814,1398,2,0
97824.6047204341,40,2399.6,2935.8,2651.8,0,0,738688.523472277,1398,2,0
97824.6447195005,40,2316.4,2827.4,2723.8,0,0,738688.52347274,1398,2,0
97824.6847185669,40,2289.6,2788.2,2746.4,0,0,738688.523473203,1398,2,0
97824.7247176333,40,2324.6,2839.4,2719.6,0,0,738688.523473666,1398,2,0
97824.7647166997,40,2391.2,2912,2660.8,0,0,738688.523474129,1398,2,0
97824.8047157661,40,2495.4,2991.8,2567.2,0,0,738688.523474592,1398,2,0
97824.8447148325,40,2638.8,3008,2457.2,0,0,738688.523475055,1398,2,0
97824.8847138989,40,2807.4,2948.2,2347.6,0,0,738688.523475518,1398,2,0
97824.9247129653,40,2935.6,2815.8,2265.8,0,0,738688.523475981,1398,2,0
97824.9647120317,40,3014.8,2678.4,2208.2,0,0,738688.523476444,1398,2,0
97825.0047110981,40,3032.2,2586.2,2173.8,0,0,738688.523476907,1398,2,0
97825.0447101645,40,3019.2,2540.4,2159.2,0,0,738688.52347737,1398,2,0
97825.0847092309,40,3015.4,2549.4,2167.2,0,0,738688.523477833,1398,2,0
97825.1247082973,40,3007.8,2598.4,2179,0,0,738688.523478296,1398,2,0
97825.1647073637,40,2969.6,2669.6,2213.2,0,0,738688.523478759,1398,2,0
97825.2047064301,40,2879.8,2768,2264.2,0,0,738688.523479222,1398,2,0
97825.2447054965,40,2763.8,2887.8,2346.4,0,0,738688.523479684,1398,2,0
97825.2847045629,40,2607,2968,2454.2,0,0,738688.523480147,1398,2,0
97825.3247036293,40,2467.4,2965.2,2584.8,0,0,738688.52348061,1398,2,0
97825.3647026957,40,2357.8,2885.8,2694.2,0,0,738688.523481073,1398,2,0
97825.4047017621,40,2294.6,2823.6,2780,0,0,738688.523481536,1398,2,0
97825.4447008285,40,2288.2,2813.8,2781.2,0,0,738688.523481999,1398,2,0
97825.4846998949,40,2330.4,2867,2728.4,0,0,738688.523482462,1398,2,0
97825.5246989613,40,2407.2,2952,2664.2,0,0,738688.523482925,1398,2,0
97825.5646980277,40,2519.6,3013.4,2557.2,0,0,738688.523483388,1398,2,0
97825.6046970941,40,2670.4,3017.6,2437.6,0,0,738688.523483851,1398,2,0
97825.6446961605,40,2826.2,2933.6,2335.2,0,0,738688.523484314,1398,2,0
97825.6846952269,40,2954.2,2810.2,2259.8,0,0,738688.523484777,1398,2,0
97825.7246942933,40,3019,2683.8,2207,0,0,738688.52348524,1398,2,0
97825.7646933597,40,3046.4,2601.8,2178.6,0,0,738688.523485703,1398,2,0
97825.8046924261,40,3025.2,2578.2,2170.6,0,0,738688.523486166,1398,2,0
97825.8446914925,40,3021,2604.4,2184,0,0,738688.523486629,1398,2,0
97825.8846905589,40,2995,2652.8,2199.8,0,0,738688.523487092,1398,2,0
97825.9246896253,40,2943.6,2730.8,2238.8,0,0,738688.523487555,1398,2,0
97825.9646886917,40,2840,2826.2,2295.8,0,0,738688.523488018,1398,2,0
97826.0046877581,40,2697.4,2921,2382.2,0,0,738688.523488481,1398,2,0
97826.0446868245,40,2559.8,2963.6,2492,0,0,738688.523488943,1398,2,0
97826.0846858909,40,2434.6,2935.8,2611.4,0,0,738688.523489406,1398,2,0
97826.1246849573,40,2341.6,2873.6,2712,0,0,738688.523489869,1398,2,0
97826.1646840237,40,2297.2,2833.6,2793.8,0,0,738688.523490332,1398,2,0
97826.2046830901,40,2302.4,2830.6,2778.8,0,0,738688.523490795,1398,2,0
97826.2446821565,40,2349.2,2904.6,2731.8,0,0,738688.523491258,1398,2,0
97826.2846812229,40,2432,2993.2,2661,0,0,738688.523491721,1398,2,0
97826.3246802893,40,2552,3043.2,2540.6,0,0,738688.523492184,1398,2,0
97826.3646793557,40,2705.8,3012,2418.4,0,0,738688.523492647,1398,2,0
97826.4046784221,40,2863,2910,2319.4,0,0,738688.52349311,1398,2,0
97826.4446774885,40,2979.4,2768.2,2242.6,0,0,738688.523493573,1398,2,0
97826.4846765549,40,3031.4,2652.2,2196.4,0,0,738688.523494036,1398,2,0
97826.5246756213,40,3027,2576.4,2171,0,0,738688.523494499,1398,2,0
97826.5646746877,40,3001,2560.6,2166.4,0,0,738688.523494962,1398,2,0
97826.6046737541,40,2988.8,2589,2181.4,0,0,738688.523495425,1398,2,0
97826.6446728205,40,2959.8,2631.4,2202.4,0,0,738688.523495888,1398,2,0
97826.6846718869,40,2888.4,2699,2236.8,0,0,738688.523496351,1398,2,0
97826.7246709533,40,2806,2783,2288.6,0,0,738688.523496814,1398,2,0
97826.7646700197,40,2697.8,2881.6,2365.6,0,0,738688.523497277,1398,2,0
97826.8046690861,40,2571.2,2944.8,2471.8,0,0,738688.52349774,1398,2,0
97826.9086666587,104,2308.8,2877.2,2797.4,0,0,738688.523498943,1398,2,0
97826.9486657251,40,2274.6,2821.8,2829,0,0,738688.523499406,1398,2,0
97826.9886647915,40,2300.6,2834.4,2785,0,0,738688.523499869,1398,2,0
97827.0286638579,40,2343.6,2893,2726.2,0,0,738688.523500332,1398,2,0
97827.0686629243,40,2429.6,2946.4,2621.8,0,0,738688.523500795,1398,2,0
97827.1086619907,40,2548,2977.2,2507.4,0,0,738688.523501258,1398,2,0
97827.1486610571,40,2692.8,2936,2388,0,0,738688.523501721,1398,2,0
97827.1886601235,40,2830.8,2837.8,2303.4,0,0,738688.523502184,1398,2,0
97827.2286591899,40,2934.2,2729.2,2235.6,0,0,738688.523502647,1398,2,0
97827.2686582563,40,2995,2631.6,2193,0,0,738688.52350311,1398,2,0
97827.3086573227,40,3011.2,2574.4,2172.8,0,0,738688.523503573,1398,2,0
97827.3486563891,40,3007.8,2561.8,2169.2,0,0,738688.523504036,1398,2,0
97827.3886554555,40,2997.6,2593,2176.4,0,0,738688.523504499,1398,2,0
97827.4286545219,40,2973.4,2647.8,2204,0,0,738688.523504962,1398,2,0
97827.4686535883,40,2908,2728.2,2242,0,0,738688.523505425,1398,2,0
97827.5086526547,40,2802.8,2832.8,2311.6,0,0,738688.523505888,1398,2,0
97827.5486517211,40,2672.4,2934.8,2403.6,0,0,738688.52350635,1398,2,0
97827.5886507875,40,2514.2,2971.2,2534.6,0,0,738688.523506813,1398,2,0
97827.6286498539,40,2380.2,2919,2677,0,0,738688.523507276,1398,2,0
97827.6686489203,40,2285.2,2821.4,2796.4,0,0,738688.523507739,1398,2,0
97827.7086479867,40,2242.6,2728.4,2837.8,0,0,738688.523508202,1398,2,0
97827.7486470531,40,2251,2743.4,2820,0,0,738688.523508665,1398,2,0
97827.7886461195,40,2290.2,2800.4,2767.8,0,0,738688.523509128,1398,2,0
97827.8286451859,40,2363,2901.6,2700,0,0,738688.523509591,1398,2,0
97827.8686442523,40,2474.2,2978,2582.8,0,0,738688.523510054,1398,2,0
97827.9086433187,40,2623,2997,2458,0,0,738688.523510517,1398,2,0
97827.9486423851,40,2793,2945.2,2354.6,0,0,738688.52351098,1398,2,0
97827.9886414515,40,2942.6,2827,2268.6,0,0,738688.523511443,1398,2,0
97828.0286405179,40,3022.8,2695.2,2210,0,0,738688.523511906,1398,2,0
97828.0686395843,40,3040.8,2605.2,2179.4,0,0,738688.523512369,1398,2,0
97828.1086386507,40,3044,2572.2,2171.6,0,0,738688.523512832,1398,2,0
97828.1486377171,40,3034.2,2599,2179.6,0,0,738688.523513295,1398,2,0
97828.1886367835,40,3020.6,2653.2,2197,0,0,738688.523513758,1398,2,0
97828.2286358499,40,2962.2,2741.4,2237.6,0,0,738688.523514221,1398,2,0
97828.2686349163,40,2851.4,2850,2300.6,0,0,738688.523514684,1398,2,0
97828.3086339827,40,2710.6,2968.2,2398.4,0,0,738688.523515147,1398,2,0
97828.3486330491,40,2547.2,3006.4,2524,0,0,738688.52351561,1398,2,0
97828.3886321155,40,2402.8,2950.4,2656.8,0,0,738688.523516073,1398,2,0
97828.4286311819,40,2308.4,2831.4,2746.4,0,0,738688.523516535,1398,2,0
97828.4686302483,40,2263.2,2764,2806.4,0,0,738688.523516998,1398,2,0
97828.5086293147,40,2275.2,2783.6,2783.6,0,0,738688.523517461,1398,2,0
97828.5486283811,40,2329.4,2853.8,2726.2,0,0,738688.523517924,1398,2,0
97828.5886274475,40,2415.8,2943,2643,0,0,738688.523518387,1398,2,0
97828.6286265139,40,2554.4,3000.4,2514.4,0,0,738688.52351885,1398,2,0
97828.6686255803,40,2720.8,2970.4,2398,0,0,738688.523519313,1398,2,0
97828.7086246467,40,2886,2872.6,2298.6,0,0,738688.523519776,1398,2,0
97828.7486237131,40,2989,2726.6,2228,0,0,738688.523520239,1398,2,0
97828.7886227795,40,3031.6,2612,2178.6,0,0,738688.523520702,1398,2,0
97828.8286218459,40,3027,2535.4,2157.8,0,0,738688.523521165,1398,2,0
97828.8686209123,40,3024.6,2525.2,2155,0,0,738688.523521628,1398,2,0
97828.9086199787,40,3016.2,2561.2,2164.4,0,0,738688.523522091,1398,2,0
97828.9486190451,40,2994.8,2618.6,2189.8,0,0,738688.523522554,1398,2,0
97828.9886181115,40,2930.6,2711.4,2231.2,0,0,738688.523523017,1398,2,0
97829.0286171779,40,2829.8,2829.2,2300.4,0,0,738688.52352348,1398,2,0
97829.0686162443,40,2683.2,2939,2398.2,0,0,738688.523523943,1398,2,0
97829.1086153107,40,2523.4,2973.8,2528,0,0,738688.523524406,1398,2,0
97829.1486143771,40,2393,2936.8,2669.4,0,0,738688.523524869,1398,2,0
97829.1886134435,40,2305,2849,2783,0,0,738688.523525332,1398,2,0
97829.2286125099,40,2260,2778.4,2838.8,0,0,738688.523525795,1398,2,0
97829.2686115763,40,2270.8,2773.2,2783.8,0,0,738688.523526257,1398,2,0
97829.3086106427,40,2313.8,2831.6,2722,0,0,738688.52352672,1398,2,0
97829.3486097091,40,2394.6,2908.4,2638.6,0,0,738688.523527183,1398,2,0
97829.3886087755,40,2521.8,2967.2,2523.8,0,0,738688.523527646,1398,2,0
97829.4286078419,40,2669.8,2931.2,2398.2,0,0,738688.523528109,1398,2,0
97829.4686069083,40,2819.4,2828.2,2299.4,0,0,738688.523528572,1398,2,0
97829.5086059747,40,2940.4,2713.2,2228.4,0,0,738688.523529035,1398,2,0
97829.5486050411,40,2989.2,2596.8,2181.4,0,0,738688.523529498,1398,2,0
97829.5886041075,40,2985.2,2528.8,2157.6,0,0,738688.523529961,1398,2,0
97829.6286031739,40,2989.6,2520.2,2157.4,0,0,738688.523530424,1398,2,0
97829.6686022403,40,2992.4,2552.6,2166.8,0,0,738688.523530887,1398,2,0
97829.7086013067,40,2984.2,2602.8,2184.6,0,0,738688.52353135,1398,2,0
97829.7486003731,40,2938,2686.8,2222.6,0,0,738688.523531813,1398,2,0
97829.7885994395,40,2852,2799.6,2282.6,0,0,738688.523532276,1398,2,0
97829.8285985059,40,2711.2,2898.8,2369.8,0,0,738688.523532739,1398,2,0
97829.8685975723,40,2551.6,2929.4,2475.8,0,0,738688.523533202,1398,2,0
97829.9085966387,40,2417.2,2901,2593.6,0,0,738688.523533665,1398,2,0
97829.9485957051,40,2331.4,2825,2683.6,0,0,738688.523534128,1398,2,0
97829.9885947715,40,2281,2785,2769.4,0,0,738688.523534591,1398,2,0
97830.0285938379,40,2275.4,2792.4,2794.8,0,0,738688.523535054,1398,2,0
97830.0685929043,40,2310.6,2833.4,2747.2,0,0,738688.523535516,1398,2,0
97830.1085919707,40,2372.6,2929,2699,0,0,738688.523535979,1398,2,0
97830.1485910371,40,2477.8,3012.4,2598.2,0,0,738688.523536442,1398,2,0
97830.1885901035,40,2629.2,3046.4,2478.6,0,0,738688.523536905,1398,2,0
97830.2285891699,40,2791,2978.2,2367.8,0,0,738688.523537368,1398,2,0
97830.2685882363,40,2922.8,2853.2,2284.4,0,0,738688.523537831,1398,2,0
97830.3085873027,40,3005.6,2722.4,2220.8,0,0,738688.523538294,1398,2,0
97830.3485863691,40,3038.6,2626.8,2185.6,0,0,738688.523538757,1398,2,0
97830.3885854355,40,3053.8,2588,2170.2,0,0,738688.52353922,1398,2,0
97830.4285845019,40,3036.4,2592.8,2175.8,0,0,738688.523539683,1398,2,0
97830.4685835683,40,3005,2642,2193.6,0,0,738688.523540146,1398,2,0
97830.5085826347,40,2958.6,2713,2226,0,0,738688.523540609,1398,2,0
97830.5485817011,40,2868.8,2808,2280.6,0,0,738688.523541072,1398,2,0
97830.5885807675,40,2736.6,2913.4,2360.6,0,0,738688.523541535,1398,2,0
97830.6285798339,40,2585.2,2966.6,2470.6,0,0,738688.523541998,1398,2,0
97830.6685789003,40,2444.4,2950.6,2596.6,0,0,738688.523542461,1398,2,0
97830.7085779667,40,2335.8,2847.4,2697.2,0,0,738688.523542924,1398,2,0
97830.7485770331,40,2273.8,2757.2,2763.6,0,0,738688.523543387,1398,2,0
97830.7885760995,40,2255.6,2737,2778.8,0,0,738688.52354385,1398,2,0
97830.8285751659,40,2284.8,2790.4,2754.2,0,0,738688.523544313,1398,2,0
97830.8685742323,40,2353.4,2880.6,2697.6,0,0,738688.523544776,1398,2,0
97830.9085732987,40,2459.2,2978.2,2607.4,0,0,738688.523545239,1398,2,0
97830.9485723651,40,2596.4,3027.4,2489.2,0,0,738688.523545701,1398,2,0
97830.9885714315,40,2760.6,2983.8,2376.2,0,0,738688.523546164,1398,2,0
97831.0285704979,40,2918.8,2885.8,2292.6,0,0,738688.523546627,1398,2,0
97831.0685695643,40,3011.8,2753.2,2231.4,0,0,738688.52354709,1398,2,0
97831.1085686307,40,3038,2655.2,2193.4,0,0,738688.523547553,1398,2,0
97831.1485676971,40,3046.6,2618.2,2185,0,0,738688.523548016,1398,2,0
97831.1885667635,40,3053.8,2649.4,2192.8,0,0,738688.523548479,1398,2,0
97831.2285658299,40,3019.4,2694.8,2210.2,0,0,738688.523548942,1398,2,0
97831.2685648963,40,2947.8,2767,2248.2,0,0,738688.523549405,1398,2,0
97831.3085639627,40,2839.2,2861.6,2308,0,0,738688.523549868,1398,2,0
97831.3485630291,40,2702.8,2953,2399.8,0,0,738688.523550331,1398,2,0
97831.3885620955,40,2544,2985.6,2511.6,0,0,738688.523550794,1398,2,0
97831.4285611619,40,2414.4,2930.4,2627.8,0,0,738688.523551257,1398,2,0
97831.4685602283,40,2322,2827.2,2710.2,0,0,738688.52355172,1398,2,0
97831.5085592947,40,2271.8,2761.4,2773.4,0,0,738688.523552183,1398,2,0
97831.5485583611,40,2265.8,2770.2,2794,0,0,738688.523552646,1398,2,0
97831.5885574275,40,2308.2,2835.6,2757.2,0,0,738688.523553109,1398,2,0
97831.6285564939,40,2376.4,2928,2688.4,0,0,738688.523553572,1398,2,0
97831.6685555603,40,2493.8,3004.4,2579,0,0,738688.523554035,1398,2,0
97831.7085546267,40,2642.8,3036.2,2462.6,0,0,738688.523554498,1398,2,0
97831.7485536931,40,2811.8,2962.8,2347.6,0,0,738688.52355496,1398,2,0
97831.7885527595,40,2948.4,2825.8,2265.2,0,0,738688.523555423,1398,2,0
97831.8285518259,40,3023,2707.6,2214,0,0,738688.523555886,1398,2,0
97831.8685508923,40,3040.4,2637.2,2192.8,0,0,738688.523556349,1398,2,0
97831.9085499587,40,3051.4,2650.6,2191.6,0,0,738688.523556812,1398,2,0
97831.9485490251,40,3024.4,2685.6,2211.2,0,0,738688.523557275,1398,2,0
97831.9885480915,40,2964.4,2746.4,2237,0,0,738688.523557738,1398,2,0
97832.0285471579,40,2851.6,2838.6,2291.4,0,0,738688.523558201,1398,2,0
97832.0685462243,40,2722.6,2916.8,2372.6,0,0,738688.523558664,1398,2,0
97832.1085452907,40,2576,2976.4,2487.6,0,0,738688.523559127,1398,2,0
97832.1485443571,40,2431.8,2930.6,2601,0,0,738688.52355959,1398,2,0
97832.1885434235,40,2329.6,2828.2,2690.2,0,0,738688.523560053,1398,2,0
97832.2285424899,40,2276.6,2771.2,2779.8,0,0,738688.523560516,1398,2,0
97832.2685415563,40,2262,2765.8,2808.8,0,0,738688.523560979,1398,2,0
97832.3085406227,40,2300.2,2848.6,2796.4,0,0,738688.523561442,1398,2,0
97832.3485396891,40,2365.4,2925.6,2717.6,0,0,738688.523561905,1398,2,0
97832.3885387555,40,2469.2,3002.8,2608.6,0,0,738688.523562368,1398,2,0
97832.4285378219,40,2615.8,3051.8,2493.4,0,0,738688.523562831,1398,2,0
97832.4685368883,40,2775.6,2999,2382.8,0,0,738688.523563294,1398,2,0
97832.5085359547,40,2911.8,2884.2,2296.4,0,0,738688.523563757,1398,2,0
97832.5485350211,40,2988.8,2754.2,2234.8,0,0,738688.523564219,1398,2,0
97832.5885340875,40,3029.2,2672.8,2201.2,0,0,738688.523564682,1398,2,0
97832.6285331539,40,3028.2,2638.4,2192.4,0,0,738688.523565145,1398,2,0
97832.6685322203,40,3019.8,2675.4,2202.2,0,0,738688.523565608,1398,2,0
97832.7085312867,40,2975.2,2717.4,2229.8,0,0,738688.523566071,1398,2,0
97832.7485303531,40,2892.4,2796.2,2269.2,0,0,738688.523566534,1398,2,0
97832.7885294195,40,2786.4,2897,2335,0,0,738688.523566997,1398,2,0
97832.8285284859,40,2639,2972.4,2440,0,0,738688.52356746,1398,2,0
97832.8685275523,40,2487.6,2968.4,2557.6,0,0,738688.523567923,1398,2,0
97832.9085266187,40,2368,2894.6,2674.2,0,0,738688.523568386,1398,2,0
97832.9485256851,40,2296.8,2801.4,2745.2,0,0,738688.523568849,1398,2,0
97832.9885247515,40,2260.6,2767.2,2804.8,0,0,738688.523569312,1398,2,0
97833.0285238179,40,2281,2793.4,2789.2,0,0,738688.523569775,1398,2,0
97833.0685228843,40,2323.8,2860.6,2731.8,0,0,738688.523570238,1398,2,0
97833.1085219507,40,2412.8,2958.8,2653.6,0,0,738688.523570701,1398,2,0
97833.1485210171,40,2543.6,3006.2,2527.8,0,0,738688.523571164,1398,2,0
97833.1885200835,40,2706,2988.4,2407,0,0,738688.523571627,1398,2,0
97833.2285191499,40,2869.6,2898.4,2308.4,0,0,738688.52357209,1398,2,0
97833.2685182163,40,2983.2,2764.6,2237.4,0,0,738688.523572553,1398,2,0
97833.3085172827,40,3044.6,2659.8,2197.4,0,0,738688.523573016,1398,2,0
97833.3485163491,40,3048.4,2602.4,2178.2,0,0,738688.523573479,1398,2,0
97833.3885154155,40,3034.4,2609.8,2180.8,0,0,738688.523573942,1398,2,0
97833.4285144819,40,3032.2,2656.8,2193.6,0,0,738688.523574404,1398,2,0
97833.4685135483,40,2976,2720.8,2227,0,0,738688.523574867,1398,2,0
97833.5085126147,40,2881.2,2811.4,2280.8,0,0,738688.52357533,1398,2,0
97833.5485116811,40,2762.8,2924.8,2358.6,0,0,738688.523575793,1398,2,0
97833.5885107475,40,2602,2983.6,2469.8,0,0,738688.523576256,1398,2,0
97833.6285098139,40,2452,2953.4,2594.8,0,0,738688.523576719,1398,2,0
97833.6685088803,40,2340,2860.6,2702,0,0,738688.523577182,1398,2,0
97833.7085079467,40,2278,2777.4,2773.6,0,0,738688.523577645,1398,2,0
97833.7485070131,40,2258.2,2751,2795.6,0,0,738688.523578108,1398,2,0
97833.7885060795,40,2292.4,2802,2761.4,0,0,738688.523578571,1398,2,0
97833.8285051459,40,2361.8,2903.8,2697.8,0,0,738688.523579034,1398,2,0
97833.8685042123,40,2467.2,2980.8,2587,0,0,738688.523579497,1398,2,0
97833.9085032787,40,2619.6,2993.8,2460.8,0,0,738688.52357996,1398,2,0
97833.9485023451,40,2783.6,2943.6,2353.4,0,0,738688.523580423,1398,2,0
97833.9885014115,40,2914.2,2823.8,2272,0,0,738688.523580886,1398,2,0
97834.0285004779,40,3012.6,2709.6,2217,0,0,738688.523581349,1398,2,0
97834.0684995443,40,3043.6,2624.8,2188.6,0,0,738688.523581812,1398,2,0
97834.1084986107,40,3039.4,2594.6,2177.8,0,0,738688.523582275,1398,2,0
97834.1484976771,40,3038.8,2626.4,2186.4,0,0,738688.523582738,1398,2,0
97834.1884967435,40,3003.2,2676.4,2209.4,0,0,738688.523583201,1398,2,0
97834.2284958099,40,2924.2,2760,2247.8,0,0,738688.523583664,1398,2,0
97834.2684948763,40,2820,2864.4,2315,0,0,738688.523584126,1398,2,0
97834.3084939427,40,2672,2961.6,2413.6,0,0,738688.523584589,1398,2,0
97834.3484930091,40,2513.2,2958,2527.4,0,0,738688.523585052,1398,2,0
97834.3884920755,40,2387,2879,2636.2,0,0,738688.523585515,1398,2,0
97834.4284911419,40,2308.2,2814.2,2729.6,0,0,738688.523585978,1398,2,0
97834.4684902083,40,2271.6,2785,2798.8,0,0,738688.523586441,1398,2,0
97834.5084892747,40,2282,2806.4,2794.6,0,0,738688.523586904,1398,2,0
97834.5484883411,40,2341.2,2881,2725.6,0,0,738688.523587367,1398,2,0
97834.5884874075,40,2435.6,2983.6,2641.4,0,0,738688.52358783,1398,2,0
97834.6284864739,40,2574,3024.4,2515.2,0,0,738688.523588293,1398,2,0
97834.6684855403,40,2727.6,2987.4,2396.6,0,0,738688.523588756,1398,2,0
97834.7084846067,40,2887.4,2879.2,2302.4,0,0,738688.523589219,1398,2,0
97834.7484836731,40,2990.8,2747.2,2231.4,0,0,738688.523589682,1398,2,0
97834.7884827395,40,3045.2,2637.2,2190,0,0,738688.523590145,1398,2,0
97834.8284818059,40,3044.8,2582.2,2170,0,0,738688.523590608,1398,2,0
97834.8684808723,40,3028,2575.8,2167,0,0,738688.523591071,1398,2,0
97834.9084799387,40,3025.8,2613.2,2184.2,0,0,738688.523591534,1398,2,0
97834.9484790051,40,2992.8,2682.2,2212.4,0,0,738688.523591997,1398,2,0
97834.9884780715,40,2916.4,2787.6,2261.8,0,0,738688.52359246,1398,2,0
97835.0284771379,40,2807.6,2922.2,2340.6,0,0,738688.523592923,1398,2,0
97835.0684762043,40,2644,3037.8,2461.4,0,0,738688.523593385,1398,2,0
97835.1084752707,40,2480.2,3026,2602.4,0,0,738688.523593848,1398,2,0
97835.1484743371,40,2357.2,2929,2734.6,0,0,738688.523594311,1398,2,0
97835.1884734035,40,2277.6,2801.6,2804.6,0,0,738688.523594774,1398,2,0
97835.2284724699,40,2263.2,2737.8,2770,0,0,738688.523595237,1398,2,0
97835.2684715363,40,2307,2797.4,2725.2,0,0,738688.5235957,1398,2,0
97835.3084706027,40,2397.8,2945.2,2667.6,0,0,738688.523596163,1398,2,0
97835.3484696691,40,2531.8,3025.6,2554,0,0,738688.523596626,1398,2,0
97835.3884687355,40,2714,3046.2,2428,0,0,738688.523597089,1398,2,0
97835.4284678019,40,2874.2,2924.8,2317.6,0,0,738688.523597552,1398,2,0
97835.4684668683,40,2981.8,2767.2,2243,0,0,738688.523598015,1398,2,0
97835.5084659347,40,3032.4,2646.4,2194.2,0,0,738688.523598478,1398,2,0
97835.5484650011,40,3039.8,2561,2165.4,0,0,738688.523598941,1398,2,0
97835.5884640675,40,3035.6,2547,2159.4,0,0,738688.523599404,1398,2,0
97835.6284631339,40,3026.6,2592.4,2177.4,0,0,738688.523599867,1398,2,0
97835.6684622003,40,2967.4,2661.6,2204.8,0,0,738688.52360033,1398,2,0
97835.7084612667,40,2882.8,2755,2256,0,0,738688.523600793,1398,2,0
97835.7484603331,40,2768.8,2880.4,2335.2,0,0,738688.523601256,1398,2,0
97835.7884593995,40,2611.8,2957.6,2449,0,0,738688.523601719,1398,2,0
97835.8284584659,40,2456.2,2939,2580.2,0,0,738688.523602182,1398,2,0
97835.8684575323,40,2348,2873.4,2705.6,0,0,738688.523602645,1398,2,0
97835.9084565987,40,2281.8,2804.8,2796,0,0,738688.523603108,1398,2,0
97835.9484556651,40,2283.6,2794.4,2784.8,0,0,738688.52360357,1398,2,0
97835.9884547315,40,2324,2838.4,2714.8,0,0,738688.523604033,1398,2,0
97836.0284537979,40,2402.6,2918.2,2638.8,0,0,738688.523604496,1398,2,0
97836.0684528643,40,2523.2,2977.2,2529.6,0,0,738688.523604959,1398,2,0
97836.1084519307,40,2673.6,2952.4,2408,0,0,738688.523605422,1398,2,0
97836.1484509971,40,2835,2876.4,2312.2,0,0,738688.523605885,1398,2,0
97836.1884500635,40,2962.2,2752.4,2240.8,0,0,738688.523606348,1398,2,0
97836.2284491299,40,3035.2,2631.2,2190.2,0,0,738688.523606811,1398,2,0
97836.2684481963,40,3029.6,2548,2159.2,0,0,738688.523607274,1398,2,0
97836.3084472627,40,3030,2528.4,2151.4,0,0,738688.523607737,1398,2,0
97836.3484463291,40,3034.2,2563.8,2165,0,0,738688.5236082,1398,2,0
97836.3884453955,40,3021.8,2623.4,2187.4,0,0,738688.523608663,1398,2,0
97836.4284444619,40,2964.6,2709.8,2224.6,0,0,738688.523609126,1398,2,0
97836.4684435283,40,2884.2,2843.6,2290,0,0,738688.523609589,1398,2,0
97836.5084425947,40,2750,2962,2381,0,0,738688.523610052,1398,2,0
97836.5484416611,40,2579.2,3005.4,2491.6,0,0,738688.523610515,1398,2,0
97836.5884407275,40,2439,2957.8,2616.4,0,0,738688.523610978,1398,2,0
97836.6284397939,40,2345.8,2873,2698.8,0,0,738688.523611441,1398,2,0
97836.6684388603,40,2322.2,2820.8,2705.2,0,0,738688.523611904,1398,2,0
97836.7084379267,40,2359,2861.6,2657.4,0,0,738688.523612367,1398,2,0
97836.7484369931,40,2448.6,2947.6,2595.6,0,0,738688.52361283,1398,2,0
97836.7884360595,40,2564.6,2973.8,2485.2,0,0,738688.523613292,1398,2,0
97836.8284351259,40,2714.6,2946.8,2385.2,0,0,738688.523613755,1398,2,0
97836.8684341923,40,2880.2,2873.4,2296.2,0,0,738688.523614218,1398,2,0
97836.9084332587,40,3002.4,2743.6,2228.8,0,0,738688.523614681,1398,2,0
97836.9484323251,40,3040.4,2630.8,2187.6,0,0,738688.523615144,1398,2,0
97836.9884313915,40,3054.4,2563.8,2162.8,0,0,738688.523615607,1398,2,0
97837.0284304579,40,3040.2,2533.8,2155.2,0,0,738688.52361607,1398,2,0
97837.0684295243,40,3035.8,2551.2,2160.2,0,0,738688.523616533,1398,2,0
97837.1084285907,40,3023.4,2577.4,2170.8,0,0,738688.523616996,1398,2,0
97837.1484276571,40,2980.2,2617.8,2191.4,0,0,738688.523617459,1398,2,0
97837.1884267235,40,2917.4,2674.8,2221.2,0,0,738688.523617922,1398,2,0
97837.2284257899,40,2845.6,2750.4,2268.6,0,0,738688.523618385,1398,2,0
97837.2684248563,40,2748.8,2837.2,2324.4,0,0,738688.523618848,1398,2,0
97837.3084239227,40,2631.8,2890,2402.8,0,0,738688.523619311,1398,2,0
97837.3484229891,40,2520.8,2936.6,2500.4,0,0,738688.523619774,1398,2,0
97837.3884220555,40,2441.2,2961,2621.8,0,0,738688.523620237,1398,2,0
97837.4284211219,40,2367.6,2938.4,2722.2,0,0,738688.5236207,1398,2,0
97837.4684201883,40,2339.6,2918,2762.6,0,0,738688.523621163,1398,2,0
97837.5084192547,40,2374.6,2958.8,2725.8,0,0,738688.523621626,1398,2,0
97837.5484183211,40,2431.2,2977.6,2638.2,0,0,738688.523622089,1398,2,0
97837.5884173875,40,2534.8,2987,2530.6,0,0,738688.523622551,1398,2,0
97837.6284164539,40,2668.4,2958.6,2416.8,0,0,738688.523623014,1398,2,0
97837.6684155203,40,2796.2,2858.8,2317.6,0,0,738688.523623477,1398,2,0
97837.7084145867,40,2885.4,2722.8,2244.6,0,0,738688.52362394,1398,2,0
97837.7484136531,40,2937.8,2621,2196.8,0,0,738688.523624403,1398,2,0
97837.7884127195,40,2940.6,2540.4,2172.8,0,0,738688.523624866,1398,2,0
97837.8284117859,40,2935.6,2512,2157.4,0,0,738688.523625329,1398,2,0
97837.8684108523,40,2910.4,2520.8,2162,0,0,738688.523625792,1398,2,0
97837.9084099187,40,2890.2,2561,2184.6,0,0,738688.523626255,1398,2,0
97837.9484089851,40,2861.8,2640.6,2217.8,0,0,738688.523626718,1398,2,0
97837.9884080515,40,2801.2,2755.4,2276.8,0,0,738688.523627181,1398,2,0
97838.0284071179,40,2703.8,2888.2,2369.8,0,0,738688.523627644,1398,2,0
97838.1334046672,105,2362.8,2933.4,2722,0,0,738688.523628859,1398,2,0
97838.1734037336,40,2287.8,2832.8,2813,0,0,738688.523629322,1398,2,0
97838.2134028,40,2267.6,2761.6,2784.8,0,0,738688.523629785,1398,2,0
97838.2534018664,40,2303.2,2792,2722.8,0,0,738688.523630248,1398,2,0
97838.2934009328,40,2382.2,2926.8,2679.2,0,0,738688.523630711,1398,2,0
97838.3333999992,40,2502.4,3016.6,2575.4,0,0,738688.523631174,1398,2,0
97838.3733990656,40,2671.4,3050.2,2449.4,0,0,738688.523631637,1398,2,0
97838.413398132,40,2843.6,2947.4,2338,0,0,738688.5236321,1398,2,0
97838.4533971984,40,2967.6,2799.6,2253.4,0,0,738688.523632563,1398,2,0
97838.4933962648,40,3024,2665,2201.2,0,0,738688.523633026,1398,2,0
97838.5333953312,40,3041.8,2558,2162.4,0,0,738688.523633489,1398,2,0
97838.5733943976,40,3023.6,2498.8,2148.4,0,0,738688.523633952,1398,2,0
97838.613393464,40,2992.8,2501.8,2147.2,0,0,738688.523634415,1398,2,0
97838.6533925304,40,2932.2,2526.6,2160.4,0,0,738688.523634878,1398,2,0
97838.6933915968,40,2883.8,2590.8,2199.2,0,0,738688.523635341,1398,2,0
97838.7333906632,40,2813.8,2676.2,2244.2,0,0,738688.523635803,1398,2,0
97838.7733897296,40,2761,2810.8,2311.6,0,0,738688.523636266,1398,2,0
97838.813388796,40,2658.8,2941.4,2414.8,0,0,738688.523636729,1398,2,0
97838.8533878624,40,2512,2985.4,2542.8,0,0,738688.523637192,1398,2,0
97838.8933869288,40,2400.2,2970.4,2692.2,0,0,738688.523637655,1398,2,0
97838.9333859952,40,2316,2893.2,2799,0,0,738688.523638118,1398,2,0
97838.9733850616,40,2297.4,2833.2,2787.2,0,0,738688.523638581,1398,2,0
97839.013384128,40,2322.8,2827.6,2715.8,0,0,738688.523639044,1398,2,0
97839.0533831944,40,2380.8,2866.2,2624.8,0,0,738688.523639507,1398,2,0
97839.0933822608,40,2509.6,2952,2526.8,0,0,738688.52363997,1398,2,0
97839.1333813272,40,2666.6,2951.6,2410.8,0,0,738688.523640433,1398,2,0
97839.1733803936,40,2822.6,2872.2,2313.2,0,0,738688.523640896,1398,2,0
97839.21337946,40,2948.2,2740.8,2236.6,0,0,738688.523641359,1398,2,0
97839.2533785264,40,3015.4,2626.8,2186.6,0,0,738688.523641822,1398,2,0
97839.2933775928,40,3032.4,2544.2,2161.6,0,0,738688.523642285,1398,2,0
97839.3333766592,40,3014,2508.6,2149.2,0,0,738688.523642748,1398,2,0
97839.3733757256,40,3010.4,2525,2155.8,0,0,738688.523643211,1398,2,0
97839.413374792,40,3000.2,2574,2172.4,0,0,738688.523643674,1398,2,0
97839.4533738584,40,2946.8,2643.2,2206,0,0,738688.523644137,1398,2,0
97839.4933729248,40,2857.8,2748.2,2263.2,0,0,738688.5236446,1398,2,0
97839.5333719912,40,2702.2,2831,2343.6,0,0,738688.523645063,1398,2,0
97839.5733710576,40,2563.8,2896.2,2446.6,0,0,738688.523645525,1398,2,0
97839.613370124,40,2455.2,2948.2,2588.8,0,0,738688.523645988,1398,2,0
97839.6533691904,40,2362,2923,2724.8,0,0,738688.523646451,1398,2,0
97839.6933682568,40,2294.2,2853.8,2823.2,0,0,738688.523646914,1398,2,0
97839.7333673232,40,2289.2,2828.6,2803.4,0,0,738688.523647377,1398,2,0
97839.7733663896,40,2325.6,2853.8,2726.6,0,0,738688.52364784,1398,2,0
97839.813365456,40,2388.4,2890.6,2628.8,0,0,738688.523648303,1398,2,0
97839.8533645224,40,2501.6,2924.4,2515.4,0,0,738688.523648766,1398,2,0
97839.8933635888,40,2664.8,2908,2395.6,0,0,738688.523649229,1398,2,0
97839.9333626552,40,2800.4,2808.2,2294.4,0,0,738688.523649692,1398,2,0
97839.9733617216,40,2903,2686.4,2223.8,0,0,738688.523650155,1398,2,0
97840.013360788,40,2961.8,2581.4,2180.4,0,0,738688.523650618,1398,2,0
97840.0533598544,40,2983.2,2516.4,2155.4,0,0,738688.523651081,1398,2,0
97840.0933589208,40,2972.6,2499.2,2148.6,0,0,738688.523651544,1398,2,0
97840.1333579872,40,2980.2,2523.6,2161,0,0,738688.523652007,1398,2,0
97840.1733570536,40,2970.8,2574.4,2179.4,0,0,738688.52365247,1398,2,0
97840.21335612,40,2915.4,2646.8,2213.8,0,0,738688.523652933,1398,2,0
97840.2533551864,40,2845,2761.2,2270,0,0,738688.523653396,1398,2,0
97840.2933542528,40,2699.8,2854.2,2357,0,0,738688.523653859,1398,2,0
97840.3333533192,40,2557,2907.8,2458.6,0,0,738688.523654322,1398,2,0
97840.3733523856,40,2442.8,2940.6,2592.4,0,0,738688.523654785,1398,2,0
97840.413351452,40,2354.6,2900,2716.4,0,0,738688.523655248,1398,2,0
97840.4533505184,40,2306.8,2840,2774.8,0,0,738688.52365571,1398,2,0
97840.4933495848,40,2318.6,2847.2,2742.6,0,0,738688.523656173,1398,2,0
97840.5333486512,40,2366.6,2867.6,2653.4,0,0,738688.523656636,1398,2,0
97840.5733477176,40,2457,2911,2554.4,0,0,738688.523657099,1398,2,0
97840.613346784,40,2600,2922.6,2438.6,0,0,738688.523657562,1398,2,0
97840.6533458504,40,2755.4,2845.4,2327.2,0,0,738688.523658025,1398,2,0
97840.6933449168,40,2877.4,2719.8,2243,0,0,738688.523658488,1398,2,0
97840.7333439832,40,2938.6,2598,2189.2,0,0,738688.523658951,1398,2,0
97840.7733430496,40,2966.4,2506.8,2156.2,0,0,738688.523659414,1398,2,0
97840.813342116,40,2973.8,2469.6,2138.4,0,0,738688.523659877,1398,2,0
97840.8533411824,40,2968.4,2461.8,2140.8,0,0,738688.52366034,1398,2,0
97840.8933402488,40,2990,2511,2156.4,0,0,738688.523660803,1398,2,0
97840.9333393152,40,2988.8,2580.8,2177.4,0,0,738688.523661266,1398,2,0
97840.9733383816,40,2932,2689.6,2223.8,0,0,738688.523661729,1398,2,0
97841.013337448,40,2828.4,2825.8,2301.8,0,0,738688.523662192,1398,2,0
97841.0533365144,40,2659,2916.6,2401,0,0,738688.523662655,1398,2,0
97841.0933355808,40,2488.8,2910.6,2518.8,0,0,738688.523663118,1398,2,0
97841.1333346472,40,2379.2,2886.8,2649.4,0,0,738688.523663581,1398,2,0
97841.1733337136,40,2313,2852.6,2749.4,0,0,738688.523664044,1398,2,0
97841.21333278,40,2308.6,2827.4,2737.6,0,0,738688.523664507,1398,2,0
97841.2533318464,40,2361.8,2851,2651.8,0,0,738688.523664969,1398,2,0
97841.2933309128,40,2462.6,2920.2,2553.6,0,0,738688.523665432,1398,2,0
97841.3333299792,40,2612,2940.8,2441.4,0,0,738688.523665895,1398,2,0
97841.3733290456,40,2762.2,2850,2329,0,0,738688.523666358,1398,2,0
97841.413328112,40,2896.4,2732.8,2247.2,0,0,738688.523666821,1398,2,0
97841.4533271784,40,2973.4,2612.4,2188,0,0,738688.523667284,1398,2,0
97841.4933262448,40,2983.6,2506.4,2153,0,0,738688.523667747,1398,2,0
97841.5333253112,40,2956.6,2453.8,2137.6,0,0,738688.52366821,1398,2,0
97841.5733243776,40,2961.6,2457.4,2138,0,0,738688.523668673,1398,2,0
97841.613323444,40,2968.8,2509.4,2150.6,0,0,738688.523669136,1398,2,0
97841.6533225104,40,2962.2,2584.2,2184.6,0,0,738688.523669599,1398,2,0
97841.6933215768,40,2909,2699.6,2233.6,0,0,738688.523670062,1398,2,0
97841.7333206432,40,2795.4,2833,2312.8,0,0,738688.523670525,1398,2,0
97841.7733197096,40,2631.4,2914.6,2415.2,0,0,738688.523670988,1398,2,0
97841.813318776,40,2483.4,2929.6,2535,0,0,738688.523671451,1398,2,0
97841.8533178424,40,2384,2915.4,2668.2,0,0,738688.523671914,1398,2,0
97841.8933169088,40,2321,2861.2,2740.8,0,0,738688.523672377,1398,2,0
97841.9333159752,40,2325.4,2840.4,2713.8,0,0,738688.52367284,1398,2,0
97841.9733150416,40,2374.8,2850,2629.6,0,0,738688.523673303,1398,2,0
97842.013314108,40,2480,2924.4,2538.6,0,0,738688.523673766,1398,2,0
97842.0533131744,40,2628.2,2919.4,2419.6,0,0,738688.523674229,1398,2,0
97842.0933122408,40,2785.2,2842.2,2318.4,0,0,738688.523674691,1398,2,0
97842.1333113072,40,2918,2715.8,2234.2,0,0,738688.523675154,1398,2,0
97842.1733103736,40,3002.8,2590.4,2176.8,0,0,738688.523675617,1398,2,0
97842.21330944,40,2990.4,2485.2,2145.6,0,0,738688.52367608,1398,2,0
97842.2533085064,40,2970,2433,2131.4,0,0,738688.523676543,1398,2,0
97842.2933075728,40,2965,2433.6,2130.2,0,0,738688.523677006,1398,2,0
97842.3333066392,40,2975.8,2467,2139.4,0,0,738688.523677469,1398,2,0
97842.3733057056,40,2964,2520.4,2161.6,0,0,738688.523677932,1398,2,0
97842.413304772,40,2925.8,2615.8,2200.2,0,0,738688.523678395,1398,2,0
97842.4533038384,40,2860.4,2762,2270,0,0,738688.523678858,1398,2,0
97842.4933029048,40,2694,2867.4,2363,0,0,738688.523679321,1398,2,0
97842.5333019712,40,2535,2918.6,2482.8,0,0,738688.523679784,1398,2,0
97842.5733010376,40,2418.8,2933.2,2624,0,0,738688.523680247,1398,2,0
97842.613300104,40,2333.4,2873,2740.2,0,0,738688.52368071,1398,2,0
97842.6532991704,40,2308.4,2835.8,2751.8,0,0,738688.523681173,1398,2,0
97842.6932982368,40,2346.6,2836,2666,0,0,738688.523681636,1398,2,0
97842.7332973032,40,2444,2926.4,2587.8,0,0,738688.523682099,1398,2,0
97842.7732963696,40,2575.2,2959.6,2468.4,0,0,738688.523682562,1398,2,0
97842.813295436,40,2737.6,2899.6,2355.4,0,0,738688.523683025,1398,2,0
97842.8532945024,40,2890.6,2790.4,2263.2,0,0,738688.523683488,1398,2,0
97842.8932935688,40,2989.8,2653.8,2201,0,0,738688.523683951,1398,2,0
97842.9332926352,40,3010,2536.8,2160.4,0,0,738688.523684414,1398,2,0
97842.9732917016,40,2992.6,2469.8,2138.8,0,0,738688.523684876,1398,2,0
97843.013290768,40,2973.2,2450.6,2132.6,0,0,738688.523685339,1398,2,0
97843.0532898344,40,2977,2481.4,2143.2,0,0,738688.523685802,1398,2,0
97843.0932889008,40,2978.2,2538.2,2164.2,0,0,738688.523686265,1398,2,0
97843.1332879672,40,2939,2628.4,2205.2,0,0,738688.523686728,1398,2,0
97843.1732870336,40,2858.8,2754,2266.2,0,0,738688.523687191,1398,2,0
97843.2132861,40,2703.6,2858.8,2356.4,0,0,738688.523687654,1398,2,0
97843.2532851664,40,2540,2910,2471.6,0,0,738688.523688117,1398,2,0
97843.2932842328,40,2424,2921.4,2609.2,0,0,738688.52368858,1398,2,0
97843.3332832992,40,2333.6,2884.4,2737,0,0,738688.523689043,1398,2,0
97843.3732823656,40,2295.4,2809.6,2769.6,0,0,738688.523689506,1398,2,0
97843.413281432,40,2315.8,2808.6,2708.8,0,0,738688.523689969,1398,2,0
97843.4532804984,40,2387.4,2876.2,2629.6,0,0,738688.523690432,1398,2,0
97843.4932795648,40,2514.4,2952.6,2522.4,0,0,738688.523690895,1398,2,0
97843.5332786312,40,2679.2,2949.2,2406.4,0,0,738688.523691358,1398,2,0
97843.5732776976,40,2834.8,2845.4,2303.6,0,0,738688.523691821,1398,2,0
97843.613276764,40,2961.4,2716.2,2227,0,0,738688.523692284,1398,2,0
97843.6532758304,40,3015.2,2590.8,2176.2,0,0,738688.523692747,1398,2,0
97843.6932748968,40,3004.2,2499.8,2148.4,0,0,738688.52369321,1398,2,0
97843.7332739632,40,2982.8,2461.8,2135.8,0,0,738688.523693672,1398,2,0
97843.7732730296,40,2975.6,2472,2143.4,0,0,738688.523694135,1398,2,0
97843.813272096,40,2991.6,2525.8,2157.6,0,0,738688.523694598,1398,2,0
97843.8532711624,40,2948.2,2588.6,2188.2,0,0,738688.523695061,1398,2,0
97843.8932702288,40,2868,2689,2239.4,0,0,738688.523695524,1398,2,0
97843.9332692952,40,2731.2,2787.6,2312.6,0,0,738688.523695987,1398,2,0
97843.9732683616,40,2612.8,2909.6,2419.8,0,0,738688.52369645,1398,2,0
97844.013267428,40,2487.6,2970.8,2564.2,0,0,738688.523696913,1398,2,0
97844.0532664944,40,2375.8,2938.6,2709,0,0,738688.523697376,1398,2,0
97844.0932655608,40,2311.6,2857,2778.4,0,0,738688.523697839,1398,2,0
97844.1332646272,40,2323.2,2853.6,2735.8,0,0,738688.523698302,1398,2,0
97844.1732636936,40,2372.6,2853,2634.2,0,0,738688.523698765,1398,2,0
97844.21326276,40,2485.6,2932,2537.6,0,0,738688.523699228,1398,2,0
97844.2532618264,40,2650.2,2940.6,2417.8,0,0,738688.523699691,1398,2,0
97844.2932608928,40,2814.8,2872.8,2321.8,0,0,738688.523700154,1398,2,0
97844.3332599592,40,2959.8,2750.6,2237.8,0,0,738688.523700617,1398,2,0
97844.3732590256,40,3032.2,2616.2,2184.6,0,0,738688.52370108,1398,2,0
97844.413258092,40,3028.8,2513.2,2150,0,0,738688.523701543,1398,2,0
97844.4532571584,40,3006.6,2458.8,2132.2,0,0,738688.523702006,1398,2,0
97844.4932562248,40,3009.8,2469.4,2137.2,0,0,738688.523702469,1398,2,0
97844.5332552912,40,3016.8,2524.2,2153.8,0,0,738688.523702932,1398,2,0
97844.5732543576,40,2994.2,2606.2,2188.4,0,0,738688.523703395,1398,2,0
97844.613253424,40,2915.4,2723.4,2241.6,0,0,738688.523703857,1398,2,0
97844.6532524904,40,2766.6,2837.8,2319.6,0,0,738688.52370432,1398,2,0
97844.6932515568,40,2590,2884.6,2423.2,0,0,738688.523704783,1398,2,0
97844.7332506232,40,2462.2,2929,2561,0,0,738688.523705246,1398,2,0
97844.7732496896,40,2364.6,2916,2708.4,0,0,738688.523705709,1398,2,0
97844.813248756,40,2312.6,2858.8,2776.8,0,0,738688.523706172,1398,2,0
97844.8532478224,40,2334.6,2873.2,2733.8,0,0,738688.523706635,1398,2,0
97844.8932468888,40,2396,2900.2,2633.2,0,0,738688.523707098,1398,2,0
97844.9332459552,40,2494.8,2904.8,2511.4,0,0,738688.523707561,1398,2,0
97844.9732450216,40,2659.2,2902.8,2393.8,0,0,738688.523708024,1398,2,0
97845.013244088,40,2789,2772,2284.8,0,0,738688.523708487,1398,2,0
97845.0532431544,40,2915.6,2660.2,2211.8,0,0,738688.52370895,1398,2,0
97845.0932422208,40,2946.2,2538.2,2168.2,0,0,738688.523709413,1398,2,0
97845.1332412872,40,2966.4,2472.8,2141.2,0,0,738688.523709876,1398,2,0
97845.1732403536,40,2950.2,2442.8,2136.4,0,0,738688.523710339,1398,2,0
97845.21323942,40,2975,2474.2,2141.8,0,0,738688.523710802,1398,2,0
97845.2532384864,40,2975.2,2523,2158.4,0,0,738688.523711265,1398,2,0
97845.2932375528,40,2934.8,2607.4,2195,0,0,738688.523711728,1398,2,0
97845.3332366192,40,2886.8,2738,2253.8,0,0,738688.523712191,1398,2,0
97845.3732356856,40,2748.2,2860.6,2341,0,0,738688.523712654,1398,2,0
97845.413234752,40,2579.8,2913.6,2447.2,0,0,738688.523713117,1398,2,0
97845.4532338184,40,2443.8,2920.8,2578.2,0,0,738688.52371358,1398,2,0
97845.4932328848,40,2351.6,2885.4,2706.4,0,0,738688.523714042,1398,2,0
97845.5332319512,40,2305.4,2832.8,2757.8,0,0,738688.523714505,1398,2,0
97845.5732310176,40,2317.8,2806.2,2686,0,0,738688.523714968,1398,2,0
97845.613230084,40,2412,2909.4,2612.2,0,0,738688.523715431,1398,2,0
97845.6532291504,40,2558.8,3005.4,2514.8,0,0,738688.523715894,1398,2,0
97845.6932282168,40,2736.4,2972.6,2389,0,0,738688.523716357,1398,2,0
97845.7332272832,40,2913.2,2861.2,2290.6,0,0,738688.52371682,1398,2,0
97845.7732263496,40,3008.8,2695.4,2213.8,0,0,738688.523717283,1398,2,0
97845.813225416,40,3046,2570.2,2167.4,0,0,738688.523717746,1398,2,0
97845.8532244824,40,3025.2,2474,2139.8,0,0,738688.523718209,1398,2,0
97845.8932235488,40,2988.6,2424.6,2124.4,0,0,738688.523718672,1398,2,0
97845.9332226152,40,2980.2,2439.8,2123.8,0,0,738688.523719135,1398,2,0
97845.9732216816,40,2987.8,2487.6,2145.4,0,0,738688.523719598,1398,2,0
97846.013220748,40,2935.4,2564.6,2177.8,0,0,738688.523720061,1398,2,0
97846.0532198144,40,2865.6,2683.8,2239,0,0,738688.523720524,1398,2,0
97846.0932188808,40,2718,2796.2,2323.4,0,0,738688.523720987,1398,2,0
97846.1332179472,40,2575.4,2904,2443,0,0,738688.52372145,1398,2,0
97846.1732170136,40,2449.6,2948.8,2604.2,0,0,738688.523721913,1398,2,0
97846.21321608,40,2333.2,2890.4,2756.2,0,0,738688.523722376,1398,2,0
97846.2532151464,40,2285,2793,2765.2,0,0,738688.523722838,1398,2,0
97846.2932142128,40,2313,2797.8,2698.6,0,0,738688.523723301,1398,2,0
97846.3332132792,40,2410.8,2920,2624.2,0,0,738688.523723764,1398,2,0
97846.3732123456,40,2548.4,3002.6,2518.2,0,0,738688.523724227,1398,2,0
97846.413211412,40,2730.8,3002.6,2403.8,0,0,738688.52372469,1398,2,0
97846.4532104784,40,2905,2892,2299.2,0,0,738688.523725153,1398,2,0
97846.4932095448,40,3012.6,2729.8,2223.2,0,0,738688.523725616,1398,2,0
97846.5332086112,40,3052,2600,2174.2,0,0,738688.523726079,1398,2,0
97846.5732076776,40,3031.8,2506,2144,0,0,738688.523726542,1398,2,0
97846.613206744,40,3019,2470,2139.2,0,0,738688.523727005,1398,2,0
97846.6532058104,40,2998.4,2488.4,2141.8,0,0,738688.523727468,0,0,0
97846.6932048768,40,2987,2524.6,2156.4,0,0,738688.523727931,0,0,0
97846.7332039432,40,2946.4,2574.2,2180,0,0,738688.523728394,0,0,0
97846.7732030096,40,2904.2,2639,2211.6,0,0,738688.523728857,0,0,0
97846.813202076,40,2852.4,2719.6,2254,0,0,738688.52372932,0,0,0
97846.8532011424,40,2770,2778.8,2294.6,0,0,738688.523729783,0,0,0
97846.8932002088,40,2714.8,2831.6,2340.6,0,0,738688.523730246,0,0,0
97846.9331992752,40,2692.4,2884,2373.8,0,0,738688.523730709,0,0,0
97846.9731983416,40,2689.4,2909.4,2385.2,0,0,738688.523731172,0,0,0
97847.013197408,40,2711.2,2929,2378.6,0,0,738688.523731635,0,0,0
97847.0531964744,40,2731.4,2943,2378.2,0,0,738688.523732098,0,0,0
97847.0931955408,40,2738.6,2972,2387,0,0,738688.52373256,0,0,0
97847.1331946072,40,2735.8,2987.4,2395,0,0,738688.523733023,0,0,0
97847.1731936736,40,2735.8,3013.2,2405,0,0,738688.523733486,0,0,0
97847.21319274,40,2723,3017,2410.6,0,0,738688.523733949,0,0,0
97847.2531918064,40,2716.4,3017.4,2415.8,0,0,738688.523734412,0,0,0
97847.2931908728,40,2705.6,3020.4,2423.8,0,0,738688.523734875,0,0,0
97847.3331899392,40,2688.6,3010.2,2429.8,0,0,738688.523735338,0,0,0
97847.3731890056,40,2670.4,2998.2,2433.2,0,0,738688.523735801,0,0,0
97847.413188072,40,2656,2993,2438.2,0,0,738688.523736264,0,0,0
97847.4531871384,40,2642.8,2986.4,2441.6,0,0,738688.523736727,0,0,0
97847.4931862048,40,2632.2,2981.8,2448.8,0,0,738688.52373719,0,0,0
97847.5331852712,40,2627,2983.4,2456,0,0,738688.523737653,0,0,0
97847.5731843376,40,2613,2987,2461.2,0,0,738688.523738116,0,0,0
97847.613183404,40,2604.4,2986.8,2467,0,0,738688.523738579,0,0,0
97847.6531824704,40,2601.4,2988.8,2473.4,0,0,738688.523739042,0,0,0
97847.6931815368,40,2596.8,2997,2477,0,0,738688.523739505,0,0,0
97847.7331806032,40,2587.2,2998,2489.2,0,0,738688.523739968,0,0,0
97847.7731796696,40,2583.6,3016.2,2498,0,0,738688.523740431,0,0,0
97847.813178736,40,2579.2,3024.4,2502.4,0,0,738688.523740894,0,0,0
97847.8531778024,40,2574.8,3035.8,2516.2,0,0,738688.523741357,0,0,0
97847.8931768688,40,2567.8,3043.2,2521,0,0,738688.52374182,0,0,0
97847.9331759352,40,2561.2,3043.6,2530.6,0,0,738688.523742283,0,0,0
97847.9731750016,40,2556.4,3045.6,2536.6,0,0,738688.523742745,0,0,0
97848.013174068,40,2545,3039.6,2540.8,0,0,738688.523743208,0,0,0
97848.0531731344,40,2533.4,3032,2550.8,0,0,738688.523743671,0,0,0
97848.0931722008,40,2522,3027.2,2554.2,0,0,738688.523744134,0,0,0
97848.1331712672,40,2516.4,3023,2562.4,0,0,738688.523744597,0,0,0
97848.1731703336,40,2504.6,3016,2567,0,0,738688.52374506,0,0,0
97848.2131694,40,2500.6,3015.8,2576.6,0,0,738688.523745523,0,0,0
97848.2531684664,40,2493.8,3016.2,2585.6,0,0,738688.523745986,0,0,0
97848.2931675328,40,2486.8,3017.2,2592.6,0,0,738688.523746449,0,0,0
97848.3331665992,40,2480.6,3017,2597.4,0,0,738688.523746912,0,0,0
97848.3731656656,40,2474.8,3022.6,2611,0,0,738688.523747375,0,0,0
97848.413164732,40,2471.2,3026,2619.4,0,0,738688.523747838,0,0,0
97848.4531637984,40,2466,3029.2,2631.4,0,0,738688.523748301,0,0,0
97848.4931628648,40,2461,3032,2638.2,0,0,738688.523748764,0,0,0
97848.5331619312,40,2458.2,3031.2,2646.4,0,0,738688.523749227,0,0,0
97848.5731609976,40,2447.4,3025.8,2654.6,0,0,738688.52374969,0,0,0
97848.613160064,40,2439.6,3021.4,2659.6,0,0,738688.523750153,0,0,0
97848.6531591304,40,2430.8,3009.8,2662,0,0,738688.523750616,0,0,0
97848.6931581968,40,2425.2,3010,2674.6,0,0,738688.523751079,0,0,0
97848.7331572632,40,2416.2,2999.8,2676,0,0,738688.523751542,0,0,0
97848.7731563296,40,2409.2,2996,2684.4,0,0,738688.523752004,0,0,0
97848.813155396,40,2405.8,2990.4,2692,0,0,738688.523752467,0,0,0
97848.8531544624,40,2397.2,2985.8,2697,0,0,738688.52375293,0,0,0
97848.8931535288,40,2391,2981.8,2704.6,0,0,738688.523753393,0,0,0
97848.9331525952,40,2386.4,2971.8,2715.4,0,0,738688.523753856,0,0,0
97848.9731516616,40,2381.4,2969.6,2722.2,0,0,738688.523754319,0,0,0
97849.013150728,40,2378,2967,2729,0,0,738688.523754782,0,0,0
97849.0531497944,40,2371.6,2965.2,2738.6,0,0,738688.523755245,0,0,0
97849.0931488608,40,2365,2958.6,2745.8,0,0,738688.523755708,0,0,0
97849.1331479272,40,2359,2954,2753,0,0,738688.523756171,0,0,0
97849.1731469936,40,2354.2,2952.6,2757.6,0,0,738688.523756634,0,0,0
97849.21314606,40,2349,2949.4,2769.8,0,0,738688.523757097,0,0,0
97849.2531451264,40,2346.2,2940.4,2777.6,0,0,738688.52375756,0,0,0
97849.2931441928,40,2339.8,2941.6,2790,0,0,738688.523758023,0,0,0
97849.3331432592,40,2332,2933.6,2796.8,0,0,738688.523758486,0,0,0
97849.3731423256,40,2325.6,2928.6,2803.2,0,0,738688.523758949,0,0,0
97849.413141392,40,2325.2,2920.6,2805.8,0,0,738688.523759412,0,0,0
97849.4531404584,40,2319.6,2915,2816.8,0,0,738688.523759875,0,0,0
97849.4931395248,40,2314.6,2904.4,2816.8,0,0,738688.523760338,0,0,0
97849.5331385912,40,2309.6,2895.6,2823.4,0,0,738688.523760801,0,0,0
97849.5731376576,40,2308.2,2889.6,2830.6,0,0,738688.523761264,0,0,0
97849.613136724,40,2298,2882.4,2829.6,0,0,738688.523761726,0,0,0
97849.6531357904,40,2297.6,2871.6,2836.8,0,0,738688.523762189,0,0,0
97849.6931348568,40,2289.4,2862.2,2839.2,0,0,738688.523762652,0,0,0
97849.7331339232,40,2285,2854.8,2848.2,0,0,738688.523763115,0,0,0
97849.7731329896,40,2281.2,2841.6,2845.8,0,0,738688.523763578,0,0,0
97849.813132056,40,2275,2831.8,2850.4,0,0,738688.523764041,0,0,0
97849.8531311224,40,2274,2820.8,2856.6,0,0,738688.523764504,0,0,0
97849.8931301888,40,2265.2,2810.6,2853.2,0,0,738688.523764967,0,0,0
97849.9331292552,40,2265,2803.8,2860.8,0,0,738688.52376543,0,0,0
97849.9731283216,40,2258,2795.4,2863.4,0,0,738688.523765893,0,0,0
97850.013127388,40,2257.4,2788.2,2869.2,0,0,738688.523766356,0,0,0
97850.0531264544,40,2250.6,2781.6,2874,0,0,738688.523766819,0,0,0
97850.0931255208,40,2250,2772.8,2880.4,0,0,738688.523767282,0,0,0
97850.1331245872,40,2245,2772.2,2890.6,0,0,738688.523767745,0,0,0
97850.1731236536,40,2240,2771.6,2896.8,0,0,738688.523768208,0,0,0
97850.21312272,40,2239.6,2757.2,2902,0,0,738688.523768671,0,0,0
97850.2531217864,40,2232.6,2750.8,2909,0,0,738688.523769134,0,0,0
97850.2931208528,40,2230.4,2746.4,2916,0,0,738688.523769597,0,0,0
97850.3331199192,40,2227.8,2738,2919,0,0,738688.52377006,0,0,0
97850.3731189856,40,2221.8,2730.6,2925.6,0,0,738688.523770523,0,0,0
97850.413118052,40,2219.2,2724.4,2926.4,0,0,738688.523770986,0,0,0
97850.4531171184,40,2219.6,2711.6,2931.2,0,0,738688.523771449,0,0,0
97850.4931161848,40,2212,2705.6,2934.4,0,0,738688.523771911,0,0,0
97850.5331152512,40,2205.4,2693,2934,0,0,738688.523772374,0,0,0
97850.5731143176,40,2207.4,2687.6,2938.8,0,0,738688.523772837,0,0,0
97850.613113384,40,2202.8,2678,2936.4,0,0,738688.5237733,0,0,0
97850.6531124504,40,2199.2,2671.2,2941.4,0,0,738688.523773763,0,0,0
97850.6931115168,40,2193.2,2665,2941.4,0,0,738688.523774226,0,0,0
97850.7331105832,40,2192.6,2653,2946,0,0,738688.523774689,0,0,0
97850.7731096496,40,2185.8,2646.2,2949.8,0,0,738688.523775152,0,0,0
97850.813108716,40,2185.2,2637.4,2956.2,0,0,738688.523775615,0,0,0
97850.8531077824,40,2183,2630.6,2959.6,0,0,738688.523776078,0,0,0
97850.8931068488,40,2177.4,2622.8,2956.8,0,0,738688.523776541,0,0,0
97850.9331059152,40,2173.2,2616,2957.2,0,0,738688.523777004,0,0,0
97850.9731049816,40,2173.8,2608.8,2960.2,0,0,738688.523777467,0,0,0
97851.013104048,40,2174.8,2600.8,2960.6,0,0,738688.52377793,0,0,0
97851.0531031144,40,2167.2,2587.6,2958.8,0,0,738688.523778393,0,0,0
97851.0931021808,40,2166,2583.2,2960.6,0,0,738688.523778856,0,0,0
97851.1331012472,40,2160.4,2573.4,2960.8,0,0,738688.523779319,0,0,0
97851.1731003136,40,2160.6,2567.8,2956.6,0,0,738688.523779782,0,0,0
97851.21309938,40,2155.4,2555.8,2957.2,0,0,738688.523780245,0,0,0
97851.2530984464,40,2153.8,2545.6,2954.4,0,0,738688.523780708,0,0,0
97851.2930975128,40,2149.6,2537,2956.4,0,0,738688.52378117,0,0,0
97851.3330965792,40,2150.6,2529.4,2948.8,0,0,738688.523781633,0,0,0
97851.3730956456,40,2146.8,2524.2,2948.8,0,0,738688.523782096,0,0,0
97851.413094712,40,2145,2516.2,2945.6,0,0,738688.523782559,0,0,0
97851.4530937784,40,2140.6,2507.8,2943.4,0,0,738688.523783022,0,0,0
