27388.7037327344,40,2528.2,2847.2,2421.4,0,0,738728.651346108,0,0,0
27388.7437318008,40,2519.4,2848.4,2421.2,0,0,738728.651346571,0,0,0
27388.7837308672,40,2517,2844.8,2419.2,0,0,738728.651347034,0,0,0
27388.8237299336,40,2518.8,2847.2,2428.2,0,0,738728.651347497,0,0,0
27388.863729,40,2523.2,2848,2421.2,0,0,738728.65134796,0,0,0
27388.9037280664,40,2522.4,2847.6,2425,0,0,738728.651348423,0,0,0
27388.9437271328,40,2517.8,2846.6,2425.6,0,0,738728.651348886,0,0,0
27388.9837261992,40,2517.4,2843.6,2423.4,0,0,738728.651349349,0,0,0
27389.0237252656,40,2518,2848.8,2422.6,0,0,738728.651349812,0,0,0
27389.063724332,40,2512,2847.6,2426.2,0,0,738728.651350275,0,0,0
27389.1037233984,40,2509.8,2847.8,2431.4,0,0,738728.651350738,0,0,0
27389.1437224648,40,2504.6,2848.4,2433,0,0,738728.651351201,0,0,0
27389.1837215312,40,2503.8,2855.2,2439.6,0,0,738728.651351663,0,0,0
27389.2237205976,40,2494.6,2852.2,2446.6,0,0,738728.651352126,0,0,0
27389.263719664,40,2491.2,2853.4,2452.2,0,0,738728.651352589,0,0,0
27389.3037187304,40,2484.2,2853.8,2460.8,0,0,738728.651353052,0,0,0
27389.3437177968,40,2472.2,2855,2464,0,0,738728.651353515,0,0,0
27389.3837168632,40,2466.8,2858.2,2473.2,0,0,738728.651353978,0,0,0
27389.4237159296,40,2461,2857.2,2475.6,0,0,738728.651354441,0,0,0
27389.463714996,40,2455.2,2858.4,2486.6,0,0,738728.651354904,0,0,0
27389.5037140624,40,2452.2,2855.2,2490.2,0,0,738728.651355367,0,0,0
27389.5437131288,40,2447,2853.6,2494.8,0,0,738728.65135583,0,0,0
27389.5837121952,40,2441.6,2857.2,2501,0,0,738728.651356293,0,0,0
27389.6237112616,40,2435.2,2855,2508.8,0,0,738728.651356756,0,0,0
27389.663710328,40,2428.4,2854,2516,0,0,738728.651357219,0,0,0
27389.7037093944,40,2422,2846.6,2522.8,0,0,738728.651357682,0,0,0
27389.7437084608,40,2413.6,2849.2,2528.6,0,0,738728.651358145,0,0,0
27389.7837075272,40,2404.6,2847.4,2538.8,0,0,738728.651358608,0,0,0
27389.8237065936,40,2403.2,2844.4,2546.2,0,0,738728.651359071,0,0,0
27389.86370566,40,2394.6,2843.2,2551.8,0,0,738728.651359534,0,0,0
27389.9037047264,40,2389.6,2847.4,2563,0,0,738728.651359997,0,0,0
27389.9437037928,40,2381.6,2839.4,2567,0,0,738728.65136046,0,0,0
27389.9837028592,40,2368.2,2836,2575,0,0,738728.651360922,0,0,0
27390.0237019256,40,2364.8,2829.8,2590.4,0,0,738728.651361385,0,0,0
27390.063700992,40,2354.4,2827.2,2606.8,0,0,738728.651361848,0,0,0
27390.1037000584,40,2339.2,2821.2,2610,0,0,738728.651362311,0,0,0
27390.1436991248,40,2336.4,2807.2,2624,0,0,738728.651362774,0,0,0
27390.1836981912,40,2328.2,2804.4,2636,0,0,738728.651363237,0,0,0
27390.2236972576,40,2321.6,2800.2,2647.8,0,0,738728.6513637,0,0,0
27390.263696324,40,2313.8,2795.4,2652.6,0,0,738728.651364163,0,0,0
27390.3036953904,40,2301.2,2787.4,2663.4,0,0,738728.651364626,0,0,0
27390.3436944568,40,2297.4,2782,2669.8,0,0,738728.651365089,0,0,0
27390.3836935232,40,2296,2774.8,2679.6,0,0,738728.651365552,0,0,0
27390.4236925896,40,2287.8,2767,2690.4,0,0,738728.651366015,0,0,0
27390.463691656,40,2281.8,2758.8,2693.8,0,0,738728.651366478,0,0,0
27390.5036907224,40,2279,2756.8,2700.4,0,0,738728.651366941,0,0,0
27390.5436897888,40,2273.8,2749.8,2701.8,0,0,738728.651367404,0,0,0
27390.5836888552,40,2274.8,2750.4,2706.2,0,0,738728.651367867,0,0,0
27390.6236879216,40,2266.2,2745,2715,0,0,738728.65136833,0,0,0
27390.663686988,40,2258,2731,2724.4,0,0,738728.651368793,0,0,0
27390.7036860544,40,2255.6,2719.6,2732.8,0,0,738728.651369256,0,0,0
27390.7436851208,40,2247.8,2712.8,2742.2,0,0,738728.651369719,0,0,0
27390.7836841872,40,2241.8,2708.4,2746.6,0,0,738728.651370182,0,0,0
27390.8236832536,40,2239.4,2696,2754.2,0,0,738728.651370644,0,0,0
27390.86368232,40,2233,2690.8,2756.6,0,0,738728.651371107,0,0,0
27390.9036813864,40,2225.6,2685.8,2765.4,0,0,738728.65137157,0,0,0
27390.9436804528,40,2223.6,2671.8,2772.2,0,0,738728.651372033,0,0,0
27390.9836795192,40,2215.8,2662.2,2775.8,0,0,738728.651372496,0,0,0
27391.0236785856,40,2211.2,2652.2,2786,0,0,738728.651372959,0,0,0
27391.063677652,40,2205.6,2643.8,2789,0,0,738728.651373422,0,0,0
27391.1036767184,40,2204.6,2635.6,2792.8,0,0,738728.651373885,0,0,0
27391.1436757848,40,2197.4,2625.8,2802.4,0,0,738728.651374348,0,0,0
27391.1836748512,40,2193,2617.6,2801.2,0,0,738728.651374811,0,0,0
27391.2236739176,40,2190,2606.4,2807.2,0,0,738728.651375274,0,0,0
27391.263672984,40,2185,2600.4,2811,0,0,738728.651375737,0,0,0
27391.3036720504,40,2181.6,2588.2,2813.8,0,0,738728.6513762,0,0,0
27391.3436711168,40,2170.8,2577.4,2817,0,0,738728.651376663,0,0,0
27391.3836701832,40,2171.2,2568,2822.6,0,0,738728.651377126,0,0,0
27391.4236692496,40,2165,2559.4,2820.8,0,0,738728.651377589,0,0,0
27391.463668316,40,2164.6,2547.6,2828.2,0,0,738728.651378052,0,0,0
27391.5036673824,40,2163.4,2534.8,2825.4,0,0,738728.651378515,0,0,0
27391.5436664488,40,2158.4,2526.8,2829.2,0,0,738728.651378978,0,0,0
27391.5836655152,40,2148.4,2522.2,2829.4,0,0,738728.651379441,0,0,0
27391.6236645816,40,2146.8,2511.4,2829.2,0,0,738728.651379904,0,0,0
27391.663663648,40,2144.4,2500.8,2827,0,0,738728.651380367,0,0,0
27391.7036627144,40,2144.2,2489.2,2827.8,0,0,738728.651380829,0,0,0
27391.7436617808,40,2138.8,2482.8,2826.6,0,0,738728.651381292,0,0,0
27391.7836608472,40,2136,2474.4,2826.8,0,0,738728.651381755,0,0,0
27391.8236599136,40,2134,2462.6,2826.6,0,0,738728.651382218,0,0,0
27391.86365898,40,2127.8,2457.6,2823,0,0,738728.651382681,0,0,0
27391.9036580464,40,2128.8,2446.2,2816.2,0,0,738728.651383144,0,0,0
27391.9436571128,40,2125.6,2439.4,2817.6,0,0,738728.651383607,0,0,0
27391.9836561792,40,2121.4,2427,2814.6,0,0,738728.65138407,0,0,0
27392.0236552456,40,2118,2422.6,2810.8,0,0,738728.651384533,0,0,0
27392.063654312,40,2116,2414.2,2808.4,0,0,738728.651384996,0,0,0
27392.1036533784,40,2114.6,2406.8,2803.2,0,0,738728.651385459,0,0,0
27392.1436524448,40,2110.4,2400.6,2796.6,0,0,738728.651385922,0,0,0
27392.1836515112,40,2110.2,2394.4,2795.4,0,0,738728.651386385,0,0,0
27392.2236505776,40,2110.6,2396.4,2799.4,0,0,738728.651386848,0,0,0
27392.263649644,40,2107.6,2394.6,2797.4,0,0,738728.651387311,0,0,0
27392.3036487104,40,2103.4,2389.2,2795.8,0,0,738728.651387774,0,0,0
27392.3436477768,40,2108,2396.6,2799,0,0,738728.651388237,0,0,0
27392.3836468432,40,2109.4,2394.2,2792.8,0,0,738728.6513887,0,0,0
27392.4236459096,40,2109.2,2395.6,2794.8,0,0,738728.651389163,0,0,0
27392.463644976,40,2107,2394.6,2795.8,0,0,738728.651389626,0,0,0
27392.5036440424,40,2106.4,2393.8,2796.2,0,0,738728.651390088,0,0,0
27392.5436431088,40,2108.4,2393.2,2794.6,0,0,738728.651390551,0,0,0
27392.5836421752,40,2109,2394,2796.6,0,0,738728.651391014,0,0,0
27392.6236412416,40,2109.4,2394.8,2793.4,0,0,738728.651391477,0,0,0
27392.663640308,40,2109,2391.2,2795.8,0,0,738728.65139194,0,0,0
27392.7036393744,40,2109.8,2396,2793,0,0,738728.651392403,0,0,0
27392.7436384408,40,2108.4,2392.2,2795.8,0,0,738728.651392866,0,0,0
27392.7836375072,40,2108.8,2395.2,2792.2,0,0,738728.651393329,0,0,0
27392.8236365736,40,2111.2,2391,2794.2,0,0,738728.651393792,0,0,0
27392.86363564,40,2109.4,2394,2795.4,0,0,738728.651394255,0,0,0
27392.9036347064,40,2103.6,2392.4,2796.8,0,0,738728.651394718,0,0,0
27392.9436337728,40,2109.2,2394.2,2790.2,0,0,738728.651395181,0,0,0
27392.9836328392,40,2110.6,2393.4,2795.4,0,0,738728.651395644,0,0,0
27393.0236319056,40,2106.4,2393,2796.2,0,0,738728.651396107,0,0,0
27393.063630972,40,2107.6,2392.2,2795.2,0,0,738728.65139657,0,0,0
27393.1036300384,40,2111,2395,2795.4,0,0,738728.651397033,0,0,0
27393.1436291048,40,2107.6,2392.6,2796.4,0,0,738728.651397496,0,0,0
27393.1836281712,40,2108.2,2393,2793.4,0,0,738728.651397959,0,0,0
27393.2236272376,40,2111.4,2391.2,2799.2,0,0,738728.651398422,0,0,0
27393.263626304,40,2108.4,2396.4,2793,0,0,738728.651398885,0,0,0
27393.3036253704,40,2108.6,2393.4,2795.2,0,0,738728.651399348,0,0,0
27393.3436244368,40,2104.8,2393.2,2797.2,0,0,738728.65139981,0,0,0
27393.3836235032,40,2110.6,2392.8,2794.6,0,0,738728.651400273,0,0,0
27393.4236225696,40,2110.8,2394.4,2792.2,0,0,738728.651400736,0,0,0
27393.463621636,40,2110,2395.2,2799.8,0,0,738728.651401199,0,0,0
27393.5036207024,40,2110,2391.6,2791.6,0,0,738728.651401662,0,0,0
27393.5436197688,40,2106.2,2394.6,2795.2,0,0,738728.651402125,0,0,0
27393.5836188352,40,2109.4,2397.8,2796,0,0,738728.651402588,0,0,0
27393.6236179016,40,2110.2,2394.8,2797.4,0,0,738728.651403051,0,0,0
27393.663616968,40,2107.8,2395.4,2795.8,0,0,738728.651403514,0,0,0
27393.7036160344,40,2108.8,2395.4,2793.4,0,0,738728.651403977,0,0,0
27393.7436151008,40,2111.4,2391.8,2793.4,0,0,738728.65140444,0,0,0
27393.7836141672,40,2109.8,2391.4,2792.8,0,0,738728.651404903,0,0,0
27393.8236132336,40,2108.2,2395.2,2793.2,0,0,738728.651405366,0,0,0
27393.8636123,40,2110.6,2394.8,2795,0,0,738728.651405829,0,0,0
27393.9036113664,40,2111,2394.8,2796.6,0,0,738728.651406292,0,0,0
27393.9436104328,40,2103.2,2393.8,2796.6,0,0,738728.651406755,0,0,0
27393.9836094992,40,2108.2,2391.4,2793.2,0,0,738728.651407218,0,0,0
27394.0236085656,40,2107.8,2391.4,2796,0,0,738728.651407681,0,0,0
27394.063607632,40,2111.6,2394.6,2797.6,0,0,738728.651408144,0,0,0
27394.1036066984,40,2109.4,2396,2792.6,0,0,738728.651408607,0,0,0
27394.1436057648,40,2109.6,2397,2799.6,0,0,738728.65140907,0,0,0
27394.1836048312,40,2108.4,2393,2796,0,0,738728.651409533,0,0,0
27394.2236038976,40,2110.6,2391.4,2795,0,0,738728.651409995,0,0,0
27394.263602964,40,2110.4,2397.8,2797,0,0,738728.651410458,0,0,0
27394.3036020304,40,2107.2,2392.8,2788.6,0,0,738728.651410921,0,0,0
27394.3436010968,40,2108.8,2391.6,2794,0,0,738728.651411384,0,0,0
27394.3836001632,40,2108.8,2393.4,2795.4,0,0,738728.651411847,0,0,0
27394.4235992296,40,2111.4,2392.6,2792.2,0,0,738728.65141231,0,0,0
27394.463598296,40,2110.4,2392.8,2796.6,0,0,738728.651412773,0,0,0
27394.5035973624,40,2110,2396,2793.8,0,0,738728.651413236,0,0,0
27394.5435964288,40,2111.6,2392,2800.2,0,0,738728.651413699,0,0,0
27394.5835954952,40,2108,2392.8,2800,0,0,738728.651414162,0,0,0
27394.6235945616,40,2109,2393,2791.8,0,0,738728.651414625,0,0,0
27394.663593628,40,2111.4,2394.6,2795.6,0,0,738728.651415088,0,0,0
27394.7035926944,40,2115.6,2396,2797.8,0,0,738728.651415551,0,0,0
27394.7435917608,40,2114.2,2403.6,2805.6,0,0,738728.651416014,0,0,0
27394.7835908272,40,2122.8,2434.6,2816.6,0,0,738728.651416477,0,0,0
27394.8235898936,40,2143.6,2481.8,2825,0,0,738728.65141694,0,0,0
27394.86358896,40,2165.2,2552.2,2824.6,0,0,738728.651417403,0,0,0
27394.9035880264,40,2202.2,2639.8,2792.8,0,0,738728.651417866,0,0,0
27394.9435870928,40,2266,2733.8,2724.6,0,0,738728.651418329,0,0,0
27394.9835861592,40,2335.8,2813.4,2626,0,0,738728.651418792,0,0,0
27395.0235852256,40,2431.6,2853.2,2516.8,0,0,738728.651419254,0,0,0
27395.063584292,40,2535.6,2845.6,2414,0,0,738728.651419717,0,0,0
27395.1035833584,40,2634,2793.8,2332.2,0,0,738728.65142018,0,0,0
27395.2215806043,118,2773.8,2625.8,2219,0,0,738728.651421546,0,0,0
27395.2615796707,40,2774.4,2623,2212.8,0,0,738728.651422009,0,0,0
27395.3015787371,40,2760.4,2654.8,2229.8,0,0,738728.651422472,0,0,0
27395.3415778035,40,2730.2,2692.4,2252.6,0,0,738728.651422935,0,0,0
27395.3815768699,40,2680.4,2755.8,2290.8,0,0,738728.651423398,0,0,0
27395.4215759363,40,2599.8,2810.8,2357.4,0,0,738728.651423861,0,0,0
27395.4615750027,40,2476.6,2855.2,2460.8,0,0,738728.651424324,0,0,0
27395.5015740691,40,2361.4,2827.8,2589.6,0,0,738728.651424787,0,0,0
27395.5415731355,40,2273,2751.6,2700.6,0,0,738728.65142525,0,0,0
27395.5815722019,40,2297.2,2775.8,2675.6,0,0,738728.651425713,0,0,0
27395.6215712683,40,2392.6,2840.6,2555.2,0,0,738728.651426176,0,0,0
27395.6615703347,40,2517,2854.4,2424.6,0,0,738728.651426639,0,0,0
27395.7015694011,40,2641.4,2783.6,2324.4,0,0,738728.651427101,0,0,0
27395.7415684675,40,2728.4,2702.6,2253.6,0,0,738728.651427564,0,0,0
27395.7815675339,40,2765.8,2641.6,2223,0,0,738728.651428027,0,0,0
27395.8215666003,40,2773.6,2634,2212,0,0,738728.65142849,0,0,0
27395.8615656667,40,2761.8,2646.8,2226.2,0,0,738728.651428953,0,0,0
27395.9015647331,40,2734,2683.4,2249.4,0,0,738728.651429416,0,0,0
27395.9415637995,40,2715.6,2714.4,2267.4,0,0,738728.651429879,0,0,0
27395.9815628659,40,2674.6,2763.2,2298.2,0,0,738728.651430342,0,0,0
27396.0215619323,40,2595.4,2811.4,2353.8,0,0,738728.651430805,0,0,0
27396.0615609987,40,2491.6,2856.8,2450.2,0,0,738728.651431268,0,0,0
27396.1015600651,40,2375.2,2840.8,2577.6,0,0,738728.651431731,0,0,0
27396.1415591315,40,2284.8,2762.4,2693.4,0,0,738728.651432194,0,0,0
27396.1815581979,40,2277.6,2755,2701.4,0,0,738728.651432657,0,0,0
27396.2215572643,40,2358.6,2828,2601.2,0,0,738728.65143312,0,0,0
27396.2615563307,40,2471.2,2857.8,2467.8,0,0,738728.651433583,0,0,0
27396.3015553971,40,2599.6,2815,2354.6,0,0,738728.651434046,0,0,0
27396.3415544635,40,2688.8,2744,2288.4,0,0,738728.651434509,0,0,0
27396.3815535299,40,2736.4,2692.4,2248,0,0,738728.651434972,0,0,0
27396.4215525963,40,2739.6,2681.4,2242.6,0,0,738728.651435435,0,0,0
27396.4615516627,40,2730,2701.2,2257.2,0,0,738728.651435898,0,0,0
27396.5015507291,40,2696.8,2736,2281,0,0,738728.651436361,0,0,0
27396.5415497955,40,2667,2762,2302,0,0,738728.651436824,0,0,0
27396.5815488619,40,2616.6,2802.2,2341.6,0,0,738728.651437286,0,0,0
27396.6215479283,40,2532.8,2847,2410.8,0,0,738728.651437749,0,0,0
27396.6615469947,40,2418,2851.6,2524,0,0,738728.651438212,0,0,0
27396.7015460611,40,2316,2792.6,2653.6,0,0,738728.651438675,0,0,0
27396.7415451275,40,2261.6,2731,2725.4,0,0,738728.651439138,0,0,0
27396.7815441939,40,2319.2,2796.2,2657,0,0,738728.651439601,0,0,0
27396.8215432603,40,2420,2847.8,2526.4,0,0,738728.651440064,0,0,0
27396.8615423267,40,2554.2,2836.6,2396.2,0,0,738728.651440527,0,0,0
27396.9015413931,40,2675.6,2762.4,2300,0,0,738728.65144099,0,0,0
27396.9415404595,40,2730.2,2698.4,2250.6,0,0,738728.651441453,0,0,0
27396.9815395259,40,2745.4,2681.4,2243.4,0,0,738728.651441916,0,0,0
27397.0215385923,40,2730.6,2698,2249,0,0,738728.651442379,0,0,0
27397.0615376587,40,2707.8,2724.4,2275.8,0,0,738728.651442842,0,0,0
27397.1015367251,40,2674.4,2760,2299.2,0,0,738728.651443305,0,0,0
27397.1415357915,40,2626.4,2790,2336.4,0,0,738728.651443768,0,0,0
27397.1815348579,40,2551,2836,2395.6,0,0,738728.651444231,0,0,0
27397.2215339243,40,2449.6,2853.4,2491.4,0,0,738728.651444694,0,0,0
27397.2615329907,40,2353.4,2825.8,2602.2,0,0,738728.651445157,0,0,0
27397.3015320571,40,2320,2800.4,2642.6,0,0,738728.65144562,0,0,0
27397.3415311235,40,2408.4,2853.2,2532.2,0,0,738728.651446083,0,0,0
27397.3815301899,40,2555.2,2834.4,2388.8,0,0,738728.651446545,0,0,0
27397.4215292563,40,2686.4,2751.6,2292.6,0,0,738728.651447008,0,0,0
27397.4615283227,40,2740.6,2682.8,2243.2,0,0,738728.651447471,0,0,0
27397.5015273891,40,2751.2,2661.8,2234.8,0,0,738728.651447934,0,0,0
27397.5415264555,40,2741,2676,2241.8,0,0,738728.651448397,0,0,0
27397.5815255219,40,2735.8,2686,2247,0,0,738728.65144886,0,0,0
27397.6215245883,40,2732.2,2691.8,2253,0,0,738728.651449323,0,0,0
27397.6615236547,40,2709,2718.8,2267.6,0,0,738728.651449786,0,0,0
27397.7015227211,40,2663.8,2766.8,2302,0,0,738728.651450249,0,0,0
27397.7415217875,40,2587.4,2824.2,2368,0,0,738728.651450712,0,0,0
27397.7815208539,40,2474.4,2857.8,2463.6,0,0,738728.651451175,0,0,0
27397.8215199203,40,2377.2,2839.4,2579.4,0,0,738728.651451638,0,0,0
27397.8615189867,40,2358.2,2826.4,2599.2,0,0,738728.651452101,0,0,0
27397.9015180531,40,2476.8,2854.8,2462.6,0,0,738728.651452564,0,0,0
27397.9415171195,40,2633.8,2796.2,2331,0,0,738728.651453027,0,0,0
27397.9815161859,40,2737.2,2686.8,2245,0,0,738728.65145349,0,0,0
27398.0215152523,40,2775.6,2622.8,2216,0,0,738728.651453953,0,0,0
27398.0615143187,40,2782.4,2617.2,2203.2,0,0,738728.651454416,0,0,0
27398.1015133851,40,2770,2632.2,2214.6,0,0,738728.651454879,0,0,0
27398.1415124515,40,2763,2636.8,2222.6,0,0,738728.651455342,0,0,0
27398.1815115179,40,2753.6,2655.2,2233.4,0,0,738728.651455805,0,0,0
27398.2215105843,40,2726.4,2696.8,2254,0,0,738728.651456267,0,0,0
27398.2615096507,40,2662.6,2771.2,2309.4,0,0,738728.65145673,0,0,0
27398.3015087171,40,2559.6,2827.4,2387.6,0,0,738728.651457193,0,0,0
27398.3415077835,40,2440,2854.2,2497.4,0,0,738728.651457656,0,0,0
27398.3815068499,40,2347.4,2821,2608.4,0,0,738728.651458119,0,0,0
27398.4215059163,40,2320.4,2799.2,2641.8,0,0,738728.651458582,0,0,0
27398.4615049827,40,2402,2844.2,2544.6,0,0,738728.651459045,0,0,0
27398.5015040491,40,2531.8,2844.6,2416.8,0,0,738728.651459508,0,0,0
27398.5415031155,40,2658.6,2774.6,2310.8,0,0,738728.651459971,0,0,0
27398.5815021819,40,2737.8,2685.8,2250.4,0,0,738728.651460434,0,0,0
27398.6215012483,40,2763.6,2644.4,2225,0,0,738728.651460897,0,0,0
27398.6615003147,40,2759.2,2654,2230.8,0,0,738728.65146136,0,0,0
27398.7014993811,40,2747,2676,2241.6,0,0,738728.651461823,0,0,0
27398.7414984475,40,2710,2717,2268.4,0,0,738728.651462286,0,0,0
27398.7814975139,40,2672,2758.2,2301.2,0,0,738728.651462749,0,0,0
27398.8214965803,40,2609,2811.2,2351.4,0,0,738728.651463212,0,0,0
27398.8614956467,40,2511.6,2852.4,2437.6,0,0,738728.651463675,0,0,0
27398.9014947131,40,2406.6,2848.2,2534,0,0,738728.651464138,0,0,0
27398.9414937795,40,2337.6,2815.8,2617.6,0,0,738728.651464601,0,0,0
27398.9814928459,40,2356,2827.4,2601,0,0,738728.651465064,0,0,0
27399.0214919123,40,2448.4,2856.8,2491.4,0,0,738728.651465527,0,0,0
27399.0614909787,40,2563.8,2835.2,2388.6,0,0,738728.65146599,0,0,0
27399.1014900451,40,2650.6,2776.2,2314.4,0,0,738728.651466452,0,0,0
27399.1414891115,40,2696.4,2734.6,2278.4,0,0,738728.651466915,0,0,0
27399.1814881779,40,2704.4,2726.4,2275.8,0,0,738728.651467378,0,0,0
27399.2214872443,40,2688.2,2743.8,2286.4,0,0,738728.651467841,0,0,0
27399.2614863107,40,2680.6,2756,2299.6,0,0,738728.651468304,0,0,0
27399.3014853771,40,2634,2788,2320.6,0,0,738728.651468767,0,0,0
27399.3414844435,40,2587.8,2819.8,2367.2,0,0,738728.65146923,0,0,0
27399.3814835099,40,2496.4,2851.2,2442.2,0,0,738728.651469693,0,0,0
27399.4214825763,40,2400,2848.2,2550.2,0,0,738728.651470156,0,0,0
27399.4614816427,40,2318.4,2794.8,2650.6,0,0,738728.651470619,0,0,0
27399.5014807091,40,2280.2,2759.2,2696.4,0,0,738728.651471082,0,0,0
27399.5414797755,40,2324.2,2801.2,2639.2,0,0,738728.651471545,0,0,0
27399.5814788419,40,2408,2848.2,2530,0,0,738728.651472008,0,0,0
27399.6214779083,40,2521.4,2849.6,2423.6,0,0,738728.651472471,0,0,0
27399.6614769747,40,2621.8,2799.6,2339.6,0,0,738728.651472934,0,0,0
27399.7014760411,40,2682.4,2747.2,2289.4,0,0,738728.651473397,0,0,0
27399.7414751075,40,2706.4,2726.8,2276,0,0,738728.65147386,0,0,0
27399.7814741739,40,2701.8,2736.6,2283,0,0,738728.651474323,0,0,0
27399.8214732403,40,2661.6,2765.4,2307,0,0,738728.651474786,0,0,0
27399.8614723067,40,2627,2795.8,2334.2,0,0,738728.651475249,0,0,0
27399.9014713731,40,2566,2829.4,2386,0,0,738728.651475711,0,0,0
27399.9414704395,40,2483.4,2856,2462,0,0,738728.651476174,0,0,0
27399.9814695059,40,2380.4,2839.4,2569.4,0,0,738728.651476637,0,0,0
27400.0214685723,40,2290.6,2769.2,2682.8,0,0,738728.6514771,0,0,0
27400.0614676387,40,2231.6,2687.6,2760.8,0,0,738728.651477563,0,0,0
27400.1014667051,40,2241.4,2704.4,2749,0,0,738728.651478026,0,0,0
27400.1414657715,40,2306.4,2782.6,2668.6,0,0,738728.651478489,0,0,0
27400.1814648379,40,2390.6,2844.6,2559.2,0,0,738728.651478952,0,0,0
27400.2214639043,40,2487.8,2857,2458,0,0,738728.651479415,0,0,0
27400.2614629707,40,2575.4,2826.6,2375.2,0,0,738728.651479878,0,0,0
27400.3014620371,40,2646.8,2781.6,2315.6,0,0,738728.651480341,0,0,0
27400.3414611035,40,2680.8,2749.2,2289,0,0,738728.651480804,0,0,0
27400.3814601699,40,2686,2753.2,2290,0,0,738728.651481267,0,0,0
27400.4214592363,40,2651.8,2773.2,2314.4,0,0,738728.65148173,0,0,0
27400.4614583027,40,2621.6,2800,2333.2,0,0,738728.651482193,0,0,0
27400.5014573691,40,2562.8,2830.6,2384.2,0,0,738728.651482656,0,0,0
27400.5414564355,40,2474,2856.2,2466.2,0,0,738728.651483119,0,0,0
27400.5814555019,40,2373.8,2837.8,2580.4,0,0,738728.651483582,0,0,0
27400.6214545683,40,2286.8,2763.8,2691.4,0,0,738728.651484045,0,0,0
27400.6614536347,40,2224.8,2687,2766.2,0,0,738728.651484508,0,0,0
27400.7014527011,40,2237.4,2700.4,2751.8,0,0,738728.651484971,0,0,0
27400.7414517675,40,2301,2779.6,2674.4,0,0,738728.651485433,0,0,0
27400.7814508339,40,2387.8,2843.2,2561,0,0,738728.651485896,0,0,0
27400.8214499003,40,2492.8,2857.2,2452.8,0,0,738728.651486359,0,0,0
27400.8614489667,40,2588.6,2826.4,2365,0,0,738728.651486822,0,0,0
27400.9014480331,40,2656.4,2773.4,2311.8,0,0,738728.651487285,0,0,0
27400.9414470995,40,2696,2735.6,2278.4,0,0,738728.651487748,0,0,0
27400.9814461659,40,2713,2721.6,2266.4,0,0,738728.651488211,0,0,0
27401.0214452323,40,2690,2735.6,2279.8,0,0,738728.651488674,0,0,0
27401.0614442987,40,2662.2,2765,2299.6,0,0,738728.651489137,0,0,0
27401.1014433651,40,2614.2,2798.2,2342.2,0,0,738728.6514896,0,0,0
27401.1414424315,40,2552,2839.2,2396.2,0,0,738728.651490063,0,0,0
27401.1814414979,40,2460.4,2853,2483.8,0,0,738728.651490526,0,0,0
27401.2214405643,40,2356,2823.4,2603,0,0,738728.651490989,0,0,0
27401.2614396307,40,2253.6,2726.2,2732.4,0,0,738728.651491452,0,0,0
27401.3014386971,40,2182.6,2596.4,2811,0,0,738728.651491915,0,0,0
27401.3414377635,40,2143.4,2499.2,2827,0,0,738728.651492378,0,0,0
27401.3814368299,40,2158.6,2532.4,2828.4,0,0,738728.651492841,0,0,0
27401.4214358963,40,2196,2622.6,2801.2,0,0,738728.651493304,0,0,0
27401.4614349627,40,2258,2729,2724.6,0,0,738728.651493767,0,0,0
27401.5014340291,40,2338.6,2811.6,2628.8,0,0,738728.65149423,0,0,0
27401.5414330955,40,2424.2,2853,2528.8,0,0,738728.651494693,0,0,0
27401.5814321619,40,2505.6,2854.2,2439.8,0,0,738728.651495156,0,0,0
27401.6214312283,40,2575.8,2830,2374.4,0,0,738728.651495618,0,0,0
27401.6614302947,40,2623.8,2797.4,2335.8,0,0,738728.651496081,0,0,0
27401.7014293611,40,2643.4,2785,2318,0,0,738728.651496544,0,0,0
27401.7414284275,40,2627.2,2800.8,2333,0,0,738728.651497007,0,0,0
27401.7814274939,40,2581.6,2824,2369.6,0,0,738728.65149747,0,0,0
27401.8214265603,40,2524.6,2843.8,2419.8,0,0,738728.651497933,0,0,0
27401.8614256267,40,2443.8,2855.8,2502.4,0,0,738728.651498396,0,0,0
27401.9014246931,40,2350,2826.6,2614.6,0,0,738728.651498859,0,0,0
27401.9414237595,40,2265,2735.2,2715.2,0,0,738728.651499322,0,0,0
27401.9814228259,40,2215.6,2658.6,2779.2,0,0,738728.651499785,0,0,0
27402.0214218923,40,2238.8,2700.6,2749.6,0,0,738728.651500248,0,0,0
27402.0614209587,40,2307.8,2798,2662.2,0,0,738728.651500711,0,0,0
27402.1014200251,40,2408.4,2851,2535.8,0,0,738728.651501174,0,0,0
27402.1414190915,40,2517.2,2848.2,2423,0,0,738728.651501637,0,0,0
27402.1814181579,40,2622.6,2800.8,2334.4,0,0,738728.6515021,0,0,0
27402.2214172243,40,2702.2,2731.4,2275.8,0,0,738728.651502563,0,0,0
27402.2614162907,40,2739.2,2674.2,2241.8,0,0,738728.651503026,0,0,0
27402.3014153571,40,2749.4,2669.4,2236.4,0,0,738728.651503489,0,0,0
27402.3414144235,40,2729.2,2695.4,2252,0,0,738728.651503952,0,0,0
27402.3814134899,40,2696.6,2731,2279.6,0,0,738728.651504415,0,0,0
27402.4214125563,40,2653.8,2776.6,2313.8,0,0,738728.651504877,0,0,0
27402.4614116227,40,2581.2,2822.4,2370.6,0,0,738728.65150534,0,0,0
27402.5014106891,40,2482.2,2853.4,2455.6,0,0,738728.651505803,0,0,0
27402.5414097555,40,2376.4,2835,2575.2,0,0,738728.651506266,0,0,0
27402.5814088219,40,2284.6,2760.2,2691.2,0,0,738728.651506729,0,0,0
27402.6214078883,40,2239.2,2701.2,2745.8,0,0,738728.651507192,0,0,0
27402.6614069547,40,2282,2760.8,2691.6,0,0,738728.651507655,0,0,0
27402.7014060211,40,2372.2,2837.6,2582.8,0,0,738728.651508118,0,0,0
27402.7414050875,40,2486.2,2849.2,2452.4,0,0,738728.651508581,0,0,0
27402.7814041539,40,2600.2,2814.2,2357.2,0,0,738728.651509044,0,0,0
27402.8214032203,40,2684,2749.4,2290.8,0,0,738728.651509507,0,0,0
27402.8614022867,40,2722.8,2704,2261,0,0,738728.65150997,0,0,0
27402.9014013531,40,2721.2,2707.4,2259.8,0,0,738728.651510433,0,0,0
27402.9414004195,40,2695.8,2735.8,2279,0,0,738728.651510896,0,0,0
27402.9813994859,40,2673.4,2754.2,2298.4,0,0,738728.651511359,0,0,0
27403.0213985523,40,2638.4,2789.8,2325.8,0,0,738728.651511822,0,0,0
27403.0613976187,40,2573.4,2822.6,2380.2,0,0,738728.651512285,0,0,0
27403.1013966851,40,2483.8,2855.6,2456.2,0,0,738728.651512748,0,0,0
27403.1413957515,40,2379.8,2840.2,2567.6,0,0,738728.651513211,0,0,0
27403.1813948179,40,2293,2771,2674.8,0,0,738728.651513674,0,0,0
27403.2213938843,40,2273.6,2754.4,2704.2,0,0,738728.651514136,0,0,0
27403.2613929507,40,2354.4,2826.4,2597.8,0,0,738728.651514599,0,0,0
27403.3013920171,40,2493.6,2854.6,2448.6,0,0,738728.651515062,0,0,0
27403.3413910835,40,2630.8,2792.8,2330,0,0,738728.651515525,0,0,0
27403.3813901499,40,2728.6,2697.4,2255.4,0,0,738728.651515988,0,0,0
27403.4213892163,40,2760.6,2648.8,2226.4,0,0,738728.651516451,0,0,0
27403.4613882827,40,2766.4,2640.2,2221.6,0,0,738728.651516914,0,0,0
27403.5013873491,40,2758.6,2654.6,2230.2,0,0,738728.651517377,0,0,0
27403.5413864155,40,2736.8,2691.8,2251.6,0,0,738728.65151784,0,0,0
27403.5813854819,40,2715.2,2713.6,2262.8,0,0,738728.651518303,0,0,0
27403.6213845483,40,2679.4,2747.6,2288.2,0,0,738728.651518766,0,0,0
27403.6613836147,40,2621,2797.4,2334.2,0,0,738728.651519229,0,0,0
27403.7013826811,40,2534.4,2841.4,2410,0,0,738728.651519692,0,0,0
27403.7413817475,40,2429.8,2850.4,2509.4,0,0,738728.651520155,0,0,0
27403.7813808139,40,2338.6,2815.6,2618.2,0,0,738728.651520618,0,0,0
27403.8213798803,40,2306.8,2788.8,2650.6,0,0,738728.651521081,0,0,0
27403.8613789467,40,2387.8,2842.6,2563.2,0,0,738728.651521544,0,0,0
27403.9013780131,40,2509.4,2855,2436.2,0,0,738728.651522007,0,0,0
27403.9413770795,40,2625.6,2795,2334.6,0,0,738728.65152247,0,0,0
27403.9813761459,40,2698.8,2733,2273.2,0,0,738728.651522933,0,0,0
27404.0213752123,40,2718.2,2707.4,2260.4,0,0,738728.651523396,0,0,0
27404.0613742787,40,2709.2,2721.6,2268.8,0,0,738728.651523859,0,0,0
27404.1013733451,40,2703,2733,2278,0,0,738728.651524321,0,0,0
27404.1413724115,40,2677.2,2752.2,2296.2,0,0,738728.651524784,0,0,0
27404.1813714779,40,2661.8,2776,2310.6,0,0,738728.651525247,0,0,0
27404.2213705443,40,2609.6,2803,2342.6,0,0,738728.65152571,0,0,0
27404.2613696107,40,2539.4,2839.6,2405.2,0,0,738728.651526173,0,0,0
27404.3013686771,40,2442,2857.4,2502.4,0,0,738728.651526636,0,0,0
27404.3413677435,40,2344.2,2819.2,2611.8,0,0,738728.651527099,0,0,0
27404.3813668099,40,2295.4,2771.6,2678,0,0,738728.651527562,0,0,0
27404.4213658763,40,2350.8,2823,2600.2,0,0,738728.651528025,0,0,0
27404.4613649427,40,2475,2858.8,2463.4,0,0,738728.651528488,0,0,0
27404.5013640091,40,2622,2807,2342.8,0,0,738728.651528951,0,0,0
27404.5413630755,40,2711.2,2714,2265,0,0,738728.651529414,0,0,0
27404.5813621419,40,2750.4,2668.8,2238.8,0,0,738728.651529877,0,0,0
27404.6213612083,40,2750.8,2665.4,2237,0,0,738728.65153034,0,0,0
27404.6613602747,40,2738,2686.2,2246.2,0,0,738728.651530803,0,0,0
27404.7013593411,40,2715.4,2711.4,2262.8,0,0,738728.651531266,0,0,0
27404.7413584075,40,2696.4,2733,2277.2,0,0,738728.651531729,0,0,0
27404.7813574739,40,2662.6,2762.2,2304.2,0,0,738728.651532192,0,0,0
27404.8213565403,40,2614.2,2804.8,2348,0,0,738728.651532655,0,0,0
27404.8613556067,40,2510.6,2848.4,2430.8,0,0,738728.651533118,0,0,0
27404.9013546731,40,2407,2845.4,2536.8,0,0,738728.651533581,0,0,0
27404.9413537395,40,2321.8,2799,2638.4,0,0,738728.651534043,0,0,0
27404.9813528059,40,2316.2,2797.2,2647,0,0,738728.651534506,0,0,0
27405.0213518723,40,2401.8,2853,2535.2,0,0,738728.651534969,0,0,0
27405.0613509387,40,2535,2843.4,2408.2,0,0,738728.651535432,0,0,0
27405.1013500051,40,2663.2,2766,2307.2,0,0,738728.651535895,0,0,0
27405.1413490715,40,2724.2,2703.4,2254,0,0,738728.651536358,0,0,0
27405.1813481379,40,2736,2689.2,2245,0,0,738728.651536821,0,0,0
27405.2213472043,40,2713.4,2713,2265.2,0,0,738728.651537284,0,0,0
27405.2613462707,40,2706.8,2720,2268.2,0,0,738728.651537747,0,0,0
27405.3013453371,40,2694,2735.2,2279.4,0,0,738728.65153821,0,0,0
27405.3413444035,40,2671.6,2756.8,2298.4,0,0,738728.651538673,0,0,0
27405.3813434699,40,2619.2,2799.4,2344.2,0,0,738728.651539136,0,0,0
27405.4213425363,40,2530.6,2841.4,2412.2,0,0,738728.651539599,0,0,0
27405.4613416027,40,2433.2,2853.6,2506.2,0,0,738728.651540062,0,0,0
27405.5013406691,40,2344,2814,2617.4,0,0,738728.651540525,0,0,0
27405.5413397355,40,2284.2,2759.4,2692.2,0,0,738728.651540988,0,0,0
27405.5813388019,40,2304.6,2786,2662.6,0,0,738728.651541451,0,0,0
27405.6213378683,40,2375.8,2838.8,2573.4,0,0,738728.651541914,0,0,0
27405.6613369347,40,2469.8,2858.4,2468,0,0,738728.651542377,0,0,0
27405.7013360011,40,2566.6,2831.2,2383.2,0,0,738728.65154284,0,0,0
27405.7413350675,40,2631.4,2795.2,2333.4,0,0,738728.651543302,0,0,0
27405.7813341339,40,2667,2765.8,2304.8,0,0,738728.651543765,0,0,0
27405.8213332003,40,2673.4,2755.2,2294,0,0,738728.651544228,0,0,0
27405.8613322667,40,2662.2,2771.6,2306.2,0,0,738728.651544691,0,0,0
27405.9013313331,40,2639,2788.2,2323.8,0,0,738728.651545154,0,0,0
27405.9413303995,40,2601,2814,2356.4,0,0,738728.651545617,0,0,0
27405.9813294659,40,2537.8,2839.8,2409.2,0,0,738728.65154608,0,0,0
27406.0213285323,40,2446.4,2854.8,2498.6,0,0,738728.651546543,0,0,0
27406.0613275987,40,2354.8,2826.4,2602.2,0,0,738728.651547006,0,0,0
27406.1013266651,40,2283,2753.6,2697.8,0,0,738728.651547469,0,0,0
27406.1413257315,40,2289.2,2759.6,2685.4,0,0,738728.651547932,0,0,0
27406.1813247979,40,2363.6,2828.8,2585.2,0,0,738728.651548395,0,0,0
27406.2213238643,40,2483.2,2854.6,2459.8,0,0,738728.651548858,0,0,0
27406.2613229307,40,2607.4,2811.8,2348.4,0,0,738728.651549321,0,0,0
27406.3013219971,40,2701.8,2732.8,2277.8,0,0,738728.651549784,0,0,0
27406.3413210635,40,2743,2671.6,2239.8,0,0,738728.651550247,0,0,0
27406.3813201299,40,2755.4,2653.8,2232.2,0,0,738728.65155071,0,0,0
27406.4213191963,40,2739,2683.6,2244,0,0,738728.651551173,0,0,0
27406.4613182627,40,2720.4,2708.8,2260,0,0,738728.651551636,0,0,0
27406.5013173291,40,2689.2,2735,2289,0,0,738728.651552099,0,0,0
27406.5413163955,40,2643,2787,2320.4,0,0,738728.651552562,0,0,0
27406.5813154619,40,2557.6,2830.8,2388.8,0,0,738728.651553025,0,0,0
27406.6213145283,40,2453.6,2854.8,2483.2,0,0,738728.651553487,0,0,0
27406.6613135947,40,2350,2821.4,2600.6,0,0,738728.65155395,0,0,0
27406.7013126611,40,2276.6,2754.4,2695.6,0,0,738728.651554413,0,0,0
27406.7413117275,40,2290.4,2768,2686,0,0,738728.651554876,0,0,0
27406.7813107939,40,2370.2,2836.4,2580.8,0,0,738728.651555339,0,0,0
27406.8213098603,40,2485.6,2853.4,2453.4,0,0,738728.651555802,0,0,0
27406.8613089267,40,2602.2,2813.4,2354.6,0,0,738728.651556265,0,0,0
27406.9013079931,40,2692.8,2745.6,2286.2,0,0,738728.651556728,0,0,0
27406.9413070595,40,2728.4,2696,2253.8,0,0,738728.651557191,0,0,0
27406.9813061259,40,2732.8,2688.6,2247,0,0,738728.651557654,0,0,0
27407.0213051923,40,2722,2709.4,2263,0,0,738728.651558117,0,0,0
27407.0613042587,40,2681.6,2744.6,2287.6,0,0,738728.65155858,0,0,0
27407.1013033251,40,2654,2776,2315.2,0,0,738728.651559043,0,0,0
27407.1413023915,40,2595.2,2811.8,2357.6,0,0,738728.651559506,0,0,0
27407.1813014579,40,2514.8,2847.2,2426.4,0,0,738728.651559969,0,0,0
27407.2213005243,40,2415,2849.2,2534.6,0,0,738728.651560432,0,0,0
27407.2612995907,40,2316.4,2798.6,2642.4,0,0,738728.651560895,0,0,0
27407.3012986571,40,2275,2757,2701.4,0,0,738728.651561358,0,0,0
27407.3412977235,40,2332.2,2812.4,2629.6,0,0,738728.651561821,0,0,0
27407.3812967899,40,2441.8,2857,2495.2,0,0,738728.651562284,0,0,0
27407.4212958563,40,2576.2,2824.4,2374.8,0,0,738728.651562746,0,0,0
27407.4612949227,40,2681.6,2751.6,2287.2,0,0,738728.651563209,0,0,0
27407.5012939891,40,2742,2681.4,2242.6,0,0,738728.651563672,0,0,0
27407.5412930555,40,2756,2664.8,2230.2,0,0,738728.651564135,0,0,0
27407.5812921219,40,2744.6,2677.2,2240.2,0,0,738728.651564598,0,0,0
27407.6212911883,40,2721.2,2712.6,2263.6,0,0,738728.651565061,0,0,0
27407.6612902547,40,2695.6,2736.2,2280.4,0,0,738728.651565524,0,0,0
27407.7012893211,40,2659,2772.4,2313.2,0,0,738728.651565987,0,0,0
27407.7412883875,40,2599.2,2811.6,2357.6,0,0,738728.65156645,0,0,0
27407.7812874539,40,2499,2855.8,2441.6,0,0,738728.651566913,0,0,0
27407.8212865203,40,2388,2841.2,2558.6,0,0,738728.651567376,0,0,0
27407.8612855867,40,2296,2774.6,2679.6,0,0,738728.651567839,0,0,0
27407.9012846531,40,2275.8,2755.8,2701.8,0,0,738728.651568302,0,0,0
27407.9412837195,40,2347.8,2821.6,2607.6,0,0,738728.651568765,0,0,0
27407.9812827859,40,2464,2857.2,2478.8,0,0,738728.651569228,0,0,0
27408.0212818523,40,2589.2,2822.4,2366.4,0,0,738728.651569691,0,0,0
27408.0612809187,40,2677,2755.2,2294.8,0,0,738728.651570154,0,0,0
27408.1012799851,40,2718.4,2704.6,2259.6,0,0,738728.651570617,0,0,0
27408.1412790515,40,2727.4,2696,2259.4,0,0,738728.65157108,0,0,0
27408.1812781179,40,2717.6,2707,2261.4,0,0,738728.651571543,0,0,0
27408.2212771843,40,2697.6,2734.6,2282.6,0,0,738728.651572006,0,0,0
27408.2612762507,40,2663.2,2762.6,2304.6,0,0,738728.651572468,0,0,0
27408.3012753171,40,2623,2801,2340.6,0,0,738728.651572931,0,0,0
27408.3412743835,40,2541.6,2843,2403.4,0,0,738728.651573394,0,0,0
27408.3812734499,40,2437.4,2857.8,2508.2,0,0,738728.651573857,0,0,0
27408.4212725163,40,2332.2,2812.2,2625.2,0,0,738728.65157432,0,0,0
27408.4612715827,40,2278.2,2757.8,2694.6,0,0,738728.651574783,0,0,0
27408.5012706491,40,2337.2,2817.6,2617.2,0,0,738728.651575246,0,0,0
27408.5412697155,40,2463.2,2862.8,2476.2,0,0,738728.651575709,0,0,0
27408.5812687819,40,2602.6,2813.6,2354.4,0,0,738728.651576172,0,0,0
27408.6212678483,40,2710.2,2721.4,2267.4,0,0,738728.651576635,0,0,0
27408.6612669147,40,2763.6,2655.2,2230.6,0,0,738728.651577098,0,0,0
27408.7012659811,40,2772.4,2631.8,2216.2,0,0,738728.651577561,0,0,0
27408.7412650475,40,2767.2,2637,2223,0,0,738728.651578024,0,0,0
27408.7812641139,40,2753.4,2665.8,2235.8,0,0,738728.651578487,0,0,0
27408.8212631803,40,2732.6,2693.6,2252.4,0,0,738728.65157895,0,0,0
27408.8612622467,40,2706.2,2725.2,2269.2,0,0,738728.651579413,0,0,0
27408.9012613131,40,2647.2,2775.6,2319.8,0,0,738728.651579876,0,0,0
27408.9412603795,40,2563.4,2832.6,2387.2,0,0,738728.651580339,0,0,0
27408.9812594459,40,2447.4,2854.8,2497,0,0,738728.651580802,0,0,0
27409.0212585123,40,2340.4,2814.4,2623,0,0,738728.651581265,0,0,0
27409.0612575787,40,2286.4,2774.4,2685.8,0,0,738728.651581728,0,0,0
27409.1012566451,40,2344,2821.2,2617,0,0,738728.651582191,0,0,0
27409.1412557115,40,2457.6,2857.6,2477.8,0,0,738728.651582653,0,0,0
27409.1812547779,40,2585.2,2826,2366.2,0,0,738728.651583116,0,0,0
27409.2212538443,40,2682,2750,2285,0,0,738728.651583579,0,0,0
27409.2612529107,40,2728,2695,2253.4,0,0,738728.651584042,0,0,0
27409.3012519771,40,2724.6,2695.8,2254.8,0,0,738728.651584505,0,0,0
27409.3412510435,40,2714.2,2716.6,2261.8,0,0,738728.651584968,0,0,0
27409.3812501099,40,2698.2,2732,2278.2,0,0,738728.651585431,0,0,0
27409.4212491763,40,2666.2,2759.2,2303.2,0,0,738728.651585894,0,0,0
27409.4612482427,40,2624.8,2799.6,2339.4,0,0,738728.651586357,0,0,0
27409.5012473091,40,2543,2840.2,2400.4,0,0,738728.65158682,0,0,0
27409.5412463755,40,2447.4,2858.6,2496.8,0,0,738728.651587283,0,0,0
27409.5812454419,40,2338.6,2821,2619.6,0,0,738728.651587746,0,0,0
27409.6212445083,40,2270.2,2743.6,2711.4,0,0,738728.651588209,0,0,0
27409.6612435747,40,2276.6,2749.8,2700,0,0,738728.651588672,0,0,0
27409.7012426411,40,2341.6,2815,2620.4,0,0,738728.651589135,0,0,0
27409.7412417075,40,2429.4,2848.6,2519,0,0,738728.651589598,0,0,0
27409.7812407739,40,2520.2,2845.8,2423.8,0,0,738728.651590061,0,0,0
27409.8212398403,40,2599.8,2809.4,2352,0,0,738728.651590524,0,0,0
27409.8612389067,40,2660,2777.2,2310.2,0,0,738728.651590987,0,0,0
27409.9012379731,40,2662.4,2769,2303.2,0,0,738728.65159145,0,0,0
27409.9412370395,40,2636.6,2787.4,2325.8,0,0,738728.651591912,0,0,0
27409.9812361059,40,2591,2815.2,2363.6,0,0,738728.651592375,0,0,0
27410.0212351723,40,2541.4,2836.4,2403.4,0,0,738728.651592838,0,0,0
27410.0612342387,40,2464.4,2857.2,2476.4,0,0,738728.651593301,0,0,0
27410.1012333051,40,2367.6,2832.6,2584.8,0,0,738728.651593764,0,0,0
27410.1412323715,40,2275.6,2752.2,2698,0,0,738728.651594227,0,0,0
27410.1812314379,40,2207.2,2651.6,2782,0,0,738728.65159469,0,0,0
27410.2212305043,40,2179,2598.8,2808.8,0,0,738728.651595153,0,0,0
27410.2612295707,40,2202.6,2633.4,2793.4,0,0,738728.651595616,0,0,0
27410.3012286371,40,2243.6,2707.4,2746.6,0,0,738728.651596079,0,0,0
27410.3412277035,40,2300.6,2779.2,2671.8,0,0,738728.651596542,0,0,0
27410.3812267699,40,2372.4,2834.4,2584.2,0,0,738728.651597005,0,0,0
27410.4212258363,40,2435.6,2855.4,2503.4,0,0,738728.651597468,0,0,0
27410.4612249027,40,2489.6,2858.6,2449.4,0,0,738728.651597931,0,0,0
27410.5012239691,40,2521,2850.6,2421.4,0,0,738728.651598394,0,0,0
27410.5412230355,40,2509.4,2854.8,2425.8,0,0,738728.651598857,0,0,0
27410.5812221019,40,2486.6,2855.6,2463.2,0,0,738728.65159932,0,0,0
27410.6212211683,40,2433.6,2855.8,2508.4,0,0,738728.651599783,0,0,0
27410.6612202347,40,2369.8,2833.6,2579.2,0,0,738728.651600246,0,0,0
27410.7012193011,40,2302,2778,2670.8,0,0,738728.651600709,0,0,0
27410.7412183675,40,2234.6,2696,2755.2,0,0,738728.651601171,0,0,0
27410.7812174339,40,2192.4,2606.2,2803,0,0,738728.651601634,0,0,0
27410.8212165003,40,2172.8,2572.6,2815.4,0,0,738728.651602097,0,0,0
27410.8612155667,40,2198,2632.8,2800,0,0,738728.65160256,0,0,0
27410.9012146331,40,2259.2,2730.4,2731.2,0,0,738728.651603023,0,0,0
27410.9412136995,40,2357.2,2829.2,2598.6,0,0,738728.651603486,0,0,0
27410.9812127659,40,2489.2,2852.6,2448.8,0,0,738728.651603949,0,0,0
27411.0212118323,40,2642,2787.4,2323,0,0,738728.651604412,0,0,0
27411.0612108987,40,2757.2,2647.8,2229.6,0,0,738728.651604875,0,0,0
27411.1012099651,40,2809.6,2506.4,2158.2,0,0,738728.651605338,0,0,0
27411.1412090315,40,2782.6,2386.4,2121.2,0,0,738728.651605801,0,0,0
27411.1812080979,40,2703.4,2302.4,2098,0,0,738728.651606264,0,0,0
27411.2212071643,40,2624.6,2248.4,2079.8,0,0,738728.651606727,0,0,0
27411.2612062307,40,2587,2226.6,2076.4,0,0,738728.65160719,0,0,0
27411.3012052971,40,2619.6,2240.4,2076.2,0,0,738728.651607653,0,0,0
27411.3412043635,40,2673,2283,2085.4,0,0,738728.651608116,0,0,0
27411.3812034299,40,2756,2356.6,2113.2,0,0,738728.651608579,0,0,0
27411.4212024963,40,2810.6,2478.8,2153.4,0,0,738728.651609042,0,0,0
27411.4612015627,40,2760.8,2643,2226,0,0,738728.651609505,0,0,0
27411.5012006291,40,2611.2,2801.4,2343,0,0,738728.651609968,0,0,0
27411.5411996955,40,2422.8,2853.2,2519,0,0,738728.651610431,0,0,0
27411.5811987619,40,2275.2,2751.8,2710.4,0,0,738728.651610894,0,0,0
27411.6211978283,40,2175.6,2572.8,2814.4,0,0,738728.651611356,0,0,0
27411.6611968947,40,2120,2430,2813.2,0,0,738728.651611819,0,0,0
27411.7011959611,40,2107.6,2396.6,2794.2,0,0,738728.651612282,0,0,0
27411.7411950275,40,2126.4,2461.4,2823.8,0,0,738728.651612745,0,0,0
27411.7811940939,40,2175.4,2575.2,2816.8,0,0,738728.651613208,0,0,0
27411.8211931603,40,2241.4,2704.8,2746.4,0,0,738728.651613671,0,0,0
27411.8611922267,40,2337,2808.2,2620.8,0,0,738728.651614134,0,0,0
27411.9011912931,40,2463.8,2854.4,2483.8,0,0,738728.651614597,0,0,0
27411.9411903595,40,2588.6,2817.6,2358.4,0,0,738728.65161506,0,0,0
27411.9811894259,40,2703,2726.8,2271.8,0,0,738728.651615523,0,0,0
27412.0211884923,40,2774.8,2627.6,2218.8,0,0,738728.651615986,0,0,0
27412.0611875587,40,2803.8,2549,2181.8,0,0,738728.651616449,0,0,0
27412.1011866251,40,2806,2513.4,2166.2,0,0,738728.651616912,0,0,0
27412.1411856915,40,2803.4,2541,2175.8,0,0,738728.651617375,0,0,0
27412.1811847579,40,2779.6,2607.6,2206.6,0,0,738728.651617838,0,0,0
27412.2221838009,41,2716.2,2710.8,2264.2,0,0,738728.651618312,0,0,0
27412.2621828673,40,2594.8,2812.2,2356.6,0,0,738728.651618775,0,0,0
27412.3021819337,40,2447.6,2857.4,2496.4,0,0,738728.651619238,0,0,0
27412.3421810001,40,2309.2,2782.8,2660.6,0,0,738728.651619701,0,0,0
27412.3821800665,40,2202.4,2632.6,2795,0,0,738728.651620164,0,0,0
27412.4221791329,40,2142.8,2487.8,2829.6,0,0,738728.651620627,0,0,0
27412.4621781993,40,2115,2413.8,2799.2,0,0,738728.65162109,0,0,0
27412.5021772657,40,2130.6,2446.8,2819.4,0,0,738728.651621553,0,0,0
27412.5421763321,40,2161.6,2534,2821.2,0,0,738728.651622016,0,0,0
27412.5821753985,40,2205.8,2641.2,2793.4,0,0,738728.651622479,0,0,0
27412.6221744649,40,2277.4,2758,2701.4,0,0,738728.651622942,0,0,0
27412.6621735313,40,2375.2,2835.2,2575.2,0,0,738728.651623405,0,0,0
27412.7021725977,40,2488.4,2855,2451,0,0,738728.651623868,0,0,0
27412.7421716641,40,2605.8,2812,2354.4,0,0,738728.651624331,0,0,0
27412.7821707305,40,2695,2731.6,2275.8,0,0,738728.651624794,0,0,0
27412.8221697969,40,2755.4,2652.4,2228,0,0,738728.651625257,0,0,0
27412.8621688633,40,2780.6,2612.2,2205.2,0,0,738728.65162572,0,0,0
27412.9021679297,40,2777.4,2620.4,2215.4,0,0,738728.651626182,0,0,0
27412.9421669961,40,2744.8,2667.6,2236.2,0,0,738728.651626645,0,0,0
27412.9821660625,40,2695,2733.4,2280.2,0,0,738728.651627108,0,0,0
27413.0221651289,40,2599.6,2812,2359.4,0,0,738728.651627571,0,0,0
27413.0621641953,40,2470.6,2859.8,2464.4,0,0,738728.651628034,0,0,0
27413.1021632617,40,2341.6,2822.4,2607.8,0,0,738728.651628497,0,0,0
27413.1421623281,40,2238.4,2702.2,2752,0,0,738728.65162896,0,0,0
27413.1821613945,40,2163.2,2551.6,2822.6,0,0,738728.651629423,0,0,0
27413.2221604609,40,2121,2430.8,2809.8,0,0,738728.651629886,0,0,0
27413.2621595273,40,2105.8,2398.6,2794,0,0,738728.651630349,0,0,0
27413.3021585937,40,2123,2446.2,2814.8,0,0,738728.651630812,0,0,0
27413.3421576601,40,2152.8,2525.8,2828.2,0,0,738728.651631275,0,0,0
27413.3821567265,40,2201,2638,2795.6,0,0,738728.651631738,0,0,0
27413.4221557929,40,2282,2751.4,2702.2,0,0,738728.651632201,0,0,0
27413.4621548593,40,2373.4,2832.6,2581.4,0,0,738728.651632664,0,0,0
27413.5021539257,40,2486.8,2855.4,2452.6,0,0,738728.651633127,0,0,0
27413.5421529921,40,2604.8,2809.6,2350.2,0,0,738728.65163359,0,0,0
27413.5821520585,40,2695.8,2741.4,2286,0,0,738728.651634053,0,0,0
27413.6221511249,40,2749.2,2670.2,2239.6,0,0,738728.651634516,0,0,0
27413.6621501913,40,2765.4,2640.2,2224.2,0,0,738728.651634979,0,0,0
27413.7021492577,40,2752.4,2663,2236.4,0,0,738728.651635442,0,0,0
27413.7421483241,40,2720.2,2707.2,2260.2,0,0,738728.651635905,0,0,0
27413.7821473905,40,2652.2,2771.6,2309.6,0,0,738728.651636367,0,0,0
27413.8221464569,40,2554.6,2831,2392,0,0,738728.65163683,0,0,0
27413.8621455233,40,2442.8,2855.4,2500.4,0,0,738728.651637293,0,0,0
27413.9021445897,40,2334,2813,2628.8,0,0,738728.651637756,0,0,0
27413.9421436561,40,2241.2,2701.8,2747,0,0,738728.651638219,0,0,0
27413.9821427225,40,2176,2582.4,2818,0,0,738728.651638682,0,0,0
27414.0221417889,40,2143.6,2478.8,2820.2,0,0,738728.651639145,0,0,0
27414.0621408553,40,2123.8,2435.8,2809.6,0,0,738728.651639608,0,0,0
27414.1021399217,40,2126.4,2461,2820.8,0,0,738728.651640071,0,0,0
27414.1421389881,40,2147.8,2510.2,2827.2,0,0,738728.651640534,0,0,0
27414.1821380545,40,2173.2,2576.8,2818.6,0,0,738728.651640997,0,0,0
27414.2221371209,40,2203,2632.6,2796.4,0,0,738728.65164146,0,0,0
27414.2621361873,40,2232.4,2688.4,2765.8,0,0,738728.651641923,0,0,0
27414.3021352537,40,2259.8,2723,2731.6,0,0,738728.651642386,0,0,0
27414.3421343201,40,2277.8,2757.8,2701.8,0,0,738728.651642849,0,0,0
27414.3821333865,40,2293.4,2771.6,2680.4,0,0,738728.651643312,0,0,0
27414.4221324529,40,2303.4,2782.6,2670.4,0,0,738728.651643775,0,0,0
27414.4621315193,40,2308,2787.2,2664.4,0,0,738728.651644238,0,0,0
27414.5021305857,40,2307.8,2783,2665.2,0,0,738728.651644701,0,0,0
27414.5421296521,40,2297.6,2779,2675,0,0,738728.651645164,0,0,0
27414.5821287185,40,2297.2,2776.6,2678.8,0,0,738728.651645627,0,0,0
27414.6221277849,40,2316.6,2794.2,2652.4,0,0,738728.65164609,0,0,0
27414.6621268513,40,2349.8,2826,2608,0,0,738728.651646552,0,0,0
27414.7021259177,40,2413.4,2850,2531.6,0,0,738728.651647015,0,0,0
27414.7421249841,40,2486.2,2859.4,2448.4,0,0,738728.651647478,0,0,0
27414.7821240505,40,2567,2833.6,2382.6,0,0,738728.651647941,0,0,0
27414.8221231169,40,2636,2791.6,2328.2,0,0,738728.651648404,0,0,0
27414.8621221833,40,2682.8,2747.8,2285.6,0,0,738728.651648867,0,0,0
27414.9021212497,40,2705,2726.4,2274.8,0,0,738728.65164933,0,0,0
27414.9421203161,40,2698.6,2737.2,2277.4,0,0,738728.651649793,0,0,0
27414.9821193825,40,2665.8,2764.2,2302.4,0,0,738728.651650256,0,0,0
27415.0221184489,40,2613.4,2802,2344.8,0,0,738728.651650719,0,0,0
27415.0621175153,40,2544.4,2840.4,2400.2,0,0,738728.651651182,0,0,0
27415.1021165817,40,2459.2,2856.6,2480.6,0,0,738728.651651645,0,0,0
27415.1421156481,40,2371.8,2837.8,2579.4,0,0,738728.651652108,0,0,0
27415.1821147145,40,2287.6,2772.4,2686.2,0,0,738728.651652571,0,0,0
27415.2221137809,40,2228.2,2682,2763,0,0,738728.651653034,0,0,0
27415.2621128473,40,2178.2,2580.8,2814.2,0,0,738728.651653497,0,0,0
27415.3021119137,40,2146.8,2507,2827.6,0,0,738728.65165396,0,0,0
27415.3421109801,40,2139.8,2486.2,2822,0,0,738728.651654423,0,0,0
27415.3821100465,40,2155.2,2533.8,2825.8,0,0,738728.651654885,0,0,0
27415.4221091129,40,2196.2,2625.4,2797.8,0,0,738728.651655348,0,0,0
27415.4621081793,40,2257.6,2726.4,2730.2,0,0,738728.651655811,0,0,0
27415.5021072457,40,2335.2,2808.6,2627.8,0,0,738728.651656274,0,0,0
27415.5421063121,40,2427.6,2855.2,2507.2,0,0,738728.651656737,0,0,0
27415.5821053785,40,2530,2848.4,2413.8,0,0,738728.6516572,0,0,0
27415.6221044449,40,2616,2803.2,2341.6,0,0,738728.651657663,0,0,0
27415.6621035113,40,2674.6,2764.4,2300,0,0,738728.651658126,0,0,0
27415.7021025777,40,2683.2,2751.2,2288.4,0,0,738728.651658589,0,0,0
27415.7421016441,40,2664.4,2768.4,2300.8,0,0,738728.651659052,0,0,0
27415.7821007105,40,2621,2799,2339,0,0,738728.651659515,0,0,0
27415.8220997769,40,2556.8,2839,2391.2,0,0,738728.651659978,0,0,0
27415.8620988433,40,2471.2,2855,2466.2,0,0,738728.651660441,0,0,0
27415.9020979097,40,2389.2,2844.2,2560,0,0,738728.651660904,0,0,0
27415.9420969761,40,2310,2789,2660,0,0,738728.651661367,0,0,0
27415.9820960425,40,2244.2,2715.8,2741.8,0,0,738728.65166183,0,0,0
27416.0220951089,40,2204.6,2631.6,2789.6,0,0,738728.651662293,0,0,0
27416.0620941753,40,2175.8,2580.2,2813.8,0,0,738728.651662756,0,0,0
27416.1020932417,40,2173.2,2573.6,2815.8,0,0,738728.651663219,0,0,0
27416.1420923081,40,2186.2,2596.8,2815.4,0,0,738728.651663682,0,0,0
27416.1820913745,40,2196,2626,2800.2,0,0,738728.651664145,0,0,0
27416.2220904409,40,2210,2648,2786,0,0,738728.651664608,0,0,0
27416.2620895073,40,2223.4,2675.6,2770.8,0,0,738728.65166507,0,0,0
27416.3020885737,40,2246.4,2705.4,2745,0,0,738728.651665533,0,0,0
27416.3420876401,40,2273,2752,2706.6,0,0,738728.651665996,0,0,0
27416.3820867065,40,2310,2790.2,2658.8,0,0,738728.651666459,0,0,0
27416.4220857729,40,2349.6,2824.6,2608,0,0,738728.651666922,0,0,0
27416.4620848393,40,2392.4,2842.4,2548.4,0,0,738728.651667385,0,0,0
27416.5020839057,40,2444.4,2860.4,2498.8,0,0,738728.651667848,0,0,0
27416.5420829721,40,2489,2860,2457.4,0,0,738728.651668311,0,0,0
27416.5820820385,40,2518,2851.2,2422.8,0,0,738728.651668774,0,0,0
27416.6220811049,40,2537.6,2842.6,2407.2,0,0,738728.651669237,0,0,0
27416.6620801713,40,2538.8,2841,2402,0,0,738728.6516697,0,0,0
27416.7020792377,40,2528.6,2849.4,2415.6,0,0,738728.651670163,0,0,0
27416.7420783041,40,2510.6,2854.6,2431,0,0,738728.651670626,0,0,0
27416.7820773705,40,2509.4,2853.2,2436.8,0,0,738728.651671089,0,0,0
27416.8220764369,40,2502.4,2851.8,2443.2,0,0,738728.651671552,0,0,0
27416.8620755033,40,2494,2852.6,2449.2,0,0,738728.651672015,0,0,0
27416.9020745697,40,2492.4,2852.8,2448.8,0,0,738728.651672478,0,0,0
27416.9420736361,40,2534.6,2850.6,2411.8,0,0,738728.651672941,0,0,0
27416.9820727025,40,2600.6,2811.2,2355.2,0,0,738728.651673404,0,0,0
27417.0220717689,40,2674.8,2758.8,2297.6,0,0,738728.651673867,0,0,0
27417.0620708353,40,2737,2693.6,2248.2,0,0,738728.65167433,0,0,0
27417.1020699017,40,2770.2,2632.6,2218.8,0,0,738728.651674793,0,0,0
27417.1420689681,40,2782,2609.8,2207.2,0,0,738728.651675255,0,0,0
27417.1820680345,40,2772.6,2617.8,2212.2,0,0,738728.651675718,0,0,0
27417.2220671009,40,2761.8,2650.8,2226,0,0,738728.651676181,0,0,0
27417.2620661673,40,2733.8,2695.6,2247.4,0,0,738728.651676644,0,0,0
27417.3020652337,40,2679.6,2751.4,2292.8,0,0,738728.651677107,0,0,0
27417.3420643001,40,2600.6,2808.4,2353.2,0,0,738728.65167757,0,0,0
27417.3820633665,40,2489.6,2856.6,2452.8,0,0,738728.651678033,0,0,0
27417.4220624329,40,2384.4,2842.8,2563.4,0,0,738728.651678496,0,0,0
27417.4620614993,40,2311,2795.4,2651.4,0,0,738728.651678959,0,0,0
27417.5020605657,40,2323,2803.2,2643.6,0,0,738728.651679422,0,0,0
27417.5420596321,40,2402.8,2850.2,2544.2,0,0,738728.651679885,0,0,0
27417.5820586985,40,2503.4,2851.4,2435,0,0,738728.651680348,0,0,0
27417.6220577649,40,2613.8,2810.6,2349.2,0,0,738728.651680811,0,0,0
27417.6620568313,40,2686,2748.2,2287.6,0,0,738728.651681274,0,0,0
27417.7020558977,40,2719.8,2703,2256.6,0,0,738728.651681737,0,0,0
27417.7420549641,40,2726,2702.2,2256.4,0,0,738728.6516822,0,0,0
27417.7820540305,40,2690.2,2739.8,2282.4,0,0,738728.651682663,0,0,0
27417.8220530969,40,2656.8,2776.6,2310,0,0,738728.651683126,0,0,0
27417.8620521633,40,2596.4,2813.6,2359.2,0,0,738728.651683589,0,0,0
27417.9020512297,40,2515.4,2847.8,2428.8,0,0,738728.651684051,0,0,0
27417.9420502961,40,2415.6,2853.4,2521.2,0,0,738728.651684514,0,0,0
27417.9820493625,40,2334.4,2813.8,2623.8,0,0,738728.651684977,0,0,0
27418.0220484289,40,2293.8,2773.8,2680,0,0,738728.65168544,0,0,0
27418.0620474953,40,2332.6,2807,2626.4,0,0,738728.651685903,0,0,0
27418.1020465617,40,2401.6,2844.4,2542,0,0,738728.651686366,0,0,0
27418.1420456281,40,2494,2854.2,2454,0,0,738728.651686829,0,0,0
27418.1820446945,40,2571.4,2831.4,2376.4,0,0,738728.651687292,0,0,0
27418.2220437609,40,2640.2,2784.6,2323,0,0,738728.651687755,0,0,0
27418.2620428273,40,2684.2,2740.2,2283.8,0,0,738728.651688218,0,0,0
27418.3020418937,40,2715.4,2710,2263.8,0,0,738728.651688681,0,0,0
27418.3420409601,40,2728.4,2693.2,2254,0,0,738728.651689144,0,0,0
27418.3820400265,40,2712,2718,2267.6,0,0,738728.651689607,0,0,0
27418.4220390929,40,2685.6,2748.6,2290.4,0,0,738728.65169007,0,0,0
27418.4620381593,40,2648.6,2778.8,2315.4,0,0,738728.651690533,0,0,0
27418.5020372257,40,2583.4,2818.8,2370.8,0,0,738728.651690996,0,0,0
27418.5420362921,40,2506.4,2852.6,2439.4,0,0,738728.651691459,0,0,0
27418.5820353585,40,2412.2,2849.4,2534.6,0,0,738728.651691922,0,0,0
27418.6220344249,40,2328.6,2806,2632.8,0,0,738728.651692385,0,0,0
27418.6620334913,40,2280.2,2761,2695,0,0,738728.651692848,0,0,0
27418.7020325577,40,2306.2,2790.2,2659.8,0,0,738728.651693311,0,0,0
27418.7420316241,40,2369.4,2837.8,2572.8,0,0,738728.651693774,0,0,0
27418.7820306905,40,2455.8,2855.4,2484.6,0,0,738728.651694236,0,0,0
27418.8220297569,40,2553.4,2833.2,2392.4,0,0,738728.651694699,0,0,0
27418.8620288233,40,2636.2,2789.6,2322.6,0,0,738728.651695162,0,0,0
27418.9020278897,40,2699.2,2731,2277.6,0,0,738728.651695625,0,0,0
27418.9420269561,40,2743,2677.4,2245,0,0,738728.651696088,0,0,0
27418.9820260225,40,2764.6,2648.2,2222,0,0,738728.651696551,0,0,0
27419.0220250889,40,2771.6,2644.4,2222.6,0,0,738728.651697014,0,0,0
27419.0620241553,40,2746.6,2670.4,2240,0,0,738728.651697477,0,0,0
27419.1020232217,40,2727.8,2697.6,2254.6,0,0,738728.65169794,0,0,0
27419.1420222881,40,2684.8,2747.8,2282.6,0,0,738728.651698403,0,0,0
27419.1820213545,40,2620.8,2801,2338.6,0,0,738728.651698866,0,0,0
27419.2220204209,40,2535,2845.6,2409.8,0,0,738728.651699329,0,0,0
27419.2620194873,40,2442,2852.4,2499.6,0,0,738728.651699792,0,0,0
27419.3020185537,40,2354.8,2830.8,2591.6,0,0,738728.651700255,0,0,0
27419.3420176201,40,2307.8,2782.8,2657.2,0,0,738728.651700718,0,0,0
27419.3820166865,40,2317,2796.6,2649,0,0,738728.651701181,0,0,0
27419.4220157529,40,2368,2835.6,2577.6,0,0,738728.651701644,0,0,0
27419.4620148193,40,2440.6,2856.4,2501.2,0,0,738728.651702107,0,0,0
27419.5020138857,40,2530.8,2844.6,2407,0,0,738728.65170257,0,0,0
27419.5420129521,40,2618.8,2793.6,2337.8,0,0,738728.651703033,0,0,0
27419.5820120185,40,2698.2,2736.4,2279.4,0,0,738728.651703496,0,0,0
27419.6220110849,40,2747.4,2673,2240,0,0,738728.651703959,0,0,0
27419.6620101513,40,2769.8,2628.4,2215.2,0,0,738728.651704421,0,0,0
27419.7020092177,40,2785,2601,2200.4,0,0,738728.651704884,0,0,0
27419.7420082841,40,2784.8,2596.8,2199.2,0,0,738728.651705347,0,0,0
27419.7820073505,40,2778.4,2615.4,2211.6,0,0,738728.65170581,0,0,0
27419.8220064169,40,2771.4,2628,2218,0,0,738728.651706273,0,0,0
27419.8620054833,40,2767.6,2639.6,2223.4,0,0,738728.651706736,0,0,0
27419.9020045497,40,2763,2643.6,2223.8,0,0,738728.651707199,0,0,0
27419.9420036161,40,2761.2,2645.4,2232.8,0,0,738728.651707662,0,0,0
27419.9820026825,40,2755,2657.4,2231,0,0,738728.651708125,0,0,0
27420.0220017489,40,2751,2667.4,2233,0,0,738728.651708588,0,0,0
27420.0620008153,40,2742.8,2677,2243.2,0,0,738728.651709051,0,0,0
27420.1019998817,40,2731.4,2687.8,2248.4,0,0,738728.651709514,0,0,0
27420.1419989481,40,2720.2,2700.8,2258.8,0,0,738728.651709977,0,0,0
27420.1819980145,40,2705,2722.2,2274.8,0,0,738728.65171044,0,0,0
27420.2219970809,40,2674,2754.8,2298.4,0,0,738728.651710903,0,0,0
27420.2619961473,40,2634.2,2790,2330.8,0,0,738728.651711366,0,0,0
27420.3019952137,40,2575.2,2822.8,2374,0,0,738728.651711829,0,0,0
27420.3419942801,40,2506,2851.2,2434.6,0,0,738728.651712292,0,0,0
27420.3819933465,40,2433.8,2857.2,2516.2,0,0,738728.651712755,0,0,0
27420.4219924129,40,2360,2831.8,2596.6,0,0,738728.651713217,0,0,0
27420.4619914793,40,2318.2,2799.8,2647.4,0,0,738728.65171368,0,0,0
27420.5019905457,40,2324.6,2802.4,2638.8,0,0,738728.651714143,0,0,0
27420.5419896121,40,2388.6,2840.8,2560.6,0,0,738728.651714606,0,0,0
27420.5819886785,40,2484.6,2857.8,2458.6,0,0,738728.651715069,0,0,0
27420.6219877449,40,2610.6,2809.4,2347.2,0,0,738728.651715532,0,0,0
27420.6619868113,40,2724,2700.4,2260,0,0,738728.651715995,0,0,0
27420.7019858777,40,2800.2,2572.8,2185.6,0,0,738728.651716458,0,0,0
27420.7419849441,40,2801.8,2451.6,2142.4,0,0,738728.651716921,0,0,0
27420.7819840105,40,2759.4,2354.6,2113.6,0,0,738728.651717384,0,0,0
27420.8219830769,40,2686.8,2283.4,2091.2,0,0,738728.651717847,0,0,0
27420.8619821433,40,2610.6,2237.2,2077.4,0,0,738728.65171831,0,0,0
27420.9019812097,40,2569.6,2218.8,2077.4,0,0,738728.651718773,0,0,0
27420.9419802761,40,2600.4,2231,2075.2,0,0,738728.651719236,0,0,0
27420.9819793425,40,2642.2,2256.2,2081.2,0,0,738728.651719699,0,0,0
27421.0219784089,40,2710,2303.6,2096.8,0,0,738728.651720162,0,0,0
27421.0619774753,40,2774.6,2379.4,2121.8,0,0,738728.651720625,0,0,0
27421.1019765417,40,2806.2,2497,2162.6,0,0,738728.651721088,0,0,0
27421.1419756081,40,2768.4,2639.8,2225,0,0,738728.651721551,0,0,0
27421.1819746745,40,2655.8,2768.4,2316,0,0,738728.651722014,0,0,0
27421.2219737409,40,2524.2,2849.2,2418.4,0,0,738728.651722477,0,0,0
27421.2619728073,40,2430.2,2851.6,2514,0,0,738728.65172294,0,0,0
27421.3019718737,40,2401.6,2846.2,2543.8,0,0,738728.651723402,0,0,0
27421.3419709401,40,2455,2855,2486.4,0,0,738728.651723865,0,0,0
27421.3819700065,40,2540.4,2841.8,2407.4,0,0,738728.651724328,0,0,0
27421.4219690729,40,2643.6,2783.6,2323.4,0,0,738728.651724791,0,0,0
27421.4619681393,40,2736.6,2685.4,2245,0,0,738728.651725254,0,0,0
27421.5019672057,40,2798.4,2566.4,2192,0,0,738728.651725717,0,0,0
27421.5419662721,40,2807.6,2458.2,2148.8,0,0,738728.65172618,0,0,0
27421.5819653385,40,2774,2375.6,2117.4,0,0,738728.651726643,0,0,0
27421.6219644049,40,2721,2312.2,2099.8,0,0,738728.651727106,0,0,0
27421.6619634713,40,2672.6,2276.8,2087.6,0,0,738728.651727569,0,0,0
27421.7019625377,40,2640.6,2260.8,2083.6,0,0,738728.651728032,0,0,0
27421.7419616041,40,2659.2,2268.6,2090.8,0,0,738728.651728495,0,0,0
27421.7819606705,40,2691,2290.6,2092.8,0,0,738728.651728958,0,0,0
27421.8219597369,40,2733,2329.8,2101.2,0,0,738728.651729421,0,0,0
27421.8619588033,40,2780.8,2387.4,2121,0,0,738728.651729884,0,0,0
27421.9019578697,40,2806.4,2467,2154.4,0,0,738728.651730347,0,0,0
27421.9419569361,40,2797.6,2584.2,2199.8,0,0,738728.65173081,0,0,0
27421.9819560025,40,2727.8,2694.2,2257.6,0,0,738728.651731273,0,0,0
27422.0219550689,40,2637.2,2787.2,2333,0,0,738728.651731736,0,0,0
27422.0619541353,40,2545.2,2839.8,2399.2,0,0,738728.651732199,0,0,0
27422.1019532017,40,2483.8,2856.2,2465.6,0,0,738728.651732662,0,0,0
27422.1419522681,40,2447.8,2855.2,2497,0,0,738728.651733125,0,0,0
27422.1819513345,40,2448.8,2855.8,2493.8,0,0,738728.651733587,0,0,0
27422.2219504009,40,2455.8,2853.6,2487,0,0,738728.65173405,0,0,0
27422.2619494673,40,2453.6,2857.2,2491,0,0,738728.651734513,0,0,0
27422.3019485337,40,2443.2,2856.4,2495.2,0,0,738728.651734976,0,0,0
27422.3419476001,40,2435.4,2856.6,2501.4,0,0,738728.651735439,0,0,0
27422.3819466665,40,2433.6,2857.6,2507.4,0,0,738728.651735902,0,0,0
27422.4219457329,40,2434.2,2853,2510.8,0,0,738728.651736365,0,0,0
27422.4619447993,40,2449.6,2856.8,2490.4,0,0,738728.651736828,0,0,0
27422.5019438657,40,2484,2854.6,2455,0,0,738728.651737291,0,0,0
27422.5419429321,40,2527.4,2848.2,2415.8,0,0,738728.651737754,0,0,0
27422.5819419985,40,2585.6,2818.8,2372.6,0,0,738728.651738217,0,0,0
27422.6219410649,40,2630.8,2791,2328.8,0,0,738728.65173868,0,0,0
27422.6619401313,40,2667.2,2760.8,2300.2,0,0,738728.651739143,0,0,0
27422.7019391977,40,2686.2,2744.4,2285.2,0,0,738728.651739606,0,0,0
27422.7419382641,40,2683.6,2747.6,2283.6,0,0,738728.651740069,0,0,0
27422.7819373305,40,2673,2763.8,2300,0,0,738728.651740532,0,0,0
27422.8219363969,40,2655.2,2773,2310.4,0,0,738728.651740995,0,0,0
27422.8619354633,40,2635.4,2785.2,2323.8,0,0,738728.651741458,0,0,0
27422.9019345297,40,2615.4,2802.4,2340.4,0,0,738728.651741921,0,0,0
27422.9419335961,40,2585.8,2821.4,2365.6,0,0,738728.651742383,0,0,0
27422.9819326625,40,2540.6,2839.4,2412.2,0,0,738728.651742846,0,0,0
27423.0219317289,40,2477.6,2855.2,2468.4,0,0,738728.651743309,0,0,0
27423.0619307953,40,2399.6,2848.2,2551.8,0,0,738728.651743772,0,0,0
27423.1019298617,40,2315.8,2796.8,2643.4,0,0,738728.651744235,0,0,0
27423.1419289281,40,2250.4,2720.6,2732.6,0,0,738728.651744698,0,0,0
27423.1819279945,40,2232.2,2688.8,2762.8,0,0,738728.651745161,0,0,0
27423.2219270609,40,2264,2737.4,2718.8,0,0,738728.651745624,0,0,0
27423.2619261273,40,2328,2805.6,2643.8,0,0,738728.651746087,0,0,0
27423.3019251937,40,2403.8,2848.8,2541.2,0,0,738728.65174655,0,0,0
27423.3419242601,40,2493.8,2856,2443.4,0,0,738728.651747013,0,0,0
27423.3819233265,40,2572.8,2826,2377.8,0,0,738728.651747476,0,0,0
27423.4219223929,40,2640,2787.6,2321.4,0,0,738728.651747939,0,0,0
27423.4619214593,40,2671.8,2762,2296,0,0,738728.651748402,0,0,0
27423.5019205257,40,2678,2751.6,2297.2,0,0,738728.651748865,0,0,0
27423.5419195921,40,2655,2778.6,2314.4,0,0,738728.651749328,0,0,0
27423.5819186585,40,2624.2,2798.8,2337.4,0,0,738728.651749791,0,0,0
27423.6219177249,40,2576.8,2830.2,2374.8,0,0,738728.651750254,0,0,0
27423.6619167913,40,2503.2,2849,2437.6,0,0,738728.651750717,0,0,0
27423.7019158577,40,2416.6,2848,2527.6,0,0,738728.65175118,0,0,0
27423.7419149241,40,2324.2,2803.4,2640.2,0,0,738728.651751643,0,0,0
27423.7819139905,40,2249.2,2722.8,2736.4,0,0,738728.651752105,0,0,0
27423.8219130569,40,2224.8,2679.6,2772.6,0,0,738728.651752568,0,0,0
27423.8619121233,40,2254.2,2729.2,2727.8,0,0,738728.651753031,0,0,0
27423.9019111897,40,2313.6,2795,2649.2,0,0,738728.651753494,0,0,0
27423.9419102561,40,2388.4,2847.2,2563.2,0,0,738728.651753957,0,0,0
27423.9819093225,40,2465.8,2856,2478.4,0,0,738728.65175442,0,0,0
27424.0219083889,40,2536,2842.8,2409.4,0,0,738728.651754883,0,0,0
27424.0619074553,40,2593.6,2818.6,2360.2,0,0,738728.651755346,0,0,0
27424.1019065217,40,2632,2795,2330.6,0,0,738728.651755809,0,0,0
27424.1419055881,40,2649.8,2778.6,2315.4,0,0,738728.651756272,0,0,0
27424.1819046545,40,2650.4,2787,2320.4,0,0,738728.651756735,0,0,0
27424.2219037209,40,2620.8,2807.2,2341.6,0,0,738728.651757198,0,0,0
27424.2619027873,40,2594.8,2815.6,2357.8,0,0,738728.651757661,0,0,0
27424.3019018537,40,2550.4,2833.2,2394.4,0,0,738728.651758124,0,0,0
27424.3419009201,40,2498,2849.8,2442.2,0,0,738728.651758587,0,0,0
27424.3818999865,40,2428.4,2856,2517.2,0,0,738728.65175905,0,0,0
27424.4218990529,40,2346.8,2820.2,2612.2,0,0,738728.651759513,0,0,0
27424.4618981193,40,2280.2,2756.2,2699,0,0,738728.651759976,0,0,0
27424.5018971857,40,2234,2688.6,2758,0,0,738728.651760439,0,0,0
27424.5418962521,40,2244.2,2705,2749.2,0,0,738728.651760902,0,0,0
27424.5818953185,40,2284,2761.4,2695.4,0,0,738728.651761365,0,0,0
27424.6218943849,40,2351.6,2824.4,2604.8,0,0,738728.651761828,0,0,0
27424.6618934513,40,2433.8,2853,2507.8,0,0,738728.65176229,0,0,0
27424.7018925177,40,2518.6,2845.8,2421.2,0,0,738728.651762753,0,0,0
27424.7418915841,40,2595.2,2819.4,2355.8,0,0,738728.651763216,0,0,0
27424.7818906505,40,2649.6,2783.4,2311.4,0,0,738728.651763679,0,0,0
27424.8218897169,40,2676.6,2753.4,2292.4,0,0,738728.651764142,0,0,0
27424.8618887833,40,2688.8,2742.8,2285,0,0,738728.651764605,0,0,0
27424.9018878497,40,2675.6,2756,2295.4,0,0,738728.651765068,0,0,0
27424.9418869161,40,2641.6,2785.6,2323.6,0,0,738728.651765531,0,0,0
27424.9818859825,40,2613.4,2807.2,2346.4,0,0,738728.651765994,0,0,0
27425.0218850489,40,2559.8,2831.4,2389.2,0,0,738728.651766457,0,0,0
27425.0618841153,40,2490.8,2856.2,2447.2,0,0,738728.65176692,0,0,0
27425.1018831817,40,2406.2,2847,2541.2,0,0,738728.651767383,0,0,0
27425.1418822481,40,2323.2,2805.2,2644.8,0,0,738728.651767846,0,0,0
27425.1818813145,40,2251,2715.2,2740.6,0,0,738728.651768309,0,0,0
27425.2218803809,40,2197.6,2625.8,2797.2,0,0,738728.651768772,0,0,0
27425.2618794473,40,2199.8,2636,2796.6,0,0,738728.651769235,0,0,0
27425.3018785137,40,2244.8,2710.6,2744.6,0,0,738728.651769698,0,0,0
27425.3418775801,40,2314.4,2793.6,2650.6,0,0,738728.651770161,0,0,0
27425.3818766465,40,2410.6,2850.8,2529.4,0,0,738728.651770624,0,0,0
27425.4218757129,40,2527.6,2850.2,2423.4,0,0,738728.651771087,0,0,0
27425.4618747793,40,2629.6,2799.4,2337,0,0,738728.651771549,0,0,0
27425.5018738457,40,2699.2,2734.4,2274.6,0,0,738728.651772012,0,0,0
27425.5418729121,40,2745.2,2675,2240,0,0,738728.651772475,0,0,0
27425.5818719785,40,2770.2,2639.4,2221.4,0,0,738728.651772938,0,0,0
27425.6218710449,40,2767.4,2641,2219.6,0,0,738728.651773401,0,0,0
27425.6618701113,40,2743,2676,2243,0,0,738728.651773864,0,0,0
27425.7018691777,40,2713.4,2712.8,2265.6,0,0,738728.651774327,0,0,0
27425.7418682441,40,2665.4,2768,2303.6,0,0,738728.65177479,0,0,0
27425.7818673105,40,2567.6,2826.8,2378,0,0,738728.651775253,0,0,0
27425.8218663769,40,2454,2857.8,2485,0,0,738728.651775716,0,0,0
27425.8618654433,40,2327.2,2808.8,2632.6,0,0,738728.651776179,0,0,0
27425.9018645097,40,2223.2,2668,2771.8,0,0,738728.651776642,0,0,0
27425.9418635761,40,2150.2,2522.2,2828.2,0,0,738728.651777105,0,0,0
27425.9818626425,40,2157.6,2533.2,2827.8,0,0,738728.651777568,0,0,0
27426.0218617089,40,2196.8,2630.2,2793.8,0,0,738728.651778031,0,0,0
27426.0618607753,40,2273.6,2751.6,2704.8,0,0,738728.651778494,0,0,0
27426.1018598417,40,2378.6,2838,2579.8,0,0,738728.651778957,0,0,0
27426.1418589081,40,2484.6,2854.4,2456.6,0,0,738728.65177942,0,0,0
27426.1818579745,40,2590.8,2824.2,2362.2,0,0,738728.651779883,0,0,0
27426.2218570409,40,2668.2,2762,2304.8,0,0,738728.651780346,0,0,0
27426.2618561073,40,2702,2723,2271.4,0,0,738728.651780809,0,0,0
27426.3018551737,40,2710.4,2718.2,2271,0,0,738728.651781271,0,0,0
27426.3418542401,40,2679.8,2750.8,2292.2,0,0,738728.651781734,0,0,0
27426.3818533065,40,2643.8,2778.6,2315.2,0,0,738728.651782197,0,0,0
27426.4218523729,40,2602.8,2811.8,2353.6,0,0,738728.65178266,0,0,0
27426.4618514393,40,2525.6,2846.6,2416,0,0,738728.651783123,0,0,0
27426.5018505057,40,2421,2853.2,2520.8,0,0,738728.651783586,0,0,0
27426.5418495721,40,2310.2,2790,2658.6,0,0,738728.651784049,0,0,0
27426.5818486385,40,2219,2662.4,2775.6,0,0,738728.651784512,0,0,0
27426.6218477049,40,2202.4,2630.2,2795.8,0,0,738728.651784975,0,0,0
27426.6618467713,40,2263.6,2744,2713.4,0,0,738728.651785438,0,0,0
27426.7018458377,40,2374.2,2837.2,2577.8,0,0,738728.651785901,0,0,0
27426.7418449041,40,2506.6,2851.2,2433.2,0,0,738728.651786364,0,0,0
27426.7818439705,40,2650.4,2774.2,2306.2,0,0,738728.651786827,0,0,0
27426.8218430369,40,2747.4,2668.2,2238.6,0,0,738728.65178729,0,0,0
27426.8618421033,40,2785.6,2601,2206.6,0,0,738728.651787753,0,0,0
27426.9018411697,40,2798.4,2571.2,2193.6,0,0,738728.651788216,0,0,0
27426.9418402361,40,2794,2584.2,2195.4,0,0,738728.651788679,0,0,0
27426.9818393025,40,2779.6,2613,2210.8,0,0,738728.651789142,0,0,0
27427.0218383689,40,2772.2,2629,2223.4,0,0,738728.651789605,0,0,0
27427.0618374353,40,2745.4,2675.8,2242.4,0,0,738728.651790068,0,0,0
27427.1018365017,40,2698.4,2729.6,2280.2,0,0,738728.651790531,0,0,0
27427.1418355681,40,2607.2,2808,2346.2,0,0,738728.651790994,0,0,0
27427.1818346345,40,2490.4,2857.4,2450.2,0,0,738728.651791456,0,0,0
27427.2218337009,40,2375.6,2832.8,2583.6,0,0,738728.651791919,0,0,0
27427.2618327673,40,2270,2748.4,2711.8,0,0,738728.651792382,0,0,0
27427.3018318337,40,2227,2678.6,2766.6,0,0,738728.651792845,0,0,0
27427.3418309001,40,2255,2727.4,2726.6,0,0,738728.651793308,0,0,0
27427.3818299665,40,2320.8,2803.6,2643.4,0,0,738728.651793771,0,0,0
27427.4218290329,40,2403.4,2846.4,2541,0,0,738728.651794234,0,0,0
27427.4618280993,40,2495.2,2856.2,2454,0,0,738728.651794697,0,0,0
27427.5018271657,40,2569.8,2836.4,2379.2,0,0,738728.65179516,0,0,0
27427.5418262321,40,2626,2798.4,2339.2,0,0,738728.651795623,0,0,0
27427.5818252985,40,2651,2782.2,2317.8,0,0,738728.651796086,0,0,0
27427.6218243649,40,2630.2,2790.8,2328.2,0,0,738728.651796549,0,0,0
27427.6618234313,40,2605.8,2808.6,2346,0,0,738728.651797012,0,0,0
27427.7018224977,40,2567.2,2833.8,2380.6,0,0,738728.651797475,0,0,0
27427.7418215641,40,2494.4,2852.8,2443.4,0,0,738728.651797938,0,0,0
27427.7818206305,40,2413.8,2852,2536.8,0,0,738728.651798401,0,0,0
27427.8218196969,40,2329.2,2806,2626.6,0,0,738728.651798864,0,0,0
27427.8618187633,40,2276.2,2756.6,2696,0,0,738728.651799327,0,0,0
27427.9018178297,40,2285.2,2762.6,2695,0,0,738728.65179979,0,0,0
27427.9418168961,40,2324.2,2806.2,2636.4,0,0,738728.651800252,0,0,0
27427.9818159625,40,2385.4,2843.8,2566,0,0,738728.651800715,0,0,0
27428.0218150289,40,2451.2,2859.6,2487.8,0,0,738728.651801178,0,0,0
27428.0618140953,40,2510.2,2851.2,2430.4,0,0,738728.651801641,0,0,0
27428.1018131617,40,2563.2,2833.8,2384.2,0,0,738728.651802104,0,0,0
27428.1418122281,40,2593.6,2813.4,2357.2,0,0,738728.651802567,0,0,0
27428.1818112945,40,2611.4,2807.4,2342.8,0,0,738728.65180303,0,0,0
27428.2218103609,40,2598.8,2812,2352.2,0,0,738728.651803493,0,0,0
27428.2618094273,40,2579.8,2822.6,2370.4,0,0,738728.651803956,0,0,0
27428.3018084937,40,2552.8,2837,2390.2,0,0,738728.651804419,0,0,0
27428.3418075601,40,2506.2,2851.4,2434.4,0,0,738728.651804882,0,0,0
27428.3818066265,40,2448.4,2857.8,2491,0,0,738728.651805345,0,0,0
27428.4218056929,40,2376.4,2835.6,2574,0,0,738728.651805808,0,0,0
27428.4618047593,40,2300.2,2779.6,2668.4,0,0,738728.651806271,0,0,0
27428.5018038257,40,2241.8,2703,2750,0,0,738728.651806734,0,0,0
27428.5418028921,40,2231.6,2687.4,2760.4,0,0,738728.651807197,0,0,0
27428.5818019585,40,2265.2,2745,2713.6,0,0,738728.65180766,0,0,0
27428.6218010249,40,2330.2,2808,2629.4,0,0,738728.651808123,0,0,0
27428.6618000913,40,2416.8,2851.8,2525.8,0,0,738728.651808586,0,0,0
27428.7017991577,40,2499.6,2856.4,2435,0,0,738728.651809049,0,0,0
27428.7417982241,40,2581.8,2819.6,2365.2,0,0,738728.651809512,0,0,0
27428.7817972905,40,2651.2,2782,2317.2,0,0,738728.651809975,0,0,0
27428.8217963569,40,2686,2746,2283.4,0,0,738728.651810437,0,0,0
27428.8617954233,40,2707.2,2728.4,2274.2,0,0,738728.6518109,0,0,0
27428.9017944897,40,2709.4,2726.2,2272,0,0,738728.651811363,0,0,0
27428.9417935561,40,2680.6,2748,2286.8,0,0,738728.651811826,0,0,0
27428.9817926225,40,2655,2778.8,2314.8,0,0,738728.651812289,0,0,0
27429.0217916889,40,2621.4,2806.4,2341.6,0,0,738728.651812752,0,0,0
27429.0617907553,40,2556.2,2832.4,2390.4,0,0,738728.651813215,0,0,0
27429.1017898217,40,2475.8,2857.6,2462.6,0,0,738728.651813678,0,0,0
27429.1417888881,40,2375.8,2841.8,2570.6,0,0,738728.651814141,0,0,0
27429.1817879545,40,2303.2,2784,2670,0,0,738728.651814604,0,0,0
27429.2217870209,40,2251.2,2726.2,2729.4,0,0,738728.651815067,0,0,0
27429.2617860873,40,2273.8,2757.2,2700.4,0,0,738728.65181553,0,0,0
27429.3017851537,40,2331.2,2805.6,2632.4,0,0,738728.651815993,0,0,0
27429.3417842201,40,2403.2,2848,2542.6,0,0,738728.651816456,0,0,0
27429.3817832865,40,2485.8,2855.4,2445,0,0,738728.651816919,0,0,0
27429.4217823529,40,2567.8,2832.6,2385.2,0,0,738728.651817382,0,0,0
27429.4617814193,40,2627.6,2788.8,2329.6,0,0,738728.651817845,0,0,0
27429.5017804857,40,2676.4,2756,2295.4,0,0,738728.651818308,0,0,0
27429.5417795521,40,2695.8,2733.8,2276.8,0,0,738728.651818771,0,0,0
27429.5817786185,40,2704.2,2722,2271.2,0,0,738728.651819234,0,0,0
27429.6217776849,40,2689.4,2744.2,2287.6,0,0,738728.651819697,0,0,0
27429.6617767513,40,2665.2,2769.4,2304.8,0,0,738728.65182016,0,0,0
27429.7017758177,40,2629.8,2792.6,2332.4,0,0,738728.651820622,0,0,0
27429.7417748841,40,2583.2,2823.8,2372.2,0,0,738728.651821085,0,0,0
27429.7817739505,40,2509.8,2846.4,2431,0,0,738728.651821548,0,0,0
27429.8217730169,40,2422.2,2849.4,2518.6,0,0,738728.651822011,0,0,0
27429.8617720833,40,2343,2814.2,2618.6,0,0,738728.651822474,0,0,0
27429.9017711497,40,2279,2756.2,2701.8,0,0,738728.651822937,0,0,0
27429.9417702161,40,2266.8,2743.4,2721.2,0,0,738728.6518234,0,0,0
27429.9817692825,40,2305.8,2787.4,2657.4,0,0,738728.651823863,0,0,0
27430.0217683489,40,2381,2840.2,2568.2,0,0,738728.651824326,0,0,0
27430.0617674153,40,2472.8,2860.2,2469.2,0,0,738728.651824789,0,0,0
27430.1017664817,40,2559,2833.6,2390.2,0,0,738728.651825252,0,0,0
27430.1417655481,40,2634.6,2794.2,2323.8,0,0,738728.651825715,0,0,0
27430.1817646145,40,2688,2739.6,2288.6,0,0,738728.651826178,0,0,0
27430.2217636809,40,2726.6,2702.8,2259.6,0,0,738728.651826641,0,0,0
27430.2617627473,40,2736.4,2685.4,2245.8,0,0,738728.651827104,0,0,0
27430.3017618137,40,2733.4,2693.6,2254.2,0,0,738728.651827567,0,0,0
27430.3417608801,40,2707.2,2726,2271.6,0,0,738728.65182803,0,0,0
27430.3817599465,40,2668.6,2764.4,2303.2,0,0,738728.651828493,0,0,0
27430.4217590129,40,2617.2,2810.2,2347.4,0,0,738728.651828956,0,0,0
27430.4617580793,40,2531.6,2842.4,2414,0,0,738728.651829418,0,0,0
27430.5017571457,40,2435,2861.2,2501.4,0,0,738728.651829881,0,0,0
27430.5417562121,40,2354.8,2827.4,2602,0,0,738728.651830344,0,0,0
27430.5817552785,40,2307.6,2789.2,2662.6,0,0,738728.651830807,0,0,0
27430.6217543449,40,2328.2,2807.4,2634.6,0,0,738728.65183127,0,0,0
27430.6617534113,40,2382.8,2843,2568.4,0,0,738728.651831733,0,0,0
27430.7017524777,40,2446.2,2855.6,2493.8,0,0,738728.651832196,0,0,0
27430.7417515441,40,2517.2,2852.6,2429.6,0,0,738728.651832659,0,0,0
27430.7817506105,40,2571.8,2825.4,2381.4,0,0,738728.651833122,0,0,0
27430.8217496769,40,2609,2810.6,2347.8,0,0,738728.651833585,0,0,0
27430.8617487433,40,2625.4,2801.2,2334.6,0,0,738728.651834048,0,0,0
27430.9017478097,40,2612,2807.8,2344,0,0,738728.651834511,0,0,0
27430.9417468761,40,2580,2820,2369.8,0,0,738728.651834974,0,0,0
27430.9817459425,40,2565,2835.2,2383,0,0,738728.651835437,0,0,0
27431.0217450089,40,2534.8,2846,2410.2,0,0,738728.6518359,0,0,0
27431.0617440753,40,2497.8,2849.6,2440,0,0,738728.651836363,0,0,0
27431.1017431417,40,2444.2,2856.2,2494.8,0,0,738728.651836826,0,0,0
27431.1417422081,40,2380.2,2835,2569,0,0,738728.651837289,0,0,0
27431.1817412745,40,2317.2,2799.8,2645.4,0,0,738728.651837752,0,0,0
27431.2217403409,40,2268.8,2747.2,2712.4,0,0,738728.651838215,0,0,0
27431.2617394073,40,2250.8,2717.6,2737.6,0,0,738728.651838678,0,0,0
27431.3017384737,40,2288,2766.8,2687.8,0,0,738728.65183914,0,0,0
27431.3417375401,40,2375.4,2840.6,2575,0,0,738728.651839603,0,0,0
27431.3817366065,40,2504.8,2852.2,2434.4,0,0,738728.651840066,0,0,0
27431.4217356729,40,2651.6,2773.6,2312.4,0,0,738728.651840529,0,0,0
27431.4617347393,40,2764.6,2641,2221.6,0,0,738728.651840992,0,0,0
27431.5017338057,40,2810.4,2502.8,2162.8,0,0,738728.651841455,0,0,0
27431.5417328721,40,2783.2,2395.2,2126.6,0,0,738728.651841918,0,0,0
27431.5817319385,40,2712.2,2306.2,2099.8,0,0,738728.651842381,0,0,0
27431.6217310049,40,2626.2,2246,2079.4,0,0,738728.651842844,0,0,0
27431.6617300713,40,2573,2217.6,2068.8,0,0,738728.651843307,0,0,0
27431.7017291377,40,2583.8,2221.8,2072.4,0,0,738728.65184377,0,0,0
27431.7417282041,40,2629.4,2251.8,2080.8,0,0,738728.651844233,0,0,0
27431.7817272705,40,2706.4,2303,2096.2,0,0,738728.651844696,0,0,0
27431.8217263369,40,2787.4,2401.8,2125,0,0,738728.651845159,0,0,0
27431.8617254033,40,2803.8,2545,2180.4,0,0,738728.651845622,0,0,0
27431.9017244697,40,2706,2721.6,2269.6,0,0,738728.651846085,0,0,0
27431.9417235361,40,2541.6,2839.8,2404.6,0,0,738728.651846548,0,0,0
27431.9817226025,40,2385.4,2841.2,2563.6,0,0,738728.651847011,0,0,0
27432.0217216689,40,2305.6,2790,2656.6,0,0,738728.651847474,0,0,0
27432.0617207353,40,2354,2827.8,2598.2,0,0,738728.651847937,0,0,0
27432.1017198017,40,2460,2854.6,2483.2,0,0,738728.6518484,0,0,0
27432.1417188681,40,2592,2816.4,2361,0,0,738728.651848863,0,0,0
27432.1817179345,40,2719.4,2706.8,2259,0,0,738728.651849325,0,0,0
27432.2217170009,40,2797.4,2557.4,2187,0,0,738728.651849788,0,0,0
27432.2617160673,40,2800.2,2420.4,2133.6,0,0,738728.651850251,0,0,0
27432.3017151337,40,2730.8,2325.8,2100.4,0,0,738728.651850714,0,0,0
27432.3417142001,40,2643.4,2257.6,2079.4,0,0,738728.651851177,0,0,0
27432.3817132665,40,2574,2216.4,2071.4,0,0,738728.65185164,0,0,0
27432.4217123329,40,2585.2,2226.6,2074,0,0,738728.651852103,0,0,0
27432.4617113993,40,2637.6,2258.8,2083.6,0,0,738728.651852566,0,0,0
27432.5017104657,40,2716.6,2315.2,2099.2,0,0,738728.651853029,0,0,0
27432.5417095321,40,2801.2,2419.2,2137.4,0,0,738728.651853492,0,0,0
27432.5817085985,40,2792,2578.8,2194.4,0,0,738728.651853955,0,0,0
27432.6217076649,40,2688,2743,2284.6,0,0,738728.651854418,0,0,0
27432.6617067313,40,2530.4,2842.8,2415,0,0,738728.651854881,0,0,0
27432.7017057977,40,2395.6,2846.8,2547,0,0,738728.651855344,0,0,0
27432.7417048641,40,2339.8,2818.2,2620.6,0,0,738728.651855807,0,0,0
27432.7817039305,40,2377.4,2839.8,2576,0,0,738728.65185627,0,0,0
27432.8217029969,40,2463.6,2858,2481.4,0,0,738728.651856733,0,0,0
27432.8617020633,40,2560.2,2835.6,2384.6,0,0,738728.651857196,0,0,0
27432.9017011297,40,2647,2783,2315.6,0,0,738728.651857659,0,0,0
27432.9417001961,40,2714.6,2715,2263.8,0,0,738728.651858122,0,0,0
27432.9816992625,40,2752.6,2662,2235.2,0,0,738728.651858584,0,0,0
27433.0216983289,40,2773.6,2622,2210.6,0,0,738728.651859047,0,0,0
27433.0616973953,40,2777.6,2616.4,2209.8,0,0,738728.65185951,0,0,0
27433.1016964617,40,2762.2,2642.2,2225.6,0,0,738728.651859973,0,0,0
27433.1416955281,40,2737.6,2680.4,2250,0,0,738728.651860436,0,0,0
27433.1816945945,40,2694,2733,2285,0,0,738728.651860899,0,0,0
27433.2216936609,40,2623.2,2798.8,2337.2,0,0,738728.651861362,0,0,0
27433.2616927273,40,2522.2,2846.2,2421,0,0,738728.651861825,0,0,0
27433.3016917937,40,2414.4,2854,2530,0,0,738728.651862288,0,0,0
27433.3416908601,40,2307.2,2790,2650,0,0,738728.651862751,0,0,0
27433.3816899265,40,2251.2,2717.6,2734,0,0,738728.651863214,0,0,0
27433.4216889929,40,2279,2762.4,2690,0,0,738728.651863677,0,0,0
27433.4616880593,40,2375,2836,2576.8,0,0,738728.65186414,0,0,0
27433.5016871257,40,2491,2854.2,2451.2,0,0,738728.651864603,0,0,0
27433.5416861921,40,2606.8,2810,2349.4,0,0,738728.651865066,0,0,0
27433.5816852585,40,2693.4,2743.8,2281.4,0,0,738728.651865529,0,0,0
27433.6216843249,40,2732.2,2693,2254.4,0,0,738728.651865992,0,0,0
27433.6616833913,40,2734.8,2684.8,2246.2,0,0,738728.651866455,0,0,0
27433.7016824577,40,2715.6,2715.8,2265,0,0,738728.651866918,0,0,0
27433.7416815241,40,2691.8,2738.6,2281,0,0,738728.651867381,0,0,0
27433.7816805905,40,2661.8,2765.2,2306,0,0,738728.651867844,0,0,0
27433.8216796569,40,2608.8,2807.4,2347.2,0,0,738728.651868306,0,0,0
27433.8616787233,40,2528.6,2851.4,2415.6,0,0,738728.651868769,0,0,0
27433.9016777897,40,2417,2851,2524.4,0,0,738728.651869232,0,0,0
27433.9416768561,40,2322,2802.8,2638.4,0,0,738728.651869695,0,0,0
27433.9816759225,40,2273.2,2753.2,2706.2,0,0,738728.651870158,0,0,0
27434.0216749889,40,2309.8,2788,2651.8,0,0,738728.651870621,0,0,0
27434.0616740553,40,2387.2,2843.2,2563.2,0,0,738728.651871084,0,0,0
27434.1016731217,40,2481.6,2852.4,2452.6,0,0,738728.651871547,0,0,0
27434.1416721881,40,2583,2823.4,2364.6,0,0,738728.65187201,0,0,0
27434.1816712545,40,2667.2,2764,2301,0,0,738728.651872473,0,0,0
27434.2216703209,40,2722.2,2708.6,2257.4,0,0,738728.651872936,0,0,0
27434.2616693873,40,2740.4,2683.2,2247,0,0,738728.651873399,0,0,0
27434.3016684537,40,2719.8,2706.8,2261.4,0,0,738728.651873862,0,0,0
27434.3416675201,40,2691.4,2737.4,2283.4,0,0,738728.651874325,0,0,0
27434.3816665865,40,2650.6,2776.8,2315.6,0,0,738728.651874788,0,0,0
27434.4216656529,40,2578.6,2823.8,2374,0,0,738728.651875251,0,0,0
27434.4616647193,40,2484.2,2856,2460.2,0,0,738728.651875714,0,0,0
27434.5016637857,40,2378.6,2840.8,2570.8,0,0,738728.651876177,0,0,0
27434.5416628521,40,2296,2779.6,2676.6,0,0,738728.65187664,0,0,0
27434.5816619185,40,2257.2,2731.8,2726.6,0,0,738728.651877103,0,0,0
27434.6216609849,40,2289,2770.4,2685,0,0,738728.651877566,0,0,0
27434.6616600513,40,2358.4,2830,2589,0,0,738728.651878029,0,0,0
27434.7016591177,40,2453.6,2857.8,2488.8,0,0,738728.651878491,0,0,0
27434.7416581841,40,2547.4,2841.8,2398.4,0,0,738728.651878954,0,0,0
27434.7816572505,40,2624.4,2797.8,2335.4,0,0,738728.651879417,0,0,0
27434.8216563169,40,2686.4,2748.8,2286.6,0,0,738728.65187988,0,0,0
27434.8616553833,40,2722.2,2706.2,2260.6,0,0,738728.651880343,0,0,0
27434.9016544497,40,2735.8,2694,2251,0,0,738728.651880806,0,0,0
27434.9416535161,40,2722.6,2708.2,2262.8,0,0,738728.651881269,0,0,0
27434.9816525825,40,2679,2748.6,2291.8,0,0,738728.651881732,0,0,0
27435.0216516489,40,2630.8,2783.6,2334,0,0,738728.651882195,0,0,0
27435.0616507153,40,2564.8,2832.4,2386,0,0,738728.651882658,0,0,0
27435.1016497817,40,2474.2,2855.4,2464.6,0,0,738728.651883121,0,0,0
27435.1416488481,40,2382.8,2840.4,2566.2,0,0,738728.651883584,0,0,0
27435.1816479145,40,2300.8,2786,2674.4,0,0,738728.651884047,0,0,0
27435.2216469809,40,2245.2,2709.4,2741.4,0,0,738728.65188451,0,0,0
27435.2616460473,40,2251.2,2710.8,2741.6,0,0,738728.651884973,0,0,0
27435.3016451137,40,2296.8,2771.6,2680.8,0,0,738728.651885436,0,0,0
27435.3416441801,40,2362,2832.2,2591.4,0,0,738728.651885899,0,0,0
27435.3816432465,40,2456.8,2858.2,2490,0,0,738728.651886362,0,0,0
27435.4216423129,40,2539.8,2844.8,2402.8,0,0,738728.651886825,0,0,0
27435.4616413793,40,2619.4,2801.6,2337.6,0,0,738728.651887288,0,0,0
27435.5016404457,40,2681.2,2751.8,2290.4,0,0,738728.65188775,0,0,0
27435.5416395121,40,2716.8,2705.4,2259.6,0,0,738728.651888213,0,0,0
27435.5816385785,40,2741.4,2683,2242,0,0,738728.651888676,0,0,0
27435.6216376449,40,2740,2685,2248.6,0,0,738728.651889139,0,0,0
27435.6616367113,40,2718.2,2715.2,2264.6,0,0,738728.651889602,0,0,0
27435.7016357777,40,2683.8,2748,2291,0,0,738728.651890065,0,0,0
27435.7416348441,40,2631.6,2790.6,2334,0,0,738728.651890528,0,0,0
27435.7816339105,40,2565,2837.8,2387.4,0,0,738728.651890991,0,0,0
27435.8216329769,40,2470,2858.6,2465,0,0,738728.651891454,0,0,0
27435.8616320433,40,2378.4,2839.8,2570.2,0,0,738728.651891917,0,0,0
27435.9016311097,40,2308.6,2788.2,2664.4,0,0,738728.65189238,0,0,0
27435.9416301761,40,2265.4,2743.4,2712,0,0,738728.651892843,0,0,0
27435.9816292425,40,2286.8,2772.2,2682.8,0,0,738728.651893306,0,0,0
27436.0216283089,40,2335.6,2817.4,2617.8,0,0,738728.651893769,0,0,0
27436.0616273753,40,2410,2850.8,2537,0,0,738728.651894232,0,0,0
27436.1016264417,40,2481.8,2856.6,2459.8,0,0,738728.651894695,0,0,0
27436.1416255081,40,2547.2,2840.2,2397.4,0,0,738728.651895158,0,0,0
27436.1816245745,40,2611,2808.8,2348.6,0,0,738728.651895621,0,0,0
27436.2216236409,40,2660.2,2771.4,2311.6,0,0,738728.651896084,0,0,0
27436.2616227073,40,2691.6,2745.2,2286.2,0,0,738728.651896547,0,0,0
27436.3016217737,40,2707.6,2726,2272.6,0,0,738728.65189701,0,0,0
27436.3416208401,40,2708,2728.8,2272.8,0,0,738728.651897472,0,0,0
27436.3816199065,40,2698,2734.6,2278.6,0,0,738728.651897935,0,0,0
27436.4216189729,40,2689.8,2747.2,2287.6,0,0,738728.651898398,0,0,0
27436.4616180393,40,2687.8,2749.2,2293.8,0,0,738728.651898861,0,0,0
27436.5016171057,40,2676.6,2752,2295.2,0,0,738728.651899324,0,0,0
27436.5416161721,40,2672.2,2755.6,2298.8,0,0,738728.651899787,0,0,0
27436.5816152385,40,2666,2766.8,2303.2,0,0,738728.65190025,0,0,0
27436.6216143049,40,2659.8,2765.4,2309.2,0,0,738728.651900713,0,0,0
27436.6616133713,40,2653.2,2769.6,2308,0,0,738728.651901176,0,0,0
27436.7016124377,40,2646.4,2780,2312.2,0,0,738728.651901639,0,0,0
27436.7416115041,40,2644.2,2783.8,2323,0,0,738728.651902102,0,0,0
27436.7816105705,40,2638.6,2786.6,2324.2,0,0,738728.651902565,0,0,0
27436.8216096369,40,2637.2,2791.4,2322.6,0,0,738728.651903028,0,0,0
27436.8616087033,40,2638.2,2783.6,2325.6,0,0,738728.651903491,0,0,0
27436.9016077697,40,2658.8,2769.4,2306,0,0,738728.651903954,0,0,0
27436.9416068361,40,2702.4,2728.8,2273,0,0,738728.651904417,0,0,0
27436.9816059025,40,2744.4,2666.2,2242.6,0,0,738728.65190488,0,0,0
27437.0216049689,40,2786,2599.2,2201.6,0,0,738728.651905343,0,0,0
27437.0616040353,40,2808,2515.6,2169,0,0,738728.651905806,0,0,0
27437.1016031017,40,2806,2439.8,2140,0,0,738728.651906269,0,0,0
27437.1416021681,40,2770.8,2372.6,2116.6,0,0,738728.651906732,0,0,0
27437.1816012345,40,2728.8,2323.4,2103.2,0,0,738728.651907195,0,0,0
27437.2216003009,40,2680.8,2280,2093.2,0,0,738728.651907657,0,0,0
27437.2615993673,40,2647.6,2259.2,2080.2,0,0,738728.65190812,0,0,0
27437.3015984337,40,2634,2254.6,2079,0,0,738728.651908583,0,0,0
27437.3415975001,40,2660.8,2272.8,2087.6,0,0,738728.651909046,0,0,0
27437.3815965665,40,2706.2,2305.2,2098,0,0,738728.651909509,0,0,0
27437.4215956329,40,2761.6,2356.2,2111,0,0,738728.651909972,0,0,0
27437.4615946993,40,2800.6,2439.6,2139.2,0,0,738728.651910435,0,0,0
27437.5015937657,40,2800.6,2546.2,2183.6,0,0,738728.651910898,0,0,0
27437.5415928321,40,2742.2,2673,2244.2,0,0,738728.651911361,0,0,0
27437.5815918985,40,2638,2790.4,2326.2,0,0,738728.651911824,0,0,0
27437.6215909649,40,2509.6,2850,2431.6,0,0,738728.651912287,0,0,0
27437.6615900313,40,2393.8,2845.8,2547.4,0,0,738728.65191275,0,0,0
27437.7015890977,40,2316.4,2797.6,2648,0,0,738728.651913213,0,0,0
27437.7415881641,40,2282.6,2766,2691,0,0,738728.651913676,0,0,0
27437.7815872305,40,2329.8,2807,2634.4,0,0,738728.651914139,0,0,0
27437.8215862969,40,2415.8,2853.2,2526.4,0,0,738728.651914602,0,0,0
27437.8615853633,40,2534.4,2844.4,2407.6,0,0,738728.651915065,0,0,0
27437.9015844297,40,2664.2,2763.6,2298.8,0,0,738728.651915528,0,0,0
27437.9415834961,40,2770.8,2634.8,2223,0,0,738728.651915991,0,0,0
27437.9815825625,40,2809.8,2502.8,2162.2,0,0,738728.651916453,0,0,0
27438.0215816289,40,2776.6,2383.8,2116.8,0,0,738728.651916916,0,0,0
27438.0615806953,40,2702.4,2299.6,2095,0,0,738728.651917379,0,0,0
27438.1015797617,40,2631,2250.6,2083.6,0,0,738728.651917842,0,0,0
27438.1415788281,40,2599.4,2231.2,2071.2,0,0,738728.651918305,0,0,0
27438.1815778945,40,2617,2241.6,2076.6,0,0,738728.651918768,0,0,0
27438.2215769609,40,2661,2267,2082.8,0,0,738728.651919231,0,0,0
27438.2615760273,40,2700.8,2300.2,2093.4,0,0,738728.651919694,0,0,0
27438.3015750937,40,2742.2,2337,2109,0,0,738728.651920157,0,0,0
27438.3415741601,40,2774.6,2370.4,2119.2,0,0,738728.65192062,0,0,0
27438.3815732265,40,2782.8,2398.4,2123,0,0,738728.651921083,0,0,0
27438.4215722929,40,2787.6,2406.6,2128.6,0,0,738728.651921546,0,0,0
27438.4615713593,40,2786.2,2402.8,2127.6,0,0,738728.651922009,0,0,0
27438.5015704257,40,2784.4,2406.2,2126.6,0,0,738728.651922472,0,0,0
27438.5415694921,40,2794,2409.8,2132.6,0,0,738728.651922935,0,0,0
27438.5815685585,40,2797.6,2418.4,2133.8,0,0,738728.651923398,0,0,0
27438.6215676249,40,2796.6,2424.4,2134,0,0,738728.651923861,0,0,0
27438.6615666913,40,2801,2429.2,2137,0,0,738728.651924324,0,0,0
27438.7015657577,40,2803.8,2437.6,2140.8,0,0,738728.651924787,0,0,0
27438.7415648241,40,2800.4,2444,2142.8,0,0,738728.65192525,0,0,0
27438.7815638905,40,2804.4,2443.4,2143.2,0,0,738728.651925713,0,0,0
27438.8215629569,40,2801.8,2455.2,2146.4,0,0,738728.651926175,0,0,0
27438.8615620233,40,2810.4,2462,2150.4,0,0,738728.651926638,0,0,0
27438.9015610897,40,2807.2,2464.2,2154.4,0,0,738728.651927101,0,0,0
27438.9415601561,40,2806.2,2476.2,2154.4,0,0,738728.651927564,0,0,0
27438.9815592225,40,2805.2,2482,2157.4,0,0,738728.651928027,0,0,0
27439.0215582889,40,2808.2,2490.4,2159.6,0,0,738728.65192849,0,0,0
27439.0615573553,40,2809.8,2490.6,2160.6,0,0,738728.651928953,0,0,0
27439.1015564217,40,2805.2,2503.4,2163.8,0,0,738728.651929416,0,0,0
27439.1415554881,40,2806.8,2508.8,2167.2,0,0,738728.651929879,0,0,0
27439.1815545545,40,2809.2,2515.2,2171.2,0,0,738728.651930342,0,0,0
27439.2215536209,40,2804.6,2523.6,2173.8,0,0,738728.651930805,0,0,0
27439.2615526873,40,2806,2530.4,2180.4,0,0,738728.651931268,0,0,0
27439.3015517537,40,2802.4,2539.6,2179.8,0,0,738728.651931731,0,0,0
27439.3415508201,40,2798.6,2547.8,2182,0,0,738728.651932194,0,0,0
27439.3815498865,40,2798.4,2553.8,2184.8,0,0,738728.651932657,0,0,0
27439.4215489529,40,2791.6,2566.6,2191.6,0,0,738728.65193312,0,0,0
27439.4615480193,40,2797.4,2571.2,2198,0,0,738728.651933583,0,0,0
27439.5015470857,40,2793.4,2582.4,2199.2,0,0,738728.651934046,0,0,0
27439.6705431413,169,2779.8,2613.6,2212.4,0,0,738728.651936002,0,0,0
27439.7105422077,40,2777.4,2624.8,2214,0,0,738728.651936465,0,0,0
27439.7505412741,40,2769,2632.8,2221.4,0,0,738728.651936928,0,0,0
27439.7905403405,40,2762,2645,2226.6,0,0,738728.651937391,0,0,0
27439.8305394069,40,2745.8,2673.2,2243.2,0,0,738728.651937853,0,0,0
27439.8705384733,40,2715.8,2709.4,2264,0,0,738728.651938316,0,0,0
27439.9105375397,40,2669.2,2760,2297.6,0,0,738728.651938779,0,0,0
27439.9505366061,40,2603.4,2810.2,2351.6,0,0,738728.651939242,0,0,0
27439.9905356725,40,2518.4,2848.6,2424.2,0,0,738728.651939705,0,0,0
27440.0305347389,40,2423.2,2850.8,2523,0,0,738728.651940168,0,0,0
27440.0705338053,40,2327.8,2805.8,2633.8,0,0,738728.651940631,0,0,0
27440.1105328717,40,2254.2,2722.2,2736,0,0,738728.651941094,0,0,0
27440.1505319381,40,2209.8,2648.2,2786,0,0,738728.651941557,0,0,0
27440.1905310045,40,2223,2673.4,2767.8,0,0,738728.65194202,0,0,0
27440.2305300709,40,2269,2741.6,2720.6,0,0,738728.651942483,0,0,0
27440.2705291373,40,2329.4,2801.6,2634.6,0,0,738728.651942946,0,0,0
27440.3105282037,40,2403.8,2848.2,2541.4,0,0,738728.651943409,0,0,0
27440.3505272701,40,2478.8,2853.4,2459,0,0,738728.651943872,0,0,0
27440.3905263365,40,2550.8,2838.8,2394.8,0,0,738728.651944335,0,0,0
27440.4305254029,40,2610.8,2809.2,2349,0,0,738728.651944798,0,0,0
27440.4705244693,40,2651,2780.6,2318.6,0,0,738728.651945261,0,0,0
27440.5105235357,40,2666.2,2763.6,2299.6,0,0,738728.651945724,0,0,0
27440.5505226021,40,2662.4,2768.8,2307,0,0,738728.651946187,0,0,0
27440.5905216685,40,2630.8,2793.2,2329.6,0,0,738728.65194665,0,0,0
27440.6305207349,40,2593.8,2815.2,2361.4,0,0,738728.651947113,0,0,0
27440.6705198013,40,2550.8,2834.8,2396.4,0,0,738728.651947576,0,0,0
27440.7105188677,40,2490,2855.6,2452.8,0,0,738728.651948038,0,0,0
27440.7505179341,40,2415.8,2853.8,2530.2,0,0,738728.651948501,0,0,0
27440.7905170005,40,2335.4,2809.2,2626.4,0,0,738728.651948964,0,0,0
27440.8305160669,40,2255.4,2725,2730.2,0,0,738728.651949427,0,0,0
27440.8705151333,40,2198.2,2625,2800.8,0,0,738728.65194989,0,0,0
27440.9105141997,40,2177,2589.8,2811.6,0,0,738728.651950353,0,0,0
27440.9505132661,40,2213,2651.8,2782.4,0,0,738728.651950816,0,0,0
27440.9905123325,40,2262.4,2738.2,2717,0,0,738728.651951279,0,0,0
27441.0305113989,40,2336.8,2817.6,2620.4,0,0,738728.651951742,0,0,0
27441.0705104653,40,2431,2852.8,2512.4,0,0,738728.651952205,0,0,0
27441.1105095317,40,2512.2,2847.8,2428.4,0,0,738728.651952668,0,0,0
27441.1505085981,40,2591.6,2822.6,2361,0,0,738728.651953131,0,0,0
27441.1905076645,40,2646.8,2782,2318.2,0,0,738728.651953594,0,0,0
27441.2305067309,40,2678.8,2752.6,2292.6,0,0,738728.651954057,0,0,0
27441.2705057973,40,2687.4,2745.4,2279.4,0,0,738728.65195452,0,0,0
27441.3105048637,40,2675.6,2753.2,2291.4,0,0,738728.651954983,0,0,0
27441.3505039301,40,2651.6,2770.8,2306,0,0,738728.651955446,0,0,0
27441.3905029965,40,2620.4,2794.4,2334.6,0,0,738728.651955909,0,0,0
27441.4305020629,40,2584,2824.4,2370.8,0,0,738728.651956372,0,0,0
27441.4705011293,40,2509.8,2851.6,2428.2,0,0,738728.651956834,0,0,0
27441.5105001957,40,2433,2854.8,2512.2,0,0,738728.651957297,0,0,0
27441.5504992621,40,2336.8,2816.8,2614.8,0,0,738728.65195776,0,0,0
27441.5904983285,40,2262.6,2733.8,2718.8,0,0,738728.651958223,0,0,0
27441.6304973949,40,2217,2659.6,2776.4,0,0,738728.651958686,0,0,0
27441.6704964613,40,2232.6,2684.2,2765.6,0,0,738728.651959149,0,0,0
27441.7104955277,40,2273,2746,2712.4,0,0,738728.651959612,0,0,0
27441.7504945941,40,2333,2811,2627.8,0,0,738728.651960075,0,0,0
27441.7904936605,40,2416.2,2853.2,2526.2,0,0,738728.651960538,0,0,0
27441.8304927269,40,2511.2,2851.4,2430.6,0,0,738728.651961001,0,0,0
27441.8704917933,40,2590,2820.8,2361,0,0,738728.651961464,0,0,0
27441.9104908597,40,2654.4,2772.6,2307.8,0,0,738728.651961927,0,0,0
27441.9504899261,40,2694,2734.2,2281.2,0,0,738728.65196239,0,0,0
27441.9904889925,40,2718,2712.8,2262.6,0,0,738728.651962853,0,0,0
27442.0304880589,40,2715,2714.8,2265.2,0,0,738728.651963316,0,0,0
27442.0704871253,40,2690.8,2739.4,2279.2,0,0,738728.651963779,0,0,0
27442.1104861917,40,2659.4,2767,2309,0,0,738728.651964242,0,0,0
27442.1504852581,40,2622.4,2799.6,2338.6,0,0,738728.651964705,0,0,0
27442.1904843245,40,2564.8,2830.4,2381.8,0,0,738728.651965168,0,0,0
27442.2304833909,40,2495.4,2853.4,2445.8,0,0,738728.651965631,0,0,0
27442.2704824573,40,2408.6,2848.4,2536.4,0,0,738728.651966094,0,0,0
27442.3104815237,40,2319.8,2799,2644.6,0,0,738728.651966557,0,0,0
27442.3504805901,40,2253.2,2723.6,2732.4,0,0,738728.651967019,0,0,0
27442.3904796565,40,2226.2,2683.6,2761.6,0,0,738728.651967482,0,0,0
27442.4304787229,40,2260.4,2736.4,2720.2,0,0,738728.651967945,0,0,0
27442.4704777893,40,2323.2,2804.6,2644.4,0,0,738728.651968408,0,0,0
27442.5104768557,40,2403.6,2850.8,2537,0,0,738728.651968871,0,0,0
27442.5504759221,40,2496.6,2852,2438.4,0,0,738728.651969334,0,0,0
27442.5904749885,40,2593,2818.8,2369.4,0,0,738728.651969797,0,0,0
27442.6304740549,40,2663.2,2768,2306.6,0,0,738728.65197026,0,0,0
27442.6704731213,40,2718.2,2714.8,2260.6,0,0,738728.651970723,0,0,0
27442.7104721877,40,2748.6,2671.6,2238.2,0,0,738728.651971186,0,0,0
27442.7504712541,40,2766.2,2646.4,2227.4,0,0,738728.651971649,0,0,0
27442.7904703205,40,2756.4,2656.6,2230.2,0,0,738728.651972112,0,0,0
27442.8304693869,40,2740.8,2676,2240.6,0,0,738728.651972575,0,0,0
27442.8704684533,40,2725.4,2702.2,2260.8,0,0,738728.651973038,0,0,0
27442.9104675197,40,2693.4,2732.2,2279.4,0,0,738728.651973501,0,0,0
27442.9504665861,40,2649.6,2777.6,2316.4,0,0,738728.651973964,0,0,0
27442.9904656525,40,2571.6,2824,2383.4,0,0,738728.651974427,0,0,0
27443.0304647189,40,2480,2855.2,2463.6,0,0,738728.65197489,0,0,0
27443.0704637853,40,2378.4,2840.8,2572.4,0,0,738728.651975353,0,0,0
27443.1104628517,40,2302.4,2783.2,2665.8,0,0,738728.651975816,0,0,0
27443.1504619181,40,2271.2,2746.2,2708.4,0,0,738728.651976279,0,0,0
27443.1904609845,40,2305,2783.2,2664.2,0,0,738728.651976742,0,0,0
27443.2304600509,40,2361,2825.6,2591.6,0,0,738728.651977204,0,0,0
27443.2704591173,40,2439.6,2855.8,2504.6,0,0,738728.651977667,0,0,0
27443.3104581837,40,2521.2,2849.8,2420.8,0,0,738728.65197813,0,0,0
27443.3504572501,40,2591.6,2818.8,2358,0,0,738728.651978593,0,0,0
27443.3904563165,40,2654,2774.4,2309.6,0,0,738728.651979056,0,0,0
27443.4304553829,40,2693.2,2734,2281,0,0,738728.651979519,0,0,0
27443.4704544493,40,2714.6,2716.6,2263.8,0,0,738728.651979982,0,0,0
27443.5104535157,40,2727.4,2699,2254.2,0,0,738728.651980445,0,0,0
27443.5504525821,40,2724.4,2705.4,2258,0,0,738728.651980908,0,0,0
27443.5904516485,40,2718.2,2711.6,2266.6,0,0,738728.651981371,0,0,0
27443.6304507149,40,2707.4,2727.2,2267.6,0,0,738728.651981834,0,0,0
27443.6704497813,40,2706.4,2733.6,2273.8,0,0,738728.651982297,0,0,0
27443.7104488477,40,2698.2,2735,2282.2,0,0,738728.65198276,0,0,0
27443.7504479141,40,2686.2,2742,2282.2,0,0,738728.651983223,0,0,0
27443.7904469805,40,2685.8,2747.4,2286.8,0,0,738728.651983686,0,0,0
27443.8304460469,40,2676.8,2751,2290.2,0,0,738728.651984149,0,0,0
27443.8704451133,40,2669.4,2757.2,2293.4,0,0,738728.651984612,0,0,0
27443.9104441797,40,2662.4,2767.6,2303.2,0,0,738728.651985075,0,0,0
27443.9504432461,40,2657,2771,2311.8,0,0,738728.651985537,0,0,0
27443.9904423125,40,2653.6,2775,2315.8,0,0,738728.651986,0,0,0
27444.0304413789,40,2644.4,2781.6,2319.6,0,0,738728.651986463,0,0,0
27444.0704404453,40,2636.8,2786.4,2327.4,0,0,738728.651986926,0,0,0
27444.1104395117,40,2630.4,2789,2335.2,0,0,738728.651987389,0,0,0
27444.1504385781,40,2626.6,2797,2334.6,0,0,738728.651987852,0,0,0
27444.1904376445,40,2612.8,2797.8,2337.2,0,0,738728.651988315,0,0,0
27444.2304367109,40,2613.8,2804.2,2346,0,0,738728.651988778,0,0,0
27444.2704357773,40,2601.2,2810,2353.6,0,0,738728.651989241,0,0,0
27444.3104348437,40,2597.4,2815.4,2356,0,0,738728.651989704,0,0,0
27444.3504339101,40,2586.4,2821.4,2366,0,0,738728.651990167,0,0,0
27444.3904329765,40,2580.8,2821,2369.4,0,0,738728.65199063,0,0,0
27444.4304320429,40,2573,2826.6,2369.6,0,0,738728.651991093,0,0,0
27444.4704311093,40,2565,2833,2381.6,0,0,738728.651991556,0,0,0
27444.5104301757,40,2560,2832.8,2390,0,0,738728.651992019,0,0,0
27444.5504292421,40,2551.8,2836,2396.4,0,0,738728.651992482,0,0,0
27444.5904283085,40,2542.8,2836.6,2399.6,0,0,738728.651992945,0,0,0
27444.6304273749,40,2536.2,2842.6,2404.6,0,0,738728.651993408,0,0,0
27444.6704264413,40,2524.4,2845.8,2415.8,0,0,738728.651993871,0,0,0
27444.7104255077,40,2514.8,2846.8,2422.4,0,0,738728.651994334,0,0,0
27444.7504245741,40,2502.6,2855,2437.4,0,0,738728.651994797,0,0,0
27444.7904236405,40,2477.4,2851.8,2461.4,0,0,738728.65199526,0,0,0
27444.8304227069,40,2443.2,2851.6,2499.2,0,0,738728.651995723,0,0,0
27444.8704217733,40,2400.4,2844.2,2545.6,0,0,738728.651996185,0,0,0
27444.9104208397,40,2343.8,2823.2,2611.6,0,0,738728.651996648,0,0,0
27444.9504199061,40,2292,2770.6,2680.6,0,0,738728.651997111,0,0,0
27444.9904189725,40,2245.6,2712.8,2744.2,0,0,738728.651997574,0,0,0
27445.0304180389,40,2222.8,2655.6,2779.8,0,0,738728.651998037,0,0,0
27445.0704171053,40,2208.4,2648.4,2790.2,0,0,738728.6519985,0,0,0
27445.1104161717,40,2233,2688,2762,0,0,738728.651998963,0,0,0
27445.1504152381,40,2288.4,2768.2,2689,0,0,738728.651999426,0,0,0
27445.1904143045,40,2364.6,2833.8,2590.4,0,0,738728.651999889,0,0,0
27445.2304133709,40,2457.4,2857.6,2483.6,0,0,738728.652000352,0,0,0
27445.2704124373,40,2544,2839.2,2399,0,0,738728.652000815,0,0,0
27445.3104115037,40,2611.4,2801.6,2345.4,0,0,738728.652001278,0,0,0
27445.3504105701,40,2640,2786.8,2321.8,0,0,738728.652001741,0,0,0
27445.3904096365,40,2635,2794.2,2321,0,0,738728.652002204,0,0,0
27445.4304087029,40,2604.8,2808.2,2349.8,0,0,738728.652002667,0,0,0
27445.4704077693,40,2572.2,2827,2378,0,0,738728.65200313,0,0,0
27445.5104068357,40,2526.4,2845.6,2419,0,0,738728.652003593,0,0,0
27445.5504059021,40,2467.8,2856.8,2468.4,0,0,738728.652004056,0,0,0
27445.5904049685,40,2402.2,2850.4,2538.4,0,0,738728.652004519,0,0,0
27445.6304040349,40,2343.8,2821.6,2614.6,0,0,738728.652004982,0,0,0
27445.6704031013,40,2296.2,2778,2677.2,0,0,738728.652005445,0,0,0
27445.7104021677,40,2261.6,2743.8,2713.2,0,0,738728.652005907,0,0,0
27445.7504012341,40,2270.6,2748.2,2705.6,0,0,738728.65200637,0,0,0
27445.7904003005,40,2316.6,2800,2653.4,0,0,738728.652006833,0,0,0
27445.8303993669,40,2383.6,2841.4,2567.8,0,0,738728.652007296,0,0,0
27445.8703984333,40,2472.4,2852.6,2471.4,0,0,738728.652007759,0,0,0
27445.9103974997,40,2567,2834.8,2384.6,0,0,738728.652008222,0,0,0
27445.9503965661,40,2638.2,2790.8,2324.4,0,0,738728.652008685,0,0,0
27445.9903956325,40,2690,2749,2282.6,0,0,738728.652009148,0,0,0
27446.0303946989,40,2703.2,2727.8,2276.4,0,0,738728.652009611,0,0,0
27446.0703937653,40,2686.6,2751,2289.2,0,0,738728.652010074,0,0,0
27446.1103928317,40,2651,2780.8,2313.4,0,0,738728.652010537,0,0,0
27446.1503918981,40,2614.4,2805.2,2340.2,0,0,738728.652011,0,0,0
27446.1903909645,40,2559.2,2830.4,2384.4,0,0,738728.652011463,0,0,0
27446.2303900309,40,2493.4,2854.8,2448,0,0,738728.652011926,0,0,0
27446.2703890973,40,2423.6,2855.8,2517.8,0,0,738728.652012389,0,0,0
27446.3103881637,40,2362.6,2828.4,2591.6,0,0,738728.652012852,0,0,0
27446.3503872301,40,2327.4,2803.6,2634.2,0,0,738728.652013315,0,0,0
27446.3903862965,40,2335.4,2811.8,2636.4,0,0,738728.652013778,0,0,0
27446.4303853629,40,2372.8,2838.4,2570.6,0,0,738728.652014241,0,0,0
27446.4703844293,40,2454,2860.6,2487,0,0,738728.652014703,0,0,0
27446.5103834957,40,2540.2,2840,2405.8,0,0,738728.652015166,0,0,0
27446.5503825621,40,2625.6,2796,2333.8,0,0,738728.652015629,0,0,0
27446.5903816285,40,2666.2,2766,2303,0,0,738728.652016092,0,0,0
27446.6303806949,40,2662.8,2768,2307.2,0,0,738728.652016555,0,0,0
27446.6703797613,40,2631,2792.4,2329,0,0,738728.652017018,0,0,0
27446.7103788277,40,2592.2,2811.6,2356.8,0,0,738728.652017481,0,0,0
27446.7503778941,40,2544.2,2842,2403.4,0,0,738728.652017944,0,0,0
27446.7903769605,40,2477.8,2862.4,2462.2,0,0,738728.652018407,0,0,0
27446.8303760269,40,2407,2853,2536,0,0,738728.65201887,0,0,0
27446.8703750933,40,2336.2,2819.8,2617.4,0,0,738728.652019333,0,0,0
27446.9103741597,40,2294.8,2774.6,2674.2,0,0,738728.652019796,0,0,0
27446.9503732261,40,2282.4,2757.6,2699,0,0,738728.652020259,0,0,0
27446.9903722925,40,2313.8,2792.8,2655.4,0,0,738728.652020722,0,0,0
27447.0303713589,40,2371.6,2836.2,2580.4,0,0,738728.652021185,0,0,0
27447.0703704253,40,2445,2859.8,2496.6,0,0,738728.652021648,0,0,0
27447.1103694917,40,2518.8,2847.6,2418,0,0,738728.652022111,0,0,0
27447.1503685581,40,2579.4,2824.2,2374.2,0,0,738728.652022574,0,0,0
27447.1903676245,40,2591.2,2819.4,2362.8,0,0,738728.652023037,0,0,0
27447.2303666909,40,2564.2,2831.6,2383.6,0,0,738728.6520235,0,0,0
27447.2703657573,40,2524.4,2848,2419.6,0,0,738728.652023963,0,0,0
27447.3103648237,40,2479.6,2856,2467.6,0,0,738728.652024426,0,0,0
27447.3503638901,40,2414.6,2852,2528.6,0,0,738728.652024888,0,0,0
27447.3903629565,40,2350.6,2822,2605.2,0,0,738728.652025351,0,0,0
27447.4303620229,40,2297.8,2779,2673,0,0,738728.652025814,0,0,0
27447.4703610893,40,2261.8,2736,2717.8,0,0,738728.652026277,0,0,0
27447.5103601557,40,2267.2,2745.4,2712,0,0,738728.65202674,0,0,0
27447.5503592221,40,2314.2,2793.8,2656,0,0,738728.652027203,0,0,0
27447.5903582885,40,2370,2833.2,2582,0,0,738728.652027666,0,0,0
27447.6303573549,40,2433,2862.2,2507.2,0,0,738728.652028129,0,0,0
27447.6703564213,40,2493.6,2851.6,2444,0,0,738728.652028592,0,0,0
27447.7103554877,40,2533.8,2840.8,2404.6,0,0,738728.652029055,0,0,0
27447.7503545541,40,2565.4,2832.6,2382,0,0,738728.652029518,0,0,0
27447.7903536205,40,2557.2,2834.2,2388.2,0,0,738728.652029981,0,0,0
27447.8303526869,40,2544,2841.6,2401.8,0,0,738728.652030444,0,0,0
27447.8703517533,40,2513.6,2848,2423.8,0,0,738728.652030907,0,0,0
27447.9103508197,40,2492.2,2854.8,2450.2,0,0,738728.65203137,0,0,0
27447.9503498861,40,2450.6,2854.6,2493.8,0,0,738728.652031833,0,0,0
27447.9903489525,40,2397.6,2845.2,2552,0,0,738728.652032296,0,0,0
27448.0303480189,40,2333.2,2810.8,2626.2,0,0,738728.652032759,0,0,0
27448.0703470853,40,2282.2,2765,2693.4,0,0,738728.652033222,0,0,0
27448.1103461517,40,2258.6,2724.8,2731.6,0,0,738728.652033685,0,0,0
27448.1503452181,40,2270.8,2744.4,2709.6,0,0,738728.652034148,0,0,0
27448.1903442845,40,2314.8,2793.2,2651.2,0,0,738728.652034611,0,0,0
27448.2303433509,40,2371.2,2835.8,2577.6,0,0,738728.652035073,0,0,0
27448.2703424173,40,2439,2858.2,2499.8,0,0,738728.652035536,0,0,0
27448.3103414837,40,2507,2848.6,2436.4,0,0,738728.652035999,0,0,0
27448.3503405501,40,2566,2831.8,2383.6,0,0,738728.652036462,0,0,0
27448.3903396165,40,2610.2,2809.6,2343,0,0,738728.652036925,0,0,0
27448.4303386829,40,2629.4,2795.2,2329.6,0,0,738728.652037388,0,0,0
27448.4703377493,40,2620.8,2800.4,2341,0,0,738728.652037851,0,0,0
27448.5103368157,40,2584.2,2819.6,2367.4,0,0,738728.652038314,0,0,0
27448.5503358821,40,2543.8,2838.4,2398.2,0,0,738728.652038777,0,0,0
27448.5903349485,40,2478.4,2858.6,2461,0,0,738728.65203924,0,0,0
27448.6303340149,40,2403.4,2846.8,2537.4,0,0,738728.652039703,0,0,0
27448.6703330813,40,2334,2814.2,2618,0,0,738728.652040166,0,0,0
27448.7103321477,40,2298.2,2779,2670.4,0,0,738728.652040629,0,0,0
27448.7503312141,40,2324.2,2801.6,2643,0,0,738728.652041092,0,0,0
27448.7903302805,40,2393.8,2842.4,2552.6,0,0,738728.652041555,0,0,0
27448.8303293469,40,2483.6,2850.8,2459.4,0,0,738728.652042018,0,0,0
27448.8703284133,40,2574.8,2826.2,2375.4,0,0,738728.652042481,0,0,0
27448.9103274797,40,2652.6,2776.8,2312.4,0,0,738728.652042944,0,0,0
27448.9503265461,40,2701.6,2728.4,2276,0,0,738728.652043407,0,0,0
27448.9903256125,40,2719.6,2708,2264.2,0,0,738728.652043869,0,0,0
27449.0303246789,40,2694.8,2732.6,2278,0,0,738728.652044332,0,0,0
27449.0703237453,40,2668.8,2762.4,2303,0,0,738728.652044795,0,0,0
27449.1103228117,40,2622,2801.4,2340.2,0,0,738728.652045258,0,0,0
27449.1503218781,40,2546.2,2838.4,2396.6,0,0,738728.652045721,0,0,0
27449.1903209445,40,2454.8,2857.2,2485.8,0,0,738728.652046184,0,0,0
27449.2303200109,40,2368.6,2833.4,2582.2,0,0,738728.652046647,0,0,0
27449.2703190773,40,2305.2,2788.8,2661.8,0,0,738728.65204711,0,0,0
27449.3103181437,40,2304,2787.8,2658.2,0,0,738728.652047573,0,0,0
27449.3503172101,40,2359.8,2832.6,2595,0,0,738728.652048036,0,0,0
27449.3903162765,40,2432.6,2859,2512.4,0,0,738728.652048499,0,0,0
27449.4303153429,40,2502.8,2850.8,2439.2,0,0,738728.652048962,0,0,0
27449.4703144093,40,2570.8,2827.8,2375.4,0,0,738728.652049425,0,0,0
27449.5103134757,40,2619.4,2797,2334.4,0,0,738728.652049888,0,0,0
27449.5503125421,40,2652.8,2777.4,2311.4,0,0,738728.652050351,0,0,0
27449.5903116085,40,2663.8,2765.6,2300.6,0,0,738728.652050814,0,0,0
27449.6303106749,40,2662.6,2769.8,2307.6,0,0,738728.652051277,0,0,0
27449.6703097413,40,2648.4,2781.6,2319.2,0,0,738728.65205174,0,0,0
27449.7103088077,40,2634.2,2790.2,2330.8,0,0,738728.652052203,0,0,0
27449.7503078741,40,2626.6,2795,2331,0,0,738728.652052666,0,0,0
27449.7903069405,40,2620.2,2800.4,2336,0,0,738728.652053129,0,0,0
27449.8303060069,40,2612.4,2801.8,2343.4,0,0,738728.652053592,0,0,0
27449.8703050733,40,2607.2,2811.2,2350.2,0,0,738728.652054054,0,0,0
27449.9103041397,40,2597.6,2816.2,2355,0,0,738728.652054517,0,0,0
27449.9503032061,40,2590.6,2818.2,2363.2,0,0,738728.65205498,0,0,0
27449.9903022725,40,2578.8,2825.4,2369.6,0,0,738728.652055443,0,0,0
27450.0303013389,40,2576.2,2827,2372.2,0,0,738728.652055906,0,0,0
27450.0703004053,40,2568.8,2827.8,2381.8,0,0,738728.652056369,0,0,0
27450.1102994717,40,2556.4,2830.6,2386,0,0,738728.652056832,0,0,0
27450.1502985381,40,2553.4,2836.6,2392.2,0,0,738728.652057295,0,0,0
27450.1902976045,40,2543.4,2841.8,2398,0,0,738728.652057758,0,0,0
27450.2302966709,40,2533.8,2842.4,2407.8,0,0,738728.652058221,0,0,0
27450.2702957373,40,2528.8,2845.6,2415.6,0,0,738728.652058684,0,0,0
27450.3102948037,40,2529.2,2849,2416.2,0,0,738728.652059147,0,0,0
27450.3502938701,40,2538.8,2842,2405.8,0,0,738728.65205961,0,0,0
27450.3902929365,40,2577,2826,2379.2,0,0,738728.652060073,0,0,0
27450.4302920029,40,2616.6,2800.6,2342.2,0,0,738728.652060536,0,0,0
27450.4702910693,40,2668.2,2766.6,2300,0,0,738728.652060999,0,0,0
27450.5102901357,40,2712.4,2717.8,2265.8,0,0,738728.652061462,0,0,0
27450.5502892021,40,2747.4,2679.4,2240,0,0,738728.652061925,0,0,0
27450.5902882685,40,2763.2,2651.8,2223.8,0,0,738728.652062388,0,0,0
27450.6302873349,40,2768.2,2634.4,2222.2,0,0,738728.652062851,0,0,0
27450.6702864013,40,2765.6,2644.6,2222.8,0,0,738728.652063314,0,0,0
27450.7102854677,40,2749,2667.4,2240.4,0,0,738728.652063777,0,0,0
27450.7502845341,40,2728.8,2695.4,2253.6,0,0,738728.652064239,0,0,0
27450.7902836005,40,2701,2723.2,2270.8,0,0,738728.652064702,0,0,0
27450.8302826669,40,2671,2760,2300.6,0,0,738728.652065165,0,0,0
27450.8702817333,40,2620.6,2794.2,2335,0,0,738728.652065628,0,0,0
27450.9102807997,40,2562.4,2835.2,2389.4,0,0,738728.652066091,0,0,0
27450.9502798661,40,2490.4,2857.4,2453.2,0,0,738728.652066554,0,0,0
27450.9902789325,40,2411.8,2851.6,2530.8,0,0,738728.652067017,0,0,0
27451.0302779989,40,2345.2,2817.8,2612.2,0,0,738728.65206748,0,0,0
27451.0702770653,40,2298.4,2781.8,2672.4,0,0,738728.652067943,0,0,0
27451.1102761317,40,2286.8,2765.6,2689.2,0,0,738728.652068406,0,0,0
27451.1502751981,40,2309,2784,2660.6,0,0,738728.652068869,0,0,0
27451.1902742645,40,2351.4,2823,2606,0,0,738728.652069332,0,0,0
27451.2302733309,40,2411.2,2850.2,2536.2,0,0,738728.652069795,0,0,0
27451.2702723973,40,2480.8,2852.8,2460.2,0,0,738728.652070258,0,0,0
27451.3102714637,40,2542.8,2844.2,2400.6,0,0,738728.652070721,0,0,0
27451.3502705301,40,2597.2,2815.2,2353.6,0,0,738728.652071184,0,0,0
27451.3902695965,40,2636.4,2789,2322.8,0,0,738728.652071647,0,0,0
27451.4302686629,40,2650.8,2773.2,2311.8,0,0,738728.65207211,0,0,0
27451.4702677293,40,2644.6,2785.8,2318,0,0,738728.652072572,0,0,0
27451.5102667957,40,2624.4,2801,2339,0,0,738728.652073035,0,0,0
27451.5502658621,40,2595.2,2821.8,2358.2,0,0,738728.652073498,0,0,0
27451.5902649285,40,2549.8,2836,2390.8,0,0,738728.652073961,0,0,0
27451.6302639949,40,2500.8,2852.6,2441,0,0,738728.652074424,0,0,0
27451.6702630613,40,2441.2,2854.8,2499.6,0,0,738728.652074887,0,0,0
27451.7102621277,40,2374.2,2840.6,2574,0,0,738728.65207535,0,0,0
27451.7502611941,40,2315,2794.6,2650.2,0,0,738728.652075813,0,0,0
27451.7902602605,40,2268,2738.4,2716,0,0,738728.652076276,0,0,0
27451.8302593269,40,2239.2,2698.4,2753.4,0,0,738728.652076739,0,0,0
27451.8702583933,40,2237.8,2703.2,2754.4,0,0,738728.652077202,0,0,0
27451.9102574597,40,2263.2,2737.4,2719.6,0,0,738728.652077665,0,0,0
27451.9502565261,40,2306.6,2786.4,2667.2,0,0,738728.652078128,0,0,0
27451.9902555925,40,2345,2818.8,2612.2,0,0,738728.652078591,0,0,0
27452.0302546589,40,2378.8,2837.8,2570.8,0,0,738728.652079054,0,0,0
27452.0702537253,40,2398.6,2849.6,2550,0,0,738728.652079517,0,0,0
27452.1102527917,40,2397.8,2852,2547.8,0,0,738728.65207998,0,0,0
27452.1502518581,40,2385,2843.4,2563.8,0,0,738728.652080443,0,0,0
