38224.7438136558,40,2767.8,2609.4,2211,0,0,738728.776763239,0,0,0
38224.7838127222,40,2764,2619.4,2213.4,0,0,738728.776763702,0,0,0
38224.8238117886,40,2764,2618.6,2213.2,0,0,738728.776764164,0,0,0
38224.863810855,40,2766.6,2621.6,2219.8,0,0,738728.776764627,0,0,0
38224.9038099214,40,2764.8,2622.4,2216.8,0,0,738728.77676509,0,0,0
38224.9438089878,40,2766.2,2616.8,2215.4,0,0,738728.776765553,0,0,0
38224.9838080542,40,2770.6,2613,2211.6,0,0,738728.776766016,0,0,0
38225.0238071206,40,2775.2,2598.6,2205,0,0,738728.776766479,0,0,0
38225.063806187,40,2787.2,2589.6,2197.8,0,0,738728.776766942,0,0,0
38225.1038052534,40,2786.2,2577,2195.2,0,0,738728.776767405,0,0,0
38225.1438043198,40,2790.2,2566.4,2188.8,0,0,738728.776767868,0,0,0
38225.1838033862,40,2794.8,2565.4,2187.8,0,0,738728.776768331,0,0,0
38225.2238024526,40,2786.4,2563.2,2192.4,0,0,738728.776768794,0,0,0
38225.263801519,40,2780.4,2580.2,2199.6,0,0,738728.776769257,0,0,0
38225.3038005854,40,2772.8,2602.2,2205.2,0,0,738728.77676972,0,0,0
38225.3437996518,40,2769.8,2614.8,2211.6,0,0,738728.776770183,0,0,0
38225.3837987182,40,2768.8,2619.4,2215.2,0,0,738728.776770646,0,0,0
38225.4237977846,40,2758.6,2625.8,2219.6,0,0,738728.776771109,0,0,0
38225.463796851,40,2755,2635.6,2224.8,0,0,738728.776771572,0,0,0
38225.5037959174,40,2750.4,2645,2227.8,0,0,738728.776772035,0,0,0
38225.5437949838,40,2744.6,2645.8,2227.8,0,0,738728.776772498,0,0,0
38225.5837940502,40,2745.4,2646,2233,0,0,738728.776772961,0,0,0
38225.6237931166,40,2757,2637.4,2227.2,0,0,738728.776773424,0,0,0
38225.663792183,40,2769.6,2601.8,2209.2,0,0,738728.776773887,0,0,0
38225.7037912494,40,2790.2,2554.2,2182.2,0,0,738728.776774349,0,0,0
38225.7437903158,40,2799.6,2489.8,2155.8,0,0,738728.776774812,0,0,0
38225.7837893822,40,2795.2,2427.8,2135.8,0,0,738728.776775275,0,0,0
38225.8237884486,40,2765.8,2365.6,2116.4,0,0,738728.776775738,0,0,0
38225.863787515,40,2715.8,2314.8,2103.2,0,0,738728.776776201,0,0,0
38225.9037865814,40,2659,2265.4,2086.2,0,0,738728.776776664,0,0,0
38225.9437856478,40,2592,2230.4,2073.8,0,0,738728.776777127,0,0,0
38225.9837847142,40,2568.2,2220.2,2070.4,0,0,738728.77677759,0,0,0
38226.0237837806,40,2579.8,2223.4,2071.6,0,0,738728.776778053,0,0,0
38226.063782847,40,2591.6,2230.2,2078.4,0,0,738728.776778516,0,0,0
38226.1037819134,40,2607.2,2237.8,2074.6,0,0,738728.776778979,0,0,0
38226.1437809798,40,2612.4,2240.2,2079.4,0,0,738728.776779442,0,0,0
38226.1837800462,40,2625.2,2248.2,2076.6,0,0,738728.776779905,0,0,0
38226.2237791126,40,2637.8,2252,2085.6,0,0,738728.776780368,0,0,0
38226.263778179,40,2655.4,2267.6,2088,0,0,738728.776780831,0,0,0
38226.3037772454,40,2695.4,2292.2,2093.2,0,0,738728.776781294,0,0,0
38226.3437763118,40,2747,2335.8,2105,0,0,738728.776781757,0,0,0
38226.3837753782,40,2791.8,2412.8,2134.2,0,0,738728.77678222,0,0,0
38226.4237744446,40,2801.2,2525,2173.4,0,0,738728.776782683,0,0,0
38226.463773511,40,2746.6,2653.8,2235.6,0,0,738728.776783145,0,0,0
38226.5037725774,40,2639.2,2765.6,2310.2,0,0,738728.776783608,0,0,0
38226.5437716438,40,2550.8,2823.6,2392,0,0,738728.776784071,0,0,0
38226.5837707102,40,2530.8,2832.6,2404,0,0,738728.776784534,0,0,0
38226.6237697766,40,2599,2801.4,2350.4,0,0,738728.776784997,0,0,0
38226.663768843,40,2687.4,2730.2,2281,0,0,738728.77678546,0,0,0
38226.7037679094,40,2759.8,2625.6,2215.6,0,0,738728.776785923,0,0,0
38226.7437669758,40,2800.2,2507,2165.4,0,0,738728.776786386,0,0,0
38226.7837660422,40,2782.6,2403.4,2127.2,0,0,738728.776786849,0,0,0
38226.8237651086,40,2727.8,2322.4,2101.8,0,0,738728.776787312,0,0,0
38226.863764175,40,2657.2,2266.6,2086.6,0,0,738728.776787775,0,0,0
38226.9037632414,40,2590.6,2226.6,2075,0,0,738728.776788238,0,0,0
38226.9437623078,40,2569,2219.2,2070.8,0,0,738728.776788701,0,0,0
38226.9837613742,40,2586.6,2221.2,2071.6,0,0,738728.776789164,0,0,0
38227.0237604406,40,2607.4,2235.4,2075.2,0,0,738728.776789627,0,0,0
38227.063759507,40,2612.4,2237,2077.8,0,0,738728.77679009,0,0,0
38227.1037585734,40,2621.6,2241.4,2078.8,0,0,738728.776790553,0,0,0
38227.1437576398,40,2637.2,2254.4,2079.2,0,0,738728.776791016,0,0,0
38227.1837567062,40,2666.4,2274.4,2086.2,0,0,738728.776791479,0,0,0
38227.2237557726,40,2711,2306.6,2095.6,0,0,738728.776791942,0,0,0
38227.263754839,40,2753.4,2358.2,2113,0,0,738728.776792405,0,0,0
38227.3037539054,40,2795.8,2429.2,2141.6,0,0,738728.776792868,0,0,0
38227.3437529718,40,2796.4,2527.4,2176.8,0,0,738728.77679333,0,0,0
38227.3837520382,40,2758,2635.6,2220.6,0,0,738728.776793793,0,0,0
38227.4237511046,40,2681.2,2734.8,2289.8,0,0,738728.776794256,0,0,0
38227.463750171,40,2600,2799.2,2346.6,0,0,738728.776794719,0,0,0
38227.5037492374,40,2596,2800,2352.6,0,0,738728.776795182,0,0,0
38227.5437483038,40,2655.8,2757.2,2304,0,0,738728.776795645,0,0,0
38227.5837473702,40,2734.6,2669.4,2239.2,0,0,738728.776796108,0,0,0
38227.6237464366,40,2790.6,2558.4,2189,0,0,738728.776796571,0,0,0
38227.663745503,40,2799,2458.4,2145.6,0,0,738728.776797034,0,0,0
38227.7037445694,40,2767.2,2369.2,2118.8,0,0,738728.776797497,0,0,0
38227.7437436358,40,2700.8,2300.4,2094.8,0,0,738728.77679796,0,0,0
38227.7837427022,40,2624.8,2247.8,2074.8,0,0,738728.776798423,0,0,0
38227.8237417686,40,2563.4,2217,2073.8,0,0,738728.776798886,0,0,0
38227.863740835,40,2578.2,2220,2069.8,0,0,738728.776799349,0,0,0
38227.9037399014,40,2596.8,2227,2075,0,0,738728.776799812,0,0,0
38227.9437389678,40,2611.2,2235.4,2076.6,0,0,738728.776800275,0,0,0
38227.9837380342,40,2619.8,2248.8,2079.8,0,0,738728.776800738,0,0,0
38228.0237371006,40,2635.6,2251.8,2080,0,0,738728.776801201,0,0,0
38228.063736167,40,2660.8,2271.8,2086.4,0,0,738728.776801664,0,0,0
38228.1037352334,40,2704.8,2304.4,2096.2,0,0,738728.776802127,0,0,0
38228.1437342998,40,2751.2,2354,2111,0,0,738728.77680259,0,0,0
38228.1837333662,40,2790.6,2418.8,2134.4,0,0,738728.776803053,0,0,0
38228.2237324326,40,2802.6,2516.8,2171.6,0,0,738728.776803515,0,0,0
38228.263731499,40,2763.2,2617.6,2216.6,0,0,738728.776803978,0,0,0
38228.3037305654,40,2694,2720.4,2277.2,0,0,738728.776804441,0,0,0
38228.3437296318,40,2616.2,2792.4,2341.6,0,0,738728.776804904,0,0,0
38228.3837286982,40,2578.2,2814.4,2368.6,0,0,738728.776805367,0,0,0
38228.4237277646,40,2621.4,2786.2,2334.6,0,0,738728.77680583,0,0,0
38228.463726831,40,2702.8,2714.4,2267,0,0,738728.776806293,0,0,0
38228.5037258974,40,2771,2608.8,2212,0,0,738728.776806756,0,0,0
38228.5437249638,40,2804.2,2487,2159,0,0,738728.776807219,0,0,0
38228.5837240302,40,2779.8,2392.8,2123.6,0,0,738728.776807682,0,0,0
38228.6237230966,40,2718.8,2321.2,2102.4,0,0,738728.776808145,0,0,0
38228.663722163,40,2652.2,2268.2,2084.6,0,0,738728.776808608,0,0,0
38228.7037212294,40,2588,2227.8,2068.2,0,0,738728.776809071,0,0,0
38228.7437202958,40,2570.8,2219.8,2071.2,0,0,738728.776809534,0,0,0
38228.7837193622,40,2589.4,2229.2,2074.8,0,0,738728.776809997,0,0,0
38228.8237184286,40,2602.6,2229.8,2076.2,0,0,738728.77681046,0,0,0
38228.863717495,40,2618.2,2242,2077.6,0,0,738728.776810923,0,0,0
38228.9037165614,40,2631.2,2250.4,2080.4,0,0,738728.776811386,0,0,0
38228.9437156278,40,2655.4,2265.8,2084.8,0,0,738728.776811849,0,0,0
38228.9837146942,40,2689,2290.2,2094,0,0,738728.776812311,0,0,0
38229.0237137606,40,2738.6,2336.4,2107.6,0,0,738728.776812774,0,0,0
38229.063712827,40,2777.2,2397,2125.8,0,0,738728.776813237,0,0,0
38229.1037118934,40,2800.8,2485,2163.4,0,0,738728.7768137,0,0,0
38229.1437109598,40,2780.8,2592.4,2204.6,0,0,738728.776814163,0,0,0
38229.1837100262,40,2716.4,2689,2256.8,0,0,738728.776814626,0,0,0
38229.2237090926,40,2647,2767.6,2317,0,0,738728.776815089,0,0,0
38229.263708159,40,2599,2800.2,2347.6,0,0,738728.776815552,0,0,0
38229.3037072254,40,2623,2788,2332.2,0,0,738728.776816015,0,0,0
38229.3437062918,40,2685.6,2733,2282.6,0,0,738728.776816478,0,0,0
38229.3837053582,40,2752,2650,2234.6,0,0,738728.776816941,0,0,0
38229.4237044246,40,2792.4,2551.6,2183.4,0,0,738728.776817404,0,0,0
38229.463703491,40,2804.6,2465.8,2147.6,0,0,738728.776817867,0,0,0
38229.5037025574,40,2775.4,2388.6,2122.2,0,0,738728.77681833,0,0,0
38229.5437016238,40,2732.4,2324.8,2105.6,0,0,738728.776818793,0,0,0
38229.5837006902,40,2680,2284.6,2094,0,0,738728.776819256,0,0,0
38229.6236997566,40,2632.6,2253.4,2079.4,0,0,738728.776819719,0,0,0
38229.663698823,40,2602,2238,2074.8,0,0,738728.776820182,0,0,0
38229.7036978894,40,2586.6,2230,2072.6,0,0,738728.776820645,0,0,0
38229.7436969558,40,2587.8,2225.2,2072.4,0,0,738728.776821108,0,0,0
38229.7836960222,40,2613.6,2242,2080,0,0,738728.776821571,0,0,0
38229.8236950886,40,2641.6,2263.8,2080.2,0,0,738728.776822034,0,0,0
38229.863694155,40,2680.4,2283.8,2088.6,0,0,738728.776822496,0,0,0
38229.9036932214,40,2729.4,2324,2105.6,0,0,738728.776822959,0,0,0
38229.9436922878,40,2771.8,2377.6,2120.6,0,0,738728.776823422,0,0,0
38229.9836913542,40,2795.8,2459,2154.4,0,0,738728.776823885,0,0,0
38230.0236904206,40,2795,2559.8,2191.4,0,0,738728.776824348,0,0,0
38230.063689487,40,2745.2,2659.6,2232,0,0,738728.776824811,0,0,0
38230.1036885534,40,2663.4,2748.4,2301.6,0,0,738728.776825274,0,0,0
38230.1436876198,40,2592,2800.6,2351.6,0,0,738728.776825737,0,0,0
38230.1836866862,40,2580.6,2811,2365.8,0,0,738728.7768262,0,0,0
38230.2236857526,40,2628.8,2782,2331.2,0,0,738728.776826663,0,0,0
38230.263684819,40,2695.8,2722.6,2272.2,0,0,738728.776827126,0,0,0
38230.3036838854,40,2759.2,2629.8,2215.6,0,0,738728.776827589,0,0,0
38230.3436829518,40,2797.6,2515.6,2173.2,0,0,738728.776828052,0,0,0
38230.3836820182,40,2793.6,2421,2135,0,0,738728.776828515,0,0,0
38230.4236810846,40,2742.4,2337.2,2105,0,0,738728.776828978,0,0,0
38230.463680151,40,2677.6,2281.4,2091.4,0,0,738728.776829441,0,0,0
38230.5036792174,40,2605,2238,2074.8,0,0,738728.776829904,0,0,0
38230.5436782838,40,2556.8,2212,2071,0,0,738728.776830367,0,0,0
38230.5836773502,40,2580.6,2225.8,2070.8,0,0,738728.77683083,0,0,0
38230.6236764166,40,2604.8,2234.4,2078.8,0,0,738728.776831293,0,0,0
38230.663675483,40,2609.6,2236.6,2077,0,0,738728.776831756,0,0,0
38230.7036745494,40,2618.4,2244.8,2080,0,0,738728.776832219,0,0,0
38230.7436736158,40,2636.2,2248.6,2081.2,0,0,738728.776832681,0,0,0
38230.7836726822,40,2661.2,2272.2,2080.6,0,0,738728.776833144,0,0,0
38230.8236717486,40,2706,2303,2095.2,0,0,738728.776833607,0,0,0
38230.863670815,40,2756,2354.4,2110.6,0,0,738728.77683407,0,0,0
38230.9036698814,40,2793,2436.2,2139.6,0,0,738728.776834533,0,0,0
38230.9436689478,40,2800,2524.6,2177.6,0,0,738728.776834996,0,0,0
38230.9836680142,40,2758.6,2630.6,2227,0,0,738728.776835459,0,0,0
38231.0236670806,40,2694,2721.8,2280.6,0,0,738728.776835922,0,0,0
38231.063666147,40,2627.8,2779.8,2328.6,0,0,738728.776836385,0,0,0
38231.1036652134,40,2621.8,2783,2330.2,0,0,738728.776836848,0,0,0
38231.1436642798,40,2665.6,2744.4,2298,0,0,738728.776837311,0,0,0
38231.1836633462,40,2728.6,2684.6,2247,0,0,738728.776837774,0,0,0
38231.2236624126,40,2774.4,2593,2206,0,0,738728.776838237,0,0,0
38231.263661479,40,2800,2505.8,2164,0,0,738728.7768387,0,0,0
38231.3036605454,40,2794,2421.2,2134.8,0,0,738728.776839163,0,0,0
38231.3436596118,40,2752.4,2354.4,2109.4,0,0,738728.776839626,0,0,0
38231.3836586782,40,2707.6,2306.6,2098.2,0,0,738728.776840089,0,0,0
38231.4236577446,40,2666.6,2268.8,2089,0,0,738728.776840552,0,0,0
38231.463656811,40,2629,2245.8,2078.6,0,0,738728.776841015,0,0,0
38231.5036558774,40,2619.2,2243,2080.4,0,0,738728.776841477,0,0,0
38231.5436549438,40,2639.2,2254.8,2081.4,0,0,738728.77684194,0,0,0
38231.5836540102,40,2661.8,2275.2,2089.8,0,0,738728.776842403,0,0,0
38231.6236530766,40,2702.4,2292.4,2094.2,0,0,738728.776842866,0,0,0
38231.663652143,40,2734,2335.2,2110.4,0,0,738728.776843329,0,0,0
38231.7036512094,40,2767.4,2381.4,2125,0,0,738728.776843792,0,0,0
38231.7436502758,40,2799.8,2440.8,2144.4,0,0,738728.776844255,0,0,0
38231.7836493422,40,2798.6,2521.2,2174.4,0,0,738728.776844718,0,0,0
38231.8236484086,40,2770.6,2612.4,2214.4,0,0,738728.776845181,0,0,0
38231.863647475,40,2707.4,2703.6,2263.4,0,0,738728.776845644,0,0,0
38231.9036465414,40,2610.8,2790.2,2337.4,0,0,738728.776846107,0,0,0
38231.9436456078,40,2491.2,2842,2442.6,0,0,738728.77684657,0,0,0
38231.9836446742,40,2374,2830.8,2564.8,0,0,738728.776847033,0,0,0
38232.0236437406,40,2275,2752.8,2690.8,0,0,738728.776847496,0,0,0
38232.063642807,40,2210.2,2652.2,2774.8,0,0,738728.776847959,0,0,0
38232.1036418734,40,2202,2629.4,2789,0,0,738728.776848422,0,0,0
38232.1436409398,40,2226.8,2684.6,2756.8,0,0,738728.776848885,0,0,0
38232.1836400062,40,2279.2,2756.2,2689.2,0,0,738728.776849348,0,0,0
38232.2236390726,40,2362.4,2826,2590.2,0,0,738728.776849811,0,0,0
38232.263638139,40,2455,2847.8,2477.4,0,0,738728.776850274,0,0,0
38232.3036372054,40,2559.6,2824.2,2375,0,0,738728.776850737,0,0,0
38232.3436362718,40,2648.8,2762,2306.8,0,0,738728.776851199,0,0,0
38232.3836353382,40,2722.6,2694.8,2248.8,0,0,738728.776851662,0,0,0
38232.4236344046,40,2763.8,2624,2214.2,0,0,738728.776852125,0,0,0
38232.463633471,40,2784.4,2588,2199,0,0,738728.776852588,0,0,0
38232.5036325374,40,2783.6,2596,2202,0,0,738728.776853051,0,0,0
38232.5436316038,40,2756.4,2645.6,2226.6,0,0,738728.776853514,0,0,0
38232.5836306702,40,2702.6,2716.4,2265.6,0,0,738728.776853977,0,0,0
38232.6236297366,40,2624.4,2783.6,2327.6,0,0,738728.77685444,0,0,0
38232.663628803,40,2533.4,2833.6,2403.2,0,0,738728.776854903,0,0,0
38232.7036278694,40,2424.4,2846.4,2505.8,0,0,738728.776855366,0,0,0
38232.7436269358,40,2336.8,2810.6,2612.2,0,0,738728.776855829,0,0,0
38232.7836260022,40,2260.8,2734,2712.8,0,0,738728.776856292,0,0,0
38232.8236250686,40,2208,2651.2,2777,0,0,738728.776856755,0,0,0
38232.863624135,40,2194.6,2597.6,2799,0,0,738728.776857218,0,0,0
38232.9036232014,40,2202.4,2632.2,2787.8,0,0,738728.776857681,0,0,0
38232.9436222678,40,2244.6,2705.6,2734.2,0,0,738728.776858144,0,0,0
38232.9836213342,40,2317.4,2791,2638.6,0,0,738728.776858607,0,0,0
38233.0236204006,40,2419.6,2842.4,2516.8,0,0,738728.77685907,0,0,0
38233.063619467,40,2529,2836.6,2408,0,0,738728.776859533,0,0,0
38233.1036185334,40,2632.6,2778.4,2318.2,0,0,738728.776859996,0,0,0
38233.1436175998,40,2711.4,2703,2257,0,0,738728.776860459,0,0,0
38233.1836166662,40,2754,2643.4,2228.2,0,0,738728.776860922,0,0,0
38233.2236157326,40,2770.2,2619.8,2212.2,0,0,738728.776861384,0,0,0
38233.263614799,40,2757.4,2639.4,2219,0,0,738728.776861847,0,0,0
38233.3036138654,40,2730.2,2672.8,2245.2,0,0,738728.77686231,0,0,0
38233.3436129318,40,2690,2722.8,2271.6,0,0,738728.776862773,0,0,0
38233.3836119982,40,2629.8,2775.6,2322.4,0,0,738728.776863236,0,0,0
38233.4236110646,40,2555,2823.8,2386,0,0,738728.776863699,0,0,0
38233.463610131,40,2475.4,2845.4,2452.8,0,0,738728.776864162,0,0,0
38233.5036091974,40,2394.6,2839,2537.6,0,0,738728.776864625,0,0,0
38233.5436082638,40,2325.8,2800,2623.6,0,0,738728.776865088,0,0,0
38233.5836073302,40,2272.4,2746.8,2697.8,0,0,738728.776865551,0,0,0
38233.6236063966,40,2238,2691.8,2745.4,0,0,738728.776866014,0,0,0
38233.663605463,40,2220.8,2661.6,2769.8,0,0,738728.776866477,0,0,0
38233.7036045294,40,2232.4,2683.6,2745.8,0,0,738728.77686694,0,0,0
38233.7436035958,40,2269.2,2739,2713.4,0,0,738728.776867403,0,0,0
38233.7836026622,40,2323.6,2800.8,2632.2,0,0,738728.776867866,0,0,0
38233.8236017286,40,2400.2,2842.2,2532.2,0,0,738728.776868329,0,0,0
38233.863600795,40,2500.4,2846.2,2438.6,0,0,738728.776868792,0,0,0
38233.9035998614,40,2592.2,2809.4,2354.4,0,0,738728.776869255,0,0,0
38233.9435989278,40,2679,2739,2287.8,0,0,738728.776869718,0,0,0
38233.9835979942,40,2745,2656.2,2232.4,0,0,738728.776870181,0,0,0
38234.0235970606,40,2783.2,2588.8,2198.6,0,0,738728.776870643,0,0,0
38234.063596127,40,2790.2,2544.4,2182.4,0,0,738728.776871106,0,0,0
38234.1035951934,40,2796,2540.6,2180,0,0,738728.776871569,0,0,0
38234.1435942598,40,2785.6,2578.4,2196,0,0,738728.776872032,0,0,0
38234.1835933262,40,2761.2,2632.6,2222.6,0,0,738728.776872495,0,0,0
38234.2235923926,40,2711.6,2702.4,2261,0,0,738728.776872958,0,0,0
38234.263591459,40,2637.8,2769.4,2316.2,0,0,738728.776873421,0,0,0
38234.3035905254,40,2546,2830.2,2395.8,0,0,738728.776873884,0,0,0
38234.3435895918,40,2445.6,2849.8,2494.6,0,0,738728.776874347,0,0,0
38234.3835886582,40,2351,2817.8,2585.4,0,0,738728.77687481,0,0,0
38234.4235877246,40,2281.6,2751.6,2686,0,0,738728.776875273,0,0,0
38234.463586791,40,2229,2679.8,2751.8,0,0,738728.776875736,0,0,0
38234.5035858574,40,2198.2,2638.6,2786.2,0,0,738728.776876199,0,0,0
38234.5435849238,40,2208.8,2646.6,2770.2,0,0,738728.776876662,0,0,0
38234.5835839902,40,2237.4,2689.6,2742.4,0,0,738728.776877125,0,0,0
38234.6235830566,40,2280.8,2751.8,2688.4,0,0,738728.776877588,0,0,0
38234.663582123,40,2334.8,2803.8,2620,0,0,738728.776878051,0,0,0
38234.7035811894,40,2404.6,2839.4,2527.4,0,0,738728.776878514,0,0,0
38234.7435802558,40,2484.8,2844.6,2445,0,0,738728.776878977,0,0,0
38234.7835793222,40,2569.6,2814,2368.6,0,0,738728.77687944,0,0,0
38234.8235783886,40,2646.2,2763.8,2309,0,0,738728.776879903,0,0,0
38234.863577455,40,2710.6,2704.2,2260.6,0,0,738728.776880365,0,0,0
38234.9035765214,40,2752.4,2638,2224.4,0,0,738728.776880828,0,0,0
38234.9435755878,40,2772.4,2600,2200.8,0,0,738728.776881291,0,0,0
38234.9835746542,40,2780.8,2581.6,2196.2,0,0,738728.776881754,0,0,0
38235.0235737206,40,2776.4,2598.2,2204.6,0,0,738728.776882217,0,0,0
38235.063572787,40,2757.2,2631.6,2220.8,0,0,738728.77688268,0,0,0
38235.1035718534,40,2731.6,2677.6,2247,0,0,738728.776883143,0,0,0
38235.1435709198,40,2681.6,2736.8,2284.8,0,0,738728.776883606,0,0,0
38235.1835699862,40,2615,2785.6,2331.8,0,0,738728.776884069,0,0,0
38235.2235690526,40,2536.2,2829.6,2396.6,0,0,738728.776884532,0,0,0
38235.263568119,40,2462.6,2846.2,2471.8,0,0,738728.776884995,0,0,0
38235.3035671854,40,2382.6,2833.6,2553.8,0,0,738728.776885458,0,0,0
38235.3435662518,40,2321.4,2796.4,2630.8,0,0,738728.776885921,0,0,0
38235.3835653182,40,2271.8,2749.6,2691.8,0,0,738728.776886384,0,0,0
38235.4235643846,40,2250.6,2708.8,2727.6,0,0,738728.776886847,0,0,0
38235.463563451,40,2236.4,2693.6,2746.6,0,0,738728.77688731,0,0,0
38235.5035625174,40,2243,2699.4,2744,0,0,738728.776887773,0,0,0
38235.5435615838,40,2244.8,2704.8,2735.8,0,0,738728.776888236,0,0,0
38235.5835606502,40,2236.6,2698.2,2736.2,0,0,738728.776888699,0,0,0
38235.6235597166,40,2235.2,2694.8,2746.8,0,0,738728.776889162,0,0,0
38235.663558783,40,2227.4,2686.6,2754,0,0,738728.776889625,0,0,0
38235.7035578494,40,2228.8,2673.8,2753.8,0,0,738728.776890088,0,0,0
38235.7435569158,40,2219.4,2668.4,2764.2,0,0,738728.77689055,0,0,0
38235.7835559822,40,2217.8,2661.4,2772,0,0,738728.776891013,0,0,0
38235.8235550486,40,2215.4,2653.4,2770,0,0,738728.776891476,0,0,0
38235.863554115,40,2212.4,2645.2,2774.2,0,0,738728.776891939,0,0,0
38235.9035531814,40,2205.8,2635.6,2783,0,0,738728.776892402,0,0,0
38235.9435522478,40,2198.6,2630.6,2781.6,0,0,738728.776892865,0,0,0
38235.9835513142,40,2195,2621.8,2787.8,0,0,738728.776893328,0,0,0
38236.0235503806,40,2191.4,2616.4,2793.6,0,0,738728.776893791,0,0,0
38236.063549447,40,2187.4,2605.8,2796.2,0,0,738728.776894254,0,0,0
38236.1035485134,40,2185,2598,2800.6,0,0,738728.776894717,0,0,0
38236.1435475798,40,2184,2591.8,2809.6,0,0,738728.77689518,0,0,0
38236.1835466462,40,2180,2575.8,2808.8,0,0,738728.776895643,0,0,0
38236.2235457126,40,2173.8,2570.6,2812.2,0,0,738728.776896106,0,0,0
38236.263544779,40,2170.6,2560,2812.2,0,0,738728.776896569,0,0,0
38236.3035438454,40,2163.6,2541.2,2815,0,0,738728.776897032,0,0,0
38236.3435429118,40,2161,2534.2,2823,0,0,738728.776897495,0,0,0
38236.3835419782,40,2160.4,2524,2817.4,0,0,738728.776897958,0,0,0
38236.4235410446,40,2151.8,2510.8,2818.4,0,0,738728.776898421,0,0,0
38236.463540111,40,2143.8,2495.8,2820.2,0,0,738728.776898884,0,0,0
38236.5035391774,40,2131.8,2468.6,2814.4,0,0,738728.776899346,0,0,0
38236.5435382438,40,2120.4,2437.2,2810.4,0,0,738728.776899809,0,0,0
38236.5835373102,40,2114.8,2411.2,2796.2,0,0,738728.776900272,0,0,0
38236.6235363766,40,2105.2,2387.6,2788,0,0,738728.776900735,0,0,0
38236.663535443,40,2106.2,2391.6,2787.6,0,0,738728.776901198,0,0,0
38236.7035345094,40,2105.2,2388.4,2789.4,0,0,738728.776901661,0,0,0
38236.7435335758,40,2110.8,2392.8,2789.4,0,0,738728.776902124,0,0,0
38236.7835326422,40,2109,2387.6,2787.6,0,0,738728.776902587,0,0,0
38236.8235317086,40,2109.2,2386.4,2791.6,0,0,738728.77690305,0,0,0
38236.863530775,40,2105.2,2389,2785.8,0,0,738728.776903513,0,0,0
38236.9035298414,40,2106,2392.4,2788.4,0,0,738728.776903976,0,0,0
38236.9435289078,40,2111.4,2413.8,2798.8,0,0,738728.776904439,0,0,0
38236.9835279742,40,2123,2448.6,2813.4,0,0,738728.776904902,0,0,0
38237.0235270406,40,2149.6,2503.6,2822.2,0,0,738728.776905365,0,0,0
38237.063526107,40,2177.2,2576.8,2816.2,0,0,738728.776905828,0,0,0
38237.1035251734,40,2220.6,2663.6,2765.2,0,0,738728.776906291,0,0,0
38237.1435242398,40,2284.4,2759.6,2684.6,0,0,738728.776906754,0,0,0
38237.1835233062,40,2372,2826.6,2571.8,0,0,738728.776907217,0,0,0
38237.2235223726,40,2467.4,2844.4,2456.8,0,0,738728.77690768,0,0,0
38237.263521439,40,2573,2815,2370,0,0,738728.776908143,0,0,0
38237.3035205054,40,2647.2,2771.2,2311.4,0,0,738728.776908606,0,0,0
38237.3435195718,40,2684.6,2734.4,2282.2,0,0,738728.776909069,0,0,0
38237.3835186382,40,2705.2,2714.8,2271.6,0,0,738728.776909531,0,0,0
38237.4235177046,40,2685.4,2734.2,2282.6,0,0,738728.776909994,0,0,0
38237.463516771,40,2661.6,2752,2297,0,0,738728.776910457,0,0,0
38237.5035158374,40,2631.6,2781.8,2321.2,0,0,738728.77691092,0,0,0
38237.5435149038,40,2587.6,2808.4,2360.4,0,0,738728.776911383,0,0,0
38237.5835139702,40,2519.2,2840.2,2411.2,0,0,738728.776911846,0,0,0
38237.6235130366,40,2439.6,2844.2,2493.8,0,0,738728.776912309,0,0,0
38237.663512103,40,2357.2,2817.8,2588.4,0,0,738728.776912772,0,0,0
38237.7035111694,40,2291.2,2764.8,2668.8,0,0,738728.776913235,0,0,0
38237.7435102358,40,2274,2742.8,2692.4,0,0,738728.776913698,0,0,0
38237.7835093022,40,2318,2792.4,2633.8,0,0,738728.776914161,0,0,0
38237.8235083686,40,2410,2839.2,2528.2,0,0,738728.776914624,0,0,0
38237.863507435,40,2525.2,2840.2,2410.8,0,0,738728.776915087,0,0,0
38237.9035065014,40,2629.8,2782.6,2323.4,0,0,738728.77691555,0,0,0
38237.9435055678,40,2686.6,2732.2,2280.6,0,0,738728.776916013,0,0,0
38237.9835046342,40,2690,2728.6,2278.4,0,0,738728.776916476,0,0,0
38238.0235037006,40,2665,2753.2,2295.8,0,0,738728.776916939,0,0,0
38238.063502767,40,2635.8,2779.8,2318.6,0,0,738728.776917402,0,0,0
38238.1035018334,40,2588.2,2806.6,2354.8,0,0,738728.776917865,0,0,0
38238.1435008998,40,2518.4,2836.4,2417.6,0,0,738728.776918328,0,0,0
38238.1834999662,40,2431.6,2849.6,2501.2,0,0,738728.776918791,0,0,0
38238.2234990326,40,2347,2815,2598.2,0,0,738728.776919254,0,0,0
38238.263498099,40,2287.2,2764.8,2673.8,0,0,738728.776919716,0,0,0
38238.3034971654,40,2287.4,2759.2,2685.2,0,0,738728.776920179,0,0,0
38238.3434962318,40,2331.2,2810.2,2615.2,0,0,738728.776920642,0,0,0
38238.3834952982,40,2426.8,2846,2504.8,0,0,738728.776921105,0,0,0
38238.4234943646,40,2539.4,2830.6,2391.6,0,0,738728.776921568,0,0,0
38238.463493431,40,2627.2,2784.6,2325,0,0,738728.776922031,0,0,0
38238.5034924974,40,2660.8,2751.8,2294.8,0,0,738728.776922494,0,0,0
38238.5434915638,40,2656.4,2758.6,2305.6,0,0,738728.776922957,0,0,0
38238.5834906302,40,2630.4,2785,2327.8,0,0,738728.77692342,0,0,0
38238.6234896966,40,2606,2799.4,2344,0,0,738728.776923883,0,0,0
38238.663488763,40,2562.6,2822,2377.8,0,0,738728.776924346,0,0,0
38238.7034878294,40,2508.2,2841,2432.4,0,0,738728.776924809,0,0,0
38238.7434868958,40,2434,2847.2,2503.6,0,0,738728.776925272,0,0,0
38238.7834859622,40,2358.6,2822.8,2585,0,0,738728.776925735,0,0,0
38238.8234850286,40,2298.2,2769.2,2663.2,0,0,738728.776926198,0,0,0
38238.863484095,40,2273.6,2745.8,2701,0,0,738728.776926661,0,0,0
38238.9034831614,40,2310.2,2778.4,2654.2,0,0,738728.776927124,0,0,0
38238.9434822278,40,2393.6,2833,2548.4,0,0,738728.776927587,0,0,0
38238.9834812942,40,2494.8,2843.6,2435.8,0,0,738728.77692805,0,0,0
38239.0234803606,40,2576,2814.6,2368,0,0,738728.776928512,0,0,0
38239.063479427,40,2604.4,2801.8,2345.6,0,0,738728.776928975,0,0,0
38239.1034784934,40,2581.4,2809.6,2360.8,0,0,738728.776929438,0,0,0
38239.1434775598,40,2559,2817.4,2385,0,0,738728.776929901,0,0,0
38239.1834766262,40,2534,2827.4,2400,0,0,738728.776930364,0,0,0
38239.2234756926,40,2490.4,2842.8,2439.8,0,0,738728.776930827,0,0,0
38239.263474759,40,2420.8,2837.6,2515,0,0,738728.77693129,0,0,0
38239.3034738254,40,2342.8,2813.6,2604.2,0,0,738728.776931753,0,0,0
38239.3434728918,40,2275,2741.6,2691.2,0,0,738728.776932216,0,0,0
38239.3834719582,40,2218.8,2670,2763.2,0,0,738728.776932679,0,0,0
38239.4234710246,40,2201,2624,2788.6,0,0,738728.776933142,0,0,0
38239.463470091,40,2223.8,2673,2755.8,0,0,738728.776933605,0,0,0
38239.5034691574,40,2283.2,2758.8,2683,0,0,738728.776934068,0,0,0
38239.5434682238,40,2370.4,2828.4,2576.8,0,0,738728.776934531,0,0,0
38239.5834672902,40,2459.4,2847.8,2474.4,0,0,738728.776934994,0,0,0
38239.6234663566,40,2519.6,2834.2,2418.2,0,0,738728.776935457,0,0,0
38239.663465423,40,2513.6,2837.4,2418,0,0,738728.77693592,0,0,0
38239.7034644894,40,2490,2847,2438.2,0,0,738728.776936383,0,0,0
38239.7434635558,40,2460.8,2848,2470.8,0,0,738728.776936846,0,0,0
38239.7834626222,40,2412.2,2849.6,2520.6,0,0,738728.776937309,0,0,0
38239.8234616886,40,2356,2822.4,2591.2,0,0,738728.776937772,0,0,0
38239.863460755,40,2289.6,2764.6,2673.2,0,0,738728.776938234,0,0,0
38239.9034598214,40,2237,2688.8,2745.2,0,0,738728.776938697,0,0,0
38239.9434588878,40,2196.8,2621.4,2790.2,0,0,738728.77693916,0,0,0
38239.9834579542,40,2185.8,2593.8,2803.2,0,0,738728.776939623,0,0,0
38240.0234570206,40,2213,2645.6,2778.8,0,0,738728.776940086,0,0,0
38240.063456087,40,2270,2741,2701.8,0,0,738728.776940549,0,0,0
38240.1034551534,40,2348.2,2817.6,2602,0,0,738728.776941012,0,0,0
38240.1434542198,40,2436.4,2845.4,2494.6,0,0,738728.776941475,0,0,0
38240.1834532862,40,2507.4,2841.6,2420.2,0,0,738728.776941938,0,0,0
38240.2234523526,40,2530.8,2833.4,2406.4,0,0,738728.776942401,0,0,0
38240.263451419,40,2504,2846,2429.4,0,0,738728.776942864,0,0,0
38240.3034504854,40,2461.6,2846,2468.8,0,0,738728.776943327,0,0,0
38240.3434495518,40,2421,2842.6,2514.8,0,0,738728.77694379,0,0,0
38240.3834486182,40,2363.2,2823.2,2584.4,0,0,738728.776944253,0,0,0
38240.4234476846,40,2301,2775,2661.2,0,0,738728.776944716,0,0,0
38240.463446751,40,2239.8,2696,2738.2,0,0,738728.776945179,0,0,0
38240.5034458174,40,2201.6,2624.6,2787.4,0,0,738728.776945642,0,0,0
38240.5434448838,40,2180.8,2591.2,2807.4,0,0,738728.776946105,0,0,0
38240.5834439502,40,2200.8,2624.6,2784.4,0,0,738728.776946568,0,0,0
38240.6234430166,40,2238,2693.2,2744.6,0,0,738728.776947031,0,0,0
38240.663442083,40,2296.8,2765.2,2673.2,0,0,738728.776947494,0,0,0
38240.7034411494,40,2350.8,2819,2594.4,0,0,738728.776947957,0,0,0
38240.7434402158,40,2417,2839.4,2516,0,0,738728.77694842,0,0,0
38240.7834392822,40,2487,2845.6,2451.4,0,0,738728.776948882,0,0,0
38240.8234383486,40,2535,2832.8,2396.6,0,0,738728.776949345,0,0,0
38240.863437415,40,2579.4,2810,2362,0,0,738728.776949808,0,0,0
38240.9034364814,40,2609,2790,2337.2,0,0,738728.776950271,0,0,0
38240.9434355478,40,2633.4,2782.4,2315.6,0,0,738728.776950734,0,0,0
38240.9834346142,40,2644.4,2771.8,2312.2,0,0,738728.776951197,0,0,0
38241.0234336806,40,2643.2,2770.8,2315.2,0,0,738728.77695166,0,0,0
38241.063432747,40,2631.6,2780.4,2323,0,0,738728.776952123,0,0,0
38241.1034318134,40,2613.8,2794.8,2331.4,0,0,738728.776952586,0,0,0
38241.1434308798,40,2611,2793,2339.2,0,0,738728.776953049,0,0,0
38241.1834299462,40,2609.8,2790.4,2341.8,0,0,738728.776953512,0,0,0
38241.2234290126,40,2601.4,2802.6,2345.8,0,0,738728.776953975,0,0,0
38241.263428079,40,2593.8,2802.8,2345.2,0,0,738728.776954438,0,0,0
38241.3034271454,40,2593.2,2809.8,2351.6,0,0,738728.776954901,0,0,0
38241.3434262118,40,2588.6,2807.8,2359.4,0,0,738728.776955364,0,0,0
38241.3834252782,40,2579,2813.6,2364.4,0,0,738728.776955827,0,0,0
38241.4234243446,40,2569.4,2812.4,2366,0,0,738728.77695629,0,0,0
38241.463423411,40,2566.8,2822.8,2377.2,0,0,738728.776956753,0,0,0
38241.5034224774,40,2560.6,2821,2379.4,0,0,738728.776957216,0,0,0
38241.5434215438,40,2556,2822.8,2383.2,0,0,738728.776957678,0,0,0
38241.5834206102,40,2548.2,2825.6,2394,0,0,738728.776958141,0,0,0
38241.6234196766,40,2535.8,2828.4,2394.6,0,0,738728.776958604,0,0,0
38241.663418743,40,2532.4,2830.6,2402.2,0,0,738728.776959067,0,0,0
38241.7034178094,40,2532.2,2837.2,2406.6,0,0,738728.77695953,0,0,0
38241.7434168758,40,2522.2,2836.6,2413.6,0,0,738728.776959993,0,0,0
38241.7834159422,40,2520,2841.2,2416.2,0,0,738728.776960456,0,0,0
38241.8234150086,40,2510,2835.6,2419,0,0,738728.776960919,0,0,0
38241.863414075,40,2508,2842.2,2427.4,0,0,738728.776961382,0,0,0
38241.9034131414,40,2500,2840.6,2435,0,0,738728.776961845,0,0,0
38241.9434122078,40,2497.2,2841.4,2436.2,0,0,738728.776962308,0,0,0
38241.9834112742,40,2489.8,2841.6,2441,0,0,738728.776962771,0,0,0
38242.0234103406,40,2486.6,2843.4,2443.4,0,0,738728.776963234,0,0,0
38242.063409407,40,2478.2,2845.4,2447.2,0,0,738728.776963697,0,0,0
38242.1034084734,40,2472,2848.6,2459.8,0,0,738728.77696416,0,0,0
38242.1434075398,40,2465.2,2847.6,2461.6,0,0,738728.776964623,0,0,0
38242.1834066062,40,2463.2,2844.2,2470.4,0,0,738728.776965086,0,0,0
38242.2234056726,40,2456.4,2847.4,2471.2,0,0,738728.776965549,0,0,0
38242.263404739,40,2452.4,2846,2479.4,0,0,738728.776966012,0,0,0
38242.3034038054,40,2446.8,2846.8,2483.8,0,0,738728.776966475,0,0,0
38242.3434028718,40,2443.2,2849,2488.8,0,0,738728.776966938,0,0,0
38242.3834019382,40,2437.4,2849.4,2498,0,0,738728.7769674,0,0,0
38242.4234010046,40,2432.6,2848.2,2499.6,0,0,738728.776967863,0,0,0
38242.463400071,40,2426.8,2842.8,2505.6,0,0,738728.776968326,0,0,0
38242.5033991374,40,2423.8,2844.4,2509.6,0,0,738728.776968789,0,0,0
38242.5433982038,40,2417.2,2843.2,2514.6,0,0,738728.776969252,0,0,0
38242.5833972702,40,2407.6,2843,2518.2,0,0,738728.776969715,0,0,0
38242.6233963366,40,2408.2,2840,2528.4,0,0,738728.776970178,0,0,0
38242.663395403,40,2402.2,2840,2529.8,0,0,738728.776970641,0,0,0
38242.7033944694,40,2399.4,2842,2534.2,0,0,738728.776971104,0,0,0
38242.7433935358,40,2393.2,2835.8,2540.8,0,0,738728.776971567,0,0,0
38242.7833926022,40,2393.6,2835.2,2544.6,0,0,738728.77697203,0,0,0
38242.8233916686,40,2391.6,2844,2545.2,0,0,738728.776972493,0,0,0
38242.863390735,40,2395.8,2840.4,2546.6,0,0,738728.776972956,0,0,0
38242.9033898014,40,2399.4,2844.2,2533.2,0,0,738728.776973419,0,0,0
38242.9433888678,40,2416.6,2844.8,2514.4,0,0,738728.776973882,0,0,0
38242.9833879342,40,2448.2,2848.2,2484.8,0,0,738728.776974345,0,0,0
38243.0233870006,40,2499.8,2844.2,2434.8,0,0,738728.776974808,0,0,0
38243.063386067,40,2559.6,2827.4,2377.6,0,0,738728.776975271,0,0,0
38243.1033851334,40,2636.4,2778.4,2321.6,0,0,738728.776975734,0,0,0
38243.1433841998,40,2707.2,2715,2270,0,0,738728.776976197,0,0,0
38243.1833832662,40,2758,2633.6,2223.2,0,0,738728.77697666,0,0,0
38243.2233823326,40,2789.8,2548.2,2183.2,0,0,738728.776977123,0,0,0
38243.263381399,40,2803,2467.6,2151.6,0,0,738728.776977585,0,0,0
38243.3033804654,40,2784.6,2398.4,2127.8,0,0,738728.776978048,0,0,0
38243.3433795318,40,2742.6,2343.2,2101.4,0,0,738728.776978511,0,0,0
38243.3833785982,40,2692.8,2290.8,2089.6,0,0,738728.776978974,0,0,0
38243.4233776646,40,2644.2,2259,2082.6,0,0,738728.776979437,0,0,0
38243.463376731,40,2605,2235.6,2075.2,0,0,738728.7769799,0,0,0
38243.5033757974,40,2573.8,2215,2072.6,0,0,738728.776980363,0,0,0
38243.5433748638,40,2563.6,2214,2072.4,0,0,738728.776980826,0,0,0
38243.5833739302,40,2576.6,2226.2,2073.4,0,0,738728.776981289,0,0,0
38243.6233729966,40,2585.8,2227.6,2073.6,0,0,738728.776981752,0,0,0
38243.663372063,40,2594.2,2228.4,2073.2,0,0,738728.776982215,0,0,0
38243.7033711294,40,2602,2234.2,2074.2,0,0,738728.776982678,0,0,0
38243.7433701958,40,2606.4,2237.8,2079.4,0,0,738728.776983141,0,0,0
38243.7833692622,40,2613.2,2237.2,2075.4,0,0,738728.776983604,0,0,0
38243.8233683286,40,2620.6,2245.8,2078.6,0,0,738728.776984067,0,0,0
38243.863367395,40,2631.2,2257.2,2079.8,0,0,738728.77698453,0,0,0
38243.9033664614,40,2642,2257,2083.6,0,0,738728.776984993,0,0,0
38243.9433655278,40,2651.6,2264,2084,0,0,738728.776985456,0,0,0
38243.9833645942,40,2655.6,2267.2,2084,0,0,738728.776985919,0,0,0
38244.0233636606,40,2666.6,2273,2086.4,0,0,738728.776986382,0,0,0
38244.063362727,40,2671.8,2279.2,2091.8,0,0,738728.776986844,0,0,0
38244.1033617934,40,2680.4,2280.2,2092.4,0,0,738728.776987307,0,0,0
38244.1433608598,40,2684.8,2291.2,2089,0,0,738728.77698777,0,0,0
38244.1833599262,40,2695.8,2291.4,2093.4,0,0,738728.776988233,0,0,0
38244.2233589926,40,2699.8,2295.4,2095,0,0,738728.776988696,0,0,0
38244.263358059,40,2701.2,2301.8,2100.2,0,0,738728.776989159,0,0,0
38244.3033571254,40,2709.8,2302.6,2100,0,0,738728.776989622,0,0,0
38244.3433561918,40,2715.2,2314,2100.2,0,0,738728.776990085,0,0,0
38244.3833552582,40,2723.8,2320.2,2098.4,0,0,738728.776990548,0,0,0
38244.4233543246,40,2730.2,2327,2105,0,0,738728.776991011,0,0,0
38244.463353391,40,2731.4,2329.6,2103.8,0,0,738728.776991474,0,0,0
38244.5033524574,40,2732.2,2332.8,2106.8,0,0,738728.776991937,0,0,0
38244.5433515238,40,2738.2,2336.6,2105.2,0,0,738728.7769924,0,0,0
38244.5833505902,40,2740,2342.8,2106.8,0,0,738728.776992863,0,0,0
38244.6233496566,40,2749.6,2347.2,2109.2,0,0,738728.776993326,0,0,0
38244.663348723,40,2750.4,2351.4,2113.4,0,0,738728.776993789,0,0,0
38244.7033477894,40,2756,2356.8,2111.8,0,0,738728.776994252,0,0,0
38244.7433468558,40,2754.8,2362.6,2113.8,0,0,738728.776994715,0,0,0
38244.7833459222,40,2755.4,2367.8,2117.2,0,0,738728.776995178,0,0,0
38244.8233449886,40,2767.4,2371.2,2119.8,0,0,738728.776995641,0,0,0
38244.863344055,40,2772.8,2379.8,2123,0,0,738728.776996104,0,0,0
38244.9033431214,40,2771,2388,2123,0,0,738728.776996566,0,0,0
38244.9433421878,40,2777.4,2395.8,2130.2,0,0,738728.776997029,0,0,0
38244.9833412542,40,2779.6,2391.4,2125.4,0,0,738728.776997492,0,0,0
38245.0233403206,40,2781.8,2402.2,2130,0,0,738728.776997955,0,0,0
38245.063339387,40,2780.2,2405.2,2129.4,0,0,738728.776998418,0,0,0
38245.1033384534,40,2780,2414.4,2134.6,0,0,738728.776998881,0,0,0
38245.1433375198,40,2797.2,2413.8,2135.6,0,0,738728.776999344,0,0,0
38245.1833365862,40,2791.2,2420,2138,0,0,738728.776999807,0,0,0
38245.2233356526,40,2790.8,2425.2,2137,0,0,738728.77700027,0,0,0
38245.263334719,40,2792.8,2427.4,2138.2,0,0,738728.777000733,0,0,0
38245.3033337854,40,2794,2431.2,2146,0,0,738728.777001196,0,0,0
38245.3433328518,40,2796.4,2441.8,2145.2,0,0,738728.777001659,0,0,0
38245.3833319182,40,2801.4,2446.8,2142.6,0,0,738728.777002122,0,0,0
38245.4233309846,40,2804.2,2451.2,2149,0,0,738728.777002585,0,0,0
38245.463330051,40,2800.2,2457.4,2151.4,0,0,738728.777003048,0,0,0
38245.5033291174,40,2800.4,2466.4,2151.2,0,0,738728.777003511,0,0,0
38245.5433281838,40,2797,2469.8,2152,0,0,738728.777003974,0,0,0
38245.5833272502,40,2802,2478.8,2153.6,0,0,738728.777004437,0,0,0
38245.6233263166,40,2804,2481,2155.8,0,0,738728.7770049,0,0,0
38245.663325383,40,2801.6,2492.4,2162.6,0,0,738728.777005363,0,0,0
38245.7033244494,40,2802,2499.6,2162.8,0,0,738728.777005826,0,0,0
38245.7433235158,40,2804.4,2502.6,2165.4,0,0,738728.777006289,0,0,0
38245.7833225822,40,2798.4,2509.8,2167.4,0,0,738728.777006751,0,0,0
38245.8233216486,40,2803.6,2517.4,2173.6,0,0,738728.777007214,0,0,0
38245.863320715,40,2799.2,2524.4,2176.2,0,0,738728.777007677,0,0,0
