170862.757970148,40,2110.6,2382.8,2782.2,0,0,738730.31192544,0,0,0
170862.797969215,40,2110.2,2380.6,2786.6,0,0,738730.311925902,0,0,0
170862.837968281,40,2108.8,2384.8,2784.8,0,0,738730.311926365,0,0,0
170862.877967348,40,2113,2387.8,2786.8,0,0,738730.311926828,0,0,0
170862.917966414,40,2108.4,2382,2783.2,0,0,738730.311927291,0,0,0
170862.95796548,40,2110,2389.4,2788,0,0,738730.311927754,0,0,0
170862.997964547,40,2105.6,2386.6,2782.4,0,0,738730.311928217,0,0,0
170863.037963613,40,2107.6,2386.2,2784,0,0,738730.31192868,0,0,0
170863.07796268,40,2111.4,2384.2,2787.6,0,0,738730.311929143,0,0,0
170863.117961746,40,2108.2,2386.6,2788.8,0,0,738730.311929606,0,0,0
170863.157960812,40,2107.2,2386.6,2787.2,0,0,738730.311930069,0,0,0
170863.197959879,40,2111.6,2389.4,2788.4,0,0,738730.311930532,0,0,0
170863.241958852,44,2110,2388.6,2785,0,0,738730.311931041,0,0,0
170863.281957918,40,2104.2,2388.4,2787,0,0,738730.311931504,0,0,0
170863.321956985,40,2108.8,2386.4,2785.2,0,0,738730.311931967,0,0,0
170863.361956051,40,2112.6,2390.2,2786.2,0,0,738730.31193243,0,0,0
170863.401955117,40,2118.4,2415.8,2800.6,0,0,738730.311932893,0,0,0
170863.44295416,41,2130.8,2458.8,2813.4,0,0,738730.311933368,0,0,0
170863.482953227,40,2158,2538.2,2809.2,0,0,738730.31193383,0,0,0
170863.522952293,40,2213.6,2658.8,2759.4,0,0,738730.311934293,0,0,0
170863.56295136,40,2305.6,2774.2,2653.2,0,0,738730.311934756,0,0,0
170863.602950426,40,2413,2830.4,2517.4,0,0,738730.311935219,0,0,0
170863.643949469,41,2530.4,2830,2397.4,0,0,738730.311935694,0,0,0
170863.683948536,40,2630.6,2775.4,2317.6,0,0,738730.311936157,0,0,0
170863.723947602,40,2704.8,2695,2261.6,0,0,738730.31193662,0,0,0
170863.763946668,40,2743.4,2641,2226.2,0,0,738730.311937083,0,0,0
170863.803945735,40,2762.2,2610.8,2211.2,0,0,738730.311937546,0,0,0
170863.843944801,40,2769,2605.8,2212.2,0,0,738730.311938009,0,0,0
170863.883943868,40,2758.2,2628,2218.6,0,0,738730.311938472,0,0,0
170863.923942934,40,2748.2,2649.4,2230.4,0,0,738730.311938934,0,0,0
170863.963942,40,2730.8,2658.4,2236.2,0,0,738730.311939397,0,0,0
170864.003941067,40,2723,2672.8,2245,0,0,738730.31193986,0,0,0
170864.04794004,44,2705.6,2694,2252.6,0,0,738730.31194037,0,0,0
170864.087939106,40,2685.2,2718.4,2274.2,0,0,738730.311940833,0,0,0
170864.127938173,40,2656,2752.4,2290.8,0,0,738730.311941296,0,0,0
170864.167937239,40,2618,2780,2328.2,0,0,738730.311941758,0,0,0
170864.207936305,40,2563.6,2809.6,2377.6,0,0,738730.311942221,0,0,0
170864.247935372,40,2495,2836.6,2432.6,0,0,738730.311942684,0,0,0
170864.287934438,40,2425.8,2839.4,2506.6,0,0,738730.311943147,0,0,0
170864.327933505,40,2358.2,2817.6,2575.8,0,0,738730.31194361,0,0,0
170864.367932571,40,2326.2,2799.2,2610.2,0,0,738730.311944073,0,0,0
170864.407931637,40,2362.4,2820.4,2577,0,0,738730.311944536,0,0,0
170864.447930704,40,2435.8,2839.8,2490.8,0,0,738730.311944999,0,0,0
170864.48792977,40,2542,2819.6,2389.2,0,0,738730.311945462,0,0,0
170864.527928837,40,2655.8,2751.6,2301.6,0,0,738730.311945925,0,0,0
170864.567927903,40,2738,2662.2,2238.4,0,0,738730.311946388,0,0,0
170864.607926969,40,2782.6,2576.4,2190.6,0,0,738730.311946851,0,0,0
170864.647926036,40,2795,2507.4,2163.8,0,0,738730.311947314,0,0,0
170864.687925102,40,2799.2,2478.8,2153.6,0,0,738730.311947777,0,0,0
170864.727924169,40,2794,2481.4,2154.8,0,0,738730.31194824,0,0,0
170864.767923235,40,2796.2,2507.6,2162.2,0,0,738730.311948703,0,0,0
170864.807922301,40,2794.6,2539.4,2178.2,0,0,738730.311949166,0,0,0
170864.847921368,40,2775.4,2592.4,2203.8,0,0,738730.311949629,0,0,0
170864.887920434,40,2737.2,2658.2,2237,0,0,738730.311950092,0,0,0
170864.927919501,40,2667,2738.8,2292.8,0,0,738730.311950555,0,0,0
170864.967918567,40,2577.2,2803.4,2361.4,0,0,738730.311951018,0,0,0
170865.007917633,40,2483.2,2840.4,2443,0,0,738730.311951481,0,0,0
170865.0479167,40,2449.2,2840.2,2478,0,0,738730.311951943,0,0,0
170865.087915766,40,2521.8,2833.2,2416.8,0,0,738730.311952406,0,0,0
170865.127914833,40,2630.2,2773.2,2319,0,0,738730.311952869,0,0,0
170865.167913899,40,2740.8,2655,2228.6,0,0,738730.311953332,0,0,0
170865.207912965,40,2801,2521,2167.2,0,0,738730.311953795,0,0,0
170865.247912032,40,2786.6,2414.8,2129.6,0,0,738730.311954258,0,0,0
170865.287911098,40,2751.4,2352.6,2106.2,0,0,738730.311954721,0,0,0
170865.327910165,40,2725,2320.4,2101,0,0,738730.311955184,0,0,0
170865.367909231,40,2737.6,2328.4,2101.4,0,0,738730.311955647,0,0,0
170865.407908297,40,2762.2,2373.8,2117,0,0,738730.31195611,0,0,0
170865.447907364,40,2789.2,2429.2,2137.4,0,0,738730.311956573,0,0,0
170865.48790643,40,2802.4,2511.6,2169.2,0,0,738730.311957036,0,0,0
170865.527905497,40,2762.2,2620,2217,0,0,738730.311957499,0,0,0
170865.567904563,40,2677,2734.2,2285.4,0,0,738730.311957962,0,0,0
170865.607903629,40,2581.4,2801.8,2357,0,0,738730.311958425,0,0,0
170865.647902696,40,2578,2803.6,2355.8,0,0,738730.311958888,0,0,0
170865.687901762,40,2674.8,2732.4,2285.2,0,0,738730.311959351,0,0,0
170865.727900829,40,2771.2,2608.2,2206,0,0,738730.311959814,0,0,0
170865.767899895,40,2802.8,2469.2,2146,0,0,738730.311960277,0,0,0
170865.807898961,40,2762.6,2367.8,2110.8,0,0,738730.31196074,0,0,0
170865.847898028,40,2709.4,2302.6,2094,0,0,738730.311961203,0,0,0
170865.887897094,40,2680.4,2280.6,2088.4,0,0,738730.311961666,0,0,0
170865.927896161,40,2701.2,2296.6,2094.2,0,0,738730.311962128,0,0,0
170865.967895227,40,2746.4,2339.2,2105.2,0,0,738730.311962591,0,0,0
170866.007894293,40,2778.2,2392,2130.4,0,0,738730.311963054,0,0,0
170866.04789336,40,2795.8,2475,2154,0,0,738730.311963517,0,0,0
170866.087892426,40,2776.8,2585.8,2204,0,0,738730.31196398,0,0,0
170866.127891493,40,2697.2,2706.2,2264.2,0,0,738730.311964443,0,0,0
170866.167890559,40,2616.8,2780.6,2328,0,0,738730.311964906,0,0,0
170866.207889625,40,2644.8,2755.8,2306.2,0,0,738730.311965369,0,0,0
170866.247888692,40,2737.2,2662.6,2240,0,0,738730.311965832,0,0,0
170866.287887758,40,2796.2,2533,2176.6,0,0,738730.311966295,0,0,0
170866.327886825,40,2784.2,2419,2131.6,0,0,738730.311966758,0,0,0
170866.367885891,40,2727.4,2326.8,2102.8,0,0,738730.311967221,0,0,0
170866.407884957,40,2661.2,2266.6,2079,0,0,738730.311967684,0,0,0
170866.447884024,40,2606.4,2234.6,2078,0,0,738730.311968147,0,0,0
170866.48788309,40,2579.2,2221.4,2073.2,0,0,738730.31196861,0,0,0
170866.527882157,40,2584.8,2222.8,2071.6,0,0,738730.311969073,0,0,0
170866.567881223,40,2603,2234.6,2071.4,0,0,738730.311969536,0,0,0
170866.607880289,40,2621.4,2241.2,2079,0,0,738730.311969999,0,0,0
170866.647879356,40,2626,2245,2077.2,0,0,738730.311970462,0,0,0
170866.687878422,40,2627.4,2244.2,2080.8,0,0,738730.311970924,0,0,0
170866.727877489,40,2634.2,2249.2,2080.4,0,0,738730.311971387,0,0,0
170866.767876555,40,2639.4,2259,2082.4,0,0,738730.31197185,0,0,0
170866.807875621,40,2649.4,2255,2081.6,0,0,738730.311972313,0,0,0
170866.847874688,40,2653,2268,2083.6,0,0,738730.311972776,0,0,0
170866.887873754,40,2661.4,2269.6,2086.8,0,0,738730.311973239,0,0,0
170866.927872821,40,2669.4,2275.6,2084.6,0,0,738730.311973702,0,0,0
170866.967871887,40,2675.6,2274.2,2085.2,0,0,738730.311974165,0,0,0
170867.007870953,40,2683.4,2286.2,2091,0,0,738730.311974628,0,0,0
170867.04787002,40,2685.6,2287.2,2092.6,0,0,738730.311975091,0,0,0
170867.087869086,40,2694.8,2294.6,2097.4,0,0,738730.311975554,0,0,0
170867.127868153,40,2702,2297,2093.2,0,0,738730.311976017,0,0,0
170867.167867219,40,2706.4,2303.2,2096.4,0,0,738730.31197648,0,0,0
170867.207866285,40,2716,2310.2,2092,0,0,738730.311976943,0,0,0
170867.247865352,40,2721.4,2307.4,2098.2,0,0,738730.311977406,0,0,0
170867.287864418,40,2722.4,2317.6,2102.2,0,0,738730.311977869,0,0,0
170867.327863485,40,2725,2318.8,2103.6,0,0,738730.311978332,0,0,0
170867.367862551,40,2732.6,2328.8,2102.8,0,0,738730.311978795,0,0,0
170867.407861617,40,2735.6,2328.8,2106.8,0,0,738730.311979258,0,0,0
170867.447860684,40,2743.4,2336.2,2108,0,0,738730.311979721,0,0,0
170867.48785975,40,2747.2,2342.6,2106.6,0,0,738730.311980184,0,0,0
170867.527858817,40,2753.4,2350.2,2113.2,0,0,738730.311980647,0,0,0
170867.567857883,40,2756.8,2351.6,2109.4,0,0,738730.311981109,0,0,0
170867.607856949,40,2762,2353.8,2111.8,0,0,738730.311981572,0,0,0
170867.647856016,40,2767,2365.2,2115.6,0,0,738730.311982035,0,0,0
170867.687855082,40,2763,2370.2,2119.6,0,0,738730.311982498,0,0,0
170867.727854149,40,2764.6,2371.2,2117.2,0,0,738730.311982961,0,0,0
170867.767853215,40,2767.2,2381,2117.8,0,0,738730.311983424,0,0,0
170867.807852281,40,2773.4,2382.2,2120,0,0,738730.311983887,0,0,0
170867.847851348,40,2773.8,2389.4,2125.4,0,0,738730.31198435,0,0,0
170867.887850414,40,2778.6,2396.4,2129,0,0,738730.311984813,0,0,0
170867.927849481,40,2787.6,2406.4,2130,0,0,738730.311985276,0,0,0
170867.967848547,40,2782.4,2406.4,2130.2,0,0,738730.311985739,0,0,0
170868.007847613,40,2784.6,2415.2,2130.2,0,0,738730.311986202,0,0,0
170868.04784668,40,2787.4,2417.4,2132.6,0,0,738730.311986665,0,0,0
170868.087845746,40,2791,2425,2134,0,0,738730.311987128,0,0,0
170868.127844813,40,2791.2,2432.4,2138.4,0,0,738730.311987591,0,0,0
170868.167843879,40,2796.2,2439.2,2135,0,0,738730.311988054,0,0,0
170868.207842945,40,2792.4,2441.6,2140,0,0,738730.311988517,0,0,0
170868.247842012,40,2798.4,2445.8,2143,0,0,738730.31198898,0,0,0
170868.287841078,40,2794.6,2444.4,2142.2,0,0,738730.311989443,0,0,0
170868.327840145,40,2798.2,2451.2,2146,0,0,738730.311989906,0,0,0
170868.367839211,40,2801.2,2449.4,2148,0,0,738730.311990369,0,0,0
170868.407838277,40,2796.2,2458.8,2149.8,0,0,738730.311990832,0,0,0
170868.447837344,40,2795.4,2454,2152.6,0,0,738730.311991294,0,0,0
170868.48783641,40,2796.6,2450.6,2145.4,0,0,738730.311991757,0,0,0
170868.527835477,40,2798.8,2455.8,2147.4,0,0,738730.31199222,0,0,0
170868.567834543,40,2802,2450.8,2147.6,0,0,738730.311992683,0,0,0
170868.607833609,40,2797,2448.8,2144,0,0,738730.311993146,0,0,0
170868.647832676,40,2797.8,2447.4,2144.4,0,0,738730.311993609,0,0,0
170868.687831742,40,2796,2443.4,2144.4,0,0,738730.311994072,0,0,0
170868.727830809,40,2793.8,2440.4,2142.4,0,0,738730.311994535,0,0,0
170868.767829875,40,2795.4,2426.8,2141,0,0,738730.311994998,0,0,0
170868.807828941,40,2787,2418.2,2132.4,0,0,738730.311995461,0,0,0
170868.847828008,40,2782.4,2398.8,2126,0,0,738730.311995924,0,0,0
170868.887827074,40,2779.2,2391,2125.6,0,0,738730.311996387,0,0,0
170868.927826141,40,2763.8,2368.6,2120.8,0,0,738730.31199685,0,0,0
170868.967825207,40,2759,2358.8,2114,0,0,738730.311997313,0,0,0
170869.007824273,40,2739.6,2344,2110.4,0,0,738730.311997776,0,0,0
170869.04782334,40,2730.4,2328.4,2103.2,0,0,738730.311998239,0,0,0
170869.087822406,40,2719.4,2318.4,2102.2,0,0,738730.311998702,0,0,0
170869.127821473,40,2712,2312,2095.8,0,0,738730.311999165,0,0,0
170869.167820539,40,2706.4,2298.2,2093.8,0,0,738730.311999628,0,0,0
170869.207819605,40,2695.8,2298.6,2095.8,0,0,738730.31200009,0,0,0
170869.247818672,40,2697.8,2292.8,2091.2,0,0,738730.312000553,0,0,0
170869.287817738,40,2696.4,2291.6,2091,0,0,738730.312001016,0,0,0
170869.327816805,40,2697.4,2294.4,2088,0,0,738730.312001479,0,0,0
170869.367815871,40,2697.8,2294.8,2093.8,0,0,738730.312001942,0,0,0
170869.407814937,40,2703.8,2296.6,2095.8,0,0,738730.312002405,0,0,0
170869.447814004,40,2705.6,2300.8,2096,0,0,738730.312002868,0,0,0
170869.48781307,40,2711.6,2303.2,2099.4,0,0,738730.312003331,0,0,0
170869.527812137,40,2718.4,2311.2,2095,0,0,738730.312003794,0,0,0
170869.567811203,40,2728,2316.6,2096.8,0,0,738730.312004257,0,0,0
170869.607810269,40,2731.8,2325.2,2102.4,0,0,738730.31200472,0,0,0
170869.647809336,40,2725.6,2326.8,2099,0,0,738730.312005183,0,0,0
170869.687808402,40,2727.8,2329.4,2098.8,0,0,738730.312005646,0,0,0
170869.727807469,40,2741.4,2332.6,2107.6,0,0,738730.312006109,0,0,0
170869.767806535,40,2736.6,2335,2105,0,0,738730.312006572,0,0,0
170869.807805601,40,2737.8,2329.4,2106.6,0,0,738730.312007035,0,0,0
170869.847804668,40,2737.4,2331.8,2105.6,0,0,738730.312007498,0,0,0
170869.887803734,40,2739,2326.8,2103.6,0,0,738730.312007961,0,0,0
170869.927802801,40,2736.2,2331.8,2107,0,0,738730.312008424,0,0,0
170869.967801867,40,2737,2332,2103.4,0,0,738730.312008887,0,0,0
170870.007800933,40,2741.2,2336.8,2106.6,0,0,738730.31200935,0,0,0
170870.0478,40,2739,2337,2106.8,0,0,738730.312009813,0,0,0
170870.087799066,40,2740.4,2340,2110,0,0,738730.312010275,0,0,0
170870.127798133,40,2740.8,2338.8,2106.8,0,0,738730.312010738,0,0,0
170870.167797199,40,2740.6,2341.8,2106.2,0,0,738730.312011201,0,0,0
170870.207796265,40,2740.8,2336.6,2108.2,0,0,738730.312011664,0,0,0
170870.247795332,40,2746.8,2338.6,2106,0,0,738730.312012127,0,0,0
170870.287794398,40,2739.8,2340.4,2109.6,0,0,738730.31201259,0,0,0
170870.327793465,40,2746.4,2342.2,2109.8,0,0,738730.312013053,0,0,0
170870.367792531,40,2747,2344.2,2108.2,0,0,738730.312013516,0,0,0
170870.407791597,40,2746,2347.6,2109.8,0,0,738730.312013979,0,0,0
170870.447790664,40,2753,2346.4,2108.8,0,0,738730.312014442,0,0,0
170870.48778973,40,2749.4,2348,2110.4,0,0,738730.312014905,0,0,0
170870.527788797,40,2751.8,2348.6,2114.8,0,0,738730.312015368,0,0,0
170870.567787863,40,2760.6,2353.2,2113.6,0,0,738730.312015831,0,0,0
170870.607786929,40,2756,2356.2,2110.6,0,0,738730.312016294,0,0,0
170870.647785996,40,2755.4,2352.2,2108.8,0,0,738730.312016757,0,0,0
170870.687785062,40,2753.8,2352.4,2111.8,0,0,738730.31201722,0,0,0
170870.727784129,40,2756.2,2352,2114,0,0,738730.312017683,0,0,0
170870.767783195,40,2756,2357,2114.4,0,0,738730.312018146,0,0,0
170870.807782261,40,2758.2,2357.2,2113,0,0,738730.312018609,0,0,0
170870.847781328,40,2757,2359.8,2117.6,0,0,738730.312019072,0,0,0
170870.887780394,40,2764.6,2367.2,2113.4,0,0,738730.312019535,0,0,0
170870.927779461,40,2757.6,2364,2117.8,0,0,738730.312019998,0,0,0
170870.967778527,40,2761.6,2368.6,2117.6,0,0,738730.31202046,0,0,0
170871.007777593,40,2763.8,2367.2,2117.2,0,0,738730.312020923,0,0,0
170871.04777666,40,2762.8,2367.8,2118.8,0,0,738730.312021386,0,0,0
170871.087775726,40,2767.8,2367.6,2120.6,0,0,738730.312021849,0,0,0
170871.127774793,40,2771,2373.2,2119.6,0,0,738730.312022312,0,0,0
170871.167773859,40,2768.2,2372.2,2118.4,0,0,738730.312022775,0,0,0
170871.207772925,40,2765,2366,2117.4,0,0,738730.312023238,0,0,0
170871.247771992,40,2771.8,2371.4,2120,0,0,738730.312023701,0,0,0
170871.287771058,40,2770.8,2370.6,2114.4,0,0,738730.312024164,0,0,0
170871.327770125,40,2771.2,2377.2,2119,0,0,738730.312024627,0,0,0
170871.367769191,40,2769.4,2375.2,2116.8,0,0,738730.31202509,0,0,0
170871.407768257,40,2771,2376.6,2119.6,0,0,738730.312025553,0,0,0
170871.447767324,40,2773.4,2378.4,2120.4,0,0,738730.312026016,0,0,0
170871.48776639,40,2769.6,2377.4,2120.8,0,0,738730.312026479,0,0,0
170871.527765457,40,2772,2381.8,2118.8,0,0,738730.312026942,0,0,0
170871.567764523,40,2774,2373.8,2120.8,0,0,738730.312027405,0,0,0
170871.607763589,40,2765.8,2375.6,2122,0,0,738730.312027868,0,0,0
170871.647762656,40,2770.4,2374.8,2116.6,0,0,738730.312028331,0,0,0
170871.687761722,40,2769.2,2380.6,2119,0,0,738730.312028794,0,0,0
170871.727760789,40,2767.6,2379.8,2117.4,0,0,738730.312029256,0,0,0
170871.767759855,40,2771.4,2374.4,2121,0,0,738730.312029719,0,0,0
170871.807758921,40,2768.8,2381,2121,0,0,738730.312030182,0,0,0
170871.847757988,40,2771.6,2373.6,2118.4,0,0,738730.312030645,0,0,0
170871.887757054,40,2768.2,2376.8,2116.8,0,0,738730.312031108,0,0,0
170871.927756121,40,2766.8,2378.4,2119.8,0,0,738730.312031571,0,0,0
170871.967755187,40,2774.8,2374.6,2121.6,0,0,738730.312032034,0,0,0
170872.007754253,40,2772.8,2374,2119.8,0,0,738730.312032497,0,0,0
170872.04775332,40,2770.8,2375.2,2119.6,0,0,738730.31203296,0,0,0
170872.087752386,40,2770.4,2373.6,2114.2,0,0,738730.312033423,0,0,0
170872.127751453,40,2767,2374.6,2121.4,0,0,738730.312033886,0,0,0
170872.167750519,40,2771.6,2380.8,2121.2,0,0,738730.312034349,0,0,0
170872.207749585,40,2775.2,2376.8,2120.2,0,0,738730.312034812,0,0,0
170872.247748652,40,2767.6,2375.4,2120.6,0,0,738730.312035275,0,0,0
170872.287747718,40,2770.2,2378.2,2119.8,0,0,738730.312035738,0,0,0
170872.327746785,40,2774.6,2380,2120,0,0,738730.312036201,0,0,0
170872.367745851,40,2767,2381.6,2120,0,0,738730.312036664,0,0,0
170872.407744917,40,2775,2381,2121,0,0,738730.312037127,0,0,0
170872.447743984,40,2771,2383.4,2116.4,0,0,738730.31203759,0,0,0
170872.48774305,40,2767.4,2382,2126.6,0,0,738730.312038053,0,0,0
170872.527742117,40,2769.4,2380.6,2123.4,0,0,738730.312038516,0,0,0
170872.567741183,40,2775,2382.8,2124,0,0,738730.312038978,0,0,0
170872.607740249,40,2768.4,2380.2,2120.6,0,0,738730.312039441,0,0,0
170872.647739316,40,2775,2380.2,2121,0,0,738730.312039904,0,0,0
170872.687738382,40,2770.2,2380.2,2125.2,0,0,738730.312040367,0,0,0
170872.727737449,40,2778.6,2382,2124.2,0,0,738730.31204083,0,0,0
170872.767736515,40,2771.4,2378.4,2123.8,0,0,738730.312041293,0,0,0
170872.807735581,40,2772,2384.2,2120.8,0,0,738730.312041756,0,0,0
170872.847734648,40,2776.2,2381.6,2121.4,0,0,738730.312042219,0,0,0
170872.887733714,40,2775.6,2383.4,2118.8,0,0,738730.312042682,0,0,0
170872.927732781,40,2772.6,2379,2123,0,0,738730.312043145,0,0,0
170872.967731847,40,2774.8,2384,2122.8,0,0,738730.312043608,0,0,0
170873.007730913,40,2779.4,2386.2,2123.8,0,0,738730.312044071,0,0,0
170873.04772998,40,2772.4,2386,2125.8,0,0,738730.312044534,0,0,0
170873.087729046,40,2773,2382.8,2118.2,0,0,738730.312044997,0,0,0
170873.127728113,40,2772.6,2384.2,2123.6,0,0,738730.31204546,0,0,0
170873.167727179,40,2780,2383,2125,0,0,738730.312045923,0,0,0
170873.207726245,40,2774.6,2387,2125.8,0,0,738730.312046386,0,0,0
170873.247725312,40,2775,2381.8,2124.2,0,0,738730.312046849,0,0,0
170873.287724378,40,2777.6,2388,2125.6,0,0,738730.312047312,0,0,0
170873.327723445,40,2773.2,2387.4,2125.4,0,0,738730.312047775,0,0,0
170873.367722511,40,2779.4,2383.8,2122.4,0,0,738730.312048238,0,0,0
170873.407721577,40,2778.2,2387.6,2124.4,0,0,738730.312048701,0,0,0
170873.447720644,40,2777.4,2394.8,2123.6,0,0,738730.312049163,0,0,0
170873.48771971,40,2776.2,2396.6,2125.8,0,0,738730.312049626,0,0,0
170873.527718777,40,2783.6,2389.2,2122.8,0,0,738730.312050089,0,0,0
170873.567717843,40,2775.6,2393.6,2126.4,0,0,738730.312050552,0,0,0
170873.607716909,40,2775.8,2394.8,2123.6,0,0,738730.312051015,0,0,0
170873.647715976,40,2775.6,2396,2124.8,0,0,738730.312051478,0,0,0
170873.687715042,40,2779.8,2390.2,2126.6,0,0,738730.312051941,0,0,0
170873.727714109,40,2780,2393.8,2126.8,0,0,738730.312052404,0,0,0
170873.767713175,40,2774.4,2390.6,2125.6,0,0,738730.312052867,0,0,0
170873.807712241,40,2778.4,2393,2124.6,0,0,738730.31205333,0,0,0
170873.847711308,40,2782.8,2395.2,2124.8,0,0,738730.312053793,0,0,0
170873.887710374,40,2782.8,2392,2126,0,0,738730.312054256,0,0,0
170873.927709441,40,2780.6,2394.6,2123.2,0,0,738730.312054719,0,0,0
170873.967708507,40,2776.8,2393.4,2121.6,0,0,738730.312055182,0,0,0
170874.007707573,40,2780.2,2395,2125.4,0,0,738730.312055645,0,0,0
170874.04770664,40,2780.4,2389.8,2127.6,0,0,738730.312056108,0,0,0
170874.087705706,40,2779.4,2394.2,2124.2,0,0,738730.312056571,0,0,0
170874.127704773,40,2782,2396.2,2126.4,0,0,738730.312057034,0,0,0
170874.167703839,40,2781.2,2395.6,2126.2,0,0,738730.312057497,0,0,0
170874.207702905,40,2778.6,2394.4,2123,0,0,738730.312057959,0,0,0
170874.247701972,40,2785,2393.4,2122.4,0,0,738730.312058422,0,0,0
170874.287701038,40,2779.2,2395.6,2124,0,0,738730.312058885,0,0,0
170874.327700105,40,2777.6,2392.2,2124.4,0,0,738730.312059348,0,0,0
170874.367699171,40,2782.8,2390.4,2126.6,0,0,738730.312059811,0,0,0
170874.407698237,40,2777,2392.4,2127.4,0,0,738730.312060274,0,0,0
170874.447697304,40,2784.2,2390.8,2126.8,0,0,738730.312060737,0,0,0
170874.48769637,40,2779.2,2395.8,2128,0,0,738730.3120612,0,0,0
170874.527695437,40,2784,2391.2,2126,0,0,738730.312061663,0,0,0
170874.567694503,40,2777.4,2394.2,2124.2,0,0,738730.312062126,0,0,0
170874.607693569,40,2779.8,2395,2128.6,0,0,738730.312062589,0,0,0
170874.647692636,40,2787,2394.8,2124.6,0,0,738730.312063052,0,0,0
170874.687691702,40,2777.2,2401,2125.8,0,0,738730.312063515,0,0,0
170874.727690769,40,2781.6,2399.2,2126,0,0,738730.312063978,0,0,0
170874.767689835,40,2779.4,2401,2127.6,0,0,738730.312064441,0,0,0
170874.807688901,40,2782.8,2402.8,2127.4,0,0,738730.312064904,0,0,0
170874.847687968,40,2784,2401,2124.2,0,0,738730.312065367,0,0,0
170874.887687034,40,2782.6,2402.6,2131,0,0,738730.31206583,0,0,0
170874.927686101,40,2783,2404.2,2129.6,0,0,738730.312066293,0,0,0
170874.967685167,40,2781,2398.4,2126,0,0,738730.312066756,0,0,0
170875.007684233,40,2782.4,2399.8,2125.8,0,0,738730.312067219,0,0,0
170875.0476833,40,2784.2,2399.8,2124.8,0,0,738730.312067682,0,0,0
170875.087682366,40,2784.4,2399,2129,0,0,738730.312068144,0,0,0
170875.127681433,40,2787.4,2406,2128.6,0,0,738730.312068607,0,0,0
170875.167680499,40,2783.8,2401.2,2127.4,0,0,738730.31206907,0,0,0
170875.207679565,40,2785.4,2398.6,2131.4,0,0,738730.312069533,0,0,0
170875.247678632,40,2787.2,2404.8,2128.8,0,0,738730.312069996,0,0,0
170875.287677698,40,2781,2397,2129.4,0,0,738730.312070459,0,0,0
170875.327676765,40,2781.6,2402.8,2130.2,0,0,738730.312070922,0,0,0
170875.367675831,40,2781,2404.2,2127.2,0,0,738730.312071385,0,0,0
170875.407674897,40,2778.6,2401.8,2132.8,0,0,738730.312071848,0,0,0
170875.447673964,40,2779.2,2399.2,2131.4,0,0,738730.312072311,0,0,0
170875.48767303,40,2777.6,2405.4,2131.6,0,0,738730.312072774,0,0,0
170875.527672097,40,2784.2,2403.8,2127.8,0,0,738730.312073237,0,0,0
170875.567671163,40,2784.4,2402.2,2130.6,0,0,738730.3120737,0,0,0
170875.607670229,40,2781.8,2400.2,2127.6,0,0,738730.312074163,0,0,0
170875.647669296,40,2786,2405.6,2130,0,0,738730.312074626,0,0,0
170875.687668362,40,2785.2,2401.2,2128.2,0,0,738730.312075089,0,0,0
170875.727667429,40,2785,2403.8,2127.4,0,0,738730.312075552,0,0,0
170875.767666495,40,2782.2,2402.2,2126,0,0,738730.312076015,0,0,0
170875.807665561,40,2783,2397.2,2127.6,0,0,738730.312076478,0,0,0
170875.847664628,40,2782,2401.2,2126.6,0,0,738730.312076941,0,0,0
170875.887663694,40,2780.8,2403.8,2126.8,0,0,738730.312077404,0,0,0
170875.927662761,40,2776.2,2397.2,2131.2,0,0,738730.312077867,0,0,0
170875.967661827,40,2787,2404.6,2125.8,0,0,738730.312078329,0,0,0
170876.007660893,40,2784.4,2401.4,2129.2,0,0,738730.312078792,0,0,0
170876.04765996,40,2779,2400,2131.2,0,0,738730.312079255,0,0,0
170876.087659026,40,2784.6,2404.2,2128.2,0,0,738730.312079718,0,0,0
170876.127658093,40,2780.4,2404.4,2127.4,0,0,738730.312080181,0,0,0
170876.167657159,40,2783,2403,2131.2,0,0,738730.312080644,0,0,0
170876.207656225,40,2782.8,2402.4,2129.8,0,0,738730.312081107,0,0,0
170876.247655292,40,2782.8,2399.6,2127,0,0,738730.31208157,0,0,0
170876.287654358,40,2784.8,2403.8,2129.8,0,0,738730.312082033,0,0,0
170876.327653425,40,2785.2,2401.8,2130,0,0,738730.312082496,0,0,0
170876.367652491,40,2780,2405.6,2126.6,0,0,738730.312082959,0,0,0
170876.407651557,40,2782.8,2405,2131.6,0,0,738730.312083422,0,0,0
170876.447650624,40,2779.4,2401.2,2127.2,0,0,738730.312083885,0,0,0
170876.48764969,40,2783,2408,2129,0,0,738730.312084348,0,0,0
170876.527648757,40,2784.6,2407,2131.4,0,0,738730.312084811,0,0,0
170876.567647823,40,2787.4,2405,2126.4,0,0,738730.312085274,0,0,0
170876.607646889,40,2780.4,2406.8,2132,0,0,738730.312085737,0,0,0
170876.647645956,40,2786,2408,2129,0,0,738730.3120862,0,0,0
170876.687645022,40,2786.6,2407,2131.4,0,0,738730.312086663,0,0,0
170876.727644089,40,2785,2407.8,2128.2,0,0,738730.312087125,0,0,0
170876.767643155,40,2787.8,2406.4,2129.4,0,0,738730.312087588,0,0,0
170876.807642221,40,2787.4,2406,2128.4,0,0,738730.312088051,0,0,0
170876.847641288,40,2784.6,2404,2128.4,0,0,738730.312088514,0,0,0
170876.887640354,40,2785.4,2406.8,2132,0,0,738730.312088977,0,0,0
170876.927639421,40,2785.6,2410,2128.6,0,0,738730.31208944,0,0,0
170876.967638487,40,2786.6,2404.2,2133,0,0,738730.312089903,0,0,0
170877.007637553,40,2787.4,2406.8,2129,0,0,738730.312090366,0,0,0
170877.04763662,40,2784.8,2403.2,2129.8,0,0,738730.312090829,0,0,0
170877.087635686,40,2785.4,2407,2133.2,0,0,738730.312091292,0,0,0
170877.127634753,40,2779.8,2405,2130.6,0,0,738730.312091755,0,0,0
170877.167633819,40,2782.2,2410.2,2128.8,0,0,738730.312092218,0,0,0
170877.207632885,40,2784.8,2407,2129.6,0,0,738730.312092681,0,0,0
170877.247631952,40,2783,2404.6,2131.6,0,0,738730.312093144,0,0,0
170877.287631018,40,2790,2405.8,2129.6,0,0,738730.312093607,0,0,0
170877.327630085,40,2781.4,2408.4,2133.8,0,0,738730.31209407,0,0,0
170877.367629151,40,2779,2409.6,2128,0,0,738730.312094533,0,0,0
170877.407628217,40,2783.8,2409.4,2132.2,0,0,738730.312094996,0,0,0
170877.447627284,40,2782.6,2407.4,2129.6,0,0,738730.312095459,0,0,0
170877.48762635,40,2787.8,2406.4,2130.4,0,0,738730.312095922,0,0,0
170877.527625417,40,2782.6,2408.8,2130.6,0,0,738730.312096385,0,0,0
170877.567624483,40,2781.8,2406,2128.6,0,0,738730.312096848,0,0,0
170877.607623549,40,2787.6,2404.2,2129,0,0,738730.31209731,0,0,0
170877.647622616,40,2784.6,2405.6,2129,0,0,738730.312097773,0,0,0
170877.687621682,40,2784.2,2403.2,2130,0,0,738730.312098236,0,0,0
170877.727620749,40,2780,2405.8,2130.6,0,0,738730.312098699,0,0,0
170877.767619815,40,2784.8,2407.4,2130.8,0,0,738730.312099162,0,0,0
170877.807618881,40,2783.2,2404.8,2126.6,0,0,738730.312099625,0,0,0
170877.847617948,40,2786,2405.6,2129.2,0,0,738730.312100088,0,0,0
170877.887617014,40,2782.2,2405.2,2132.8,0,0,738730.312100551,0,0,0
170877.927616081,40,2783.6,2405.2,2138.2,0,0,738730.312101014,0,0,0
170877.967615147,40,2781.6,2411.8,2125.6,0,0,738730.312101477,0,0,0
170878.007614213,40,2788.4,2411.6,2128.6,0,0,738730.31210194,0,0,0
170878.04761328,40,2779.4,2410.2,2127.2,0,0,738730.312102403,0,0,0
170878.087612346,40,2789.6,2407.2,2133,0,0,738730.312102866,0,0,0
170878.127611413,40,2782.4,2407.2,2128.4,0,0,738730.312103329,0,0,0
170878.167610479,40,2788,2409.8,2133.2,0,0,738730.312103792,0,0,0
170878.207609545,40,2785.8,2404,2127.6,0,0,738730.312104255,0,0,0
170878.247608612,40,2780.8,2393.2,2127.4,0,0,738730.312104718,0,0,0
170878.287607678,40,2770.8,2381.6,2120.6,0,0,738730.312105181,0,0,0
170878.327606745,40,2763.6,2369.6,2118,0,0,738730.312105644,0,0,0
170878.367605811,40,2755.6,2351,2114.6,0,0,738730.312106107,0,0,0
170878.407604877,40,2754.8,2345.4,2111.6,0,0,738730.31210657,0,0,0
170878.447603944,40,2751.6,2345.4,2111.8,0,0,738730.312107033,0,0,0
170878.48760301,40,2760.8,2356,2111.4,0,0,738730.312107495,0,0,0
170878.527602077,40,2771.2,2364.2,2114.8,0,0,738730.312107958,0,0,0
170878.567601143,40,2766.4,2375.6,2117.6,0,0,738730.312108421,0,0,0
170878.607600209,40,2770.4,2384.2,2123.4,0,0,738730.312108884,0,0,0
170878.647599276,40,2775.6,2392.6,2124.6,0,0,738730.312109347,0,0,0
170878.687598342,40,2785.4,2402.4,2127.8,0,0,738730.31210981,0,0,0
170878.727597409,40,2783.2,2407.6,2127,0,0,738730.312110273,0,0,0
170878.767596475,40,2784.4,2414.8,2132.6,0,0,738730.312110736,0,0,0
170878.807595541,40,2793.8,2431,2138.4,0,0,738730.312111199,0,0,0
170878.847594608,40,2801.2,2432.8,2141.6,0,0,738730.312111662,0,0,0
170878.887593674,40,2800.2,2442.2,2145.4,0,0,738730.312112125,0,0,0
170878.927592741,40,2799.2,2454,2146,0,0,738730.312112588,0,0,0
170878.967591807,40,2800.4,2464.4,2154.4,0,0,738730.312113051,0,0,0
170879.007590873,40,2804.8,2487.6,2163.8,0,0,738730.312113514,0,0,0
170879.04758994,40,2795.4,2523.6,2180.2,0,0,738730.312113977,0,0,0
170879.087589006,40,2777.4,2573.6,2196.8,0,0,738730.31211444,0,0,0
170879.127588073,40,2747.2,2644.2,2228.2,0,0,738730.312114903,0,0,0
170879.167587139,40,2698.4,2710.6,2272,0,0,738730.312115366,0,0,0
170879.207586205,40,2632.2,2769.6,2317,0,0,738730.312115829,0,0,0
170879.247585272,40,2604.4,2782.4,2335.8,0,0,738730.312116291,0,0,0
170879.287584338,40,2676,2723.4,2280.6,0,0,738730.312116754,0,0,0
170879.327583405,40,2770.2,2607,2209.4,0,0,738730.312117217,0,0,0
170879.367582471,40,2800.4,2464.8,2152,0,0,738730.31211768,0,0,0
170879.407581537,40,2770,2371.4,2119.6,0,0,738730.312118143,0,0,0
170879.447580604,40,2737,2329.4,2107.4,0,0,738730.312118606,0,0,0
170879.48757967,40,2733.8,2325.2,2109.2,0,0,738730.312119069,0,0,0
170879.527578737,40,2754.4,2351.2,2113,0,0,738730.312119532,0,0,0
170879.567577803,40,2768.4,2379,2121,0,0,738730.312119995,0,0,0
170879.607576869,40,2792.2,2430.6,2135.2,0,0,738730.312120458,0,0,0
170879.647575936,40,2800.4,2502,2159.6,0,0,738730.312120921,0,0,0
170879.687575002,40,2767.6,2599,2208.6,0,0,738730.312121384,0,0,0
170879.727574069,40,2707,2695,2264.8,0,0,738730.312121847,0,0,0
170879.767573135,40,2644.4,2756,2311.6,0,0,738730.31212231,0,0,0
170879.807572201,40,2690.4,2711,2271,0,0,738730.312122773,0,0,0
170879.847571268,40,2780.4,2590.4,2200.4,0,0,738730.312123236,0,0,0
170879.887570334,40,2802,2459.2,2147.4,0,0,738730.312123699,0,0,0
170879.927569401,40,2757,2357.4,2114.6,0,0,738730.312124162,0,0,0
170879.967568467,40,2710.6,2304.4,2095.8,0,0,738730.312124625,0,0,0
170880.007567533,40,2679.4,2283.4,2090.2,0,0,738730.312125088,0,0,0
170880.0475666,40,2700,2301,2092.4,0,0,738730.312125551,0,0,0
170880.087565666,40,2741.4,2338.6,2107.8,0,0,738730.312126013,0,0,0
170880.127564733,40,2780,2394,2125.6,0,0,738730.312126476,0,0,0
170880.167563799,40,2799,2479.4,2153.6,0,0,738730.312126939,0,0,0
170880.207562865,40,2774,2588.4,2200.4,0,0,738730.312127402,0,0,0
170880.247561932,40,2698.8,2704.4,2266,0,0,738730.312127865,0,0,0
170880.287560998,40,2660.6,2746.2,2294.6,0,0,738730.312128328,0,0,0
170880.327560065,40,2724,2675,2243.2,0,0,738730.312128791,0,0,0
170880.367559131,40,2792.2,2541.6,2180.4,0,0,738730.312129254,0,0,0
170880.407558197,40,2795,2418.2,2134,0,0,738730.312129717,0,0,0
170880.447557264,40,2743.2,2333.2,2101,0,0,738730.31213018,0,0,0
170880.48755633,40,2685.2,2280.6,2092.8,0,0,738730.312130643,0,0,0
170880.527555397,40,2658.6,2266.4,2080.8,0,0,738730.312131106,0,0,0
170880.567554463,40,2686.2,2283.8,2090.2,0,0,738730.312131569,0,0,0
170880.607553529,40,2728,2323,2102.2,0,0,738730.312132032,0,0,0
170880.647552596,40,2770.6,2378.4,2122.8,0,0,738730.312132495,0,0,0
170880.687551662,40,2798.6,2455,2145.6,0,0,738730.312132958,0,0,0
170880.727550729,40,2786,2559.2,2192.4,0,0,738730.312133421,0,0,0
170880.767549795,40,2728.2,2672.4,2244,0,0,738730.312133884,0,0,0
170880.807548861,40,2674.8,2734.8,2287.6,0,0,738730.312134347,0,0,0
170880.847547928,40,2729.6,2663.6,2242.8,0,0,738730.31213481,0,0,0
170880.887546994,40,2794,2531,2176.4,0,0,738730.312135273,0,0,0
170880.927546061,40,2781.2,2402,2124.6,0,0,738730.312135736,0,0,0
170880.967545127,40,2724.2,2320.4,2101.4,0,0,738730.312136198,0,0,0
170881.007544193,40,2670,2277,2087,0,0,738730.312136661,0,0,0
170881.04754326,40,2669.4,2272.8,2085.8,0,0,738730.312137124,0,0,0
170881.087542326,40,2692.4,2288.8,2090.6,0,0,738730.312137587,0,0,0
170881.127541393,40,2728.6,2330.4,2102.4,0,0,738730.31213805,0,0,0
170881.167540459,40,2778.6,2391,2124.2,0,0,738730.312138513,0,0,0
170881.207539525,40,2801.4,2461.2,2155.8,0,0,738730.312138976,0,0,0
170881.247538592,40,2785.4,2576.6,2193.4,0,0,738730.312139439,0,0,0
170881.287537658,40,2730.8,2676.4,2248.2,0,0,738730.312139902,0,0,0
170881.327536725,40,2701.8,2698.8,2261.6,0,0,738730.312140365,0,0,0
170881.367535791,40,2769,2609.4,2210,0,0,738730.312140828,0,0,0
170881.407534857,40,2798.6,2470,2149.8,0,0,738730.312141291,0,0,0
170881.447533924,40,2758,2362.4,2119,0,0,738730.312141754,0,0,0
170881.48753299,40,2695,2288.4,2090.8,0,0,738730.312142217,0,0,0
170881.527532057,40,2640.6,2258,2080.2,0,0,738730.31214268,0,0,0
170881.567531123,40,2634.4,2250.6,2079.4,0,0,738730.312143143,0,0,0
170881.607530189,40,2675.4,2280.4,2087,0,0,738730.312143606,0,0,0
170881.647529256,40,2731.4,2323,2103.8,0,0,738730.312144069,0,0,0
170881.687528322,40,2782.2,2388.6,2120.8,0,0,738730.312144532,0,0,0
170881.727527389,40,2803.8,2489,2160,0,0,738730.312144995,0,0,0
170881.767526455,40,2775.8,2596,2206.6,0,0,738730.312145457,0,0,0
170881.807525521,40,2730.6,2664.2,2247,0,0,738730.31214592,0,0,0
170881.847524588,40,2753.8,2621.8,2217.4,0,0,738730.312146383,0,0,0
170881.887523654,40,2798.8,2521,2174.2,0,0,738730.312146846,0,0,0
170881.927522721,40,2791.6,2414.8,2130.6,0,0,738730.312147309,0,0,0
170881.967521787,40,2745,2340.2,2106.2,0,0,738730.312147772,0,0,0
170882.007520853,40,2692,2292.4,2091.4,0,0,738730.312148235,0,0,0
170882.04751992,40,2657,2262.6,2080,0,0,738730.312148698,0,0,0
170882.087518986,40,2643.6,2260.2,2083.6,0,0,738730.312149161,0,0,0
170882.127518053,40,2666.8,2273.8,2087.8,0,0,738730.312149624,0,0,0
170882.167517119,40,2690.2,2287.8,2090.4,0,0,738730.312150087,0,0,0
170882.207516185,40,2711.2,2305.6,2095.6,0,0,738730.31215055,0,0,0
170882.247515252,40,2732.2,2327,2100,0,0,738730.312151013,0,0,0
170882.287514318,40,2751.6,2358.2,2113.8,0,0,738730.312151476,0,0,0
170882.327513385,40,2780.2,2394.2,2126.6,0,0,738730.312151939,0,0,0
170882.367512451,40,2800.2,2432,2143.2,0,0,738730.312152402,0,0,0
170882.407511517,40,2803,2488.6,2158.2,0,0,738730.312152865,0,0,0
170882.447510584,40,2788.2,2562.2,2192.8,0,0,738730.312153328,0,0,0
170882.48750965,40,2745,2642,2236.2,0,0,738730.312153791,0,0,0
170882.527508717,40,2678.6,2728.2,2283,0,0,738730.312154254,0,0,0
170882.567507783,40,2587.6,2795,2351.4,0,0,738730.312154717,0,0,0
170882.607506849,40,2489.2,2836,2438.6,0,0,738730.312155179,0,0,0
170882.647505916,40,2397.6,2831.6,2534,0,0,738730.312155642,0,0,0
170882.687504982,40,2323.6,2791.4,2622.8,0,0,738730.312156105,0,0,0
170882.727504049,40,2290,2757.4,2667.4,0,0,738730.312156568,0,0,0
170882.767503115,40,2301.2,2773,2645.4,0,0,738730.312157031,0,0,0
170882.807502181,40,2377.4,2826.8,2560.2,0,0,738730.312157494,0,0,0
170882.847501248,40,2494.8,2835.6,2434.4,0,0,738730.312157957,0,0,0
170882.887500314,40,2646.2,2766,2308,0,0,738730.31215842,0,0,0
170882.927499381,40,2762.2,2624.6,2222.4,0,0,738730.312158883,0,0,0
170882.967498447,40,2798.4,2492.8,2157,0,0,738730.312159346,0,0,0
170883.007497513,40,2771.6,2382.6,2126,0,0,738730.312159809,0,0,0
170883.04749658,40,2715,2309.6,2095.2,0,0,738730.312160272,0,0,0
170883.087495646,40,2655.8,2265.8,2087.2,0,0,738730.312160735,0,0,0
170883.127494713,40,2626.4,2247.8,2077.6,0,0,738730.312161198,0,0,0
170883.167493779,40,2630.2,2249.6,2078.2,0,0,738730.312161661,0,0,0
170883.207492845,40,2656.8,2267.2,2085.6,0,0,738730.312162124,0,0,0
170883.247491912,40,2688.4,2283.4,2091.6,0,0,738730.312162587,0,0,0
170883.287490978,40,2728.6,2321.2,2100,0,0,738730.31216305,0,0,0
170883.327490045,40,2765.2,2362.8,2115.6,0,0,738730.312163513,0,0,0
170883.367489111,40,2790,2421.8,2132.6,0,0,738730.312163976,0,0,0
170883.407488177,40,2797.6,2490.6,2158.8,0,0,738730.312164439,0,0,0
170883.447487244,40,2783.8,2569.4,2197.2,0,0,738730.312164902,0,0,0
170883.48748631,40,2732.8,2662.8,2242.2,0,0,738730.312165364,0,0,0
170883.527485377,40,2656.6,2751.2,2303.4,0,0,738730.312165827,0,0,0
170883.567484443,40,2554.2,2815.6,2384.8,0,0,738730.31216629,0,0,0
170883.607483509,40,2453.2,2839.8,2471.8,0,0,738730.312166753,0,0,0
170883.647482576,40,2360.6,2819,2579.8,0,0,738730.312167216,0,0,0
170883.687481642,40,2291.2,2761.8,2664.2,0,0,738730.312167679,0,0,0
170883.727480709,40,2250.8,2705.2,2719,0,0,738730.312168142,0,0,0
170883.767479775,40,2228.2,2670.2,2750.4,0,0,738730.312168605,0,0,0
170883.807478841,40,2233.6,2681.2,2747.4,0,0,738730.312169068,0,0,0
170883.847477908,40,2264.2,2720.2,2704.8,0,0,738730.312169531,0,0,0
170883.887476974,40,2321.8,2788.2,2627,0,0,738730.312169994,0,0,0
170883.927476041,40,2416.8,2838.4,2512.4,0,0,738730.312170457,0,0,0
170883.967475107,40,2548.8,2823.8,2391.4,0,0,738730.31217092,0,0,0
170884.007474173,40,2673.8,2729.2,2286,0,0,738730.312171383,0,0,0
170884.04747324,40,2767.6,2602.8,2206.4,0,0,738730.312171846,0,0,0
170884.087472306,40,2800.8,2479.2,2156.6,0,0,738730.312172309,0,0,0
170884.127471373,40,2784,2389.4,2119.4,0,0,738730.312172772,0,0,0
170884.167470439,40,2742,2332.4,2106.8,0,0,738730.312173235,0,0,0
170884.207469505,40,2714.4,2308.8,2098.8,0,0,738730.312173698,0,0,0
170884.247468572,40,2712,2305.8,2095.2,0,0,738730.31217416,0,0,0
170884.287467638,40,2728,2321,2101.2,0,0,738730.312174623,0,0,0
170884.327466705,40,2741.2,2340.4,2110,0,0,738730.312175086,0,0,0
170884.367465771,40,2760.8,2369.2,2114.6,0,0,738730.312175549,0,0,0
170884.407464837,40,2784.8,2397.4,2131,0,0,738730.312176012,0,0,0
170884.447463904,40,2795.2,2445.2,2143.6,0,0,738730.312176475,0,0,0
170884.48746297,40,2796,2507.2,2166.4,0,0,738730.312176938,0,0,0
170884.527462037,40,2784.6,2576.8,2196.6,0,0,738730.312177401,0,0,0
170884.567461103,40,2734.6,2656.6,2237.8,0,0,738730.312177864,0,0,0
170884.607460169,40,2673,2736.4,2292.2,0,0,738730.312178327,0,0,0
170884.647459236,40,2572.4,2807,2359.2,0,0,738730.31217879,0,0,0
170884.687458302,40,2474.6,2838.8,2455.2,0,0,738730.312179253,0,0,0
170884.727457369,40,2377.2,2825.4,2562.4,0,0,738730.312179716,0,0,0
170884.767456435,40,2293.6,2760.6,2665.4,0,0,738730.312180179,0,0,0
170884.807455501,40,2233.6,2683.8,2741,0,0,738730.312180642,0,0,0
170884.847454568,40,2190.2,2607,2790.2,0,0,738730.312181105,0,0,0
170884.887453634,40,2163,2548.2,2813,0,0,738730.312181568,0,0,0
170884.927452701,40,2156,2526,2816.4,0,0,738730.312182031,0,0,0
170884.967451767,40,2169.8,2551,2807.2,0,0,738730.312182494,0,0,0
170885.007450833,40,2190.2,2605.6,2797.4,0,0,738730.312182957,0,0,0
170885.0474499,40,2235,2680,2740.2,0,0,738730.31218342,0,0,0
170885.087448966,40,2302.4,2776,2654.2,0,0,738730.312183883,0,0,0
170885.127448033,40,2393.8,2828.2,2539.6,0,0,738730.312184345,0,0,0
170885.167447099,40,2507,2836.4,2427.6,0,0,738730.312184808,0,0,0
170885.207446165,40,2619.6,2778.2,2329,0,0,738730.312185271,0,0,0
170885.247445232,40,2713.6,2691,2253,0,0,738730.312185734,0,0,0
170885.287444298,40,2774.8,2592.4,2201.8,0,0,738730.312186197,0,0,0
170885.327443365,40,2801,2510,2164,0,0,738730.31218666,0,0,0
170885.367442431,40,2797,2450.6,2147.4,0,0,738730.312187123,0,0,0
170885.407441497,40,2786.2,2410.6,2130.4,0,0,738730.312187586,0,0,0
170885.447440564,40,2774.2,2390.2,2128.2,0,0,738730.312188049,0,0,0
170885.48743963,40,2779.8,2393.6,2127.2,0,0,738730.312188512,0,0,0
170885.527438697,40,2789.8,2414,2131.8,0,0,738730.312188975,0,0,0
170885.567437763,40,2791.8,2435.8,2141.6,0,0,738730.312189438,0,0,0
170885.607436829,40,2801,2469.6,2153.8,0,0,738730.312189901,0,0,0
170885.647435896,40,2799,2509.4,2170.6,0,0,738730.312190364,0,0,0
170885.687434962,40,2785.6,2565.8,2190.4,0,0,738730.312190827,0,0,0
170885.727434029,40,2750.2,2632.8,2224.6,0,0,738730.31219129,0,0,0
170885.767433095,40,2697,2709.2,2267.6,0,0,738730.312191753,0,0,0
170885.807432161,40,2615.2,2777,2327.4,0,0,738730.312192216,0,0,0
170885.847431228,40,2529.2,2822.8,2399.2,0,0,738730.312192679,0,0,0
170885.887430294,40,2433.2,2837.2,2490,0,0,738730.312193142,0,0,0
170885.927429361,40,2350.2,2816,2587.4,0,0,738730.312193605,0,0,0
170885.967428427,40,2282.4,2746.2,2676.8,0,0,738730.312194068,0,0,0
170886.007427493,40,2228.8,2675.2,2752,0,0,738730.31219453,0,0,0
170886.04742656,40,2194,2605.6,2789.8,0,0,738730.312194993,0,0,0
170886.087425626,40,2172,2563.6,2807.8,0,0,738730.312195456,0,0,0
170886.127424693,40,2174.8,2559.8,2808.4,0,0,738730.312195919,0,0,0
170886.167423759,40,2188,2597.2,2792.2,0,0,738730.312196382,0,0,0
170886.207422825,40,2217.8,2659,2762.6,0,0,738730.312196845,0,0,0
170886.247421892,40,2265.6,2733,2701,0,0,738730.312197308,0,0,0
170886.287420958,40,2337,2803.6,2603.4,0,0,738730.312197771,0,0,0
170886.327420025,40,2437.4,2844,2495.4,0,0,738730.312198234,0,0,0
170886.367419091,40,2533,2823,2393.2,0,0,738730.312198697,0,0,0
170886.407418157,40,2644.8,2758.4,2309,0,0,738730.31219916,0,0,0
170886.447417224,40,2725.4,2672.2,2243,0,0,738730.312199623,0,0,0
170886.48741629,40,2776.2,2582,2195.4,0,0,738730.312200086,0,0,0
170886.527415357,40,2794,2512,2164.8,0,0,738730.312200549,0,0,0
170886.567414423,40,2798,2462.6,2147.4,0,0,738730.312201012,0,0,0
170886.607413489,40,2793,2445,2141.8,0,0,738730.312201475,0,0,0
170886.647412556,40,2796.6,2448.4,2144.8,0,0,738730.312201938,0,0,0
170886.687411622,40,2795.8,2476.4,2153.6,0,0,738730.312202401,0,0,0
170886.727410689,40,2803.8,2494,2157.6,0,0,738730.312202864,0,0,0
170886.767409755,40,2792.8,2525.6,2178.2,0,0,738730.312203326,0,0,0
170886.807408821,40,2781.8,2572.2,2195,0,0,738730.312203789,0,0,0
170886.847407888,40,2758.6,2632,2220.2,0,0,738730.312204252,0,0,0
170886.887406954,40,2707.8,2691.6,2259,0,0,738730.312204715,0,0,0
170886.927406021,40,2642.2,2759.2,2309.6,0,0,738730.312205178,0,0,0
170886.967405087,40,2560,2813.6,2382.4,0,0,738730.312205641,0,0,0
170887.007404153,40,2464,2836.6,2461.6,0,0,738730.312206104,0,0,0
170887.04740322,40,2372.6,2827.2,2564.8,0,0,738730.312206567,0,0,0
170887.087402286,40,2293.2,2764.8,2661.8,0,0,738730.31220703,0,0,0
170887.127401353,40,2236,2683.6,2746.4,0,0,738730.312207493,0,0,0
170887.167400419,40,2189.6,2612.6,2786.2,0,0,738730.312207956,0,0,0
170887.207399485,40,2175.2,2564.8,2801,0,0,738730.312208419,0,0,0
170887.247398552,40,2175.4,2572.4,2806.2,0,0,738730.312208882,0,0,0
170887.287397618,40,2199,2623.6,2779.2,0,0,738730.312209345,0,0,0
170887.327396685,40,2254.8,2710.4,2720.8,0,0,738730.312209808,0,0,0
170887.367395751,40,2328.4,2796.4,2616.4,0,0,738730.312210271,0,0,0
170887.407394817,40,2441.4,2837,2492,0,0,738730.312210734,0,0,0
170887.447393884,40,2560.8,2815,2375.4,0,0,738730.312211197,0,0,0
170887.48739295,40,2679.2,2733.2,2277.6,0,0,738730.31221166,0,0,0
170887.527392017,40,2755.8,2624.6,2213,0,0,738730.312212123,0,0,0
170887.567391083,40,2789.6,2532,2173.6,0,0,738730.312212586,0,0,0
170887.607390149,40,2798.4,2468,2155.4,0,0,738730.312213048,0,0,0
170887.647389216,40,2793.6,2432.4,2136.4,0,0,738730.312213511,0,0,0
170887.687388282,40,2791.4,2413.6,2134.2,0,0,738730.312213974,0,0,0
170887.727387349,40,2795.6,2424.6,2133.8,0,0,738730.312214437,0,0,0
170887.767386415,40,2798.4,2446.8,2142.8,0,0,738730.3122149,0,0,0
170887.807385481,40,2795.8,2468.6,2150.4,0,0,738730.312215363,0,0,0
170887.847384548,40,2800.4,2504,2168,0,0,738730.312215826,0,0,0
170887.887383614,40,2789.2,2551,2185,0,0,738730.312216289,0,0,0
170887.927382681,40,2766.8,2613.8,2209.6,0,0,738730.312216752,0,0,0
170887.967381747,40,2722,2679.6,2253.6,0,0,738730.312217215,0,0,0
170888.007380813,40,2651.2,2748.4,2308.4,0,0,738730.312217678,0,0,0
170888.04737988,40,2562.6,2812.4,2372.6,0,0,738730.312218141,0,0,0
170888.087378946,40,2470.6,2839.4,2461.2,0,0,738730.312218604,0,0,0
170888.127378013,40,2377.4,2823.4,2554.4,0,0,738730.312219067,0,0,0
170888.167377079,40,2310.2,2778.6,2648.8,0,0,738730.31221953,0,0,0
170888.207376145,40,2256.6,2713.4,2716,0,0,738730.312219993,0,0,0
170888.247375212,40,2223.8,2661.6,2760.8,0,0,738730.312220456,0,0,0
170888.287374278,40,2204,2630.8,2775.8,0,0,738730.312220919,0,0,0
170888.327373345,40,2213.6,2643,2773,0,0,738730.312221382,0,0,0
170888.367372411,40,2235.8,2689.6,2740.2,0,0,738730.312221845,0,0,0
170888.407371477,40,2276.6,2741,2688.2,0,0,738730.312222308,0,0,0
170888.447370544,40,2337,2802,2608.8,0,0,738730.312222771,0,0,0
170888.48736961,40,2422,2835,2508.2,0,0,738730.312223233,0,0,0
170888.527368677,40,2514.2,2832,2411.6,0,0,738730.312223696,0,0,0
170888.567367743,40,2613.8,2781.8,2329,0,0,738730.312224159,0,0,0
170888.607366809,40,2698.2,2698.4,2260.6,0,0,738730.312224622,0,0,0
170888.647365876,40,2763.8,2613.4,2211.4,0,0,738730.312225085,0,0,0
170888.687364942,40,2796,2537.4,2182.2,0,0,738730.312225548,0,0,0
170888.727364009,40,2800.6,2485,2159.2,0,0,738730.312226011,0,0,0
170888.767363075,40,2793.8,2451.6,2141.2,0,0,738730.312226474,0,0,0
170888.807362141,40,2796.2,2429.4,2133.8,0,0,738730.312226937,0,0,0
170888.847361208,40,2794.2,2447.8,2140.6,0,0,738730.3122274,0,0,0
170888.887360274,40,2804.6,2467.6,2148.8,0,0,738730.312227863,0,0,0
170888.927359341,40,2800.4,2475.6,2153.4,0,0,738730.312228326,0,0,0
170888.967358407,40,2799,2497.6,2165,0,0,738730.312228789,0,0,0
170889.007357473,40,2795.2,2526.4,2169,0,0,738730.312229252,0,0,0
170889.04735654,40,2782.2,2569.6,2190,0,0,738730.312229715,0,0,0
170889.087355606,40,2762,2615.6,2210.2,0,0,738730.312230178,0,0,0
170889.127354673,40,2722.6,2688.2,2252.4,0,0,738730.312230641,0,0,0
170889.167353739,40,2646.6,2751,2306,0,0,738730.312231104,0,0,0
170889.207352805,40,2570.6,2806.6,2369.6,0,0,738730.312231567,0,0,0
170889.247351872,40,2479.2,2834.8,2450.6,0,0,738730.31223203,0,0,0
170889.287350938,40,2401.4,2832.6,2528,0,0,738730.312232492,0,0,0
170889.327350005,40,2337.4,2796.6,2605.2,0,0,738730.312232955,0,0,0
170889.367349071,40,2302.2,2766.8,2650.8,0,0,738730.312233418,0,0,0
170889.407348137,40,2293.8,2760.8,2664,0,0,738730.312233881,0,0,0
170889.447347204,40,2327.8,2790.8,2625.8,0,0,738730.312234344,0,0,0
170889.48734627,40,2400.8,2833.2,2535.6,0,0,738730.312234807,0,0,0
170889.527345337,40,2509,2834.8,2421.4,0,0,738730.31223527,0,0,0
170889.567344403,40,2641,2766,2309.6,0,0,738730.312235733,0,0,0
170889.607343469,40,2748,2641.8,2229.4,0,0,738730.312236196,0,0,0
170889.647342536,40,2793.4,2519.8,2173.2,0,0,738730.312236659,0,0,0
170889.687341602,40,2795,2427.8,2137,0,0,738730.312237122,0,0,0
170889.727340669,40,2767,2367,2115.2,0,0,738730.312237585,0,0,0
170889.767339735,40,2734,2327.2,2100.6,0,0,738730.312238048,0,0,0
170889.807338801,40,2714.2,2313.8,2095.6,0,0,738730.312238511,0,0,0
170889.847337868,40,2725,2320.4,2102.6,0,0,738730.312238974,0,0,0
170889.887336934,40,2749.6,2340,2105.8,0,0,738730.312239437,0,0,0
170889.927336001,40,2763,2365.4,2118.6,0,0,738730.3122399,0,0,0
170889.967335067,40,2782.6,2402.8,2131.2,0,0,738730.312240363,0,0,0
170890.007334133,40,2797.4,2448.2,2146.2,0,0,738730.312240826,0,0,0
170890.0473332,40,2799.4,2507.6,2169.2,0,0,738730.312241289,0,0,0
170890.087332266,40,2782.4,2577.8,2195.8,0,0,738730.312241752,0,0,0
170890.127331333,40,2740,2649.6,2233.4,0,0,738730.312242214,0,0,0
170890.167330399,40,2668.2,2730.8,2285.8,0,0,738730.312242677,0,0,0
170890.207329465,40,2598.8,2791.6,2343.4,0,0,738730.31224314,0,0,0
170890.247328532,40,2508.8,2833,2416.2,0,0,738730.312243603,0,0,0
170890.287327598,40,2436.4,2841.8,2495.6,0,0,738730.312244066,0,0,0
170890.327326665,40,2382.6,2825,2552.8,0,0,738730.312244529,0,0,0
170890.367325731,40,2363,2822.4,2580.4,0,0,738730.312244992,0,0,0
170890.407324797,40,2394,2825.8,2539,0,0,738730.312245455,0,0,0
170890.447323864,40,2476.4,2839,2445.8,0,0,738730.312245918,0,0,0
170890.48732293,40,2605.2,2789.6,2336.2,0,0,738730.312246381,0,0,0
170890.527321997,40,2730.4,2673.8,2243.8,0,0,738730.312246844,0,0,0
170890.567321063,40,2792.2,2541.4,2179.2,0,0,738730.312247307,0,0,0
170890.607320129,40,2795,2434.4,2132.8,0,0,738730.31224777,0,0,0
170890.647319196,40,2762.6,2368.4,2114.6,0,0,738730.312248233,0,0,0
170890.687318262,40,2736.2,2327,2103.6,0,0,738730.312248696,0,0,0
170890.727317329,40,2723.6,2317.2,2098.6,0,0,738730.312249159,0,0,0
170890.767316395,40,2733,2326.4,2101.6,0,0,738730.312249622,0,0,0
170890.807315461,40,2749.2,2349.2,2110.6,0,0,738730.312250085,0,0,0
170890.847314528,40,2771.4,2372.4,2117.4,0,0,738730.312250548,0,0,0
170890.887313594,40,2781,2406.8,2126,0,0,738730.312251011,0,0,0
170890.927312661,40,2797.2,2446.6,2142.4,0,0,738730.312251474,0,0,0
170890.967311727,40,2798.6,2508.2,2165.6,0,0,738730.312251937,0,0,0
170891.007310793,40,2783.4,2571.6,2193.6,0,0,738730.312252399,0,0,0
170891.04730986,40,2737.2,2655,2236.4,0,0,738730.312252862,0,0,0
170891.087308926,40,2677.2,2733.4,2285.6,0,0,738730.312253325,0,0,0
170891.127307993,40,2596.4,2797,2352.6,0,0,738730.312253788,0,0,0
170891.167307059,40,2506.6,2831.2,2422.2,0,0,738730.312254251,0,0,0
170891.207306125,40,2429.6,2839.6,2502.6,0,0,738730.312254714,0,0,0
170891.247305192,40,2379.8,2829,2559.6,0,0,738730.312255177,0,0,0
170891.287304258,40,2344.2,2814.8,2592.8,0,0,738730.31225564,0,0,0
170891.327303325,40,2343,2804.4,2605.8,0,0,738730.312256103,0,0,0
170891.367302391,40,2362.6,2817.4,2573.4,0,0,738730.312256566,0,0,0
170891.407301457,40,2417.8,2841.4,2511,0,0,738730.312257029,0,0,0
170891.447300524,40,2514.8,2834.6,2414.6,0,0,738730.312257492,0,0,0
170891.48729959,40,2632.2,2773.6,2322.6,0,0,738730.312257955,0,0,0
170891.527298657,40,2731.2,2660.6,2238.6,0,0,738730.312258418,0,0,0
170891.567297723,40,2793,2542.2,2179.6,0,0,738730.312258881,0,0,0
170891.607296789,40,2792.6,2444.8,2138.4,0,0,738730.312259344,0,0,0
170891.647295856,40,2774,2379,2118.4,0,0,738730.312259807,0,0,0
170891.687294922,40,2747.6,2338.2,2105.6,0,0,738730.31226027,0,0,0
170891.727293989,40,2734,2333,2102.4,0,0,738730.312260733,0,0,0
170891.767293055,40,2747.2,2344.4,2107.4,0,0,738730.312261196,0,0,0
170891.807292121,40,2758.6,2361,2112.2,0,0,738730.312261658,0,0,0
170891.847291188,40,2773,2380,2121.2,0,0,738730.312262121,0,0,0
170891.887290254,40,2785.2,2409.2,2128.2,0,0,738730.312262584,0,0,0
170891.927289321,40,2789.6,2437,2143,0,0,738730.312263047,0,0,0
170891.967288387,40,2795.2,2473.6,2156,0,0,738730.31226351,0,0,0
170892.007287453,40,2794.4,2527.2,2170.4,0,0,738730.312263973,0,0,0
170892.04728652,40,2774.8,2587.2,2207.2,0,0,738730.312264436,0,0,0
170892.087285586,40,2737,2661.6,2243.2,0,0,738730.312264899,0,0,0
170892.127284653,40,2670.6,2733.2,2285.6,0,0,738730.312265362,0,0,0
170892.167283719,40,2587.6,2799,2351.4,0,0,738730.312265825,0,0,0
170892.207282785,40,2505.2,2835.4,2424.4,0,0,738730.312266288,0,0,0
170892.247281852,40,2416.2,2838,2508.2,0,0,738730.312266751,0,0,0
170892.287280918,40,2344.2,2803.8,2598.6,0,0,738730.312267214,0,0,0
170892.327279985,40,2286.8,2757.4,2662.8,0,0,738730.312267677,0,0,0
170892.367279051,40,2256.4,2713.2,2718,0,0,738730.31226814,0,0,0
170892.407278117,40,2239.6,2685.4,2736.8,0,0,738730.312268603,0,0,0
170892.447277184,40,2246.8,2700.2,2734.8,0,0,738730.312269066,0,0,0
170892.48727625,40,2267.4,2729,2703,0,0,738730.312269529,0,0,0
170892.527275317,40,2303,2774.6,2646,0,0,738730.312269992,0,0,0
170892.567274383,40,2370.2,2814,2571.4,0,0,738730.312270455,0,0,0
170892.607273449,40,2449.4,2842.8,2473.6,0,0,738730.312270918,0,0,0
170892.647272516,40,2547.2,2824.4,2385.4,0,0,738730.31227138,0,0,0
170892.687271582,40,2642.2,2762.2,2312.8,0,0,738730.312271843,0,0,0
170892.727270649,40,2715.4,2680.4,2248.6,0,0,738730.312272306,0,0,0
170892.767269715,40,2769.6,2610,2208.8,0,0,738730.312272769,0,0,0
170892.807268781,40,2793.6,2550,2180.8,0,0,738730.312273232,0,0,0
170892.847267848,40,2796.6,2508.8,2167.6,0,0,738730.312273695,0,0,0
170892.887266914,40,2799.8,2498.6,2157.8,0,0,738730.312274158,0,0,0
170892.927265981,40,2804.4,2506,2167.2,0,0,738730.312274621,0,0,0
170892.967265047,40,2794.4,2527.2,2174.2,0,0,738730.312275084,0,0,0
170893.007264113,40,2795,2543.6,2182.4,0,0,738730.312275547,0,0,0
170893.04726318,40,2785.2,2567.8,2192.4,0,0,738730.31227601,0,0,0
170893.087262246,40,2771.6,2591.8,2207.6,0,0,738730.312276473,0,0,0
170893.127261313,40,2748.2,2638.4,2226.6,0,0,738730.312276936,0,0,0
170893.167260379,40,2720.6,2680.4,2253.2,0,0,738730.312277399,0,0,0
170893.207259445,40,2672.8,2730.4,2289,0,0,738730.312277862,0,0,0
170893.247258512,40,2619.2,2781.2,2333.4,0,0,738730.312278325,0,0,0
170893.287257578,40,2542.8,2820.6,2383.4,0,0,738730.312278788,0,0,0
170893.327256645,40,2474.2,2842.2,2460.6,0,0,738730.312279251,0,0,0
170893.367255711,40,2396.6,2829,2535,0,0,738730.312279714,0,0,0
170893.407254777,40,2344,2800.8,2600.8,0,0,738730.312280177,0,0,0
170893.447253844,40,2300.8,2772.4,2657,0,0,738730.31228064,0,0,0
170893.48725291,40,2282.4,2745.4,2681.2,0,0,738730.312281103,0,0,0
170893.527251977,40,2299.8,2766.2,2662.6,0,0,738730.312281565,0,0,0
170893.567251043,40,2345,2799.8,2600,0,0,738730.312282028,0,0,0
170893.607250109,40,2425,2840.4,2506.4,0,0,738730.312282491,0,0,0
170893.647249176,40,2536.4,2824.6,2398.8,0,0,738730.312282954,0,0,0
170893.687248242,40,2649.4,2758.6,2306.8,0,0,738730.312283417,0,0,0
170893.727247309,40,2735.4,2661.2,2238.2,0,0,738730.31228388,0,0,0
170893.767246375,40,2777.6,2568,2193.6,0,0,738730.312284343,0,0,0
170893.807245441,40,2800.2,2495.8,2158,0,0,738730.312284806,0,0,0
170893.847244508,40,2795.4,2452.4,2145.6,0,0,738730.312285269,0,0,0
170893.887243574,40,2793.6,2444.4,2142.4,0,0,738730.312285732,0,0,0
170893.927242641,40,2799.4,2465.6,2144,0,0,738730.312286195,0,0,0
170893.967241707,40,2797.8,2487.8,2157.4,0,0,738730.312286658,0,0,0
170894.007240773,40,2800.8,2516.2,2164.2,0,0,738730.312287121,0,0,0
170894.04723984,40,2791,2546.6,2182.4,0,0,738730.312287584,0,0,0
170894.087238906,40,2777.2,2586.8,2200.8,0,0,738730.312288047,0,0,0
170894.127237973,40,2750.6,2639.8,2228,0,0,738730.31228851,0,0,0
170894.167237039,40,2709.2,2696.8,2256.8,0,0,738730.312288973,0,0,0
170894.207236105,40,2646.4,2750.8,2299.6,0,0,738730.312289436,0,0,0
170894.247235172,40,2591,2798.8,2352,0,0,738730.312289899,0,0,0
170894.287234238,40,2521.8,2825.6,2411.4,0,0,738730.312290362,0,0,0
170894.327233305,40,2469.8,2835.4,2453,0,0,738730.312290824,0,0,0
170894.367232371,40,2464.6,2838.4,2462.6,0,0,738730.312291287,0,0,0
170894.407231437,40,2519.8,2827.6,2407.6,0,0,738730.31229175,0,0,0
170894.447230504,40,2628.2,2774.2,2315.4,0,0,738730.312292213,0,0,0
170894.48722957,40,2729.4,2667.6,2239.8,0,0,738730.312292676,0,0,0
170894.527228637,40,2789.4,2532.8,2178.2,0,0,738730.312293139,0,0,0
170894.567227703,40,2789.2,2438.8,2135.4,0,0,738730.312293602,0,0,0
170894.607226769,40,2774.8,2384.6,2120.8,0,0,738730.312294065,0,0,0
170894.647225836,40,2772.6,2375,2117.4,0,0,738730.312294528,0,0,0
170894.687224902,40,2784.2,2410.8,2133,0,0,738730.312294991,0,0,0
170894.727223969,40,2799.2,2455.2,2147,0,0,738730.312295454,0,0,0
170894.767223035,40,2788.6,2532.4,2172.4,0,0,738730.312295917,0,0,0
170894.807222101,40,2755.4,2624.2,2228.2,0,0,738730.31229638,0,0,0
170894.847221168,40,2671.8,2735,2285,0,0,738730.312296843,0,0,0
170894.887220234,40,2580.8,2802.6,2357.6,0,0,738730.312297306,0,0,0
170894.927219301,40,2575.8,2804.8,2363.2,0,0,738730.312297769,0,0,0
170894.967218367,40,2692.6,2718.8,2275.4,0,0,738730.312298232,0,0,0
170895.007217433,40,2779.6,2578.8,2197,0,0,738730.312298695,0,0,0
170895.0472165,40,2793,2445,2143,0,0,738730.312299158,0,0,0
170895.087215566,40,2762.4,2360.4,2113.4,0,0,738730.312299621,0,0,0
170895.127214633,40,2737.4,2336.2,2101.2,0,0,738730.312300083,0,0,0
170895.167213699,40,2756.6,2355.2,2110,0,0,738730.312300546,0,0,0
170895.207212765,40,2775.8,2388.4,2121.2,0,0,738730.312301009,0,0,0
170895.247211832,40,2799,2446.6,2143,0,0,738730.312301472,0,0,0
170895.287210898,40,2795,2525.2,2173,0,0,738730.312301935,0,0,0
170895.327209965,40,2756.2,2624,2225.4,0,0,738730.312302398,0,0,0
170895.367209031,40,2680,2731.4,2285.6,0,0,738730.312302861,0,0,0
170895.407208097,40,2584,2796.4,2347.6,0,0,738730.312303324,0,0,0
170895.447207164,40,2627.4,2767.6,2323.2,0,0,738730.312303787,0,0,0
170895.48720623,40,2737,2663,2237,0,0,738730.31230425,0,0,0
170895.527205297,40,2792.4,2529.2,2177.4,0,0,738730.312304713,0,0,0
170895.567204363,40,2787.2,2409.2,2130.8,0,0,738730.312305176,0,0,0
170895.607203429,40,2748.2,2344,2109.4,0,0,738730.312305639,0,0,0
170895.647202496,40,2722.2,2316,2098,0,0,738730.312306102,0,0,0
170895.687201562,40,2727.2,2317.6,2101.2,0,0,738730.312306565,0,0,0
170895.727200629,40,2762.2,2355.6,2112.8,0,0,738730.312307028,0,0,0
170895.767199695,40,2787.6,2421.8,2133.6,0,0,738730.312307491,0,0,0
170895.807198761,40,2799.2,2500.6,2164,0,0,738730.312307954,0,0,0
170895.847197828,40,2755.8,2617.2,2220,0,0,738730.312308417,0,0,0
170895.887196894,40,2682,2720.4,2280.4,0,0,738730.31230888,0,0,0
170895.927195961,40,2645.8,2755.6,2305.4,0,0,738730.312309343,0,0,0
170895.967195027,40,2711.2,2685.6,2248.4,0,0,738730.312309806,0,0,0
170896.007194093,40,2786.6,2579,2192.8,0,0,738730.312310268,0,0,0
170896.04719316,40,2803.6,2475,2155.2,0,0,738730.312310731,0,0,0
170896.087192226,40,2775.2,2393.4,2122.2,0,0,738730.312311194,0,0,0
170896.127191293,40,2743.2,2332.2,2106,0,0,738730.312311657,0,0,0
170896.167190359,40,2700,2299.2,2094.4,0,0,738730.31231212,0,0,0
170896.207189425,40,2670.2,2277.2,2090,0,0,738730.312312583,0,0,0
170896.247188492,40,2656.8,2264,2082.8,0,0,738730.312313046,0,0,0
170896.287187558,40,2650.8,2260,2080,0,0,738730.312313509,0,0,0
170896.327186625,40,2654,2261.2,2087.2,0,0,738730.312313972,0,0,0
170896.367185691,40,2665.6,2273.4,2088.2,0,0,738730.312314435,0,0,0
170896.407184757,40,2678.2,2277.4,2089.2,0,0,738730.312314898,0,0,0
170896.447183824,40,2683.6,2285.4,2088.4,0,0,738730.312315361,0,0,0
170896.48718289,40,2690.6,2292.8,2089.2,0,0,738730.312315824,0,0,0
170896.527181957,40,2701.2,2299.4,2096.2,0,0,738730.312316287,0,0,0
170896.567181023,40,2706.6,2302.2,2091.8,0,0,738730.31231675,0,0,0
170896.607180089,40,2712.8,2307.8,2096,0,0,738730.312317213,0,0,0
170896.647179156,40,2713,2305.8,2100,0,0,738730.312317676,0,0,0
170896.687178222,40,2727.8,2321.4,2099,0,0,738730.312318139,0,0,0
170896.727177289,40,2735,2325.8,2100.2,0,0,738730.312318602,0,0,0
170896.767176355,40,2733.4,2327.8,2100.6,0,0,738730.312319065,0,0,0
170896.807175421,40,2743.4,2338.4,2108.4,0,0,738730.312319527,0,0,0
170896.847174488,40,2745,2342.2,2109,0,0,738730.31231999,0,0,0
