105202.246,40,2018,2089.8,2136.6
105202.286,40,2014.4,2087.2,2135.6
105202.326,40,2016,2088.2,2132
105202.366,40,2014,2084.2,2129.4
105202.406,40,2014.8,2084.8,2128.6
105202.446,40,2017.6,2084.4,2126.4
105202.486,40,2016,2085.4,2119.8
105202.526,40,2014.2,2083.4,2120.4
105202.566,40,2015.2,2082.4,2121.6
105202.606,40,2015.6,2083.2,2118.4
105202.646,40,2011.4,2079,2114.8
105202.686,40,2016.6,2081,2117
105202.726,40,2016.6,2087.2,2114.6
105202.766,40,2016.6,2082.8,2123.8
105202.806,40,2017.2,2089.4,2134
105202.846,40,2018.2,2092.2,2147
105202.886,40,2020.6,2097.2,2172.6
105202.926,40,2023.4,2106,2200
105202.966,40,2028.6,2119.6,2233.8
105203.006,40,2032.4,2129.2,2275.2
105203.046,40,2036,2140,2318.8
105203.086,40,2036.2,2148.2,2352.4
105203.126,40,2037.4,2151.2,2371.2
105203.166,40,2038.4,2157.4,2375.2
105203.206,40,2037.8,2150.8,2355.6
105203.246,40,2037.6,2141.8,2335.6
105203.286,40,2039.6,2141,2308
105203.326,40,2037.4,2131,2282.6
105203.366,40,2024.8,2123.2,2247.6
105203.406,40,2024,2116,2214
105203.446,40,2021.8,2104.6,2176.2
105203.486,40,2019.4,2092,2137.6
105203.526,40,2019.4,2080.6,2112.6
105203.566,40,2013,2076,2093.8
105203.606,40,2008,2070.6,2082.6
105203.646,40,2007.6,2073.4,2084.6
105203.686,40,2009,2069,2080
105203.726,40,2010.6,2078.2,2083.2
105203.766,40,2011.8,2075.6,2101.8
105203.806,40,2017.8,2080.4,2112.4
105203.846,40,2016,2090,2126.6
105203.886,40,2015.4,2095.4,2152
105203.926,40,2021,2101.6,2173.2
105203.966,40,2023.6,2115.4,2208.4
105204.006,40,2024.8,2123.8,2249
105204.046,40,2030.4,2137.6,2289.4
105204.086,40,2035.4,2140.6,2329.6
105204.126,40,2034.4,2148.4,2347
105204.166,40,2034.4,2145.6,2333.2
105204.206,40,2035.8,2136.2,2313.6
105204.246,40,2031.6,2130.4,2289
105204.286,40,2031.8,2123.4,2261.2
105204.326,40,2026.4,2114.6,2231.4
105204.366,40,2024.2,2111.2,2194.6
105204.406,40,2023.8,2099.8,2165.4
105204.446,40,2017.4,2091.2,2141
105204.486,40,2012.8,2081.6,2116.8
105204.526,40,2015.4,2075.6,2110
105204.566,40,2013.2,2075.4,2103
105204.606,40,2015.2,2080.2,2105.2
105204.646,40,2012.4,2076.2,2106.4
105204.686,40,2014.4,2081.4,2112.2
105204.726,40,2016.8,2080.8,2107.6
105204.766,40,2012.2,2082.4,2121.6
105204.806,40,2016,2087.6,2132.2
105204.846,40,2017.4,2092.4,2152.4
105204.886,40,2017.8,2095.6,2172.2
105204.926,40,2025,2107.6,2203.4
105204.966,40,2027.8,2118,2245.8
105205.006,40,2030.4,2133.6,2288.4
105205.046,40,2039.2,2148.8,2328.6
105205.086,40,2044.6,2160.4,2367
105205.126,40,2044.2,2163.6,2382.8
105205.166,40,2041.6,2163.8,2376.2
105205.206,40,2038,2156.8,2361.4
105205.246,40,2036.6,2148.4,2349
105205.286,40,2033.6,2144.4,2322.8
105205.326,40,2035.4,2138.2,2304.4
105205.366,40,2031.6,2128.6,2284.6
105205.406,40,2031.8,2126.6,2269.8
105205.446,40,2026.8,2121.4,2247.4
105205.486,40,2027.2,2116,2231.4
105205.526,40,2023.8,2108.8,2200.4
105205.566,40,2021.2,2102.4,2178.8
105205.606,40,2019.4,2098.2,2156.4
105205.646,40,2015.8,2087.6,2147
105205.686,40,2018.6,2090.2,2140.6
105205.726,40,2016.2,2086.6,2135.6
105205.766,40,2015.8,2087,2134.6
105205.806,40,2014.8,2088.4,2130.8
105205.846,40,2016.8,2082.6,2133.6
105205.886,40,2013.4,2081,2129.8
105205.926,40,2013.2,2083.2,2129.2
105205.966,40,2013.2,2081.6,2126.4
105206.006,40,2018,2085.6,2126.4
105206.046,40,2017.6,2085.4,2121.6
105206.086,40,2013.6,2084.2,2122.6
105206.126,40,2015.2,2083.4,2122
105206.166,40,2016.8,2081.8,2118.8
105206.206,40,2016.8,2082.2,2116.4
105206.246,40,2014,2083,2117.4
105206.286,40,2012.6,2075.8,2116.8
105206.326,40,2011.8,2080.6,2114.4
105206.366,40,2016.2,2077,2110.2
105206.406,40,2009.6,2078.2,2110.2
105206.446,40,2014.2,2080,2106.2
105206.486,40,2016.6,2078.4,2105
105206.526,40,2018.4,2077.4,2105.2
105206.566,40,2012.6,2078.6,2104
105206.606,40,2011.8,2081.6,2106.4
105206.646,40,2017.2,2078.2,2099.6
105206.686,40,2011.4,2076,2097.8
105206.726,40,2012.2,2079.8,2097.8
105206.766,40,2008.8,2078.4,2096.4
105206.806,40,2010.8,2073.2,2093.8
105206.846,40,2015,2074.2,2088.8
105206.886,40,2012.4,2074.4,2086.2
105206.926,40,2011.6,2074.8,2085.4
105206.966,40,2012.4,2069.8,2087.6
105207.006,40,2011.2,2074.2,2100.4
105207.046,40,2012.6,2085.2,2128.2
105207.086,40,2021.2,2099.6,2178.4
105207.126,40,2029.8,2129.6,2272.2
105207.166,40,2046.4,2170.4,2405
105207.206,40,2066,2228.2,2560.8
105207.246,40,2087.2,2304.8,2689.6
105207.286,40,2109.4,2375.6,2758.6
105207.326,40,2144.4,2442.8,2764.4
105207.366,40,2168.6,2489.4,2741.6
105207.406,40,2175.6,2507.2,2731.4
105207.446,40,2168.6,2488,2743.4
105207.486,40,2148,2450.8,2751.8
105207.526,40,2127.4,2394,2726
105207.566,40,2103.8,2322,2647.4
105207.606,40,2075.8,2250.2,2535
105207.646,40,2051.2,2190.6,2413.4
105207.686,40,2037.2,2149.4,2303.6
105207.726,40,2030,2116.2,2223.2
105207.766,40,2020.8,2104.2,2177
105207.806,40,2025,2107,2193.4
105207.846,40,2027.6,2117.4,2241.8
105207.886,40,2039.4,2150,2335.6
105207.926,40,2049,2188.6,2454
105207.966,40,2069.2,2239,2551.8
105208.006,40,2087.4,2285.6,2590.8
105208.046,40,2102.6,2321.6,2621.2
105208.086,40,2118.4,2364.6,2663.8
105208.126,40,2124.6,2382.2,2715.6
105208.166,40,2114.6,2369.2,2733.4
105208.206,40,2103.6,2351.4,2730
105208.246,40,2100.6,2329.6,2699.8
105208.286,40,2091.8,2297.4,2633.4
105208.326,40,2078,2262.4,2556.4
105208.366,40,2069,2227,2492.4
105208.406,40,2051.6,2190.8,2438.2
105208.446,40,2042.8,2161.4,2354.2
105208.486,40,2033.2,2131.8,2271.2
105208.526,40,2025,2110,2206.6
105208.566,40,2025.6,2101.8,2166
105208.606,40,2016.2,2095.6,2160.4
105208.646,40,2020.8,2102.6,2180
105208.686,40,2028.8,2115.2,2231.6
105208.726,40,2032.4,2139,2326.6
105208.766,40,2048.6,2178.8,2459.4
105208.806,40,2063.8,2231.4,2599.6
105208.846,40,2085.8,2295.4,2684.6
105208.886,40,2107.6,2351.8,2716.8
105208.926,40,2124.4,2380.4,2707.4
105208.966,40,2128.8,2390.8,2673.4
105209.006,40,2128.4,2376.6,2650.4
105209.046,40,2113.6,2349.2,2652.4
105209.086,40,2100.2,2325.4,2663.4
105209.126,40,2082,2285.6,2625
105209.166,40,2072.6,2243.2,2550
105209.206,40,2056.2,2198.2,2445.8
105209.246,40,2041.4,2164.8,2344
105209.286,40,2033.4,2136.4,2256.4
105209.326,40,2026.6,2109.4,2194
105209.366,40,2019.4,2096.8,2150
105209.406,40,2011.8,2084.2,2130
105209.446,40,2019,2086.4,2124.2
105209.486,40,2014.4,2088.6,2143.8
105209.526,40,2020.2,2098.8,2173.4
105209.566,40,2026.2,2114.6,2221.4
105209.606,40,2032.6,2138.4,2307.2
105209.646,40,2042.4,2176.8,2434.8
105209.686,40,2066.4,2237.2,2586.2
105209.726,40,2086,2318.2,2721.6
105209.766,40,2125,2406.8,2773.6
105209.806,40,2167.6,2495.4,2736.6
105209.846,40,2216.8,2544,2641
105209.886,40,2257.4,2560.2,2542.2
105209.926,40,2291.4,2558.4,2461.6
105209.966,40,2331,2565.6,2417.4
105210.006,40,2362.6,2572.8,2390.4
105210.046,40,2379.8,2565.8,2370.4
105210.086,40,2391.2,2565,2364
105210.126,40,2386.6,2582.8,2369.4
105210.166,40,2383.6,2594.8,2385.8
105210.206,40,2377.2,2600.4,2395.4
105210.246,40,2370,2597.6,2401.6
105210.286,40,2370.2,2598.8,2411.4
105210.326,40,2358.2,2596.6,2418.4
105210.366,40,2355,2600.8,2427.6
105210.406,40,2347.6,2603.8,2437.4
105210.446,40,2342.6,2603,2438.8
105210.486,40,2336.8,2603.4,2455.8
105210.526,40,2335.6,2606.2,2462.6
105210.566,40,2325.4,2608.4,2466.6
105210.606,40,2323.6,2613,2481.2
105210.646,40,2319.8,2608.4,2497.2
105210.686,40,2310,2614,2496.2
105210.726,40,2306.6,2611.6,2505
105210.766,40,2298.6,2613.4,2519
105210.806,40,2296.4,2610.8,2523.8
105210.846,40,2294,2607.6,2530.2
105210.886,40,2287,2605,2539.8
105210.926,40,2284,2607.2,2544.6
105210.966,40,2274.2,2602.6,2553.2
105211.006,40,2267.4,2595.8,2564.2
105211.046,40,2265.8,2596.6,2577
105211.086,40,2258.8,2587.2,2585
105211.126,40,2251.6,2585,2591.8
105211.166,40,2246.8,2581.8,2600.4
105211.206,40,2238.6,2569.8,2599.4
105211.246,40,2236.2,2557.6,2601.4
105211.286,40,2225.8,2543.4,2597.4
105211.326,40,2216.2,2526,2606.6
105211.366,40,2206.4,2516.6,2621.6
105211.406,40,2193.6,2509,2664
105211.446,40,2176,2489.2,2703.2
105211.486,40,2158.2,2458,2737.2
105211.526,40,2132,2413.8,2755.8
105211.566,40,2103.2,2355,2741.4
105211.606,40,2084,2294.2,2669.4
105211.646,40,2063.6,2235.4,2554.2
105211.686,40,2046.8,2178.8,2423
105211.726,40,2042.2,2147,2316.2
105211.766,40,2031.4,2122.2,2235.6
105211.806,40,2025.8,2103,2182.6
105211.846,40,2025,2092.4,2151.4
105211.886,40,2014.8,2086.4,2129.8
105211.926,40,2018.2,2086.8,2121.8
105211.966,40,2021.2,2091,2145
105212.006,40,2024.8,2108.8,2192.6
105212.046,40,2029.6,2128.8,2270.2
105212.086,40,2044,2162.6,2369.6
105212.126,40,2054.8,2207.8,2488
105212.166,40,2065.2,2246,2586.6
105212.206,40,2080,2281.2,2646.4
105212.246,40,2087,2289.8,2658
105212.286,40,2081,2281,2619.4
105212.326,40,2075.4,2255.8,2571.6
105212.366,40,2065.6,2228.4,2509
105212.406,40,2057.4,2204.4,2439.4
105212.446,40,2050,2178.4,2382
105212.486,40,2037.8,2147.8,2323.4
105212.526,40,2032.8,2127.4,2256.6
105212.566,40,2026,2114.4,2210
105212.606,40,2022.8,2100.2,2162.6
105212.646,40,2016,2085.2,2123.6
105212.686,40,2014,2078.4,2104.2
105212.726,40,2010.6,2074.4,2091.2
105212.766,40,2012.4,2075.2,2087.4
105212.806,40,2012.6,2075.2,2101.2
105212.846,40,2017.2,2083.6,2116.2
105212.886,40,2020.8,2092.2,2138
105212.926,40,2022.2,2106.8,2181.2
105212.966,40,2028.2,2119.4,2226.4
105213.006,40,2036.8,2138.6,2278
105213.046,40,2042.6,2155.2,2320.8
105213.086,40,2036.2,2152.8,2333.2
105213.126,40,2034.6,2142.2,2308.2
105213.166,40,2034.2,2135.2,2286
105213.206,40,2028.8,2119,2246.8
105213.246,40,2026.6,2114.6,2212
105213.286,40,2024.6,2106.4,2172.6
105213.326,40,2017.4,2092.4,2141
105213.366,40,2017.4,2082,2114
105213.406,40,2012.8,2073.6,2092
105213.446,40,2009.6,2071.2,2078
105213.486,40,2005.6,2066.2,2074.6
105213.526,40,2007.6,2072.8,2084.8
105213.566,40,2011.8,2080.6,2096.8
105213.606,40,2016.6,2084,2114
105213.646,40,2022,2097.4,2151
105213.686,40,2026.6,2108,2192
105213.726,40,2030.6,2124.6,2231.6
105213.766,40,2032.8,2134.4,2278.4
105213.806,40,2034.2,2138,2288.6
105213.846,40,2030,2126.8,2266.6
105213.886,40,2027,2120.2,2247
105213.926,40,2023.4,2112,2210.6
105213.966,40,2018.2,2096.8,2175
105214.006,40,2016,2087,2136.4
105214.046,40,2011.4,2077.8,2108.6
105214.086,40,2013.8,2076,2089.6
105214.126,40,2006.8,2074,2072.2
105214.166,40,2008.6,2067.8,2072.2
105214.206,40,2006.4,2069,2078.8
105214.246,40,2014.8,2076.4,2094.8
105214.286,40,2021,2084.4,2119.8
105214.326,40,2019.8,2103.4,2168.6
105214.366,40,2027.6,2122.8,2243.4
105214.406,40,2039.6,2150.4,2336.4
105214.446,40,2047,2176.2,2434.8
105214.486,40,2054.4,2193.4,2486.2
105214.526,40,2049.4,2181.6,2463
105214.566,40,2040.2,2165,2406.6
105214.606,40,2035.8,2151.2,2336.4
105214.646,40,2033,2132,2268.6
105214.686,40,2028.8,2115.4,2210.6
105214.726,40,2023.6,2101,2168
105214.766,40,2017.8,2088,2131
105214.806,40,2012.2,2078.4,2101.8
105214.846,40,2011.6,2074.6,2088
105214.886,40,2006.4,2064.4,2073
105214.926,40,2006.8,2064.2,2071.4
105214.966,40,2011.8,2065.4,2066.4
105215.006,40,2009.2,2072,2073.4
105215.046,40,2008.6,2073.8,2087.4
105215.086,40,2011.6,2082.4,2122.8
105215.126,40,2024.6,2102,2183.8
105215.166,40,2038.4,2142.2,2317.6
105215.206,40,2057.4,2219,2547.8
105215.246,40,2100.6,2343.2,2793
105215.286,40,2162.6,2512.2,2837.6
105215.326,40,2251.2,2643.2,2656.6
105215.366,40,2358.4,2639,2451.4
105215.406,40,2425.2,2553.4,2315
105215.446,40,2444.8,2456.6,2237.4
105215.486,40,2448.4,2405.8,2199.2
105215.526,40,2455.4,2437.8,2217.4
105215.566,40,2438.6,2521,2283.4
105215.606,40,2368.8,2594.2,2407.8
105215.646,40,2261.2,2590.4,2578.6
105215.686,40,2167.6,2458.2,2678.2
105215.726,40,2104.4,2325.4,2633.2
105215.766,40,2064.6,2229.2,2509
105215.806,40,2047.4,2171,2387.2
105215.846,40,2040,2147.4,2327.4
105215.886,40,2040.2,2148.8,2326.2
105215.926,40,2042.8,2161.4,2376.4
105215.966,40,2055.2,2198.2,2448.6
105216.006,40,2075,2243.6,2543
105216.046,40,2095.8,2316.8,2625.8
105216.086,40,2140.8,2403.4,2656.2
105216.126,40,2200.8,2511.4,2621.4
105216.166,40,2283.4,2574,2503
105216.206,40,2360.8,2557.8,2378.8
105216.246,40,2409.6,2506.6,2295
105216.286,40,2432.6,2474.2,2257.6
105216.326,40,2433.4,2505.6,2278.4
105216.366,40,2421.2,2554.8,2323.2
105216.406,40,2372.8,2611.8,2417.8
105216.446,40,2301.8,2631.8,2542.2
105216.486,40,2220.2,2580,2689.8
105216.526,40,2148.6,2449.2,2758
105216.566,40,2095.4,2316,2671.8
105216.606,40,2062.2,2221.2,2494.2
105216.646,40,2045.8,2165.8,2355.8
105216.686,40,2033.6,2135.2,2262.2
105216.726,40,2026.2,2117.8,2220.6
105216.766,40,2029.4,2113.2,2212.4
105216.806,40,2029,2120.8,2236.8
105216.846,40,2032.6,2134,2280.8
105216.886,40,2039.6,2156.6,2362.4
105216.926,40,2049.8,2191.8,2490.6
105216.966,40,2073.4,2263,2656.2
105217.006,40,2107.8,2372.6,2778.4
105217.046,40,2166.2,2494.8,2750.2
105217.086,40,2239.8,2578,2614
105217.126,40,2305,2566,2455.8
105217.166,40,2354.6,2522.8,2352.8
105217.206,40,2393.2,2509.4,2306
105217.246,40,2413.4,2515.8,2296.8
105217.286,40,2409,2559.6,2338.8
105217.326,40,2390,2596,2383
105217.366,40,2350,2622.2,2453.2
105217.406,40,2292.8,2617.6,2538.8
105217.446,40,2229.2,2564.8,2624
105217.486,40,2174,2478,2670
105217.526,40,2124.6,2384.6,2681.8
105217.566,40,2092,2309,2649.4
105217.606,40,2072.8,2245.6,2562
105217.646,40,2056.8,2198.4,2468.6
105217.686,40,2046,2176.6,2406.8
105217.726,40,2045.8,2162,2372.4
105217.766,40,2042.8,2166.6,2385.2
105217.806,40,2047.4,2176,2399.4
105217.846,40,2044.4,2170.4,2395.6
105217.886,40,2046.2,2168.2,2388
105217.926,40,2041.8,2164,2368.6
105217.966,40,2043.8,2165.8,2369.4
105218.006,40,2043.8,2165.6,2370.4
105218.046,40,2043.4,2164,2367
105218.086,40,2046.2,2163.8,2358.4
105218.126,40,2042.2,2161.8,2353
105218.166,40,2051,2173.2,2365.6
105218.206,40,2056.8,2196.8,2422
105218.246,40,2067,2227.8,2523.4
105218.286,40,2088,2285.2,2621.8
105218.326,40,2118.6,2363.4,2695.4
105218.366,40,2162.4,2456.8,2693.8
105218.406,40,2214.8,2530.6,2621.8
105218.446,40,2284.4,2563.4,2494.4
105218.486,40,2354.8,2540.6,2375.2
105218.526,40,2397,2505.6,2304.2
105218.566,40,2410.6,2518.6,2304.4
105218.606,40,2387.4,2585.4,2377.6
105218.646,40,2327,2639.6,2500.2
105218.686,40,2239.2,2605,2664
105218.726,40,2157.6,2475.2,2764.6
105218.766,40,2097.4,2325.4,2668.2
105218.806,40,2065.6,2217.4,2467.2
105218.846,40,2041.2,2152.8,2322.2
105218.886,40,2029,2113.6,2205
105218.926,40,2018,2090.2,2139.6
105218.966,40,2010.6,2074.8,2099.4
105219.006,40,2012,2068.6,2080.8
105219.046,40,2013.2,2073,2084.2
105219.086,40,2020.4,2080.4,2098.6
105219.126,40,2016.2,2090.4,2127.2
105219.166,40,2025,2106.2,2179.6
105219.206,40,2031.8,2123.8,2254
105219.246,40,2040.6,2160.2,2364.6
105219.286,40,2062.6,2218,2510.2
105219.326,40,2091.4,2305.4,2647
105219.366,40,2137,2414.4,2711.4
105219.406,40,2202,2520.6,2638.4
105219.446,40,2286.2,2578.6,2503.2
105219.486,40,2353.6,2556.2,2388.2
105219.526,40,2402.4,2504,2300.2
105219.566,40,2425.2,2451.6,2250.2
105219.606,40,2428.4,2432,2227.6
105219.646,40,2413.8,2455.4,2252.6
105219.686,40,2390,2498.4,2304.4
105219.726,40,2348.4,2554,2390.8
105219.766,40,2265,2573.8,2539.6
105219.806,40,2171.4,2486.2,2696
105219.846,40,2099.4,2332.4,2676.2
105219.886,40,2059.8,2212,2485.2
105219.926,40,2035,2143.6,2294
105219.966,40,2022.2,2106,2179.4
105220.006,40,2016.8,2090.8,2133.2
105220.046,40,2014.2,2083.8,2129.4
105220.086,40,2020,2099.8,2186
105220.126,40,2035.4,2136.8,2292.6
105220.166,40,2058.4,2212.6,2468
105220.206,40,2102,2317.4,2627.6
105220.246,40,2167,2451.6,2637.4
105220.286,40,2251.6,2544.8,2519.8
105220.326,40,2347.8,2546.2,2380.4
105220.366,40,2402.2,2469,2273.2
105220.406,40,2412,2398.8,2210.2
105220.446,40,2405.4,2354.2,2176.4
105220.486,40,2406.6,2357.8,2185
105220.526,40,2424,2413.4,2218.2
105220.566,40,2416.8,2521.4,2302.8
105220.606,40,2340.4,2613.8,2455.4
105220.646,40,2225.6,2577.2,2668.2
105220.686,40,2132.4,2408.2,2756.4
105220.726,40,2076.2,2247.2,2579.2
105220.766,40,2040.8,2150.2,2330.6
105220.806,40,2023.4,2107.2,2188.2
105220.846,40,2015.6,2085,2112.6
105220.886,40,2012,2071,2090.6
105220.926,40,2011,2078,2096.8
105220.966,40,2014.6,2087.4,2134.6
105221.006,40,2022.6,2112.8,2219.6
105221.046,40,2037,2162,2366.2
105221.086,40,2071.2,2255.2,2609
105221.126,40,2132.6,2431.6,2801.2
105221.166,40,2234.4,2611.6,2685
105221.206,40,2362.8,2621.2,2429.2
105221.246,40,2436,2480,2259
105221.286,40,2405,2333,2169
105221.326,40,2369.8,2297.4,2146.8
105221.366,40,2412.8,2340.6,2169.8
105221.406,40,2418.2,2361.4,2182.6
105221.446,40,2433.4,2366.2,2182.6
105221.486,40,2428.6,2362.6,2183.4
105221.526,40,2433.2,2371.2,2184.6
105221.566,40,2439.6,2374.8,2188.4
105221.606,40,2439.2,2382.2,2187.8
105221.646,40,2444,2391.2,2195.2
105221.686,40,2445.6,2398.8,2196
105221.726,40,2448.8,2410,2201.2
105221.766,40,2442.6,2407,2205.2
105221.806,40,2442.6,2411,2212.2
105221.846,40,2438.8,2423,2215.2
105221.886,40,2438.8,2428,2220
105221.926,40,2434.8,2428.8,2221.4
105221.966,40,2434.2,2429,2228.6
105222.006,40,2432.8,2437.8,2233.4
105222.046,40,2433,2445.4,2237
105222.086,40,2436.4,2456.6,2245.6
105222.126,40,2436,2461,2245.8
105222.166,40,2437.4,2467.8,2255
105222.206,40,2442.6,2477.4,2256.4
105222.246,40,2440.2,2484,2263.6
105222.286,40,2438,2489.4,2271.4
105222.326,40,2442.2,2500.4,2272.4
105222.366,40,2441.2,2507.2,2279.2
105222.406,40,2434.2,2512,2283.2
105222.446,40,2430.8,2511.4,2288.8
105222.486,40,2432,2523,2294.8
105222.526,40,2420.6,2523.2,2298.8
105222.566,40,2417.8,2526.6,2306.2
105222.606,40,2414.6,2524.6,2307.8
105222.646,40,2408.6,2530.8,2315.6
105222.686,40,2403.2,2534.6,2323.6
105222.726,40,2401.4,2541,2328.4
105222.766,40,2401,2550.2,2332.4
105222.806,40,2401.8,2552.6,2340
105222.846,40,2393.2,2556.4,2348.6
105222.886,40,2391.6,2566.4,2356.2
105222.926,40,2395.4,2575.8,2366.8
105222.966,40,2390,2580.2,2370.2
105223.006,40,2386.6,2584,2378
105223.046,40,2386,2589.8,2387.2
105223.086,40,2379.4,2592.2,2395.2
105223.126,40,2372.4,2601.4,2402.6
105223.166,40,2372.6,2596.8,2407.4
105223.206,40,2365.8,2602.8,2415
105223.246,40,2358.8,2596.4,2422.2
105223.286,40,2352,2598.6,2425
105223.326,40,2348,2603.2,2428.2
105223.366,40,2341.8,2595.4,2440.8
105223.406,40,2335,2595,2445.4
105223.446,40,2334.6,2603.4,2454.8
105223.486,40,2325.2,2602,2469.4
105223.526,40,2321.4,2608.2,2479.6
105223.566,40,2320.4,2612.2,2481.8
105223.606,40,2317.4,2618.2,2495.8
105223.646,40,2314.8,2620.8,2506
105223.686,40,2309.8,2623,2515.4
105223.726,40,2303.2,2618.2,2522.6
105223.766,40,2298.4,2617.8,2528.8
105223.806,40,2289.8,2621,2541.2
105223.846,40,2286.8,2614.8,2549
105223.886,40,2281.8,2612.8,2553.4
105223.926,40,2273.6,2606,2559
105223.966,40,2273.6,2601.4,2562.8
105224.006,40,2264.6,2596.2,2572.8
105224.046,40,2260.8,2600,2584
105224.086,40,2255.4,2588.6,2590.8
105224.126,40,2249.8,2588.4,2599.2
105224.166,40,2248.6,2585.8,2605.4
105224.206,40,2240.8,2586.8,2623.6
105224.246,40,2241.2,2584.6,2631.8
105224.286,40,2234.4,2585.6,2644.4
105224.326,40,2232,2588.4,2651.8
105224.366,40,2229.2,2583.2,2653.4
105224.406,40,2223.6,2574.2,2665.4
105224.446,40,2223,2569.8,2670.4
105224.486,40,2215.2,2560.6,2674.2
105224.526,40,2211.8,2554.2,2679.2
105224.566,40,2208,2554,2679
105224.606,40,2203.8,2544.8,2684.2
105224.646,40,2200,2539.6,2691
105224.686,40,2195.6,2533.4,2697.2
105224.726,40,2194.2,2526.6,2703
105224.766,40,2187,2522,2707.2
105224.806,40,2181.8,2521,2721.6
105224.846,40,2180.4,2513.6,2726.6
105224.886,40,2176,2510.6,2732
105224.926,40,2177,2507.4,2739.6
105224.966,40,2173.8,2504,2741
105225.006,40,2169,2496.4,2742.4
105225.046,40,2164.4,2491.2,2751
105225.086,40,2161,2482.8,2747.6
105225.126,40,2158.8,2477.4,2744.4
105225.166,40,2159.2,2472.4,2747.8
105225.206,40,2156.6,2466.6,2744.4
105225.246,40,2150.4,2460.2,2743.4
105225.286,40,2149.6,2452.4,2750.2
105225.326,40,2149.2,2452,2744.2
105225.366,40,2144.4,2440,2751.4
105225.406,40,2138.8,2438,2753.4
105225.446,40,2138,2430.6,2752.4
105225.486,40,2136,2421.8,2759
105225.526,40,2134.2,2419.2,2760
105225.566,40,2131.8,2414.2,2757.2
105225.606,40,2125.8,2409.2,2758.6
105225.646,40,2126.8,2402.8,2750.4
105225.686,40,2125,2399.6,2753.4
105225.726,40,2119.6,2388.2,2746.4
105225.766,40,2123.4,2381,2744
105225.806,40,2116.8,2381.2,2740.2
105225.846,40,2116,2372.6,2733
105225.886,40,2113.8,2372.2,2731.4
105225.926,40,2110,2364.4,2731
105225.966,40,2118,2358,2727
105226.006,40,2107.2,2356.2,2725.6
105226.046,40,2105.8,2351.6,2722.6
105226.086,40,2104.6,2345.2,2722.2
105226.126,40,2105.6,2341,2717.8
105226.166,40,2097.6,2335.6,2710.4
105226.206,40,2100.8,2334.6,2709.4
105226.246,40,2100.6,2321.6,2700.8
105226.286,40,2095.2,2318,2694
105226.326,40,2096.4,2314.8,2690
105226.366,40,2092.6,2314.6,2679.8
105226.406,40,2094.4,2305,2670
105226.446,40,2090.6,2300.6,2658.2
105226.486,40,2088.6,2298.2,2654
105226.526,40,2088.2,2293.6,2643
105226.566,40,2087,2291.6,2643.8
105226.606,40,2082.6,2292.2,2634.8
105226.646,40,2083.8,2282.2,2630.2
105226.686,40,2083.2,2275.6,2625.2
105226.726,40,2082.6,2276.8,2615
105226.766,40,2076.4,2272.6,2611.8
105226.806,40,2080.8,2268.8,2605.6
105226.846,40,2078.6,2268.8,2607
105226.886,40,2076.8,2271.8,2601.6
105226.926,40,2080.4,2274.6,2603.4
105226.966,40,2090,2295.6,2615.2
105227.006,40,2102.8,2317,2618
105227.046,40,2109.6,2346,2665
105227.086,40,2121.4,2381.8,2700.6
105227.126,40,2136,2407.2,2719.8
105227.166,40,2134.2,2422.6,2740.2
105227.206,40,2128.6,2406.6,2755.4
105227.246,40,2122.4,2398.6,2778.2
105227.286,40,2115.6,2397,2806.2
105227.326,40,2109.2,2381.2,2827.4
105227.366,40,2109,2363.8,2815.2
105227.406,40,2097.4,2334.4,2776
105227.446,40,2086.4,2290,2693.6
105227.486,40,2064.2,2240.8,2589
105227.526,40,2052,2200,2473.8
105227.566,40,2043.4,2167.4,2381.2
105227.606,40,2034,2148.6,2322.6
105227.646,40,2040,2146.6,2300.4
105227.686,40,2040.2,2155.2,2324.4
105227.726,40,2043.4,2165.6,2347.8
105227.766,40,2048.2,2188.2,2404.8
105227.806,40,2061.4,2217,2474.4
105227.846,40,2073.8,2248.6,2552.2
105227.886,40,2090.6,2299.8,2624.6
105227.926,40,2106,2346.4,2682.4
105227.966,40,2119.6,2392.6,2720
105228.006,40,2138,2420,2733
105228.046,40,2142.8,2436,2758.2
105228.086,40,2134.2,2421.6,2771.6
105228.126,40,2122.4,2409.8,2796.4
105228.166,40,2117.4,2394.8,2817.2
105228.206,40,2111.6,2371.4,2808.8
105228.246,40,2099.4,2341.2,2786.8
105228.286,40,2082.2,2294.6,2723.8
105228.326,40,2072,2251.2,2616.4
105228.366,40,2057.6,2206.2,2494.8
105228.406,40,2049.4,2176.4,2394
105228.446,40,2039.4,2148,2311
105228.486,40,2036.2,2130.4,2259.6
105228.526,40,2034,2128.4,2250.6
105228.566,40,2034.6,2134,2281.8
105228.606,40,2039.4,2150,2325
105228.646,40,2048,2179.6,2393.4
105228.686,40,2060.6,2215.4,2487.6
105228.726,40,2078.8,2267.6,2578.4
105228.766,40,2100,2324.4,2645.6
105228.806,40,2124.4,2380.6,2685.4
105228.846,40,2144.4,2433.6,2703.2
105228.886,40,2158.2,2464.8,2719.6
105228.926,40,2158,2481.2,2738.8
105228.966,40,2149.2,2462.2,2773
105229.006,40,2140,2438.8,2812.2
105229.046,40,2115.8,2395.4,2835.4
105229.086,40,2095.6,2333,2788.4
105229.126,40,2076,2268,2667.8
105229.166,40,2060,2209.6,2507
105229.206,40,2046.4,2174.4,2375.8
105229.246,40,2036.8,2145.6,2294.4
105229.286,40,2035,2129.6,2257.8
105229.326,40,2033.4,2134.8,2267.4
105229.366,40,2031.8,2139.6,2309.4
105229.406,40,2045.2,2169.6,2374.8
105229.446,40,2059.8,2203.2,2476
105229.486,40,2077.8,2257.4,2587.4
105229.526,40,2098,2316.8,2658.2
105229.566,40,2121.8,2367,2688.2
105229.606,40,2135.8,2412,2704.6
105229.646,40,2148.8,2435.2,2725.2
105229.686,40,2137,2426.8,2739
105229.726,40,2129.6,2410.6,2771.2
105229.766,40,2117.2,2386.6,2796.4
105229.806,40,2105,2363.2,2815.2
105229.846,40,2089,2328,2775
105229.886,40,2079.4,2276.2,2676.4
105229.926,40,2059,2228.4,2540.6
105229.966,40,2047.6,2182.8,2412.8
105230.006,40,2041.2,2148.4,2310.4
105230.046,40,2037.8,2130.2,2256.8
105230.086,40,2031.8,2121,2236.6
105230.126,40,2034,2128.2,2250.4
105230.166,40,2036,2139,2290.6
105230.206,40,2042.6,2166.8,2362
105230.246,40,2052.8,2197.2,2455.8
105230.286,40,2072.2,2243.8,2541.8
105230.326,40,2090,2291.4,2602.4
105230.366,40,2119,2346.8,2645.8
105230.406,40,2133.2,2397.4,2680.2
105230.446,40,2143.6,2430.8,2722.6
105230.486,40,2146,2449.8,2760.2
105230.526,40,2135.8,2436.4,2798.4
105230.566,40,2128.2,2424.8,2846.6
105230.606,40,2116.2,2399,2836
105230.646,40,2105.6,2354.4,2792.8
105230.686,40,2085.2,2304,2706.6
105230.726,40,2070.2,2250,2588
105230.766,40,2052.2,2203.2,2468.4
105230.806,40,2042.8,2163.2,2350.2
105230.846,40,2032.8,2132.2,2257.4
105230.886,40,2030,2117.6,2204
105230.926,40,2025,2104.6,2177
105230.966,40,2023.6,2111.4,2190.6
105231.006,40,2025.2,2113.8,2219.2
105231.046,40,2034,2134.8,2276.6
105231.086,40,2043,2166.8,2364
105231.126,40,2056.8,2209.8,2467.6
105231.166,40,2080.6,2263,2579.6
105231.206,40,2098.2,2318.2,2652.6
105231.246,40,2120.4,2378.8,2705.2
105231.286,40,2136.4,2422.6,2742.8
105231.326,40,2137.8,2430.6,2775
105231.366,40,2124,2413.2,2810
105231.406,40,2114.8,2392.2,2822.2
105231.446,40,2107.6,2370.4,2818.6
105231.486,40,2098.8,2343.8,2790
105231.526,40,2088.2,2305.2,2736.4
105231.566,40,2073.2,2265,2639.8
105231.606,40,2062.4,2223.8,2540.4
105231.646,40,2052.8,2188,2435.2
105231.686,40,2041,2160.4,2350
105231.726,40,2037.4,2145.2,2296.6
105231.766,40,2033.6,2139.2,2297.6
105231.806,40,2041.6,2153.6,2340
105231.846,40,2051.6,2178,2413.4
105231.886,40,2059.2,2213.2,2528.4
105231.926,40,2077.6,2277.2,2668.6
105231.966,40,2098.4,2347.4,2776.2
105232.006,40,2130.2,2432,2818.8
105232.046,40,2154,2494.8,2815.4
105232.086,40,2171.4,2526.4,2804.4
105232.126,40,2166.6,2518.2,2818.8
105232.166,40,2153.8,2483,2828
105232.206,40,2130.6,2437.6,2838.4
105232.246,40,2111.4,2370.2,2788.2
105232.286,40,2088.2,2306.6,2712.2
105232.326,40,2067.8,2238.4,2586.2
105232.366,40,2054.4,2195,2458
105232.406,40,2043.4,2157,2352
105232.446,40,2035.2,2137.8,2286
105232.486,40,2031.2,2131.4,2260.2
105232.526,40,2033.2,2132.8,2274.8
105232.566,40,2036.6,2147.4,2312.2
105232.606,40,2050.6,2180.2,2381.6
105232.646,40,2060.4,2213.6,2488
105232.686,40,2078,2274.6,2599.8
105232.726,40,2109,2345.4,2686.8
105232.766,40,2130.2,2411,2737.8
105232.806,40,2153.4,2463.4,2749.2
105232.846,40,2159.2,2485.8,2774.2
105232.886,40,2149.4,2470,2820.6
105232.926,40,2132.8,2444.6,2850.4
105232.966,40,2109,2386.6,2840
105233.006,40,2088.8,2326.8,2772.4
105233.046,40,2072,2256.8,2650
105233.086,40,2056.6,2209,2500.4
105233.126,40,2038.2,2163.8,2383
105233.166,40,2035.6,2140.8,2303
105233.206,40,2031.6,2133.8,2262.4
105233.246,40,2029,2128,2269.2
105233.286,40,2035.6,2141.8,2291.8
105233.326,40,2047.2,2157.6,2342.4
105233.366,40,2047.2,2185.4,2414.8
105233.406,40,2066.8,2226.6,2513.2
105233.446,40,2086.2,2288.8,2609.6
105233.486,40,2115.4,2359.8,2684
105233.526,40,2142.8,2440.8,2724.8
105233.566,40,2164.6,2490.4,2745
105233.606,40,2173.8,2508.4,2780.4
105233.646,40,2146.2,2481.8,2845.4
105233.686,40,2125.6,2424.4,2851
105233.726,40,2101,2345.8,2791
105233.766,40,2079.2,2266.6,2666.2
105233.806,40,2058.2,2207.6,2513.4
105233.846,40,2045.6,2161.8,2366
105233.886,40,2032.8,2138.2,2277.8
105233.926,40,2027.6,2121.2,2225
105233.966,40,2029.2,2117.8,2203.8
105234.006,40,2035.2,2118.4,2217
105234.046,40,2035.8,2131.8,2257.4
105234.086,40,2042.4,2161.4,2339
105234.126,40,2058.4,2204,2449
105234.166,40,2078.4,2267,2575.2
105234.206,40,2104.2,2334.2,2668.8
105234.246,40,2132.8,2410,2726.8
105234.286,40,2148.2,2452.6,2754.4
105234.326,40,2148.4,2461.8,2789.8
105234.366,40,2131.2,2425,2824
105234.406,40,2109.2,2372,2820.6
105234.446,40,2087,2299,2739.6
105234.486,40,2061.8,2228,2590.2
105234.526,40,2044.4,2177.2,2428.4
105234.566,40,2035.8,2137.8,2305.4
105234.606,40,2029.2,2115.8,2227
105234.646,40,2025.4,2106.4,2183.4
105234.686,40,2026,2101.8,2169.2
105234.726,40,2027.6,2109.6,2184.8
105234.766,40,2029,2116.2,2218
105234.806,40,2040.2,2142.6,2290
105234.846,40,2052.2,2182.4,2406.6
105234.886,40,2067.6,2247.8,2548.2
105234.926,40,2092.6,2310.8,2669
105234.966,40,2124.6,2389.6,2747.6
105235.006,40,2151.6,2459.8,2773.6
105235.046,40,2157.2,2482.4,2797.4
105235.086,40,2144,2464.8,2839.2
105235.126,40,2123.6,2418.4,2853.4
105235.166,40,2104.6,2361.8,2813.6
105235.206,40,2083.2,2291.6,2712.4
105235.246,40,2060.4,2226.4,2585.6
105235.286,40,2045.2,2175.2,2435.2
105235.326,40,2036,2146.6,2319.6
105235.366,40,2029.4,2118.8,2244.6
105235.406,40,2026.8,2110.4,2199.4
105235.446,40,2025.6,2108.4,2192.2
105235.486,40,2027.6,2119.6,2208.6
105235.526,40,2032,2132,2254.4
105235.566,40,2040.8,2155.2,2348.6
105235.606,40,2057.4,2207.4,2490
105235.646,40,2080.6,2276.6,2637.2
105235.686,40,2108.2,2360.6,2732.6
105235.726,40,2138.8,2437.8,2776.6
105235.766,40,2154,2488.8,2786
105235.806,40,2157.6,2498.6,2824.8
105235.846,40,2145,2463.6,2850.8
105235.886,40,2118,2414.2,2836.2
105235.926,40,2095.2,2344.2,2787.8
105235.966,40,2072,2267.2,2672.6
105236.006,40,2054,2209,2516.2
105236.046,40,2041.6,2160.2,2366.6
105236.086,40,2030,2126,2266.8
105236.126,40,2025.4,2110.8,2204.8
105236.166,40,2022.8,2102.2,2181.8
105236.206,40,2027.2,2108.8,2178.4
105236.246,40,2023.4,2114,2210.4
105236.286,40,2034.8,2132.4,2266.6
105236.326,40,2045.8,2167.2,2375.4
105236.366,40,2059.2,2220.6,2506.4
105236.406,40,2084.8,2285.6,2615
105236.446,40,2112.8,2355,2680.2
105236.486,40,2136,2410.8,2698.8
105236.526,40,2154,2445.6,2720
105236.566,40,2142.2,2445.8,2755.6
105236.606,40,2128.6,2416.2,2782.2
105236.646,40,2107.8,2368.4,2809.6
105236.686,40,2082.4,2308.4,2753.4
105236.726,40,2063.8,2242.4,2624.2
105236.766,40,2048,2182.6,2452.6
105236.806,40,2031.8,2141.4,2313
105236.846,40,2027.2,2115.6,2225
105236.886,40,2021.8,2101,2175.6
105236.926,40,2021.8,2097.8,2155.8
105236.966,40,2023.4,2101.2,2174
105237.006,40,2028.6,2118.6,2218.2
105237.046,40,2040.2,2145.6,2302.6
105237.086,40,2054.8,2181.8,2413.6
105237.126,40,2066,2239.6,2529.2
105237.166,40,2092,2301,2625.6
105237.206,40,2115.2,2368.4,2702.4
105237.246,40,2141.6,2425,2747.6
105237.286,40,2141.6,2446.2,2797
105237.326,40,2125.8,2425.4,2843.2
105237.366,40,2106.6,2378.8,2833.2
105237.406,40,2092.6,2319.6,2752.2
105237.446,40,2072.8,2260.6,2641.6
105237.486,40,2055.8,2201.8,2500.6
105237.526,40,2041,2158.8,2371.6
105237.566,40,2032.2,2133,2270
105237.606,40,2024.6,2106.8,2206.4
105237.646,40,2022.2,2099.8,2166.8
105237.686,40,2022.8,2098.8,2160.6
105237.726,40,2025.6,2103.6,2179
105237.766,40,2028.4,2119.6,2215.6
105237.806,40,2033.6,2140.2,2279
105237.846,40,2048,2167.8,2393.2
105237.886,40,2062.6,2219.4,2534.8
105237.926,40,2083.4,2291.6,2681.8
105237.966,40,2114.8,2371.4,2745.6
105238.006,40,2143.8,2439.6,2758.8
105238.046,40,2162.4,2475,2736
105238.086,40,2168.4,2485.8,2734.8
105238.126,40,2153.4,2464.6,2757.8
105238.166,40,2137.4,2439,2786
105238.206,40,2118.2,2383.4,2805.2
105238.246,40,2092.4,2323.4,2781.6
105238.286,40,2070.8,2251.8,2656.8
105238.326,40,2051.2,2189.4,2478.8
105238.366,40,2034.8,2150.4,2337.2
105238.406,40,2030,2123.6,2237.2
105238.446,40,2027.4,2103.2,2187.6
105238.486,40,2027.2,2102.6,2168.4
105238.526,40,2026.6,2106.4,2190.4
105238.566,40,2031.2,2122.8,2238.6
105238.606,40,2035.2,2146,2321.2
105238.646,40,2047.2,2187.8,2426.4
105238.686,40,2070.4,2242.4,2542
105238.726,40,2092.2,2304.4,2642.2
105238.766,40,2119,2377.4,2703.6
105238.806,40,2146,2436.6,2720.8
105238.846,40,2168,2483,2735
105238.886,40,2164.6,2496,2766.6
105238.926,40,2150.8,2475.2,2810.6
105238.966,40,2133.8,2436,2859.8
105239.006,40,2109.2,2378,2835
105239.046,40,2086.8,2303.4,2743.8
105239.086,40,2062,2233.8,2591
105239.126,40,2048.6,2186.6,2429.2
105239.166,40,2043,2145.2,2311.4
105239.206,40,2033.2,2125.8,2246.8
105239.246,40,2028.8,2117.4,2217.6
105239.286,40,2030.4,2121.8,2225.2
105239.326,40,2038,2136.4,2275.8
105239.366,40,2048,2170.8,2352.2
105239.406,40,2060.4,2206.6,2459.6
105239.446,40,2080.2,2262.2,2577.4
105239.486,40,2106.8,2334,2651.6
105239.526,40,2134.2,2404.6,2705.4
105239.566,40,2156.6,2454.2,2721
105239.606,40,2166.6,2488,2742.8
105239.646,40,2161,2492.8,2776.6
105239.686,40,2146.2,2468.8,2832.4
105239.726,40,2127.2,2429.2,2858.4
105239.766,40,2110,2381.8,2827.8
105239.806,40,2094.8,2322.2,2760.4
105239.846,40,2073.4,2262.2,2656.8
105239.886,40,2059.2,2209.4,2529.8
105239.926,40,2045,2179.6,2419.6
105239.966,40,2039.4,2153,2342.8
105240.006,40,2037,2145.4,2315.2
105240.046,40,2040.6,2158.8,2322.8
105240.086,40,2045,2171.4,2361.4
105240.126,40,2054.6,2202,2431.4
105240.166,40,2069.8,2241,2539
105240.206,40,2085,2296.8,2641.4
105240.246,40,2105,2353,2721.6
105240.286,40,2126.6,2406,2761
105240.326,40,2140.8,2446.6,2783
105240.366,40,2145.2,2462.6,2815
105240.406,40,2134.4,2445.2,2849
105240.446,40,2123.6,2419.8,2849
105240.486,40,2111.8,2378,2826.4
105240.526,40,2095.4,2333.4,2771
105240.566,40,2079.6,2283.2,2700
105240.606,40,2063,2233.6,2598.2
105240.646,40,2049,2196.6,2479.2
105240.686,40,2041.4,2160.2,2375.8
105240.726,40,2031.2,2139.8,2292
105240.766,40,2029.8,2125.6,2243.2
105240.806,40,2031.2,2124.8,2234.6
105240.846,40,2032.4,2131.2,2258.8
105240.886,40,2041.8,2151.8,2305
105240.926,40,2048,2174.6,2385.6
105240.966,40,2065,2217.2,2489.6
105241.006,40,2077,2275.2,2605
105241.046,40,2098.2,2334.4,2697.2
105241.086,40,2114.8,2389.4,2756
105241.126,40,2136,2431.4,2789
105241.166,40,2142.2,2453.4,2826.8
105241.206,40,2134.4,2442.4,2848.6
105241.246,40,2123.8,2421.6,2856.6
105241.286,40,2121.2,2400.4,2845.4
105241.326,40,2103.4,2362,2800.6
105241.366,40,2089.2,2316.2,2744.8
105241.406,40,2075.2,2267,2646.8
105241.446,40,2056.6,2219.8,2528.4
105241.486,40,2049.4,2188.8,2430.2
105241.526,40,2049.2,2175,2382.2
105241.566,40,2050.8,2186,2396
105241.606,40,2059,2207.4,2454.4
105241.646,40,2071,2243.6,2540
105241.686,40,2084.8,2290.2,2649.4
105241.726,40,2106.8,2351.2,2726.2
105241.766,40,2130.6,2410.4,2773.8
105241.806,40,2149.2,2464.8,2790.8
105241.846,40,2162,2491,2794.4
105241.886,40,2165.4,2509.6,2805
105241.926,40,2157.2,2492.6,2839.4
105241.966,40,2145.6,2467.2,2856.2
105242.006,40,2136.8,2444.4,2859.4
105242.046,40,2118.8,2404,2846
105242.086,40,2102.2,2352.2,2801.2
105242.126,40,2082.4,2294.2,2714.4
105242.166,40,2067,2238.2,2580.6
105242.206,40,2050.2,2189.2,2439.2
105242.246,40,2039.4,2157.6,2346
105242.286,40,2038.2,2140.2,2286
105242.326,40,2035.4,2133.2,2270.4
105242.366,40,2036,2141,2282.6
105242.406,40,2046,2159.8,2332.4
105242.446,40,2053,2189.6,2416.6
105242.486,40,2066.4,2224.2,2515.4
105242.526,40,2078.6,2271,2622.8
105242.566,40,2098.2,2322.6,2697.4
105242.606,40,2105.8,2365.4,2749.8
105242.646,40,2115.2,2385.8,2784.8
105242.686,40,2111.4,2385,2814.2
105242.726,40,2106.2,2371.4,2822.2
105242.766,40,2102,2351.8,2811.8
105242.806,40,2093,2333.2,2790
105242.846,40,2084,2291.8,2731
105242.886,40,2067.2,2245.2,2630.4
105242.926,40,2051.4,2203.6,2502.4
105242.966,40,2044,2169.4,2398.8
105243.006,40,2037,2152,2331
105243.046,40,2040,2146.2,2305.2
105243.086,40,2041,2151.8,2317.6
105243.126,40,2046.2,2162.6,2347.2
105243.166,40,2051,2180.4,2396.8
105243.206,40,2057.6,2211.6,2480.2
105243.246,40,2073.6,2257,2592
105243.286,40,2085.6,2308.4,2704.6
105243.326,40,2112.2,2372.8,2779.4
105243.366,40,2134.6,2427.8,2817.4
105243.406,40,2139.2,2467.8,2843.4
105243.446,40,2147.6,2475.4,2843.6
105243.486,40,2137.8,2448.2,2860.6
105243.526,40,2129,2418,2845
105243.566,40,2111.4,2376.4,2809
105243.606,40,2094.4,2327.4,2758.2
105243.646,40,2078.6,2265.8,2653.6
105243.686,40,2059.4,2215.2,2515.4
105243.726,40,2047.8,2172.4,2391.6
105243.766,40,2040,2143.6,2300.4
105243.806,40,2032.6,2128.4,2247
105243.846,40,2030.8,2123.8,2242.6
105243.886,40,2033,2135.4,2271.8
105243.926,40,2039.2,2151.2,2348.4
105243.966,40,2049.4,2186.4,2481.6
105244.006,40,2069.8,2254.8,2650.2
105244.046,40,2093.2,2339,2800
105244.086,40,2128.6,2434.4,2848.6
105244.126,40,2164,2515,2829.4
105244.166,40,2185.2,2553.6,2806.8
105244.206,40,2183.8,2555.8,2820
105244.246,40,2169.2,2524.6,2833
105244.286,40,2148.2,2481.6,2846
105244.326,40,2127.2,2437.8,2858.6
105244.366,40,2113,2378.8,2834.2
105244.406,40,2088,2313,2764.6
105244.446,40,2069,2246.2,2632
105244.486,40,2053.2,2196,2480
105244.526,40,2039.4,2153.6,2341.4
105244.566,40,2028.2,2125,2258.4
105244.606,40,2025.2,2116,2212.2
105244.646,40,2030,2118.4,2209.4
105244.686,40,2033.6,2130.6,2243.2
105244.726,40,2037.8,2149,2306
105244.766,40,2050.4,2182.8,2395.2
105244.806,40,2069,2228.6,2510.6
105244.846,40,2084,2289.2,2620.8
105244.886,40,2113.8,2361,2687.8
105244.926,40,2140.6,2417.8,2724
105244.966,40,2153.8,2467.6,2740.2
105245.006,40,2162,2486.6,2762.4
105245.046,40,2153.4,2479.2,2795
105245.086,40,2138.8,2454.6,2839.6
105245.126,40,2124.8,2420.8,2855.4
105245.166,40,2103.6,2370.4,2824
105245.206,40,2086,2307.2,2737.6
105245.246,40,2069,2243.2,2596
105245.286,40,2054.4,2199.4,2456.4
105245.326,40,2041.2,2160.8,2339.2
105245.366,40,2034.6,2132.6,2267.8
105245.406,40,2032.8,2125.8,2227.2
105245.446,40,2029.6,2124.6,2235.8
105245.486,40,2037.6,2138.2,2277.2
105245.526,40,2047.6,2163.6,2352
105245.566,40,2065,2208,2459.6
105245.606,40,2079.6,2269.4,2573.8
105245.646,40,2105,2336,2648
105245.686,40,2137.8,2402.8,2678.4
105245.726,40,2157,2459.8,2711.4
105245.766,40,2168.6,2493.8,2736.4
105245.806,40,2174.2,2509,2787.4
105245.846,40,2157.2,2496.6,2847
105245.886,40,2146.4,2469.6,2863.4
105245.926,40,2131.8,2444.8,2850.8
105245.966,40,2121.6,2400.2,2820.6
105246.006,40,2103.4,2349.2,2768.6
105246.046,40,2082.2,2287.8,2663.4
105246.086,40,2065.4,2230.2,2536.8
105246.126,40,2053.4,2182.2,2413.4
105246.166,40,2045.8,2158.2,2320
105246.206,40,2041,2137.2,2266.4
105246.246,40,2030.4,2132.6,2273
105246.286,40,2037,2146,2323
105246.326,40,2046.8,2169.2,2400.8
105246.366,40,2058,2211.6,2524
105246.406,40,2073,2265.8,2660
105246.446,40,2092.2,2322.4,2766.8
105246.486,40,2109.6,2375.4,2819.6
105246.526,40,2125.4,2415.8,2844.6
105246.566,40,2128.8,2426.8,2853.6
105246.606,40,2121.4,2418,2859
105246.646,40,2114.8,2395.6,2847
105246.686,40,2109.2,2371.8,2828.8
105246.726,40,2102.8,2360.6,2807
105246.766,40,2099.6,2347.2,2795.6
105246.806,40,2092,2321.2,2773.4
105246.846,40,2083.8,2299,2735.8
105246.886,40,2069.2,2263.8,2665.6
105246.926,40,2062.2,2226.8,2574.2
105246.966,40,2051.2,2188.8,2463.2
105247.006,40,2042.6,2158,2363.8
105247.046,40,2035.4,2143.4,2291.2
105247.086,40,2038.4,2137,2266.4
105247.126,40,2034.2,2134.4,2281.6
105247.166,40,2042.6,2154.2,2313.2
105247.206,40,2049.6,2175.2,2384
105247.246,40,2057.6,2209,2474.6
105247.286,40,2071.6,2247.2,2575.4
105247.326,40,2085.6,2291.2,2656.6
105247.366,40,2092,2316.6,2729.4
105247.406,40,2091,2321.4,2751
105247.446,40,2087.4,2297,2729.8
105247.486,40,2074.8,2273.2,2685.6
105247.526,40,2066.4,2236.6,2605.8
105247.566,40,2049.6,2199.4,2493.2
105247.606,40,2042,2165.4,2385.4
105247.646,40,2037.8,2137.4,2303
105247.686,40,2034.4,2132.6,2267
105247.726,40,2035,2135.8,2276.6
105247.766,40,2041.4,2146.4,2300
105247.806,40,2044.4,2160.6,2349.2
105247.846,40,2051.6,2186,2417.2
105247.886,40,2059.6,2217.4,2499.4
105247.926,40,2067.8,2247.4,2576.6
105247.966,40,2076.6,2264.8,2635.6
105248.006,40,2072.2,2265.6,2664.4
105248.046,40,2066.6,2246.4,2646.8
105248.086,40,2069.4,2242,2621.4
105248.126,40,2061.6,2238,2594.2
105248.166,40,2061.4,2230.6,2558.2
105248.206,40,2063.8,2226.8,2526.4
105248.246,40,2063.8,2221,2507.2
105248.286,40,2063.4,2217.4,2484.4
105248.326,40,2061,2215,2476.8
105248.366,40,2055.4,2211.4,2478.2
105248.406,40,2056,2207.8,2487
105248.446,40,2056,2211.6,2494
105248.486,40,2059,2206,2491.6
105248.526,40,2052.8,2201,2493
105248.566,40,2052.2,2197.8,2485.2
105248.606,40,2051,2194.4,2476
105248.646,40,2051.2,2196.8,2465.8
105248.686,40,2052.4,2194.6,2453.4
105248.726,40,2048.2,2183,2434.2
105248.766,40,2046.2,2179.4,2423.2
105248.806,40,2049,2185.8,2411.2
105248.846,40,2048.4,2181.2,2402.8
105248.886,40,2052,2185,2409.4
105248.926,40,2053,2194.4,2430.2
105248.966,40,2057,2215.2,2461.4
105249.006,40,2069.8,2241.4,2524.6
105249.046,40,2083.8,2275.2,2585.2
105249.086,40,2096.6,2305,2629
105249.126,40,2103.8,2331,2658.2
105249.166,40,2107,2346,2681.4
105249.206,40,2105.4,2338.4,2685.8
105249.246,40,2099.4,2322,2682.2
105249.286,40,2087.8,2309.6,2697.8
105249.326,40,2082.4,2285.8,2702
105249.366,40,2072.8,2262.4,2666.2
105249.406,40,2062.4,2221,2570.6
105249.446,40,2050,2179,2450.6
105249.486,40,2041.2,2150.6,2339.6
105249.526,40,2034.8,2128,2264
105249.566,40,2029,2115.6,2222
105249.606,40,2028.8,2118.2,2223
105249.646,40,2036.6,2132,2258
105249.686,40,2041,2152.8,2337.6
105249.726,40,2054.8,2189.4,2433
105249.766,40,2068.2,2233.8,2539.2
105249.806,40,2086.2,2290.6,2621
105249.846,40,2101.2,2339.6,2676
105249.886,40,2117.8,2370,2716.6
105249.926,40,2117.2,2385.4,2757.2
105249.966,40,2111.8,2364.4,2792.4
105250.006,40,2100.2,2351.4,2806.2
105250.046,40,2085.8,2312.4,2761.6
105250.086,40,2077,2269.8,2671.6
105250.126,40,2062.4,2229.8,2568.2
105250.166,40,2051.8,2184.4,2440.2
105250.206,40,2039.4,2147.2,2332.6
105250.246,40,2033,2123.2,2249.6
105250.286,40,2025.2,2105.6,2196.6
105250.326,40,2029.4,2108,2177.6
105250.366,40,2031.4,2111,2189
105250.406,40,2031.2,2131,2245.2
105250.446,40,2044.4,2158.4,2343
105250.486,40,2059.4,2204.2,2475.6
105250.526,40,2081.8,2277.6,2602
105250.566,40,2110.6,2348,2682.4
105250.606,40,2140.4,2416.8,2705.6
105250.646,40,2162.2,2460.8,2697.6
105250.686,40,2166.6,2473.6,2711.4
105250.726,40,2157.6,2459.6,2744.8
105250.766,40,2133,2423.2,2784.2
105250.806,40,2109,2376.8,2808.6
105250.846,40,2081.2,2306.2,2763.8
105250.886,40,2068,2237.6,2620
105250.926,40,2048,2181.4,2444
105250.966,40,2034,2145.4,2309.2
105251.006,40,2032.2,2120.6,2229.8
105251.046,40,2025.8,2112.4,2196.6
105251.086,40,2030.2,2114.6,2214.6
105251.126,40,2033,2132,2265.8
105251.166,40,2047.4,2163,2359.6
105251.206,40,2062,2208.8,2469.4
105251.246,40,2083.2,2270.8,2567.4
105251.286,40,2111,2346.4,2658
105251.326,40,2142.6,2425.4,2713.8
105251.366,40,2168,2487.4,2742.4
105251.406,40,2173.2,2513.8,2768.4
105251.446,40,2157,2494.2,2844.8
105251.486,40,2133.2,2455.2,2871.8
105251.526,40,2109,2381.6,2826.4
105251.566,40,2083.2,2298.6,2737
105251.606,40,2057.4,2231.8,2583.4
105251.646,40,2044.6,2172.6,2424.8
105251.686,40,2032.6,2128.8,2298.2
105251.726,40,2020.2,2105.8,2207.4
105251.766,40,2020.2,2094,2168.4
105251.806,40,2022.6,2100.6,2154.4
105251.846,40,2027.2,2104,2175.4
105251.886,40,2029.2,2120.2,2225.2
105251.926,40,2040.4,2146.2,2320.2
105251.966,40,2049.6,2194,2472.2
105252.006,40,2075.2,2268.4,2652.2
105252.046,40,2103,2353.4,2785.4
105252.086,40,2125.6,2432.2,2861.8
105252.126,40,2143.2,2466.6,2866.2
105252.166,40,2135.6,2459.6,2850.4
105252.206,40,2128.6,2425.4,2843.4
105252.246,40,2109.8,2383.8,2836.2
105252.286,40,2094.2,2326.6,2788
105252.326,40,2072.4,2265.4,2685
105252.366,40,2053.8,2207,2529.2
105252.406,40,2039.8,2158.4,2377.8
105252.446,40,2031.4,2127.2,2259.8
105252.486,40,2023.6,2102,2183.2
105252.526,40,2020.6,2093.2,2153.4
105252.566,40,2018.6,2089.8,2140
105252.606,40,2021.4,2097.2,2156.8
105252.646,40,2028,2102.8,2182.8
105252.686,40,2031.8,2126.8,2242
105252.726,40,2041.2,2153.6,2337.2
105252.766,40,2056.8,2204.4,2486
105252.806,40,2073.8,2277.4,2663.6
105252.846,40,2106.8,2367.8,2781.8
105252.886,40,2133.6,2447.4,2846
105252.926,40,2146.2,2480,2868.4
105252.966,40,2136,2459.8,2863
105253.006,40,2123.2,2410.4,2829.6
105253.046,40,2104.4,2352.2,2785.2
105253.086,40,2080.8,2288.6,2704.2
105253.126,40,2059,2230.8,2581.6
105253.166,40,2046.8,2176.2,2433.2
105253.206,40,2035.2,2132.8,2301.6
105253.246,40,2024.2,2106.8,2210.4
105253.286,40,2019.8,2094,2159.2
105253.326,40,2020.4,2095.8,2137.2
105253.366,40,2021.4,2088.4,2144
105253.406,40,2023.6,2098.6,2171
105253.446,40,2029,2122.2,2229.8
105253.486,40,2039,2150.2,2326
105253.526,40,2051.8,2200.4,2459.8
105253.566,40,2073.8,2257,2601.6
105253.606,40,2102.8,2335.2,2701.4
105253.646,40,2128.4,2400.8,2756.4
105253.686,40,2139.6,2448.4,2808
105253.726,40,2134.4,2437.2,2857
105253.766,40,2124.4,2410.6,2852.8
105253.806,40,2101.2,2361,2795.8
105253.846,40,2086.8,2306,2716.2
105253.886,40,2064.4,2241,2618.2
105253.926,40,2045.8,2185.4,2472.6
105253.966,40,2035.4,2144.2,2326
105254.006,40,2026.6,2110.8,2225.4
105254.046,40,2024.6,2099.2,2166
105254.086,40,2016.2,2092.8,2150.2
105254.126,40,2022.4,2096.4,2151.6
105254.166,40,2026.2,2107.8,2195.6
105254.206,40,2027.2,2123.4,2258.8
105254.246,40,2044,2150.6,2359
105254.286,40,2052.4,2194.8,2472.4
105254.326,40,2067.2,2236.2,2588
105254.366,40,2078.8,2284.4,2666
105254.406,40,2093.8,2322.6,2705.2
105254.446,40,2105,2347.4,2720
105254.486,40,2109.6,2355.4,2717.2
105254.526,40,2111.4,2353.8,2696.8
105254.566,40,2107.6,2337.6,2678.8
105254.606,40,2102,2325.2,2665.8
105254.646,40,2100.4,2327.6,2659.8
105254.686,40,2099.6,2315.6,2660.8
105254.726,40,2096.4,2316.6,2668.4
105254.766,40,2090.8,2307.8,2677.4
105254.806,40,2084.8,2307.4,2675.4
105254.846,40,2090.2,2298.6,2674.4
105254.886,40,2087,2295.8,2676
105254.926,40,2085.4,2296,2676
105254.966,40,2093.6,2305.8,2688
105255.006,40,2100,2327,2692.2
105255.046,40,2110.8,2364.4,2693.4
105255.086,40,2137.6,2405,2680.4
105255.126,40,2165.4,2460.2,2649.2
105255.166,40,2216.4,2523.8,2607.8
105255.206,40,2262,2567,2545.2
105255.246,40,2311.6,2596.4,2473.2
105255.286,40,2357.6,2595.4,2411.8
105255.326,40,2396.4,2573.6,2356.4
105255.366,40,2428.2,2542.4,2304.4
105255.406,40,2453.2,2501.2,2260.4
105255.446,40,2454.2,2458,2226
105255.486,40,2453.8,2431.2,2214.6
105255.526,40,2449.6,2429.8,2214.2
105255.566,40,2444,2449.8,2230.2
105255.606,40,2428.8,2469.6,2257
105255.646,40,2396.6,2489.6,2291.2
105255.686,40,2368.4,2529.6,2349.2
105255.726,40,2336.2,2587,2438.8
105255.766,40,2279.6,2600.6,2547.4
105255.806,40,2229.6,2576.8,2652.8
105255.846,40,2188.6,2534,2717
105255.886,40,2181.6,2510.4,2744.8
105255.926,40,2187,2516,2730.8
105255.966,40,2207.6,2556.6,2694.4
105256.006,40,2247.2,2605.4,2625.4
105256.046,40,2301.8,2628.2,2532.2
105256.086,40,2357.2,2616,2434.8
105256.126,40,2413.2,2572.4,2340.4
105256.166,40,2442.8,2505,2273
105256.206,40,2451.4,2440.4,2216
105256.246,40,2447.2,2384.8,2188.8
105256.286,40,2433.6,2354.4,2168.8
105256.326,40,2434,2345.4,2161.6
105256.366,40,2441.4,2373.4,2183.6
105256.406,40,2445,2417.2,2210.2
105256.446,40,2441,2487.8,2259.8
105256.486,40,2406,2563,2344.6
105256.526,40,2343.6,2627.4,2467.2
105256.566,40,2256.8,2617.4,2625.8
105256.606,40,2191.6,2535.6,2745.4
105256.646,40,2142,2445.2,2779.4
105256.686,40,2116.8,2378,2748.8
105256.726,40,2114,2368.8,2734.8
105256.766,40,2130.8,2409.2,2737.4
105256.806,40,2164.2,2474.6,2704.6
105256.846,40,2213,2543.2,2638.4
105256.886,40,2273.4,2592.8,2536.2
105256.926,40,2342,2582.6,2429
105256.966,40,2391,2536.4,2336
105257.006,40,2422.4,2473.8,2263.2
105257.046,40,2432.6,2411,2212.2
105257.086,40,2418.4,2354.8,2177.4
105257.126,40,2405.2,2319.4,2158.2
105257.166,40,2401.8,2309.6,2150.8
105257.206,40,2413,2333.4,2162.4
105257.246,40,2430.2,2370.2,2187.6
105257.286,40,2439.6,2430.2,2222.8
105257.326,40,2424.4,2507.6,2284.4
105257.366,40,2384,2590.4,2388
105257.406,40,2303.8,2630,2536.2
105257.446,40,2228.6,2591.8,2676.8
105257.486,40,2171.8,2503.8,2754.4
105257.526,40,2139.4,2426.4,2758.4
105257.566,40,2123,2388.6,2724.6
105257.606,40,2131.6,2403.8,2705.4
105257.646,40,2155.6,2439.6,2686
105257.686,40,2188.4,2500.6,2646
105257.726,40,2236.8,2548.4,2585.4
105257.766,40,2284.8,2585.4,2511.4
105257.806,40,2336.4,2577.4,2423.4
105257.846,40,2381.8,2544.6,2351.2
105257.886,40,2407.4,2500.6,2293
105257.926,40,2421.8,2451.6,2246.4
105257.966,40,2423.2,2417.6,2217
105258.006,40,2423.6,2401,2209
105258.046,40,2425.4,2410,2217.8
105258.086,40,2425,2449.4,2244.6
105258.126,40,2425.6,2505.4,2286.6
105258.166,40,2402,2581.2,2366.4
105258.206,40,2347.8,2652,2481.4
105258.246,40,2272.6,2651.2,2629.2
105258.286,40,2219,2594.4,2725.8
105258.326,40,2185,2537.4,2759.4
105258.366,40,2171,2502.6,2753.4
105258.406,40,2173.8,2501.6,2723
105258.446,40,2181,2505.8,2704.4
105258.486,40,2173,2488.6,2694.2
105258.526,40,2173,2483.6,2694.4
105258.566,40,2167,2473,2698.6
105258.606,40,2163.4,2465.2,2719.6
105258.646,40,2162.2,2467.8,2728
105258.686,40,2160.8,2469.4,2732.8
105258.726,40,2154,2460.8,2740.8
105258.766,40,2155.2,2457,2738.4
105258.806,40,2147.2,2450.2,2739.4
105258.846,40,2145,2444.8,2740
105258.886,40,2141.4,2434.8,2736.4
105258.926,40,2142.2,2433.8,2740.4
105258.966,40,2139.2,2427.2,2745.2
105259.006,40,2136,2424.2,2757.2
105259.046,40,2130.4,2415.8,2758.8
105259.086,40,2123.4,2414,2759
105259.126,40,2127.8,2409.4,2765.4
105259.166,40,2125.2,2404.2,2764
105259.206,40,2125.8,2398.2,2763.4
105259.246,40,2122,2394.8,2763.6
105259.286,40,2115,2386.4,2757.8
105259.326,40,2114.4,2378,2749
105259.366,40,2116.2,2373.8,2747
105259.406,40,2114.2,2368.2,2742.4
105259.446,40,2105.4,2365.8,2738.4
105259.486,40,2106.2,2353,2731.2
105259.526,40,2107.2,2349.4,2726.4
105259.566,40,2104.2,2344.2,2713.2
105259.606,40,2102.8,2338.4,2707.4
105259.646,40,2100.4,2333,2696.8
105259.686,40,2097,2327.4,2685
105259.726,40,2096.4,2316.6,2682.2
105259.766,40,2095.2,2313.2,2670
105259.806,40,2090.2,2308.4,2661.4
105259.846,40,2088.8,2299.2,2659.6
105259.886,40,2091.6,2298,2645.4
105259.926,40,2089.2,2285,2628.2
105259.966,40,2080.6,2271.6,2616.8
105260.006,40,2068.6,2248,2596
105260.046,40,2052.8,2205.8,2519.4
105260.086,40,2037.6,2164.8,2409.4
105260.126,40,2033.6,2139.6,2303.6
105260.166,40,2028.6,2130,2249.6
105260.206,40,2034.4,2127,2240.4
105260.246,40,2040,2143,2301
105260.286,40,2044.8,2168.4,2401.4
105260.326,40,2062.6,2222.6,2529.6
105260.366,40,2086.8,2288.2,2630.2
105260.406,40,2112.2,2349.4,2663
105260.446,40,2139,2402.6,2660
105260.486,40,2144.8,2432.6,2688
105260.526,40,2146.4,2434.4,2734.2
105260.566,40,2128.4,2412.6,2785.4
105260.606,40,2108,2377.2,2820.8
105260.646,40,2084,2319.8,2800.4
105260.686,40,2064.8,2253.2,2664.4
105260.726,40,2053.4,2193.8,2477
105260.766,40,2035,2146,2324.8
105260.806,40,2027.8,2119.6,2228.6
105260.846,40,2025.4,2110,2202.2
105260.886,40,2024.8,2118.6,2228.8
105260.926,40,2035.8,2142.2,2295.2
105260.966,40,2048.8,2179,2400.8
105261.006,40,2067.2,2230.6,2508.8
105261.046,40,2086.6,2289.2,2597.8
105261.086,40,2111.4,2347.2,2657.8
105261.126,40,2124.4,2392.4,2722.4
105261.166,40,2125.4,2395.2,2779.4
105261.206,40,2102.6,2373,2842.8
105261.246,40,2096,2335.8,2809.6
105261.286,40,2079.4,2287,2710
105261.326,40,2059.4,2221.6,2577.4
105261.366,40,2044,2174.8,2427.6
105261.406,40,2032.8,2135,2301.4
105261.446,40,2025.8,2114.2,2218.6
105261.486,40,2026.6,2110.2,2193.6
105261.526,40,2030.4,2112.8,2201.8
105261.566,40,2034.6,2128.4,2273.8
105261.606,40,2045.2,2166.6,2385.4
105261.646,40,2057.2,2214.6,2528.2
105261.686,40,2078,2275.2,2643.6
105261.726,40,2099.6,2335.6,2718.4
105261.766,40,2117.4,2382.4,2745.8
105261.806,40,2124.4,2400.2,2763.8
105261.846,40,2120.2,2390.2,2777.8
105261.886,40,2107,2369.2,2800.4
105261.926,40,2097.4,2352,2820.6
105261.966,40,2085.6,2331.2,2816
105262.006,40,2078.6,2301,2758.8
105262.046,40,2073.2,2261.8,2678.6
105262.086,40,2059.2,2224.8,2590.6
105262.126,40,2048.4,2190.4,2495.6
105262.166,40,2039,2157.6,2393.8
105262.206,40,2033.4,2134.2,2296.4
105262.246,40,2028.6,2120.2,2244.6
105262.286,40,2028.6,2118.8,2225.8
105262.326,40,2032,2130,2236.6
105262.366,40,2038.8,2148,2297
105262.406,40,2046,2169.4,2386.4
105262.446,40,2053.8,2207.8,2521.2
105262.486,40,2072,2259,2663.8
105262.526,40,2091.4,2316.4,2783.4
105262.566,40,2099.6,2366,2854.6
105262.606,40,2113.6,2403,2868.6
105262.646,40,2118.2,2403.6,2854.4
105262.686,40,2109.6,2379.2,2838.8
105262.726,40,2100.4,2353.6,2813.4
105262.766,40,2093,2331.2,2784.2
105262.806,40,2081.8,2302.8,2752.8
105262.846,40,2069.6,2269.6,2700.4
105262.886,40,2056,2226,2595
105262.926,40,2047.4,2187.4,2471.8
105262.966,40,2035.2,2150,2353.6
105263.006,40,2026.4,2123,2261.4
105263.046,40,2027,2113,2203.6
105263.086,40,2024.2,2108.4,2185.8
105263.126,40,2026.4,2110.4,2208
105263.166,40,2031.4,2129,2250.4
105263.206,40,2038.6,2145.8,2323.8
105263.246,40,2052.4,2184.6,2411.2
105263.286,40,2066.2,2225,2510.4
105263.326,40,2084,2273.6,2586.4
105263.366,40,2098.4,2319.6,2651.8
105263.406,40,2111.2,2357,2695.4
105263.446,40,2118.8,2374.6,2736.2
105263.486,40,2115,2377.2,2762.2
105263.526,40,2104.4,2362,2776.6
105263.566,40,2095.6,2341.2,2800.2
105263.606,40,2091.2,2317.6,2795.8
105263.646,40,2077.6,2276.2,2730.4
105263.686,40,2064.2,2241.2,2632.6
105263.726,40,2053.4,2201.4,2507.6
105263.766,40,2041.4,2165.6,2380.6
105263.806,40,2039.2,2140.2,2278
105263.846,40,2029.4,2118.6,2209
105263.886,40,2027.6,2110.2,2190.6
105263.926,40,2027.6,2115.6,2217
105263.966,40,2035.2,2128.6,2269
105264.006,40,2038.6,2156.2,2356.2
105264.046,40,2052.4,2201.2,2485
105264.086,40,2072,2258.6,2621.2
105264.126,40,2095.2,2323.2,2726.6
105264.166,40,2119.8,2390.6,2792
105264.206,40,2135.2,2439.8,2809.2
105264.246,40,2142,2468.8,2853.4
105264.286,40,2137.4,2464.8,2884.2
105264.326,40,2128,2439.6,2885.4
105264.366,40,2123,2414.8,2870.2
105264.406,40,2109,2385.6,2830.2
105264.446,40,2101,2348,2787.8
105264.486,40,2087.2,2303.8,2739.2
105264.526,40,2064.8,2253.8,2643
105264.566,40,2055.4,2204.8,2514.8
105264.606,40,2044.4,2166.4,2401.6
105264.646,40,2037.6,2147.4,2331.8
105264.686,40,2036.6,2148.4,2317.4
105264.726,40,2045.4,2162.6,2353.4
105264.766,40,2053.4,2192.4,2418.4
105264.806,40,2062.4,2235.4,2547.4
105264.846,40,2085,2293.4,2669.8
105264.886,40,2104.8,2355.6,2773.4
105264.926,40,2125.2,2417.6,2837.2
105264.966,40,2134.4,2461.6,2888.4
105265.006,40,2146.6,2480.4,2882.2
105265.046,40,2137.4,2464.2,2861
105265.086,40,2132.4,2441.8,2849.8
105265.126,40,2118.6,2410,2834.6
105265.166,40,2111.4,2382.2,2831
105265.206,40,2096.2,2342.6,2807
105265.246,40,2083.4,2297.6,2756.4
105265.286,40,2067,2247.2,2653
105265.326,40,2051.6,2200.2,2513.8
105265.366,40,2043.8,2162.2,2390.6
105265.406,40,2033.8,2140.2,2305.4
105265.446,40,2038.6,2133.6,2267
105265.486,40,2036.8,2134.6,2278.6
105265.526,40,2042,2156.8,2348.2
105265.566,40,2048,2185.2,2443.2
105265.606,40,2065.6,2229.4,2571.8
105265.646,40,2082.4,2287.8,2701.2
105265.686,40,2093.6,2331.6,2793.6
105265.726,40,2104.6,2373.8,2846.4
105265.766,40,2108.2,2374.6,2862.6
105265.806,40,2105.2,2363.6,2842
105265.846,40,2098.6,2338.4,2801.8
105265.886,40,2092.6,2320,2777
105265.926,40,2087,2301.8,2741.6
105265.966,40,2072.8,2271.4,2702.2
105266.006,40,2063.8,2240.4,2619.4
105266.046,40,2046.6,2199.2,2510
105266.086,40,2044,2165.6,2396.6
105266.126,40,2034,2139.2,2300.6
105266.166,40,2030.8,2121.6,2251.2
105266.206,40,2028.6,2131.6,2250.8
105266.246,40,2036.6,2144.6,2287.6
105266.286,40,2046.2,2163.2,2365.8
105266.326,40,2060.4,2208.8,2488.4
105266.366,40,2075.2,2261.4,2610.8
105266.406,40,2087.6,2307,2713.2
105266.446,40,2091.8,2328.4,2764
105266.486,40,2087.6,2315.2,2781.6
105266.526,40,2077,2290.8,2741.4
105266.566,40,2063.6,2253,2662.6
105266.606,40,2054.2,2206.6,2544
105266.646,40,2042.6,2162.2,2408
105266.686,40,2033.2,2132.4,2284.4
105266.726,40,2023.2,2111,2211.4
105266.766,40,2021.6,2098.6,2188.8
105266.806,40,2025.8,2112.4,2192.8
105266.846,40,2033.4,2129.8,2258.2
105266.886,40,2041.4,2159.8,2369.4
105266.926,40,2052.6,2203.4,2524
105266.966,40,2066.8,2258.8,2678.4
105267.006,40,2079,2293.2,2751.6
105267.046,40,2081,2297.8,2746.6
105267.086,40,2081,2276,2703
105267.126,40,2068.6,2258.4,2657.2
105267.166,40,2059.2,2220.6,2586.8
105267.206,40,2047.6,2186.4,2480
105267.246,40,2036.4,2148.8,2349.2
105267.286,40,2028,2122.2,2251
105267.326,40,2025.4,2101.8,2194.6
105267.366,40,2026.2,2102.6,2177.2
105267.406,40,2026.6,2109.2,2189.8
105267.446,40,2027.2,2125.8,2253.4
105267.486,40,2038.8,2157.2,2357.2
105267.526,40,2057,2201.6,2491.2
105267.566,40,2067,2250,2624.4
105267.606,40,2079.4,2290.2,2718.2
105267.646,40,2080.2,2294.8,2756.6
105267.686,40,2076,2288.8,2729
105267.726,40,2071.2,2259,2673.6
105267.766,40,2060.6,2225.6,2584
105267.806,40,2047.2,2184,2482.2
105267.846,40,2036.8,2154.2,2360.2
105267.886,40,2029.4,2125.2,2266
105267.926,40,2021.6,2110,2199.2
105267.966,40,2025.4,2105,2181.2
105268.006,40,2027.4,2113.8,2206.2
105268.046,40,2031.6,2130.4,2279.4
105268.086,40,2043.8,2165.4,2404.4
105268.126,40,2056.2,2216.4,2536
105268.166,40,2073.2,2266,2640.8
105268.206,40,2091.4,2308,2702
105268.246,40,2087.8,2312.8,2723.4
105268.286,40,2084.4,2297,2709.8
105268.326,40,2076,2273.6,2674.6
105268.366,40,2064,2237.8,2616.2
105268.406,40,2049.8,2197.8,2511.6
105268.446,40,2039.6,2159.4,2392.6
105268.486,40,2031.6,2132.8,2288.6
105268.526,40,2027.2,2113.4,2225
105268.566,40,2028,2112.6,2193.6
105268.606,40,2029.4,2120.4,2210.4
105268.646,40,2035,2137.8,2279.4
105268.686,40,2043.4,2166.4,2379.8
105268.726,40,2056.4,2205.4,2487
105268.766,40,2067.2,2251.6,2575.2
105268.806,40,2078.6,2268.2,2612.4
105268.846,40,2075.6,2266,2620
105268.886,40,2073.6,2253.8,2602.2
105268.926,40,2062.8,2236.2,2576.6
105268.966,40,2053,2202,2516.6
105269.006,40,2043.4,2166.6,2417.8
105269.046,40,2031.4,2139,2303.2
105269.086,40,2028.4,2118.4,2224
105269.126,40,2023.8,2101.6,2183.6
105269.166,40,2025.4,2107,2177.6
105269.206,40,2028.6,2123,2229.4
105269.246,40,2034.4,2141.4,2313.2
105269.286,40,2051.4,2187.2,2440
105269.326,40,2068.8,2236.6,2560.4
105269.366,40,2076,2281,2652.6
105269.406,40,2080.6,2301,2688.2
105269.446,40,2076.2,2285.8,2700.8
105269.486,40,2072.4,2265.6,2687.4
105269.526,40,2060.8,2240.4,2631.6
105269.566,40,2052.4,2203,2513
105269.606,40,2038,2158.6,2387.2
105269.646,40,2030.2,2126.6,2269
105269.686,40,2026.4,2105.2,2198.4
105269.726,40,2025,2103.6,2173.4
105269.766,40,2023.8,2102,2182.2
105269.806,40,2030,2120.2,2233.8
105269.846,40,2041.2,2156,2352.4
105269.886,40,2056.2,2211,2531.2
105269.926,40,2081.6,2285.8,2707.2
105269.966,40,2095.6,2344,2820.4
105270.006,40,2105.2,2363.8,2824.6
105270.046,40,2095,2342.4,2789.4
105270.086,40,2096.2,2325.2,2770.4
105270.126,40,2080,2295.4,2725.8
105270.166,40,2062.2,2243.8,2640.2
105270.206,40,2051.4,2198.4,2500.6
105270.246,40,2040.6,2151.8,2360
105270.286,40,2033,2121.2,2251.6
105270.326,40,2022.8,2106,2199.2
105270.366,40,2024.2,2104.6,2182
105270.406,40,2030.2,2117,2202.8
105270.446,40,2033.2,2131.4,2280.8
105270.486,40,2042.8,2171.2,2399.6
105270.526,40,2057.4,2217.4,2550.8
105270.566,40,2072.4,2276.6,2693.2
105270.606,40,2087.2,2323.4,2786.2
105270.646,40,2094.6,2335.8,2794.4
105270.686,40,2089.8,2316.6,2759.8
105270.726,40,2082,2281.8,2693.6
105270.766,40,2070.8,2242.8,2604.6
105270.806,40,2051.4,2199,2491.2
105270.846,40,2038.6,2156,2374.4
105270.886,40,2028.2,2126.4,2275.4
105270.926,40,2023.4,2117,2228.2
105270.966,40,2025.2,2123,2246.6
105271.006,40,2041.2,2142.4,2289.6
105271.046,40,2046,2168.4,2361.2
105271.086,40,2061.8,2208,2472.4
105271.126,40,2071.2,2250.2,2596
105271.166,40,2086.6,2296.8,2701
105271.206,40,2097,2335.6,2773.8
105271.246,40,2095.4,2345.6,2812.2
105271.286,40,2092.4,2321,2772.4
105271.326,40,2077.2,2285.6,2699.4
105271.366,40,2068.2,2246.4,2597.2
105271.406,40,2060.8,2207,2488.2
105271.446,40,2042.8,2172.8,2383.2
105271.486,40,2040.2,2144.6,2299.2
105271.526,40,2031.2,2124,2241
105271.566,40,2029.4,2110.8,2212.6
105271.606,40,2023.4,2111.2,2208
105271.646,40,2027,2116,2223.4
105271.686,40,2029.4,2127,2272.6
105271.726,40,2035.8,2148.2,2348.2
105271.766,40,2046.6,2181.8,2460
105271.806,40,2057.6,2226,2592.8
105271.846,40,2074,2280.4,2703.6
105271.886,40,2096.2,2335.2,2786.8
105271.926,40,2107.4,2372.8,2821.2
105271.966,40,2101.2,2369.2,2821.8
105272.006,40,2096.4,2344.4,2797
105272.046,40,2085.4,2303.6,2737.6
105272.086,40,2069.8,2259,2647
105272.126,40,2052.2,2208.4,2525.4
105272.166,40,2042,2168.8,2402.6
105272.206,40,2039,2143.4,2308.6
105272.246,40,2034.2,2131.8,2263.4
105272.286,40,2031.6,2129.8,2257.6
105272.326,40,2035.2,2140.6,2294.4
105272.366,40,2046.2,2170,2365
105272.406,40,2059.4,2215.8,2476.8
105272.446,40,2084.6,2283.6,2597.4
105272.486,40,2125.8,2380.6,2679.4
105272.526,40,2176.6,2484.4,2678.4
105272.566,40,2233.2,2567.4,2610.2
105272.606,40,2301.4,2600.2,2508.2
105272.646,40,2356.4,2600,2419.4
105272.686,40,2407.8,2565.6,2338
105272.726,40,2434.6,2522.6,2288.6
105272.766,40,2450.2,2477.6,2245.4
105272.806,40,2450.4,2456.4,2232.6
105272.846,40,2451.8,2457.8,2235.8
105272.886,40,2436.2,2482.8,2256.8
105272.926,40,2412.8,2506,2293.8
105272.966,40,2382.4,2523.8,2335
105273.006,40,2348.4,2567.6,2399.2
105273.046,40,2294.4,2597.4,2510
105273.086,40,2238.2,2585.8,2637.8
105273.126,40,2182.2,2515.6,2729
105273.166,40,2146.4,2440,2752.8
105273.206,40,2122.2,2377.4,2712.2
105273.246,40,2110,2355.2,2670.4
105273.286,40,2117.8,2360.2,2656.4
105273.326,40,2135.8,2391.2,2659.4
105273.366,40,2150.2,2442.2,2670.8
105273.406,40,2185.2,2497.8,2657.4
105273.446,40,2226.2,2544.4,2604.4
105273.486,40,2261,2587,2556.8
105273.526,40,2311,2613.6,2503
105273.566,40,2350.2,2616.2,2444.4
105273.606,40,2383,2603.2,2390.4
105273.646,40,2414.4,2588,2350.4
105273.686,40,2426.8,2554.4,2316.6
105273.726,40,2437.4,2543.2,2304.2
105273.766,40,2431.6,2545.2,2309
105273.806,40,2414.2,2560,2330
105273.846,40,2383,2564.4,2363.6
105273.886,40,2339.2,2554.2,2399.8
105273.926,40,2298.6,2562.8,2468.8
105273.966,40,2248.4,2571.2,2577.4
105274.006,40,2200.2,2521.6,2660.8
105274.046,40,2150.4,2444.4,2696.2
105274.086,40,2125.6,2367.6,2666.2
105274.126,40,2108,2335,2645
105274.166,40,2102.4,2327.8,2653.4
105274.206,40,2113,2343.8,2662.2
105274.246,40,2116.2,2357.8,2664.4
105274.286,40,2123.4,2377.2,2658.4
105274.326,40,2149.2,2422.6,2680.6
105274.366,40,2177.2,2480,2676.4
105274.406,40,2207.8,2534.2,2647.4
105274.446,40,2255.6,2592.8,2599.6
105274.486,40,2304.4,2629.8,2528.8
105274.526,40,2351.6,2631.4,2450.2
105274.566,40,2398.2,2604.6,2377.8
105274.606,40,2436.2,2567,2316.8
105274.646,40,2448.8,2508,2268
105274.686,40,2452.8,2463.6,2235.4
105274.726,40,2440.8,2434,2224.4
105274.766,40,2440.4,2436.4,2223.6
105274.806,40,2430.8,2463.4,2251.2
105274.846,40,2409.8,2488,2281.4
105274.886,40,2386.4,2525.6,2329
105274.926,40,2342.8,2564,2411.4
105274.966,40,2286.6,2581.2,2512.8
105275.006,40,2217.4,2538.8,2616.8
105275.046,40,2168.2,2466.2,2679.6
105275.086,40,2128.6,2386.8,2678.6
105275.126,40,2107.8,2345.6,2652.6
105275.166,40,2108,2338,2644.2
105275.206,40,2123.2,2369,2649.4
105275.246,40,2152.4,2431.6,2657.2
105275.286,40,2193.6,2504.6,2643.6
105275.326,40,2244.8,2565.4,2583
105275.366,40,2301.6,2597.4,2492.8
105275.406,40,2355.2,2591.6,2414.6
105275.446,40,2401.2,2567.2,2345.6
105275.486,40,2430.8,2516.8,2292.2
105275.526,40,2452.2,2480.8,2244.8
105275.566,40,2453.2,2437.4,2218.4
105275.606,40,2454,2406.2,2194.2
105275.646,40,2456,2398.2,2190.4
105275.686,40,2456,2424.4,2206.2
105275.726,40,2449.4,2457.2,2237.6
105275.766,40,2431.8,2499,2278.6
105275.806,40,2395,2552.2,2344.8
105275.846,40,2337.4,2596.2,2446.2
105275.886,40,2269.8,2594.4,2562.6
105275.926,40,2218.8,2551.8,2648.4
105275.966,40,2179.4,2500.4,2707
105276.006,40,2165,2486.2,2743.6
105276.046,40,2176.6,2511.4,2741.6
105276.086,40,2195.4,2549.8,2734.2
105276.126,40,2230.2,2602.6,2707.8
105276.166,40,2264.2,2637.6,2639
105276.206,40,2316,2666.8,2548.2
105276.246,40,2368.4,2650.4,2452.8
105276.286,40,2417.8,2603.2,2361.4
105276.326,40,2441,2537.4,2292
105276.366,40,2455.4,2479,2244.2
105276.406,40,2458.2,2427.2,2211.4
105276.446,40,2441,2381.4,2184.8
105276.486,40,2432.8,2355,2170
105276.526,40,2429.6,2341.6,2162.8
105276.566,40,2433.4,2367.8,2176
105276.606,40,2437.2,2397.2,2199.8
105276.646,40,2434.6,2436.6,2228.6
105276.686,40,2415.4,2487.8,2278.2
105276.726,40,2390,2548.6,2348.8
105276.766,40,2338.4,2595.4,2440.2
105276.806,40,2292.2,2599,2530.6
105276.846,40,2249,2583.6,2597.4
105276.886,40,2228.2,2566.4,2641
105276.926,40,2236,2579.6,2644.6
105276.966,40,2249.6,2604.4,2624.8
105277.006,40,2279.4,2622.2,2578
105277.046,40,2323.4,2629.8,2503
105277.086,40,2366,2614.2,2421.6
105277.126,40,2409.6,2565.8,2343
105277.166,40,2435.8,2517.8,2279.8
105277.206,40,2454.8,2457.4,2230.2
105277.246,40,2454.4,2404.4,2197.2
105277.286,40,2443,2366,2169.6
105277.326,40,2424.4,2332.6,2161.8
105277.366,40,2420.6,2321,2151.6
105277.406,40,2420.6,2319.8,2150.2
105277.446,40,2429.2,2339.6,2161
105277.486,40,2435.8,2366.4,2179.2
105277.526,40,2437.2,2389,2194.6
105277.566,40,2432.8,2425.2,2224.4
105277.606,40,2426,2475.4,2266.8
105277.646,40,2402.2,2536.8,2327
105277.686,40,2361.2,2585.6,2410
105277.726,40,2298.8,2599.6,2510.6
105277.766,40,2232.2,2563.2,2619.6
105277.806,40,2172.4,2475.6,2679.6
105277.846,40,2127.4,2387.6,2681.6
105277.886,40,2104,2330.4,2653
105277.926,40,2089.4,2302.2,2641.8
105277.966,40,2087.4,2300,2663.2
105278.006,40,2093.8,2314.2,2696.4
105278.046,40,2087.4,2314.4,2723.4
105278.086,40,2089.2,2308.2,2729.8
105278.126,40,2086.2,2303.8,2735.2
105278.166,40,2086.6,2299.8,2726.4
105278.206,40,2088.2,2297.4,2700.4
105278.246,40,2084,2291,2683
105278.286,40,2079,2284.8,2658.6
105278.326,40,2080.4,2276.2,2631.8
105278.366,40,2080.2,2264.8,2601.6
105278.406,40,2077.2,2266.2,2586.8
105278.446,40,2076,2255,2576
105278.486,40,2074.6,2244.2,2574.8
105278.526,40,2067,2234,2553.4
105278.566,40,2057,2205.8,2502.6
105278.606,40,2046.6,2174.6,2414.6
105278.646,40,2039.4,2146.8,2321.6
105278.686,40,2026.2,2121.4,2245
105278.726,40,2028.2,2103.2,2190.8
105278.766,40,2019.8,2100.6,2167.6
105278.806,40,2022,2100,2168.2
105278.846,40,2023,2110.8,2198.8
105278.886,40,2036.2,2126.8,2250.4
105278.926,40,2042,2157.6,2334.8
105278.966,40,2054.4,2196,2440.4
105279.006,40,2071.4,2246.4,2541.4
105279.046,40,2096,2299.4,2614.6
105279.086,40,2115.6,2359,2686.4
105279.126,40,2132.4,2408,2727.4
105279.166,40,2134.4,2429.2,2758
105279.206,40,2125.6,2413.2,2792.6
105279.246,40,2121.2,2393.4,2814.2
105279.286,40,2111.6,2380.2,2823
105279.326,40,2100,2349.4,2817.4
105279.366,40,2090.6,2312.2,2764
105279.406,40,2076,2267.4,2668.6
105279.446,40,2054.6,2214.2,2536
105279.486,40,2044.4,2166,2392.6
105279.526,40,2032,2130.4,2285
105279.566,40,2035,2116.6,2216
105279.606,40,2027.6,2106.8,2184.2
105279.646,40,2031.4,2110,2189.4
105279.686,40,2029,2118.2,2224.8
105279.726,40,2032.2,2138.6,2283.4
105279.766,40,2041.6,2163.2,2363.2
105279.806,40,2052.4,2199.2,2449.4
105279.846,40,2070,2234.2,2534.8
105279.886,40,2080.8,2275.2,2599.2
105279.926,40,2090.8,2301.2,2650.8
105279.966,40,2095.4,2315.8,2686
105280.006,40,2085.2,2304.6,2692.2
105280.046,40,2078.8,2286.8,2685.8
105280.086,40,2075.4,2270.8,2685
105280.126,40,2062.4,2254.4,2669.2
105280.166,40,2061,2236.6,2602.4
105280.206,40,2058.6,2201.2,2512.8
105280.246,40,2046,2174.6,2423.2
105280.286,40,2032.8,2145.6,2327.4
105280.326,40,2032.8,2129,2253.4
105280.366,40,2027.2,2113,2211.6
105280.406,40,2027,2112.4,2196.8
105280.446,40,2030,2117.4,2208.2
105280.486,40,2037.2,2128.6,2260.6
105280.526,40,2043.8,2157.2,2335.2
105280.566,40,2054.2,2191.6,2438.6
105280.606,40,2068.2,2238.4,2540.6
105280.646,40,2078.6,2286.2,2620.2
105280.686,40,2097.6,2324,2684.8
105280.726,40,2107.8,2347,2730.6
105280.766,40,2106.2,2353.8,2752.6
105280.806,40,2099,2341.4,2760.2
105280.846,40,2092.6,2323.6,2766.2
105280.886,40,2093,2324.6,2773
105280.926,40,2091.4,2319.2,2773.4
105280.966,40,2090,2319.6,2762.4
105281.006,40,2088.6,2302.4,2742
105281.046,40,2079.2,2294.8,2725.2
105281.086,40,2076.8,2282.6,2698
105281.126,40,2073.6,2261.8,2654.2
105281.166,40,2059.8,2237.2,2597.8
105281.206,40,2054.8,2200.8,2511.2
105281.246,40,2047.4,2170.6,2424.6
105281.286,40,2038.6,2148.2,2326.4
105281.326,40,2028.6,2118,2248
105281.366,40,2026.2,2104.8,2197.8
105281.406,40,2020.2,2099,2167.2
105281.446,40,2022.2,2103.6,2169
105281.486,40,2025.8,2111,2203.8
105281.526,40,2030.6,2133.2,2262.8
105281.566,40,2042.6,2153.2,2343.6
105281.606,40,2052.2,2191.2,2447
105281.646,40,2062.6,2237,2565.2
105281.686,40,2083,2282.8,2659.2
105281.726,40,2093,2319,2728.2
105281.766,40,2099.2,2343.6,2772.8
105281.806,40,2100.6,2343,2783.6
105281.846,40,2089,2327.2,2777.4
105281.886,40,2085.4,2304,2762.8
105281.926,40,2084.4,2292,2733.6
105281.966,40,2076,2276.6,2689.4
105282.006,40,2065.8,2250.4,2643.2
105282.046,40,2060.4,2223.2,2575.2
105282.086,40,2050.2,2197.2,2491.8
105282.126,40,2043.2,2167.2,2395.6
105282.166,40,2036.4,2140.4,2302.2
105282.206,40,2032.8,2124.2,2237.2
105282.246,40,2025.6,2114,2202
105282.286,40,2025.4,2110.4,2193.4
105282.326,40,2031.2,2118,2212.2
105282.366,40,2030.2,2131.4,2260.8
105282.406,40,2041.8,2154.6,2335.2
105282.446,40,2046.6,2185.4,2441.4
105282.486,40,2068.2,2231.2,2565.8
105282.526,40,2076.2,2271.8,2683
105282.566,40,2088.6,2323,2778.6
105282.606,40,2099.8,2348.4,2822.2
105282.646,40,2098,2353.2,2819.8
105282.686,40,2092,2321.6,2778.6
105282.726,40,2079.2,2307,2748.2
105282.766,40,2080.2,2287,2704.8
105282.806,40,2078.4,2271,2668.2
105282.846,40,2070,2250.6,2632.6
105282.886,40,2057,2218.6,2569.2
105282.926,40,2050.6,2191.8,2480.8
105282.966,40,2042.8,2160.6,2386.4
105283.006,40,2033.8,2133,2291.4
105283.046,40,2025,2116.8,2231.2
105283.086,40,2027.8,2112.8,2201.4
105283.126,40,2028,2117,2214.4
105283.166,40,2030,2130,2265.8
105283.206,40,2043,2159,2364
105283.246,40,2051.6,2199.6,2497
105283.286,40,2071.4,2255.6,2655.8
105283.326,40,2087.2,2318.8,2767.6
105283.366,40,2108,2378.4,2842
105283.406,40,2117.4,2411.2,2864.8
105283.446,40,2127.6,2420.4,2856.4
105283.486,40,2124,2415.2,2852.4
105283.526,40,2110,2389.2,2841
105283.566,40,2111.8,2379.6,2814.6
105283.606,40,2103.6,2366.6,2819.2
105283.646,40,2099.6,2352.8,2800.4
105283.686,40,2092.6,2323.2,2776.2
105283.726,40,2077.4,2287.4,2719.8
105283.766,40,2062.6,2239.8,2619.4
105283.806,40,2047.6,2198.4,2497.6
105283.846,40,2041,2157,2370.6
105283.886,40,2033.6,2135.2,2277.4
105283.926,40,2030.4,2124.4,2221
105283.966,40,2028.6,2111.6,2205.2
105284.006,40,2031.4,2121.4,2236
105284.046,40,2039.4,2143.4,2312.2
105284.086,40,2045.2,2177,2412.8
105284.126,40,2061.6,2220.8,2536.4
105284.166,40,2080.2,2278.2,2642.6
105284.206,40,2091.4,2318,2720.4
105284.246,40,2106.8,2349.6,2762.2
105284.286,40,2108.4,2366.2,2793.4
105284.326,40,2105.4,2359.8,2803.2
105284.366,40,2096.8,2340,2801.6
105284.406,40,2095.6,2332.6,2799.8
105284.446,40,2093.2,2321.2,2778.4
105284.486,40,2089,2313.8,2762.6
105284.526,40,2083.2,2305.2,2744.4
105284.566,40,2078.6,2286.6,2701
105284.606,40,2070.4,2256,2648.2
105284.646,40,2054.4,2216,2552.8
105284.686,40,2045,2176.2,2439.2
105284.726,40,2041.6,2152.8,2328
105284.766,40,2033.6,2129.2,2253.2
105284.806,40,2029.6,2120.8,2218.8
105284.846,40,2027.6,2117,2217.4
105284.886,40,2033.2,2130.8,2253.8
105284.926,40,2039.6,2148.4,2313.6
105284.966,40,2048.8,2177,2402.4
105285.006,40,2063.6,2218.2,2495.2
105285.046,40,2077.8,2265.6,2594.6
105285.086,40,2091.2,2308.2,2678.6
105285.126,40,2099.2,2342.6,2754.4
105285.166,40,2104.8,2350.6,2787.6
105285.206,40,2092.8,2335.8,2811.4
105285.246,40,2090.4,2326.2,2803.8
105285.286,40,2089.4,2317.2,2768.2
105285.326,40,2085,2307.6,2746.8
105285.366,40,2082.6,2301,2728.2
105285.406,40,2085.6,2296.6,2721.6
105285.446,40,2078,2285.8,2702
105285.486,40,2070.4,2263.2,2676
105285.526,40,2059.8,2232,2611.2
105285.566,40,2051,2196.6,2499.6
105285.606,40,2041.2,2156.4,2376
105285.646,40,2030.6,2129.6,2283
105285.686,40,2022.2,2115.2,2218.4
105285.726,40,2024.6,2107.8,2202.6
105285.766,40,2031.2,2120.8,2219.4
105285.806,40,2036.8,2138.8,2281.8
105285.846,40,2044.8,2168.2,2396.2
105285.886,40,2059.4,2214.2,2526.8
105285.926,40,2068,2259.2,2663
105285.966,40,2086.6,2314,2761.4
105286.006,40,2102.2,2351.2,2821
105286.046,40,2101.8,2363.6,2836.6
105286.086,40,2102.4,2352.6,2828.6
105286.126,40,2092.6,2332.6,2802
105286.166,40,2091.6,2324.2,2783.4
105286.206,40,2089,2315.4,2780.8
105286.246,40,2085.2,2306,2771.2
105286.286,40,2081.2,2302.4,2756.6
105286.326,40,2079.2,2286.2,2729.2
105286.366,40,2076.2,2272.4,2689.2
105286.406,40,2066.6,2246.4,2638.4
105286.446,40,2053.8,2212.4,2557.6
105286.486,40,2047.2,2181.6,2445.6
105286.526,40,2035,2145.8,2342.8
105286.566,40,2027,2121.8,2253.4
105286.606,40,2030.2,2109.4,2201.6
105286.646,40,2024.8,2108.6,2189.6
105286.686,40,2033.4,2112.8,2201.6
105286.726,40,2032.2,2130.4,2254.8
105286.766,40,2039.8,2153.6,2338.6
105286.806,40,2045.8,2184.2,2456.4
105286.846,40,2059.4,2232,2579.8
105286.886,40,2077.6,2280.8,2687.6
105286.926,40,2094,2322,2756.6
105286.966,40,2100,2354.2,2792.8
105287.006,40,2108,2363.4,2811.2
105287.046,40,2100.4,2353.4,2803.8
105287.086,40,2095,2340.4,2787
105287.126,40,2089.4,2327.4,2774
105287.166,40,2092.2,2320.6,2757.6
105287.206,40,2084,2304.6,2732.2
105287.246,40,2082,2286.2,2709.4
105287.286,40,2069.4,2256.6,2648.2
105287.326,40,2057.6,2218.2,2554.6
105287.366,40,2049.2,2186.4,2451.8
105287.406,40,2042.8,2156,2353.2
105287.446,40,2033.8,2133.2,2281.8
105287.486,40,2031,2116.6,2227.2
105287.526,40,2025.6,2111,2204.4
105287.566,40,2029,2114.6,2209
105287.606,40,2033.6,2126.8,2242
105287.646,40,2043.6,2148.8,2308.6
105287.686,40,2048,2180.6,2406
105287.726,40,2062.8,2222,2517.2
105287.766,40,2075.4,2271.2,2634.6
105287.806,40,2087.2,2313.2,2717.4
105287.846,40,2102.4,2350.4,2773.4
105287.886,40,2102.6,2364.6,2819
105287.926,40,2101,2364.4,2828.8
105287.966,40,2094.2,2338,2828
105288.006,40,2095.2,2333.4,2804.2
105288.046,40,2090.2,2324,2780.8
105288.086,40,2088.2,2315,2755.2
105288.126,40,2083.8,2291,2723
105288.166,40,2075.6,2273.6,2687.4
105288.206,40,2067.8,2247,2633.4
105288.246,40,2060,2221.2,2566
105288.286,40,2050.4,2191.6,2474.6
105288.326,40,2043.6,2164.4,2384.2
105288.366,40,2033.8,2138.2,2305.2
105288.406,40,2028.4,2122.4,2241
105288.446,40,2030,2117.2,2202.4
105288.486,40,2025.8,2116.2,2211.4
105288.526,40,2036.4,2130.4,2248.2
105288.566,40,2035.6,2151.2,2326.4
105288.606,40,2052.2,2186,2431.4
105288.646,40,2062.8,2231.2,2555.2
105288.686,40,2083.2,2285.6,2677
105288.726,40,2101.2,2342.6,2755
105288.766,40,2107.6,2377,2821.6
105288.806,40,2109.6,2387.6,2871.6
105288.846,40,2107,2371,2853.2
105288.886,40,2103,2356.4,2823.6
105288.926,40,2096.8,2347.2,2800.8
105288.966,40,2098.4,2343.8,2799
105289.006,40,2090.6,2336.8,2805.8
105289.046,40,2090.4,2326.6,2789.4
105289.086,40,2087.2,2313.6,2764.6
105289.126,40,2083.8,2296,2738
105289.166,40,2072,2273.6,2678.2
105289.206,40,2061.4,2226.4,2561.6
105289.246,40,2046.6,2185.2,2433
105289.286,40,2040.2,2148.6,2312.4
105289.326,40,2029.8,2125.8,2235.2
105289.366,40,2027.2,2111.4,2200.6
105289.406,40,2025.8,2107,2191
105289.446,40,2027.6,2112.6,2225.8
105289.486,40,2038,2141.2,2307.4
105289.526,40,2048,2183,2413.6
105289.566,40,2065.6,2229,2532.4
105289.606,40,2081.4,2280,2642.4
105289.646,40,2095.2,2323.4,2706.8
105289.686,40,2107,2360.4,2765.6
105289.726,40,2109.6,2372.4,2796.4
105289.766,40,2103.6,2361.6,2845.4
105289.806,40,2097.4,2348.8,2837.6
105289.846,40,2095.6,2348,2814.4
105289.886,40,2098,2339,2783.6
105289.926,40,2096.6,2328.6,2764.8
105289.966,40,2089.4,2317.2,2749.2
105290.006,40,2089,2310,2728.8
105290.046,40,2081,2290,2710.6
105290.086,40,2076.2,2270.4,2678.2
105290.126,40,2071.6,2245,2620.4
105290.166,40,2052.2,2208.8,2534.4
105290.206,40,2044.6,2169,2420.8
105290.246,40,2033.4,2139.8,2309.6
105290.286,40,2027.4,2117.2,2236
105290.326,40,2028.2,2107.6,2196.8
105290.366,40,2029.8,2110.6,2206.6
105290.406,40,2030.4,2128.8,2259.8
105290.446,40,2042,2154.6,2345.8
105290.486,40,2051.4,2191.2,2467
105290.526,40,2066.8,2236.4,2585.8
105290.566,40,2078,2278.8,2679
105290.606,40,2094.4,2321.4,2744.6
105290.646,40,2104.4,2342.4,2778.6
105290.686,40,2096.2,2349.4,2797
105290.726,40,2091.4,2334.4,2794.6
105290.766,40,2087.8,2322.8,2787.4
105290.806,40,2089,2315.4,2772.8
105290.846,40,2088,2308.4,2751
105290.886,40,2084.6,2294.4,2726
105290.926,40,2080.2,2291,2709.8
105290.966,40,2078.6,2280,2680
105291.006,40,2072.4,2266.2,2646.2
105291.046,40,2064.2,2252.6,2617.6
105291.086,40,2059.2,2221.8,2553
105291.126,40,2048.2,2183.6,2458
105291.166,40,2039,2151.6,2346.4
105291.206,40,2030.4,2126.4,2257.6
105291.246,40,2025.4,2110.4,2203.8
105291.286,40,2018.4,2099,2165
105291.326,40,2021.6,2094.8,2162.2
105291.366,40,2024.8,2103.8,2186.2
105291.406,40,2029.6,2116,2229.2
105291.446,40,2037,2143.6,2303.6
105291.486,40,2049,2175.4,2407.2
105291.526,40,2064.4,2223.4,2526.8
105291.566,40,2074.6,2270.8,2638.6
105291.606,40,2090,2311.4,2716.4
105291.646,40,2105.6,2345.8,2762.4
105291.686,40,2105.2,2356.4,2796.8
105291.726,40,2094.6,2349.6,2814
105291.766,40,2094.8,2339.6,2813
105291.806,40,2091,2329.6,2797
105291.846,40,2095.2,2330.4,2777.8
105291.886,40,2090,2324,2775.4
105291.926,40,2090.2,2315.6,2763.8
105291.966,40,2081.8,2307.6,2758.8
105292.006,40,2084.6,2300,2744.2
105292.046,40,2079.8,2287.8,2722.6
105292.086,40,2073.4,2276.4,2699.8
105292.126,40,2064.6,2249.2,2644.4
105292.166,40,2055.8,2217,2562.2
105292.206,40,2048.4,2179.4,2449
105292.246,40,2039.4,2148.2,2344.2
105292.286,40,2031.6,2124,2258
105292.326,40,2022.6,2109.2,2206.8
105292.366,40,2026,2105.6,2186
105292.406,40,2025,2115,2208
105292.446,40,2032.8,2134.8,2266.2
105292.486,40,2043,2159.6,2358.2
105292.526,40,2052.8,2192.2,2471.8
105292.566,40,2062.2,2235.6,2598.4
105292.606,40,2082.2,2284,2694.6
105292.646,40,2087.6,2322.4,2775.6
105292.686,40,2099,2345.8,2803.6
105292.726,40,2098,2346.2,2813.4
105292.766,40,2093.4,2334.8,2800
105292.806,40,2088,2320.6,2767
105292.846,40,2088.4,2317,2747.4
105292.886,40,2086,2314.6,2744
105292.926,40,2091,2305.6,2730.6
105292.966,40,2085.6,2301.4,2721.2
105293.006,40,2080.8,2294.8,2719.8
105293.046,40,2073.4,2282.2,2702
105293.086,40,2071.8,2269,2673.6
105293.126,40,2066,2244.4,2628
105293.166,40,2055.6,2209.4,2542
105293.206,40,2043,2176.2,2427.8
105293.246,40,2037.6,2145,2323
105293.286,40,2031.8,2119.8,2245.6
105293.326,40,2024,2112.8,2196
105293.366,40,2027.4,2105.4,2188.2
105293.406,40,2026.4,2120,2233.8
105293.446,40,2038.2,2145.4,2314.2
105293.486,40,2045.8,2183.6,2440
105293.526,40,2065.4,2234.4,2571.6
105293.566,40,2079.4,2290.8,2695.8
105293.606,40,2100.8,2343,2776
105293.646,40,2114.8,2386.4,2828.2
105293.686,40,2116.6,2400.2,2847.2
105293.726,40,2109.6,2383.2,2849
105293.766,40,2103.2,2363.6,2823
105293.806,40,2101,2357.4,2804.4
105293.846,40,2098.8,2345.2,2791.2
105293.886,40,2095.4,2336.8,2785
105293.926,40,2092.8,2330.2,2771.4
105293.966,40,2089.2,2314.2,2750.6
105294.006,40,2085.2,2294,2709.6
105294.046,40,2073.8,2259.4,2650.8
105294.086,40,2058.2,2217.8,2548.2
105294.126,40,2046.4,2178.2,2428.8
105294.166,40,2038.4,2146.4,2325.8
105294.206,40,2034.8,2127,2248.8
105294.246,40,2030.6,2114.6,2219
105294.286,40,2033.4,2123.4,2240
105294.326,40,2039.8,2146.4,2307.8
105294.366,40,2048.8,2181.6,2415
105294.406,40,2066.8,2229.8,2545.8
105294.446,40,2085.4,2288,2665.2
105294.486,40,2104.6,2349,2748.6
105294.526,40,2120.2,2394.2,2800.2
105294.566,40,2118.2,2414.8,2824.4
105294.606,40,2114.6,2393.6,2831
105294.646,40,2102.6,2366,2825.6
105294.686,40,2098.4,2343.2,2792
105294.726,40,2091.2,2312.8,2748.8
105294.766,40,2080,2278,2686.6
105294.806,40,2065,2246.8,2597.6
105294.846,40,2059,2212.8,2505.2
105294.886,40,2048.4,2178.8,2413.8
105294.926,40,2042,2150.4,2328.4
105294.966,40,2030.4,2127.8,2257.2
105295.006,40,2029.6,2116.6,2202.2
105295.046,40,2021.8,2102.6,2171.4
105295.086,40,2024.2,2100.4,2163
105295.126,40,2024,2107.4,2184.8
105295.166,40,2027.6,2117.2,2217.4
105295.206,40,2033.6,2132,2268.6
105295.246,40,2042.2,2156,2342.8
105295.286,40,2048.6,2186.4,2427.4
105295.326,40,2058,2226.6,2512.4
105295.366,40,2079.4,2267.2,2585.4
105295.406,40,2086.8,2298.4,2650.2
105295.446,40,2092.2,2312.8,2693
105295.486,40,2091.4,2307,2702.4
105295.526,40,2085.4,2290.6,2696.2
105295.566,40,2080.2,2283.4,2693
105295.606,40,2072.6,2264,2677.2
105295.646,40,2066.4,2245,2634
105295.686,40,2059.2,2220.6,2556.2
105295.726,40,2050.6,2187.4,2476.4
105295.766,40,2042.4,2167.2,2391.4
105295.806,40,2039.2,2149,2312
105295.846,40,2033.4,2129.2,2247.4
105295.886,40,2027.2,2113.6,2209.2
105295.926,40,2026.8,2105.4,2188.8
105295.966,40,2022.2,2106,2184.4
105296.006,40,2026.2,2110,2205.4
105296.046,40,2027.2,2125,2245.4
105296.086,40,2035.4,2141.6,2301.8
105296.126,40,2048.4,2166,2375.4
105296.166,40,2051.8,2203.2,2447.2
105296.206,40,2072.6,2241.6,2531.8
105296.246,40,2084.4,2288.6,2622
105296.286,40,2104.2,2334.6,2695.4
105296.326,40,2113.2,2369.4,2740.8
105296.366,40,2117.8,2389.2,2767.6
105296.406,40,2120.2,2391,2775.2
105296.446,40,2113,2377,2786.4
105296.486,40,2105.8,2364.6,2783.8
105296.526,40,2102,2358.2,2782.8
105296.566,40,2092.6,2337,2773.2
105296.606,40,2085,2300.8,2742.2
105296.646,40,2070.4,2256.2,2662.8
105296.686,40,2051.6,2203.8,2537.2
105296.726,40,2042,2163.4,2401
105296.766,40,2035.4,2134.4,2293
105296.806,40,2029.2,2121,2225
105296.846,40,2025.2,2110,2198
105296.886,40,2027,2114,2215.6
105296.926,40,2032.8,2132.6,2257.2
105296.966,40,2041.8,2154,2306.4
105297.006,40,2048.8,2182,2414
105297.046,40,2065.6,2239.4,2554.4
105297.086,40,2092.2,2312,2678.2
105297.126,40,2120.2,2397.6,2776.8
105297.166,40,2134.6,2446.8,2841.8
105297.206,40,2132.4,2438.2,2869
105297.246,40,2116,2391.4,2833
105297.286,40,2093.2,2338,2768
105297.326,40,2070.6,2268.2,2674.6
105297.366,40,2057.6,2216.2,2541.2
105297.406,40,2037.6,2160.8,2382.8
105297.446,40,2031,2121.2,2266.8
105297.486,40,2023.2,2100.8,2189
105297.526,40,2021.2,2098.2,2157.6
105297.566,40,2017.8,2096.8,2157.2
105297.606,40,2025.4,2107.2,2196
105297.646,40,2031.2,2130,2267.4
105297.686,40,2045.4,2163.2,2357
105297.726,40,2057.2,2211.2,2455
105297.766,40,2080.6,2260.2,2561.4
105297.806,40,2105,2335.2,2674.2
105297.846,40,2123,2387.2,2766.4
105297.886,40,2121.8,2406.8,2818.4
105297.926,40,2109.8,2391.8,2871.6
105297.966,40,2097.8,2359.2,2828.8
105298.006,40,2080.6,2297,2735.8
105298.046,40,2065.8,2235.6,2617.6
105298.086,40,2046.2,2187.8,2471.6
105298.126,40,2036.8,2145.2,2335.6
105298.166,40,2026.8,2116.4,2239.8
105298.206,40,2026,2109.8,2196
105298.246,40,2028.4,2112.8,2196.6
105298.286,40,2035,2128.6,2250.6
105298.326,40,2042.2,2158.4,2363.2
105298.366,40,2054.2,2215.8,2518.2
105298.406,40,2089.6,2300.2,2664.4
105298.446,40,2117.6,2388.8,2737.4
105298.486,40,2148.2,2464.8,2783
105298.526,40,2156.2,2494,2842.8
105298.566,40,2145,2481,2875.6
105298.606,40,2126.6,2420.8,2839.6
105298.646,40,2107,2360,2795.2
105298.686,40,2077,2289.2,2721.8
105298.726,40,2059.6,2219.4,2574.6
105298.766,40,2042.8,2161.4,2403.2
105298.806,40,2032.6,2131.6,2275.6
105298.846,40,2025.2,2110.6,2196.8
105298.886,40,2023.4,2097.2,2155.6
105298.926,40,2018.6,2095.6,2142.4
105298.966,40,2023,2098.2,2163.8
105299.006,40,2026.4,2117,2210.8
105299.046,40,2036.2,2144.6,2295.8
105299.086,40,2049,2181.2,2401.2
105299.126,40,2064.8,2234.6,2508.4
105299.166,40,2092.6,2296.6,2616.8
105299.206,40,2115.4,2362.8,2692.2
105299.246,40,2133.8,2417,2755.4
105299.286,40,2134.6,2440.4,2801
105299.326,40,2123.6,2420.2,2852.8
105299.366,40,2109.2,2382.2,2848.6
105299.406,40,2088.8,2321,2772.4
105299.446,40,2074.6,2261.4,2642.6
105299.486,40,2050.6,2197.4,2491.8
105299.526,40,2042.4,2154.4,2354.4
105299.566,40,2027,2120.6,2251.8
105299.606,40,2022.6,2103.4,2187.6
105299.646,40,2024.2,2098.4,2171.6
105299.686,40,2026,2104.6,2178.4
105299.726,40,2030.4,2123.8,2226.6
105299.766,40,2037,2143.4,2309
105299.806,40,2049,2181.4,2418.6
105299.846,40,2063.6,2227.6,2534.6
105299.886,40,2075.8,2278.8,2627.8
105299.926,40,2099,2326,2688
105299.966,40,2108.6,2363.6,2712.2
105300.006,40,2110,2359.8,2730.2
105300.046,40,2097.8,2346,2738.8
105300.086,40,2094,2335.4,2747.6
105300.126,40,2087,2307,2752.6
105300.166,40,2077.6,2280.2,2728
105300.206,40,2067.4,2252.2,2652.6
105300.246,40,2051.8,2215.4,2543.6
105300.286,40,2048.8,2182,2432.4
105300.326,40,2040.2,2146.4,2322.4
105300.366,40,2033.2,2128.2,2243.2
105300.406,40,2026.6,2112,2194
105300.446,40,2027,2108.2,2187
105300.486,40,2029.2,2117.8,2215.8
105300.526,40,2034.2,2134.8,2274
105300.566,40,2042.8,2154.8,2349.6
105300.606,40,2048.4,2193.4,2454
105300.646,40,2068.2,2241.2,2566.4
105300.686,40,2084.6,2287.8,2651.4
105300.726,40,2099.8,2333.6,2703.4
105300.766,40,2114.2,2358.6,2734.8
105300.806,40,2108.8,2365,2748
105300.846,40,2101.8,2348.8,2758.6
105300.886,40,2097.6,2325.2,2761.6
105300.926,40,2079.6,2306.4,2753.2
105300.966,40,2075.2,2281,2713
105301.006,40,2066.6,2246,2636
105301.046,40,2058.8,2212.4,2533
105301.086,40,2047.8,2181.6,2434.6
105301.126,40,2039,2153.4,2340.2
105301.166,40,2033.2,2128.8,2262.2
105301.206,40,2028,2118.2,2218
105301.246,40,2026,2110.2,2199.6
105301.286,40,2026.8,2116.4,2218.6
105301.326,40,2033,2130.2,2261
105301.366,40,2040.6,2151.4,2317.8
105301.406,40,2047,2172.8,2406.8
105301.446,40,2059.6,2210.6,2485.4
105301.486,40,2074.4,2244.6,2565.4
105301.526,40,2077.2,2272.2,2613.4
105301.566,40,2079.4,2277.2,2637.4
105301.606,40,2076.2,2276,2643.2
105301.646,40,2075.6,2264,2626.8
105301.686,40,2071,2258.2,2626.8
105301.726,40,2070,2252.2,2628.2
105301.766,40,2065.4,2243.6,2629.2
105301.806,40,2063.2,2232.8,2602.2
105301.846,40,2057.4,2213.2,2544.8
105301.886,40,2046.6,2184.2,2463.8
105301.926,40,2042.6,2159,2357.2
105301.966,40,2033.2,2133.8,2272.6
105302.006,40,2028.8,2120.4,2211.2
105302.046,40,2029.8,2116.4,2198
105302.086,40,2032.8,2120.8,2229.2
105302.126,40,2037.6,2140.2,2287.2
105302.166,40,2046,2161.6,2354.8
105302.206,40,2057.4,2192.6,2430.4
105302.246,40,2065,2227.6,2506.4
105302.286,40,2072.4,2260.8,2578.4
105302.326,40,2084.6,2279.8,2632.2
105302.366,40,2086.6,2294.6,2668.4
105302.406,40,2084.2,2294,2676.4
105302.446,40,2082.2,2280,2662
105302.486,40,2080.8,2270.8,2649.4
105302.526,40,2077.4,2269.6,2643.4
105302.566,40,2077.6,2264.4,2631
105302.606,40,2074.2,2260.4,2622
105302.646,40,2075,2258.8,2616
105302.686,40,2068.6,2251.4,2593.4
105302.726,40,2070.8,2250.4,2584.8
105302.766,40,2075,2244,2569.6
105302.806,40,2069,2240.4,2558.2
105302.846,40,2066.4,2237,2553
105302.886,40,2065.4,2232.6,2552.2
105302.926,40,2064.2,2228.8,2542.6
105302.966,40,2057.6,2226,2532.2
105303.006,40,2060.6,2219.6,2533
105303.046,40,2056.4,2216.8,2519.8
105303.086,40,2058.6,2218.8,2511.8
105303.126,40,2063.6,2211.2,2500.4
105303.166,40,2057.6,2210,2487.8
105303.206,40,2053.8,2202,2486.6
105303.246,40,2055.4,2200.8,2475.8
105303.286,40,2056.6,2198.6,2468.8
105303.326,40,2052.2,2196.6,2462.8
105303.366,40,2050.8,2194,2455.2
105303.406,40,2049,2192,2443.2
105303.446,40,2045,2184.2,2436.2
105303.486,40,2050.6,2185.4,2429.2
105303.526,40,2049.4,2182.8,2426.4
105303.566,40,2046,2179.6,2411.6
105303.606,40,2044.8,2174,2413.4
105303.646,40,2049,2175.6,2402.6
105303.686,40,2042.6,2173.2,2393
105303.726,40,2044.6,2171.6,2385.2
105303.766,40,2044.6,2167.2,2381.4
105303.806,40,2043.6,2164.8,2377.4
105303.846,40,2044.4,2165,2370.6
105303.886,40,2040,2160.4,2364.2
105303.926,40,2041.8,2160.2,2351.4
105303.966,40,2042.6,2157.4,2344.6
105304.006,40,2040.4,2158.6,2347
105304.046,40,2039,2152.2,2335
105304.086,40,2040.4,2150.2,2330.4
105304.126,40,2040,2147,2325
105304.166,40,2035.4,2146.8,2320.4
105304.206,40,2037.2,2140.4,2311.8
105304.246,40,2032.8,2142.8,2309.4
105304.286,40,2035,2143,2302
105304.326,40,2034,2135.6,2290.6
105304.366,40,2031.2,2134.4,2284.2
105304.406,40,2031.8,2132.4,2278.6
105304.446,40,2032.2,2134.6,2274.8
105304.486,40,2035,2129.4,2272
105304.526,40,2032.4,2131.8,2267.8
105304.566,40,2029,2124.6,2263.4
105304.606,40,2033.2,2128.2,2257.4
105304.646,40,2033,2130.6,2254.6
105304.686,40,2031,2126.6,2247.6
105304.726,40,2028.2,2121,2249.2
105304.766,40,2030,2124,2258.4
105304.806,40,2030.2,2133.4,2282
105304.846,40,2040.8,2149.4,2313.4
105304.886,40,2049,2171.6,2372.8
105304.926,40,2054.8,2206.4,2469.4
105304.966,40,2080.4,2260.6,2592.8
105305.006,40,2099.4,2329.8,2703.4
105305.046,40,2133,2424,2760.2
105305.086,40,2183.8,2518,2740.8
105305.126,40,2240.2,2597.8,2646.8
105305.166,40,2313,2633.8,2519
105305.206,40,2381.4,2609,2402.4
105305.246,40,2429.2,2541.2,2305.4
105305.286,40,2450.2,2469.8,2244.8
105305.326,40,2440.6,2398.6,2197.4
105305.366,40,2423.8,2350.4,2169.4
105305.406,40,2413,2322.4,2152.6
105305.446,40,2400.6,2304,2150.8
105305.486,40,2405,2331.4,2161.2
105305.526,40,2422.6,2361,2181
105305.566,40,2431.2,2412.6,2216
105305.606,40,2425.6,2488.6,2270.8
105305.646,40,2388.4,2556.4,2359
105305.686,40,2320.6,2591.4,2472.8
105305.726,40,2238.6,2569,2604.4
105305.766,40,2170.6,2466.6,2686.6
105305.806,40,2116,2359.2,2674
105305.846,40,2089,2273.8,2590.6
105305.886,40,2063,2217.2,2501.8
105305.926,40,2056.6,2192.8,2435.2
105305.966,40,2056.2,2194,2429.2
105306.006,40,2063.2,2213,2475.2
105306.046,40,2078.4,2257.6,2564.2
105306.086,40,2109,2332.6,2660
105306.126,40,2148.2,2433,2695.6
105306.166,40,2203.8,2527.8,2655.2
105306.206,40,2275.4,2602.8,2551
105306.246,40,2354.8,2609.4,2434
105306.286,40,2420.6,2565.4,2331
105306.326,40,2452,2486.8,2257
105306.366,40,2456.8,2411.6,2198
105306.406,40,2441,2351.6,2162.2
105306.446,40,2416.4,2312,2145.2
105306.486,40,2415,2313.6,2150.2
105306.526,40,2419.8,2348.2,2173
105306.566,40,2412.2,2393.2,2206
105306.606,40,2418.4,2456.4,2255.6
105306.646,40,2402.4,2538.6,2333.4
105306.686,40,2336,2595,2449
105306.726,40,2257.8,2578.8,2586.8
105306.766,40,2181.6,2489.4,2664.6
105306.806,40,2137,2394.6,2668.6
105306.846,40,2105.4,2327.8,2642.6
105306.886,40,2089.8,2292.2,2610.6
105306.926,40,2093.4,2296.6,2614.2
105306.966,40,2105.6,2327.2,2637.4
105307.006,40,2124,2382.8,2680.6
105307.046,40,2162,2459.2,2706.6
105307.086,40,2213.8,2552.2,2667.6
105307.126,40,2273.6,2618.4,2589.4
105307.166,40,2339,2629.6,2470.4
105307.206,40,2401,2593.2,2369.2
105307.246,40,2445.6,2532.2,2286.6
105307.286,40,2457,2447.2,2226.6
105307.326,40,2447.2,2379.8,2180.2
105307.366,40,2425.8,2327.8,2154
105307.406,40,2396.8,2295,2139
105307.446,40,2404.2,2307,2141.6
105307.486,40,2416,2329.2,2159.4
105307.526,40,2421.2,2346.4,2164.4
105307.566,40,2416,2371.6,2189
105307.606,40,2418.8,2413.4,2222.8
105307.646,40,2421,2473.6,2268
105307.686,40,2391.8,2539.8,2340.8
105307.726,40,2333.2,2581.2,2437.6
105307.766,40,2262.2,2570,2541.6
105307.806,40,2200.8,2502.6,2629
105307.846,40,2151.8,2432.8,2682.8
105307.886,40,2125.2,2367.6,2664
105307.926,40,2108.6,2346.8,2657.2
105307.966,40,2118.8,2365,2665.2
105308.006,40,2139.6,2408.8,2669.6
105308.046,40,2177.8,2475,2664
105308.086,40,2219.6,2539.2,2619
105308.126,40,2283.8,2597.6,2534.2
105308.166,40,2346.8,2603.8,2436.8
105308.206,40,2403.2,2562.2,2344.2
105308.246,40,2437.6,2490.2,2265.4
105308.286,40,2455,2422.2,2212.6
105308.326,40,2436,2353.4,2171.2
105308.366,40,2407.8,2312.4,2146.8
105308.406,40,2398.6,2298.6,2132.6
105308.446,40,2406.4,2314.4,2150.2
105308.486,40,2421.4,2336.4,2160
105308.526,40,2418.6,2361.6,2181.6
105308.566,40,2411.2,2394.2,2210
105308.606,40,2409.6,2443.8,2247.8
105308.646,40,2405.4,2513.2,2303
105308.686,40,2366.4,2562.6,2389
105308.726,40,2297,2577.2,2491.2
105308.766,40,2222.2,2527.6,2589.4
105308.806,40,2164.2,2458.2,2667.2
105308.846,40,2120.8,2365,2669.8
105308.886,40,2100.4,2320.8,2631.2
105308.926,40,2094,2305.6,2622.2
105308.966,40,2110.2,2337.4,2644.6
105309.006,40,2137.4,2400.4,2673
105309.046,40,2180.6,2485.4,2654.4
105309.086,40,2237,2549.8,2588
105309.126,40,2304,2595.4,2494
105309.166,40,2374.2,2585.4,2397.4
105309.206,40,2419.2,2545.4,2316.2
105309.246,40,2451,2495.2,2254.2
105309.286,40,2453.4,2430.4,2212.4
105309.326,40,2448.8,2374.2,2180
105309.366,40,2430.6,2336,2154.4
105309.406,40,2408.8,2320.2,2150.6
105309.446,40,2409.2,2319.6,2152.8
105309.486,40,2415.4,2345.8,2170.4
105309.526,40,2412.4,2362,2188
105309.566,40,2420.2,2399.8,2214.4
105309.606,40,2416,2460.6,2257
105309.646,40,2396.6,2519.2,2321.2
105309.686,40,2354.8,2562.4,2397.2
105309.726,40,2289.8,2569.2,2492
105309.766,40,2224.6,2531.6,2591
105309.806,40,2172,2466.4,2663
105309.846,40,2136,2392.2,2673.6
105309.886,40,2113.6,2346.6,2655.4
105309.926,40,2107.6,2336.8,2649.8
105309.966,40,2124.2,2359.6,2650
105310.006,40,2144.6,2409,2657
105310.046,40,2181,2475.8,2648.8
105310.086,40,2229.4,2540.8,2584.6
105310.126,40,2291,2576.2,2491.6
105310.166,40,2354,2569,2402.8
105310.206,40,2403.6,2534,2321
105310.246,40,2436,2476,2252.6
105310.286,40,2449,2417.2,2208
105310.326,40,2438.2,2367,2174
105310.366,40,2421.4,2330,2154.4
105310.406,40,2408.4,2307.2,2142.8
105310.446,40,2413.8,2306.8,2144.8
105310.486,40,2422.6,2330,2155.6
105310.526,40,2429.2,2352.6,2169.4
105310.566,40,2426.6,2387.4,2194.6
105310.606,40,2427,2428.4,2227.6
105310.646,40,2410.4,2481,2276.4
105310.686,40,2385.6,2538,2344
105310.726,40,2329,2581.2,2439.8
105310.766,40,2255,2558.2,2552
105310.806,40,2189,2490.2,2625.2
105310.846,40,2141.4,2411.6,2678
105310.886,40,2113.6,2353.6,2664
105310.926,40,2103.6,2328.2,2641.6
105310.966,40,2115,2345.8,2635.8
105311.006,40,2137.8,2394.2,2664.4
105311.046,40,2174,2470.4,2655
105311.086,40,2228.4,2536,2592.2
105311.126,40,2289.6,2575.4,2501.6
105311.166,40,2351.2,2570.8,2395
105311.206,40,2406.4,2532.2,2320.8
105311.246,40,2437.2,2473,2257.4
105311.286,40,2447.6,2418.4,2207.4
105311.326,40,2438.2,2370.4,2180.4
105311.366,40,2427.2,2331.2,2154.2
105311.406,40,2410.4,2312,2146.8
105311.446,40,2412.8,2316.4,2147
105311.486,40,2428,2335,2156.8
105311.526,40,2432.8,2358.2,2177
105311.566,40,2440.2,2389.4,2191.8
105311.606,40,2427,2436.8,2235.8
105311.646,40,2414.2,2490,2280
105311.686,40,2372.2,2538.6,2351.4
105311.726,40,2320.4,2575.8,2448
105311.766,40,2254.6,2562.6,2556.6
105311.806,40,2191.6,2497.4,2637.2
105311.846,40,2148.6,2425.4,2681.2
105311.886,40,2118.6,2366.2,2682.6
105311.926,40,2101.2,2340.6,2676.2
105311.966,40,2107.6,2336.4,2692.2
105312.006,40,2105.2,2356,2729.2
105312.046,40,2105.6,2354.8,2747
105312.086,40,2101.6,2348.4,2761.6
105312.126,40,2097.4,2346.6,2769
105312.166,40,2102.8,2340.4,2763.2
105312.206,40,2095.8,2330.8,2753.4
105312.246,40,2094.6,2324.4,2737.2
105312.286,40,2090.8,2316,2716.8
105312.326,40,2089.2,2308.4,2683.6
105312.366,40,2087.8,2294.2,2654.8
105312.406,40,2088.8,2284.4,2631.8
105312.446,40,2088.4,2284.2,2634
105312.486,40,2076.4,2276.4,2648.2
105312.526,40,2067.4,2253.8,2654
105312.566,40,2062,2223.8,2593.2
105312.606,40,2046.2,2181,2458
105312.646,40,2037.2,2147.2,2336.2
105312.686,40,2030.2,2121.8,2237.4
105312.726,40,2020.6,2102.8,2184.8
105312.766,40,2022,2099.4,2177.2
105312.806,40,2030.2,2117.8,2211.4
105312.846,40,2037,2136.6,2264.6
105312.886,40,2046.8,2165.2,2360.6
105312.926,40,2058.6,2213.4,2486.4
105312.966,40,2080.6,2267.4,2600
105313.006,40,2097.2,2317.2,2688
105313.046,40,2104,2341.6,2751.2
105313.086,40,2096.4,2330.8,2769.6
105313.126,40,2078.6,2300,2759.6
105313.166,40,2070.2,2254.4,2657.6
105313.206,40,2058.6,2204,2526
105313.246,40,2040.4,2157,2383.6
105313.286,40,2025.4,2124.8,2267.8
105313.326,40,2025,2107.4,2194.6
105313.366,40,2021.2,2102.8,2169.4
105313.406,40,2023.2,2104.8,2188
105313.446,40,2033.2,2127,2253.2
105313.486,40,2044.8,2161.8,2352.8
105313.526,40,2058.8,2208.8,2473
105313.566,40,2077.6,2264.2,2573.2
105313.606,40,2100.6,2304.4,2643.2
105313.646,40,2098,2326.8,2707.8
105313.686,40,2086.6,2309.8,2729
105313.726,40,2087.6,2293.6,2740.4
105313.766,40,2068.8,2259.4,2664.8
105313.806,40,2059,2211.4,2534.2
105313.846,40,2045.2,2165.8,2403
105313.886,40,2031.2,2137.6,2286.8
105313.926,40,2026.4,2115.2,2206.8
105313.966,40,2020.8,2097.6,2164
105314.006,40,2018,2096.2,2155
105314.046,40,2026.2,2102.2,2178.8
105314.086,40,2028.6,2124.6,2241.2
105314.126,40,2040.4,2153,2326.8
105314.166,40,2053.4,2193.4,2432.2
105314.206,40,2069.6,2238,2513
105314.246,40,2087.4,2279.8,2607.4
105314.286,40,2095.4,2317,2671.6
105314.326,40,2090.6,2312,2724.2
105314.366,40,2081.8,2289,2717.6
105314.406,40,2069.4,2251,2676.6
105314.446,40,2057.4,2213.8,2548.8
105314.486,40,2044.2,2170.8,2413
105314.526,40,2029,2129,2290.8
105314.566,40,2025.8,2106.2,2200
105314.606,40,2023,2093.4,2152
105314.646,40,2024,2093.6,2143
105314.686,40,2027,2097.6,2157.4
105314.726,40,2028.2,2117.8,2209.8
105314.766,40,2035,2140.4,2302.2
105314.806,40,2046.2,2179.2,2431.8
105314.846,40,2062,2230.8,2576.4
105314.886,40,2079.2,2284.2,2680.2
105314.926,40,2096.8,2327,2748.2
105314.966,40,2095.4,2324.2,2769.6
105315.006,40,2085.6,2304.6,2753.6
105315.046,40,2072.6,2275.2,2689.6
105315.086,40,2063.4,2239,2602.6
105315.126,40,2048.6,2187.4,2477.2
105315.166,40,2036.8,2145.8,2345.6
105315.206,40,2024.4,2113,2240.4
105315.246,40,2024,2097.8,2168.2
105315.286,40,2018.4,2089,2136.4
105315.326,40,2018,2087.4,2139.4
105315.366,40,2025.2,2100.4,2165.6
105315.406,40,2027.4,2118.8,2229.6
105315.446,40,2044.6,2151.2,2335.2
105315.486,40,2049.4,2198.8,2470.4
105315.526,40,2074,2258.6,2601.4
105315.566,40,2095.6,2320,2691.8
105315.606,40,2102,2348.8,2749.4
105315.646,40,2097.6,2353,2778.6
105315.686,40,2084.8,2321.2,2783.6
105315.726,40,2079.8,2289.4,2738.2
105315.766,40,2068.2,2247,2636
105315.806,40,2051.4,2198.2,2500
105315.846,40,2037,2152.8,2359
105315.886,40,2022.6,2121.2,2246.2
105315.926,40,2019.8,2097.8,2177.2
105315.966,40,2020.4,2093.6,2149.2
105316.006,40,2019.6,2100.8,2149.6
105316.046,40,2019.8,2103.4,2184
105316.086,40,2031.8,2126.8,2252.4
105316.126,40,2043.8,2161,2359.6
105316.166,40,2050.6,2207.6,2480.6
105316.206,40,2075.2,2260.2,2582
105316.246,40,2096,2304.8,2642.4
105316.286,40,2103.4,2339.2,2681.4
105316.326,40,2101.6,2340,2711.6
105316.366,40,2092.4,2315.8,2724.8
105316.406,40,2075,2287.6,2723
105316.446,40,2061.2,2239.4,2626.8
105316.486,40,2043.6,2189.4,2475.6
105316.526,40,2035.6,2144.8,2337
105316.566,40,2026.4,2114.8,2227.6
105316.606,40,2016.6,2098.8,2168
105316.646,40,2020.2,2090.8,2135
105316.686,40,2021.6,2091.8,2141.2
105316.726,40,2022.2,2107.2,2179.8
105316.766,40,2031.4,2125.4,2255.4
105316.806,40,2043.6,2161.8,2361.4
105316.846,40,2058,2214,2496.4
105316.886,40,2083.8,2276,2621.8
105316.926,40,2099.4,2330.8,2704.8
105316.966,40,2098.8,2351.2,2772.6
105317.006,40,2091.2,2325.2,2794
105317.046,40,2082.4,2291,2736
105317.086,40,2071.6,2251.2,2625.6
105317.126,40,2053.6,2202.4,2509.8
105317.166,40,2041.4,2158.4,2383.4
105317.206,40,2029,2127.8,2269.4
105317.246,40,2021.4,2101.8,2179.4
105317.286,40,2019.4,2086.8,2132.8
105317.326,40,2019.4,2080.6,2113.4
105317.366,40,2018.4,2083.8,2116.2
105317.406,40,2020.8,2087.6,2139
105317.446,40,2026.4,2102.8,2188.6
105317.486,40,2035.6,2131.2,2276.8
105317.526,40,2046.2,2168.8,2408.2
105317.566,40,2059.2,2224.4,2557.6
105317.606,40,2074,2272,2680.2
105317.646,40,2080.4,2293.8,2743.2
105317.686,40,2082.4,2280.4,2723
105317.726,40,2066.2,2261.6,2655
105317.766,40,2057,2224,2573.8
105317.806,40,2049,2185.6,2464.2
105317.846,40,2035,2145,2341.8
105317.886,40,2026.8,2120,2234.4
105317.926,40,2025,2096.2,2164.8
105317.966,40,2017.8,2088,2128
105318.006,40,2014.2,2084.2,2112.4
105318.046,40,2018.8,2091.2,2127
105318.086,40,2022.4,2101.8,2167.2
105318.126,40,2034,2122.4,2240
105318.166,40,2043.6,2154.4,2356.6
105318.206,40,2054.8,2206.8,2493.2
105318.246,40,2077.4,2265.4,2604.6
105318.286,40,2096.8,2320.2,2684.2
105318.326,40,2109,2350.4,2718.8
105318.366,40,2098,2337.6,2724.8
105318.406,40,2086.2,2291,2703.8
105318.446,40,2069.8,2247.2,2644.4
105318.486,40,2053,2196.8,2509
105318.526,40,2041.6,2154.6,2359.4
105318.566,40,2032.8,2120.8,2248.8
105318.606,40,2022,2097,2179
105318.646,40,2020.4,2093,2149.8
105318.686,40,2023,2098.2,2158.4
105318.726,40,2021.2,2115,2208.8
105318.766,40,2037.4,2137.6,2295.6
105318.806,40,2048.8,2182,2415
105318.846,40,2071,2239,2526.6
105318.886,40,2092.8,2301.6,2614.6
105318.926,40,2113.6,2366.2,2694.6
105318.966,40,2128.6,2407.6,2759.6
105319.006,40,2125.4,2409.4,2811.4
105319.046,40,2105,2378,2847.2
105319.086,40,2094.6,2327.6,2801.2
105319.126,40,2070.4,2264.6,2681.4
105319.166,40,2053.8,2202.4,2524.6
105319.206,40,2036.6,2148.2,2368.8
105319.246,40,2027.2,2117,2243
105319.286,40,2021.2,2102,2174
105319.326,40,2023.2,2096.2,2155.6
105319.366,40,2024,2105.2,2170.4
105319.406,40,2026.8,2121.4,2240.2
105319.446,40,2038.6,2153,2355.8
105319.486,40,2060.8,2213.8,2522.6
105319.526,40,2080.6,2287.8,2677.8
105319.566,40,2111.2,2366.2,2752.8
105319.606,40,2133.4,2425.6,2781.4
105319.646,40,2146.8,2456.2,2795.6
105319.686,40,2138,2434.8,2828.4
105319.726,40,2114.4,2384.2,2844.4
105319.766,40,2092.4,2333.6,2808.8
105319.806,40,2070.6,2259.8,2684.6
105319.846,40,2052.4,2197,2512.6
105319.886,40,2040.2,2149,2353.4
105319.926,40,2025.2,2117.8,2236.8
105319.966,40,2022.2,2100.4,2178.8
105320.006,40,2022.4,2100.8,2153.2
105320.046,40,2020.6,2108.6,2175.2
105320.086,40,2029.4,2119.4,2242
105320.126,40,2043,2157.2,2345.4
105320.166,40,2059.8,2206.8,2474
105320.206,40,2077.8,2273.6,2574
105320.246,40,2106.8,2349.2,2663
105320.286,40,2133.4,2412,2732.2
105320.326,40,2145.4,2453.4,2783
105320.367,41,2132.4,2442.4,2866.2
105320.407,40,2112.4,2404,2887.8
105320.447,40,2094.2,2349.6,2818.4
105320.487,40,2080.2,2280.2,2702.8
105320.527,40,2058.6,2217.8,2559.2
105320.567,40,2040.2,2166.4,2406
105320.607,40,2033.8,2134.4,2279
105320.647,40,2024.8,2109.8,2205.4
105320.687,40,2022.6,2104.8,2174.8
105320.727,40,2024.4,2103.8,2180.8
105320.767,40,2032,2124.6,2247.4
105320.807,40,2042,2151.8,2346.6
105320.847,40,2057.4,2197.4,2473.2
105320.888,41,2077,2268.2,2578.4
105320.928,40,2109.2,2332.8,2631.6
105320.968,40,2128.4,2396.6,2698.4
105321.008,40,2135,2428.6,2761.8
105321.048,40,2129,2422.2,2833.8
105321.088,40,2116.4,2397.4,2868.2
105321.128,40,2103.6,2373.6,2844
105321.168,40,2089.4,2327.4,2791.8
105321.208,40,2073.8,2280.8,2726
105321.248,40,2062.4,2224.2,2606.2
105321.288,40,2046.8,2185.6,2485.2
105321.328,40,2043.6,2164.2,2390.8
105321.368,40,2043.4,2157,2355
105321.408,40,2044.6,2165.4,2346.8
105321.448,40,2049.4,2175,2385.4
105321.488,40,2061.6,2203.4,2468.2
105321.528,40,2076.4,2249.8,2535.4
105321.568,40,2088.6,2295.4,2612.4
105321.608,40,2116.4,2359.2,2708.8
105321.648,40,2130.8,2409.8,2752.2
105321.688,40,2144.8,2452.2,2777.8
105321.728,40,2142,2451.4,2808.2
105321.768,40,2127.4,2428.6,2848.6
105321.808,40,2115.6,2392,2861.8
105321.848,40,2094.2,2336,2804.2
105321.888,40,2074,2261.8,2677.6
105321.928,40,2049.8,2199.8,2518.6
105321.968,40,2039.6,2148.4,2351
105322.008,40,2032,2114.4,2231.2
105322.048,40,2022.4,2092.2,2160.2
105322.088,40,2015.8,2082.2,2119.4
105322.128,40,2021,2086.8,2113.8
105322.168,40,2021.4,2094.8,2134.4
105322.208,40,2022.8,2101.2,2187
105322.248,40,2032,2135.2,2297.2
105322.288,40,2048.6,2192.2,2472.8
105322.328,40,2078.2,2274.4,2657.2
105322.368,40,2110.2,2364.4,2781.6
105322.408,40,2139.4,2444.8,2825.4
105322.448,40,2148.2,2483.8,2880.8
105322.488,40,2131.4,2453.6,2880.6
105322.528,40,2116,2388.2,2838.6
105322.568,40,2091.8,2320.2,2771.8
105322.608,40,2066.8,2248.4,2648
105322.648,40,2046.8,2186.8,2478
105322.688,40,2036.8,2137.2,2326.4
105322.728,40,2025.8,2116,2225.8
105322.768,40,2020.4,2103,2175.4
105322.808,40,2021.2,2096.2,2154.4
105322.848,40,2022,2098.4,2161.6
105322.888,40,2021.8,2106.4,2173.2
105322.928,40,2027.2,2111.6,2202.4
105322.968,40,2035,2129.2,2245.8
105323.008,40,2034.6,2144.6,2314.2
105323.048,40,2047.8,2171.4,2380
105323.088,40,2057.8,2205.6,2458.4
105323.128,40,2073,2238.6,2517.2
105323.168,40,2078.6,2267.4,2573.4
105323.208,40,2080.4,2282.6,2622.2
105323.248,40,2085.8,2297.2,2658.2
105323.288,40,2089,2300.2,2679.8
105323.328,40,2086.2,2292.8,2680.2
105323.368,40,2080.8,2281.2,2686.4
105323.408,40,2077.8,2278.6,2694
105323.448,40,2079.8,2278.6,2690.4
105323.488,40,2075,2272.8,2678
105323.528,40,2073.8,2268.2,2670.8
105323.568,40,2074.6,2262.6,2646.2
105323.608,40,2073,2254.8,2624.6
105323.648,40,2069.2,2255,2604.4
105323.688,40,2070.8,2247.2,2585
105323.728,40,2071.8,2243.4,2569.6
105323.768,40,2071.6,2238.6,2552.6
105323.808,40,2069.2,2235.8,2546
105323.848,40,2064,2234.4,2547.8
105323.888,40,2065,2231.2,2548.4
105323.928,40,2061.6,2229,2550.8
105323.968,40,2064.8,2228.6,2549.4
105324.008,40,2060.4,2221.6,2552.8
105324.048,40,2061.8,2221.8,2541.4
105324.088,40,2060.2,2216.2,2535.8
105324.128,40,2056,2212.2,2525.6
105324.168,40,2057.6,2207.8,2515.2
105324.208,40,2055.6,2205,2507.2
105324.248,40,2051.2,2202.4,2490.2
105324.288,40,2054.6,2200.2,2479.2
105324.328,40,2051.2,2197.6,2472
105324.368,40,2050.2,2193,2462.4
105324.408,40,2053,2193.4,2463
105324.448,40,2051.8,2190.4,2451.4
105324.488,40,2048.2,2187.6,2449.2
105324.528,40,2047.8,2187,2441.6
105324.568,40,2049,2185.4,2432.4
105324.608,40,2045.8,2177.4,2429
105324.648,40,2045.8,2176.2,2417.6
105324.688,40,2048,2177.6,2417.2
105324.728,40,2045,2173.6,2407
105324.768,40,2045,2173.2,2398.6
105324.808,40,2048.8,2172,2392.4
105324.848,40,2043.4,2169.6,2385.6
105324.888,40,2044.2,2165,2382.8
105324.928,40,2040,2162.4,2378
105324.968,40,2043.4,2160.8,2371.4
105325.008,40,2039.2,2162.4,2368.4
105325.048,40,2040.2,2158.4,2357
105325.088,40,2040.6,2156.8,2351
105325.128,40,2041,2153.8,2343.6
105325.168,40,2039.6,2152.8,2339.4
105325.208,40,2039.2,2149.8,2334.6
105325.248,40,2038.6,2149.4,2331.4
105325.288,40,2036.4,2143,2325.4
105325.328,40,2038.6,2144.8,2319.6
105325.368,40,2032.4,2142.8,2311.2
105325.408,40,2035.8,2142.2,2309.4
105325.448,40,2038.2,2139.6,2303.8
105325.488,40,2031.8,2139.2,2295.4
105325.528,40,2037.2,2136.4,2289.4
105325.568,40,2033.6,2136.8,2283.6
105325.608,40,2036.8,2132.6,2282.4
105325.648,40,2036.2,2131.6,2278.6
105325.688,40,2033.4,2129.6,2274
105325.728,40,2031.4,2129.6,2267.4
