48928.66,40,2005.8,2060.2,2062.4
48928.7,40,2006.6,2061.6,2056.4
48928.74,40,2002.2,2061.4,2057.4
48928.78,40,2008.6,2060.2,2055.6
48928.82,40,2007.6,2060,2052.4
48928.86,40,2003.6,2061.4,2051.4
48928.9,40,2006,2057.6,2055.6
48928.94,40,2004.4,2060,2055.8
48928.98,40,2005,2062.6,2052.8
48929.02,40,2000.8,2062.6,2052.8
48929.06,40,2009.6,2059,2049.6
48929.1,40,2010.4,2060.4,2054.4
48929.14,40,2009.6,2061,2053.8
48929.18,40,2004.4,2063.8,2060.6
48929.22,40,2005.8,2065.6,2069.4
48929.26,40,2008.2,2071,2075.4
48929.3,40,2012.6,2070.6,2090.4
48929.34,40,2014.8,2079,2110.8
48929.38,40,2018.4,2089.8,2147
48929.42,40,2025.6,2112,2211
48929.46,40,2038.8,2142,2294
48929.5,40,2054.4,2186.6,2411.8
48929.54,40,2081,2247.8,2519.6
48929.58,40,2106,2307.6,2557.2
48929.62,40,2135.4,2357,2526.8
48929.66,40,2155.2,2368.4,2474.2
48929.7,40,2163.4,2375.6,2437.2
48929.74,40,2166.2,2377.4,2435.2
48929.78,40,2152.6,2377.8,2459.2
48929.82,40,2153.4,2374.8,2472
48929.86,40,2152.8,2378,2482.8
48929.9,40,2154.4,2373.8,2491.2
48929.94,40,2151.4,2375.8,2497.2
48929.98,40,2149.4,2372.4,2498.6
48930.02,40,2149,2367,2489.2
48930.06,40,2143.6,2360,2486
48930.1,40,2150.6,2354.8,2475.4
48930.14,40,2144.8,2361.8,2477.4
48930.18,40,2142.2,2356.4,2486.6
48930.22,40,2140.8,2355.6,2491.4
48930.26,40,2138.6,2357.4,2492.8
48930.3,40,2147,2361.8,2482.4
48930.34,40,2150,2365.8,2479.4
48930.38,40,2146.6,2364.8,2487.8
48930.42,40,2144,2355.8,2498.6
48930.46,40,2134.8,2357.4,2522.2
48930.5,40,2130.4,2358.8,2549.2
48930.54,40,2122.8,2352.4,2574.6
48930.58,40,2109.2,2331.6,2603.8
48930.62,40,2090.4,2296.8,2622.8
48930.66,40,2071.8,2247.4,2596.2
48930.7,40,2052.4,2195.6,2483.4
48930.74,40,2038.8,2149.2,2351
48930.78,40,2028.8,2119.2,2246.4
48930.82,40,2025,2106.2,2202.8
48930.86,40,2027.2,2116.4,2217.2
48930.9,40,2032.8,2126.6,2258.2
48930.94,40,2037.6,2149.8,2331
48930.98,40,2048.6,2186.4,2429.6
48931.02,40,2071.6,2231.8,2522.2
48931.06,40,2089.2,2281.2,2570
48931.1,40,2107,2320.6,2578.4
48931.14,40,2115,2336,2563.8
48931.18,40,2109.6,2326.8,2568.6
48931.22,40,2104.8,2309.2,2572
48931.26,40,2092.4,2285.6,2568.2
48931.3,40,2075.4,2248.6,2545.2
48931.34,40,2053.2,2199,2474.4
48931.38,40,2041.4,2157.4,2362.4
48931.42,40,2029.4,2119.4,2250.8
48931.46,40,2021,2096.4,2173.2
48931.5,40,2019.8,2088.6,2138.6
48931.54,40,2019.8,2094.6,2138.4
48931.58,40,2022.2,2095.2,2158
48931.62,40,2026.4,2110.4,2203.2
48931.66,40,2032.8,2127.2,2270.2
48931.7,40,2042.4,2159.4,2376.6
48931.74,40,2059.8,2208.6,2501.8
48931.78,40,2076.6,2255.2,2583.2
48931.82,40,2089.6,2290.8,2597.4
48931.86,40,2090.4,2296.6,2593.6
48931.9,40,2085.6,2273,2572.6
48931.94,40,2073,2244.6,2547.8
48931.98,40,2059.4,2211.6,2486.4
48932.02,40,2046.4,2177.8,2403.6
48932.06,40,2033.2,2134.2,2298
48932.1,40,2019.6,2108.8,2204.8
48932.14,40,2017.6,2088.8,2143.8
48932.18,40,2012.8,2078,2110
48932.22,40,2015.2,2083,2108.2
48932.26,40,2016,2084.2,2116.6
48932.3,40,2015.2,2086.8,2133.2
48932.34,40,2023.4,2096.6,2161.4
48932.38,40,2028.8,2112.2,2215.6
48932.42,40,2036.8,2141.4,2306
48932.46,40,2049.8,2182.6,2421.6
48932.5,40,2065.6,2225.2,2524.4
48932.54,40,2079.6,2261.2,2574
48932.58,40,2082.8,2273.6,2584.6
48932.62,40,2074.4,2257.8,2567.6
48932.66,40,2070.4,2231.8,2532.8
48932.7,40,2058.4,2202.8,2477.8
48932.74,40,2045,2173.8,2401.2
48932.78,40,2035.8,2138.6,2298.6
48932.82,40,2027.4,2108.8,2208.4
48932.86,40,2016,2091.8,2141.8
48932.9,40,2011.8,2081,2107
48932.94,40,2012.4,2078,2098.4
48932.98,40,2014.2,2079,2107.6
48933.02,40,2020,2092.6,2129.6
48933.06,40,2027.4,2105.2,2181.2
48933.1,40,2030.6,2124.4,2264.8
48933.14,40,2041.4,2164.2,2386.6
48933.18,40,2060.8,2212.6,2509.2
48933.22,40,2081,2270.2,2579.2
48933.26,40,2097.2,2305.2,2589.2
48933.3,40,2103.6,2312.4,2572.4
48933.34,40,2102.4,2296.6,2564
48933.38,40,2089.6,2289,2567
48933.42,40,2082.8,2269.4,2554
48933.46,40,2068.6,2239,2538
48933.5,40,2057.4,2197.6,2477.2
48933.54,40,2044.8,2151.4,2367.4
48933.58,40,2028,2119.8,2255.8
48933.62,40,2022.4,2098,2172.8
48933.66,40,2012.8,2087.2,2127.4
48933.7,40,2018,2087.4,2122.2
48933.74,40,2020,2092.4,2150.4
48933.78,40,2023.8,2107.8,2187.8
48933.82,40,2032.2,2129.2,2258.2
48933.86,40,2045,2163.4,2362.6
48933.9,40,2049.8,2198.8,2468.4
48933.94,40,2072.4,2234.2,2548.2
48933.98,40,2077.2,2270.6,2596.6
48934.02,40,2085.4,2288,2617
48934.06,40,2083.2,2278.6,2623
48934.1,40,2072.6,2252.6,2597.6
48934.14,40,2060,2218.2,2538
48934.18,40,2046,2178.6,2446
48934.22,40,2036.4,2143.2,2333.2
48934.26,40,2024.4,2113.2,2226.6
48934.3,40,2018.8,2094.8,2155
48934.34,40,2015.4,2083.2,2118
48934.38,40,2017.2,2077.2,2108.4
48934.42,40,2017.6,2078.8,2118.2
48934.46,40,2019.6,2094.8,2146.8
48934.5,40,2020.6,2106.2,2192.6
48934.54,40,2029.6,2127.8,2260.6
48934.58,40,2043.4,2157.4,2365.2
48934.62,40,2052.2,2193.6,2473.2
48934.66,40,2065.4,2239.6,2550.2
48934.7,40,2073.8,2264.8,2592.8
48934.74,40,2076.8,2265,2595.6
48934.78,40,2068.8,2254.6,2585
48934.82,40,2065.6,2235.4,2556.2
48934.86,40,2054.2,2205.6,2503.2
48934.9,40,2042.6,2176,2429
48934.94,40,2030.8,2141.2,2322.6
48934.98,40,2024.8,2113.4,2226.4
48935.02,40,2018.6,2094.4,2163.2
48935.06,40,2013.6,2087.4,2124
48935.1,40,2013.2,2079.4,2108.6
48935.14,40,2014.4,2083.8,2114
48935.18,40,2018,2088.2,2132.8
48935.22,40,2017.8,2099.4,2174.4
48935.26,40,2026.8,2115.6,2237.2
48935.3,40,2034.4,2142.6,2329.8
48935.34,40,2044.2,2180.4,2441.2
48935.38,40,2060.8,2215.8,2524.2
48935.42,40,2062.8,2235,2568.2
48935.46,40,2068.6,2236.2,2556.4
48935.5,40,2057,2211.8,2525.4
48935.54,40,2047.4,2189.4,2470.2
48935.58,40,2038.8,2158.8,2394.8
48935.62,40,2031.6,2134.2,2302.2
48935.66,40,2020.8,2106,2217.2
48935.7,40,2015.2,2094.2,2155.2
48935.74,40,2010.4,2072.6,2107.8
48935.78,40,2007.8,2066.6,2079.6
48935.82,40,2005.8,2062.8,2068
48935.86,40,2008.4,2062.4,2059.6
48935.9,40,2007.6,2060,2068.6
48935.94,40,2007.8,2066.8,2069
48935.98,40,2011.6,2072,2082
48936.02,40,2012,2076,2101.6
48936.06,40,2016.6,2085.2,2138.2
48936.1,40,2023.4,2110.8,2208.8
48936.14,40,2036.2,2147,2329.4
48936.18,40,2051.4,2192.2,2464.4
48936.22,40,2073.4,2250.8,2544.2
48936.26,40,2094.4,2281.2,2549.4
48936.3,40,2095.6,2285.8,2538.8
48936.34,40,2089.6,2272.2,2534.4
48936.38,40,2079.4,2250.6,2541.2
48936.42,40,2069.2,2231.4,2528.4
48936.46,40,2053,2194.6,2480.8
48936.5,40,2040.2,2162.6,2403.8
48936.54,40,2032.6,2131,2311.8
48936.58,40,2024.4,2114.8,2227.4
48936.62,40,2017,2093.4,2166.8
48936.66,40,2014.2,2086,2126.4
48936.7,40,2011.8,2074.6,2094.2
48936.74,40,2005.4,2072.8,2082.2
48936.78,40,2011.2,2066.4,2083.6
48936.82,40,2012.6,2070.4,2084
48936.86,40,2009.2,2076.2,2096.4
48936.9,40,2013.4,2080.4,2122.6
48936.94,40,2017.6,2100.8,2162.2
48936.98,40,2027.2,2111.2,2226.6
48937.02,40,2039.8,2145,2327.2
48937.06,40,2051.4,2191.2,2448.2
48937.1,40,2069.8,2244.2,2545
48937.14,40,2094.6,2279.8,2580.8
48937.18,40,2109,2309.6,2578.8
48937.22,40,2108,2319.4,2577.2
48937.26,40,2097,2311.8,2586.2
48937.3,40,2092,2288.4,2597.8
48937.34,40,2074.6,2262.8,2587.4
48937.38,40,2063.8,2229.4,2546.6
48937.42,40,2054.6,2184,2461.6
48937.46,40,2036.8,2146.4,2352.2
48937.5,40,2025.2,2114,2243.2
48937.54,40,2017.8,2097,2167
48937.58,40,2014.6,2085,2130
48937.62,40,2016.4,2089.2,2141.4
48937.66,40,2025.6,2104.4,2173.4
48937.7,40,2028.6,2128.4,2259.4
48937.74,40,2046.2,2166.2,2392
48937.78,40,2061.2,2222,2550.6
48937.82,40,2082,2282.4,2638.2
48937.86,40,2101.8,2323.2,2632.4
48937.9,40,2113.8,2344.8,2616.6
48937.94,40,2107.2,2331.2,2626.2
48937.98,40,2098,2310.4,2625.6
48938.02,40,2084.8,2276.8,2606
48938.06,40,2070.8,2237,2550.6
48938.1,40,2055.2,2199.6,2473
48938.14,40,2041.6,2158,2367
48938.18,40,2028.8,2124.4,2259.8
48938.22,40,2018.4,2097.6,2181.8
48938.26,40,2019.8,2087,2132
48938.3,40,2015.2,2085.4,2124.8
48938.34,40,2017,2090.6,2127.4
48938.38,40,2019.8,2096.4,2162
48938.42,40,2025.8,2110.6,2210.2
48938.46,40,2034.6,2139.2,2289.2
48938.5,40,2047.4,2175.4,2387.6
48938.54,40,2065.4,2218.2,2467.8
48938.58,40,2084.4,2258.4,2540.4
48938.62,40,2090.8,2284.2,2583.2
48938.66,40,2085.6,2287.6,2617.2
48938.7,40,2075.4,2266,2619.6
48938.74,40,2064.2,2240.2,2586.4
48938.78,40,2050.4,2200,2492.6
48938.82,40,2039.4,2155.2,2364.4
48938.86,40,2028.6,2117.8,2243.8
48938.9,40,2020.8,2097.2,2163.4
48938.94,40,2019.4,2096,2158.4
48938.98,40,2024.8,2113.4,2204.2
48939.02,40,2034.4,2137.4,2293.4
48939.06,40,2045,2177.2,2426.4
48939.1,40,2061,2226.6,2558.4
48939.14,40,2076.4,2265.4,2625.6
48939.18,40,2085.4,2282.6,2635.4
48939.22,40,2082,2284.2,2627.4
48939.26,40,2071.4,2249.6,2602.8
48939.3,40,2059.2,2217.4,2546.6
48939.34,40,2044,2172.8,2441.2
48939.38,40,2030.6,2133.8,2314.4
48939.42,40,2022,2104.6,2203.8
48939.46,40,2015.6,2088.2,2140.4
48939.5,40,2016.8,2090.4,2142.4
48939.54,40,2020.2,2103.8,2183.8
48939.58,40,2035.6,2133.4,2264
48939.62,40,2042.8,2173,2404.6
48939.66,40,2060.8,2226.2,2569.2
48939.7,40,2081,2285.8,2635.4
48939.74,40,2101.8,2317.2,2630
48939.78,40,2096.6,2311.6,2638
48939.82,40,2085.4,2286.6,2635
48939.86,40,2068.2,2253.4,2609.6
48939.9,40,2053.2,2203.2,2519.4
48939.94,40,2037.6,2158.4,2393.4
48939.98,40,2030.8,2122.4,2256
48940.02,40,2019.6,2100.6,2179
48940.06,40,2027.2,2105.2,2183
48940.1,40,2031.2,2125,2254.6
48940.14,40,2042.4,2167.2,2393.6
48940.18,40,2054.8,2220.2,2547
48940.22,40,2079,2275,2626.8
48940.26,40,2100,2314,2629.4
48940.3,40,2103.8,2323.6,2623.6
48940.34,40,2089,2299.2,2631
48940.38,40,2070.2,2249.4,2602.2
48940.42,40,2054.8,2207.4,2512.8
48940.46,40,2040.2,2155.6,2385.2
48940.5,40,2024.8,2121.2,2257.6
48940.54,40,2019.2,2098.8,2183.6
48940.58,40,2020.4,2099,2168.6
48940.62,40,2022.2,2110.8,2210
48940.66,40,2037.4,2139.8,2283.2
48940.7,40,2048.2,2174.2,2423.2
48940.74,40,2059.2,2217.6,2554.6
48940.78,40,2071.2,2253.8,2624.6
48940.82,40,2080.8,2272.8,2632.4
48940.86,40,2072,2248,2600.6
48940.9,40,2059.8,2211.8,2527.4
48940.94,40,2042,2172.6,2429.2
48940.98,40,2030,2132.6,2304.4
48941.02,40,2022,2104.8,2210
48941.06,40,2019.2,2096.2,2169
48941.1,40,2028.2,2107.2,2205.4
48941.14,40,2031.2,2127.6,2258.4
48941.18,40,2044.8,2161.2,2359.8
48941.22,40,2050.4,2193,2474.4
48941.26,40,2060.6,2222.4,2562.8
48941.3,40,2061.8,2239,2601.6
48941.34,40,2062.6,2230.2,2584.4
48941.38,40,2057,2201.6,2515.2
48941.42,40,2042.2,2170.6,2429.8
48941.46,40,2031.8,2136.6,2319.8
48941.5,40,2022,2107.8,2222.2
48941.54,40,2017.8,2092.8,2163.2
48941.58,40,2017.4,2089.8,2154.6
48941.62,40,2019.8,2102,2196.6
48941.66,40,2030.4,2129.4,2259.4
48941.7,40,2040.2,2150.6,2334.8
48941.74,40,2051.6,2184.8,2418.2
48941.78,40,2057.4,2211.2,2493.8
48941.82,40,2055.8,2218,2543.6
48941.86,40,2051,2198.4,2521.8
48941.9,40,2044.8,2183,2466.6
48941.94,40,2037.8,2154.6,2372.8
48941.98,40,2034.4,2130.4,2273.6
48942.02,40,2020.8,2105.2,2205.6
48942.06,40,2020.4,2102.2,2181.6
48942.1,40,2023,2111.4,2212.8
48942.14,40,2030.6,2134.2,2273.8
48942.18,40,2043.6,2161.6,2354.2
48942.22,40,2052.4,2200,2459.4
48942.26,40,2062.4,2229,2535.6
48942.3,40,2071.6,2245.6,2578.8
48942.34,40,2064,2236.4,2588.4
48942.38,40,2058,2218.2,2548
48942.42,40,2048.8,2194.2,2475.4
48942.46,40,2040,2158,2374.6
48942.5,40,2030.4,2129.2,2278.8
48942.54,40,2025,2109.6,2211.4
48942.58,40,2022.4,2108.2,2196.8
48942.62,40,2032.8,2122.6,2243.6
48942.66,40,2042.6,2156.4,2355.2
48942.7,40,2055.2,2204.2,2486.8
48942.74,40,2068.4,2246.6,2597
48942.78,40,2073.6,2267,2637.6
48942.82,40,2075.8,2260.8,2626
48942.86,40,2062.8,2237,2588.8
48942.9,40,2056.8,2208,2522
48942.94,40,2043.8,2174.4,2425.8
48942.98,40,2033.4,2141.6,2336.4
48943.02,40,2029.8,2122.8,2272
48943.06,40,2030.2,2126.6,2268
48943.1,40,2039.4,2148.4,2305.8
48943.14,40,2048.4,2183.2,2427.8
48943.18,40,2062.2,2223,2551.8
48943.22,40,2064.2,2247.2,2612.4
48943.26,40,2067.4,2243.4,2593.8
48943.3,40,2062.6,2221.8,2549
48943.34,40,2055,2208.2,2506.6
48943.38,40,2050,2183.4,2448
48943.42,40,2047.2,2173.8,2416.6
48943.46,40,2044,2170.4,2402
48943.5,40,2046.4,2173.2,2408.6
48943.54,40,2046.2,2182.6,2413.4
48943.58,40,2053.2,2187.2,2420.8
48943.62,40,2057.4,2200.4,2440.2
48943.66,40,2060.6,2212.8,2488.2
48943.7,40,2069.6,2230.2,2520
48943.74,40,2068.4,2233.2,2539.6
48943.78,40,2063,2221.8,2539.8
48943.82,40,2056.8,2210.8,2523.6
48943.86,40,2050,2194.6,2499.6
48943.9,40,2047,2170,2435.6
48943.94,40,2034.6,2143.8,2346.4
48943.98,40,2029,2124.4,2263.6
48944.02,40,2025.8,2112.2,2208.8
48944.06,40,2021.2,2107.4,2188.4
48944.1,40,2026.2,2108,2202
48944.14,40,2034.4,2134,2276.8
48944.18,40,2046,2173.2,2412.2
48944.22,40,2067.8,2238.6,2552.6
48944.26,40,2095.8,2308.8,2605.4
48944.3,40,2114.4,2345.6,2599.2
48944.34,40,2118.2,2350,2599.4
48944.38,40,2105,2328.4,2629
48944.42,40,2097.6,2315,2635.4
48944.46,40,2082.8,2283.8,2623.8
48944.5,40,2061.6,2238,2578.4
48944.54,40,2045.6,2188,2465.8
48944.58,40,2035.2,2137,2326.6
48944.62,40,2023.2,2110,2211
48944.66,40,2020,2090.8,2155.6
48944.7,40,2018.6,2098.6,2164
48944.74,40,2029.6,2119,2239.4
48944.78,40,2046.4,2165.4,2391
48944.82,40,2070.4,2247,2568.8
48944.86,40,2106.2,2319.2,2611.6
48944.9,40,2125.4,2356.8,2569.8
48944.94,40,2134.2,2361.8,2544.4
48944.98,40,2127.8,2355.8,2571
48945.02,40,2116.6,2345.4,2603.2
48945.06,40,2107.8,2330.4,2606.8
48945.1,40,2089.6,2279.4,2599.8
48945.14,40,2068.4,2230.8,2545
48945.18,40,2042.8,2177.6,2420.8
48945.22,40,2035.2,2132.4,2293.2
48945.26,40,2019,2102.6,2193.4
48945.3,40,2020.8,2099.6,2167.4
48945.34,40,2028,2112.4,2201.6
48945.38,40,2037,2150.8,2336.8
48945.42,40,2062,2232.4,2544
48945.46,40,2108,2332.8,2584.4
48945.5,40,2147.8,2369.6,2487.2
48945.54,40,2166,2375.6,2418.8
48945.58,40,2173,2366,2409
48945.62,40,2165.4,2363.8,2425.8
48945.66,40,2160,2368.2,2439.4
48945.7,40,2144.6,2362.8,2465.6
48945.74,40,2133.2,2355.6,2528.8
48945.78,40,2111.4,2329.4,2600.2
48945.82,40,2084,2280.2,2625.4
48945.86,40,2058.2,2213.2,2540.2
48945.9,40,2038.2,2144.4,2357.2
48945.94,40,2023.2,2108.4,2210.8
48945.98,40,2021.2,2098.6,2157.8
48946.02,40,2025.4,2102.4,2191
48946.06,40,2033.4,2133.6,2300.6
48946.1,40,2048.6,2184.6,2478.4
48946.14,40,2074.2,2257.4,2618
48946.18,40,2098.8,2318.6,2632.4
48946.22,40,2115.4,2349.6,2595.4
48946.26,40,2114.6,2346.6,2599.8
48946.3,40,2107,2329.8,2622.4
48946.34,40,2093.6,2311.4,2636.8
48946.38,40,2084,2277.4,2630.4
48946.42,40,2064,2232.6,2581.4
48946.46,40,2044.4,2182.4,2464.4
48946.5,40,2035,2134.2,2312
48946.54,40,2020.8,2105.4,2193.4
48946.58,40,2012.8,2087,2134.6
48946.62,40,2016.6,2089.4,2138.6
48946.66,40,2027,2105.6,2190.6
48946.7,40,2033.4,2134.2,2298
48946.74,40,2049,2179.4,2461
48946.78,40,2065.2,2244.4,2592
48946.82,40,2088.2,2284.8,2640
48946.86,40,2101.6,2313,2635.2
48946.9,40,2096.4,2309.8,2637.4
48946.94,40,2088.8,2291.2,2638
48946.98,40,2074.2,2274.2,2626.8
48947.02,40,2065,2235.2,2578.6
48947.06,40,2052.2,2193,2486.2
48947.1,40,2038.4,2149,2344.8
48947.14,40,2024.8,2110.2,2223.8
48947.18,40,2024.6,2095,2160.2
48947.22,40,2022,2101.2,2167
48947.26,40,2025.4,2118.4,2229.2
48947.3,40,2034.6,2153.4,2348
48947.34,40,2054,2202.4,2496
48947.38,40,2075.2,2257,2603.4
48947.42,40,2091.4,2298.8,2638.4
48947.46,40,2108.2,2328.2,2621
48947.5,40,2102.2,2319,2623.6
48947.54,40,2089.6,2304,2636.6
48947.58,40,2077.6,2275.4,2618.2
48947.62,40,2066.6,2234.8,2574.6
48947.66,40,2047.2,2185.4,2470.2
48947.7,40,2036.6,2142.6,2337.2
48947.74,40,2027,2113.8,2233.6
48947.78,40,2019.4,2094,2184
48947.82,40,2023.4,2102.2,2200.4
48947.86,40,2033,2132,2264.4
48947.9,40,2045.4,2168.6,2400.6
48947.94,40,2065.8,2220.2,2546.8
48947.98,40,2081.8,2279.4,2623.2
48948.02,40,2087,2294,2632.2
48948.06,40,2080.6,2276,2633.6
48948.1,40,2072,2251.8,2595.6
48948.14,40,2062,2217,2527.6
48948.18,40,2045.8,2184.2,2429.6
48948.22,40,2034.4,2142.2,2317.6
48948.26,40,2027,2112.2,2228.4
48948.3,40,2017.8,2095.4,2166
48948.34,40,2019.2,2088.2,2148.4
48948.38,40,2022.4,2101.8,2182.4
48948.42,40,2029.6,2120.6,2246.8
48948.46,40,2040.8,2162.2,2349
48948.5,40,2059,2200.4,2471.2
48948.54,40,2069,2244,2562.6
48948.58,40,2082.4,2275.4,2610.6
48948.62,40,2086.6,2269.4,2625.2
48948.66,40,2070.4,2257,2605.8
48948.7,40,2061.2,2232.8,2566.4
48948.74,40,2049,2191.8,2465.4
48948.78,40,2039,2148.4,2333.8
48948.82,40,2024,2122.2,2229
48948.86,40,2018.4,2097.6,2167.6
48948.9,40,2021.8,2102.6,2176.4
48948.94,40,2025.4,2120.4,2234.2
48948.98,40,2040.2,2153,2328.4
48949.02,40,2051.2,2189.2,2446
48949.06,40,2067.2,2235.8,2544.8
48949.1,40,2083.6,2274.8,2601.4
48949.14,40,2083.2,2278.2,2626.4
48949.18,40,2079.4,2260.8,2613.2
48949.22,40,2060.8,2230.8,2576.6
48949.26,40,2048.4,2199,2496.4
48949.3,40,2040.2,2159.4,2378
48949.34,40,2031.8,2126.6,2270.8
48949.38,40,2026,2103.8,2199.8
48949.42,40,2019.4,2101.6,2170
48949.46,40,2022.6,2114,2206.6
48949.5,40,2035,2136,2284.4
48949.54,40,2046.4,2165.4,2407.4
48949.58,40,2059,2210,2506.6
48949.62,40,2066.4,2236.6,2575.2
48949.66,40,2062.6,2234.8,2586.8
48949.7,40,2057.2,2210,2535.8
48949.74,40,2047.2,2185.4,2465.8
48949.78,40,2039.4,2157.8,2369.4
48949.82,40,2031.8,2129.4,2269.8
48949.86,40,2026.6,2104.8,2199.2
48949.9,40,2019.4,2092.4,2161.6
48949.94,40,2021.4,2092.2,2160.8
48949.98,40,2020.4,2105.8,2194.4
48950.02,40,2035,2127,2260.6
48950.06,40,2042,2154,2342.2
48950.1,40,2048.8,2185.2,2448
48950.14,40,2053.8,2209.2,2533.6
48950.18,40,2063,2224.6,2561.8
48950.22,40,2060,2220.6,2550.6
48950.26,40,2051.6,2196.8,2479.6
48950.3,40,2043.6,2170.2,2383.8
48950.34,40,2035.6,2138.8,2287.2
48950.38,40,2028.2,2115,2215.8
48950.42,40,2022.6,2095,2169.2
48950.46,40,2019,2087.4,2153.2
48950.5,40,2021.4,2100,2181.6
48950.54,40,2025.6,2115.2,2239.4
48950.58,40,2033.8,2137.8,2329
48950.62,40,2043.2,2168.8,2427.4
48950.66,40,2048.8,2194.4,2490.4
48950.7,40,2051.6,2201.6,2515.8
48950.74,40,2049.2,2188.2,2488.4
48950.78,40,2047.4,2170.6,2427.4
48950.82,40,2034.2,2145.6,2355.2
48950.86,40,2028.2,2125,2270.2
48950.9,40,2022.4,2108.4,2197
48950.94,40,2015.4,2095.2,2156.4
48950.98,40,2015.2,2089.8,2142.8
48951.02,40,2017.6,2098.6,2172
48951.06,40,2029.8,2119.6,2227
48951.1,40,2039.2,2143.6,2312
48951.14,40,2050.4,2173.6,2397.4
48951.18,40,2053.4,2198,2467.2
48951.22,40,2054,2206,2502.2
48951.26,40,2051.8,2196.4,2498.8
48951.3,40,2046.4,2179.2,2453.8
48951.34,40,2039.4,2160.4,2398.8
48951.38,40,2033.4,2135.8,2305
48951.42,40,2024.4,2109,2224.6
48951.46,40,2023.8,2097.6,2175.6
48951.5,40,2019.8,2098.8,2165.2
48951.54,40,2026.8,2111.8,2198.6
48951.58,40,2032,2131.8,2257.8
48951.62,40,2042.6,2158.8,2348
48951.66,40,2054.4,2191.4,2436.2
48951.7,40,2058.8,2212.8,2503.2
48951.74,40,2061,2215.8,2525
48951.78,40,2052.4,2203.4,2512.6
48951.82,40,2050.2,2181.2,2459.2
48951.86,40,2039.6,2161,2384.6
48951.9,40,2031.8,2129.8,2292
48951.94,40,2018.4,2108.2,2213
48951.98,40,2019.4,2096.6,2158.8
48952.02,40,2019,2087.6,2146.2
48952.06,40,2020.6,2101,2167.2
48952.1,40,2030.6,2111,2217.4
48952.14,40,2030.6,2131,2289
48952.18,40,2038,2159,2382.2
48952.22,40,2045.6,2178.4,2448.6
48952.26,40,2050.4,2193.6,2486.6
48952.3,40,2046.4,2183.2,2464.8
48952.34,40,2040.8,2173.2,2419.8
48952.38,40,2042.4,2150,2357.4
48952.42,40,2034.6,2127,2291.2
48952.46,40,2022.8,2117.2,2231.6
48952.5,40,2019.2,2105.8,2180.6
48952.54,40,2012.8,2089.8,2150
48952.58,40,2015,2088.6,2136.6
48952.62,40,2021.2,2095.2,2150.8
48952.66,40,2020,2102.4,2185.2
48952.7,40,2031.8,2120.2,2236
48952.74,40,2037.2,2139,2311.2
48952.78,40,2044.8,2166.2,2385.2
48952.82,40,2050.2,2187.4,2450.6
48952.86,40,2051.6,2204.6,2480.2
48952.9,40,2058.4,2200,2486.2
48952.94,40,2052.6,2192.2,2464.2
48952.98,40,2042.6,2168.4,2419
48953.02,40,2041.2,2155.2,2364.6
48953.06,40,2034.2,2128.8,2287.4
48953.1,40,2026,2109,2209.4
48953.14,40,2018,2091.8,2154.4
48953.18,40,2012.4,2082.8,2123
48953.22,40,2017,2082.8,2112.6
48953.26,40,2018,2086.2,2130
48953.3,40,2021.4,2094.2,2161.2
48953.34,40,2024.8,2115.8,2224.4
48953.38,40,2034,2144.2,2309.4
48953.42,40,2044,2173.8,2410.2
48953.46,40,2056.4,2204.6,2502.2
48953.5,40,2069.4,2234.2,2557.2
48953.54,40,2071.8,2243,2580.6
48953.58,40,2066.2,2236,2580.8
48953.62,40,2060.4,2224,2554.8
48953.66,40,2051.2,2207.8,2518.2
48953.7,40,2049,2186.4,2456.6
48953.74,40,2038.2,2159.4,2374.2
48953.78,40,2030.8,2129.4,2288
48953.82,40,2022.6,2106.2,2201.2
48953.86,40,2018.8,2089.6,2152.2
48953.9,40,2010.6,2083.6,2117.4
48953.94,40,2016.4,2083.2,2115.8
48953.98,40,2021,2095.2,2129.6
48954.02,40,2018.6,2097.4,2164.6
48954.06,40,2030.4,2114.8,2220.4
48954.1,40,2030.8,2140.8,2304.2
48954.14,40,2043.2,2170.6,2417.6
48954.18,40,2061,2217.2,2513.4
48954.22,40,2070.8,2254.4,2579.4
48954.26,40,2087.2,2283.4,2600
48954.3,40,2090.6,2293.4,2618
48954.34,40,2082,2283.2,2625.8
48954.38,40,2082.6,2274.4,2623.6
48954.42,40,2075,2258,2613.6
48954.46,40,2069.6,2244.4,2584.6
48954.5,40,2060.6,2222.6,2531.4
48954.54,40,2047.4,2181,2450
48954.58,40,2038.2,2150.2,2346.2
48954.62,40,2030.8,2121,2250
48954.66,40,2022.6,2101.8,2194.8
48954.7,40,2022.4,2102.4,2181
48954.74,40,2026.8,2110.2,2208.6
48954.78,40,2031.2,2135,2283.2
48954.82,40,2044.2,2163.8,2389
48954.86,40,2051.4,2200.2,2497.8
48954.9,40,2070,2238,2570.6
48954.94,40,2076,2267,2616.2
48954.98,40,2083,2283.4,2633.2
48955.02,40,2089,2297.4,2634
48955.06,40,2088.8,2296.2,2624
48955.1,40,2084.2,2286,2603.8
48955.14,40,2082.8,2277.2,2578.6
48955.18,40,2084,2269.6,2557.2
48955.22,40,2081.6,2259.4,2559.4
48955.26,40,2073.2,2254.4,2578
48955.3,40,2067.4,2248.2,2588
48955.34,40,2062.8,2229.4,2573
48955.38,40,2056.4,2217.6,2543.6
48955.42,40,2052.8,2199.8,2497
48955.46,40,2049,2181,2421.8
48955.5,40,2044.2,2155.2,2346.2
48955.54,40,2033,2135.8,2278
48955.58,40,2030.2,2120.6,2245.4
48955.62,40,2025.6,2115.8,2235.8
48955.66,40,2030,2128.8,2258.4
48955.7,40,2032.2,2135.4,2288.6
48955.74,40,2038,2149,2348.8
48955.78,40,2046.8,2168.6,2410.4
48955.82,40,2052.2,2199,2479.2
48955.86,40,2064.8,2233.6,2531.4
48955.9,40,2074.6,2253.6,2556.8
48955.94,40,2076,2251.2,2565.6
48955.98,40,2066,2234.4,2549.4
48956.02,40,2054.2,2207.8,2519.6
48956.06,40,2045,2179,2437.8
48956.1,40,2037.2,2147,2343.2
48956.14,40,2031,2123,2264.4
48956.18,40,2027,2110.2,2228.6
48956.22,40,2035.6,2119.2,2241.6
48956.26,40,2036.2,2144,2318
48956.3,40,2044.4,2172.2,2422.6
48956.34,40,2053.8,2206.8,2525.4
48956.38,40,2067,2237.6,2595
48956.42,40,2079.2,2269.2,2619.4
48956.46,40,2077,2263.2,2611.2
48956.5,40,2067.8,2244,2586.2
48956.54,40,2058.8,2227.8,2554.4
48956.58,40,2050.6,2196.6,2497.6
48956.62,40,2041.4,2169.2,2409
48956.66,40,2034.2,2140.2,2319.6
48956.7,40,2028.2,2119.8,2252
48956.74,40,2026,2109.4,2223
48956.78,40,2028.2,2126.2,2248.2
48956.82,40,2039.4,2143.4,2298.8
48956.86,40,2045.6,2173,2373
48956.9,40,2053,2202.8,2467.4
48956.94,40,2063,2234.6,2536.8
48956.98,40,2069.4,2238,2571.2
48957.02,40,2057.8,2220.8,2567.2
48957.06,40,2055.8,2210.2,2531.2
48957.1,40,2055.6,2196.6,2495
48957.14,40,2047,2184.2,2441.6
48957.18,40,2043.4,2164.2,2376.8
48957.22,40,2033.8,2144.4,2305
48957.26,40,2029.2,2120,2253.4
48957.3,40,2028.2,2109.2,2209.2
48957.34,40,2024.6,2105.6,2202.4
48957.38,40,2025.2,2118.2,2225.8
48957.42,40,2032.8,2132.4,2273.6
48957.46,40,2043.2,2158.8,2341.6
48957.5,40,2050.2,2183.8,2403
48957.54,40,2055.4,2194.8,2437.8
48957.58,40,2051.2,2194.8,2457
48957.62,40,2050.2,2186.6,2445.4
48957.66,40,2042.4,2172,2423.2
48957.7,40,2042.2,2155.2,2384.8
48957.74,40,2034.4,2135.4,2324.8
48957.78,40,2028.6,2117.8,2250.8
48957.82,40,2023.2,2100,2204
48957.86,40,2019.8,2103.8,2188.4
48957.9,40,2025.6,2112.8,2213.8
48957.94,40,2032.8,2135.4,2269.6
48957.98,40,2041.6,2155.4,2366.2
48958.02,40,2050.6,2183.8,2454
48958.06,40,2053.4,2202.4,2509.2
48958.1,40,2053.6,2205,2518.4
48958.14,40,2047.8,2193.2,2498.4
48958.18,40,2044.8,2183,2448.4
48958.22,40,2045,2167.6,2391.4
48958.26,40,2034.8,2143.4,2324.2
48958.3,40,2029,2125.6,2248.6
48958.34,40,2020,2102.8,2194.4
48958.38,40,2018.2,2094,2160.2
48958.42,40,2020,2093.8,2157.6
48958.46,40,2027,2106.6,2188.6
48958.5,40,2030.2,2125.4,2249.6
48958.54,40,2042.2,2152.2,2340.6
48958.58,40,2051,2180.8,2428.6
48958.62,40,2058.6,2213.8,2506.4
48958.66,40,2068,2235,2539.2
48958.7,40,2063.2,2222,2530.2
48958.74,40,2055.2,2206.6,2488.6
48958.78,40,2048,2185,2433.8
48958.82,40,2040.4,2157,2361.6
48958.86,40,2037.4,2131.2,2286.8
48958.9,40,2028.8,2116.4,2213.2
48958.94,40,2019.6,2101.2,2171.4
48958.98,40,2018.6,2098.4,2166
48959.02,40,2026.6,2104.2,2186.8
48959.06,40,2026.8,2120.6,2242.2
48959.1,40,2037,2150.8,2326
48959.14,40,2053.6,2182,2408.2
48959.18,40,2061,2224.2,2479.8
48959.22,40,2075.4,2247,2527.6
48959.26,40,2070.2,2242.2,2549.2
48959.3,40,2064.8,2226.6,2537.4
48959.34,40,2055.4,2204.4,2509.8
48959.38,40,2044.2,2171.6,2422.4
48959.42,40,2035.2,2139,2319.6
48959.46,40,2025.8,2112.8,2224.6
48959.5,40,2020.2,2098.2,2173
48959.54,40,2018.4,2094.6,2148.6
48959.58,40,2027.6,2104.6,2184.8
48959.62,40,2033.8,2135.4,2280
48959.66,40,2048,2180.8,2453.4
48959.7,40,2070.6,2255.6,2611.6
48959.74,40,2100.6,2323.4,2623.8
48959.78,40,2131,2368.8,2564.8
48959.82,40,2139.8,2368.8,2529.2
48959.86,40,2128,2356,2557.8
48959.9,40,2121.8,2352,2590.4
48959.94,40,2114,2337,2613.8
48959.98,40,2093.6,2299,2629.8
48960.02,40,2067,2242.8,2588.4
48960.06,40,2045.4,2182.6,2441.4
48960.1,40,2031.4,2126,2272.2
48960.14,40,2020.4,2090.8,2148
48960.18,40,2012.2,2079.4,2109.8
48960.22,40,2014,2084.8,2124
48960.26,40,2021.6,2099.4,2160.8
48960.3,40,2027.8,2123.8,2236.8
48960.34,40,2048.8,2176,2380
48960.38,40,2077.4,2247.4,2514.2
48960.42,40,2113.2,2319.2,2547
48960.46,40,2141,2360.6,2502.6
48960.5,40,2165,2375.2,2450.6
48960.54,40,2157,2380.4,2453
48960.58,40,2150,2378.6,2496.6
48960.62,40,2132.8,2360.8,2560.2
48960.66,40,2110.2,2340.4,2604.2
48960.7,40,2092.2,2295.6,2614.2
48960.74,40,2070.6,2234,2554.8
48960.78,40,2048.6,2176.2,2411.8
48960.82,40,2036,2128.6,2265.8
48960.86,40,2024.2,2100,2164.4
48960.9,40,2015.6,2085.8,2132.6
48960.94,40,2023.2,2098.6,2164.4
48960.98,40,2028,2123.6,2245
48961.02,40,2046.2,2167,2367.4
48961.06,40,2072,2237.6,2508.8
48961.1,40,2101.6,2314.2,2571.4
48961.14,40,2133.2,2362.2,2543.2
48961.18,40,2147.4,2373.6,2485.6
48961.22,40,2151,2377.6,2469.6
48961.26,40,2146.6,2377.2,2495.4
48961.3,40,2137.6,2373.4,2526.4
48961.34,40,2119,2347.4,2569.8
48961.38,40,2095.6,2304.6,2595.6
48961.42,40,2070,2235.4,2562.2
48961.46,40,2041.8,2165.8,2420.4
48961.5,40,2024.2,2117.8,2267.4
48961.54,40,2019,2090.6,2160.4
48961.58,40,2016.4,2081.4,2136.8
48961.62,40,2024.8,2093.8,2156
48961.66,40,2030,2115,2212.6
48961.7,40,2039,2153,2351.4
48961.74,40,2053.6,2213.2,2539.8
48961.78,40,2089.2,2290.4,2637.8
48961.82,40,2118.4,2345.8,2594.4
48961.86,40,2136.2,2371,2535.6
48961.9,40,2138.8,2367,2524.2
48961.94,40,2129.8,2356.6,2557.2
48961.98,40,2114.2,2346.6,2605.2
48962.02,40,2102.6,2322.8,2630.8
48962.06,40,2084.6,2283.2,2646.4
48962.1,40,2063.8,2231,2589.2
48962.14,40,2045.6,2176.2,2449.4
48962.18,40,2032.6,2133,2283.4
48962.22,40,2017.8,2096.6,2169.8
48962.26,40,2014.8,2079.2,2115
48962.3,40,2016.4,2088,2130.2
48962.34,40,2024.8,2102.6,2173
48962.38,40,2032.8,2134,2281
48962.42,40,2051.2,2192.4,2461.6
48962.46,40,2080.8,2280,2608
48962.5,40,2124.6,2353.4,2582.6
48962.54,40,2143.4,2367.4,2496.2
48962.58,40,2155.8,2376.2,2455.6
48962.62,40,2154.4,2378,2468.4
48962.66,40,2145.4,2379.4,2501.6
48962.7,40,2134.2,2365.6,2545.6
48962.74,40,2113,2344.2,2603
48962.78,40,2088.4,2295.2,2615.2
48962.82,40,2059.2,2227,2551
48962.86,40,2041.8,2161.8,2398.6
48962.9,40,2028.2,2120.4,2246.6
48962.94,40,2016,2090,2158
48962.98,40,2014.6,2082.4,2121.6
48963.02,40,2022.2,2093.2,2146.2
48963.06,40,2028.4,2115.8,2220.8
48963.1,40,2040.2,2152.2,2348.2
48963.14,40,2062,2214.8,2487
48963.18,40,2083,2273.6,2576.6
48963.22,40,2108,2323,2582.2
48963.26,40,2125,2352,2567
48963.3,40,2124.4,2352.8,2582.4
48963.34,40,2104.6,2336.2,2622.8
48963.38,40,2107.8,2329,2616.6
48963.42,40,2092,2299.4,2610.2
48963.46,40,2075.2,2254,2565
48963.5,40,2052,2193.2,2457.2
48963.54,40,2038.2,2147.6,2324.4
48963.58,40,2023,2110.4,2217.2
48963.62,40,2023,2098.2,2156.6
48963.66,40,2022.6,2093.2,2157.2
48963.7,40,2028.6,2117.8,2214.8
48963.74,40,2039.2,2145.4,2314.2
48963.78,40,2048.8,2185.2,2447.8
48963.82,40,2069.2,2238.2,2567.6
48963.86,40,2090,2291.8,2626.6
48963.9,40,2106.2,2329.2,2621.2
48963.94,40,2104,2323.2,2625.6
48963.98,40,2101.8,2320.6,2632.2
48964.02,40,2094.4,2303.2,2630.2
48964.06,40,2079.8,2268.8,2608
48964.1,40,2063.4,2219,2539.6
48964.14,40,2045.6,2171.2,2408.6
48964.18,40,2029.4,2131.4,2275.6
48964.22,40,2022.2,2105.2,2185.6
48964.26,40,2021.4,2099.8,2160.4
48964.3,40,2022,2102.6,2190.4
48964.34,40,2029.8,2121.2,2243
48964.38,40,2042.6,2148.2,2326.4
48964.42,40,2050,2185.2,2432.6
48964.46,40,2063.4,2229.2,2537.2
48964.5,40,2079.6,2270,2605.8
48964.54,40,2092,2303,2631.6
48964.58,40,2099.8,2315.6,2630.6
48964.62,40,2097.4,2308.4,2632.8
48964.66,40,2080.4,2280,2625.6
48964.7,40,2075.8,2245.2,2582.2
48964.74,40,2052.6,2198,2467.6
48964.78,40,2040.2,2156.4,2335.4
48964.82,40,2030,2117,2234.8
48964.86,40,2020,2097,2166.6
48964.9,40,2018.2,2088,2130.4
48964.94,40,2017,2091.6,2143
48964.98,40,2025.2,2107.8,2198.2
48965.02,40,2032.8,2131.4,2277.6
48965.06,40,2046.8,2169.2,2387
48965.1,40,2055,2222.8,2515.6
48965.14,40,2079.2,2266.4,2598.6
48965.18,40,2084.8,2297,2633.6
48965.22,40,2088.8,2294.4,2633.8
48965.26,40,2087.4,2293.4,2621.8
48965.3,40,2075.4,2259.8,2599.2
48965.34,40,2065.4,2225.6,2532.2
48965.38,40,2052.2,2190.4,2430
48965.42,40,2036.6,2148,2325.4
48965.46,40,2033.6,2119.6,2225.2
48965.5,40,2016.6,2097,2158.4
48965.54,40,2011.4,2079.2,2107.2
48965.58,40,2012.2,2067.8,2084.4
48965.62,40,2010,2078.4,2096.4
48965.66,40,2014.6,2078,2112.4
48965.7,40,2017.8,2092.8,2151.2
48965.74,40,2023,2111.4,2216.8
48965.78,40,2034.8,2146.6,2327
48965.82,40,2052.8,2201.6,2484.2
48965.86,40,2079.4,2270.4,2607.8
48965.9,40,2112.4,2335.4,2611.6
48965.94,40,2140,2365,2506.4
48965.98,40,2170.2,2365.6,2394.4
48966.02,40,2187.6,2347.8,2311.6
48966.06,40,2198.2,2332,2272.6
48966.1,40,2198.6,2327.4,2272.6
48966.14,40,2193.2,2337,2290.8
48966.18,40,2188.6,2347.8,2322.6
48966.22,40,2188.4,2357.8,2338
48966.26,40,2178,2367.2,2386.4
48966.3,40,2154.2,2362.6,2449.8
48966.34,40,2116,2332.8,2527.4
48966.38,40,2085.8,2275.4,2540.6
48966.42,40,2057.6,2198.4,2445.8
48966.46,40,2041,2144.2,2296.6
48966.5,40,2025.6,2104.6,2190.4
48966.54,40,2021.8,2083.2,2127.4
48966.58,40,2012.6,2069.8,2085.4
48966.62,40,2003.6,2065,2065.4
48966.66,40,2006.6,2056.6,2054.6
48966.7,40,2005.2,2056.6,2057
48966.74,40,2006.6,2061.2,2067.6
48966.78,40,2015,2070.2,2087.2
48966.82,40,2015.6,2086.4,2138.4
48966.86,40,2025.8,2116.2,2232.2
48966.9,40,2041.2,2164.8,2379.6
48966.94,40,2064.2,2221.2,2497.8
48966.98,40,2085.2,2270.4,2527.6
48967.02,40,2098.6,2294.4,2535.2
48967.06,40,2101.4,2300.2,2536.4
48967.1,40,2093.6,2285.8,2536
48967.14,40,2076.6,2265.6,2572
48967.18,40,2063.8,2223.2,2546.4
48967.22,40,2044.2,2176.8,2441.6
48967.26,40,2033.2,2135.2,2301.4
48967.3,40,2022.2,2105.8,2197.8
48967.34,40,2013.8,2089,2133.8
48967.38,40,2011.6,2072.6,2088.8
48967.42,40,2006,2064.8,2063.8
48967.46,40,2005.4,2063.4,2048.4
48967.5,40,2006,2059.2,2048.2
48967.54,40,2004.4,2060,2051
48967.58,40,2009.6,2060.6,2069.2
48967.62,40,2011.2,2071.6,2102.4
48967.66,40,2015.8,2096.8,2174.4
48967.7,40,2029,2131.6,2299.4
48967.74,40,2046.4,2183.4,2449.8
48967.78,40,2066.4,2240.4,2560.2
48967.82,40,2085.6,2273.6,2605.8
48967.86,40,2083.8,2284.8,2611.8
48967.903,43,2073.2,2257,2604.2
48967.943,40,2062,2220.2,2528.2
48967.983,40,2047.8,2164.4,2408.8
48968.023,40,2030.2,2128.6,2273.6
48968.063,40,2024.6,2101.4,2176.2
48968.105,42,2018,2080.4,2115.6
48968.145,40,2011.4,2064,2080.4
48968.185,40,2005.2,2064,2058
48968.225,40,2004.6,2058.6,2051.8
48968.265,40,2008.8,2065.4,2052.8
48968.305,40,2010.8,2064.2,2072.8
48968.345,40,2009,2081.8,2104.8
48968.385,40,2018.8,2098.6,2172.4
48968.425,40,2033.2,2130.8,2270
48968.465,40,2049.6,2178,2394.4
48968.505,40,2066.8,2227.4,2498.2
48968.545,40,2080.8,2266.8,2537.6
48968.585,40,2093.6,2279.6,2531.4
48968.625,40,2080.8,2266.4,2519.2
48968.665,40,2074.4,2231.8,2497
48968.705,40,2057.6,2197.8,2431.2
48968.745,40,2036.6,2148.4,2327.4
48968.785,40,2028.2,2119.8,2216.4
48968.825,40,2015.8,2093.8,2145
48968.865,40,2010.6,2085.2,2105
48968.905,40,2009.6,2068.6,2076.8
48968.945,40,2008.6,2062.4,2060
48968.985,40,2010,2062.6,2052.8
48969.025,40,2008.2,2059.6,2060.8
48969.065,40,2004.6,2070.4,2081.2
48969.105,40,2013.8,2084.2,2128
48969.145,40,2026.8,2110,2207.8
48969.185,40,2037.2,2150.8,2341.2
48969.225,40,2048.8,2197.8,2503.2
48969.265,40,2069.8,2242.2,2589
48969.305,40,2082.4,2275,2617.2
48969.345,40,2076.4,2264.8,2594.4
48969.385,40,2069,2239.6,2539.8
48969.425,40,2052.6,2194.4,2423.2
48969.465,40,2039.2,2144.6,2307.2
48969.505,40,2023.6,2106.2,2194.8
48969.545,40,2016.8,2086,2125.4
48969.585,40,2010,2069.8,2081.2
48969.625,40,2003.4,2064,2058.2
48969.665,40,2005,2055.6,2046.4
48969.705,40,2003.8,2061.2,2053.2
48969.745,40,2004.2,2061.2,2066.8
48969.785,40,2010.8,2075.2,2090
48969.825,40,2015,2091.4,2136
48969.865,40,2026.8,2116.8,2231
48969.905,40,2039.2,2155.8,2357.6
48969.945,40,2056.2,2196.6,2482.8
48969.985,40,2066.2,2236.8,2541.2
48970.025,40,2069.2,2236.6,2542.8
48970.065,40,2057.6,2213.8,2490.6
48970.105,40,2052.4,2177.6,2403.4
48970.145,40,2041.2,2143.4,2290.6
48970.185,40,2030.6,2107,2196.6
48970.225,40,2021,2085,2123
48970.265,40,2010,2075.2,2085.4
48970.305,40,2009.2,2061,2060.2
48970.345,40,2004.6,2059.8,2052.8
48970.385,40,2006.6,2064,2057.4
48970.425,40,2005.8,2066.8,2070.4
48970.465,40,2009.4,2080.2,2100.4
48970.505,40,2019.4,2094.6,2159.8
48970.545,40,2025,2121.6,2243.4
48970.585,40,2039,2152.6,2349.2
48970.625,40,2052.2,2191.2,2440.6
48970.665,40,2060.4,2212.6,2487.8
48970.705,40,2053.8,2207.4,2491
48970.745,40,2048.8,2186,2443
48970.785,40,2040.8,2158.2,2368.8
48970.825,40,2029.2,2134,2281.2
48970.865,40,2026.8,2111.6,2192
48970.905,40,2017.2,2088.4,2129.6
48970.945,40,2015.4,2075.8,2092.8
48970.985,40,2004,2065,2066.8
48971.025,40,2010.2,2062.2,2056.2
48971.065,40,2005.4,2060.8,2049.4
48971.105,40,2007.4,2060.8,2055.4
48971.145,40,2009,2064.6,2071.2
48971.185,40,2014.6,2074.2,2093.4
48971.225,40,2016.4,2088.2,2135.4
48971.265,40,2027,2110.6,2203.4
48971.305,40,2031,2136,2292.6
48971.345,40,2042.2,2162.2,2379.4
48971.385,40,2049.2,2184.8,2436.2
48971.425,40,2050.4,2194,2452.4
48971.465,40,2048,2182.6,2430.4
48971.505,40,2045.4,2174.8,2401.6
48971.545,40,2036.4,2146.8,2342.6
48971.585,40,2026.4,2133,2281.4
48971.625,40,2025,2112.8,2209.8
48971.665,40,2022.2,2097.8,2156.6
48971.705,40,2016.2,2085,2121.2
48971.745,40,2013.2,2075.6,2093.6
48971.785,40,2007.8,2069.6,2076.4
48971.825,40,2006.8,2067.4,2064
48971.865,40,2009.8,2064.8,2053
48971.905,40,2005.8,2061.6,2058.8
48971.945,40,2006.4,2064,2064.4
48971.985,40,2010.6,2065.8,2075
48972.025,40,2010.6,2071.6,2083.8
48972.065,40,2014.4,2079.8,2106
48972.105,40,2017,2089.4,2131.2
48972.145,40,2021.2,2096.4,2165.2
48972.185,40,2025.2,2113.8,2213.8
48972.225,40,2027.2,2126.4,2260.8
48972.265,40,2036.8,2139.6,2308.2
48972.305,40,2040.8,2152.4,2345.2
48972.345,40,2045.2,2166.2,2379.8
48972.385,40,2050.6,2175.2,2388.2
48972.425,40,2046.4,2166.8,2373.6
48972.465,40,2039.8,2155.6,2354.6
48972.505,40,2036,2149.8,2326.2
48972.545,40,2036.4,2139.4,2298
48972.585,40,2030.4,2133.8,2274.8
48972.625,40,2030.6,2128.8,2253.4
48972.665,40,2026.8,2117.6,2239.6
48972.705,40,2028,2117.4,2229
48972.745,40,2023.8,2117.2,2229.6
48972.785,40,2025.4,2113.8,2233.8
48972.825,40,2031.2,2119.8,2243
48972.865,40,2029.4,2131,2270
48972.905,40,2033.6,2143.4,2335
48972.945,40,2043.4,2171,2420.2
48972.985,40,2054.2,2208.2,2503
48973.025,40,2068.6,2244.2,2563
48973.065,40,2080.8,2276.2,2583.8
48973.105,40,2097.2,2298.8,2581.6
48973.145,40,2101,2307.8,2572.4
48973.185,40,2106.4,2309.8,2560.4
48973.225,40,2101.6,2300.4,2547.4
48973.265,40,2093.8,2290.4,2566.8
48973.305,40,2081.8,2268.4,2573
48973.345,40,2067.8,2235,2561.2
48973.385,40,2050.8,2189.6,2486
48973.425,40,2039.2,2147.2,2361
48973.465,40,2028.4,2113.4,2248.8
48973.505,40,2020.4,2099.8,2168.4
48973.545,40,2016.8,2087.6,2142.4
48973.585,40,2016.2,2094.8,2149.2
48973.625,40,2025.6,2111.6,2209.2
48973.665,40,2033.6,2136.6,2306.6
48973.705,40,2049.8,2177,2455.6
48973.745,40,2061.8,2238,2598.6
48973.785,40,2083.8,2287.6,2646.8
48973.825,40,2096,2315.2,2639.6
48973.865,40,2098,2312.4,2642.6
48973.905,40,2088,2294.6,2646.8
48973.945,40,2079,2272.8,2632.2
48973.985,40,2064.6,2238.8,2603
48974.025,40,2050.8,2200,2518.8
48974.065,40,2039.8,2153,2380.2
48974.105,40,2024.8,2116.8,2248.8
48974.145,40,2019.4,2094.6,2168.8
48974.185,40,2021.6,2088.4,2147
48974.225,40,2027.2,2106.4,2180
48974.265,40,2027.8,2125.6,2275.8
48974.305,40,2042,2170.6,2444
48974.345,40,2065,2238.6,2589
48974.385,40,2096.8,2307.8,2640.2
48974.425,40,2120.2,2350.6,2593.8
48974.465,40,2119.4,2351.4,2577.4
48974.505,40,2114.4,2345,2608.6
48974.545,40,2102,2324.2,2626.8
48974.585,40,2082.4,2285,2624.6
48974.625,40,2068.4,2240.2,2569.2
48974.665,40,2046.8,2183.8,2457
48974.705,40,2030.4,2137.2,2314.2
48974.745,40,2022.6,2109.2,2213.6
48974.785,40,2022.8,2094.2,2166.2
48974.825,40,2022.2,2100.4,2181.6
48974.865,40,2028,2115.4,2231
48974.905,40,2037,2143,2311
48974.945,40,2047.4,2176.4,2422.8
48974.985,40,2061.4,2219.8,2500.2
48975.025,40,2083.4,2258.2,2548.4
48975.065,40,2091,2282.8,2580.2
48975.105,40,2086.4,2278.4,2606.8
48975.145,40,2068.6,2248,2609.6
48975.185,40,2058.8,2212,2541.8
48975.225,40,2041.2,2165.4,2418
48975.265,40,2032.6,2130.8,2291
48975.305,40,2023.4,2105.2,2198.2
48975.345,40,2017.2,2093.2,2147.4
48975.385,40,2014,2090.2,2143.4
48975.425,40,2020.2,2102,2176.6
48975.465,40,2027.2,2123.2,2257.4
48975.505,40,2039.8,2158.6,2375.8
48975.545,40,2055.4,2204.4,2503.2
48975.585,40,2069.8,2248,2606.8
48975.625,40,2080.8,2269.4,2632.2
48975.665,40,2073.6,2267.4,2632.8
48975.705,40,2066.8,2245.4,2603.2
48975.745,40,2058.2,2219.6,2544.8
48975.785,40,2048.6,2185.4,2468.2
48975.825,40,2038.4,2148.8,2362.8
48975.865,40,2023.4,2121.6,2263.4
48975.905,40,2019,2101.6,2194.6
48975.945,40,2018,2094.6,2176.2
48975.985,40,2023.8,2109.6,2194.2
48976.025,40,2028.8,2123.8,2262.8
48976.065,40,2043,2163.2,2400.6
48976.105,40,2058.6,2218.2,2549
48976.145,40,2073.6,2271.4,2635
48976.185,40,2086.4,2298.6,2648
48976.225,40,2086.8,2289.2,2644.2
48976.265,40,2074.4,2268.2,2629
48976.305,40,2059,2227.4,2585
48976.345,40,2049,2193.6,2485
48976.385,40,2036.6,2146.8,2360.2
48976.425,40,2027.8,2114.2,2244.6
48976.465,40,2020.4,2097.8,2183.6
48976.505,40,2021.2,2102.4,2173.4
48976.545,40,2027.4,2114.2,2209.6
48976.585,40,2031.8,2138.6,2294.6
48976.625,40,2043.4,2174.4,2420.4
48976.665,40,2054.4,2216.4,2548.4
48976.705,40,2067.8,2244.6,2617.6
48976.745,40,2070.2,2251.4,2624.2
48976.785,40,2062.4,2232.2,2590
48976.825,40,2050.6,2200.4,2519.6
48976.865,40,2044.6,2168.8,2416.6
48976.905,40,2031,2134.4,2301.4
48976.945,40,2021,2105.8,2213.2
48976.985,40,2017.2,2094,2158.8
48977.025,40,2020.6,2096.6,2160.2
48977.065,40,2025.2,2109.2,2203
48977.105,40,2034.6,2133.4,2265
48977.145,40,2042.2,2161,2363.6
48977.185,40,2054.8,2200.8,2464.2
48977.225,40,2060.2,2222,2538.4
48977.265,40,2058,2217.4,2552
48977.305,40,2052,2202.6,2520.6
48977.345,40,2045.8,2183.6,2459
48977.385,40,2039.6,2152.6,2374.8
48977.425,40,2025.2,2124.6,2272.6
48977.465,40,2021.6,2101.6,2185.4
48977.505,40,2017.4,2087.8,2145.4
48977.545,40,2015.8,2091.2,2148.8
48977.585,40,2022.2,2102,2185.8
48977.625,40,2029,2123,2250
48977.665,40,2038.2,2148.2,2334.2
48977.705,40,2046.4,2180.2,2433.2
48977.745,40,2058,2201,2514.8
48977.785,40,2058.4,2218.6,2543.6
48977.825,40,2054,2206.2,2537.2
48977.865,40,2046.4,2189.6,2488.8
48977.905,40,2039.8,2163.8,2408.6
48977.945,40,2033,2131.2,2301.6
48977.985,40,2023.6,2107.8,2218
48978.025,40,2016.4,2092.4,2155.6
48978.065,40,2015.4,2090.2,2145.6
48978.105,40,2020.8,2095.4,2162.8
48978.145,40,2027.4,2111.4,2205.4
48978.185,40,2033.2,2133.4,2274.6
48978.225,40,2043,2161.8,2365.4
48978.265,40,2050,2191.8,2463.8
48978.305,40,2054.2,2214,2535.2
48978.345,40,2060.8,2219,2554.2
48978.385,40,2052.2,2203.8,2512.6
48978.425,40,2046.8,2174.6,2428.2
48978.465,40,2039.2,2144.2,2325
48978.505,40,2024,2112.6,2232.8
48978.545,40,2018.6,2090.8,2162
48978.585,40,2015.6,2088.4,2137.6
48978.625,40,2019.8,2096.6,2152.4
48978.665,40,2022.8,2106.8,2196.4
48978.705,40,2033.2,2127,2263.6
48978.745,40,2040.2,2158.4,2359.2
48978.785,40,2051.8,2189.6,2454.8
48978.825,40,2063.4,2215.8,2530.8
48978.865,40,2061.4,2220.4,2552.6
48978.905,40,2051.6,2207.4,2531.6
48978.945,40,2048.6,2190.4,2474.2
48978.985,40,2040.8,2168,2395.4
48979.025,40,2037.8,2140.2,2304.4
48979.065,40,2026.4,2115.4,2234
48979.105,40,2020,2105.4,2192.4
48979.145,40,2020.4,2108,2189.6
48979.185,40,2029,2119,2248
48979.225,40,2037.4,2153.8,2338.8
48979.265,40,2052.8,2187.2,2442.8
48979.305,40,2068.4,2230,2532.8
48979.345,40,2071.8,2255.6,2585.8
48979.385,40,2070.8,2252,2600.6
48979.425,40,2063.8,2232,2579.6
48979.465,40,2050.6,2204.8,2516
48979.505,40,2043.2,2171,2426.8
48979.545,40,2032,2144,2320.2
48979.585,40,2023.2,2116.2,2232.2
48979.625,40,2022,2108.6,2191
48979.665,40,2030.4,2112.6,2212.8
48979.705,40,2034.6,2137.6,2302.6
48979.745,40,2044.2,2170.6,2418.6
48979.785,40,2055,2211.8,2528.6
48979.825,40,2065.8,2236.2,2592.2
48979.865,40,2071.6,2241.8,2589.6
48979.905,40,2057,2213,2538.4
48979.945,40,2048.6,2187.8,2472.4
48979.985,40,2039,2157.8,2372.2
48980.025,40,2032.2,2126.4,2278.2
48980.065,40,2021.4,2104.4,2200.4
48980.105,40,2018.4,2091.4,2150.4
48980.145,40,2020.2,2094.6,2152.2
48980.185,40,2024.6,2109.6,2190.8
48980.225,40,2031.8,2131.4,2267
48980.265,40,2044.8,2163.6,2372.8
48980.305,40,2047.6,2194.6,2479.6
48980.345,40,2057.6,2224,2545.4
48980.385,40,2059.2,2224.8,2567
48980.425,40,2056.4,2206.8,2534
48980.465,40,2051.4,2191.2,2488.2
48980.505,40,2049.2,2172.4,2424.2
48980.545,40,2034.8,2148.8,2349.6
48980.585,40,2030.6,2128,2281
48980.625,40,2027.2,2115.4,2236.6
48980.665,40,2025.6,2120.4,2236.6
48980.705,40,2037.6,2141.2,2282.2
48980.745,40,2043.2,2158.4,2375.8
48980.785,40,2046.6,2192,2471.8
48980.825,40,2062.8,2220.8,2542.8
48980.865,40,2068.4,2247.4,2590.2
48980.905,40,2077.4,2268.8,2607.6
48980.945,40,2082.2,2281.6,2617.8
48980.985,40,2085.2,2279.8,2612.2
48981.025,40,2088.8,2279.2,2605.2
48981.065,40,2085.8,2282.6,2588.2
48981.105,40,2089.8,2281,2553.8
48981.145,40,2087.2,2269.8,2530.6
48981.185,40,2090.6,2282.6,2523.2
48981.225,40,2097.6,2290.6,2550.6
48981.265,40,2099,2304.2,2568.8
48981.305,40,2110.6,2324.2,2573.6
48981.345,40,2123.2,2348.4,2563.8
48981.385,40,2134.6,2358.4,2528.2
48981.425,40,2152.2,2365.6,2473
48981.465,40,2163.4,2370,2428.8
48981.505,40,2167,2365.6,2382.4
48981.545,40,2175.2,2365.6,2358.4
48981.585,40,2172.6,2361,2359.2
48981.625,40,2178.2,2364.8,2371.6
48981.665,40,2165,2366.8,2396.8
48981.705,40,2165,2372.4,2407.8
48981.745,40,2171,2370.2,2411.2
48981.785,40,2161.4,2369.6,2430.4
48981.825,40,2155,2375.6,2459
48981.865,40,2141.8,2366,2515.6
48981.905,40,2118.8,2339.8,2580.2
48981.945,40,2092.8,2295.2,2586
48981.985,40,2064.6,2233.4,2510.6
48982.025,40,2051,2174.4,2385.8
48982.065,40,2034.2,2129.8,2279.2
48982.105,40,2022.6,2105.8,2195.4
48982.145,40,2015.2,2088.4,2139.2
48982.185,40,2016,2079.6,2105
48982.225,40,2009,2071.8,2091.4
48982.265,40,2010.2,2071.6,2090.2
48982.305,40,2011.2,2078,2104.2
48982.345,40,2012.8,2082.6,2124.2
48982.385,40,2018.4,2092.4,2148.4
48982.425,40,2021.6,2104.2,2193.2
48982.465,40,2028.6,2126.6,2254.4
48982.505,40,2040.2,2148.4,2341.4
48982.545,40,2046.8,2177.4,2435.6
48982.585,40,2058.2,2213.4,2523.8
48982.625,40,2066.8,2244.4,2572.2
48982.665,40,2075.6,2257.4,2573.8
48982.705,40,2069.2,2248.4,2541.8
48982.745,40,2068.4,2229.4,2487.6
48982.785,40,2062.8,2211.8,2471.8
48982.825,40,2049.4,2192.6,2450.6
48982.865,40,2040.8,2166.8,2402.6
48982.905,40,2036.4,2141.8,2325.2
48982.945,40,2024,2121.8,2258.8
48982.985,40,2019.4,2106.8,2213.2
48983.025,40,2023.4,2101.2,2190.4
48983.065,40,2021.4,2108.8,2205.8
48983.105,40,2031.2,2123.4,2239.6
48983.145,40,2038.4,2146.2,2319.4
48983.185,40,2047.6,2179.4,2429.4
48983.225,40,2062.2,2218.4,2523.2
48983.265,40,2064.4,2241.2,2584.4
48983.305,40,2074.6,2255.6,2606
48983.345,40,2064.6,2244.4,2599.6
48983.385,40,2061,2234.8,2571.4
48983.425,40,2057,2207,2519.2
48983.465,40,2049.6,2178,2437
48983.505,40,2041,2153.6,2340.4
48983.545,40,2035.8,2127.8,2259
48983.585,40,2028,2112.8,2212.6
48983.625,40,2030,2110.4,2194.6
48983.665,40,2030.6,2119.8,2223.8
48983.705,40,2036.6,2136.4,2282
48983.745,40,2043.6,2161.2,2361.4
48983.785,40,2052.4,2195.8,2453.4
48983.825,40,2061.2,2214.2,2518.2
48983.865,40,2063.8,2222.8,2535.4
48983.905,40,2052.6,2211,2532.8
48983.945,40,2048.6,2195.8,2511.2
48983.985,40,2053.6,2189.6,2474.4
48984.025,40,2042.4,2167.8,2429.2
48984.065,40,2039.2,2153.4,2375.4
48984.105,40,2032.6,2140,2319.8
48984.145,40,2036.8,2134.6,2296.8
48984.185,40,2033.4,2145,2316.8
48984.225,40,2040.8,2155.2,2344
48984.265,40,2043.6,2167,2369.8
48984.305,40,2051,2182.4,2404.8
48984.345,40,2052.4,2191,2436.2
48984.385,40,2048.6,2182.4,2437.2
48984.425,40,2039.2,2167,2416.4
48984.465,40,2038.4,2153.6,2371.6
48984.505,40,2032,2130.2,2293.6
48984.545,40,2027.8,2110.4,2225.8
48984.585,40,2019.8,2103.8,2191
48984.625,40,2027,2107.4,2188.2
48984.665,40,2028.8,2116.4,2227.8
48984.705,40,2035,2142.2,2297.6
48984.745,40,2035.6,2157,2392
48984.785,40,2044.2,2184.2,2463
48984.825,40,2051.2,2194.6,2504.6
48984.865,40,2050.8,2198,2493.2
48984.905,40,2046.2,2180.2,2451.4
48984.945,40,2041.4,2160.2,2389.8
48984.985,40,2033.8,2137.2,2318.6
48985.025,40,2025.6,2116.8,2252.8
48985.065,40,2024.2,2106.8,2206.8
48985.105,40,2023,2110.2,2203.4
48985.145,40,2022.8,2122,2246.6
48985.185,40,2038.4,2136.2,2296.8
48985.225,40,2040.8,2156.8,2360.2
48985.265,40,2048.8,2178.4,2418.4
48985.305,40,2046.6,2184.2,2454
48985.345,40,2046,2172.4,2450.4
48985.385,40,2039,2165.2,2415
48985.425,40,2038.2,2150.8,2350.8
48985.465,40,2029.8,2127.2,2277.8
48985.505,40,2025.8,2108,2211.8
48985.545,40,2022,2096.8,2170.6
48985.585,40,2018.8,2095.8,2160.4
48985.625,40,2024.4,2100.8,2190.2
48985.665,40,2023.8,2113.8,2228.2
48985.705,40,2031.4,2130.4,2279.2
48985.745,40,2037.6,2151.4,2351.4
48985.785,40,2043.2,2166.2,2406
48985.825,40,2044,2177.6,2445
48985.865,40,2044.8,2173,2435
48985.905,40,2044.6,2164.2,2398
48985.945,40,2034.4,2146.2,2341.4
48985.985,40,2028.2,2126.6,2269.6
48986.025,40,2021.4,2106.8,2213.2
48986.065,40,2017.4,2094.6,2184.2
48986.105,40,2023.2,2108.6,2202.8
48986.145,40,2027.8,2124,2248.4
48986.185,40,2039.2,2148.8,2305.2
48986.225,40,2045,2173.6,2393
48986.265,40,2048.8,2197.4,2466
48986.305,40,2053.6,2207.2,2496
48986.345,40,2053.2,2196,2490.6
48986.385,40,2046.2,2178.8,2456.4
48986.425,40,2041.8,2165,2402.2
48986.465,40,2036.6,2144.2,2321.6
48986.505,40,2028.6,2120.6,2248.2
48986.545,40,2023.6,2105.8,2203.6
48986.585,40,2024.2,2114.8,2210.8
48986.625,40,2031.4,2127.2,2265
48986.665,40,2038.4,2150,2352.6
48986.705,40,2043.8,2184,2459.8
48986.745,40,2052,2212,2534
48986.785,40,2059.2,2229.6,2574.4
48986.825,40,2063,2227.8,2575.4
48986.865,40,2055.4,2208,2529.8
48986.905,40,2049.8,2189.4,2473.4
48986.945,40,2042.4,2161.6,2377.2
48986.985,40,2028.4,2128,2286.2
48987.025,40,2023.4,2108,2219
48987.065,40,2019.4,2103.8,2190
48987.105,40,2023.8,2108.4,2197.8
48987.145,40,2024.4,2113.4,2220.8
48987.185,40,2034,2130.8,2268.8
48987.225,40,2037.8,2150.6,2332.8
48987.265,40,2037.2,2162.6,2397.8
48987.305,40,2043.8,2172.2,2424
48987.345,40,2038.6,2166,2409.2
48987.385,40,2037,2148.8,2359.8
48987.425,40,2031.8,2139.4,2320.6
48987.465,40,2027,2120.6,2256.6
48987.505,40,2020.8,2107,2205.4
48987.545,40,2017.4,2094.6,2160.4
48987.585,40,2015.4,2086.8,2130.6
48987.625,40,2015.6,2079.8,2112
48987.665,40,2013.6,2080.4,2110.2
48987.705,40,2012.4,2082,2124.2
48987.745,40,2016.4,2091.2,2146
48987.785,40,2026.2,2102.2,2188.2
48987.825,40,2030.4,2123.4,2251.8
48987.865,40,2041.4,2155.2,2333.4
48987.905,40,2055.2,2193.4,2429.4
48987.945,40,2070,2238.8,2527.6
48987.985,40,2081.2,2271.2,2584.6
48988.025,40,2084.6,2283.4,2614.2
48988.065,40,2075,2266,2621.2
48988.105,40,2058.4,2236.4,2586.6
48988.145,40,2053.6,2199.6,2510.6
48988.185,40,2043.8,2166.6,2415.4
48988.225,40,2039.2,2151,2342.8
48988.265,40,2037.2,2137.4,2305
48988.305,40,2038,2143.8,2304.2
48988.345,40,2036.4,2149.6,2314.6
48988.385,40,2038.4,2153.8,2341.2
48988.425,40,2041.6,2162.8,2363
48988.465,40,2037.6,2166.6,2380.2
48988.505,40,2040.8,2165.4,2383.4
48988.545,40,2041.8,2166.4,2380.4
48988.585,40,2045.4,2168.4,2370.2
48988.625,40,2044.2,2162.2,2353.6
48988.665,40,2040.6,2165.6,2348.8
48988.705,40,2041,2160.4,2348
48988.745,40,2044.6,2157,2348.6
48988.785,40,2037,2155.8,2354.4
48988.825,40,2039.8,2156.6,2346.6
48988.865,40,2043.8,2155,2342
48988.905,40,2042,2153.8,2339.6
48988.945,40,2040.8,2155.6,2341.8
48988.985,40,2041.2,2159.6,2352.6
48989.025,40,2042.8,2168.4,2376.8
48989.065,40,2048,2178.2,2402.6
48989.105,40,2052.4,2194.4,2432.8
48989.145,40,2062,2205.2,2467.4
48989.185,40,2064.6,2222,2494
48989.225,40,2063.2,2227.2,2521.2
48989.265,40,2066.2,2230.6,2526.4
48989.305,40,2061.8,2218.2,2530.6
48989.345,40,2054.2,2210.6,2524.2
48989.385,40,2054.4,2207.4,2521.6
48989.425,40,2055.6,2200.4,2516
48989.465,40,2052,2199.6,2508
48989.505,40,2047.6,2195.4,2495.6
48989.545,40,2049.4,2190.2,2471.8
48989.585,40,2045,2177.8,2457.8
48989.625,40,2049.4,2178.8,2421.4
48989.665,40,2045.2,2164.6,2388.4
48989.705,40,2041.4,2156,2351
48989.745,40,2035.4,2149,2316
48989.785,40,2032.8,2132.2,2280
48989.825,40,2029.4,2120.2,2238.4
48989.865,40,2023.6,2112.6,2211.4
48989.905,40,2020.2,2102,2206
48989.945,40,2026,2111.8,2213.8
48989.985,40,2026.4,2115.8,2225.6
48990.025,40,2031,2122.8,2248.6
48990.065,40,2036.6,2141.8,2290.2
48990.105,40,2044.4,2178.2,2404.8
48990.145,40,2060.4,2221,2529.8
48990.185,40,2073,2255,2612
48990.225,40,2074.4,2264.4,2628.6
48990.265,40,2071.2,2246,2615.6
48990.305,40,2064.6,2230.6,2569.8
48990.345,40,2053.6,2196.8,2482
48990.385,40,2040.4,2166.2,2376.4
48990.425,40,2026,2125.8,2265
48990.465,40,2019.8,2104.8,2175.4
48990.505,40,2018.4,2085.6,2129.8
48990.545,40,2014,2086.2,2148.2
48990.585,40,2023.2,2105.8,2191.8
48990.625,40,2036,2134.6,2271
48990.665,40,2054,2182,2406.4
48990.705,40,2072.6,2246.4,2552.8
48990.745,40,2094.4,2302.8,2623.4
48990.785,40,2110.8,2337,2595
48990.825,40,2123.2,2354.2,2577
48990.865,40,2117.8,2348,2591.6
48990.905,40,2104.4,2329.6,2627
48990.945,40,2086.8,2296.2,2640.8
48990.985,40,2062.8,2237.8,2605.2
48991.025,40,2045.6,2183.2,2468.4
48991.065,40,2029.8,2131.6,2305.6
48991.105,40,2020.2,2098.6,2181.8
48991.145,40,2017.6,2084.6,2134.4
48991.185,40,2018.4,2094,2143.2
48991.225,40,2024,2108.4,2208.6
48991.265,40,2034.6,2150,2340.4
48991.305,40,2055.2,2213,2519.6
48991.345,40,2085.8,2285,2614.4
48991.385,40,2116,2347.8,2591.4
48991.425,40,2143.2,2372.2,2520.2
48991.465,40,2142.2,2372.2,2517.4
48991.505,40,2128.6,2364.6,2556.8
48991.545,40,2119.6,2350,2596
48991.585,40,2104.4,2320.2,2637
48991.625,40,2081.2,2284.2,2645.8
48991.665,40,2060.8,2225.8,2580.6
48991.705,40,2043,2170.4,2424.8
48991.745,40,2024.6,2118.6,2268.2
48991.785,40,2017.6,2096.6,2171.8
48991.825,40,2022,2097.8,2178.6
48991.865,40,2026.8,2119.8,2233.6
48991.905,40,2041.4,2158.8,2373.2
48991.945,40,2059,2219.2,2559.8
48991.985,40,2082.2,2284.4,2647.6
48992.025,40,2106.2,2337.6,2618.2
48992.065,40,2124.2,2352.6,2589.2
48992.105,40,2110,2338.6,2611.8
48992.145,40,2094,2315,2641.2
48992.185,40,2080.6,2281.2,2646
48992.225,40,2069.4,2241.4,2609.6
48992.265,40,2052.6,2200.4,2517
48992.305,40,2039,2154.8,2392.2
48992.345,40,2029,2125.4,2277
48992.385,40,2024.4,2102.8,2195
48992.425,40,2014.6,2094.4,2170.4
48992.465,40,2021.6,2105.4,2193.4
48992.505,40,2034.4,2125.2,2238.6
48992.545,40,2038.4,2148.4,2320.8
48992.585,40,2052.2,2189.6,2447.8
48992.625,40,2070.8,2235.8,2568.2
48992.665,40,2077.2,2273.4,2638
48992.705,40,2088.2,2295.4,2641.2
48992.745,40,2092,2292,2646.4
48992.785,40,2081,2279.6,2638.2
48992.825,40,2071.8,2257.2,2626.6
48992.865,40,2064.4,2232,2594.8
48992.905,40,2058.4,2214.2,2548
48992.945,40,2051,2196.4,2495.2
48992.985,40,2047.8,2173.4,2432.8
48993.025,40,2043.2,2162.2,2387.6
48993.065,40,2036,2146.4,2347.2
48993.105,40,2039,2150,2337.8
48993.145,40,2033.8,2142.4,2347
48993.185,40,2038.8,2146,2350.6
48993.225,40,2040.8,2152,2348.8
48993.265,40,2042.8,2157.2,2349.4
48993.305,40,2041.8,2160.8,2357.8
48993.345,40,2046,2170.8,2356.6
48993.385,40,2047.6,2179,2398.4
48993.425,40,2049.2,2187.2,2436.4
48993.465,40,2057.4,2203.4,2472.2
48993.505,40,2052.4,2208.6,2497.2
48993.545,40,2056.4,2208.4,2511.6
48993.585,40,2055,2208.2,2511.4
48993.625,40,2056.2,2204.8,2502.8
48993.665,40,2051.2,2197.4,2490.8
48993.705,40,2053,2194,2482.4
48993.745,40,2051,2189.8,2475.4
48993.785,40,2048,2187,2468.8
48993.825,40,2046.2,2180.4,2463.8
48993.865,40,2043.4,2174.6,2460.6
48993.905,40,2046,2173.8,2443.2
48993.945,40,2046,2172.8,2437.8
48993.985,40,2042.2,2167.2,2431.4
48994.025,40,2044.6,2169.4,2417.6
48994.065,40,2041,2165.2,2413.4
48994.105,40,2038.6,2160.8,2401.2
48994.145,40,2040,2154.6,2390.2
48994.185,40,2038.6,2152.6,2372.8
48994.225,40,2039.4,2147.2,2349.4
48994.265,40,2034,2137.6,2323
48994.305,40,2028.8,2127,2290.4
48994.345,40,2024.2,2117,2249.2
48994.385,40,2023.8,2105,2213
48994.425,40,2019.2,2098.8,2176.6
48994.465,40,2013.8,2084.2,2142.6
48994.505,40,2015.8,2081.4,2118.4
48994.545,40,2014,2076.4,2099.8
48994.585,40,2006.8,2066,2086.2
48994.625,40,2006.8,2064,2079.6
48994.665,40,2005.4,2065,2073.4
48994.705,40,2006,2066,2074.2
48994.745,40,2009.8,2068.4,2071.4
48994.785,40,2008.2,2066.6,2073.8
48994.825,40,2002,2068.2,2080.6
48994.865,40,2009.2,2072.6,2085
48994.905,40,2011,2075,2103
48994.945,40,2016,2080.6,2111.8
48994.985,40,2013.8,2086.4,2134.2
48995.025,40,2018,2096.4,2165.2
48995.065,40,2022.6,2111.2,2206.4
48995.105,40,2031.8,2130,2260.6
48995.145,40,2036.6,2146,2320.2
48995.185,40,2047.6,2167,2389.8
48995.225,40,2051,2194.8,2451.6
48995.265,40,2055.8,2210.8,2486.6
48995.305,40,2062,2213.6,2502
48995.345,40,2056.2,2210.6,2507
48995.385,40,2053.6,2204.6,2494.4
48995.425,40,2049.8,2199.8,2492.4
48995.465,40,2049.4,2194.2,2487.2
48995.505,40,2048,2187.8,2479.8
48995.545,40,2050,2179.4,2465.4
48995.585,40,2043.6,2173.4,2434.2
48995.625,40,2034.8,2154.6,2382.8
48995.665,40,2036,2139.6,2323.8
48995.705,40,2030.8,2125.4,2266
48995.745,40,2028,2113.4,2232.4
48995.785,40,2023.2,2110,2218.8
48995.825,40,2025.2,2113.4,2229.2
48995.865,40,2027.4,2122.2,2237.2
48995.905,40,2029.2,2125.6,2263.4
48995.945,40,2030,2135.8,2281.4
48995.985,40,2036.2,2143.8,2300.2
48996.025,40,2040.6,2149.6,2324.8
48996.065,40,2040.2,2155.4,2351
48996.105,40,2042.8,2165.8,2373.8
48996.145,40,2048,2171,2405.2
48996.185,40,2050.8,2190.2,2453
48996.225,40,2055.6,2205.6,2494.2
48996.265,40,2059.4,2221.2,2531.6
48996.305,40,2063.2,2225,2545.4
48996.345,40,2065.4,2224.4,2549.4
48996.385,40,2054.8,2220.6,2545
48996.425,40,2057.2,2212.4,2535.4
48996.465,40,2054.6,2211,2532.6
48996.505,40,2055.8,2208.8,2531.6
48996.545,40,2055.8,2207.2,2528.8
48996.585,40,2056.4,2207.8,2523.6
48996.625,40,2053.2,2201.8,2512.2
48996.665,40,2058.8,2202.6,2502.2
48996.705,40,2048.4,2198.8,2494.4
48996.745,40,2053,2195.4,2486.4
48996.785,40,2052.4,2192.6,2479
48996.825,40,2048.2,2189.6,2476.2
48996.865,40,2050,2186.2,2479.4
48996.905,40,2045.4,2190,2470.4
48996.945,40,2046.2,2185.4,2458
48996.985,40,2045.4,2178,2459.2
48997.025,40,2043.8,2182.8,2456
48997.065,40,2045.8,2180.8,2446
48997.105,40,2045.8,2180.4,2436.6
48997.145,40,2045.8,2176.2,2435
48997.185,40,2044.2,2175.6,2431
48997.225,40,2047.2,2174.2,2420.4
48997.265,40,2042.2,2173,2416.8
48997.305,40,2041.8,2166,2407.4
48997.345,40,2043,2166.2,2406.8
48997.385,40,2040,2173.6,2401
48997.425,40,2043.8,2170.6,2393.2
48997.465,40,2044.2,2161.4,2392
48997.505,40,2043.4,2159.4,2388.8
48997.545,40,2044,2165,2378
48997.585,40,2042.2,2163.2,2376.6
48997.625,40,2041,2161.4,2373.8
48997.665,40,2041.6,2160.2,2366.8
48997.705,40,2041.2,2162.4,2360.8
48997.745,40,2041.4,2158.4,2357
48997.785,40,2044.6,2153,2355
48997.825,40,2042.4,2154,2350
48997.865,40,2040,2154.4,2349.4
48997.905,40,2037.4,2151.4,2343.4
48997.945,40,2038.6,2147.4,2341.8
48997.985,40,2034.4,2145.4,2338
48998.025,40,2035,2146.8,2332.8
48998.065,40,2034.8,2142.8,2325.2
48998.105,40,2030.6,2142.2,2323
48998.145,40,2038,2143.2,2317
48998.185,40,2037.6,2138.2,2315.4
48998.225,40,2035.2,2135,2308.8
48998.265,40,2029.2,2136.6,2305.4
48998.305,40,2031.2,2133.2,2300.2
48998.345,40,2031.2,2134.4,2294.4
48998.385,40,2036.2,2132,2290
48998.425,40,2032.4,2133.4,2284.6
48998.465,40,2035.4,2132.2,2277.8
48998.505,40,2031.6,2130.6,2273.6
48998.545,40,2031.6,2127.4,2274.8
48998.585,40,2031.8,2126.4,2270.2
48998.625,40,2032.2,2128.6,2267.8
48998.665,40,2028,2124.6,2266.4
48998.705,40,2025.6,2121.2,2261.2
48998.745,40,2029.4,2123.6,2255.6
48998.785,40,2028.2,2117.2,2255.4
48998.825,40,2029.2,2111.4,2245.4
48998.865,40,2023.2,2119.2,2246.2
48998.905,40,2028.6,2118.6,2237
48998.945,40,2025.4,2122.2,2236.6
48998.985,40,2024.2,2112.2,2231
