165377.694,40,2005.4,2063.6,2064.6
165377.734,40,2009,2070.2,2061
165377.774,40,2011,2068.2,2063
165377.814,40,2008.2,2067.4,2064.8
165377.854,40,2009.6,2068.2,2062.8
165377.894,40,2011.2,2067.2,2061.2
165377.939,45,2010,2068.2,2067.2
165377.979,40,2008.8,2066.8,2063
165378.019,40,2010,2069.6,2062
165378.059,40,2010,2067.4,2062.8
165378.099,40,2007.8,2065.2,2065.2
165378.139,40,2004.2,2064,2063.6
165378.179,40,2009.8,2066.4,2063
165378.219,40,2012.4,2070,2066.6
165378.259,40,2010.2,2074.6,2075
165378.299,40,2015.2,2076,2079.8
165378.339,40,2018.2,2078.4,2098.4
165378.379,40,2017.6,2087.8,2128.8
165378.419,40,2020.2,2101.8,2182
165378.459,40,2033.8,2126.4,2254
165378.499,40,2036.2,2159.4,2364
165378.539,40,2050.4,2194.2,2479
165378.579,40,2064,2228.2,2558.6
165378.619,40,2074.2,2249.6,2572.2
165378.659,40,2070.4,2243.6,2531
165378.699,40,2064.8,2226.6,2482.4
165378.739,40,2058.2,2216.6,2472.2
165378.779,40,2054.8,2199.6,2444.6
165378.819,40,2043.8,2170,2400.2
165378.859,40,2034.8,2148.4,2329.6
165378.899,40,2033.2,2129.4,2265.2
165378.939,40,2029,2110.6,2199
165378.979,40,2022.2,2096.6,2145.8
165379.019,40,2017,2086.2,2113.6
165379.059,40,2015,2075.4,2086.8
165379.099,40,2014,2072,2071.6
165379.139,40,2008.4,2072.8,2063
165379.179,40,2009.4,2069.2,2063.6
165379.219,40,2010.4,2070.8,2072.4
165379.259,40,2013,2073.6,2086.4
165379.299,40,2017.2,2079,2104.8
165379.339,40,2018.4,2092.4,2150
165379.379,40,2029.2,2111.6,2220
165379.419,40,2039,2143,2314.2
165379.459,40,2045.4,2180.4,2431.2
165379.499,40,2063.8,2218.2,2522
165379.539,40,2067.4,2241.4,2550.4
165379.579,40,2079.4,2248,2524
165379.619,40,2070.8,2240,2506.2
165379.659,40,2066,2231.2,2520.6
165379.699,40,2060.6,2219.4,2535
165379.739,40,2053.8,2212.2,2528
165379.779,40,2057.2,2203,2506.4
165379.819,40,2046.8,2191.6,2468.8
165379.859,40,2045.8,2181.8,2413.2
165379.899,40,2044.2,2163.8,2365
165379.939,40,2040.2,2153.6,2323.2
165379.979,40,2037.2,2144.2,2293.8
165380.019,40,2037,2140.4,2275.6
165380.059,40,2039.4,2141,2281.8
165380.099,40,2036,2138.4,2296.4
165380.139,40,2037.4,2137.2,2298.6
165380.179,40,2035.6,2138.2,2297.6
165380.219,40,2036.4,2143.8,2316.4
165380.259,40,2040.2,2153.2,2351
165380.299,40,2044,2167,2396.8
165380.339,40,2050.8,2185.2,2456
165380.379,40,2057.6,2208.4,2524
165380.419,40,2063.4,2239.8,2590.4
165380.459,40,2070.8,2258.2,2656.2
165380.499,40,2076.4,2279.8,2693.2
165380.539,40,2080.8,2296,2715
165380.579,40,2085.4,2304,2710
165380.619,40,2083.8,2295,2692.2
165380.659,40,2084.8,2282,2659.8
165380.699,40,2078.6,2274.4,2631.8
165380.739,40,2082.4,2271,2587.2
165380.779,40,2078.8,2266,2562.2
165380.819,40,2080.8,2256.6,2553.2
165380.859,40,2075.2,2253.2,2560
165380.899,40,2073,2249.8,2562
165380.939,40,2068.6,2243.8,2554.4
165380.979,40,2067.2,2235.6,2541.2
165381.019,40,2067.4,2235.2,2525.8
165381.059,40,2060.4,2218,2496.4
165381.099,40,2054.2,2207.2,2461.8
165381.139,40,2052.4,2183.4,2420.8
165381.179,40,2045.2,2163.8,2363
165381.219,40,2035,2141.4,2310.6
165381.259,40,2032,2123.4,2244
165381.299,40,2027.6,2109,2186
165381.339,40,2020.4,2095.2,2147.2
165381.379,40,2017.2,2091.6,2123.2
165381.419,40,2017.8,2082.2,2108.6
165381.459,40,2018,2081.2,2102.8
165381.499,40,2020.4,2077.2,2098.2
165381.539,40,2014.4,2083.8,2100.6
165381.579,40,2017.2,2086.2,2109.6
165381.619,40,2016.2,2083.6,2121
165381.659,40,2022.4,2093,2153.4
165381.699,40,2026.6,2108.4,2198
165381.739,40,2029.8,2131.8,2278
165381.779,40,2049,2163.6,2373.6
165381.819,40,2055.6,2201.6,2454.4
165381.859,40,2069.4,2232.4,2510.8
165381.899,40,2074.4,2247.8,2532.8
165381.939,40,2081.2,2263,2569.4
165381.979,40,2078.2,2254.2,2577.2
165382.019,40,2070.6,2248.8,2572
165382.059,40,2066.4,2233.8,2558.4
165382.099,40,2063.4,2227.8,2527.2
165382.139,40,2058.2,2208.8,2493
165382.179,40,2055.8,2194,2437.6
165382.219,40,2051,2178.2,2379.8
165382.259,40,2044,2161.8,2336.6
165382.299,40,2043.6,2141.2,2282.4
165382.339,40,2033.4,2121.2,2238.8
165382.379,40,2027.8,2112.2,2196.4
165382.419,40,2020.4,2101.8,2168.2
165382.459,40,2020.4,2095.8,2147
165382.499,40,2020.4,2092,2139
165382.539,40,2024,2093,2145.2
165382.579,40,2020,2096.4,2151.6
165382.619,40,2021.8,2101.6,2161.8
165382.659,40,2027.4,2104.8,2190
165382.699,40,2031,2122,2240
165382.739,40,2036.2,2140.8,2310.4
165382.779,40,2044.4,2169,2406.8
165382.819,40,2051,2201.2,2505.2
165382.859,40,2064,2241.4,2580.8
165382.899,40,2078.4,2265.6,2632.2
165382.939,40,2085.6,2280.2,2646.6
165382.979,40,2083.8,2278.4,2614
165383.019,40,2076.8,2261,2576
165383.059,40,2078.6,2254.4,2564.6
165383.099,40,2072.2,2256.4,2566
165383.139,40,2074,2245.8,2574.8
165383.179,40,2066,2235,2562.2
165383.219,40,2057.4,2212.6,2519.2
165383.259,40,2048.6,2186.8,2455
165383.299,40,2042.8,2161.6,2374.2
165383.339,40,2038.2,2135,2289.2
165383.379,40,2029,2120.6,2221.6
165383.419,40,2025,2101.6,2163.6
165383.459,40,2019.2,2086,2124.4
165383.499,40,2012.6,2081.2,2099
165383.539,40,2013,2073.8,2078.8
165383.579,40,2011.6,2066.4,2074.4
165383.619,40,2013.2,2066.4,2067
165383.659,40,2013.8,2064.4,2065.4
165383.699,40,2012.8,2070,2065.8
165383.739,40,2012.8,2071,2081.2
165383.779,40,2012.8,2074.4,2091.6
165383.819,40,2013,2083.4,2121.4
165383.859,40,2021.2,2101.8,2170.8
165383.899,40,2030.4,2121.8,2240.6
165383.939,40,2038.6,2149.8,2321
165383.979,40,2046,2175,2410.8
165384.019,40,2055.8,2200.8,2468.6
165384.059,40,2060.8,2224.4,2493.2
165384.099,40,2063.8,2221.8,2485.8
165384.139,40,2057.2,2211.2,2466.6
165384.179,40,2054,2208.8,2472.4
165384.219,40,2049.8,2199,2470
165384.259,40,2053,2195.2,2452.6
165384.299,40,2045.2,2176.4,2410.6
165384.339,40,2042,2165.2,2344.6
165384.379,40,2035.8,2134,2276.6
165384.419,40,2032,2117.6,2216.4
165384.459,40,2022,2101.2,2154.2
165384.499,40,2020.8,2085.2,2110.6
165384.539,40,2014.8,2074.8,2083.2
165384.579,40,2007.4,2070.4,2070.4
165384.619,40,2010.8,2067.6,2060.6
165384.659,40,2008.6,2067.2,2066.8
165384.699,40,2007.8,2070.2,2074.4
165384.739,40,2016,2081,2094
165384.779,40,2015.4,2088.2,2144.8
165384.819,40,2025.6,2116.4,2221.4
165384.859,40,2043,2154,2357
165384.899,40,2055.6,2207,2511.6
165384.939,40,2076.4,2255.4,2592.8
165384.979,40,2086.8,2283,2589.4
165385.019,40,2086,2286.2,2606.6
165385.059,40,2073.4,2269,2615.8
165385.099,40,2062.6,2237.2,2582.4
165385.139,40,2055.4,2196.4,2484.6
165385.179,40,2038.2,2155.2,2344
165385.219,40,2030,2121.2,2224.8
165385.259,40,2021.4,2096.6,2145.6
165385.299,40,2018,2079.8,2098.4
165385.339,40,2013.2,2075.6,2082.2
165385.379,40,2009,2067.8,2070.2
165385.419,40,2012.4,2074,2078.6
165385.459,40,2012.4,2076.4,2099.2
165385.499,40,2019.4,2089,2150.8
165385.539,40,2030.2,2121.8,2243.6
165385.579,40,2038.4,2162.4,2394.2
165385.619,40,2063.2,2219.6,2544
165385.659,40,2083.2,2279.4,2599.4
165385.699,40,2095,2303.6,2612
165385.739,40,2101.4,2317.4,2675.2
165385.779,40,2081,2290.4,2673.2
165385.819,40,2072.8,2260,2620
165385.859,40,2055.2,2215.2,2508.6
165385.899,40,2043.4,2167,2375.2
165385.939,40,2032.6,2124.6,2240
165385.979,40,2024.6,2101.2,2158
165386.019,40,2016.6,2084.8,2114.8
165386.059,40,2014.8,2077.6,2088.8
165386.099,40,2010.8,2072.2,2079
165386.139,40,2012,2075.8,2085.4
165386.179,40,2012.6,2077.6,2098
165386.219,40,2025,2094,2146.8
165386.259,40,2026.6,2117,2228.6
165386.299,40,2037.8,2153.8,2356.6
165386.339,40,2057.2,2212.4,2492.8
165386.379,40,2075.2,2257.2,2578.2
165386.419,40,2089.2,2287.2,2592.4
165386.459,40,2088.6,2280.6,2598
165386.499,40,2070.8,2256.2,2586.6
165386.539,40,2062,2222,2527
165386.579,40,2050.2,2182,2421.4
165386.619,40,2040,2141.2,2311.2
165386.659,40,2025,2115.4,2208.6
165386.699,40,2021.6,2092.6,2136.8
165386.739,40,2019.8,2079,2096.8
165386.779,40,2014.4,2072.2,2076.8
165386.819,40,2008.4,2070.4,2077.4
165386.859,40,2013.8,2076.2,2086.4
165386.899,40,2012.2,2079.6,2103.4
165386.939,40,2020.4,2095.8,2153.6
165386.979,40,2030.2,2114.6,2233.8
165387.019,40,2036.6,2155,2351
165387.059,40,2053,2200.6,2483.6
165387.099,40,2071.6,2243.2,2571.8
165387.139,40,2082.8,2268,2594.8
165387.179,40,2077.6,2263,2561
165387.219,40,2068,2238,2538
165387.259,40,2056.6,2213.2,2506.4
165387.299,40,2043,2171,2406.8
165387.339,40,2033.4,2130.4,2292
165387.379,40,2028.6,2111,2198
165387.419,40,2019.4,2093,2139.8
165387.459,40,2013.4,2083.6,2102.4
165387.499,40,2011.6,2072.6,2086.2
165387.539,40,2010,2071.6,2081.6
165387.579,40,2005.2,2074.8,2087.2
165387.619,40,2012.6,2078.6,2096.6
165387.659,40,2018.4,2087.2,2128.4
165387.699,40,2024.6,2106.6,2199.8
165387.739,40,2035.8,2138,2315.6
165387.779,40,2048.8,2188.2,2429.6
165387.819,40,2062.6,2219.4,2487.6
165387.859,40,2072.2,2247.2,2544.4
165387.899,40,2067.2,2239,2565.4
165387.939,40,2059,2212.4,2526.2
165387.979,40,2045,2189.8,2453.2
165388.019,40,2037.8,2154,2341.6
165388.059,40,2030.8,2124.4,2235.8
165388.099,40,2024.4,2100,2156.6
165388.139,40,2017.4,2087,2107
165388.179,40,2017.4,2075.8,2078.2
165388.219,40,2011,2069.8,2061.6
165388.259,40,2008.8,2070.2,2062.2
165388.299,40,2007.4,2070.4,2068.8
165388.339,40,2015.8,2077,2084
165388.379,40,2015.8,2087.6,2116.4
165388.419,40,2025.4,2105.8,2188.4
165388.459,40,2032.4,2134.2,2301.2
165388.499,40,2046.6,2181.8,2444
165388.539,40,2070.2,2235.2,2543.8
165388.579,40,2078,2262.4,2581.4
165388.619,40,2083.2,2271.6,2582
165388.659,40,2068.2,2257.2,2581.8
165388.699,40,2063,2228.4,2548
165388.739,40,2048,2189.4,2451.2
165388.779,40,2038,2149.8,2339.6
165388.819,40,2029.8,2121.4,2229.8
165388.859,40,2020.8,2099.4,2158
165388.899,40,2019.6,2084.8,2111
165388.939,40,2011.6,2074.2,2082.2
165388.979,40,2009.8,2064.8,2067.8
165389.019,40,2008,2065.2,2066.6
165389.059,40,2009.8,2065.8,2066.8
165389.099,40,2014.8,2070,2085.4
165389.139,40,2018.6,2087.4,2123
165389.179,40,2022.4,2102.8,2179
165389.219,40,2035,2133.4,2281.2
165389.259,40,2044.2,2173.4,2392.6
165389.299,40,2063.2,2213.8,2485.2
165389.339,40,2071,2243,2535
165389.379,40,2071.2,2247.6,2542.8
165389.419,40,2065.4,2230.6,2527
165389.459,40,2054.4,2202.8,2471
165389.499,40,2045.4,2170.6,2380.6
165389.539,40,2031.8,2135.4,2274.4
165389.579,40,2029,2104.6,2185.2
165389.619,40,2017,2093.8,2127.6
165389.659,40,2017.6,2077.2,2087.6
165389.699,40,2010.6,2067.2,2069.8
165389.739,40,2007.4,2061.8,2061
165389.779,40,2008,2064.6,2065.2
165389.819,40,2006.4,2073.6,2075.6
165389.859,40,2016.6,2080.2,2098
165389.899,40,2025.4,2091,2143.8
165389.939,40,2026.6,2117.6,2233.8
165389.979,40,2041.4,2159.8,2374
165390.019,40,2060,2212.8,2515
165390.059,40,2077.4,2258.2,2604
165390.099,40,2082.2,2281.6,2621
165390.139,40,2081.4,2269.4,2573.8
165390.179,40,2075.8,2248,2548
165390.219,40,2056.6,2219.8,2520
165390.259,40,2049.4,2186.2,2440.8
165390.299,40,2037.8,2148.6,2331.2
165390.339,40,2026.8,2119.2,2227.6
165390.379,40,2022,2100.6,2155.8
165390.419,40,2014,2086.6,2112.2
165390.459,40,2014.8,2072,2084.6
165390.499,40,2011.4,2073,2070.4
165390.539,40,2010.4,2069.2,2071.4
165390.579,40,2005.2,2070.2,2073.8
165390.619,40,2009,2071.2,2088.8
165390.659,40,2014.8,2081.2,2108.8
165390.699,40,2020.8,2094,2152
165390.739,40,2028.4,2119.2,2224.4
165390.779,40,2037.4,2152.8,2322
165390.819,40,2049.4,2189,2433.2
165390.859,40,2066.8,2229.8,2530.8
165390.899,40,2074.4,2249.2,2564
165390.939,40,2075.2,2245.4,2538.4
165390.979,40,2060.6,2222.8,2505
165391.019,40,2052.4,2205.4,2466.6
165391.059,40,2045.4,2170.8,2390.2
165391.099,40,2043.4,2141.8,2290.4
165391.139,40,2030.4,2111.4,2209
165391.179,40,2017.4,2096.6,2146.4
165391.219,40,2014.4,2092,2111.6
165391.259,40,2010.6,2075.2,2090.6
165391.299,40,2008.4,2071.6,2074.8
165391.339,40,2012.2,2064,2076.8
165391.379,40,2012.6,2072.4,2081.6
165391.419,40,2017.2,2079,2108.2
165391.459,40,2019.8,2095.4,2156
165391.499,40,2029.4,2123.2,2252.2
165391.539,40,2041.4,2161.2,2383
165391.579,40,2060.6,2219.8,2550.2
165391.619,40,2079,2277.6,2672.8
165391.659,40,2091.2,2323.2,2715.8
165391.699,40,2095,2333.8,2707.6
165391.739,40,2090.4,2301,2656.2
165391.779,40,2080.8,2266.8,2583.8
165391.819,40,2064.2,2225.8,2511
165391.859,40,2050,2184,2414
165391.899,40,2039.4,2140.8,2297
165391.939,40,2024,2110,2196.6
165391.979,40,2023.8,2092.8,2138.4
165392.019,40,2015.8,2081.2,2098.4
165392.059,40,2012.4,2074.8,2074.6
165392.099,40,2012.8,2069.2,2063
165392.139,40,2011.8,2069.2,2067.4
165392.179,40,2009.2,2069.6,2077.4
165392.219,40,2011.6,2076,2084.4
165392.259,40,2011.6,2076.8,2106.4
165392.299,40,2020.2,2093,2139
165392.339,40,2022,2108,2186.4
165392.379,40,2028.6,2124,2232
165392.419,40,2038,2137.6,2292.6
165392.459,40,2041.2,2153,2338
165392.499,40,2049,2169.4,2374.4
165392.539,40,2046.4,2171,2384.6
165392.579,40,2042.6,2163.8,2362.8
165392.619,40,2042.8,2156,2345.8
165392.659,40,2040.8,2157.8,2333.8
165392.699,40,2041,2151.8,2321.6
165392.739,40,2034.4,2147.6,2303
165392.779,40,2033.6,2133.2,2270
165392.819,40,2030.2,2117.6,2220
165392.859,40,2022.8,2109.4,2174.4
165392.899,40,2018.2,2094,2134.6
165392.939,40,2015,2084.8,2103.4
165392.979,40,2013.8,2071.6,2086.4
165393.019,40,2011.4,2072.4,2070.8
165393.059,40,2009.8,2066.8,2070.2
165393.099,40,2013.6,2073,2073.8
165393.139,40,2011.4,2076,2086.2
165393.179,40,2009.2,2080,2101.2
165393.219,40,2013.6,2083.6,2137.6
165393.259,40,2022.2,2102.6,2175.8
165393.299,40,2027,2121,2249.2
165393.339,40,2034.6,2146.4,2333.6
165393.379,40,2045,2176.4,2420.4
165393.419,40,2050.4,2193.6,2473.8
165393.459,40,2059.8,2211.6,2487.4
165393.499,40,2062.8,2216.2,2472.4
165393.539,40,2059.2,2203,2457.4
165393.579,40,2052.6,2194,2449
165393.619,40,2048.2,2182,2433.2
165393.659,40,2044,2165.2,2393.2
165393.699,40,2033.2,2146.4,2332.6
165393.739,40,2028.8,2125.4,2259.2
165393.779,40,2027,2112,2193
165393.819,40,2020.8,2092.8,2140.4
165393.859,40,2012.6,2080,2105
165393.899,40,2012.6,2072,2080
165393.939,40,2012.2,2066.8,2066.8
165393.979,40,2013.6,2065,2055.8
165394.019,40,2011,2064.2,2057.4
165394.059,40,2009.8,2069.2,2065.4
165394.099,40,2009,2069.4,2074.6
165394.139,40,2013,2076,2091
165394.179,40,2020,2085.6,2118.4
165394.219,40,2019.6,2101.2,2172.4
165394.259,40,2024.4,2123.2,2248
165394.299,40,2036.6,2152,2353.4
165394.339,40,2044,2184.6,2467.8
165394.379,40,2053.6,2208.8,2543.8
165394.419,40,2059.4,2222.8,2560.6
165394.459,40,2056,2219.4,2516.6
165394.499,40,2057.4,2199.6,2458.4
165394.539,40,2048.2,2181.4,2414.4
165394.579,40,2046,2172.2,2382
165394.619,40,2041.4,2155,2350
165394.659,40,2035.8,2141,2298.6
165394.699,40,2029.8,2121,2238.4
165394.739,40,2020.6,2103.6,2181.6
165394.779,40,2014.4,2088.8,2136.8
165394.819,40,2015.4,2078.8,2095.6
165394.859,40,2014,2074.2,2079.6
165394.899,40,2012.6,2067.2,2070.6
165394.939,40,2012.2,2069,2063.6
165394.979,40,2012.6,2068.6,2065.8
165395.019,40,2009.6,2072.4,2072.8
165395.059,40,2011.2,2074.4,2083
165395.099,40,2011.6,2081.4,2097.2
165395.139,40,2017.2,2085,2120.4
165395.179,40,2019.8,2095.6,2167
165395.219,40,2027.6,2115,2222.8
165395.259,40,2032.2,2139.2,2304
165395.299,40,2039.4,2163,2381.6
165395.339,40,2045.2,2181.8,2444.8
165395.379,40,2047.4,2191.2,2457
165395.419,40,2045.6,2176.8,2431
165395.459,40,2046,2171.8,2373.4
165395.499,40,2042.2,2151,2325.8
165395.539,40,2036,2135,2269.2
165395.579,40,2027.8,2117.2,2221
165395.619,40,2023.4,2105.4,2175
165395.659,40,2017.6,2087.6,2131
165395.699,40,2015.6,2080.2,2099.8
165395.739,40,2016.8,2070.8,2080.6
165395.779,40,2009.4,2070.8,2068.4
165395.819,40,2012.8,2068,2058.2
165395.859,40,2011.2,2065.8,2061.8
165395.899,40,2010.2,2064.2,2065.6
165395.939,40,2011.6,2068.8,2074
165395.979,40,2017.4,2080.6,2097.6
165396.019,40,2014.6,2089.2,2126
165396.059,40,2020.2,2104.4,2186.8
165396.099,40,2030.8,2127.6,2269.2
165396.139,40,2038.2,2163.2,2380.6
165396.179,40,2056,2199.2,2496
165396.219,40,2064.8,2233.6,2582.6
165396.259,40,2073.2,2249.2,2623.8
165396.299,40,2069.2,2243.8,2591.4
165396.339,40,2067.6,2229.6,2517.2
165396.379,40,2056.4,2202,2455.6
165396.419,40,2050.4,2186.4,2396.4
165396.459,40,2044.4,2164.2,2347.2
165396.499,40,2037.8,2140.8,2288
165396.539,40,2029.8,2126.4,2234.4
165396.579,40,2027.6,2100.8,2171
165396.619,40,2022.2,2086,2129.8
165396.659,40,2015.4,2079.4,2104.8
165396.699,40,2015,2076.2,2086.2
165396.739,40,2010.6,2071.8,2073.6
165396.779,40,2009,2069.2,2071.8
165396.819,40,2010,2071.2,2068.4
165396.859,40,2016.8,2074.2,2074
165396.899,40,2017.6,2077.2,2096.4
165396.939,40,2017.4,2089.8,2123
165396.979,40,2027.6,2109,2180.2
165397.019,40,2035.2,2135.4,2262.2
165397.059,40,2043.4,2162.8,2369.2
165397.099,40,2056.2,2200.6,2490.4
165397.139,40,2067.8,2235.8,2574.6
165397.179,40,2072,2251.2,2608
165397.219,40,2066.2,2244.6,2574.6
165397.259,40,2065,2225.6,2522.6
165397.299,40,2061.8,2214.8,2476.6
165397.339,40,2057.6,2194.8,2427
165397.379,40,2049,2176.8,2381.4
165397.419,40,2040,2153.8,2328.6
165397.459,40,2030.6,2132.2,2266.4
165397.499,40,2027.4,2111.8,2208.6
165397.539,40,2021.8,2099.6,2159.4
165397.579,40,2017.4,2094,2125
165397.619,40,2010.4,2083.2,2105.8
165397.659,40,2010.8,2077.6,2091.4
165397.699,40,2010.2,2075,2084.2
165397.739,40,2011.8,2077.8,2093.8
165397.779,40,2013.4,2076.6,2098.6
165397.819,40,2020.4,2085.4,2116.4
165397.859,40,2017.8,2092.8,2151.8
165397.899,40,2024.6,2109.2,2196
165397.939,40,2028.8,2127.8,2267.8
165397.979,40,2039.4,2145.2,2334.8
165398.019,40,2042.6,2174.2,2414.6
165398.059,40,2049.8,2198.6,2479
165398.099,40,2053,2207.4,2491.8
165398.139,40,2059.6,2203.6,2456
165398.179,40,2057,2193.4,2415.4
165398.219,40,2048.8,2184,2401.6
165398.259,40,2049,2174.6,2390.6
165398.299,40,2039.8,2158.4,2360.6
165398.339,40,2036.2,2139.4,2309
165398.379,40,2035.2,2125,2249.8
165398.419,40,2025.2,2103.2,2189.6
165398.459,40,2018.2,2091.2,2143
165398.499,40,2014.2,2086.4,2115.2
165398.539,40,2013,2074,2095.2
165398.579,40,2016,2070.4,2071.6
165398.619,40,2013,2068.8,2069.2
165398.659,40,2011.8,2073,2065.2
165398.699,40,2010,2070.6,2066
165398.739,40,2012.4,2069.2,2070.8
165398.779,40,2009.6,2074.2,2086.4
165398.819,40,2013.6,2079.6,2110.8
165398.859,40,2020.8,2089.6,2144.2
165398.899,40,2024.4,2112.4,2210.2
165398.939,40,2030,2133.8,2292.2
165398.979,40,2042.8,2168,2399.4
165399.019,40,2052.8,2194.6,2480.4
165399.059,40,2055,2213,2504.8
165399.099,40,2059.4,2211.8,2476.4
165399.139,40,2056.2,2201,2430.6
165399.179,40,2052.4,2188.6,2419.4
165399.219,40,2043.4,2175.2,2396.6
165399.259,40,2040.6,2158.8,2356
165399.299,40,2035.4,2141.2,2295.4
165399.339,40,2032.6,2126.4,2240.4
165399.379,40,2026.6,2108.4,2194
165399.419,40,2018.8,2093.8,2151.4
165399.459,40,2016,2087.6,2121
165399.499,40,2011.8,2081,2096
165399.539,40,2008.6,2072,2078.6
165399.579,40,2007,2067.6,2065.8
165399.619,40,2012,2066.2,2060.4
165399.659,40,2009,2064.6,2067.8
165399.699,40,2012,2068,2065.6
165399.739,40,2011.2,2071.4,2079.6
165399.779,40,2015.8,2079.4,2098
165399.819,40,2017.6,2089.8,2139.4
165399.859,40,2025.6,2109.6,2199
165399.899,40,2032.4,2142.4,2295
165399.939,40,2041.4,2169,2418.6
165399.979,40,2054.4,2213,2544
165400.019,40,2066.4,2241,2611
165400.059,40,2067.2,2251,2614
165400.099,40,2064.4,2238,2550
165400.139,40,2059.6,2222.2,2505
165400.179,40,2059.8,2200.6,2456.4
165400.219,40,2052.6,2187.6,2417.2
165400.259,40,2044.6,2167.4,2366.4
165400.299,40,2039,2141.2,2302.2
165400.339,40,2031.6,2120.4,2231.6
165400.379,40,2025,2098.8,2178
165400.419,40,2016.4,2091.2,2130.8
165400.459,40,2013.2,2077.2,2102.2
165400.499,40,2013.6,2073.4,2081.2
165400.539,40,2014.6,2070.4,2069.6
165400.579,40,2006.6,2063.4,2064.2
165400.619,40,2007.2,2065.4,2063.8
165400.659,40,2008.2,2068.2,2069.4
165400.699,40,2013.6,2072.2,2071
165400.739,40,2013.8,2078.8,2087.6
165400.779,40,2017,2082.8,2112
165400.819,40,2020.4,2095.6,2162.2
165400.859,40,2028.2,2115.8,2237.8
165400.899,40,2037.4,2151,2357.2
165400.939,40,2051.6,2194,2483.6
165400.979,40,2068.2,2235.4,2560.6
165401.019,40,2073.2,2251,2566.8
165401.059,40,2069,2246.4,2546.8
165401.099,40,2066.6,2237.6,2551
165401.139,40,2059.8,2218.4,2539.8
165401.179,40,2053.2,2199.4,2490.4
165401.219,40,2041.4,2170.8,2423.8
165401.259,40,2040,2148.2,2329
165401.299,40,2031.6,2127.4,2254.2
165401.339,40,2027,2112.2,2188.2
165401.379,40,2021.6,2090.4,2140
165401.419,40,2017.6,2082.4,2105.4
165401.459,40,2013.4,2072.4,2084.2
165401.499,40,2007.6,2068,2066
165401.539,40,2011.2,2067,2058.6
165401.579,40,2010.4,2070.4,2061
165401.619,40,2011.4,2065.6,2069.6
165401.659,40,2011.4,2066.4,2076.4
165401.699,40,2007.4,2074.4,2095.8
165401.739,40,2018,2085.6,2136.8
165401.779,40,2024,2110,2209
165401.819,40,2037,2148.2,2329.6
165401.859,40,2057.6,2206.2,2509.4
165401.899,40,2084.8,2285.6,2676
165401.939,40,2118.6,2367.2,2719.6
165401.979,40,2143.8,2413.4,2671.2
165402.019,40,2160.4,2431.4,2613.8
165402.059,40,2164.4,2428.6,2607.4
165402.099,40,2151.2,2422.2,2651.4
165402.139,40,2133.4,2405.8,2693.2
165402.179,40,2121.4,2380.4,2715
165402.219,40,2105.6,2336,2693.2
165402.259,40,2087.8,2289.2,2648.4
165402.299,40,2068.4,2245,2569.6
165402.339,40,2057.6,2212,2503.4
165402.379,40,2052,2192,2450.6
165402.419,40,2046.8,2181,2431
165402.459,40,2050,2186.4,2437.6
165402.499,40,2052.2,2193.8,2465.4
165402.539,40,2059.6,2215.2,2524.4
165402.579,40,2071,2255.8,2620.2
165402.619,40,2088.2,2318.6,2729
165402.659,40,2119.6,2390.6,2787
165402.699,40,2142.6,2443,2771
165402.739,40,2157,2473,2748.2
165402.779,40,2159.6,2476.6,2736.2
165402.819,40,2156.8,2468.8,2749
165402.859,40,2151.4,2451.4,2757.6
165402.899,40,2134.4,2415.8,2736.8
165402.939,40,2119.6,2364.4,2700.2
165402.979,40,2094.2,2310.6,2652.8
165403.019,40,2073,2253,2572.8
165403.059,40,2054.2,2194.4,2461.6
165403.099,40,2038.4,2144.2,2325
165403.139,40,2026.2,2112.8,2218.6
165403.179,40,2018.2,2093.6,2143.8
165403.219,40,2015.6,2081.6,2104.4
165403.259,40,2014,2072.8,2083.8
165403.299,40,2011.6,2074.2,2075.2
165403.339,40,2008.6,2069.8,2077.2
165403.379,40,2013.2,2074.8,2083.6
165403.419,40,2013.8,2085,2110.6
165403.459,40,2018.6,2092.6,2150.8
165403.499,40,2025.6,2111.8,2218.4
165403.539,40,2036,2148.2,2322.4
165403.579,40,2044.8,2186,2456
165403.619,40,2063.4,2232.8,2564.2
165403.659,40,2078.6,2268,2605.8
165403.699,40,2087.2,2287.2,2601
165403.739,40,2083.2,2283.2,2601
165403.779,40,2072.6,2255.8,2601.4
165403.819,40,2063.2,2227.8,2557
165403.859,40,2048.6,2185.4,2444.4
165403.899,40,2034.6,2143.2,2311.8
165403.939,40,2033.2,2112.4,2207.4
165403.979,40,2022,2096.4,2143.8
165404.019,40,2020.2,2084.4,2106.4
165404.059,40,2011.4,2074,2089.6
165404.099,40,2012.2,2075.8,2081.8
165404.139,40,2009.8,2068,2087
165404.179,40,2020.6,2083,2113.4
165404.219,40,2019.8,2095.8,2161.2
165404.259,40,2031.6,2121.8,2239.8
165404.299,40,2040.6,2161.2,2364.4
165404.339,40,2062,2214,2502.4
165404.379,40,2085.8,2280.2,2615.4
165404.419,40,2102.4,2331,2666.6
165404.459,40,2115.8,2351,2683.4
165404.499,40,2104.4,2333.6,2675.4
165404.539,40,2090.8,2304.6,2646.2
165404.579,40,2078.8,2261.4,2595.6
165404.619,40,2059.2,2222,2505.2
165404.659,40,2043.6,2169.4,2394
165404.699,40,2036.2,2138.4,2274.2
165404.739,40,2026.4,2110.2,2188.6
165404.779,40,2018.4,2091.6,2139.4
165404.819,40,2017,2082.2,2107.2
165404.859,40,2014.4,2078.4,2090.8
165404.899,40,2013.4,2077.6,2094.2
165404.939,40,2018,2081.8,2117.2
165404.979,40,2022.2,2102.6,2166.4
165405.019,40,2030.4,2126.2,2266.6
165405.059,40,2047.2,2179.2,2417
165405.099,40,2072,2247.4,2551.6
165405.139,40,2098.6,2315.4,2626
165405.179,40,2125.4,2373.6,2673.8
165405.219,40,2127,2397,2717.6
165405.259,40,2110.6,2372,2743.8
165405.299,40,2102.2,2348,2731.6
165405.339,40,2089.2,2293.4,2665.6
165405.379,40,2069,2233.4,2545.2
165405.419,40,2054,2182.4,2400.2
165405.459,40,2040.8,2143.4,2282
165405.499,40,2028.8,2111.6,2192.4
165405.539,40,2023,2090.2,2134.2
165405.579,40,2014.6,2079.2,2100.4
165405.619,40,2011.4,2076.8,2080.2
165405.659,40,2011.6,2070.8,2078
165405.699,40,2011.8,2077.4,2093.2
165405.739,40,2016.4,2086.4,2115.6
165405.779,40,2020.4,2102,2184
165405.819,40,2034.4,2135.4,2300
165405.859,40,2049.8,2194.2,2473.4
165405.899,40,2079.8,2267.2,2616.8
165405.939,40,2104.4,2337.4,2671.4
165405.979,40,2123.2,2356.8,2655.6
165406.019,40,2115.4,2354.6,2660.2
165406.059,40,2103.8,2332.4,2679.4
165406.099,40,2088.8,2307.2,2681
165406.139,40,2073.6,2259.8,2617.2
165406.179,40,2054,2207.6,2485
165406.219,40,2038.4,2158,2341.6
165406.259,40,2029.8,2122.6,2236.6
165406.299,40,2020.8,2102,2160.8
165406.339,40,2015.4,2084.6,2117.8
165406.379,40,2013.2,2075.4,2088.2
165406.419,40,2014,2070.8,2076.4
165406.459,40,2011.4,2073.4,2082
165406.499,40,2017.2,2076.2,2090.2
165406.539,40,2015.8,2083,2119.2
165406.579,40,2018.8,2095,2168.4
165406.619,40,2033,2121.8,2248.6
165406.659,40,2041.4,2159.8,2349.2
165406.699,40,2049.8,2187.2,2418.4
165406.739,40,2056,2200,2443.4
165406.779,40,2054.4,2190.4,2438.2
165406.819,40,2043.6,2165,2392.6
165406.859,40,2038,2149.2,2329.4
165406.899,40,2033.2,2123,2246.2
165406.939,40,2025.2,2106.2,2175
165406.979,40,2018.2,2086.8,2122.6
165407.019,40,2007.6,2081.4,2093
165407.059,40,2011.2,2074,2076.4
165407.099,40,2009.2,2072.2,2071.4
165407.139,40,2009.6,2072.2,2080.8
165407.179,40,2009.4,2078.2,2104.8
165407.219,40,2019,2094.6,2156.6
165407.259,40,2033.4,2125.8,2257
165407.299,40,2046.6,2168.6,2406
165407.339,40,2061,2215.8,2520.6
165407.379,40,2070.8,2242.6,2544
165407.419,40,2068.6,2238.6,2556.4
165407.459,40,2061.8,2226.8,2562.4
165407.499,40,2056.4,2201.4,2514.8
165407.539,40,2044.8,2172.4,2420.6
165407.579,40,2035.6,2139,2309.8
165407.619,40,2027.2,2117.4,2219.4
165407.659,40,2026.4,2099.2,2157.4
165407.699,40,2017.8,2089.2,2116.6
165407.739,40,2012.2,2079.6,2095.4
165407.779,40,2015,2079,2089.2
165407.819,40,2007.6,2082,2101.6
165407.859,40,2017.2,2083,2125
165407.899,40,2020.4,2093.8,2166.8
165407.939,40,2027.8,2116.6,2228.4
165407.979,40,2035.4,2143.4,2313
165408.019,40,2046.2,2171,2373
165408.059,40,2047.2,2188,2432.2
165408.099,40,2047.2,2177.2,2419.4
165408.139,40,2040,2163.2,2385.4
165408.179,40,2042.4,2144.8,2323.6
165408.219,40,2033,2128.6,2261.4
165408.259,40,2033.8,2111.2,2196.2
165408.299,40,2020.8,2095.8,2144.2
165408.339,40,2015.2,2085.2,2113.2
165408.379,40,2012,2074,2091.8
165408.419,40,2011.2,2071,2075.8
165408.459,40,2014,2072.8,2080.2
165408.499,40,2013.4,2074.2,2088.4
165408.539,40,2014.4,2086.2,2125.6
165408.579,40,2022.4,2100.8,2169.4
165408.619,40,2028.8,2119.4,2240.4
165408.659,40,2038.6,2150.2,2342.8
165408.699,40,2048.8,2188.6,2448.2
165408.739,40,2061.8,2223.8,2540.8
165408.779,40,2069,2255.4,2593.6
165408.819,40,2075.8,2259.6,2585
165408.859,40,2069.8,2237.4,2540.2
165408.899,40,2056.8,2203.6,2492.2
165408.939,40,2044.8,2175,2409.2
165408.979,40,2036.4,2142.6,2304.4
165409.019,40,2028.6,2117.4,2209.6
165409.059,40,2024.6,2098,2144
165409.099,40,2016.8,2084.6,2113.2
165409.139,40,2012.4,2074,2087
165409.179,40,2010.6,2069,2077
165409.219,40,2012.2,2069.2,2076.4
165409.259,40,2013.6,2069.2,2083
165409.299,40,2014.6,2082.4,2109.4
165409.339,40,2023.4,2102.8,2174.6
165409.379,40,2034.8,2134.4,2275
165409.419,40,2052,2179.6,2395.8
165409.459,40,2071.6,2245.4,2558.8
165409.499,40,2089.2,2304,2691
165409.539,40,2105.6,2339,2753.6
165409.579,40,2095.4,2333.4,2766.2
165409.619,40,2085.8,2303,2739
165409.659,40,2076,2271.6,2662.4
165409.699,40,2060,2220,2536
165409.739,40,2046.2,2175.2,2389.6
165409.779,40,2035.2,2139.4,2267
165409.819,40,2026.4,2103,2183.2
165409.859,40,2016.6,2090.6,2126.8
165409.899,40,2018,2075.6,2093.6
165409.939,40,2010,2069.6,2072.6
165409.979,40,2008,2069.6,2067.2
165410.019,40,2007.6,2070.2,2071.8
165410.059,40,2007.4,2069.4,2077.8
165410.099,40,2016.6,2078.4,2097.8
165410.139,40,2017.2,2088.6,2144.2
165410.179,40,2023.2,2111.4,2214
165410.219,40,2034.6,2139.4,2303
165410.259,40,2048.6,2176.8,2394.2
165410.299,40,2059.4,2203.2,2444
165410.339,40,2063.2,2225.8,2507
165410.379,40,2056.8,2215.4,2519.4
165410.419,40,2053.2,2198,2484.8
165410.459,40,2045.4,2173.6,2424.8
165410.499,40,2036.8,2151.4,2342.6
165410.539,40,2032.4,2128.8,2258.8
165410.579,40,2029.2,2113.8,2183.6
165410.619,40,2020.2,2089.4,2131.2
165410.659,40,2015.6,2076.4,2095.8
165410.699,40,2015.2,2072.6,2070.2
165410.739,40,2006.4,2062.8,2065.8
165410.779,40,2008.8,2065.8,2062.2
165410.819,40,2011.6,2065.4,2067.2
165410.859,40,2009.6,2073.6,2082
165410.899,40,2013,2080.6,2105.8
165410.939,40,2016.6,2090.8,2142.6
165410.979,40,2023.6,2105.4,2194.6
165411.019,40,2031.4,2127.4,2270.8
165411.059,40,2042.8,2147.4,2350.4
165411.099,40,2043.4,2174.4,2414.4
165411.139,40,2047.6,2189.2,2444
165411.179,40,2053.2,2187,2418.8
165411.219,40,2045.8,2169.6,2379.4
165411.259,40,2042.4,2164.4,2362.6
165411.299,40,2038.2,2148.2,2330.2
165411.339,40,2033,2134.2,2278.4
165411.379,40,2027.4,2113.6,2219
165411.419,40,2025.4,2100.4,2165.2
165411.459,40,2019,2086.2,2122.6
165411.499,40,2016.4,2078.2,2099
165411.539,40,2006.6,2072,2082.6
165411.579,40,2008.6,2067.2,2072.8
165411.619,40,2012.2,2070.8,2066.8
165411.659,40,2010.2,2077.2,2078.2
165411.699,40,2009.4,2076.6,2090.6
165411.739,40,2012.4,2081.4,2112.2
165411.779,40,2020.4,2089,2147.2
165411.819,40,2025.2,2111.2,2196.8
165411.859,40,2036,2125,2258.4
165411.899,40,2036,2144.6,2310.6
165411.939,40,2042.2,2157.6,2336.8
165411.979,40,2045.6,2159,2352.6
165412.019,40,2039.6,2149.8,2328.6
165412.059,40,2035.4,2142.2,2286.2
165412.099,40,2034.8,2124.4,2245.8
165412.139,40,2027,2113.6,2202.2
165412.179,40,2024,2101.6,2160.6
165412.219,40,2018.8,2090.6,2125.6
165412.259,40,2013.6,2079.2,2099.2
165412.299,40,2011.2,2071.2,2072
165412.339,40,2009.6,2068,2062.6
165412.379,40,2009.8,2066.2,2057.2
165412.419,40,2009.2,2069.8,2064
165412.459,40,2011.8,2070.2,2069.4
165412.499,40,2011.8,2070.6,2082
165412.539,40,2016.8,2080,2100.6
165412.579,40,2019,2094.4,2131.2
165412.619,40,2023.6,2101.8,2174.2
165412.659,40,2028,2127.6,2238.4
165412.699,40,2033.8,2139.4,2298.6
165412.739,40,2042.2,2160.6,2338.6
165412.779,40,2041.6,2164.6,2346.6
165412.819,40,2043.4,2159.8,2323.8
165412.859,40,2039,2141,2299
165412.899,40,2032,2134.6,2275.6
165412.939,40,2028,2116,2232.4
165412.979,40,2020.2,2105.2,2192
165413.019,40,2017,2096.4,2143.8
165413.059,40,2015.6,2082.6,2107
165413.099,40,2010.4,2078.6,2084.2
165413.139,40,2009.6,2073,2069.6
165413.179,40,2009,2066.8,2058.4
165413.219,40,2006.8,2063.6,2062.4
165413.259,40,2012.6,2068,2064.8
165413.299,40,2007.8,2065.4,2069
165413.339,40,2008.6,2066.2,2072.4
165413.379,40,2012,2078,2088.2
165413.419,40,2019,2085,2113.4
165413.459,40,2022.6,2097.6,2142.8
165413.499,40,2031,2113.2,2196.6
165413.539,40,2033.2,2134.8,2261.2
165413.579,40,2044.4,2155.4,2336.4
165413.619,40,2048,2174,2393
165413.659,40,2048.8,2181,2406
165413.699,40,2043.4,2170,2379.8
165413.739,40,2042.2,2162.4,2344.4
165413.779,40,2040.2,2148.4,2305.8
165413.819,40,2029.8,2126.6,2261
165413.859,40,2020.4,2110.2,2202.6
165413.899,40,2018.2,2092.4,2153.2
165413.939,40,2014.6,2081.6,2112.8
165413.979,40,2010.2,2075,2092.2
165414.019,40,2011.6,2073.2,2074.8
165414.059,40,2011.8,2068.8,2068.8
165414.099,40,2008.8,2070,2069
165414.139,40,2010.4,2066.8,2076
165414.179,40,2014.6,2076.4,2084.8
165414.219,40,2014,2078.8,2103
165414.259,40,2013.8,2087.6,2133.2
165414.299,40,2027,2099.6,2172
165414.339,40,2024.8,2117.6,2228.8
165414.379,40,2036,2135.2,2286.2
165414.419,40,2042.2,2156.8,2342.2
165414.459,40,2042.6,2168.2,2368.8
165414.499,40,2045.4,2168,2361
165414.539,40,2042.2,2159.4,2340.4
165414.579,40,2041.2,2150.4,2320.8
165414.619,40,2033.8,2147.2,2299.8
165414.659,40,2031.8,2130.6,2277.8
165414.699,40,2035.8,2122.4,2236
165414.739,40,2028.6,2116.6,2207.2
165414.779,40,2023.2,2103.8,2176.4
165414.819,40,2024.4,2095.6,2144.6
165414.859,40,2018.8,2086,2126.4
165414.899,40,2013.6,2086.2,2103.2
165414.939,40,2014.6,2076.2,2088.2
165414.979,40,2010.2,2071.4,2083.6
165415.019,40,2009,2067.8,2074.8
165415.059,40,2010.8,2071.6,2074.6
165415.099,40,2013.4,2073,2077.8
165415.139,40,2012,2073.2,2081
165415.179,40,2016.4,2075.8,2090.8
165415.219,40,2017,2084.8,2111.8
165415.259,40,2016.2,2094,2141.6
165415.299,40,2023.2,2108,2188
165415.339,40,2033,2131.8,2252.2
165415.379,40,2042,2152,2317.8
165415.419,40,2043.4,2169.2,2377.6
165415.459,40,2047.8,2172.4,2401.6
165415.499,40,2041.6,2162.2,2364
165415.539,40,2043,2154.8,2330.6
165415.579,40,2036.4,2140.2,2289
165415.619,40,2031.4,2129.6,2250.2
165415.659,40,2029.6,2118,2202.2
165415.699,40,2022.6,2097.4,2163.2
165415.739,40,2016.4,2089.2,2129
165415.779,40,2016.2,2081.2,2098
165415.819,40,2010.6,2072.4,2084.4
165415.859,40,2009,2067,2072.2
165415.899,40,2008.6,2066,2062.8
165415.939,40,2012,2068,2059
165415.979,40,2010.6,2070.2,2066
165416.019,40,2012,2064,2071.6
165416.059,40,2011.6,2072.6,2084.2
165416.099,40,2016,2082.4,2107.2
165416.139,40,2016.6,2087.4,2132.8
165416.179,40,2023.6,2105.8,2184.2
165416.219,40,2032.2,2126.8,2243.8
165416.259,40,2038.8,2146,2312.6
165416.299,40,2044.8,2169,2370.6
165416.339,40,2050.4,2175.8,2388.8
165416.379,40,2046.2,2173.6,2369.4
165416.419,40,2042,2160.6,2338.6
165416.459,40,2037.4,2144.2,2303.4
165416.499,40,2028.8,2129.4,2263.6
165416.539,40,2023.6,2112.4,2217.4
165416.579,40,2023.4,2102.6,2165.6
165416.619,40,2019.2,2090.2,2125.2
165416.659,40,2013.2,2080.6,2099.4
165416.699,40,2012.8,2070.6,2081.2
165416.739,40,2011.6,2072.8,2062.8
165416.779,40,2010.4,2063,2060
165416.819,40,2008.2,2068.2,2060.2
165416.859,40,2011,2067.4,2067
165416.899,40,2010.8,2069.8,2071.2
165416.939,40,2014.4,2073.8,2082.4
165416.979,40,2014.8,2080.4,2096.8
165417.019,40,2019.4,2091.4,2133
165417.059,40,2021.2,2101.4,2179.4
165417.099,40,2031.4,2120.8,2235
165417.139,40,2041.2,2139.2,2293.6
165417.179,40,2041.6,2160.2,2342.4
165417.219,40,2042.4,2168,2364.2
165417.259,40,2041.6,2157.8,2341
165417.299,40,2041.2,2150.2,2314.2
165417.339,40,2035.8,2135.6,2275.2
165417.379,40,2030,2125.6,2239.2
165417.419,40,2026.2,2107.4,2194
165417.459,40,2023,2098,2156.8
165417.499,40,2018.2,2090.4,2123.2
165417.539,40,2013.8,2080.6,2100.8
165417.579,40,2015.6,2075.8,2081
165417.619,40,2013.4,2073.6,2069.2
165417.659,40,2011.6,2069,2058.6
165417.699,40,2013.6,2070.4,2062.4
165417.739,40,2015.2,2067,2063.4
165417.779,40,2006.2,2069.6,2069
165417.819,40,2010.2,2075.4,2077.2
165417.859,40,2012.8,2077.8,2093.8
165417.899,40,2016,2089.6,2120.4
165417.939,40,2024.2,2097.8,2154.2
165417.979,40,2021,2110.4,2198.2
165418.019,40,2032.2,2127.4,2254.2
165418.059,40,2035.8,2140,2294.2
165418.099,40,2041.8,2147,2306.8
165418.139,40,2036,2143.6,2291.8
165418.179,40,2033.2,2139.2,2265.2
165418.219,40,2030.2,2130.6,2246.6
165418.259,40,2029.6,2125.6,2231.4
165418.299,40,2025.8,2111.2,2205.4
165418.339,40,2027,2105.8,2175
165418.379,40,2015,2089.2,2147.8
165418.419,40,2015.8,2083.8,2120
165418.459,40,2014.6,2078.8,2096.6
165418.499,40,2011.4,2075.6,2079.6
165418.539,40,2012.8,2071.2,2063.4
165418.579,40,2009.2,2068,2067.4
165418.619,40,2007.4,2069.2,2061.6
165418.659,40,2009.4,2068.2,2066.8
165418.699,40,2006,2066.2,2070.4
165418.739,40,2012.4,2073.2,2076
165418.779,40,2012,2073.4,2092.4
165418.819,40,2020.2,2087.8,2115.6
165418.859,40,2022,2092.8,2150.2
165418.899,40,2025.8,2110.8,2190.2
165418.939,40,2035,2120.6,2235.4
165418.979,40,2035.2,2139.6,2271.6
165419.019,40,2041,2143.8,2287.8
165419.059,40,2035.6,2140.6,2284.6
165419.099,40,2038.2,2136.8,2263.6
165419.139,40,2034.6,2128.2,2248.2
165419.179,40,2032,2118,2226.8
165419.219,40,2026.8,2118,2209.2
165419.259,40,2027.2,2110.4,2187.4
165419.299,40,2021.8,2103,2164.2
165419.339,40,2019.8,2093.4,2142.4
165419.379,40,2019.2,2090,2126.2
165419.419,40,2013,2083.2,2110.2
165419.459,40,2015.6,2078.8,2091
165419.499,40,2013.4,2072.6,2084
165419.539,40,2010.8,2073.4,2083.4
165419.579,40,2011.8,2071.6,2082.4
165419.619,40,2013.2,2072.2,2083.2
165419.659,40,2013,2078.4,2089.4
165419.699,40,2013,2081.6,2101.6
165419.739,40,2018.4,2088.4,2124.2
165419.779,40,2018,2095,2154.4
165419.819,40,2028.2,2109.6,2206.2
165419.859,40,2029.6,2121.8,2255
165419.899,40,2036.8,2141.8,2303.8
165419.939,40,2035.8,2153.6,2346.2
165419.979,40,2040.6,2153,2357.4
165420.019,40,2040.6,2154,2330.8
165420.059,40,2040.2,2152.2,2315.4
165420.099,40,2039.4,2146.8,2303.6
165420.139,40,2036.2,2143,2294
165420.179,40,2036.8,2137.2,2279.2
165420.219,40,2037,2128.6,2252.6
165420.259,40,2026.8,2118.4,2221.8
165420.299,40,2025,2105.4,2185.8
165420.339,40,2019.8,2098.4,2155.6
165420.379,40,2020,2091.6,2122.4
165420.419,40,2015.4,2083.2,2099.4
165420.459,40,2013.2,2076.6,2091.8
165420.499,40,2012.2,2073.4,2086.4
165420.539,40,2010.6,2073.2,2085
165420.579,40,2009.8,2073,2081
165420.619,40,2011,2074,2085.8
165420.659,40,2016.4,2079.2,2094.8
165420.699,40,2016.4,2078.4,2112.6
165420.739,40,2017.2,2094.8,2145.8
165420.779,40,2025.8,2108.4,2188.6
165420.819,40,2026.4,2126.8,2245
165420.859,40,2032.4,2138.8,2288
165420.899,40,2039.2,2153.8,2321
165420.939,40,2041.6,2148.8,2305
165420.979,40,2036.2,2141.6,2287.8
165421.019,40,2033.8,2132.6,2278.4
165421.059,40,2032.2,2127.4,2258.6
165421.099,40,2029.2,2118.4,2229.8
165421.139,40,2023.2,2110.4,2196
165421.179,40,2020.2,2094.8,2167.4
165421.219,40,2021.8,2092,2134
165421.259,40,2016.8,2085.4,2115.6
165421.299,40,2014.8,2078.6,2095.8
165421.339,40,2015.2,2071.4,2082.2
165421.379,40,2013,2070.8,2069.8
165421.419,40,2010.2,2069.4,2068.4
165421.459,40,2009.8,2071.8,2064
165421.499,40,2007.4,2066.8,2060.6
165421.539,40,2007,2068.2,2063
165421.579,40,2013.2,2072,2068
165421.619,40,2014.4,2073.6,2080.6
165421.659,40,2017,2075.8,2096.8
165421.699,40,2017.4,2093.2,2125.8
165421.739,40,2025.8,2103.2,2172
165421.779,40,2028.6,2124,2235.6
165421.819,40,2039,2142.6,2301
165421.859,40,2044.8,2159.8,2353.8
165421.899,40,2040.2,2157.2,2344.6
165421.939,40,2038.8,2147.8,2306.6
165421.979,40,2028,2133.4,2259.4
165422.019,40,2027,2113.8,2202.2
165422.059,40,2022.4,2101.8,2148.8
165422.099,40,2018.4,2081.6,2111.2
165422.139,40,2016,2073,2080.2
165422.179,40,2008,2070,2066.6
165422.219,40,2006,2071,2064.8
165422.259,40,2010.2,2072.6,2067.2
165422.299,40,2009.6,2073.2,2079.4
165422.339,40,2015.8,2083.6,2113.8
165422.379,40,2021.8,2104.2,2165.2
165422.419,40,2036.8,2134,2264.8
165422.459,40,2049,2181.4,2401
165422.499,40,2061.6,2227.2,2539.6
165422.539,40,2071.8,2253.4,2616.6
165422.579,40,2070.8,2243,2611.6
165422.619,40,2063.8,2217.4,2541.8
165422.659,40,2053.4,2194.4,2467.4
165422.699,40,2042.2,2160.8,2360.2
165422.739,40,2035.4,2130.8,2261.4
165422.779,40,2031.6,2110.6,2189.6
165422.819,40,2018.6,2091.6,2139.6
165422.859,40,2019.2,2081,2096.8
165422.899,40,2011.2,2072.4,2084.2
165422.939,40,2013.8,2072.4,2074.2
165422.979,40,2013.4,2073.6,2078
165423.019,40,2017.8,2078.6,2090.6
165423.059,40,2015.6,2091.2,2113.6
165423.099,40,2024.4,2101.8,2164.4
165423.139,40,2033.6,2121.6,2247.8
165423.179,40,2042.6,2160.8,2374.6
165423.219,40,2055.6,2198.6,2517.8
165423.259,40,2058.8,2228.6,2600.2
165423.299,40,2057.6,2221.2,2580.8
165423.339,40,2048,2197.8,2500
165423.379,40,2047,2171.6,2411.4
165423.419,40,2037.2,2149,2316.2
165423.459,40,2032,2123,2229.8
165423.499,40,2024.4,2104.2,2175.6
165423.539,40,2016.2,2085.2,2131
165423.579,40,2013.4,2083,2100.2
165423.619,40,2012.6,2071.6,2080.2
165423.659,40,2006.4,2072.4,2076
165423.699,40,2009.4,2067.6,2074
165423.739,40,2015,2077,2081.4
165423.779,40,2012,2078.2,2103
165423.819,40,2015,2086.8,2123.8
165423.859,40,2021.2,2099.2,2158.4
165423.899,40,2030.8,2116.2,2217.6
165423.939,40,2034,2134,2275.6
165423.979,40,2041.6,2159.8,2326.2
165424.019,40,2046.6,2168.4,2362.4
165424.059,40,2046.2,2168.8,2361.4
165424.099,40,2041.6,2156.4,2339.8
165424.139,40,2042.2,2143.6,2312.4
165424.179,40,2034,2134.2,2284
165424.219,40,2033,2123.8,2243
165424.259,40,2025.8,2114.2,2202
165424.299,40,2027.2,2102.8,2159.6
165424.339,40,2020,2088,2124.4
165424.379,40,2021.2,2080.8,2103.4
