214075.358,40,2005.6,2057,2035.4
214075.398,40,2004.6,2057.2,2032.6
214075.438,40,2005.4,2057.6,2031.6
214075.478,40,2007,2056,2033.6
214075.518,40,2003.2,2056.2,2033.2
214075.558,40,1998.6,2055.6,2037.6
214075.598,40,2001,2052,2034.6
214075.638,40,2002.4,2053.6,2035.6
214075.678,40,2009,2056.2,2032.6
214075.718,40,2005.8,2055.2,2034.2
214075.758,40,2004.6,2054.2,2035
214075.798,40,2003,2059.6,2031.2
214075.838,40,2007,2056.4,2032
214075.878,40,2004.2,2052.8,2036.4
214075.918,40,2002.4,2057.8,2035.4
214075.958,40,2003.6,2059,2036.2
214075.998,40,2006,2062.6,2042.4
214076.038,40,2003.6,2063.4,2048.8
214076.078,40,2009.2,2067,2062.4
214076.118,40,2017,2079.6,2086.8
214076.158,40,2031.2,2107.6,2115.2
214076.198,40,2049.6,2124.4,2113.8
214076.238,40,2067.2,2125.4,2096
214076.278,40,2072.4,2116.6,2072
214076.318,40,2069.4,2100.4,2048.4
214076.358,40,2063.6,2087.2,2035.2
214076.398,40,2049.8,2079.8,2029.6
214076.438,40,2047.2,2071,2024.6
214076.478,40,2050.2,2074.4,2024.8
214076.518,40,2053.4,2078.4,2029.8
214076.558,40,2065.4,2093.6,2040.8
214076.598,40,2070.8,2107.8,2058.4
214076.638,40,2072,2126,2085.2
214076.678,40,2059.8,2130,2114.6
214076.718,40,2041.8,2115.6,2123.6
214076.758,40,2026,2098.2,2106.8
214076.798,40,2008,2072.6,2074
214076.838,40,2007.2,2062.4,2051.2
214076.878,40,2004.2,2054.2,2043.6
214076.918,40,2003.6,2059.4,2038
214076.958,40,2005.6,2051.2,2034.6
214076.998,40,2005.6,2062,2039.2
214077.038,40,2007.4,2061.6,2054.4
214077.078,40,2015.4,2075,2076.2
214077.118,40,2029.6,2096.6,2104.8
214077.158,40,2041.4,2122.2,2115.2
214077.198,40,2061.8,2123,2099.6
214077.238,40,2061.8,2115.8,2072.4
214077.278,40,2066.6,2099.4,2049.6
214077.318,40,2058.2,2087,2038
214077.358,40,2053.2,2076.4,2027
214077.398,40,2048,2076.6,2025.2
214077.438,40,2057.4,2078.4,2031
214077.478,40,2062.6,2089,2043.4
214077.518,40,2067.6,2108,2052.2
214077.558,40,2073.4,2126.2,2078.4
214077.598,40,2065.8,2130.6,2105.6
214077.638,40,2052.8,2122.2,2125
214077.678,40,2034,2107.4,2122
214077.718,40,2020.4,2086.6,2092.4
214077.758,40,2013,2072.2,2067.4
214077.798,40,2009,2062.2,2051.4
214077.838,40,2003.2,2056.2,2042.6
214077.878,40,2000.2,2058.8,2037.2
214077.918,40,2003,2060.4,2037
214077.958,40,2003,2059.8,2042
214077.998,40,2013.8,2065,2052.4
214078.038,40,2013.4,2074.4,2070
214078.078,40,2023.8,2090.6,2099.6
214078.118,40,2038.4,2110.4,2106.6
214078.158,40,2055.4,2121.4,2094.8
214078.198,40,2067,2119.6,2072.4
214078.238,40,2067.4,2101.6,2053.2
214078.278,40,2066,2091,2042.4
214078.318,40,2061.8,2085.4,2035.2
214078.358,40,2062.8,2082.2,2031.4
214078.398,40,2063.8,2084.8,2036.2
214078.438,40,2065.4,2091.4,2040.6
214078.478,40,2073.4,2100.2,2047.2
214078.518,40,2071,2111.4,2066.8
214078.558,40,2067.6,2122.6,2091.2
214078.598,40,2055.2,2127.8,2115.6
214078.638,40,2044.2,2118.8,2123.2
214078.678,40,2025.2,2099.6,2112
214078.718,40,2018.8,2085.4,2091.2
214078.758,40,2012.8,2075.6,2068.6
214078.798,40,2007.6,2064.8,2054.4
214078.838,40,2006.4,2063.6,2041.6
214078.878,40,2008.8,2061,2039.4
214078.918,40,2003.4,2058.6,2040.2
214078.958,40,2007,2063.2,2042.8
214078.998,40,2010.8,2066.2,2055.6
214079.038,40,2017.4,2076.8,2078.8
214079.078,40,2025.8,2095.8,2104.6
214079.118,40,2041,2115.6,2122.4
214079.158,40,2058.4,2125,2107.4
214079.198,40,2068.6,2117,2076.6
214079.238,40,2069.6,2105.8,2056.8
214079.278,40,2064.2,2088.4,2040.2
214079.318,40,2056.4,2076.6,2027.8
214079.358,40,2050.2,2075.6,2023
214079.398,40,2052.4,2080.4,2027.4
214079.438,40,2055.6,2082.6,2029
214079.478,40,2069.6,2093,2039.4
214079.518,40,2075.2,2104.6,2056.4
214079.558,40,2081,2127.2,2074.6
214079.598,40,2073.6,2130,2098.6
214079.638,40,2063.4,2133.6,2116
214079.678,40,2042.4,2121,2119.6
214079.718,40,2032.8,2098.2,2111.4
214079.758,40,2012,2079.4,2085
214079.798,40,2009,2070,2069
214079.838,40,2010,2062.6,2048.8
214079.878,40,2006.2,2059,2043.8
214079.918,40,2007.6,2061.8,2039.4
214079.958,40,2006.8,2058,2037
214079.998,40,2004.2,2060.2,2044.2
214080.038,40,2011.4,2061.8,2047.2
214080.078,40,2009.2,2070.8,2064.2
214080.118,40,2020.4,2084.2,2086.8
214080.158,40,2029.6,2097.2,2107.4
214080.198,40,2044.4,2115.4,2116.6
214080.238,40,2053.8,2128.8,2105.2
214080.278,40,2067.4,2123.6,2091.6
214080.318,40,2077.4,2123.8,2074.8
214080.358,40,2076.4,2111,2060.8
214080.398,40,2073.4,2104.2,2047
214080.438,40,2071.8,2093.6,2039.4
214080.478,40,2067.2,2091.4,2043
214080.518,40,2068.6,2097.6,2044.4
214080.558,40,2075.6,2103.2,2050.8
214080.598,40,2078.8,2112.2,2062.2
214080.638,40,2073.8,2122.4,2084.4
214080.678,40,2066.4,2130,2108.2
214080.718,40,2049.6,2127,2123
214080.758,40,2039.4,2109.8,2121.6
214080.798,40,2023.2,2092.6,2103.2
214080.838,40,2013,2081.4,2076.6
214080.878,40,2010,2072.6,2056.8
214080.918,40,2011.6,2061.8,2049.6
214080.958,40,2006.4,2056.2,2040.8
214080.998,40,2005.6,2060.8,2043.4
214081.038,40,2008.6,2064.6,2044.6
214081.078,40,2010,2071.4,2064
214081.118,40,2015.6,2079.4,2082.2
214081.158,40,2025,2097,2103.2
214081.198,40,2040.6,2110.2,2123.4
214081.238,40,2047.6,2129.8,2124.8
214081.278,40,2070,2134.8,2109.4
214081.318,40,2078.2,2129,2086.4
214081.358,40,2078.8,2120.8,2069.6
214081.398,40,2078.8,2106.6,2052.6
214081.438,40,2071.2,2101.8,2049
214081.478,40,2072.2,2102.4,2050.4
214081.518,40,2070.4,2099.8,2052.4
214081.558,40,2073.8,2112.8,2055.4
214081.598,40,2071.4,2116.2,2069
214081.638,40,2069.2,2122.4,2084.4
214081.678,40,2061.2,2127.8,2103
214081.718,40,2047.6,2125.2,2118.6
214081.758,40,2037.6,2109.4,2117.8
214081.798,40,2025.2,2097.2,2106.6
214081.838,40,2013.6,2080.4,2090.6
214081.878,40,2012,2068.6,2071
214081.918,40,2010.4,2065.6,2057.8
214081.958,40,2008.4,2065.2,2048.4
214081.998,40,2008,2066.2,2051
214082.038,40,2007.2,2064.2,2054
214082.078,40,2008.8,2071.6,2063.6
214082.118,40,2015.4,2078.2,2079.6
214082.158,40,2029,2094.4,2105
214082.198,40,2041.6,2114.6,2109.8
214082.238,40,2051.2,2119.4,2108.6
214082.278,40,2055.8,2121.2,2087.2
214082.318,40,2065.6,2115.2,2070
214082.358,40,2068.2,2101.6,2050.2
214082.398,40,2064,2091.6,2044.8
214082.438,40,2063.2,2085.8,2033.4
214082.478,40,2061.2,2088.2,2033.4
214082.518,40,2063,2092,2040
214082.558,40,2060.6,2093.2,2041.8
214082.598,40,2070.2,2103.6,2050.8
214082.638,40,2069.6,2113.8,2062
214082.678,40,2068.2,2114.2,2081.8
214082.718,40,2059.4,2128.8,2097.8
214082.758,40,2051.6,2125.6,2114
214082.798,40,2040.4,2112,2122.4
214082.838,40,2026.4,2098,2107.8
214082.878,40,2021,2082.6,2083.6
214082.918,40,2014.8,2073.6,2071.4
214082.958,40,2009.4,2069,2060.8
214082.998,40,2011,2062.8,2053.6
214083.038,40,2010.6,2063.4,2059.8
214083.078,40,2012.6,2073,2065
214083.118,40,2016.4,2083.2,2084
214083.158,40,2032,2093.6,2103.2
214083.198,40,2036.6,2110,2114.6
214083.238,40,2054.6,2121.6,2106.2
214083.278,40,2064.2,2117.6,2086.6
214083.318,40,2068.4,2109.8,2056.6
214083.358,40,2067.8,2097.4,2043.6
214083.398,40,2054.2,2078,2033.4
214083.438,40,2049.6,2072.6,2028.2
214083.478,40,2047,2073.8,2027.6
214083.518,40,2050.6,2077.8,2025.8
214083.558,40,2055.8,2082.8,2031.8
214083.598,40,2064.4,2087.8,2038.6
214083.638,40,2069.2,2099.4,2045.6
214083.678,40,2075.4,2112.8,2062.2
214083.718,40,2072.6,2125.4,2086.2
214083.758,40,2066,2134.2,2110.2
214083.798,40,2047,2123.4,2120.4
214083.838,40,2033,2109.4,2112.4
214083.878,40,2020,2087.6,2091.8
214083.918,40,2013.6,2075.2,2070
214083.958,40,2004.6,2064.2,2053.8
214083.998,40,2008.8,2056.6,2042.2
214084.038,40,2002,2057.8,2037
214084.078,40,2005.6,2054.8,2037
214084.118,40,2005.2,2056.2,2042.8
214084.158,40,2012.2,2062.8,2047.4
214084.198,40,2014,2074,2069.8
214084.238,40,2018,2089,2096.4
214084.278,40,2034,2105.6,2114
214084.318,40,2050.8,2124.4,2112.8
214084.358,40,2061.2,2125.8,2090.2
214084.398,40,2066.2,2115.8,2072.4
214084.438,40,2064.8,2104.6,2049.4
214084.478,40,2063.2,2089.8,2041
214084.518,40,2059.4,2089,2037.2
214084.558,40,2060.6,2081,2031.2
214084.598,40,2055.8,2076.8,2031.8
214084.638,40,2062.6,2086.6,2038.2
214084.678,40,2063.2,2091.6,2041.8
214084.718,40,2071.4,2099.4,2049
214084.759,41,2078.4,2111.2,2057.6
214084.799,40,2079.2,2120.4,2071
214084.839,40,2079,2130.6,2085.4
214084.879,40,2067,2137.2,2107.2
214084.919,40,2061.8,2126.4,2124.2
214084.959,40,2042,2118.2,2127.8
214084.999,40,2027.4,2102.2,2112.8
214085.039,40,2020,2081.2,2089.4
214085.079,40,2011.8,2070.4,2067
214085.119,40,2006.4,2064.8,2050.2
214085.159,40,2008.6,2062.4,2042.6
214085.199,40,2003.8,2056.4,2038.6
214085.239,40,2003.2,2061.4,2038.4
214085.279,40,2003,2057.4,2047.2
214085.319,40,2009,2068,2061
214085.359,40,2015,2077,2084.4
214085.399,40,2023.6,2093.4,2104
214085.439,40,2040.2,2115.6,2113.8
214085.479,40,2049.6,2127.2,2114.8
214085.519,40,2065.8,2126.8,2095
214085.559,40,2073.8,2119.2,2066.2
214085.599,40,2068,2105.4,2054.2
214085.639,40,2065.2,2087,2038.6
214085.679,40,2054,2077.6,2028.2
214085.719,40,2051.8,2074.8,2020
214085.759,40,2048.4,2074.2,2021
214085.799,40,2061,2081,2037.2
214085.839,40,2069.2,2096.8,2049
214085.879,40,2075.4,2106.6,2061
214085.919,40,2075.6,2123,2081
214085.959,40,2064.2,2131.8,2098.8
214085.999,40,2054.2,2122.2,2112.2
214086.039,40,2038,2111.6,2117.8
214086.079,40,2028.6,2093.8,2102.4
214086.119,40,2012.8,2078.4,2082.4
214086.159,40,2011.2,2071.8,2064.8
214086.199,40,2005.6,2064,2049.6
214086.239,40,2008.2,2060.8,2044.8
214086.279,40,2009.2,2059.2,2048
214086.319,40,2010.4,2066,2056.2
214086.359,40,2016.8,2074.2,2075.4
214086.399,40,2025.8,2091.8,2101.4
214086.439,40,2042.6,2112.2,2116.4
214086.479,40,2056,2127,2114.4
214086.519,40,2067.6,2125.4,2101.2
214086.559,40,2082.4,2124.6,2079.2
214086.599,40,2077.4,2116.4,2063.4
214086.639,40,2080,2108.2,2046
214086.679,40,2071.8,2090.8,2039.8
214086.719,40,2064.8,2090,2041.2
214086.759,40,2067.2,2089.6,2037.6
214086.799,40,2068,2085.4,2037.8
214086.839,40,2066.6,2092,2036.6
214086.879,40,2064.4,2093.2,2039.4
214086.919,40,2068.4,2101,2042.4
214086.959,40,2075.2,2103.2,2049.6
214086.999,40,2070.8,2115.8,2063
214087.039,40,2076.2,2122,2080.4
214087.079,40,2071.4,2140.2,2103.6
214087.119,40,2064,2139.4,2122.6
214087.159,40,2047.4,2129.6,2136.4
214087.199,40,2041.6,2113.6,2119.6
214087.239,40,2027.4,2098.4,2113.2
214087.279,40,2021.2,2082.8,2093.6
214087.319,40,2018,2075,2070.8
214087.359,40,2008.8,2068,2057.6
214087.399,40,2006.8,2067.4,2060.6
214087.439,40,2007.8,2069.2,2063.2
214087.479,40,2013.8,2074.6,2077.6
214087.519,40,2016.4,2091.6,2089
214087.559,40,2024.6,2102,2110.8
214087.599,40,2040.4,2118.6,2118.6
214087.639,40,2050.8,2125,2112.8
214087.679,40,2061,2125.2,2098.2
214087.719,40,2067.8,2124,2086.4
214087.759,40,2079.4,2117.2,2077.4
214087.799,40,2078.2,2116.4,2063.2
214087.839,40,2078,2107.8,2055.6
214087.879,40,2077.6,2103.2,2049.8
214087.919,40,2076.4,2103,2050.6
214087.959,40,2072.4,2103.2,2049.2
214087.999,40,2069.4,2100.2,2048.8
214088.039,40,2064.6,2099.8,2047.8
214088.079,40,2068.8,2106.2,2054.8
214088.119,40,2068.6,2115.8,2068.8
214088.159,40,2070,2119.2,2095
214088.199,40,2058.2,2129.4,2115.8
214088.239,40,2044.4,2117.8,2121
214088.279,40,2028,2099.6,2116.6
214088.319,40,2017.2,2079.6,2091.8
214088.359,40,2011.8,2070,2066.2
214088.399,40,2007.4,2062,2048.6
214088.439,40,2008.4,2062,2038.6
214088.479,40,2001.2,2054,2034.8
214088.519,40,2007.4,2058.4,2036.2
214088.559,40,2005.4,2055.6,2044.8
214088.599,40,2006.8,2065.6,2053.2
214088.639,40,2015.4,2077.6,2072.4
214088.679,40,2025,2088.6,2099.2
214088.719,40,2036,2110.2,2113.2
214088.759,40,2054.4,2119.8,2101.4
214088.799,40,2065,2120.4,2078.4
214088.839,40,2071.6,2108.8,2055.8
214088.879,40,2065.2,2095,2040.8
214088.919,40,2059.8,2084.6,2035.8
214088.959,40,2058,2085.6,2033.4
214088.999,40,2059.8,2088.4,2040.4
214089.039,40,2066.2,2090.4,2042.2
214089.079,40,2069.2,2107.6,2061.2
214089.119,40,2067,2120.2,2076.8
214089.159,40,2060.4,2122.6,2099.2
214089.199,40,2047.8,2119.6,2115.2
214089.239,40,2031.8,2102.6,2109.8
214089.279,40,2018.4,2084.8,2090.2
214089.319,40,2013,2072.6,2067.2
214089.359,40,2008.2,2064.6,2055.2
214089.399,40,2007.6,2058.8,2046.2
214089.439,40,2004.2,2057.4,2042.2
214089.479,40,2005.2,2058.2,2036.6
214089.519,40,2005.4,2058.4,2043.4
214089.559,40,2007.8,2061.2,2053
214089.599,40,2012.2,2069.2,2072.8
214089.639,40,2024,2083.2,2089.2
214089.679,40,2035.8,2103.8,2109.4
214089.719,40,2046.2,2120.6,2113.6
214089.759,40,2062.8,2126.4,2095.6
214089.799,40,2072.8,2118,2066
214089.839,40,2069.2,2102,2049.4
214089.879,40,2060,2088.6,2037.8
214089.919,40,2056,2078.6,2026.4
214089.959,40,2047.4,2073.4,2028
214089.999,40,2052.2,2076.2,2034.6
214090.039,40,2062.4,2091.8,2036.2
214090.079,40,2072.6,2105.8,2051.2
214090.119,40,2078,2120,2069.6
214090.159,40,2072.6,2125.4,2090.2
214090.199,40,2060.2,2128.2,2109.2
214090.239,40,2043.2,2117,2114.2
214090.279,40,2027.4,2096.6,2110.2
214090.319,40,2013.2,2083,2087.4
214090.359,40,2009.6,2070,2068.6
214090.399,40,2007.2,2067.6,2051.8
214090.439,40,2006.2,2060.4,2044
214090.479,40,2004,2062,2041.8
214090.519,40,2004,2060,2039
214090.559,40,2008.4,2062.2,2048.2
214090.599,40,2008.4,2070.8,2060.6
214090.639,40,2017,2081,2083.6
214090.679,40,2034.4,2105.2,2112.2
214090.719,40,2046,2120.8,2121
214090.759,40,2063.8,2138.2,2118.2
214090.799,40,2072.2,2132.6,2095.6
214090.839,40,2078,2124.2,2074.6
214090.879,40,2077.8,2105.8,2051.6
214090.919,40,2068.8,2101,2043.8
214090.959,40,2064,2095,2042.4
214090.999,40,2066.6,2088.6,2041.4
214091.039,40,2067.4,2093.6,2041.6
214091.079,40,2066.4,2105.6,2055.8
214091.119,40,2071.2,2119.4,2067.2
214091.159,40,2064.6,2122,2090.4
214091.199,40,2052.4,2122.6,2116.2
214091.239,40,2044.2,2118,2119
214091.279,40,2026.8,2098,2106
214091.319,40,2015.8,2079.8,2081.2
214091.359,40,2008.6,2068.6,2060.8
214091.399,40,2006,2061.8,2046.8
214091.439,40,2001.6,2060.2,2043.4
214091.479,40,2005.4,2057.6,2039.4
214091.519,40,2004,2061.2,2038.4
214091.559,40,2003.6,2061.8,2044.8
214091.599,40,2005.4,2064.2,2056.6
214091.639,40,2014.8,2077.6,2080.8
214091.679,40,2024.4,2097.6,2107.8
214091.719,40,2041.8,2114.2,2112.4
214091.759,40,2058.6,2123.8,2098.2
214091.799,40,2066,2112,2075.4
214091.839,40,2070,2105,2049.6
214091.879,40,2066.6,2093.2,2041.8
214091.919,40,2061,2084.8,2037
214091.959,40,2056.6,2088,2031.8
214091.999,40,2064,2088.4,2036.4
214092.039,40,2062.2,2095.6,2041.6
214092.079,40,2073.8,2109.2,2056
214092.119,40,2069.8,2116.6,2072.6
214092.159,40,2068.6,2125,2096
214092.199,40,2050.4,2124,2117.2
214092.239,40,2032.8,2105.6,2113.8
214092.279,40,2021,2090.6,2093.8
214092.319,40,2007.4,2072.4,2070
214092.359,40,2005.4,2065,2049
214092.399,40,2004.2,2060,2044.4
214092.439,40,2003,2057.2,2037
214092.479,40,2004.2,2057,2031.6
214092.519,40,2004.8,2057.8,2037.4
214092.559,40,2004.6,2063.8,2044.4
214092.599,40,2007.4,2061.4,2055.8
214092.639,40,2015,2084,2080
214092.679,40,2024,2094.8,2108.4
214092.719,40,2044,2115,2114
214092.759,40,2055.6,2118.4,2102.2
214092.799,40,2065.4,2119,2075
214092.839,40,2067.2,2102.6,2056.8
214092.879,40,2063.8,2097.6,2041.2
214092.919,40,2062.2,2092.2,2034.6
214092.959,40,2063,2085.2,2035.6
214092.999,40,2064.8,2086.6,2036.8
214093.039,40,2068.8,2095.4,2044
214093.079,40,2075,2109.4,2059.6
214093.119,40,2078,2124.6,2073.4
214093.159,40,2065,2126.8,2096.2
214093.199,40,2054.4,2128.8,2119.2
214093.239,40,2043.2,2111.6,2119.4
214093.279,40,2024.4,2094.4,2108.2
214093.319,40,2013.8,2078.4,2086
214093.359,40,2013.8,2072,2061.6
214093.399,40,2003.8,2065,2051.6
214093.439,40,2007.4,2061.6,2042.8
214093.479,40,2003.8,2058,2039.4
214093.519,40,2003.4,2060.2,2044
214093.559,40,2010.6,2060.6,2045.8
214093.599,40,2006.4,2069,2056.6
214093.639,40,2010.6,2077.2,2071
214093.679,40,2026,2091,2095.6
214093.719,40,2038.8,2108,2116.2
214093.759,40,2054.4,2121.2,2113
214093.799,40,2068.6,2127.6,2102.6
214093.839,40,2072.8,2124.8,2084.2
214093.879,40,2078.2,2117,2063.8
214093.919,40,2078.6,2110.4,2051.8
214093.959,40,2070.2,2098.4,2045.6
214093.999,40,2066.6,2089.4,2044.8
214094.039,40,2066.6,2100.8,2041.6
214094.079,40,2070.4,2101.6,2048.2
214094.119,40,2070.8,2104.8,2054.8
214094.159,40,2071.8,2117.6,2068.2
214094.199,40,2071.6,2122.8,2086.8
214094.239,40,2057,2124,2112
214094.279,40,2047.2,2122.6,2120
214094.319,40,2035.6,2105.6,2114.2
214094.359,40,2021.8,2088.2,2094.2
214094.399,40,2016,2079.4,2077.6
214094.439,40,2009.6,2068.6,2056.6
214094.479,40,2007.6,2062.2,2049.6
214094.519,40,2006,2063.2,2047.2
214094.559,40,2008.8,2066.2,2046.2
214094.599,40,2009.6,2064.4,2054
214094.639,40,2012.8,2073,2077.4
214094.679,40,2017.4,2082.4,2092.4
214094.719,40,2031.4,2098.6,2109.4
214094.759,40,2041.2,2110.6,2109.8
214094.799,40,2058.4,2120.2,2095
214094.839,40,2066.8,2114,2075.4
214094.879,40,2066.2,2104.6,2056
214094.919,40,2064,2098.6,2046.8
214094.959,40,2069.4,2096.6,2039.4
214094.999,40,2071.4,2100.2,2045
214095.039,40,2072.2,2102,2048.2
214095.079,40,2072.2,2107.2,2058.8
214095.119,40,2075.8,2117.2,2068.2
214095.159,40,2071,2126.2,2088.4
214095.199,40,2061.8,2131.2,2114.2
214095.239,40,2047.2,2126.2,2125.4
214095.279,40,2037,2107.2,2118.6
214095.319,40,2023.2,2089,2101
214095.359,40,2017,2073.2,2075.4
214095.399,40,2007.4,2064.4,2060.2
214095.439,40,2007,2058.8,2048.8
214095.479,40,2005.2,2061,2045.2
214095.519,40,2005.2,2064.4,2045.6
214095.559,40,2000.2,2062.6,2047.6
214095.599,40,2008.2,2067,2056.8
214095.639,40,2013,2075.4,2070.6
214095.679,40,2019,2088.8,2094.6
214095.719,40,2032,2102.2,2111.6
214095.759,40,2043.2,2116.4,2112.2
214095.799,40,2059.2,2122.8,2093.6
214095.839,40,2065.6,2112,2071.2
214095.879,40,2071.2,2103,2056
214095.919,40,2064.8,2089.8,2039
214095.959,40,2056,2080.6,2034.4
214095.999,40,2056.2,2082.8,2030
214096.039,40,2060.6,2089,2035.4
214096.079,40,2068.6,2097.6,2049.4
214096.119,40,2076.2,2109.8,2056
214096.159,40,2075,2123.8,2073.8
214096.199,40,2073,2132.2,2097.8
214096.239,40,2059.6,2135.2,2120.4
214096.279,40,2048.2,2125.6,2127
214096.319,40,2034.2,2104,2118.6
214096.359,40,2017.4,2086.6,2095.4
214096.399,40,2012,2075.4,2074.2
214096.439,40,2009.6,2067.2,2053.2
214096.479,40,2005.8,2064.2,2043.8
214096.519,40,2007.4,2058.8,2041.4
214096.559,40,2003.6,2063.2,2041.2
214096.599,40,2007.6,2061,2047.4
214096.639,40,2002,2067.2,2055
214096.679,40,2008,2079.8,2074.6
214096.719,40,2021.6,2094,2101.2
214096.759,40,2036.4,2111.8,2110.4
214096.799,40,2049.2,2117,2107.2
214096.839,40,2060.4,2123.6,2093
214096.879,40,2070,2117,2070.8
214096.919,40,2074.2,2106.4,2058.4
214096.959,40,2071.6,2101.6,2047.4
214096.999,40,2067.4,2093.6,2044.8
214097.039,40,2069.6,2098,2044.4
214097.079,40,2074.2,2100.6,2047
214097.119,40,2079.2,2109.8,2055.4
214097.159,40,2081.6,2127.2,2074.6
214097.199,40,2070.4,2133.4,2098.4
214097.239,40,2058.8,2134.6,2120.6
214097.279,40,2041.4,2118.4,2128.4
214097.319,40,2030.6,2105.8,2112.2
214097.359,40,2019.2,2083.8,2089.8
214097.399,40,2011.6,2071.2,2061.4
214097.439,40,2012.6,2069,2050.8
214097.479,40,2004.2,2064.2,2041.8
214097.519,40,2003.8,2059.8,2037.6
214097.559,40,2001,2056.6,2038.6
214097.599,40,2007,2059.2,2043
214097.639,40,2009,2065.2,2052.6
214097.679,40,2013,2076.6,2073
214097.719,40,2022.4,2090.4,2095.4
214097.759,40,2038,2111.6,2114.6
214097.799,40,2051.2,2117.2,2103
214097.839,40,2067.4,2122.4,2082.8
214097.879,40,2074.2,2115,2061.8
214097.919,40,2071.8,2104.2,2047.6
214097.959,40,2063.6,2090.4,2042
214097.999,40,2064.4,2088.2,2036
214098.039,40,2068.2,2090.8,2037.2
214098.079,40,2066.2,2094.4,2043.8
214098.119,40,2078,2103.4,2048.2
214098.159,40,2082.6,2117.2,2063.8
214098.199,40,2078.6,2131.6,2083.6
214098.239,40,2069.4,2137.8,2102.8
214098.279,40,2055.6,2130.2,2121.4
214098.319,40,2032.6,2113.4,2127
214098.359,40,2024.8,2097,2106.2
214098.399,40,2019.6,2082.6,2079.8
214098.439,40,2009.8,2065.4,2054.6
214098.479,40,2005.6,2063.8,2045.8
214098.519,40,2005.2,2058.8,2043.6
214098.559,40,2007,2060.4,2041
214098.599,40,2006.4,2060.4,2044.8
214098.639,40,2009.2,2061.8,2053.4
214098.679,40,2009.4,2070.8,2073.8
214098.719,40,2020.6,2092.4,2095.6
214098.759,40,2034.2,2107.2,2114.8
214098.799,40,2049.8,2116.4,2113.6
214098.839,40,2054.4,2120.8,2094.4
214098.879,40,2065,2113.2,2069.6
214098.919,40,2070.8,2105,2054.4
214098.959,40,2071.6,2100.6,2043
214098.999,40,2064.6,2092.6,2036.4
214099.039,40,2063.4,2088.8,2035.8
214099.079,40,2070.4,2088.8,2037.6
214099.119,40,2066.2,2093.2,2043.4
214099.159,40,2073.2,2106.2,2053.6
214099.199,40,2074.8,2117.8,2065
214099.239,40,2076.4,2128.8,2089
214099.279,40,2062.2,2136.6,2112.2
214099.319,40,2046.2,2126.8,2128.2
214099.359,40,2033.8,2107.8,2120.6
214099.399,40,2025.8,2085.2,2095.8
214099.439,40,2014,2076.6,2074
214099.479,40,2007.2,2067.2,2053
214099.519,40,2004,2068,2046.6
214099.559,40,2007,2059.2,2043.2
214099.599,40,2009.4,2060.6,2044.2
214099.639,40,2007.4,2064.6,2050.8
214099.679,40,2013.4,2071.4,2067
214099.719,40,2018.4,2085.8,2083.4
214099.759,40,2027.4,2098.2,2106.8
214099.799,40,2041,2114.8,2111.2
214099.839,40,2054.6,2120.8,2107.4
214099.879,40,2063.4,2120.8,2083.8
214099.919,40,2072.6,2111.4,2061.4
214099.959,40,2071.6,2101.6,2049
214099.999,40,2065.6,2096,2043.6
214100.039,40,2064.6,2090.6,2037.8
214100.079,40,2068.6,2088.4,2038.8
214100.119,40,2069.6,2096.4,2042.6
214100.159,40,2074,2103.4,2052.2
214100.199,40,2077.8,2116,2068.8
214100.239,40,2073.4,2129.6,2085.6
214100.279,40,2066.4,2136,2109.8
214100.319,40,2052,2128.4,2128.4
214100.359,40,2037.2,2113.4,2122
214100.399,40,2024.8,2095.8,2102.4
214100.439,40,2016,2083.8,2080.4
214100.479,40,2010.8,2068.8,2066
214100.519,40,2012.8,2059.4,2046.2
214100.559,40,2001.8,2066,2047
214100.599,40,2006.8,2062.4,2045
214100.639,40,2007,2066.6,2052.2
214100.679,40,2014.2,2074,2066.4
214100.719,40,2021.6,2085.4,2088.6
214100.759,40,2029.8,2099.6,2108.2
214100.799,40,2044,2112.6,2110.4
214100.839,40,2060,2126.6,2096
214100.879,40,2070.4,2114.6,2073.4
214100.919,40,2069.4,2101.8,2050
214100.959,40,2071.2,2098.2,2042.4
214100.999,40,2066,2088,2035
214101.039,40,2057,2080.6,2032.8
214101.079,40,2055.2,2085,2029.4
214101.119,40,2054.8,2085.2,2039
214101.159,40,2070,2092.6,2042.6
214101.199,40,2079.4,2110.8,2052.6
214101.239,40,2079.6,2118.4,2077
214101.279,40,2077.4,2138,2096.6
214101.319,40,2065,2138.6,2121.2
214101.359,40,2047.2,2129,2133.6
214101.399,40,2036.6,2102,2117.4
214101.439,40,2020.6,2086.2,2093.4
214101.479,40,2010.6,2074.8,2069.6
214101.519,40,2008.6,2066.6,2056.6
214101.559,40,2001.2,2062.2,2044.2
214101.599,40,2004.6,2058.6,2047.2
214101.639,40,2005.2,2065.8,2047.6
214101.679,40,2008,2063.6,2061
214101.719,40,2012,2071.2,2073.6
214101.759,40,2015.2,2084,2093.6
214101.799,40,2027.6,2097.8,2114.2
214101.839,40,2045.2,2115.8,2110.8
214101.879,40,2060.4,2122.8,2095.8
214101.919,40,2068.4,2113.2,2072.4
214101.959,40,2070.2,2106.4,2053
214101.999,40,2066.6,2092.6,2044.2
214102.039,40,2063.2,2090,2035.8
214102.079,40,2058.2,2085.6,2030.2
214102.119,40,2061,2089.8,2036.2
214102.159,40,2068.6,2088,2040.8
214102.199,40,2066.6,2096.4,2051
214102.239,40,2074,2113.6,2058.4
214102.279,40,2079.8,2124.4,2081.2
214102.319,40,2075.6,2138,2102.4
214102.359,40,2064.4,2139.2,2126.8
214102.399,40,2048.8,2126.6,2129.8
214102.439,40,2035.8,2110.8,2123.2
214102.479,40,2026.6,2086,2100.6
214102.519,40,2013.6,2080,2076.2
214102.559,40,2010.8,2068.8,2052.4
214102.599,40,2007.6,2066,2047
214102.639,40,2009.4,2061.8,2039.8
214102.679,40,2007.4,2056.6,2043.2
214102.719,40,2005.6,2060.6,2050.2
214102.759,40,2012.2,2071.2,2062.6
214102.799,40,2018.6,2078,2075.4
214102.839,40,2031.8,2099.2,2104.8
214102.879,40,2041.6,2113.8,2108.4
214102.919,40,2055.6,2122.2,2104.2
214102.959,40,2066.2,2127,2090.8
214102.999,40,2076,2119.4,2069.6
214103.039,40,2073,2110.6,2053.8
214103.079,40,2072.8,2098.4,2047.4
214103.119,40,2068.8,2090.2,2040
214103.159,40,2065.6,2090.6,2035
214103.199,40,2065.4,2089,2041.8
214103.239,40,2069,2095,2041.8
214103.279,40,2071.2,2104.4,2053.2
214103.319,40,2077.6,2119.4,2066.6
214103.359,40,2074.2,2127.8,2089.6
214103.399,40,2068,2138.8,2116.6
214103.439,40,2050,2130,2129
214103.479,40,2037.4,2112.2,2125.2
214103.519,40,2022.2,2095.8,2105.6
214103.559,40,2018.4,2079.8,2078.4
214103.599,40,2013,2065.2,2056.2
214103.639,40,2007.8,2068.4,2047.4
214103.679,40,2004.2,2060,2043.8
214103.719,40,2004.6,2063,2045.2
214103.759,40,2008.2,2062.6,2049.6
214103.799,40,2012.4,2070.6,2060.4
214103.839,40,2008.4,2075.6,2078.4
214103.879,40,2023,2090.4,2101.4
214103.919,40,2042,2108.2,2116.2
214103.959,40,2047.4,2123.2,2104
214103.999,40,2062.6,2120.4,2084.4
214104.039,40,2064.8,2111,2066.6
214104.079,40,2071,2100.6,2051.2
214104.119,40,2064.8,2093.4,2038.8
214104.159,40,2063.6,2086.4,2038.4
214104.199,40,2063.8,2089.8,2034.8
214104.239,40,2070,2090.8,2038
214104.279,40,2073.6,2104.4,2049.6
214104.319,40,2079.8,2115.6,2059.4
214104.359,40,2078.4,2129.2,2081.8
214104.399,40,2078.8,2141.8,2111
214104.439,40,2060.6,2136.6,2132.8
214104.479,40,2043.4,2118.6,2133.4
214104.519,40,2028.8,2103.2,2114.2
214104.559,40,2014.4,2083.4,2079.6
214104.599,40,2007,2060.8,2056.4
214104.639,40,2006.6,2062.2,2045
214104.679,40,2004.8,2061.4,2035.4
214104.719,40,2007.4,2057,2034.2
214104.759,40,2004.8,2056.4,2036
214104.799,40,2005.2,2056.4,2044.6
214104.839,40,2009,2065.6,2056.4
214104.879,40,2015.8,2078.8,2078.2
214104.919,40,2020.8,2098.2,2107.8
214104.959,40,2036.8,2115.4,2110.6
214104.999,40,2055.8,2119.8,2095
214105.039,40,2062,2115.4,2077.2
214105.079,40,2067,2104,2053
214105.119,40,2067.6,2096.6,2041.8
214105.159,40,2063.8,2090.2,2034
214105.199,40,2062.6,2083.2,2029.4
214105.239,40,2061,2085,2037
214105.279,40,2059.4,2089.2,2037.6
214105.319,40,2069.6,2098.4,2045.6
214105.359,40,2077.2,2110.6,2056
214105.399,40,2081.6,2124.4,2073.2
214105.439,40,2078,2138.2,2102.2
214105.479,40,2064.4,2137.4,2119.8
214105.519,40,2045.8,2127.4,2132.4
214105.559,40,2029,2103.2,2120
214105.599,40,2016.2,2082.6,2090.8
214105.639,40,2014.6,2072.4,2067
214105.679,40,2003.8,2064.8,2048.4
214105.719,40,2000.2,2059.2,2040.4
214105.759,40,2003,2059,2038.6
214105.799,40,2007.2,2060.8,2039.4
214105.839,40,2007,2063.6,2043
214105.879,40,2005.2,2063.6,2049.8
214105.919,40,2012.8,2079,2078.2
214105.959,40,2020.4,2090.6,2102.8
214105.999,40,2035.6,2107.2,2111.8
214106.039,40,2050.4,2121.2,2105.2
214106.079,40,2061.2,2120.2,2085
214106.119,40,2073.8,2113.2,2067.8
214106.159,40,2072,2109.4,2052
214106.199,40,2067.8,2093.6,2042
214106.239,40,2068.6,2092.2,2035.8
214106.279,40,2068,2090.6,2033.2
214106.319,40,2070.6,2091.8,2037.2
214106.359,40,2072,2101.2,2045
214106.399,40,2075.4,2103.6,2053.4
214106.439,40,2076.2,2119,2068.6
214106.479,40,2083.4,2134,2082.6
214106.519,40,2074,2139.2,2107.4
214106.559,40,2057.2,2138.2,2126.4
214106.599,40,2041.4,2116.4,2123.6
214106.639,40,2026.4,2095.8,2103.8
214106.679,40,2015,2079,2078.4
214106.719,40,2010,2065.4,2058.4
214106.759,40,2008.8,2057.6,2044.4
214106.799,40,2002.2,2059.8,2037.6
214106.839,40,2001.2,2054.6,2039.8
214106.879,40,2004.4,2059.2,2040.6
214106.919,40,2008.4,2063.8,2053.2
214106.959,40,2010.2,2069.6,2065.2
214106.999,40,2021.8,2089.2,2086
214107.039,40,2031,2102,2110.2
214107.079,40,2048,2116.6,2107.8
214107.119,40,2054,2122.4,2097.2
214107.159,40,2066.6,2114.2,2069.8
214107.199,40,2068.8,2110.2,2057.2
214107.239,40,2065.6,2098,2044.2
214107.279,40,2065.2,2090.4,2036.2
214107.319,40,2064,2091.2,2037.4
214107.359,40,2065.2,2088,2039.4
214107.399,40,2066.8,2094,2041.4
214107.439,40,2071.8,2100,2050.2
214107.479,40,2077.2,2117.6,2062
214107.519,40,2075,2127.4,2079
214107.559,40,2071.4,2133.8,2102
214107.599,40,2056,2134.2,2124.2
214107.639,40,2044.4,2119.6,2134
214107.679,40,2030,2101.6,2114.2
214107.719,40,2017.6,2088,2091.4
214107.759,40,2009.4,2069.4,2068.8
214107.799,40,2007.2,2061,2054.4
214107.839,40,2005.4,2061,2040.6
214107.879,40,2006.2,2061.2,2042.8
214107.919,40,2004.6,2059,2047.2
214107.959,40,2005.6,2065.2,2049.6
214107.999,40,2012.2,2075,2062.8
214108.039,40,2016.4,2079.4,2084.4
214108.079,40,2027.2,2101.8,2108
214108.119,40,2046.8,2113.8,2112.6
214108.159,40,2054.4,2124.4,2101.8
214108.199,40,2065.2,2116.2,2082.4
214108.239,40,2074,2113.4,2067.2
214108.279,40,2070.8,2103.6,2048.2
214108.319,40,2070,2094,2043
214108.359,40,2070.2,2095.6,2038.4
214108.399,40,2064.4,2095.4,2044.8
214108.439,40,2074.2,2099.8,2044.6
214108.479,40,2072.2,2104.6,2053.2
214108.519,40,2073.4,2118.6,2070.6
214108.559,40,2071.4,2133.8,2088
214108.599,40,2065.4,2135.2,2111.4
214108.639,40,2047.8,2121.8,2132.4
214108.679,40,2038.8,2110.6,2119.2
214108.719,40,2023.2,2092.4,2105.8
214108.759,40,2017.4,2081.2,2078.6
214108.799,40,2006,2066,2059.6
214108.839,40,2001.2,2062.2,2050
214108.879,40,2004.8,2061.2,2040.2
214108.919,40,2007.6,2062,2038.6
214108.959,40,2006.4,2057.2,2049.6
214108.999,40,2009.2,2064.6,2049
214109.039,40,2015.2,2067.8,2065.6
214109.079,40,2014.2,2081,2086.6
214109.119,40,2026.2,2097.6,2103.6
214109.159,40,2045,2120.4,2108.6
214109.199,40,2056.4,2121,2098.4
214109.239,40,2068,2119.2,2074.4
214109.279,40,2071.6,2106.4,2060.4
214109.319,40,2071.4,2101.2,2043.6
214109.359,40,2067.8,2090.2,2035.2
214109.399,40,2057.6,2084.4,2030.8
214109.439,40,2061,2089,2031.2
214109.479,40,2063.4,2086.6,2037.2
214109.519,40,2068.4,2094.8,2044.2
214109.559,40,2070.4,2110.2,2053.6
214109.599,40,2075.4,2118.8,2068.8
214109.639,40,2074.6,2131.6,2097.6
214109.679,40,2060,2133.2,2120
214109.719,40,2050.6,2123.4,2131.2
214109.759,40,2038.2,2103.4,2123.2
214109.799,40,2026.2,2090.8,2097.2
214109.839,40,2016.6,2079.4,2074.2
214109.879,40,2007.6,2071.2,2062.2
214109.919,40,2008.2,2065.2,2048.8
214109.959,40,2005,2061.4,2045.8
214109.999,40,2006.8,2056.4,2045.8
214110.039,40,2006.6,2063.8,2053.6
214110.079,40,2013,2067.6,2064.2
214110.119,40,2016,2080,2080.4
214110.159,40,2027,2098,2101
214110.199,40,2042,2109.2,2113.8
214110.239,40,2047.4,2121.8,2114
214110.279,40,2064,2128.2,2099.6
214110.319,40,2071,2127.2,2091.4
214110.359,40,2077.8,2124.4,2072
214110.399,40,2078,2115.6,2060.8
214110.439,40,2080.2,2111.6,2055.4
214110.479,40,2072.2,2106.4,2051.8
214110.519,40,2077.4,2101.2,2048.2
214110.559,40,2070.2,2097,2047
214110.599,40,2076.8,2100.2,2045.4
214110.639,40,2075,2102.6,2048.8
214110.679,40,2073.6,2107.2,2051.8
214110.719,40,2075.4,2117.2,2061.2
214110.759,40,2072.8,2118.2,2077.6
214110.799,40,2075.4,2134.6,2088.2
214110.839,40,2072.2,2138.6,2112.4
214110.879,40,2059.8,2136.8,2131.4
214110.919,40,2039.6,2122.8,2132.6
214110.959,40,2032.8,2102.2,2117.8
214110.999,40,2014.4,2087.2,2090.4
214111.039,40,2012,2074.4,2069.4
214111.079,40,2007.6,2068.4,2051.2
214111.119,40,2005.4,2061.8,2049.2
214111.159,40,2006.6,2062.2,2047.2
214111.199,40,2003.6,2065,2058.8
214111.239,40,2011.8,2074,2070.8
214111.279,40,2021.2,2086.6,2094
214111.319,40,2030.8,2106.4,2111.6
214111.359,40,2048.6,2119.8,2114.2
214111.399,40,2061.4,2121.6,2098.4
214111.439,40,2066.4,2120.2,2079.4
214111.479,40,2074.2,2112,2060.8
214111.519,40,2069.2,2102.6,2053.2
214111.559,40,2071,2094.8,2042.4
214111.599,40,2063.6,2091.6,2042.2
214111.639,40,2068,2093,2037.6
214111.679,40,2065.8,2096.8,2046
214111.719,40,2069.6,2100,2046.6
214111.759,40,2074.8,2108.6,2053
214111.799,40,2077.6,2117.6,2067.8
214111.839,40,2070.2,2125.4,2086.4
214111.879,40,2068.6,2135.4,2108.8
214111.919,40,2058.8,2133.4,2129.4
214111.959,40,2048.8,2124.2,2124.4
214111.999,40,2032.8,2100.6,2109.2
214112.039,40,2017.2,2080.6,2087.4
214112.079,40,2013.2,2068.8,2064.4
214112.119,40,2004.8,2062.8,2049.2
214112.159,40,2009.6,2058.6,2045.4
214112.199,40,2006.2,2060.2,2047.4
214112.239,40,2005,2064.8,2052
214112.279,40,2008.2,2066.6,2060.4
214112.319,40,2016.4,2080,2082.6
214112.359,40,2025.6,2096.4,2103.6
214112.399,40,2037.2,2109.4,2114.8
214112.439,40,2047.8,2120.2,2113.2
214112.479,40,2058.8,2122.6,2092.6
214112.519,40,2067,2122.6,2087
214112.559,40,2078,2111.8,2065.2
214112.599,40,2073.4,2110.8,2053.2
214112.639,40,2071.8,2105.2,2051.8
214112.679,40,2072.6,2104.6,2045.8
214112.719,40,2070.8,2101.8,2044.4
214112.759,40,2073.4,2106,2049.8
214112.799,40,2074.8,2103.4,2057.8
214112.839,40,2077.2,2117.8,2061
214112.879,40,2076,2123.2,2079
214112.919,40,2073.2,2131,2098.8
214112.959,40,2060.8,2131.4,2119
214112.999,40,2044,2119.8,2125.8
214113.039,40,2036.4,2108.4,2120.8
214113.079,40,2023.4,2085.8,2100.2
214113.119,40,2014.8,2080,2079.2
214113.159,40,2008.8,2068,2062.8
214113.199,40,2008,2064.2,2056.4
214113.239,40,2008.8,2065.8,2059.4
214113.279,40,2013.6,2072.4,2067.8
214113.319,40,2019.2,2084.4,2085
214113.359,40,2027,2102,2110.8
214113.399,40,2042.4,2117.8,2118.8
214113.439,40,2055.4,2124.4,2106.6
214113.479,40,2060.4,2119.4,2086.6
214113.519,40,2067.6,2110.4,2063.6
214113.559,40,2063.2,2098.6,2051
214113.599,40,2063.2,2091.6,2040.6
214113.639,40,2063.2,2092,2038.6
214113.679,40,2061.2,2087.8,2037.6
214113.719,40,2060.2,2089.2,2041.8
214113.759,40,2063.2,2094,2041.6
214113.799,40,2067.8,2098,2047.2
214113.839,40,2073.8,2112.8,2064.4
214113.879,40,2079,2126,2080.2
214113.919,40,2082.8,2135.6,2091.6
214113.959,40,2072.2,2139,2114
214113.999,40,2059,2130.2,2125.6
214114.039,40,2039,2114.2,2125.2
214114.079,40,2028.6,2096.2,2108.2
214114.119,40,2013.6,2084.2,2087
214114.159,40,2014.4,2074,2064.6
214114.199,40,2009.4,2064.2,2056.4
214114.239,40,2006.6,2063.8,2052
214114.279,40,2007.2,2066.4,2059
214114.319,40,2013.2,2072.4,2072.2
214114.359,40,2018.6,2087.8,2082.6
214114.399,40,2026,2099.6,2103.6
214114.439,40,2039,2114,2115
214114.479,40,2051.2,2124,2110.4
214114.519,40,2064.4,2122.6,2089.2
214114.559,40,2068.2,2115.6,2069.8
214114.599,40,2071.4,2104.6,2058.6
214114.639,40,2069.2,2103.4,2051.6
214114.679,40,2068.2,2103.2,2049.8
214114.719,40,2070.8,2101,2047.8
214114.759,40,2075.4,2107.2,2053.4
214114.799,40,2077.8,2109.4,2057.6
214114.839,40,2078.8,2116,2064.6
214114.879,40,2082.2,2122.4,2071.6
214114.919,40,2080.8,2129.4,2083.8
214114.959,40,2071.6,2134.6,2100.4
214114.999,40,2067,2136.2,2119.4
214115.039,40,2049,2129.4,2126
214115.079,40,2037.4,2108.8,2122.4
214115.119,40,2024,2091.2,2106
214115.159,40,2016.6,2080.2,2084.4
214115.199,40,2010,2070.4,2063.6
214115.239,40,2005.4,2066.4,2058.4
214115.279,40,2009.2,2065.6,2048.4
214115.319,40,2009.6,2068.8,2055.4
214115.359,40,2010.8,2074,2070
214115.399,40,2018.4,2084.8,2086
214115.439,40,2029.8,2098.4,2105
214115.479,40,2040,2113.8,2111.8
214115.519,40,2055.8,2121.6,2101.2
214115.559,40,2065.8,2115.2,2083.4
214115.599,40,2067.6,2111.2,2067.2
214115.639,40,2066.6,2098.8,2050.6
214115.679,40,2064.4,2095.4,2046.8
214115.719,40,2062.6,2092,2039.8
214115.759,40,2064.2,2093,2040.4
214115.799,40,2071.4,2100.4,2039.6
214115.839,40,2076.2,2103,2048.6
214115.879,40,2079.4,2109.6,2057.8
214115.919,40,2079.2,2116.4,2065
214115.959,40,2080.8,2129.4,2078.6
214115.999,40,2077,2137.6,2097.6
214116.039,40,2065.6,2140.4,2119.8
214116.079,40,2050.2,2130,2128
214116.119,40,2038.4,2115.4,2124.2
214116.159,40,2025,2092.4,2100.2
214116.199,40,2015.8,2079.4,2076.4
214116.239,40,2008.2,2065.4,2064
214116.279,40,2008.2,2064,2049.2
214116.319,40,2006.2,2061.6,2043.8
214116.359,40,2009,2065.6,2048.4
214116.399,40,2012.2,2071.4,2060.4
214116.439,40,2013.6,2074,2075.8
214116.479,40,2020.6,2091,2097.6
214116.519,40,2037.8,2107.2,2112.4
214116.559,40,2045.4,2119.6,2113.6
214116.599,40,2062.8,2123.4,2102.8
214116.639,40,2068.4,2121,2077.8
214116.679,40,2072.2,2110.4,2059.4
214116.719,40,2066.4,2095.8,2051.2
214116.759,40,2067.8,2089.8,2042.4
214116.799,40,2064.6,2088.6,2036
214116.839,40,2064.6,2086.6,2040.8
214116.879,40,2064.8,2095.6,2040.6
214116.919,40,2070.4,2096.6,2046.4
214116.959,40,2070.8,2106.4,2049
214116.999,40,2078.6,2110.2,2064.8
214117.039,40,2075.4,2123.8,2080.6
214117.079,40,2074.8,2136.6,2097.6
214117.119,40,2063.4,2134.4,2120.2
214117.159,40,2047.6,2126.6,2133.8
214117.199,40,2039.6,2113.8,2122.6
214117.239,40,2024.6,2089,2101.6
214117.279,40,2015,2079.8,2084.8
214117.319,40,2011,2065.2,2064
214117.359,40,2003.2,2064.2,2049.6
214117.399,40,2006,2061.8,2049
214117.439,40,2007.6,2059.2,2054.4
214117.479,40,2012.2,2065.8,2061.4
214117.519,40,2015,2078.4,2080
214117.559,40,2024.8,2095.4,2100.6
214117.599,40,2037.6,2108,2111.4
214117.639,40,2052.2,2118.8,2111.4
214117.679,40,2061.6,2119,2096.6
214117.719,40,2064.6,2116,2070.2
214117.759,40,2073,2106.4,2053.8
214117.799,40,2069.8,2099.4,2042.6
214117.839,40,2065.6,2092.6,2036.4
214117.879,40,2058.6,2088.2,2034.2
214117.919,40,2060.6,2084.4,2035.2
214117.959,40,2062.6,2089,2034.8
214117.999,40,2066.8,2090.8,2038.8
214118.039,40,2065.6,2100.6,2044.8
214118.079,40,2069.4,2108.4,2052.4
214118.119,40,2075,2115,2064.2
214118.159,40,2073,2124.2,2083.6
214118.199,40,2063.2,2127.8,2109
214118.239,40,2055.2,2128.6,2120.2
214118.279,40,2037.4,2112.2,2122.2
214118.319,40,2022.8,2089.4,2105.6
214118.359,40,2015.2,2077,2076.8
214118.399,40,2007.6,2066.4,2061
214118.439,40,2004.6,2063.2,2051
214118.479,40,2002.2,2058.2,2046.4
214118.519,40,2008.2,2059.8,2049.4
214118.559,40,2010.4,2059.8,2056.4
214118.599,40,2010.2,2070.8,2071.4
214118.639,40,2017.2,2087.2,2091.6
214118.679,40,2034.8,2104,2109.8
214118.719,40,2048,2118.8,2110.6
214118.759,40,2057.6,2120.6,2097.8
214118.799,40,2065.2,2115.2,2075.6
214118.839,40,2064,2104.6,2055.2
214118.879,40,2063.2,2095.6,2045.4
214118.919,40,2063.4,2083.2,2036.4
214118.959,40,2054.8,2083.6,2034
214118.999,40,2056,2082.8,2033.6
214119.039,40,2062,2085,2032.6
214119.079,40,2065,2091.4,2041.4
214119.119,40,2069.8,2100.6,2050.2
214119.159,40,2077,2113.6,2061.2
214119.199,40,2071.8,2120.2,2077.8
214119.239,40,2074.6,2130.6,2094.6
214119.279,40,2062.4,2134.4,2119.8
214119.319,40,2049.6,2126.8,2128
214119.359,40,2036.2,2112.2,2118.4
214119.399,40,2023.8,2089,2098.6
214119.439,40,2014,2074.2,2071.6
214119.479,40,2011.4,2069,2053.6
214119.519,40,2005.4,2064.8,2048.4
214119.559,40,2007.2,2065.4,2045.6
214119.599,40,2009.2,2062.2,2051
214119.639,40,2010.2,2067.6,2061.2
214119.679,40,2013.6,2074,2079.8
214119.719,40,2021.8,2094.6,2102.6
214119.759,40,2038,2109.2,2114.6
214119.799,40,2050.2,2118.6,2108
214119.839,40,2061.4,2125.4,2090.4
214119.879,40,2065.8,2113.8,2072.8
214119.919,40,2066.2,2106,2051
214119.959,40,2066,2095,2040.4
214119.999,40,2059,2086.8,2032.4
214120.039,40,2058.2,2082.6,2025.4
214120.079,40,2055.6,2076.4,2027.2
214120.119,40,2055.8,2079.2,2030
214120.159,40,2058.6,2081.4,2034
214120.199,40,2064,2091.2,2044
214120.239,40,2071,2108.2,2050.4
214120.279,40,2072,2120.4,2080.2
214120.319,40,2068.4,2130.2,2102.4
214120.359,40,2062.2,2135.6,2118.8
214120.399,40,2045.6,2121.4,2128.4
214120.439,40,2033.4,2105,2119.8
214120.479,40,2022.2,2086.6,2091.2
214120.519,40,2014.6,2074.4,2068.2
214120.559,40,2006.2,2063.6,2055.6
214120.599,40,2002.6,2060.6,2043.8
214120.639,40,2000.6,2062.2,2045.4
214120.679,40,2000.8,2061.8,2050.6
214120.719,40,2005.2,2067,2056.8
214120.759,40,2012.4,2074.6,2076.6
214120.799,40,2022.4,2085.8,2093.8
214120.839,40,2030.6,2107.2,2114.2
214120.879,40,2045.8,2116.2,2110.4
214120.919,40,2057.4,2114.8,2092
214120.959,40,2062.6,2115.2,2073.8
214120.999,40,2069,2101.8,2052.4
214121.039,40,2061.4,2089.4,2044.2
214121.079,40,2057.6,2086.2,2029.4
214121.119,40,2052.8,2074.4,2029.4
214121.159,40,2053,2077.2,2029.4
214121.199,40,2053.8,2080,2029
214121.239,40,2060.6,2088.2,2032.2
214121.279,40,2067.4,2095.4,2041.2
214121.319,40,2074.8,2107.4,2055.6
214121.359,40,2078.4,2121,2072.8
214121.399,40,2079.6,2134,2090.6
214121.439,40,2063.6,2135.4,2110.8
214121.479,40,2054.6,2127.4,2120.2
214121.519,40,2034.6,2110.6,2119.2
214121.559,40,2022.8,2089.6,2094.4
214121.599,40,2012.6,2074.4,2071
214121.639,40,2008.6,2062.6,2050.4
214121.679,40,2010,2062.8,2042.8
214121.719,40,2003.4,2061.2,2046.2
214121.759,40,2006.6,2060.6,2053.4
214121.799,40,2012.4,2068,2059.8
214121.839,40,2012.4,2081.2,2079.4
214121.879,40,2025.2,2094.6,2104.2
214121.919,40,2038.6,2106.6,2112.6
214121.959,40,2050.2,2121.8,2108.6
214121.999,40,2065.2,2118.8,2087
214122.039,40,2071.6,2111,2066.4
214122.079,40,2064.4,2105.6,2050
214122.119,40,2060,2083.8,2041.4
214122.159,40,2059.6,2081.4,2029.4
214122.199,40,2059.2,2084.2,2030
214122.239,40,2056.2,2078.2,2034.4
214122.279,40,2059.4,2087,2036
214122.319,40,2065,2094.8,2042.4
214122.359,40,2069.6,2095.8,2045.2
214122.399,40,2076.8,2104.4,2054.6
214122.439,40,2081.4,2121,2066.2
214122.479,40,2079.8,2129.6,2086
214122.519,40,2070.8,2132.4,2110
214122.559,40,2059,2130.4,2120.2
214122.599,40,2042,2117.6,2123.2
214122.639,40,2025.2,2096.4,2105.4
214122.679,40,2017.2,2084.8,2085
214122.719,40,2011.8,2066.8,2064.8
214122.759,40,2007,2062.4,2053.8
214122.799,40,2007.6,2062.4,2044.6
214122.839,40,2008.4,2060.6,2043.2
214122.879,40,2011.6,2067,2047
214122.919,40,2009.8,2070.4,2061.6
214122.959,40,2015.2,2075,2078.2
214122.999,40,2026.8,2099.2,2098.6
214123.039,40,2040.4,2108.4,2112.6
214123.079,40,2047.2,2118.8,2104.8
214123.119,40,2063,2119.4,2091.6
214123.159,40,2071.8,2111,2070.2
214123.199,40,2065.2,2100,2046.4
214123.239,40,2056.6,2092.2,2039.8
214123.279,40,2062,2082.4,2030.2
214123.319,40,2055.2,2081.8,2031.6
214123.359,40,2062,2081.4,2028.6
214123.399,40,2060.8,2087.8,2037.8
214123.439,40,2066.4,2092.2,2037.2
214123.479,40,2071.4,2098.2,2046.2
214123.519,40,2077.6,2111.6,2052.8
214123.559,40,2081.2,2119.2,2068.6
214123.599,40,2077.8,2133.4,2088.4
214123.639,40,2070.6,2135.8,2107.8
214123.679,40,2061.2,2135.6,2124.4
214123.719,40,2044.8,2122.4,2127
214123.759,40,2033.4,2103.4,2115.8
214123.799,40,2022.8,2085.2,2102.4
214123.839,40,2019,2078.6,2078.6
214123.879,40,2009,2067.6,2065.2
214123.919,40,2008.4,2063.4,2051.2
214123.959,40,2007.8,2064.6,2051.8
214123.999,40,2010.8,2066.2,2056
214124.039,40,2010.4,2072.6,2069
214124.079,40,2016.4,2082.2,2087
214124.119,40,2030.4,2099.4,2110
214124.159,40,2040.4,2117,2115.2
214124.199,40,2057.6,2130.2,2110.4
214124.239,40,2072.6,2131.8,2093.8
214124.279,40,2073.4,2120.2,2079.4
214124.319,40,2077.8,2111.8,2060.2
214124.359,40,2071.4,2103.4,2053
214124.399,40,2071,2096.8,2043.2
214124.439,40,2069,2091.4,2043.4
214124.479,40,2070.8,2099.6,2044.4
214124.519,40,2071.6,2098.2,2043.2
214124.559,40,2073.8,2102,2045.6
214124.599,40,2078.6,2113.2,2054.4
214124.639,40,2075.8,2115,2066.4
214124.679,40,2078.8,2122,2081.6
214124.719,40,2070.6,2133.4,2103
214124.759,40,2055.6,2131,2124.2
214124.799,40,2045.4,2125.6,2125.6
214124.839,40,2030.4,2106.2,2118.2
214124.879,40,2015.4,2086,2094.8
214124.919,40,2013.2,2076,2075.6
214124.959,40,2006.6,2069.2,2057.6
214124.999,40,2003.8,2062,2049.4
214125.039,40,2000.8,2062.2,2051.6
214125.079,40,2007,2064.6,2056
214125.119,40,2009.6,2072.6,2066.4
214125.159,40,2019,2081.8,2091
214125.199,40,2027.6,2097.4,2108.6
214125.239,40,2041,2118.6,2117.8
214125.279,40,2050.8,2119.6,2107.4
214125.319,40,2066.4,2119.6,2084.2
214125.359,40,2070,2113.6,2064.2
214125.399,40,2069.8,2106.8,2049.8
214125.439,40,2065,2088.6,2038
214125.479,40,2059,2081.2,2031.4
214125.519,40,2052,2079.8,2027.6
214125.559,40,2051.6,2074.4,2030.6
214125.599,40,2054.8,2074.6,2026.4
214125.639,40,2060.8,2083.8,2032.8
214125.679,40,2067.2,2093.6,2038.2
214125.719,40,2070.6,2107.8,2054.2
214125.759,40,2081.6,2120,2070
214125.799,40,2080.4,2127.8,2087.4
214125.839,40,2069,2138.6,2110
214125.879,40,2057.6,2134.6,2124.2
214125.919,40,2038.8,2115.2,2125.4
214125.959,40,2025.2,2093.8,2103.2
214125.999,40,2015,2079,2075.6
214126.039,40,2009,2072.8,2060
214126.079,40,2010,2058.4,2046.6
214126.119,40,2007.4,2063,2045.4
214126.159,40,2000.4,2059.4,2048.6
214126.199,40,2008.8,2064.4,2050.6
214126.239,40,2013.6,2073.4,2068.8
214126.279,40,2014.6,2083.4,2085.6
214126.319,40,2025.2,2092.4,2102.8
214126.359,40,2038.8,2112,2109.2
214126.399,40,2048,2118.8,2107.8
214126.439,40,2058.6,2117.8,2095.8
214126.479,40,2069.8,2116.8,2074.6
214126.519,40,2073.4,2109.8,2060.2
214126.559,40,2068.6,2095.6,2050.4
214126.599,40,2068,2091.6,2039.6
214126.639,40,2064.2,2087.2,2042.2
214126.679,40,2066.2,2094,2039.2
214126.719,40,2067.8,2093.8,2044.2
214126.759,40,2069.2,2100,2045.8
214126.799,40,2073.8,2106.8,2048.4
214126.839,40,2077.4,2107,2058.2
214126.879,40,2082.4,2125.8,2070.6
214126.919,40,2077,2131.6,2091.6
214126.959,40,2066.4,2138,2115.4
214126.999,40,2055.6,2127,2123.6
214127.039,40,2040.2,2111.6,2118.8
214127.079,40,2024,2095.4,2105.8
214127.119,40,2011.6,2079.4,2083.6
214127.159,40,2009,2068,2062
214127.199,40,2009.8,2069.2,2052.4
214127.239,40,2007.8,2062,2045
214127.279,40,2007.4,2063.8,2045.6
214127.319,40,2011.2,2067,2056
214127.359,40,2015.6,2075,2069.2
214127.399,40,2019.6,2086,2085.4
214127.439,40,2029.8,2098.6,2104.8
214127.479,40,2041.4,2114,2112
214127.519,40,2051,2117.2,2101.2
214127.559,40,2061.8,2120.8,2083.8
214127.599,40,2062.8,2106.4,2061.4
214127.639,40,2063.8,2097.6,2050.6
214127.679,40,2059.2,2084.2,2037.6
214127.719,40,2055.8,2082.8,2032
214127.759,40,2055.6,2077.8,2031
214127.799,40,2051.4,2079.4,2030.8
214127.839,40,2060,2084.8,2030.8
214127.879,40,2065.6,2089.4,2033.6
214127.919,40,2065.6,2094.2,2037.6
214127.959,40,2070.4,2104,2049.8
214127.999,40,2074,2119.6,2065.2
214128.039,40,2080.2,2129.2,2079.8
214128.079,40,2073.2,2136.8,2101.8
214128.119,40,2058.2,2131.4,2120.2
214128.159,40,2044.4,2119.4,2118.6
214128.199,40,2031.8,2103.4,2113.2
214128.239,40,2018.6,2081,2088.6
214128.279,40,2014.4,2069,2069.6
214128.319,40,2006.2,2063,2058.2
214128.359,40,2005.4,2059.2,2048.4
214128.399,40,2003.2,2061.6,2049.8
214128.439,40,2004,2061.8,2054.4
214128.479,40,2012,2069.8,2064.2
214128.519,40,2020.8,2082.4,2083.8
214128.559,40,2029,2098.6,2102.2
214128.599,40,2035,2111.4,2113.4
214128.639,40,2049.8,2123.4,2104.8
214128.679,40,2056.8,2121,2088.4
214128.719,40,2066,2116,2070
214128.759,40,2070.8,2103.8,2053.6
214128.799,40,2062.8,2096.8,2042.4
214128.839,40,2062.4,2087.6,2037.8
214128.879,40,2064.4,2086.4,2031.2
214128.919,40,2061.8,2088.8,2033.4
214128.959,40,2067.2,2091,2042.8
214128.999,40,2071,2094.4,2042.8
214129.039,40,2068,2096.6,2045
214129.079,40,2072.2,2101.2,2054.2
214129.119,40,2070.2,2112.8,2063.6
214129.159,40,2073.6,2119.2,2073.8
214129.199,40,2069.2,2134,2094.6
214129.239,40,2060.2,2131,2115.8
214129.279,40,2048.6,2120,2125.4
214129.319,40,2034,2108.6,2110.6
214129.359,40,2025.2,2088.6,2089
214129.399,40,2011.4,2070.8,2073
214129.439,40,2011,2064.6,2053.4
214129.479,40,2007.2,2063.8,2045.4
214129.519,40,2006,2061,2046.2
214129.559,40,1998.2,2056.4,2048.4
214129.599,40,2007.2,2064.6,2055.4
214129.639,40,2012.8,2075.8,2068
214129.679,40,2024.2,2087,2092.2
214129.719,40,2032.2,2105.4,2111.8
214129.759,40,2046.6,2120,2107
214129.799,40,2054.8,2114,2095.2
214129.839,40,2064.4,2109.8,2069.6
214129.879,40,2065.4,2101.6,2051.8
214129.919,40,2062.8,2093.4,2037.4
214129.959,40,2055.4,2086.8,2033
214129.999,40,2054.4,2075,2026
214130.039,40,2053.6,2072.6,2025.2
214130.079,40,2050.6,2075.4,2027.6
214130.119,40,2053.6,2078,2030.8
214130.159,40,2054.4,2081,2032.6
214130.199,40,2061.8,2091.4,2034.8
214130.239,40,2067.4,2095.6,2043.6
214130.279,40,2073.2,2107.6,2057.8
214130.319,40,2070,2124.4,2079
214130.359,40,2072.6,2134.4,2101.8
214130.399,40,2058,2132.4,2121.6
214130.439,40,2044.2,2120.2,2128.4
214130.479,40,2030.6,2099,2118.2
214130.519,40,2022.8,2087.6,2093.4
214130.559,40,2016,2076.8,2071.4
214130.599,40,2004.8,2061.4,2055.6
214130.639,40,2007.4,2062,2048.2
214130.679,40,2007,2061.6,2042.2
214130.719,40,2010.2,2064.4,2048.2
214130.759,40,2009.4,2065.6,2064.4
214130.799,40,2013.8,2079.4,2079.2
214130.839,40,2024.4,2091.8,2099.4
214130.879,40,2037.6,2112.2,2112.6
214130.919,40,2045.2,2119.6,2111.4
214130.959,40,2056.6,2119.4,2094.6
214130.999,40,2065.2,2114.8,2075.8
214131.039,40,2072.4,2106.8,2060.8
214131.079,40,2065.6,2098.6,2046.8
214131.119,40,2066.4,2098.2,2042.2
214131.159,40,2060.8,2087.4,2034.8
214131.199,40,2059.8,2087.8,2033.2
214131.239,40,2061.8,2090.8,2038.2
214131.279,40,2061,2089.2,2039.2
214131.319,40,2064.6,2097.8,2041.8
214131.359,40,2069.8,2105.8,2051.2
214131.399,40,2074.8,2115.6,2067.2
214131.439,40,2075.6,2125.8,2082
214131.479,40,2070,2133.4,2108.8
214131.519,40,2058.4,2132.8,2122.2
214131.559,40,2045,2122.4,2129.4
214131.599,40,2030.2,2099.4,2116.4
214131.639,40,2018.8,2083.8,2095.2
214131.679,40,2012.8,2072.8,2070.8
214131.719,40,2009.4,2071.8,2061
214131.759,40,2006.8,2065,2048.8
214131.799,40,2011.8,2064.4,2051.8
214131.839,40,2006.8,2069,2060.6
214131.879,40,2010,2070,2070.6
214131.919,40,2019.4,2081.6,2088.2
214131.959,40,2026.2,2095,2101.8
214131.999,40,2036.8,2105.6,2116.6
214132.039,40,2050,2123.8,2108.2
214132.079,40,2063,2122.4,2091.6
214132.119,40,2070.4,2118.6,2072.8
214132.159,40,2069.6,2106.2,2054.6
214132.199,40,2067.6,2100.8,2044.8
214132.239,40,2065.2,2093,2044.2
214132.279,40,2064.2,2090,2038.2
214132.319,40,2064.2,2091.6,2041.6
214132.359,40,2069.2,2095.2,2043.4
214132.399,40,2068.4,2100.4,2045.6
214132.439,40,2073.4,2107.2,2051.6
214132.479,40,2076.6,2112.2,2058.4
214132.519,40,2072,2124,2078
214132.559,40,2066.4,2130.8,2099.4
214132.599,40,2063.4,2134,2124.8
214132.639,40,2045.8,2123.6,2131
214132.679,40,2032.4,2104.6,2118
214132.719,40,2023.4,2088.4,2093.4
214132.759,40,2010.6,2072.4,2069.4
214132.799,40,2006,2064,2051.4
214132.839,40,2008.8,2064,2049.4
214132.879,40,2004.6,2064.8,2046.4
214132.919,40,2009,2065,2053.6
214132.959,40,2010.2,2066.2,2060.6
214132.999,40,2013.8,2073,2076.2
214133.039,40,2023.2,2091.8,2101.2
214133.079,40,2038.4,2106.2,2112.6
214133.119,40,2049.6,2117.8,2110
214133.159,40,2062.6,2122.2,2090.4
214133.199,40,2070.8,2119.8,2078
214133.239,40,2071.6,2106.4,2051
214133.279,40,2064.8,2099,2046
214133.319,40,2066.8,2088.8,2036
214133.359,40,2054.2,2080.4,2030
214133.399,40,2058.2,2082.2,2029.4
214133.439,40,2055.8,2080,2030.2
214133.479,40,2057.8,2081.8,2030.4
214133.519,40,2062.4,2088.6,2038.4
214133.559,40,2065.4,2094.6,2041.6
214133.599,40,2073.4,2110.6,2053.4
214133.639,40,2078.8,2119.4,2066.6
214133.679,40,2081.4,2136,2085.4
214133.719,40,2075.8,2139.8,2108
214133.759,40,2060.6,2133.4,2125.8
214133.799,40,2047,2122.2,2129.8
214133.839,40,2031.4,2105.8,2112.8
214133.879,40,2019.2,2082.4,2086.4
214133.919,40,2010.2,2066.4,2062.2
214133.959,40,2006.8,2059.8,2046.6
214133.999,40,2007.4,2058.8,2046.8
214134.039,40,2005.6,2062,2045.4
214134.079,40,2009.2,2065.6,2052.2
214134.119,40,2008.2,2069.8,2065.6
214134.159,40,2015,2078.4,2083.6
214134.199,40,2023.8,2093.6,2101.2
214134.239,40,2043.4,2115.6,2115
214134.279,40,2051.2,2124,2106
214134.319,40,2063.8,2121.4,2086.8
214134.359,40,2068.8,2113.8,2067.6
214134.399,40,2069.8,2107.8,2054.2
214134.439,40,2067.8,2097.4,2045
214134.479,40,2061.4,2088.2,2032.8
214134.519,40,2062.2,2084,2035.4
214134.559,40,2060.4,2084.8,2038
214134.599,40,2065.8,2090.6,2035
214134.639,40,2065.8,2094.6,2039.2
214134.679,40,2065.8,2094,2046.4
214134.719,40,2074.8,2108.8,2055.6
214134.759,40,2082.6,2121,2065.2
214134.799,40,2081.4,2132.4,2086.8
214134.839,40,2076.6,2140.8,2110.6
214134.879,40,2065.8,2138.6,2125
214134.919,40,2048.2,2126.2,2131.2
214134.959,40,2035.4,2106.8,2122.2
214134.999,40,2021.8,2086.6,2095.4
214135.039,40,2015.4,2073,2071.8
214135.079,40,2007.6,2063.6,2054.4
214135.119,40,2009,2060.4,2045.8
214135.159,40,2004.6,2062.4,2045
214135.199,40,2007.8,2063.2,2047
214135.239,40,2009.4,2068.2,2060.2
214135.279,40,2014,2078,2077.2
214135.319,40,2021.6,2090.4,2100.2
214135.359,40,2037.8,2108.2,2111
214135.399,40,2052.8,2121.2,2110
214135.439,40,2061.6,2119.6,2089.4
214135.479,40,2069.8,2111.8,2070.8
214135.519,40,2066.6,2102,2050.2
214135.559,40,2059.6,2087,2040.4
214135.599,40,2055.6,2084.2,2038.6
214135.639,40,2055.8,2079,2032.8
214135.679,40,2057.4,2078.8,2029.8
214135.719,40,2054.6,2082.2,2031.4
214135.759,40,2060.2,2089.4,2031.6
214135.799,40,2062.4,2091.2,2037.4
214135.839,40,2072.2,2099.8,2044.4
214135.879,40,2077.8,2109.6,2056.8
214135.919,40,2082.8,2121.8,2075.8
214135.959,40,2087.2,2134.6,2090.6
214135.999,40,2079.8,2139.6,2107.8
214136.039,40,2058.4,2133.8,2126
214136.079,40,2045.6,2121.8,2122.4
214136.119,40,2027.4,2103.6,2117
214136.159,40,2017.2,2087.8,2093.4
214136.199,40,2013.8,2075,2071.4
214136.239,40,2007.4,2065.4,2058.4
214136.279,40,2009.4,2063.2,2053.8
214136.319,40,2008.8,2060.6,2053.4
214136.359,40,2006.8,2063.2,2051.8
214136.399,40,2013,2074.2,2066.6
214136.439,40,2015.6,2080.6,2084.6
214136.479,40,2024.4,2094,2107.6
214136.519,40,2036.6,2113.2,2117.2
214136.559,40,2052.6,2120.8,2100.8
214136.599,40,2061.8,2114.4,2080
214136.639,40,2062.2,2105.6,2060.4
214136.679,40,2063.2,2098.6,2048.2
214136.719,40,2060.8,2086.8,2034.8
214136.759,40,2055.2,2076,2030.4
214136.799,40,2055,2082.8,2026
214136.839,40,2056.6,2084.8,2030.8
214136.879,40,2061.4,2084.6,2035.6
214136.919,40,2065,2091.4,2041.4
214136.959,40,2078.4,2100.2,2047.2
214136.999,40,2080.6,2112.4,2062.2
214137.039,40,2082.2,2125.8,2075.6
214137.079,40,2078.4,2136.2,2101.4
214137.119,40,2067.4,2134.8,2115
214137.159,40,2055.4,2128.4,2130.2
214137.199,40,2034.2,2109.8,2124.8
214137.239,40,2020.8,2090.2,2098
214137.279,40,2014,2077,2077.2
214137.319,40,2008.2,2065,2057
214137.359,40,2006.6,2060,2048.2
214137.399,40,2004.8,2062.8,2047.4
214137.439,40,2002.6,2065.2,2054.8
214137.479,40,2008.8,2073,2065
214137.519,40,2016,2080.4,2082.4
214137.559,40,2023,2093.6,2102.6
214137.599,40,2037.8,2108.6,2111.8
214137.639,40,2049,2120.2,2104.6
214137.679,40,2062.4,2116.4,2086.8
214137.719,40,2063.4,2111.2,2064.6
214137.759,40,2060.6,2100,2052.6
214137.799,40,2057.8,2088.8,2038.8
214137.839,40,2052.6,2080.4,2031.2
214137.879,40,2049,2072.4,2025.8
214137.919,40,2050.4,2072.8,2025.2
214137.959,40,2050,2074,2024.4
214137.999,40,2051.8,2079.8,2027.2
214138.039,40,2059.2,2082,2030.4
214138.079,40,2066.6,2087.4,2033.6
214138.119,40,2067.6,2095.2,2047.4
214138.159,40,2080.6,2112.6,2059
214138.199,40,2084.6,2131.8,2078.8
214138.239,40,2078.4,2138.2,2101
214138.279,40,2070.2,2140.2,2117.6
214138.319,40,2046.8,2129.8,2125.4
214138.359,40,2036.6,2107.6,2118.8
214138.399,40,2024.6,2091.4,2096.8
214138.439,40,2015,2074,2076
214138.479,40,2008.8,2072.2,2061.4
214138.519,40,2008.2,2064.2,2052.4
214138.559,40,2008,2059.4,2053.2
214138.599,40,2007,2063.6,2056.8
214138.639,40,2008.8,2071.6,2065.2
214138.679,40,2014.6,2079.8,2084.6
214138.719,40,2025.4,2091.8,2099.2
214138.759,40,2038.4,2112.6,2115.2
214138.799,40,2048.8,2116.4,2112.2
214138.839,40,2062.6,2123.2,2099.8
214138.879,40,2071.4,2121,2082.8
214138.919,40,2074.2,2116.8,2069.6
214138.959,40,2074.2,2107.8,2055.2
214138.999,40,2072.4,2101.4,2046.8
214139.039,40,2073.6,2095,2039.4
214139.079,40,2073.2,2098.8,2042.2
214139.119,40,2068.2,2094,2041.4
214139.159,40,2070.2,2095.6,2044.6
214139.199,40,2070.8,2104.2,2048.4
214139.239,40,2073.8,2106.6,2054.6
214139.279,40,2076.4,2118.6,2069.4
214139.319,40,2079.8,2123.8,2084.8
214139.359,40,2074.4,2136.2,2106.8
214139.399,40,2060.4,2136.6,2128
214139.439,40,2042.2,2120,2129.8
214139.479,40,2031.4,2102,2114.6
214139.519,40,2018.4,2082.2,2085.6
214139.559,40,2014,2069.8,2062.6
214139.599,40,2005.2,2064.4,2051.2
214139.639,40,2006.8,2061.6,2042.8
214139.679,40,2004.8,2059,2042.2
214139.719,40,2007.6,2058.6,2048.8
214139.759,40,2011.8,2071,2064.4
214139.799,40,2012.6,2082.2,2082.6
214139.839,40,2030,2098.6,2109.4
214139.879,40,2039.2,2111.6,2113.2
214139.919,40,2052.8,2123.6,2099.4
214139.959,40,2067,2116.4,2082
214139.999,40,2068,2115.6,2067.6
214140.039,40,2074.2,2102.6,2050
214140.079,40,2069,2093,2043.4
214140.119,40,2067.4,2089.2,2037.2
214140.159,40,2060.6,2087.2,2031.6
214140.199,40,2061.2,2079.8,2034.2
214140.239,40,2061.8,2083.8,2034.4
214140.279,40,2062.8,2087.4,2035.6
214140.319,40,2063.2,2088,2031.8
214140.359,40,2067.4,2086.8,2037.8
214140.399,40,2072.4,2095.8,2044
214140.439,40,2074.8,2114.8,2063
214140.479,40,2077,2125.6,2080.2
214140.519,40,2076.2,2129.8,2096.8
214140.559,40,2064.8,2137.4,2115
214140.599,40,2045.2,2124.4,2126.8
214140.639,40,2035.4,2104.8,2116.8
214140.679,40,2017.6,2082,2090.4
214140.719,40,2012.6,2073.4,2070.8
214140.759,40,2007.8,2065.4,2055
214140.799,40,2005.4,2059.6,2051.2
214140.839,40,2002.4,2062.8,2045
214140.879,40,2011,2065.8,2052
214140.919,40,2009.2,2067.6,2067.2
214140.959,40,2018.8,2084,2089
214140.999,40,2030.6,2099,2105.6
214141.039,40,2041.2,2111.8,2112
214141.079,40,2050.4,2120.8,2109.2
214141.119,40,2061.4,2119.4,2084.6
214141.159,40,2066.6,2111.4,2066.4
214141.199,40,2064.4,2102.8,2051
214141.239,40,2061.8,2092.4,2043.8
214141.279,40,2059.4,2086.6,2029.2
214141.319,40,2063,2081.2,2030.2
214141.359,40,2054,2082.6,2035
214141.399,40,2056.2,2081.8,2038.4
214141.439,40,2062.4,2086.2,2035
214141.479,40,2067.4,2098,2046.4
214141.519,40,2073,2106.2,2050.2
214141.559,40,2077.6,2117.4,2062.4
214141.599,40,2075,2125,2087
214141.639,40,2073.2,2137.4,2105.8
214141.679,40,2058.2,2132,2124
214141.719,40,2040,2118.2,2130
214141.759,40,2032.6,2101.6,2106.8
214141.799,40,2019.8,2080.4,2084.2
214141.839,40,2011.2,2072.2,2067.6
214141.879,40,2010,2064.2,2049.6
214141.919,40,2004.6,2060.2,2048.8
214141.959,40,2004.6,2062.4,2049
214141.999,40,2011.4,2071.8,2058.4
214142.039,40,2014.4,2077.4,2084.8
214142.079,40,2026.2,2089.4,2100.8
214142.119,40,2035.4,2104.8,2108.8
214142.159,40,2050.6,2119.4,2108.2
214142.199,40,2059.8,2120.2,2092.6
214142.239,40,2066.4,2112.2,2071.8
214142.279,40,2065,2104,2053.8
214142.319,40,2064.4,2097,2046.4
214142.359,40,2059.2,2086.6,2037.6
214142.399,40,2058.4,2085,2029.2
214142.439,40,2057.6,2083.6,2033.2
214142.479,40,2061.8,2087.2,2035.8
214142.519,40,2066.4,2091.6,2039
214142.559,40,2066.6,2095,2044.4
214142.599,40,2069,2103,2046.2
214142.639,40,2078,2114.2,2061.6
214142.679,40,2076.6,2124,2075
214142.719,40,2072.4,2134.2,2099.8
214142.759,40,2066.8,2137,2121.6
214142.799,40,2047.2,2126.4,2130.4
214142.839,40,2038.4,2111.8,2120.4
214142.879,40,2021.8,2087.2,2096.6
214142.919,40,2015.6,2075.2,2072.2
214142.959,40,2008.6,2064.8,2060
214142.999,40,2005.6,2062.4,2046.8
214143.039,40,2004.6,2065.4,2042.6
214143.079,40,2004.2,2059.8,2044.4
214143.119,40,2004.6,2063.6,2051.6
214143.159,40,2010.6,2071.2,2066.6
214143.199,40,2012.8,2080.4,2089.6
214143.239,40,2030.8,2098.6,2104.2
214143.279,40,2043.4,2114,2111.2
214143.319,40,2053.8,2119.4,2097.8
214143.359,40,2066,2118,2081.2
214143.399,40,2067,2112.6,2062.6
214143.439,40,2066.8,2097.6,2050.4
214143.479,40,2069.8,2098.6,2041.2
214143.519,40,2064.2,2088.6,2039.6
214143.559,40,2059.6,2083.8,2034
214143.599,40,2063.8,2087.6,2036
214143.639,40,2066,2086.2,2041.2
214143.679,40,2064.2,2092.6,2043.2
214143.719,40,2072.6,2100.6,2043.6
214143.759,40,2065.6,2102.8,2050.4
214143.799,40,2074,2115.8,2069
214143.839,40,2075.4,2126.6,2086.4
214143.879,40,2066.8,2130.4,2108.4
214143.919,40,2057,2133,2124.2
214143.959,40,2044.8,2120.8,2127
214143.999,40,2029,2100.8,2113
214144.039,40,2020.4,2081.4,2084.4
214144.079,40,2010,2073.4,2062.2
214144.119,40,2005,2062,2048.6
214144.159,40,2004.6,2060.6,2039.6
214144.199,40,2005.2,2057.2,2044.2
214144.239,40,2012.2,2067.2,2047.4
214144.279,40,2008.2,2068.2,2058.2
214144.319,40,2017.8,2077.4,2078.6
214144.359,40,2029.8,2092.6,2099.2
214144.399,40,2036.4,2110.8,2110.2
214144.439,40,2048.8,2117.8,2106.8
214144.479,40,2062.8,2117.4,2087.2
214144.519,40,2067.4,2113.4,2067.2
214144.559,40,2066.8,2098,2047.2
214144.599,40,2070.6,2096.8,2042.4
214144.639,40,2058.8,2087.8,2034.2
214144.679,40,2060.6,2082.4,2031
214144.719,40,2058.8,2083.4,2032.6
214144.759,40,2062.8,2091,2034
214144.799,40,2061.8,2088,2041.4
214144.839,40,2068.4,2095.6,2047
214144.879,40,2076.8,2111.2,2052.6
214144.919,40,2074.4,2119.4,2069.4
214144.959,40,2076.4,2129.8,2093.2
214144.999,40,2064.2,2138,2114
214145.039,40,2051.8,2124,2125.8
214145.079,40,2033.6,2110.2,2121.8
214145.119,40,2019.6,2087.6,2096.4
214145.159,40,2015,2073.2,2072.8
214145.199,40,2004.2,2065.6,2053.6
214145.239,40,2004.4,2061,2047.8
214145.279,40,2004.2,2059.8,2041
214145.319,40,2002,2061.6,2040.4
214145.359,40,2006,2061.2,2049.6
214145.399,40,2008.8,2072.8,2065
214145.439,40,2019.6,2082.6,2084.6
214145.479,40,2030.4,2102.4,2106.6
214145.519,40,2040.8,2117.8,2117
214145.559,40,2057,2122.8,2098.2
214145.599,40,2065.4,2121.8,2083.4
214145.639,40,2070.4,2106,2059.2
214145.679,40,2067.6,2095.8,2047.8
214145.719,40,2065.4,2085.6,2039.6
214145.759,40,2061.8,2083.6,2031.6
214145.799,40,2060.8,2083.4,2029.4
214145.839,40,2059.6,2084.4,2033.2
214145.879,40,2061.4,2090.4,2035.4
214145.919,40,2069.8,2098.4,2047.2
214145.959,40,2075.8,2103.6,2049
214145.999,40,2077.6,2114.8,2063.4
214146.039,40,2079.8,2130.4,2077.2
214146.079,40,2073.6,2133.4,2100.4
214146.119,40,2064.4,2137,2116.8
214146.159,40,2049,2130.6,2123.4
214146.199,40,2034.4,2108.6,2117.6
214146.239,40,2021.6,2087.8,2097.6
214146.279,40,2013.4,2074,2071.4
214146.319,40,2008,2063.4,2055
214146.359,40,2007.4,2060.6,2043.2
214146.399,40,2004.8,2061,2046
214146.439,40,2005.2,2060.8,2048.2
214146.479,40,2010.2,2061.4,2060.2
214146.519,40,2014.2,2072.2,2072.8
214146.559,40,2020,2086.2,2094.4
214146.599,40,2030.8,2105,2110.6
214146.639,40,2050.2,2119.8,2116.8
214146.679,40,2060.6,2118.2,2093.4
214146.719,40,2067.4,2117.6,2073
214146.759,40,2069,2106.2,2054.8
214146.799,40,2066.4,2093.2,2041
214146.839,40,2058.8,2078.6,2034.4
214146.879,40,2054.4,2080,2032.2
214146.919,40,2052.8,2077.8,2023
214146.959,40,2053.4,2078.8,2026.4
214146.999,40,2058.8,2081.6,2032.4
214147.039,40,2059,2086,2028
214147.079,40,2065.2,2088.6,2034.6
214147.119,40,2070.6,2103,2049.2
214147.159,40,2075.4,2111.6,2062.6
214147.199,40,2073,2124,2081
214147.239,40,2068.8,2131.8,2101.8
214147.279,40,2062.2,2138.4,2122
214147.319,40,2045,2121.6,2129
214147.359,40,2026.8,2103,2109.6
214147.399,40,2022.8,2083,2081.4
214147.439,40,2007.6,2068.8,2066.6
214147.479,40,2006.8,2060.4,2045.2
214147.519,40,2005.2,2062,2043.2
214147.559,40,2001.6,2057.8,2040
214147.599,40,2004.4,2061.6,2046.2
214147.639,40,2008.2,2064.4,2055.2
214147.679,40,2012.4,2075.6,2078.4
214147.719,40,2024.6,2094.6,2097.2
214147.759,40,2037.6,2110.4,2111.6
214147.799,40,2048,2121,2112.4
214147.839,40,2058.6,2120.2,2093.4
214147.879,40,2068,2113.4,2069.2
214147.919,40,2067.8,2106.8,2051.6
214147.959,40,2061.4,2090,2042.8
214147.999,40,2058.6,2084.8,2029
214148.039,40,2052.8,2082.2,2028.4
214148.079,40,2054.2,2080.4,2023
214148.119,40,2051,2074.6,2029.8
214148.159,40,2057.6,2082.6,2029.8
214148.199,40,2058.2,2088.2,2033.8
214148.239,40,2066.2,2090.4,2039.4
214148.279,40,2068.4,2103.2,2046
214148.319,40,2068,2115.2,2062.2
214148.359,40,2075.4,2130.4,2080.2
214148.399,40,2068.6,2133.6,2111.4
214148.439,40,2054.2,2132.4,2128
214148.479,40,2035.6,2110.4,2124.6
214148.519,40,2021.8,2097,2098.2
214148.559,40,2015,2074.2,2072.2
214148.599,40,2008,2066,2052.6
214148.639,40,2010.6,2063.2,2043.2
214148.679,40,2003.6,2061.6,2038
214148.719,40,2004,2059,2047
214148.759,40,2006.6,2064,2049.8
214148.799,40,2007.6,2071.6,2072.4
214148.839,40,2016.8,2082.4,2086.4
214148.879,40,2031,2105.8,2107.4
214148.919,40,2042.8,2115.4,2111.2
214148.959,40,2055,2126.2,2095.6
214148.999,40,2060.8,2117.4,2080.2
214149.039,40,2064.2,2106.2,2058.8
214149.079,40,2062.8,2095.6,2048.4
214149.119,40,2054,2088,2035.4
214149.159,40,2055.4,2086,2030.2
214149.199,40,2050.2,2076.6,2022.4
214149.239,40,2057.4,2077.4,2023.4
214149.279,40,2057.4,2079.4,2025.6
214149.319,40,2062.4,2086.4,2035
214149.359,40,2063,2088.6,2042.8
214149.399,40,2067,2100,2046.6
214149.439,40,2074.4,2118.2,2060.6
214149.479,40,2074.8,2122.8,2086
214149.519,40,2072.6,2136,2104.4
214149.559,40,2055.6,2131.2,2121.4
214149.599,40,2044.6,2120.4,2125.6
214149.639,40,2029.8,2104,2106.8
214149.679,40,2018.6,2078.4,2086.8
214149.719,40,2008,2072.6,2068.4
214149.759,40,2008.6,2057.8,2048.4
214149.799,40,2003,2060.4,2042
214149.839,40,2001.8,2057,2041.2
214149.879,40,2002.4,2057.4,2043.6
214149.919,40,2006,2069.2,2057.8
214149.959,40,2010.4,2074.4,2071.4
214149.999,40,2017.6,2082.8,2087.8
214150.039,40,2032.4,2101.8,2109.2
214150.079,40,2043.8,2117,2112.8
214150.119,40,2055.6,2121.6,2101.8
214150.159,40,2066.8,2115.6,2072.6
214150.199,40,2067.6,2102.2,2053.4
214150.239,40,2062.2,2092,2040.4
214150.279,40,2059.4,2080,2034.4
214150.319,40,2047,2073.6,2028.4
214150.359,40,2044.2,2069,2026.2
214150.399,40,2046.6,2072.2,2020.6
214150.439,40,2047.2,2071,2023
214150.479,40,2052.8,2078.6,2026
214150.519,40,2055,2083,2032.6
214150.559,40,2061.4,2088,2038.8
214150.599,40,2067.2,2099.4,2047.8
214150.639,40,2073.4,2117,2062.4
214150.679,40,2075,2125.6,2088.4
214150.719,40,2066.8,2135.2,2108.6
214150.759,40,2054.6,2127.4,2123.8
214150.799,40,2039.4,2112.6,2121.8
214150.839,40,2024.8,2093,2102.8
214150.879,40,2016.8,2078.8,2078.4
214150.919,40,2010.4,2071.6,2058.2
214150.959,40,2005.8,2068.6,2049.6
214150.999,40,2008,2058.8,2044.4
214151.039,40,2007.6,2062.2,2040
214151.079,40,2013.6,2065,2050.2
214151.119,40,2009.2,2076.4,2068.6
214151.159,40,2019.6,2088.8,2091.2
214151.199,40,2029.8,2100.2,2106.4
214151.239,40,2043,2118.8,2107.4
214151.279,40,2057.8,2117.2,2094.6
214151.319,40,2065.8,2117.2,2077.2
214151.359,40,2069.6,2108.4,2058.2
214151.399,40,2066.2,2098.6,2044.4
214151.439,40,2060.2,2088.2,2037.2
214151.479,40,2057.2,2083.6,2031.6
214151.519,40,2054.2,2077.2,2028.4
214151.559,40,2051.8,2082.4,2030.6
214151.599,40,2055.2,2077.4,2027.8
214151.639,40,2054.4,2083.2,2028.2
214151.679,40,2064.4,2089.4,2031.8
214151.719,40,2066,2092.6,2040.6
214151.759,40,2068.6,2104,2051
214151.799,40,2072.8,2120,2066.4
214151.839,40,2068.8,2125.4,2091.8
214151.879,40,2062.6,2133.4,2112.8
214151.919,40,2047.4,2127.2,2128
214151.959,40,2036,2112.8,2121.6
214151.999,40,2021.8,2085.2,2097.2
214152.039,40,2005.8,2073.6,2076.2
214152.079,40,2009.6,2067.6,2055.8
214152.119,40,2001.2,2061.6,2044
214152.159,40,2002.8,2056.8,2037.2
214152.199,40,2004.6,2056.8,2036.8
214152.239,40,2006.8,2063.6,2043
214152.279,40,2006.8,2063.6,2050.2
214152.319,40,2008.8,2072.8,2069.8
214152.359,40,2022,2086.8,2091
214152.399,40,2034.8,2108.4,2110.8
214152.439,40,2043.2,2117,2112.8
214152.479,40,2061.8,2120.6,2090.4
214152.519,40,2065.8,2116.4,2075.6
214152.559,40,2068.2,2108.2,2053
214152.599,40,2062.6,2095.4,2036
214152.639,40,2057.6,2085.4,2036
214152.679,40,2059.6,2082.2,2028
214152.719,40,2055.4,2073.6,2029.8
214152.759,40,2049.6,2077.6,2030.2
214152.799,40,2056.2,2082.2,2031.8
214152.839,40,2061,2083.6,2035.6
214152.879,40,2060.6,2090,2042.2
214152.919,40,2068.6,2103.6,2054
214152.959,40,2078.2,2119.6,2066.4
214152.999,40,2079,2131.6,2088.4
214153.039,40,2067.2,2140.2,2113.6
214153.079,40,2055.2,2131.4,2130
214153.119,40,2038,2116.6,2129
214153.159,40,2030,2096.6,2104.2
214153.199,40,2016.4,2081,2078.4
214153.239,40,2006.8,2063.4,2056.4
214153.279,40,2005.8,2064.4,2044.4
214153.319,40,2003.8,2059.8,2037
214153.359,40,2001.8,2060,2043
214153.399,40,2006.6,2060.2,2049.4
214153.439,40,2012.4,2065.6,2062.4
214153.479,40,2015.6,2073.6,2076
214153.519,40,2025.6,2093.8,2100.2
214153.559,40,2038,2107,2114.6
214153.599,40,2051.4,2119.2,2104.8
214153.639,40,2063,2119,2087.6
214153.679,40,2064.6,2119.4,2075.8
214153.719,40,2068,2103.2,2053.8
214153.759,40,2062.8,2095.2,2043
214153.799,40,2057,2087.8,2035.2
214153.839,40,2056.8,2079.2,2029.6
214153.879,40,2053.6,2080.8,2030.8
214153.919,40,2050.4,2081.4,2026
214153.959,40,2057.4,2081.6,2031.6
214153.999,40,2063.6,2088.8,2035.8
214154.039,40,2064.6,2093.8,2042.8
214154.079,40,2072.2,2111.2,2054.6
214154.119,40,2075.8,2119.6,2072.6
214154.159,40,2071,2137.6,2099.2
214154.199,40,2065.6,2141.6,2118
214154.239,40,2049.6,2131,2131.4
214154.279,40,2033.8,2111,2123
214154.319,40,2023.2,2091,2103.2
214154.359,40,2010.4,2074,2073.2
214154.399,40,2007,2060.6,2054.2
214154.439,40,2006,2058,2043.2
214154.479,40,2004.2,2058.6,2037.6
214154.519,40,2002.8,2060.6,2036.4
214154.559,40,2007.4,2058.2,2042.2
214154.599,40,2005.4,2065.6,2048.4
214154.639,40,2010.8,2068.8,2067.8
214154.679,40,2021,2086.4,2092
214154.719,40,2034.2,2105.8,2110.6
214154.759,40,2049.4,2115.4,2109.8
214154.799,40,2059.6,2116.2,2091.2
214154.839,40,2067.6,2112.2,2070
214154.879,40,2062.6,2099.2,2051
214154.919,40,2058.8,2091.4,2042.8
214154.959,40,2052.6,2084.6,2030.6
214154.999,40,2053,2077,2022
214155.039,40,2050.8,2073.4,2029.2
214155.079,40,2049.8,2077.6,2027.2
214155.119,40,2058.2,2078.6,2028
214155.159,40,2058.8,2075.6,2035.2
214155.199,40,2068,2089.4,2036.6
214155.239,40,2067.8,2103.6,2049.2
214155.279,40,2079.6,2115.8,2064.8
214155.319,40,2085.2,2132.2,2082
214155.359,40,2073,2137.6,2102.6
214155.399,40,2058.4,2133.2,2123.6
214155.439,40,2038.2,2116.2,2124.8
214155.479,40,2025,2093.2,2100.6
214155.519,40,2014,2074.8,2074.2
214155.559,40,2006,2065.4,2056.4
214155.599,40,2006.2,2058.8,2040.4
214155.639,40,2004.8,2057.6,2037.4
214155.679,40,2005.4,2054.4,2037.8
214155.719,40,2005.4,2054,2041.2
214155.759,40,2008.8,2064,2052
214155.799,40,2011.4,2070,2062.8
214155.839,40,2019.4,2085.6,2094.4
214155.879,40,2028,2100.2,2109.2
214155.919,40,2048.8,2117.2,2111.6
214155.959,40,2060.8,2126.6,2098.6
214155.999,40,2067.8,2116.8,2080.8
214156.039,40,2072.4,2114.8,2061.6
214156.079,40,2066.8,2101.2,2047.8
214156.119,40,2070,2094.4,2038.6
214156.159,40,2056,2085.8,2031.6
214156.199,40,2054.8,2082,2032.8
214156.239,40,2058,2085,2033.6
214156.279,40,2063.2,2084.6,2035.8
214156.319,40,2064.4,2091,2036.8
214156.359,40,2065.8,2091.4,2041.8
214156.399,40,2072.8,2097.4,2047.6
214156.439,40,2080.6,2109.4,2057
214156.479,40,2081.8,2120.8,2076
214156.519,40,2078.8,2132.2,2094.4
214156.559,40,2065.6,2134,2118.2
214156.599,40,2051.2,2124.2,2125.4
214156.639,40,2037.8,2106.4,2120.6
214156.679,40,2022,2086.6,2092
214156.719,40,2011.6,2073.4,2069.8
214156.759,40,2007.4,2062.8,2053.6
214156.799,40,2005,2059.6,2043
214156.839,40,2004,2057.4,2036
214156.879,40,2004.4,2057.2,2044.4
214156.919,40,2008,2061.4,2051.6
214156.959,40,2013.2,2072.2,2063.8
214156.999,40,2017,2084.6,2083.8
214157.039,40,2027,2098.6,2105.6
214157.079,40,2041.4,2114.2,2114.4
214157.119,40,2057.6,2121.2,2104.8
214157.159,40,2061.6,2119.4,2082
214157.199,40,2067.4,2108.2,2061.6
214157.239,40,2069.6,2097.2,2047.2
214157.279,40,2059,2088.2,2039
214157.319,40,2055,2081.2,2029.6
214157.359,40,2051.2,2076.4,2025.4
214157.399,40,2052.2,2069.8,2019.4
214157.439,40,2046.8,2076.2,2023.8
214157.479,40,2051.6,2080.6,2026
214157.519,40,2057.4,2077.2,2029.4
214157.559,40,2058,2086.8,2036.2
214157.599,40,2067.6,2092.2,2041
214157.639,40,2070.4,2106,2048.8
214157.679,40,2077.4,2115,2061.8
214157.719,40,2075.2,2123.8,2082.8
214157.759,40,2068,2135,2110.4
214157.799,40,2053.6,2131.4,2123.2
214157.839,40,2039.6,2118,2128.4
214157.879,40,2025,2097.4,2108.4
214157.919,40,2014.8,2078.8,2080.2
214157.959,40,2007,2065.8,2057.4
214157.999,40,2004.8,2059,2044.2
214158.039,40,2001.6,2061,2037.6
214158.079,40,2002.4,2055.2,2042.6
214158.119,40,2009.4,2059,2039.2
214158.159,40,2005.6,2061,2051.4
214158.199,40,2009.6,2072.8,2072
214158.239,40,2019.4,2081,2086.6
214158.279,40,2025.6,2101.2,2104.8
214158.319,40,2041.8,2114.2,2105
214158.359,40,2053,2116.6,2094.6
214158.399,40,2060.8,2122,2080.2
214158.439,40,2069,2111.8,2056.8
214158.479,40,2072.4,2098.4,2044.4
214158.519,40,2062.2,2091.2,2036
214158.559,40,2054.6,2082,2031.6
214158.599,40,2054.6,2076.4,2028
214158.639,40,2054.2,2083.8,2028.2
214158.679,40,2057.6,2083.2,2029.8
214158.719,40,2056.2,2083.2,2032.2
214158.759,40,2060.2,2087,2036.6
214158.799,40,2067.6,2095.6,2041.2
214158.839,40,2071.2,2108.6,2058.4
214158.879,40,2071.6,2117.2,2071.8
214158.919,40,2071.6,2126.4,2093.2
214158.959,40,2060.4,2129.4,2114.8
214158.999,40,2049.6,2122.4,2122.4
214159.039,40,2033.8,2105.8,2116.6
214159.079,40,2021.8,2090,2099.4
214159.119,40,2011.6,2076.2,2070.4
214159.159,40,2006,2064.4,2053.6
214159.199,40,2004,2065.6,2043.4
214159.239,40,2004.8,2052.6,2039.2
214159.279,40,2002.4,2056.2,2045
214159.319,40,2008.8,2061.6,2046.4
214159.359,40,2010.4,2068.4,2063.6
214159.399,40,2013,2079.4,2078.2
214159.439,40,2019,2090.8,2100.4
214159.479,40,2038,2108.4,2111.8
214159.519,40,2049.8,2120.6,2099
214159.559,40,2060,2119.4,2088.2
214159.599,40,2065.6,2112.2,2069.8
214159.639,40,2065.8,2103.2,2053.4
214159.679,40,2069.4,2096.2,2043.6
214159.719,40,2061.8,2092.2,2032.8
214159.759,40,2057.4,2081.6,2032
214159.799,40,2057.6,2085.6,2034
214159.839,40,2058.4,2082,2037.6
214159.879,40,2060,2082.2,2037
214159.919,40,2061.4,2089,2037.4
214159.959,40,2068.2,2087.6,2045.6
214159.999,40,2069.4,2095,2048.2
214160.039,40,2073.4,2111,2064.8
214160.079,40,2077.2,2125.4,2080.2
214160.119,40,2072.2,2134.4,2100.8
214160.159,40,2059.2,2136.2,2121.6
214160.199,40,2041.6,2120.6,2127.6
214160.239,40,2028.6,2098,2109.4
214160.279,40,2016,2086,2086
214160.319,40,2014.4,2069.4,2062.8
214160.359,40,2007.6,2066.2,2045.2
214160.399,40,2004.6,2057.8,2039.8
214160.439,40,2006,2059.8,2039.8
214160.479,40,2004.2,2059,2043.8
214160.519,40,2005.4,2067.2,2056
214160.559,40,2013.4,2071,2074
214160.599,40,2017.8,2089.2,2095.2
214160.639,40,2033,2103.4,2111.4
214160.679,40,2048,2115,2109.4
214160.719,40,2058.4,2118.4,2090.2
214160.759,40,2066.6,2120,2072.4
214160.799,40,2067.4,2102,2054.8
214160.839,40,2067,2097.4,2043.6
214160.879,40,2055,2088.4,2036.8
214160.919,40,2052.2,2077.6,2031.6
214160.959,40,2051.2,2074.4,2023.2
214160.999,40,2050,2074.4,2027.4
214161.039,40,2055,2076.4,2028
214161.079,40,2055.8,2079.8,2025.4
214161.119,40,2053.6,2082.8,2026.2
214161.159,40,2061.2,2088.2,2038.8
214161.199,40,2068.2,2094.8,2045.8
214161.239,40,2076.6,2109.2,2052.6
214161.279,40,2086.2,2125.2,2072
214161.319,40,2078.8,2133.8,2091
214161.359,40,2070.6,2134.6,2107.2
214161.399,40,2060,2132.8,2125.4
214161.439,40,2039.2,2116.2,2126.4
214161.479,40,2022.6,2090.2,2100.8
214161.519,40,2017.8,2074.8,2070.8
214161.559,40,2003.8,2061.6,2053.2
214161.599,40,2004.2,2054.8,2038.6
214161.639,40,2000.2,2056.2,2038.2
214161.679,40,2003.8,2057,2038.2
214161.719,40,2006.8,2062.6,2043.6
214161.759,40,2006,2061.6,2048.8
214161.799,40,2008.4,2071.2,2069.8
214161.839,40,2017,2082.8,2089
214161.879,40,2029.6,2102.4,2107.6
214161.919,40,2040.8,2113.6,2109.2
214161.959,40,2049.6,2119,2103.6
214161.999,40,2062.8,2117.4,2078.6
214162.039,40,2069,2107.6,2058.6
214162.079,40,2063.8,2097.6,2043.4
214162.119,40,2060.6,2091.8,2037
214162.159,40,2057.4,2082,2030.2
214162.199,40,2052,2079,2029.6
214162.239,40,2055.2,2077.6,2027.6
214162.279,40,2056,2080.6,2028.4
214162.319,40,2058.6,2085,2034.6
214162.359,40,2064,2083.8,2037
214162.399,40,2070.4,2100.6,2048.6
214162.439,40,2078.8,2111.4,2062.2
214162.479,40,2077.6,2125.4,2082
214162.519,40,2073.8,2137.2,2111.6
214162.559,40,2057.6,2138.8,2127.6
214162.599,40,2043.6,2122,2129.8
214162.639,40,2027.6,2099.2,2115.6
214162.679,40,2016.2,2077.6,2080.2
214162.719,40,2014.6,2071.4,2061.8
214162.759,40,2006,2061.4,2044.8
214162.799,40,2005,2057.4,2039.2
214162.839,40,2000.2,2057.4,2037.8
214162.879,40,2003.8,2055.4,2036.6
214162.919,40,2005.2,2062,2045.8
214162.959,40,2009.2,2064.6,2057.4
214162.999,40,2013.4,2076.8,2083
214163.039,40,2021.8,2094,2100.4
214163.079,40,2039.6,2110.4,2111.2
214163.119,40,2048.8,2116.4,2108.2
214163.159,40,2063.4,2121.8,2086.4
214163.199,40,2069.8,2109.8,2069.4
214163.239,40,2071.8,2103.6,2053.8
214163.279,40,2066.6,2096.2,2043.8
214163.319,40,2060.8,2083.4,2034.2
214163.359,40,2062.2,2082.8,2028.6
214163.399,40,2054.6,2077,2031.2
214163.439,40,2054.6,2079.2,2031.8
214163.479,40,2063.6,2083,2031
214163.519,40,2059.4,2084.2,2034.2
214163.559,40,2061.4,2089,2040.2
214163.599,40,2063.8,2095.4,2044.6
214163.639,40,2073.6,2104.6,2051.6
214163.679,40,2073.4,2118,2074
214163.719,40,2076.8,2131,2093.6
214163.759,40,2067,2141,2111.8
214163.799,40,2051.4,2129.8,2128.6
214163.839,40,2040,2117.2,2120.6
214163.879,40,2025.8,2091.6,2099
214163.919,40,2011.4,2074.6,2076.4
214163.959,40,2009.4,2065,2059.6
214163.999,40,2008.4,2064.2,2039.8
214164.039,40,2002.4,2052.8,2038.2
214164.079,40,2001.8,2058.8,2038.6
214164.119,40,2004.6,2061.4,2044.2
214164.159,40,2007.6,2066.6,2055.6
214164.199,40,2010.6,2072.4,2074.2
214164.239,40,2022.4,2090,2098.4
214164.279,40,2031.2,2102.6,2106.8
214164.319,40,2047.4,2119.8,2110
214164.359,40,2057.8,2119,2090.8
214164.399,40,2066.8,2112.8,2068.8
214164.439,40,2070.2,2100,2052.2
214164.479,40,2062.6,2097.4,2045
214164.519,40,2058.2,2088.2,2030
214164.559,40,2053.8,2077.6,2027.2
214164.599,40,2051.2,2076.4,2031.2
214164.639,40,2051.4,2078.4,2024.4
214164.679,40,2051,2080.6,2026.6
214164.719,40,2059.8,2079.2,2033.6
214164.759,40,2062.6,2083.8,2029.6
214164.799,40,2060.4,2088.6,2036.8
214164.839,40,2064.8,2097.2,2044.2
214164.879,40,2072.2,2103.4,2050.8
214164.919,40,2073.8,2118.8,2063
214164.959,40,2073.2,2123,2090.4
214164.999,40,2064.6,2127.2,2106
214165.039,40,2049.8,2124.2,2123.8
214165.079,40,2033.6,2107.4,2109.6
214165.119,40,2020.4,2081.4,2094.4
214165.159,40,2011.4,2066.8,2063
214165.199,40,2005.4,2063.2,2049.8
214165.239,40,2003.6,2060.8,2040.4
214165.279,40,2008.6,2055.2,2035.6
214165.319,40,2004.8,2058.6,2035.4
214165.359,40,2005,2061.6,2048.2
214165.399,40,2007.2,2065.8,2065.2
214165.439,40,2015,2079.4,2086.4
214165.479,40,2029.4,2101,2103.4
214165.519,40,2040.2,2116.4,2111.2
214165.559,40,2053.4,2120.2,2097.6
214165.599,40,2067.8,2118.2,2080.8
214165.639,40,2066,2108.2,2069.6
214165.679,40,2061.8,2098.4,2046.4
214165.719,40,2061.4,2090,2043
214165.759,40,2055,2082.4,2037.6
214165.799,40,2051.2,2078.4,2030.6
214165.839,40,2054.6,2080.4,2028
214165.879,40,2053.8,2080.8,2028
214165.919,40,2057.4,2081.4,2032
214165.959,40,2058.2,2083.4,2034.8
214165.999,40,2061.2,2083.8,2036
214166.039,40,2060.2,2091.2,2040.2
214166.079,40,2067,2101.2,2046.6
214166.119,40,2073.6,2109.6,2056.4
214166.159,40,2076.8,2122.8,2077.2
214166.199,40,2070.8,2131,2096.8
214166.239,40,2061.4,2132.8,2114
214166.279,40,2045.4,2125.8,2124.8
214166.319,40,2032.4,2106.8,2120.2
214166.359,40,2024.8,2091.6,2095.6
214166.399,40,2016.8,2081.4,2076.2
214166.439,40,2012,2075,2059.6
