105847.389,40,2133.2,2120.4,2049.8
105847.429,40,2135.4,2127.6,2056.4
105847.469,40,2133.6,2122.6,2050.2
105847.509,40,2129.4,2117.4,2049.6
105847.549,40,2129,2123.8,2050.6
105847.589,40,2131,2119.8,2050
105847.629,40,2132.4,2122.2,2054
105847.669,40,2130.2,2124,2055.8
105847.709,40,2130.6,2124.2,2054.2
105847.749,40,2134.6,2126.2,2058.2
105847.789,40,2133,2127.8,2061.2
105847.829,40,2126.6,2130.8,2060.8
105847.869,40,2128.4,2131.6,2064.4
105847.909,40,2128,2134,2061.8
105847.949,40,2125.4,2129.2,2063.8
105847.989,40,2124.8,2125,2059.6
105848.029,40,2123.6,2133.4,2062.6
105848.069,40,2117.8,2131,2066.2
105848.109,40,2114.8,2140.4,2079.4
105848.149,40,2105.4,2145.8,2087.4
105848.189,40,2092,2145.6,2107
105848.229,40,2070.2,2135.2,2115.6
105848.269,40,2052.8,2120.4,2118.4
105848.309,40,2046.4,2113.8,2112.4
105848.349,40,2051.6,2119.8,2124.2
105848.389,40,2065.4,2137,2131.4
105848.429,40,2086.2,2152.8,2129
105848.469,40,2096.2,2153,2122.4
105848.509,40,2104,2157.6,2108.2
105848.549,40,2113,2153.8,2100.4
105848.589,40,2114.8,2148.4,2086
105848.629,40,2106.8,2140.8,2082.2
105848.669,40,2102.2,2140.8,2089.2
105848.709,40,2099.4,2150.4,2099.4
105848.749,40,2097.4,2149,2109.8
105848.789,40,2094.8,2149.2,2111
105848.829,40,2094.2,2150.8,2106.4
105848.869,40,2097.2,2145.6,2101
105848.909,40,2087.2,2141.2,2100
105848.949,40,2084.4,2135.4,2098.8
105848.989,40,2088.4,2139.2,2100.4
105849.029,40,2092.8,2147.8,2098.4
105849.069,40,2092.6,2143,2095.8
105849.109,40,2087.4,2141.8,2099.8
105849.149,40,2087,2138.4,2099.8
105849.189,40,2089,2137,2104.8
105849.229,40,2089.4,2139.8,2093.8
105849.269,40,2098,2140.8,2093.2
105849.309,40,2100.2,2140,2088.4
105849.349,40,2105.2,2141.6,2086
105849.389,40,2107.8,2136.8,2077.8
105849.429,40,2107.2,2139.8,2075.6
105849.469,40,2107.2,2140.6,2079.8
105849.509,40,2105.8,2140.8,2086.6
105849.549,40,2099.6,2147,2101.2
105849.589,40,2085.8,2145.8,2113.2
105849.629,40,2065.8,2133,2117.8
105849.669,40,2058.6,2124.2,2113.8
105849.709,40,2054.8,2128.2,2110.4
105849.749,40,2067,2130,2109.4
105849.789,40,2086.6,2137.2,2101
105849.829,40,2101.6,2140.4,2086.4
105849.869,40,2114.2,2137.6,2072.8
105849.909,40,2114.8,2126.8,2058.4
105849.949,40,2118.6,2127,2060
105849.989,40,2114.8,2131,2064.6
105850.029,40,2116,2140.6,2078.2
105850.069,40,2111.2,2151.4,2095.8
105850.109,40,2089.2,2147,2113.8
105850.149,40,2070.6,2138,2117.8
105850.189,40,2064.8,2130.2,2121.2
105850.229,40,2077.6,2145.2,2125.8
105850.269,40,2094.2,2159.8,2128.2
105850.309,40,2114.6,2162.4,2110
105850.349,40,2126.4,2160.4,2100
105850.389,40,2135.2,2150.8,2084.2
105850.429,40,2124.6,2144.6,2077
105850.469,40,2109,2136.2,2072
105850.509,40,2105,2137.4,2080.8
105850.549,40,2099,2145.2,2099.6
105850.589,40,2082.2,2145.8,2119.4
105850.629,40,2067.6,2136.6,2124.2
105850.669,40,2069,2135.2,2128.8
105850.709,40,2081.4,2149.6,2131
105850.749,40,2106.2,2163.8,2118.4
105850.789,40,2121.2,2156.8,2101.2
105850.829,40,2125.6,2148.2,2081.4
105850.869,40,2130.2,2130.8,2067
105850.909,40,2121,2126.2,2058.8
105850.949,40,2122.2,2133.2,2062
105850.989,40,2119.4,2145,2075.4
105851.029,40,2109.4,2148.8,2099.4
105851.069,40,2095.8,2155.6,2119.2
105851.109,40,2076.8,2148,2132.6
105851.149,40,2076,2146.4,2134.2
105851.189,40,2093.4,2153.4,2121.4
105851.229,40,2104.6,2159.2,2105.2
105851.269,40,2118.8,2150.6,2088.8
105851.309,40,2125,2134.8,2067
105851.349,40,2115,2123.2,2056.2
105851.389,40,2121.2,2126.6,2060.2
105851.429,40,2122.2,2137.4,2072.8
105851.469,40,2115.8,2145.8,2088.6
105851.509,40,2099.6,2147.2,2100.4
105851.549,40,2086.8,2148,2111
105851.589,40,2070.6,2138.6,2120.2
105851.629,40,2080.2,2145.4,2122.8
105851.669,40,2099.2,2158.6,2123.2
105851.709,40,2118.6,2160.8,2107
105851.749,40,2131,2156,2094
105851.789,40,2129,2152.6,2084
105851.829,40,2121.2,2142,2072.4
105851.869,40,2111.6,2134.8,2071.4
105851.909,40,2110,2137.4,2081
105851.949,40,2102.8,2148.6,2100.6
105851.989,40,2082.4,2139.4,2110.2
105852.029,40,2062.6,2132,2117.8
105852.069,40,2064,2133.6,2120
105852.109,40,2081,2148.8,2129.6
105852.149,40,2100.2,2160,2125.4
105852.189,40,2118,2166,2112.2
105852.229,40,2124.4,2155.4,2097.6
105852.269,40,2131.6,2156.4,2091.8
105852.309,40,2131.6,2151,2087.2
105852.349,40,2122.4,2145.2,2089.4
105852.389,40,2107.8,2143.6,2087.6
105852.429,40,2083.8,2142.6,2102
105852.469,40,2066.6,2131,2110.4
105852.509,40,2053.4,2119.4,2112.6
105852.549,40,2057.2,2127.4,2126.4
105852.589,40,2073.4,2143.4,2130.8
105852.629,40,2089.6,2157,2125.8
105852.669,40,2105.2,2154,2111.2
105852.709,40,2111.6,2147.4,2088.4
105852.749,40,2118.8,2137.2,2068.2
105852.789,40,2119.2,2127.2,2062.8
105852.829,40,2115.4,2134,2072
105852.869,40,2114,2145,2076.6
105852.909,40,2118.8,2149.6,2091
105852.949,40,2111.4,2144,2094.4
105852.989,40,2107.8,2143.6,2094
105853.029,40,2110.4,2152.6,2096
105853.069,40,2106.2,2145,2092.2
105853.109,40,2100.8,2144.8,2092.4
105853.149,40,2103,2145.8,2088.4
105853.189,40,2100,2141.8,2089.8
105853.229,40,2102.4,2144.2,2090.6
105853.269,40,2100.4,2144.2,2098.4
105853.309,40,2096.8,2147.2,2100.6
105853.349,40,2090,2145.4,2109
105853.389,40,2081.2,2139.6,2116.2
105853.429,40,2067.8,2138.4,2120.8
105853.469,40,2062,2128.6,2120.8
105853.509,40,2047.6,2114.8,2113.2
105853.549,40,2044.2,2104,2108.2
105853.589,40,2041.8,2106.8,2113.6
105853.629,40,2052,2118,2115.8
105853.669,40,2055.2,2126,2126
105853.709,40,2082.4,2146.2,2128
105853.749,40,2097.4,2158.2,2126
105853.789,40,2115.2,2158,2106.2
105853.829,40,2126,2155.2,2093.4
105853.869,40,2129.8,2144.6,2083.2
105853.909,40,2128.4,2143,2075.8
105853.949,40,2120,2144.6,2079
105853.989,40,2123,2145.2,2075.2
105854.029,40,2118.4,2141.6,2078.6
105854.069,40,2110.6,2137.8,2082.4
105854.109,40,2097.8,2143.4,2086.4
105854.149,40,2090.2,2143,2099.6
105854.189,40,2068.8,2135.2,2114.2
105854.229,40,2054.6,2128.2,2119
105854.269,40,2043.8,2107,2107.6
105854.309,40,2034,2094,2096.8
105854.349,40,2034.4,2090.4,2091
105854.389,40,2029,2091.8,2090.6
105854.429,40,2037.4,2102,2106.6
105854.469,40,2043.8,2112.6,2114.4
105854.509,40,2056.6,2126.8,2114.4
105854.549,40,2071.4,2140.8,2115.4
105854.589,40,2092.4,2144.4,2099.4
105854.629,40,2103.8,2134,2084.6
105854.669,40,2115.8,2136.2,2076.8
105854.709,40,2117.2,2133.2,2065
105854.749,40,2120,2132,2065.6
105854.789,40,2121.4,2142.8,2073
105854.829,40,2112.8,2141.4,2083
105854.869,40,2115,2149.4,2094.8
105854.909,40,2104.4,2151.8,2104.4
105854.949,40,2086.4,2141.6,2106.4
105854.989,40,2067.2,2137.8,2113.4
105855.029,40,2050.8,2118.2,2106.2
105855.069,40,2039.2,2098.4,2094.4
105855.109,40,2028,2086.4,2086.4
105855.149,40,2018.4,2077.2,2072.4
105855.189,40,2021.4,2074,2064.8
105855.229,40,2019.4,2074,2063
105855.269,40,2029,2078.6,2074.6
105855.309,40,2029.8,2088.8,2087.2
105855.349,40,2038,2103.4,2101.6
105855.389,40,2050.2,2118.4,2119
105855.429,40,2072.2,2140.4,2117.8
105855.469,40,2090,2152.6,2119.8
105855.509,40,2115.2,2155.6,2099.8
105855.549,40,2120,2146.8,2087
105855.589,40,2116.6,2141.2,2073.4
105855.629,40,2112.4,2131.8,2070.2
105855.669,40,2110.8,2137.8,2080.4
105855.709,40,2105.4,2144.8,2086.6
105855.749,40,2105.6,2149.6,2100.8
105855.789,40,2094.4,2147,2109.6
105855.829,40,2075.2,2140,2118.2
105855.869,40,2062.4,2131.6,2115.2
105855.909,40,2045,2110.8,2108
105855.949,40,2035.2,2095.4,2097.4
105855.989,40,2026.2,2083.8,2083.2
105856.029,40,2023.8,2080.8,2071.6
105856.069,40,2022.4,2072.4,2063.4
105856.109,40,2021.4,2075.2,2066.2
105856.149,40,2028.6,2080,2074.2
105856.189,40,2028.4,2092.8,2089.4
105856.229,40,2043,2110,2110.2
105856.269,40,2059.8,2129.6,2126.6
105856.309,40,2077.4,2146,2124.4
105856.349,40,2096.4,2152.6,2116.6
105856.389,40,2112.4,2159.8,2101.2
105856.429,40,2119.2,2148.2,2089.8
105856.469,40,2123.4,2146.2,2077.2
105856.509,40,2111.4,2139.6,2076.2
105856.549,40,2106.6,2143.6,2081.6
105856.589,40,2096.8,2139.6,2085
105856.629,40,2096.6,2147,2100.6
105856.669,40,2082.8,2146.6,2116.2
105856.709,40,2066.8,2136.6,2118
105856.749,40,2049.8,2119.6,2114.2
105856.789,40,2035,2102,2100.2
105856.829,40,2031.8,2085.8,2086.8
105856.869,40,2024,2074.6,2068.8
105856.909,40,2015.2,2067.6,2057.8
105856.949,40,2019,2069.8,2057.8
105856.989,40,2022.2,2075.8,2064.8
105857.029,40,2023.6,2085.6,2078
105857.069,40,2035.6,2097.8,2098
105857.109,40,2050,2118.4,2117.8
105857.149,40,2069.4,2142.6,2125.4
105857.189,40,2092.6,2152.4,2115.4
105857.229,40,2108.6,2152.8,2103.8
105857.269,40,2120.8,2152,2088.2
105857.309,40,2119.2,2147.2,2081.2
105857.349,40,2118.4,2143,2078.4
105857.389,40,2106.6,2136.4,2078.4
105857.429,40,2100.4,2138.6,2085.6
105857.469,40,2094.4,2142.8,2095.6
105857.509,40,2085.8,2147.8,2110.2
105857.549,40,2069.8,2139,2117.8
105857.589,40,2052,2121.2,2117.6
105857.629,40,2041.2,2104,2107.6
105857.669,40,2031,2090,2089.4
105857.709,40,2031.4,2085,2076
105857.749,40,2015.6,2072.4,2070
105857.789,40,2024.2,2076.8,2069
105857.829,40,2024.8,2085.8,2085.4
105857.869,40,2031.8,2096,2100.6
105857.909,40,2050.6,2119.8,2116.8
105857.949,40,2074,2140.2,2123.6
105857.989,40,2095.8,2151.4,2118.6
105858.029,40,2110.2,2156.6,2104
105858.069,40,2121,2147.8,2082.4
105858.109,40,2121.8,2143.4,2076
105858.149,40,2115.8,2132.2,2073.2
105858.189,40,2113.2,2132.4,2073.2
105858.229,40,2108.2,2144.6,2090
105858.269,40,2108.2,2151,2097.2
105858.309,40,2096,2154.2,2107.6
105858.349,40,2080.2,2147.4,2121.8
105858.389,40,2061.4,2130.8,2119
105858.429,40,2044.4,2113.8,2113.6
105858.469,40,2036.2,2098.4,2093.6
105858.509,40,2023.8,2083,2081.4
105858.549,40,2019.6,2075.6,2070.6
105858.589,40,2020.2,2074.4,2063.6
105858.629,40,2021.6,2075.6,2071.8
105858.669,40,2031.2,2092.6,2090.6
105858.709,40,2045.6,2112.2,2114.8
105858.749,40,2065.6,2136.4,2125.8
105858.789,40,2091.4,2152.2,2124.4
105858.829,40,2109.4,2158.6,2105.4
105858.869,40,2122.6,2150.8,2088
105858.909,40,2133,2145.2,2079.6
105858.949,40,2120.6,2137.8,2065.8
105858.989,40,2113.4,2138,2074
105859.029,40,2107.8,2139.4,2075.8
105859.069,40,2099.4,2146.6,2097.2
105859.109,40,2090.6,2147.8,2105
105859.149,40,2072.6,2138.8,2117.6
105859.189,40,2055.4,2123.2,2117.4
105859.229,40,2044.4,2110,2106.2
105859.269,40,2029.6,2087.8,2091.2
105859.309,40,2025.4,2082.8,2074.8
105859.349,40,2021.8,2072.6,2067
105859.389,40,2023.4,2075.6,2069.4
105859.429,40,2029,2085,2087.8
105859.469,40,2040.6,2105,2108.2
105859.509,40,2053.2,2121.2,2123.4
105859.549,40,2074.6,2142.8,2132
105859.589,40,2098.6,2152.6,2119
105859.629,40,2105.2,2154.8,2103.4
105859.669,40,2114.2,2155.2,2093.2
105859.709,40,2111,2142,2087.2
105859.749,40,2102.2,2135.4,2080.4
105859.789,40,2098.4,2139.4,2089.6
105859.829,40,2098.4,2144.4,2100.2
105859.869,40,2091.2,2145.4,2107.2
105859.909,40,2074.6,2143.2,2119.4
105859.949,40,2064.6,2131,2122
105859.989,40,2049.8,2114.4,2114.8
105860.029,40,2039.2,2099,2102.4
105860.069,40,2029.6,2086.4,2088.4
105860.109,40,2027.2,2079.8,2074.6
105860.149,40,2020.2,2076.8,2069.2
105860.189,40,2024.6,2076,2075.6
105860.229,40,2025.6,2086.4,2088.2
105860.269,40,2036.2,2100,2103.4
105860.309,40,2049.6,2123,2122.6
105860.349,40,2076.6,2142.6,2122.2
105860.389,40,2092.2,2151,2117.4
105860.429,40,2101.2,2153.6,2107.6
105860.469,40,2111,2153.8,2098.4
105860.509,40,2113.4,2146.8,2091.8
105860.549,40,2103.2,2147.2,2088.4
105860.589,40,2099,2137.8,2083.2
105860.629,40,2091.4,2138.8,2091.6
105860.669,40,2081.4,2143,2099.8
105860.709,40,2068.8,2134.4,2113
105860.749,40,2059.2,2126.6,2115.2
105860.789,40,2049,2118.8,2118.8
105860.829,40,2035.6,2100.4,2103.4
105860.869,40,2025.6,2086.8,2086
105860.909,40,2026.4,2083.2,2074.6
105860.949,40,2018.6,2072,2062
105860.989,40,2017,2071.6,2065
105861.029,40,2023,2077.2,2073.6
105861.069,40,2027.8,2086.8,2088.6
105861.109,40,2040,2104.6,2102
105861.149,40,2051.2,2125.6,2122.6
105861.189,40,2069.8,2141,2126.8
105861.229,40,2091.2,2147.8,2118.8
105861.269,40,2104.4,2155.2,2109.2
105861.309,40,2106.2,2152.4,2103.2
105861.349,40,2105.6,2148.8,2097.4
105861.389,40,2098.6,2146.6,2096.2
105861.429,40,2097,2142,2091.4
105861.469,40,2080.2,2138.4,2098.4
105861.509,40,2077.8,2134.8,2104.4
105861.549,40,2063.8,2134.2,2113.2
105861.589,40,2054.8,2120,2115.6
105861.629,40,2038.4,2105.2,2103.2
105861.669,40,2030.8,2090.2,2094
105861.709,40,2027.2,2078.8,2080.6
105861.749,40,2022.4,2075,2067
105861.789,40,2019.4,2072.4,2066.6
105861.829,40,2024,2074,2067.6
105861.869,40,2027.4,2083.2,2080.4
105861.909,40,2032.2,2088.6,2093.4
105861.949,40,2045.2,2108,2107.6
105861.989,40,2055.2,2125.2,2114.6
105862.029,40,2073.2,2138.6,2114.8
105862.069,40,2090,2147.6,2108.4
105862.109,40,2100,2146.2,2101
105862.149,40,2101.6,2144.6,2095.6
105862.189,40,2099.2,2145,2093.6
105862.229,40,2091,2142.2,2096
105862.269,40,2084.4,2139.2,2102
105862.309,40,2075.2,2136.8,2110.6
105862.349,40,2063,2129.4,2114
105862.389,40,2046.6,2111.2,2107
105862.429,40,2034.6,2098.4,2096.8
105862.469,40,2026.2,2086.6,2087.4
105862.509,40,2023.2,2081.6,2074.2
105862.549,40,2020.6,2070.2,2061.6
105862.589,40,2018.4,2072.6,2062
105862.629,40,2021.2,2076.6,2067.4
105862.669,40,2027.8,2086.4,2085.2
105862.709,40,2037.4,2101.2,2106
105862.749,40,2056.6,2120.8,2117
105862.789,40,2073,2142.4,2124.4
105862.829,40,2094.8,2152.2,2114
105862.869,40,2107.4,2156.4,2101.2
105862.909,40,2113.6,2151,2095.4
105862.949,40,2112,2144.2,2086.2
105862.989,40,2110.4,2144,2080.8
105863.029,40,2102,2135.2,2087
105863.069,40,2097.6,2139.6,2090.6
105863.109,40,2088.8,2146.4,2104.2
105863.149,40,2076.6,2138,2111.2
105863.189,40,2061.8,2131.8,2116.6
105863.229,40,2049.6,2115.4,2112.6
105863.269,40,2038.2,2098.6,2098.4
105863.309,40,2026.6,2083.6,2081
105863.349,40,2023.4,2077.8,2067
105863.389,40,2017.6,2068.8,2060.4
105863.429,40,2020.2,2069.4,2058.2
105863.469,40,2020.4,2077.2,2072.6
105863.509,40,2035.4,2097,2095.6
105863.549,40,2045.6,2110.4,2114.4
105863.589,40,2059.8,2130,2125.6
105863.629,40,2080.8,2147.8,2123
105863.669,40,2095,2152,2112.8
105863.709,40,2109.2,2151,2101.8
105863.749,40,2110.6,2148.6,2090.2
105863.789,40,2109.2,2139.4,2086.6
105863.829,40,2102.8,2139.6,2085
105863.869,40,2095,2140.4,2092.6
105863.909,40,2090.4,2142.8,2097.2
105863.949,40,2079.8,2138.8,2114.8
105863.989,40,2059.4,2128.8,2118.4
105864.029,40,2047.6,2117.6,2112.2
105864.069,40,2040.8,2105.2,2103.2
105864.109,40,2032,2092.6,2094.4
105864.149,40,2024.6,2076.4,2076.8
105864.189,40,2021,2079.8,2071
105864.229,40,2024.2,2081.4,2077.2
105864.269,40,2028.6,2092.4,2092.4
105864.309,40,2038.2,2104.8,2108.2
105864.349,40,2051.8,2123.8,2122
105864.389,40,2072.2,2138.6,2122.2
105864.429,40,2085.6,2146.2,2117.2
105864.469,40,2104,2148,2103.8
105864.509,40,2116.2,2155.2,2095.8
105864.549,40,2118.2,2147,2082.6
105864.589,40,2119.2,2140.8,2080.8
105864.629,40,2120.8,2141.6,2076.6
105864.669,40,2118.8,2143.8,2075
105864.709,40,2119,2139.4,2079.8
105864.749,40,2116,2139.8,2082.2
105864.789,40,2119.8,2149.2,2084.2
105864.829,40,2114.2,2149,2093.2
105864.869,40,2114.2,2148.2,2089.2
105864.909,40,2116.2,2154.6,2093.4
105864.949,40,2122.6,2156.4,2094.6
105864.989,40,2118,2151.6,2098.2
105865.029,40,2120.6,2154.2,2099
105865.069,40,2118,2157,2099
105865.109,40,2113.2,2153.4,2095.4
105865.149,40,2112,2153.8,2096.4
105865.189,40,2109.8,2154,2097
105865.229,40,2107.4,2154,2097.8
105865.269,40,2106.6,2153.6,2100
105865.309,40,2110.6,2153.8,2103
105865.349,40,2105.2,2151,2105.2
105865.389,40,2107.6,2151,2105.6
105865.429,40,2102.8,2152.6,2106
105865.469,40,2107.4,2149.8,2103.6
105865.509,40,2104.4,2153.8,2109.8
105865.549,40,2102.8,2160.2,2112.2
105865.589,40,2102.8,2160,2112
105865.629,40,2099.4,2151,2107.8
105865.669,40,2099.4,2150.8,2109
105865.709,40,2098.8,2149.8,2108.6
105865.749,40,2098.6,2157.6,2114
105865.789,40,2096,2152.4,2112.6
105865.829,40,2095.6,2150,2112.8
105865.869,40,2089.8,2149,2115.8
105865.909,40,2090.4,2151.6,2116
105865.949,40,2088.6,2148,2112.6
105865.989,40,2085,2147,2107.8
105866.029,40,2090,2147.4,2112
105866.069,40,2084.8,2142.8,2118.2
105866.109,40,2084.2,2150,2114
105866.149,40,2085.6,2142,2111
105866.189,40,2086.4,2142.6,2114.6
105866.229,40,2079,2140,2118
105866.269,40,2079.8,2143.8,2118.8
105866.309,40,2083.6,2140,2114.4
105866.349,40,2076,2143,2115.8
105866.389,40,2075,2142,2110.8
105866.429,40,2082.8,2142.8,2111.4
105866.469,40,2083.8,2143.2,2108.2
105866.509,40,2092.8,2141.2,2095.4
105866.549,40,2104.2,2140.6,2087
105866.589,40,2113.8,2137,2068.4
105866.629,40,2120.6,2128,2063
105866.669,40,2126,2122,2050.8
105866.709,40,2129.8,2116.2,2044.8
105866.749,40,2129.6,2115.2,2044.2
105866.789,40,2132,2124.6,2051.6
105866.829,40,2133.8,2124.8,2052.4
105866.869,40,2132.2,2124.6,2051
105866.909,40,2129.4,2116.2,2049.6
105866.949,40,2121.8,2114,2045
105866.989,40,2125.8,2115,2043.2
105867.029,40,2123.6,2117.6,2047.6
105867.069,40,2128.4,2125.8,2051.2
105867.109,40,2129.4,2128.6,2057.4
105867.149,40,2129.4,2128.6,2057.8
105867.189,40,2127.6,2130,2054.4
105867.229,40,2126.8,2126.2,2055
105867.269,40,2127.8,2125,2056.2
105867.309,40,2123.2,2129.8,2060.6
105867.349,40,2126,2129,2062.8
105867.389,40,2130.6,2132.8,2062.6
105867.429,40,2132,2136,2065.8
105867.469,40,2129.4,2140,2068.4
105867.509,40,2132.8,2141,2071.8
105867.549,40,2138.4,2149,2074.2
105867.589,40,2133.4,2139.8,2078.2
105867.629,40,2135.4,2149.4,2080.2
105867.669,40,2134.6,2152.6,2083.4
105867.709,40,2131.2,2149.4,2082.2
105867.749,40,2127,2149.2,2082.2
105867.789,40,2126.6,2147.6,2083.2
105867.829,40,2121.8,2143.4,2075.8
105867.869,40,2118.4,2138,2075.8
105867.909,40,2112.8,2132.2,2074.8
105867.949,40,2109.6,2140.8,2077.4
105867.989,40,2109,2140,2080
105868.029,40,2114,2152.4,2094.6
105868.069,40,2109,2150.4,2098.8
105868.109,40,2107.4,2149.8,2097.4
105868.149,40,2107.4,2152,2099
105868.189,40,2106.6,2152,2102.2
105868.229,40,2108,2151.8,2101.4
105868.269,40,2107.2,2150.2,2101.2
105868.309,40,2106.4,2147,2098.4
105868.349,40,2103.4,2147.8,2098.6
105868.389,40,2108.6,2151,2099
105868.429,40,2101.4,2151,2103.4
105868.469,40,2102.8,2146.2,2102.2
105868.509,40,2101.2,2149.8,2103.2
105868.549,40,2102.2,2150.8,2103.2
105868.589,40,2107.8,2151.4,2103.4
105868.629,40,2108,2149.8,2100.2
105868.669,40,2119.2,2149.6,2092.4
105868.709,40,2125.4,2146.2,2087.8
105868.749,40,2131,2137.6,2066.8
105868.789,40,2134.8,2124.8,2051.2
105868.829,40,2127.4,2108.2,2042.8
105868.869,40,2123,2106.6,2035
105868.909,40,2116.6,2103.4,2036.6
105868.949,40,2119.8,2107.2,2036.8
105868.989,40,2125.4,2116.4,2047
105869.029,40,2130,2133,2060.2
105869.069,40,2118.6,2140.8,2077.2
105869.109,40,2105,2148.4,2101.6
105869.149,40,2082,2137.2,2110.4
105869.189,40,2064.6,2132.6,2114.2
105869.229,40,2066,2129.4,2120.8
105869.269,40,2073,2134.4,2124.6
105869.309,40,2074.6,2142.4,2119
105869.349,40,2090,2148.2,2113.8
105869.389,40,2113,2154,2101.8
105869.429,40,2129.6,2149.6,2082
105869.469,40,2137,2131.8,2059
105869.509,40,2128.4,2114.4,2044.6
105869.549,40,2114.4,2098.4,2035
105869.589,40,2107.6,2089,2029.2
105869.629,40,2117,2097.4,2035.2
105869.669,40,2121.8,2112.6,2046.8
105869.709,40,2131.6,2131.4,2057.8
105869.749,40,2126.4,2147.6,2083.2
105869.789,40,2104.4,2154.8,2107.6
105869.829,40,2083.8,2147.4,2123.8
105869.869,40,2066.4,2136,2123.6
105869.909,40,2060.2,2126.2,2129.4
105869.949,40,2061,2125.2,2121
105869.989,40,2059.2,2132,2123.4
105870.029,40,2066.8,2133.4,2118.2
105870.069,40,2076.2,2141.8,2116.6
105870.109,40,2096.2,2143.2,2099.6
105870.149,40,2111.8,2142.8,2086.4
105870.189,40,2126.6,2135.6,2061.2
105870.229,40,2129.4,2114.8,2040.6
105870.269,40,2112.6,2100,2032.6
105870.309,40,2101.8,2088.6,2024.2
105870.349,40,2097.6,2082,2022
105870.389,40,2097.6,2085.4,2018.6
105870.429,40,2109.2,2088.8,2027.6
105870.469,40,2121.6,2113.2,2039.4
105870.509,40,2128.8,2125,2057
105870.549,40,2121.8,2137.6,2075.2
105870.589,40,2104.8,2144.8,2096.6
105870.629,40,2084,2145.6,2110.8
105870.669,40,2062,2130,2117.6
105870.709,40,2047.8,2120.6,2117.2
105870.749,40,2046.8,2113.4,2110.2
105870.789,40,2046.6,2110.4,2107.2
105870.829,40,2052.4,2123.4,2123.6
105870.869,40,2064,2136.8,2125.6
105870.909,40,2082.8,2146.2,2120.8
105870.949,40,2109.8,2153.8,2107.6
105870.989,40,2133.2,2152,2083.6
105871.029,40,2141,2133.6,2064
105871.069,40,2129.8,2112,2043.4
105871.109,40,2109.8,2089.6,2033.8
105871.149,40,2091.8,2077.8,2023
105871.189,40,2087.8,2072.6,2017
105871.229,40,2085.6,2072.2,2017.6
105871.269,40,2091.2,2074.6,2018.2
105871.309,40,2110.8,2093,2027.4
105871.349,40,2123.4,2113.2,2042.6
105871.389,40,2127.8,2131.6,2065.2
105871.429,40,2111.4,2144.8,2087.6
105871.469,40,2091.4,2149.2,2115
105871.509,40,2073.6,2141.2,2124.8
105871.549,40,2057,2122.6,2114.4
105871.589,40,2045.8,2111,2113
105871.629,40,2043.4,2113.2,2109.8
105871.669,40,2053.4,2119.2,2116.2
105871.709,40,2066.8,2132.2,2120
105871.749,40,2082.2,2145.4,2119.2
105871.789,40,2110,2156.8,2108.8
105871.829,40,2129.2,2151.2,2090.2
105871.869,40,2137.8,2136.2,2063.4
105871.909,40,2131.8,2113.8,2044.2
105871.949,40,2113.4,2095.6,2032.6
105871.989,40,2097.8,2081.4,2023.2
105872.029,40,2081.8,2072.4,2016.4
105872.069,40,2076,2065,2010.4
105872.109,40,2085.2,2071.4,2014
105872.149,40,2097.6,2082.4,2021.4
105872.189,40,2110,2088.6,2026.8
105872.229,40,2124.4,2106.2,2037.2
105872.269,40,2119.2,2115.6,2050.8
105872.309,40,2118.4,2136,2069.4
105872.349,40,2101.2,2142.8,2093.2
105872.389,40,2081,2140,2115
105872.429,40,2066,2135.2,2122.8
105872.469,40,2052.8,2124.2,2124.6
105872.509,40,2050.8,2121.8,2125
105872.549,40,2057.2,2127.2,2125.6
105872.589,40,2058.2,2131.4,2126
105872.629,40,2069.4,2134.4,2125.2
105872.669,40,2081,2145.6,2118.2
105872.709,40,2100.6,2152.4,2110.4
105872.749,40,2114,2146,2091.6
105872.789,40,2125.2,2128.4,2063.8
105872.829,40,2122.6,2110.2,2042.8
105872.869,40,2108.2,2087.6,2024.8
105872.909,40,2087,2074.6,2019.2
105872.949,40,2073.2,2060.8,2010
105872.989,40,2066.4,2057,2011.8
105873.029,40,2060.4,2056.8,2005
105873.069,40,2059.2,2054.6,2007
105873.109,40,2060.8,2057.8,2012.2
105873.149,40,2063.6,2058,2009.2
105873.189,40,2065.8,2060.2,2007.6
105873.229,40,2068,2060.4,2008.8
105873.269,40,2071.4,2060,2008
105873.309,40,2072.8,2062.4,2008.2
105873.349,40,2074.8,2061.8,2011.8
105873.389,40,2073.8,2064,2014.6
105873.429,40,2073.2,2067.4,2013.6
105873.469,40,2074.6,2066,2010.8
105873.509,40,2080.6,2065.6,2013
105873.549,40,2082.6,2072.4,2016.8
105873.589,40,2089.2,2078.8,2015.8
105873.629,40,2092.2,2075,2018.8
105873.669,40,2093.2,2083.8,2022
105873.709,40,2104.2,2085.6,2023.6
105873.749,40,2111.8,2091.4,2028.4
105873.789,40,2120.8,2103,2037
105873.829,40,2126,2118,2048.2
105873.869,40,2125.6,2131.6,2063
105873.909,40,2114.4,2144.2,2079.6
105873.949,40,2099.4,2148.6,2105.8
105873.989,40,2075,2134,2112.4
105874.029,40,2057,2121.6,2115
105874.069,40,2045.4,2113.2,2106
105874.109,40,2040.6,2103.6,2104
105874.149,40,2043,2112.2,2109.4
105874.189,40,2061.2,2123,2112.2
105874.229,40,2077.8,2143,2108.4
105874.269,40,2108.8,2152.2,2097.2
105874.309,40,2125.4,2133.8,2069.8
105874.349,40,2126.8,2113.8,2044.8
105874.389,40,2109.6,2095,2032.8
105874.429,40,2095.8,2079.2,2023
105874.469,40,2081.6,2073.2,2016.6
105874.509,40,2082,2071.4,2013
105874.549,40,2082.4,2073.2,2021.6
105874.589,40,2099.4,2081.6,2021.4
105874.629,40,2123.6,2110.2,2045
105874.669,40,2125.6,2139.4,2072
105874.709,40,2097.4,2150,2107
105874.749,40,2063.4,2132.8,2121.4
105874.789,40,2039.6,2105.6,2108.6
105874.829,40,2033,2091.4,2095.6
105874.869,40,2034.8,2096.4,2098.6
105874.909,40,2039.8,2106.4,2108.6
105874.949,40,2050.4,2118.6,2119.4
105874.989,40,2081,2147.6,2122.2
105875.029,40,2116,2158.4,2100.6
105875.069,40,2133.8,2141,2065.4
105875.109,40,2123.4,2108.6,2041.4
105875.149,40,2103.2,2081.2,2022
105875.189,40,2075.8,2067.6,2011.6
105875.229,40,2058.6,2052.8,2006.6
105875.269,40,2065.6,2059.6,2009.8
105875.309,40,2087.4,2070.4,2014.6
105875.349,40,2111.6,2093.6,2029.4
105875.389,40,2127.6,2122.8,2050.2
105875.429,40,2106,2138.4,2077.6
105875.469,40,2077.2,2133.6,2103.4
105875.509,40,2048.6,2112.2,2109.8
105875.549,40,2030,2095.8,2100.2
105875.589,40,2041.4,2106.2,2107.8
105875.629,40,2048.8,2115.2,2118.2
105875.669,40,2062,2133.6,2127
105875.709,40,2099.6,2156,2123
105875.749,40,2129.8,2151.6,2087.8
105875.789,40,2134.4,2125.8,2055.8
105875.829,40,2105.4,2090.2,2031.2
105875.869,40,2070.4,2067.6,2015
105875.909,40,2043,2049.4,2001.6
105875.949,40,2046.2,2048,2003.6
105875.989,40,2058.4,2054.8,2011.6
105876.029,40,2082,2072.6,2017
105876.069,40,2113,2094.8,2029.4
105876.109,40,2121.2,2115.2,2046.8
105876.149,40,2110.8,2142.2,2084.8
105876.189,40,2073.8,2134.6,2106.2
105876.229,40,2045.2,2107.2,2104.2
105876.269,40,2033.2,2097,2099.6
105876.309,40,2042.4,2110.6,2113.8
105876.349,40,2053.2,2121.6,2116.2
105876.389,40,2070.6,2139,2132.2
105876.429,40,2104.2,2159,2119.4
105876.469,40,2130,2152.4,2085
105876.509,40,2137.6,2121.6,2052.6
105876.549,40,2108.6,2088.8,2029.4
105876.589,40,2073.4,2064.8,2009.6
105876.629,40,2050.4,2055.2,2005.8
105876.669,40,2045.2,2046.6,2005.2
105876.709,40,2062,2056.8,2007.6
105876.749,40,2088,2071.6,2017.8
105876.789,40,2113.4,2098.4,2032
105876.829,40,2131,2125,2053.2
105876.869,40,2114.4,2146.6,2090.2
105876.909,40,2079.4,2144.4,2119.8
105876.949,40,2052.4,2118.6,2117.4
105876.989,40,2042.4,2099.2,2102.6
105877.029,40,2042.2,2102.6,2103.6
105877.069,40,2048.4,2118.4,2110.6
105877.109,40,2066.2,2133.8,2118.8
105877.149,40,2096.2,2143.4,2101.4
105877.189,40,2119.4,2133.2,2068.8
105877.229,40,2118.2,2107.4,2038.8
105877.269,40,2090.8,2074.8,2016.6
105877.309,40,2054.6,2053.8,2007.8
105877.349,40,2047.8,2056.8,2005.6
105877.389,40,2055.8,2053.8,2008
105877.429,40,2062.2,2061.2,2009.6
105877.469,40,2078,2065.2,2014.2
105877.509,40,2099.8,2084.2,2025.6
105877.549,40,2123,2109,2040.8
105877.589,40,2119.6,2132.6,2071
105877.629,40,2085.2,2146.4,2104.8
105877.669,40,2058.4,2121.2,2112.8
105877.709,40,2036.2,2100.6,2101.6
105877.749,40,2039,2099.6,2103.8
105877.789,40,2041.8,2108,2106.6
105877.829,40,2055.8,2127.6,2121.6
105877.869,40,2081.2,2147.2,2119.8
105877.909,40,2116,2154.4,2097.8
105877.949,40,2135,2127.2,2059.6
105877.989,40,2113.8,2093.2,2033
105878.029,40,2076.6,2072.4,2017.4
105878.069,40,2054,2058,2009.8
105878.109,40,2066.2,2059.8,2016
105878.149,40,2069.8,2065.6,2013.4
105878.189,40,2087,2067.6,2012.8
105878.229,40,2103.6,2087.2,2026.2
105878.269,40,2118,2111.4,2045.8
105878.309,40,2118.2,2138,2079.6
105878.349,40,2079.2,2139.6,2115
105878.389,40,2048.6,2117.2,2115.6
105878.429,40,2036.6,2099.6,2097.4
105878.469,40,2034.4,2103.2,2101.2
105878.509,40,2043,2113.6,2108.6
105878.549,40,2059.8,2121.8,2120.8
105878.589,40,2089.2,2151.8,2108
105878.629,40,2118.4,2137,2075.2
105878.669,40,2125,2104.4,2041.6
105878.709,40,2088.2,2074.4,2018.4
105878.749,40,2054,2054,2006
105878.789,40,2051.6,2051.4,2001.2
105878.829,40,2059.2,2056.2,2007.8
105878.869,40,2074,2066.8,2013.8
105878.909,40,2095.2,2079.2,2019.4
105878.949,40,2119.6,2101.8,2040.2
105878.989,40,2116.8,2135,2063.8
105879.029,40,2087.6,2141,2103.6
105879.069,40,2049.6,2109.2,2113.4
105879.109,40,2037,2093.8,2092.4
105879.149,40,2033,2094.8,2095.6
105879.189,40,2035,2102.4,2105.8
105879.229,40,2053,2120.4,2117.8
105879.269,40,2075.4,2139.4,2113.2
105879.309,40,2108.8,2143.4,2082.6
105879.349,40,2126,2121.4,2047.4
105879.389,40,2097.2,2078.6,2027.2
105879.429,40,2063.4,2056.8,2007.6
105879.469,40,2048.4,2054.6,2006.8
105879.509,40,2054.4,2050.6,2007
105879.549,40,2075.8,2064,2014
105879.589,40,2089.4,2080,2020.2
105879.629,40,2120.6,2102,2035.8
105879.669,40,2130.2,2130,2060.6
105879.709,40,2110.6,2153.8,2101.2
105879.749,40,2070,2140,2125.4
105879.789,40,2044,2109.4,2119
105879.829,40,2039.4,2095.6,2098
105879.869,40,2039,2098.8,2099
105879.909,40,2044.6,2106.6,2107.4
105879.949,40,2060.2,2124.4,2115.8
105879.989,40,2094.2,2147.4,2098.2
105880.029,40,2119.2,2129,2061.8
105880.069,40,2117.2,2100.2,2030.6
105880.109,40,2084.6,2069,2014
105880.149,40,2051.8,2054.6,2007.2
105880.189,40,2043.4,2047.4,2002.6
105880.229,40,2058.2,2056,2003.4
105880.269,40,2077,2064.2,2012.8
105880.309,40,2095.2,2080.6,2024.8
105880.349,40,2118,2107,2040.8
105880.389,40,2120.8,2140.2,2072
105880.429,40,2090.2,2146.8,2106.6
105880.469,40,2047.4,2118.4,2110.4
105880.509,40,2035.6,2093.2,2101.8
105880.549,40,2037.8,2100.8,2098.8
105880.589,40,2041.2,2109.8,2107.8
105880.629,40,2054.8,2122.8,2118.4
105880.669,40,2087.8,2146.8,2118.6
105880.709,40,2119.2,2153.2,2092
105880.749,40,2134.2,2130,2058.2
105880.789,40,2116.8,2100,2036.6
105880.829,40,2085.8,2076.4,2018.6
105880.869,40,2062.6,2061.8,2011.6
105880.909,40,2054.4,2053.4,2006
105880.949,40,2053.8,2054.4,2007.2
105880.989,40,2073.6,2067.8,2014
105881.029,40,2108.6,2088.4,2029.6
105881.069,40,2129,2117.8,2046
105881.109,40,2116.2,2140.4,2073.8
105881.149,40,2085.4,2142.4,2104.6
105881.189,40,2047.2,2114.8,2107.8
105881.229,40,2038.8,2097.8,2090.8
105881.269,40,2035.6,2101,2099
105881.309,40,2042.2,2110.2,2112.6
105881.349,40,2059,2132.6,2124.6
105881.389,40,2092,2150.6,2122.8
105881.429,40,2124.8,2159,2096.2
105881.469,40,2139.4,2133.6,2057.8
105881.509,40,2113.6,2096.8,2026
105881.549,40,2077.8,2068.8,2021.2
105881.589,40,2048.6,2054.2,2006.2
105881.629,40,2053,2056.2,2005.4
105881.669,40,2064.8,2060,2006.2
105881.709,40,2083,2072.2,2023
105881.749,40,2113.6,2101,2031.2
105881.789,40,2124.6,2128.6,2056.8
105881.829,40,2099.4,2148.6,2095.2
105881.869,40,2062.2,2132.8,2113.2
105881.909,40,2036,2099.4,2102.4
105881.949,40,2029.4,2094.6,2093.4
105881.989,40,2036.8,2103.4,2102.2
105882.029,40,2049,2120,2116.2
105882.069,40,2078.6,2141.4,2124.2
105882.109,40,2114,2156.8,2104.8
105882.149,40,2137.8,2146,2068.6
105882.189,40,2131.2,2115.6,2043.2
105882.229,40,2100.4,2084.8,2025
105882.269,40,2069.4,2068.2,2013.6
105882.309,40,2057.8,2058,2008.8
105882.349,40,2054,2052.4,2002.2
105882.389,40,2071,2065.8,2011
105882.429,40,2103,2088.8,2027.8
105882.469,40,2129.8,2124.8,2048.8
105882.509,40,2126.8,2146.8,2081.6
105882.549,40,2085.8,2147.8,2113.2
105882.589,40,2053.2,2118.8,2116.8
105882.629,40,2031,2094.2,2094
105882.669,40,2029.6,2090.8,2083.8
105882.709,40,2036.6,2104,2099
105882.749,40,2052.4,2118.8,2110.6
105882.789,40,2082.4,2145.4,2108.6
105882.829,40,2117.6,2142.4,2083
105882.869,40,2135.2,2131.8,2055
105882.909,40,2112,2092,2027.4
105882.949,40,2080.6,2070.4,2019.6
105882.989,40,2062.4,2060.2,2011
105883.029,40,2050.6,2047.4,2003
105883.069,40,2054,2055.8,2007
105883.109,40,2084.4,2071.8,2015.4
105883.149,40,2110.2,2088.2,2027.4
105883.189,40,2123,2111.4,2047.6
105883.229,40,2107.8,2136.6,2073.6
105883.269,40,2075.6,2138.4,2112
105883.309,40,2044,2108.2,2103.2
105883.349,40,2029.8,2088.6,2095.6
105883.389,40,2031.2,2094.8,2097.8
105883.429,40,2042.6,2107,2110
105883.469,40,2055.2,2125.2,2123.6
105883.509,40,2084.8,2150.6,2126.6
105883.549,40,2121.2,2156.2,2099
105883.589,40,2138,2132.8,2063.4
105883.629,40,2113.6,2100,2031.6
105883.669,40,2087.8,2070.8,2017.8
105883.709,40,2059,2058,2005
105883.749,40,2050.4,2049.2,2005.8
105883.789,40,2059.8,2061.4,2013.2
105883.829,40,2091.8,2075.6,2022.6
105883.869,40,2108,2090.8,2027.4
105883.909,40,2119.2,2114.6,2042.8
105883.949,40,2111.8,2136.4,2070.8
105883.989,40,2084.4,2140.4,2103.2
105884.029,40,2052.2,2115.6,2113
105884.069,40,2036.8,2100.4,2104.6
105884.109,40,2038,2096.6,2098.8
105884.149,40,2038.2,2103.6,2106
105884.189,40,2046.8,2112.4,2107.8
105884.229,40,2066.8,2133.2,2109.6
105884.269,40,2099.8,2140.2,2087.2
105884.309,40,2118.4,2121.8,2051.2
105884.349,40,2115,2095,2027.2
105884.389,40,2084,2071.2,2015.8
105884.429,40,2061.2,2059.6,2011.6
105884.469,40,2055,2051.6,2003.6
105884.509,40,2049.8,2052.8,2006.6
105884.549,40,2056,2058.4,2008.2
105884.589,40,2077.2,2067.2,2015
105884.629,40,2106.4,2089.6,2022.8
105884.669,40,2122.4,2113.6,2044
105884.709,40,2106.4,2130.4,2077.8
105884.749,40,2074.6,2138.2,2105.4
105884.789,40,2044,2108.6,2105.6
105884.829,40,2032,2090,2088.2
105884.869,40,2038.6,2091.8,2098
105884.909,40,2043.8,2105.8,2109
105884.949,40,2053.4,2121.4,2120.4
105884.989,40,2076.8,2148.2,2128.6
105885.029,40,2112.2,2157.6,2108.6
105885.069,40,2135.2,2139.6,2073.6
105885.109,40,2127,2112.8,2043.4
105885.149,40,2096.2,2084,2021.8
105885.189,40,2069.8,2058.2,2013.6
105885.229,40,2050.4,2051.4,2008.6
105885.269,40,2057,2055.2,2007.8
105885.309,40,2075.6,2068.6,2016.8
105885.349,40,2106,2084.6,2026
105885.389,40,2120.8,2105.4,2037.8
105885.429,40,2118.6,2125.8,2058
105885.469,40,2095.8,2141.4,2092.8
105885.509,40,2059.6,2125.8,2108.6
105885.549,40,2037.8,2096.6,2097.4
105885.589,40,2024.4,2084.8,2087.4
105885.629,40,2027.2,2088.8,2092
105885.669,40,2039.8,2101.8,2103
105885.709,40,2053,2119.6,2116
105885.749,40,2072.6,2139.6,2118.4
105885.789,40,2106.6,2148.2,2101.4
105885.829,40,2126,2133.6,2058
105885.869,40,2117.4,2098.6,2031
105885.909,40,2083.8,2068,2012.2
105885.949,40,2050.6,2057.8,2003.6
105885.989,40,2049.6,2054.8,2005.6
105886.029,40,2062.4,2059.6,2013.2
105886.069,40,2076,2066,2015.2
105886.109,40,2097,2080.8,2020.6
105886.149,40,2107.4,2084.8,2028.6
105886.189,40,2122,2117,2046.6
105886.229,40,2108.4,2140.6,2079.6
105886.269,40,2081.8,2143.2,2113.4
105886.309,40,2049.6,2118,2114
105886.349,40,2038.8,2095.6,2101.4
105886.389,40,2035,2099.8,2097.8
105886.429,40,2043.2,2104,2104.2
105886.469,40,2047.2,2117,2113.6
105886.509,40,2061,2136,2120.6
105886.549,40,2095.8,2150.8,2105.4
105886.589,40,2122.4,2148,2083
105886.629,40,2129.8,2123.6,2055.2
105886.669,40,2117.6,2096,2029.8
105886.709,40,2089.6,2074.8,2023.4
105886.749,40,2066.4,2058.6,2007.6
105886.789,40,2058.4,2054.2,2004.2
105886.829,40,2071.8,2059.4,2011.2
105886.869,40,2092.2,2079.8,2015.2
105886.909,40,2117.2,2095,2026.6
105886.949,40,2125,2112.8,2047.4
105886.989,40,2114,2134.6,2071.4
105887.029,40,2079.2,2135.2,2104
105887.069,40,2051.8,2118,2106.2
105887.109,40,2033,2094.2,2093.4
105887.149,40,2028.8,2091.6,2092.6
105887.189,40,2035.8,2094.8,2094
105887.229,40,2042.2,2108.4,2114.4
105887.269,40,2058.8,2129.8,2127
105887.309,40,2086,2152.6,2127.2
105887.349,40,2116.6,2162.8,2106.4
105887.389,40,2135.4,2141.2,2068.8
105887.429,40,2126.4,2110.4,2043.6
105887.469,40,2097.8,2083.8,2024.2
105887.509,40,2069.8,2063,2013
105887.549,40,2053.8,2051.8,2004.2
105887.589,40,2063.2,2056.8,2003.2
105887.629,40,2080.4,2067.6,2012.8
105887.669,40,2099.6,2084.8,2023
105887.709,40,2118.8,2098,2034
105887.749,40,2125.2,2120.8,2051.2
105887.789,40,2113,2135.2,2075.4
105887.829,40,2081.6,2139.8,2106.2
105887.869,40,2051.6,2117.4,2107
105887.909,40,2036.2,2099.2,2101.4
105887.949,40,2032,2092.6,2093.4
105887.989,40,2035.6,2102.2,2100.6
105888.029,40,2037.8,2096.2,2110
105888.069,40,2048.8,2116.6,2111
105888.109,40,2076,2132,2107.8
105888.149,40,2100.4,2138.2,2083.8
105888.189,40,2120.8,2131,2061.2
105888.229,40,2120.8,2105.4,2038.6
105888.269,40,2098.8,2080.2,2022.8
105888.309,40,2082.8,2071.2,2010.8
105888.349,40,2070.8,2062,2010.2
105888.389,40,2075,2060.6,2010.6
105888.429,40,2091,2071.2,2015.2
105888.469,40,2111.2,2090.6,2026.6
105888.509,40,2122.4,2109.6,2044.6
105888.549,40,2119.6,2134.6,2068.6
105888.589,40,2103.4,2148,2097.6
105888.629,40,2067.4,2133.6,2119.2
105888.669,40,2045.6,2111.2,2109.8
105888.709,40,2034.2,2094.4,2092.8
105888.749,40,2028.6,2091,2087.4
105888.789,40,2031.6,2093,2095
105888.829,40,2044.8,2111.4,2111.4
105888.869,40,2066.8,2134.2,2122.4
105888.909,40,2090.8,2151,2112
105888.949,40,2125.8,2145.8,2080.6
105888.989,40,2129,2117.2,2046.2
105889.029,40,2105.6,2090,2033
105889.069,40,2080.6,2070.6,2018.4
105889.109,40,2062.6,2053.6,2009.2
105889.149,40,2048.6,2049,2007
105889.189,40,2064.2,2056.8,2011.6
105889.229,40,2081,2068.4,2014
105889.269,40,2101.8,2084.8,2026.2
105889.309,40,2117.2,2101.2,2035.6
105889.349,40,2120.6,2123.8,2057
105889.389,40,2105.2,2139.8,2084.8
105889.429,40,2070.2,2137.4,2108.2
105889.469,40,2039,2110.2,2113.2
105889.509,40,2030.6,2094,2095.4
105889.549,40,2026.2,2086.2,2085.6
105889.589,40,2029,2093.8,2091.2
105889.629,40,2035.4,2096.4,2104.4
105889.669,40,2045.4,2114.4,2112.6
105889.709,40,2068,2133.2,2111
105889.749,40,2101.2,2146.2,2091
105889.789,40,2124.8,2130.8,2060.4
105889.829,40,2115.8,2101,2034.6
105889.869,40,2089.2,2078,2026.4
105889.909,40,2070.2,2064.6,2009
105889.949,40,2052.2,2057.4,2007.6
105889.989,40,2052,2051,2006.6
105890.029,40,2066.2,2056.8,2011.4
105890.069,40,2077.4,2066.2,2013
105890.109,40,2092.8,2074.8,2012.6
105890.149,40,2114.6,2097.4,2033
105890.189,40,2120,2122,2052.6
105890.229,40,2112,2142.2,2078.6
105890.269,40,2084,2140.8,2100.4
105890.309,40,2053.8,2119.4,2113.6
105890.349,40,2037.8,2104.8,2093.6
105890.389,40,2026.4,2087.2,2096
105890.429,40,2033.6,2095.2,2095
105890.469,40,2045.2,2112.6,2115.2
105890.509,40,2054.4,2127,2125
105890.549,40,2074.8,2142.4,2125
105890.589,40,2104,2155.8,2115.6
105890.629,40,2131.8,2153,2083.4
105890.669,40,2136.2,2130.6,2058.6
105890.709,40,2121,2102,2037
105890.749,40,2089.6,2080.6,2018.2
105890.789,40,2073.8,2061.2,2011.2
105890.829,40,2067.2,2059.8,2003.8
105890.869,40,2071,2068,2009.6
105890.909,40,2092,2078.6,2016.2
105890.949,40,2104.6,2092,2025.6
105890.989,40,2117,2110.6,2041.6
105891.029,40,2124.2,2131.6,2064.4
105891.069,40,2102.6,2143.6,2092.8
105891.109,40,2077,2141.8,2115.8
105891.149,40,2052.6,2120,2111.8
105891.189,40,2036.4,2102,2105
105891.229,40,2038,2100,2103.8
105891.269,40,2040.8,2102.4,2106.6
105891.309,40,2051,2117.2,2117.8
105891.349,40,2056,2129.2,2127
105891.389,40,2084.8,2147.8,2115.2
105891.429,40,2111.6,2149.2,2097.8
105891.469,40,2127,2136.2,2071
105891.509,40,2119.8,2111.2,2045.8
105891.549,40,2099.2,2088.2,2025.2
105891.589,40,2084,2072,2012
105891.629,40,2069.4,2061,2013
105891.669,40,2067.2,2056.2,2009.6
105891.709,40,2074.6,2062.4,2012
105891.749,40,2081.8,2067.8,2013.2
105891.789,40,2093.6,2081,2023.6
105891.829,40,2112.6,2099.4,2033.8
105891.869,40,2124.8,2119.4,2050.8
105891.909,40,2111.4,2137.8,2079.4
105891.949,40,2085,2144.2,2109.2
105891.989,40,2061.4,2130.8,2118.6
105892.029,40,2046,2110.2,2111.2
105892.069,40,2039.8,2103.8,2103
105892.109,40,2040,2103,2109.8
105892.149,40,2044.8,2110.8,2111.8
105892.189,40,2056.6,2123.8,2118.4
105892.229,40,2075.4,2144.6,2122.6
105892.269,40,2100.6,2151,2106
105892.309,40,2124.6,2143.2,2079
105892.349,40,2129,2124.6,2056.2
105892.389,40,2118,2101.4,2033.6
105892.429,40,2093.8,2081,2023.2
105892.469,40,2074.8,2067.2,2013.8
105892.509,40,2060.2,2053.2,2005.6
105892.549,40,2061.4,2051.6,2007.6
105892.589,40,2074.4,2063.2,2012.8
105892.629,40,2092.8,2076.4,2017.8
105892.669,40,2110.2,2093,2027
105892.709,40,2114.2,2105.2,2039
105892.749,40,2122.6,2130.2,2060
105892.789,40,2101,2142.4,2085.4
105892.829,40,2077,2138.6,2112.2
105892.869,40,2060,2127.6,2121
105892.909,40,2043.8,2108.2,2109.4
105892.949,40,2037.4,2104.2,2111.6
105892.989,40,2043,2111.8,2112
105893.029,40,2047.2,2120,2117.2
105893.069,40,2055.6,2130.2,2124.4
105893.109,40,2075.4,2144.2,2123.8
105893.149,40,2103,2152,2105.6
105893.189,40,2121.8,2141.8,2073.8
105893.229,40,2123.2,2118.8,2050.2
105893.269,40,2109,2089.8,2032.4
105893.309,40,2084.6,2070.8,2014.8
105893.349,40,2062.8,2055.8,2010.2
105893.389,40,2055.2,2053.4,2006.8
105893.429,40,2069,2062.4,2011
105893.469,40,2082,2071.6,2017.4
105893.509,40,2099.6,2081.4,2023.8
105893.549,40,2114,2096.6,2029
105893.589,40,2124.4,2119.4,2050.4
105893.629,40,2113.8,2140.2,2080.4
105893.669,40,2086,2147.6,2103.8
105893.709,40,2057.2,2122.2,2110.6
105893.749,40,2050.2,2113.2,2113.2
105893.789,40,2048.6,2114.8,2117
105893.829,40,2052.4,2124.8,2124.4
105893.869,40,2064,2136.8,2124
105893.909,40,2080.4,2143.8,2108.6
105893.949,40,2109.4,2140.4,2081.8
105893.989,40,2122.4,2125.2,2054.2
105894.029,40,2117.4,2101,2031
105894.069,40,2098.8,2082.2,2023
105894.109,40,2075.6,2068.8,2011.4
105894.149,40,2059.2,2053.8,2014
105894.189,40,2057,2053.2,2006.8
105894.229,40,2055.8,2056,2007.4
105894.269,40,2058.2,2060,2009.2
105894.309,40,2068.4,2062.2,2011.4
105894.349,40,2082.8,2071.6,2011.2
105894.389,40,2098.8,2082.6,2022
105894.429,40,2115.4,2106.4,2034.6
105894.469,40,2125.2,2127.4,2049.8
105894.509,40,2111.6,2140.4,2080
105894.549,40,2087.2,2141,2104.4
105894.589,40,2061.4,2126.4,2111.2
105894.629,40,2050.2,2112.6,2110.4
105894.669,40,2046,2109.6,2117
105894.709,40,2045.2,2114.2,2114.4
105894.749,40,2055.8,2121.8,2112
105894.789,40,2077.2,2136.8,2100
105894.829,40,2102.6,2146,2087.6
105894.869,40,2121.2,2136.2,2065.2
105894.909,40,2132.4,2126.6,2051
105894.949,40,2124,2104.8,2039.2
105894.989,40,2106.6,2086.2,2028.8
105895.029,40,2087.2,2077.2,2018.8
105895.069,40,2067.8,2063.8,2011
105895.109,40,2057.2,2059,2011.6
105895.149,40,2060,2061.4,2012.4
105895.189,40,2058,2060,2010.2
105895.229,40,2066.6,2060.2,2008.6
105895.269,40,2091,2078.4,2019.4
105895.309,40,2112.8,2094,2028
105895.349,40,2127,2119,2047.2
105895.389,40,2121,2138.6,2072.6
105895.429,40,2095.4,2146.6,2099.6
105895.469,40,2062.8,2129.6,2108.6
105895.509,40,2045,2113.8,2108.6
105895.549,40,2043.8,2111.8,2111.8
105895.589,40,2049.8,2119.6,2119.8
105895.629,40,2058.8,2130.8,2129.6
105895.669,40,2081,2146.4,2125.4
105895.709,40,2109.2,2157.2,2105.4
105895.749,40,2127.8,2149,2085.4
105895.789,40,2129.8,2122.4,2055
105895.829,40,2114.4,2098.2,2032.8
105895.869,40,2087.2,2074.2,2018.8
105895.909,40,2058.6,2059.6,2012.8
105895.949,40,2058.6,2057.6,2013.2
105895.989,40,2056.4,2053,2008.8
105896.029,40,2065,2065.4,2013.8
105896.069,40,2074.4,2063.4,2010.2
105896.109,40,2084.8,2072.8,2017.8
105896.149,40,2101.8,2086.4,2023
105896.189,40,2116,2102.2,2038.8
105896.229,40,2123.4,2128.6,2058.8
105896.269,40,2105.8,2141.2,2087.6
105896.309,40,2072.6,2137.8,2111.6
105896.349,40,2051.2,2113.4,2116
105896.389,40,2041,2110.4,2112.2
105896.429,40,2042,2111,2113.8
105896.469,40,2046.4,2109.2,2106
105896.509,40,2062.4,2120.2,2104.4
105896.549,40,2081.6,2138.2,2095
105896.589,40,2113.2,2142.2,2082.8
105896.629,40,2134.8,2136.8,2067
105896.669,40,2130.6,2123,2051.4
105896.709,40,2119.2,2102.4,2039.4
105896.749,40,2092.6,2082.6,2026.8
105896.789,40,2073,2070,2018.4
105896.829,40,2062.4,2060.8,2013.4
105896.869,40,2062.6,2063.6,2012
105896.909,40,2064.2,2062.6,2013.2
105896.949,40,2069.8,2067.4,2017.2
105896.989,40,2072.6,2065.2,2014
105897.029,40,2095.2,2075.8,2021.6
105897.069,40,2110.6,2092.4,2028.2
105897.109,40,2126,2122,2049.8
105897.149,40,2109.6,2141.6,2083.8
105897.189,40,2082.8,2142,2109.2
105897.229,40,2051.8,2122.2,2111.4
105897.269,40,2042.8,2109.8,2103.4
105897.309,40,2041.4,2106,2108
105897.349,40,2045.6,2110,2118.8
105897.389,40,2053.4,2123.8,2114.8
105897.429,40,2074.8,2132.6,2105.2
105897.469,40,2097.2,2136.8,2080.2
105897.509,40,2118.4,2126.4,2061.2
105897.549,40,2116,2096.8,2037
105897.589,40,2095.4,2081,2021.4
105897.629,40,2073.8,2063.8,2014
105897.669,40,2051.8,2055.2,2003.2
105897.709,40,2059.4,2057.4,2011.2
105897.749,40,2056.4,2057.6,2008.4
105897.789,40,2061.2,2062.2,2008.2
105897.829,40,2070.8,2060.4,2013.8
105897.869,40,2083,2071.6,2012.2
105897.909,40,2100.4,2081,2016.2
105897.949,40,2116.8,2107,2034.8
105897.989,40,2128.4,2133.8,2057.2
105898.029,40,2105.4,2146.8,2090
105898.069,40,2075.8,2140.8,2112.8
105898.109,40,2054.6,2121.6,2109.4
105898.149,40,2040.6,2109.6,2106.6
105898.189,40,2039.2,2104,2110
105898.229,40,2044.6,2111,2109.8
105898.269,40,2048.8,2115.2,2104
105898.309,40,2071,2129,2098.6
105898.349,40,2103.8,2142.8,2090.4
105898.389,40,2129.4,2137.8,2067
105898.429,40,2131.8,2119.2,2049.2
105898.469,40,2109.6,2098,2034.4
105898.509,40,2093,2077.4,2024.2
105898.549,40,2072,2064.6,2014.8
105898.589,40,2060.6,2059.2,2013.8
105898.629,40,2059,2057.4,2013.8
105898.669,40,2068.2,2060.4,2009.4
105898.709,40,2067.2,2061.4,2009.4
105898.749,40,2070,2061.8,2013.8
105898.789,40,2080,2071.8,2017
105898.829,40,2101.2,2085.8,2021.8
105898.869,40,2119.8,2112.8,2040.2
105898.909,40,2124,2139.2,2071.8
105898.949,40,2106.4,2146.6,2099.2
105898.989,40,2076.4,2142.6,2114.8
105899.029,40,2054.8,2122,2112.4
105899.069,40,2042,2109.2,2115.8
105899.109,40,2044.2,2115.2,2110.8
105899.149,40,2046.2,2117,2117
105899.189,40,2053.6,2127.6,2117.2
105899.229,40,2075.4,2134.8,2106.2
105899.269,40,2102.2,2141.6,2083.8
105899.309,40,2114.8,2122.2,2057.8
105899.349,40,2110.2,2103.6,2036.2
105899.389,40,2098.4,2082.8,2024.8
105899.429,40,2074,2064.6,2013.4
105899.469,40,2055.4,2053,2014
105899.509,40,2054.8,2056.6,2010.2
105899.549,40,2061.2,2055.8,2008.6
105899.589,40,2065.8,2060,2011.4
105899.629,40,2066.8,2060.6,2010.8
105899.669,40,2071,2065.4,2011.8
105899.709,40,2090.6,2072.6,2015.4
105899.749,40,2111.4,2092.6,2031.6
105899.789,40,2121,2116,2045.2
105899.829,40,2121.2,2136.6,2073
105899.869,40,2100.8,2148.4,2102.4
105899.909,40,2069.6,2137.6,2114.2
105899.949,40,2048.4,2119.2,2112
105899.989,40,2053.2,2116.2,2116.4
105900.029,40,2050.4,2117.8,2120
105900.069,40,2062,2129.8,2130
105900.109,40,2075,2141.2,2124.8
105900.149,40,2096.8,2155.8,2117.8
105900.189,40,2122.4,2153.2,2088.8
105900.229,40,2139.4,2136.2,2058.4
105900.269,40,2123.2,2105.2,2042.4
105900.309,40,2097.6,2083,2026
105900.349,40,2064.8,2061.2,2012.2
105900.389,40,2048.4,2050.6,2008.8
105900.429,40,2056,2053.8,2007
105900.469,40,2065.4,2058.2,2013.2
105900.509,40,2070.8,2064.4,2016.4
105900.549,40,2076.4,2069.2,2012.2
105900.589,40,2085.2,2071.2,2019.8
105900.629,40,2099.6,2085.6,2024.4
105900.669,40,2122,2108.6,2038.2
105900.709,40,2122.8,2130,2065.2
105900.749,40,2106.8,2147.8,2094.2
105900.789,40,2083.4,2141.4,2111.4
105900.829,40,2054,2125.6,2120.2
105900.869,40,2044.2,2115.2,2120
105900.909,40,2044.4,2107.4,2107.8
105900.949,40,2043.6,2108.8,2110.2
105900.989,40,2050.6,2117.2,2109.8
105901.029,40,2064.6,2131.2,2101.8
105901.069,40,2092.4,2135.8,2089
105901.109,40,2114.8,2139.8,2078
105901.149,40,2132.6,2132.6,2060.8
105901.189,40,2126.2,2111,2043.4
105901.229,40,2108.8,2095,2031.6
105901.269,40,2090.6,2083.8,2020.8
105901.309,40,2070.4,2064.4,2023.2
105901.349,40,2070,2066.4,2019
105901.389,40,2071.8,2067.4,2019.2
105901.429,40,2073.4,2073.2,2018.2
105901.469,40,2081.8,2071.2,2017
105901.509,40,2087.4,2079.8,2017.2
105901.549,40,2103.6,2089.2,2024.6
105901.589,40,2120.6,2110,2042.2
105901.629,40,2117.8,2136,2072.2
105901.669,40,2095.2,2141.2,2094.2
105901.709,40,2072.4,2135,2112
105901.749,40,2049.2,2116.4,2109.8
105901.789,40,2040,2104.4,2107.8
105901.829,40,2045,2106.8,2106.8
105901.869,40,2046.8,2111,2114.4
105901.909,40,2050.8,2122.4,2112.6
105901.949,40,2064.2,2133,2103.4
105901.989,40,2091.4,2136.8,2089.2
105902.029,40,2111,2127.2,2070.4
105902.069,40,2129.2,2124.4,2049.8
105902.109,40,2122.8,2106.6,2037.6
105902.149,40,2103.6,2089.2,2031.2
105902.189,40,2090.8,2075.8,2023.6
105902.229,40,2080.2,2074.4,2015.2
105902.269,40,2072.8,2066.8,2016.8
105902.309,40,2076,2068.2,2016
105902.349,40,2080.4,2067.8,2020.4
105902.389,40,2086.4,2075.8,2014.8
105902.429,40,2096.8,2083.6,2021.8
105902.469,40,2112.6,2099.4,2031
105902.509,40,2119.2,2120.2,2046.2
105902.549,40,2107,2139.4,2087.8
105902.589,40,2081.6,2144.6,2110.6
105902.629,40,2056.6,2126.6,2115
105902.669,40,2049.2,2115,2115.2
105902.709,40,2045.2,2111.8,2110.6
105902.749,40,2042.2,2109.4,2109.8
105902.789,40,2050.4,2119.2,2109
105902.829,40,2069.6,2132,2099
105902.869,40,2102.4,2147.2,2095.2
105902.909,40,2124.2,2146,2080.8
105902.949,40,2136.8,2134.4,2061.6
105902.989,40,2129.6,2112.8,2046.2
105903.029,40,2111.2,2092.4,2034.8
105903.069,40,2089.8,2077.6,2023.8
105903.109,40,2067.8,2062.8,2013
105903.149,40,2062.4,2060.4,2018.4
105903.189,40,2063.8,2061.2,2016.4
105903.229,40,2066.8,2064.8,2014
105903.269,40,2072.8,2066,2011.8
105903.309,40,2081.8,2070.2,2009.8
105903.349,40,2100.2,2082.6,2017.6
105903.389,40,2121,2111.6,2045
105903.429,40,2124.8,2133.4,2061
105903.469,40,2109.4,2152.2,2094.2
105903.509,40,2076.8,2143.8,2118.2
105903.549,40,2056.2,2126.4,2121.8
105903.589,40,2047.8,2116.8,2119
105903.629,40,2048.6,2116,2116.4
105903.669,40,2047.8,2120.2,2111.4
105903.709,40,2060.6,2127,2109.2
105903.749,40,2082,2137.8,2095.8
105903.789,40,2107,2138.2,2081.6
105903.829,40,2126.2,2127.2,2058.4
105903.869,40,2124.6,2109.4,2039.6
105903.909,40,2104,2089.8,2029.2
105903.949,40,2084.6,2075.8,2019.4
105903.989,40,2073.6,2066.6,2017.2
105904.029,40,2059.6,2061.4,2011.2
105904.069,40,2059.2,2060,2011.8
105904.109,40,2060.4,2060.2,2015.6
105904.149,40,2068.6,2061.2,2014.6
105904.189,40,2085.2,2070.4,2013
105904.229,40,2103.6,2084.4,2024.4
105904.269,40,2118.2,2109,2044
105904.309,40,2128.2,2142.6,2070.6
105904.349,40,2098.8,2149.8,2098.6
105904.389,40,2076.8,2141.2,2127.6
105904.429,40,2057.4,2122.4,2123.2
105904.469,40,2048.8,2113.4,2112.8
105904.509,40,2045.8,2117.6,2116
105904.549,40,2051,2116.2,2110.4
105904.589,40,2065.2,2129.8,2105.2
105904.629,40,2087,2141.8,2098.4
105904.669,40,2115.4,2140.8,2074.6
105904.709,40,2128.4,2129.2,2053.2
105904.749,40,2126.8,2111,2042.2
105904.789,40,2106.8,2092,2031.2
105904.829,40,2083.4,2075.4,2018
105904.869,40,2072.8,2067.8,2015.2
105904.909,40,2077.2,2068.4,2021.8
105904.949,40,2083.6,2070.2,2019.2
105904.989,40,2076,2066.2,2016
105905.029,40,2070.8,2063,2013.2
105905.069,40,2076.2,2066.4,2013.6
105905.109,40,2079.8,2065.4,2015.4
105905.149,40,2091.4,2074.8,2015.6
105905.189,40,2100.6,2089.4,2025.6
105905.229,40,2121.4,2108.6,2039
105905.269,40,2130.2,2125,2050.2
105905.309,40,2135.8,2143.6,2073.8
105905.349,40,2123.4,2155.2,2097.2
105905.389,40,2103.2,2158.2,2116.8
105905.429,40,2079.6,2146.4,2128.8
105905.469,40,2061.8,2132.4,2122.8
105905.509,40,2055,2122.4,2123.8
105905.549,40,2054.4,2126.2,2121.8
105905.589,40,2061,2127.8,2123.6
105905.629,40,2065,2133.8,2120.2
105905.669,40,2077.4,2141.2,2113.8
105905.709,40,2089.8,2144,2105.2
105905.749,40,2105.2,2152,2093
105905.789,40,2123.2,2145.4,2075.4
105905.829,40,2127.6,2132.8,2055.8
105905.869,40,2130.2,2120.2,2048.4
105905.909,40,2123.4,2105.2,2038.8
105905.949,40,2112,2094.8,2035.4
105905.989,40,2101.4,2084.2,2031.6
105906.029,40,2092.8,2080.6,2030
105906.069,40,2089.4,2080.2,2021
105906.109,40,2093.2,2077.2,2021.4
105906.149,40,2084.8,2075,2020.8
105906.189,40,2079.2,2068,2010
105906.229,40,2075.2,2059.8,2011.2
105906.269,40,2078,2071.2,2018.4
105906.309,40,2090.4,2077.4,2019
105906.349,40,2098,2086.6,2025.4
105906.389,40,2105.4,2088.2,2030.4
105906.429,40,2115,2092.4,2031.6
105906.469,40,2114.4,2102.4,2036.8
105906.509,40,2125.8,2105,2040.8
105906.549,40,2133.6,2120.6,2045.2
105906.589,40,2141.4,2134.6,2057
105906.629,40,2136,2145.2,2075.6
105906.669,40,2130.2,2152.4,2090.2
105906.709,40,2113.8,2161,2107.8
105906.749,40,2085.4,2150,2127
105906.789,40,2062.4,2135.4,2128.2
105906.829,40,2046.6,2113.2,2115.6
105906.869,40,2032,2096.4,2094
105906.909,40,2025.2,2089,2082.2
105906.949,40,2022.2,2081.8,2082
105906.989,40,2028.2,2089.6,2090.4
105907.029,40,2040.4,2105,2106
105907.069,40,2049.8,2121.8,2124
105907.109,40,2073.4,2144.8,2129
105907.149,40,2101,2152,2121.8
105907.189,40,2122.6,2162.4,2099.6
105907.229,40,2133.2,2143.4,2081.2
105907.269,40,2137,2140.6,2067.2
105907.309,40,2137,2131.2,2053.2
105907.349,40,2131.8,2128.4,2052.2
105907.389,40,2129,2129.2,2059.6
105907.429,40,2131.4,2137.8,2066.2
105907.469,40,2123,2141.6,2071.6
105907.509,40,2109.8,2139.6,2082.4
105907.549,40,2092.6,2142.2,2094.2
105907.589,40,2067.8,2131.8,2106.8
105907.629,40,2049.2,2112.8,2104.8
105907.669,40,2033.6,2094,2095.2
105907.709,40,2027,2083.8,2075.6
105907.749,40,2023.4,2074.6,2069
105907.789,40,2020.6,2074.6,2064.6
105907.829,40,2019.6,2077.6,2072.6
105907.869,40,2026.6,2085.4,2075.4
105907.909,40,2030.8,2088.6,2087.6
105907.949,40,2045.6,2111,2103
105907.989,40,2066.6,2129.4,2104.8
105908.029,40,2093.8,2140.4,2091.2
105908.069,40,2115,2133.2,2063.2
105908.109,40,2121,2118.6,2043.2
105908.149,40,2117.6,2103.8,2034.2
105908.189,40,2113,2096,2027.8
105908.229,40,2117.2,2098,2033
105908.269,40,2121.2,2105.2,2037.8
105908.309,40,2129.8,2112.6,2046
105908.349,40,2128.2,2119,2053.2
105908.389,40,2128.4,2137.8,2068
105908.429,40,2116.8,2147,2084.6
105908.469,40,2105,2152,2100.4
105908.509,40,2078,2145.4,2116.6
105908.549,40,2056.4,2121.8,2113.8
105908.589,40,2044.4,2104,2104
105908.629,40,2029.6,2088.6,2089
105908.669,40,2021.4,2079.6,2075.4
105908.709,40,2020.4,2072.2,2061.8
105908.749,40,2024.2,2076.8,2068
105908.789,40,2028,2084.4,2079.2
105908.829,40,2032.2,2098.4,2096.6
105908.869,40,2046.2,2116.8,2116.8
105908.909,40,2067.8,2140.8,2122.6
105908.949,40,2096,2154,2112.2
105908.989,40,2116.6,2153.4,2091.4
105909.029,40,2129.2,2137,2065.8
105909.069,40,2126.6,2123.6,2053.6
105909.109,40,2124.6,2112.6,2044.4
105909.149,40,2120.8,2104.4,2034.8
105909.189,40,2112.4,2105.6,2035
105909.229,40,2121.6,2108.8,2045
105909.269,40,2121.8,2123,2050.6
105909.309,40,2124.6,2132,2065.8
105909.349,40,2110.2,2142.4,2086.6
105909.389,40,2096,2147.8,2106
105909.429,40,2079.4,2136.2,2114.4
105909.469,40,2054.8,2121.8,2114.6
105909.509,40,2038.8,2100.6,2098.6
105909.549,40,2026,2081,2077
105909.589,40,2020.8,2074.8,2064.8
105909.629,40,2014.6,2075.8,2065.6
105909.669,40,2021.8,2073,2070.6
105909.709,40,2033,2087.6,2085.8
105909.749,40,2039.8,2104.6,2104
105909.789,40,2055.4,2127.2,2121.6
105909.829,40,2087.2,2147.8,2112.6
105909.869,40,2114.8,2151,2092
105909.909,40,2133.6,2139.2,2068.8
105909.949,40,2131,2122.6,2047.6
105909.989,40,2115.8,2098.2,2037
105910.029,40,2099.2,2086.4,2029.8
105910.069,40,2092.4,2079.2,2022.2
105910.109,40,2092,2070.6,2020.2
105910.149,40,2095.6,2083.2,2020
105910.189,40,2106.2,2089.4,2025.4
105910.229,40,2114.4,2105.4,2031.2
105910.269,40,2130.2,2118.2,2046.8
105910.309,40,2130.2,2134.8,2063.6
105910.349,40,2116.4,2153.4,2092.2
105910.389,40,2101,2157.4,2115.2
105910.429,40,2076.8,2144,2126.2
105910.469,40,2050.8,2118.4,2116.6
105910.509,40,2038.8,2101.8,2103.8
105910.549,40,2026.8,2078.6,2077.2
105910.589,40,2021.4,2076,2065.6
105910.629,40,2023,2075.2,2068
105910.669,40,2028.2,2085.4,2081.2
105910.709,40,2036,2096.8,2095.6
105910.749,40,2049.4,2118.4,2110
105910.789,40,2077.4,2143.4,2116
105910.829,40,2106.8,2151.4,2104.6
105910.869,40,2126.6,2147.4,2081.2
105910.909,40,2133.2,2126.4,2057.4
105910.949,40,2125,2108.4,2041.2
105910.989,40,2116,2096,2030.8
105911.029,40,2100.6,2086.8,2025.4
105911.069,40,2100.6,2084.6,2020.6
105911.109,40,2102.8,2082.4,2023
105911.149,40,2108.8,2091.8,2030.8
105911.189,40,2120.4,2106.2,2038.8
105911.229,40,2132.4,2124.2,2055.8
105911.269,40,2134.4,2140.2,2070
105911.309,40,2129.4,2152,2092.2
105911.349,40,2102.4,2156.8,2116.4
105911.389,40,2072.4,2142,2125
105911.429,40,2050.6,2122,2122.2
105911.469,40,2033.2,2099.4,2098.8
105911.509,40,2022.2,2077.4,2076
105911.549,40,2019.2,2066.4,2058.2
105911.589,40,2017.6,2073.4,2061.8
105911.629,40,2023.4,2075.8,2071.2
105911.669,40,2031.4,2091.6,2089.8
105911.709,40,2040.2,2105,2108.4
105911.749,40,2065.2,2126.2,2123.6
105911.789,40,2095,2151.8,2116.2
105911.829,40,2125.2,2152,2087.4
105911.869,40,2131,2133.4,2064
105911.909,40,2126.6,2111,2042.6
105911.949,40,2113,2094.2,2035
105911.989,40,2099,2080.2,2026
105912.029,40,2091.8,2079.6,2017.6
105912.069,40,2088.2,2074.2,2022.8
105912.109,40,2097.2,2077.8,2020.2
105912.149,40,2113.8,2095.2,2034
105912.189,40,2128.6,2117.4,2048
105912.229,40,2136.2,2142,2077
105912.269,40,2117.4,2160.6,2108.8
105912.309,40,2087.6,2154.4,2132.4
105912.349,40,2058.2,2128.2,2122.8
105912.389,40,2038.4,2103.6,2108.6
105912.429,40,2025.8,2081.6,2081
105912.469,40,2018.4,2074.4,2063
105912.509,40,2014.4,2063.2,2052.8
105912.549,40,2018,2069.4,2053.8
105912.589,40,2019.8,2073.2,2064
105912.629,40,2030.4,2081,2080.8
105912.669,40,2038.8,2107.4,2107
105912.709,40,2066.8,2134.4,2126.6
105912.749,40,2096.4,2155.2,2120
105912.789,40,2125.8,2157.4,2097.6
105912.829,40,2139.6,2138,2063.8
105912.869,40,2130.6,2115.8,2043.4
105912.909,40,2109.2,2091.6,2034
105912.949,40,2090,2080.2,2025.4
105912.989,40,2080.8,2068.6,2015.4
105913.029,40,2070.2,2062.2,2010.6
105913.069,40,2070.4,2062.6,2012.6
105913.109,40,2086,2071.8,2016.2
105913.149,40,2100.2,2087.6,2023.8
105913.189,40,2121,2103.4,2034.2
105913.229,40,2132.4,2117.6,2047.4
105913.269,40,2140.6,2143.8,2068.2
105913.309,40,2125.4,2155,2093.8
105913.349,40,2103.4,2154.6,2121.6
105913.389,40,2072.4,2141.6,2128.8
105913.429,40,2053.6,2122.6,2116.8
105913.469,40,2038.2,2097.8,2103.2
105913.509,40,2030,2081.6,2082.6
105913.549,40,2025,2074.4,2068.6
105913.589,40,2018.8,2069.2,2055
105913.629,40,2019.6,2071,2062.6
105913.669,40,2019.4,2074.4,2067.6
105913.709,40,2025.6,2082.6,2080
105913.749,40,2036.8,2094.4,2098.6
105913.789,40,2054.4,2119,2108
105913.829,40,2076.8,2138.8,2110.6
105913.869,40,2110.6,2145.4,2087.2
105913.909,40,2126.8,2134,2068.4
105913.949,40,2122,2111.2,2046.2
105913.989,40,2101,2089.8,2032
105914.029,40,2092.2,2068.2,2013.6
105914.069,40,2070.2,2062.8,2010.4
105914.109,40,2073.8,2064.8,2010.2
105914.149,40,2074.6,2067,2009.2
105914.189,40,2083.8,2070.8,2017.4
105914.229,40,2097.6,2079.2,2020.2
105914.269,40,2105.4,2084,2022.4
105914.309,40,2113.2,2100,2035.8
105914.349,40,2121.2,2123.8,2053.6
105914.389,40,2123.4,2139,2073.6
105914.429,40,2106.4,2154.6,2096.6
105914.469,40,2092.6,2153.6,2116.2
105914.509,40,2066.6,2138.2,2123.4
105914.549,40,2049,2119.4,2116.6
105914.589,40,2040.2,2102,2100.6
105914.629,40,2032.8,2084,2083.2
105914.669,40,2024,2080.4,2073.2
105914.709,40,2022.2,2073,2065.4
105914.749,40,2023.8,2078,2073
105914.789,40,2028.6,2087.4,2085
105914.829,40,2033.4,2096.8,2096.2
105914.869,40,2051,2117.8,2109.8
105914.909,40,2073.8,2134.2,2118.4
105914.949,40,2098.8,2152.2,2109.2
105914.989,40,2120.2,2152.6,2087.2
105915.029,40,2133,2139.4,2073
105915.069,40,2133.8,2123.2,2053.2
105915.109,40,2123.8,2105.2,2043.8
105915.149,40,2115.6,2095,2030.6
105915.189,40,2112.2,2092,2028.2
105915.229,40,2107.8,2092,2030.2
105915.269,40,2110.2,2093.4,2028
105915.309,40,2114.4,2100.2,2030.2
105915.349,40,2119.8,2109.6,2046.4
105915.389,40,2118.8,2127.4,2058.6
105915.429,40,2112,2144,2080.4
105915.469,40,2089.2,2146.6,2105.8
105915.509,40,2066,2134,2115.6
105915.549,40,2047.2,2114.2,2113.2
105915.589,40,2035.6,2096.4,2099
105915.629,40,2024,2080.8,2081.6
105915.669,40,2024.2,2073.2,2064.6
105915.709,40,2019.8,2072.8,2059.2
105915.749,40,2017.2,2073.8,2063.2
105915.789,40,2023.8,2076,2076.8
105915.83,41,2033.8,2090.4,2092.4
105915.87,40,2043.6,2106,2101.8
105915.91,40,2062,2124.8,2114.2
105915.95,40,2085.2,2140.2,2105.2
105915.99,40,2105,2145.6,2090.2
105916.031,41,2119.4,2130.2,2065.6
105916.071,40,2126.8,2111.8,2046.8
105916.111,40,2114.6,2100.6,2032.8
105916.151,40,2103,2085.2,2026.8
105916.191,40,2092,2079.6,2018.4
105916.231,40,2090.2,2073.6,2018.6
105916.271,40,2091.4,2077.8,2022.4
105916.311,40,2099.8,2081,2023.8
105916.351,40,2097.6,2081.4,2022.6
105916.391,40,2099.4,2084.4,2028.2
105916.431,40,2105.8,2087,2022.2
105916.471,40,2114.6,2092,2031.2
105916.511,40,2117.4,2105,2042
105916.552,41,2115.4,2130,2060.6
105916.592,40,2107.6,2139.6,2085
105916.632,40,2080.6,2140.4,2101.8
105916.672,40,2055.6,2125,2109
105916.712,40,2043.2,2099.4,2102.2
105916.752,40,2032,2093.8,2095.4
105916.792,40,2033.6,2093.6,2093
105916.832,40,2038.6,2101.4,2107
105916.872,40,2052.4,2120.4,2122.4
105916.912,40,2070.6,2133,2123.2
105916.952,40,2091.2,2146,2107.8
105916.992,40,2119.6,2144.8,2081.6
105917.032,40,2120.8,2124,2049
105917.072,40,2111.4,2095.2,2026.6
105917.112,40,2083.8,2072.4,2016
105917.152,40,2070.4,2060.2,2014.4
105917.192,40,2061.2,2059.8,2009.4
105917.232,40,2057.6,2058,2010.6
105917.272,40,2059.6,2056.4,2009.8
105917.312,40,2061.6,2056.8,2010.4
105917.352,40,2066.2,2062.4,2009.2
105917.392,40,2082.8,2073.8,2017.8
105917.432,40,2106.6,2089,2025.2
105917.472,40,2127,2113,2041.4
105917.512,40,2128.2,2128,2056.4
105917.552,40,2111,2140.2,2084.2
105917.592,40,2086.8,2142.4,2102
105917.632,40,2058.2,2121.8,2110.2
105917.672,40,2044.8,2107.6,2102.4
105917.712,40,2032.2,2093.2,2092.6
105917.752,40,2028.8,2087.6,2090
105917.792,40,2035.8,2097,2098.6
105917.832,40,2042.4,2109.4,2107.8
105917.872,40,2056.2,2117.4,2116
105917.912,40,2074.4,2138.8,2118.2
105917.952,40,2102.2,2143.4,2098.6
105917.992,40,2114.4,2133,2064
105918.032,40,2115.6,2102.2,2040.4
105918.072,40,2107,2083.4,2022
105918.112,40,2082.2,2069,2013.6
105918.152,40,2068,2061.2,2013.2
105918.192,40,2065.4,2060,2014
105918.232,40,2063.6,2061.8,2009.2
105918.272,40,2070.4,2061.8,2010
105918.312,40,2077.8,2064.6,2010.2
105918.352,40,2089.6,2081,2022
105918.392,40,2118,2098,2035.4
105918.432,40,2130.4,2121.6,2053.8
105918.472,40,2121.2,2141.4,2075.4
105918.512,40,2093.4,2147.8,2106.2
105918.552,40,2065,2135.2,2122.4
105918.592,40,2045.8,2114.2,2116.6
105918.632,40,2027.8,2094.8,2094.8
105918.672,40,2027.6,2084.8,2078.2
105918.712,40,2031.8,2089.6,2087.4
105918.752,40,2032.6,2092.6,2096.4
105918.792,40,2042,2112.2,2113.6
105918.832,40,2065.8,2127.8,2124.4
105918.872,40,2092.6,2152.2,2121.2
105918.912,40,2117.8,2153.2,2092
105918.952,40,2139.2,2138.8,2065.4
105918.992,40,2127,2110.2,2042
105919.032,40,2095.8,2084.8,2021
105919.072,40,2074,2063.4,2017.2
105919.112,40,2059.6,2058.4,2011.2
105919.152,40,2060.8,2059,2008.4
105919.192,40,2068.6,2060.4,2008.6
105919.232,40,2065.6,2059.2,2007.2
105919.272,40,2070.6,2063.8,2015.4
105919.312,40,2089.4,2073.2,2017.2
105919.352,40,2106.2,2085.4,2026.4
105919.392,40,2119.8,2100.4,2033.4
105919.432,40,2121.2,2121.2,2054.8
105919.472,40,2108.2,2139.4,2078
105919.512,40,2075.6,2136,2100.6
105919.552,40,2055.6,2128.2,2112.8
105919.592,40,2037.4,2101,2099.6
105919.632,40,2025.4,2087.2,2083.8
105919.672,40,2024.2,2079.8,2078.4
105919.712,40,2029.4,2086.6,2086.6
105919.752,40,2033.2,2092.2,2093.4
105919.792,40,2037.4,2103.8,2106
105919.832,40,2055.6,2125.4,2120
105919.872,40,2074.8,2141,2119.2
105919.912,40,2103,2150,2105.6
105919.952,40,2123.6,2144.8,2079.6
105919.992,40,2124,2117.4,2051.2
105920.032,40,2110.6,2094.8,2029.2
105920.072,40,2089.2,2074.2,2016.2
105920.112,40,2070.2,2061.8,2011
105920.152,40,2053.6,2053.4,2007
105920.192,40,2050.8,2052,2005.2
105920.232,40,2048.8,2049.8,2002.4
105920.272,40,2054.4,2059.4,2008.8
105920.312,40,2065.8,2057.6,2009
105920.352,40,2078.6,2068.2,2013.6
105920.392,40,2097.8,2076.8,2024
105920.432,40,2115,2095.8,2033.4
105920.472,40,2122.2,2114.8,2040.2
105920.512,40,2117,2128.4,2058.8
105920.552,40,2107,2140.4,2081.2
105920.592,40,2084,2140.4,2105.4
105920.632,40,2059.4,2124.8,2113.4
105920.672,40,2044.4,2107.6,2104.6
105920.712,40,2034.2,2094.4,2089.8
105920.752,40,2027.4,2084.6,2081.4
105920.792,40,2027.4,2086,2085.8
105920.832,40,2030.8,2095.8,2088
105920.872,40,2037.8,2102.4,2103.2
105920.912,40,2051.4,2127.4,2120.8
105920.952,40,2070,2137.2,2119
105920.992,40,2092.8,2148.8,2109.2
105921.032,40,2123.4,2145.4,2085.6
105921.072,40,2129.6,2134.2,2054.6
105921.112,40,2112.8,2101.6,2033.4
105921.152,40,2090.2,2081.2,2020.8
105921.192,40,2065.6,2056,2010.2
105921.232,40,2054.6,2049.8,2003.4
105921.272,40,2048.6,2047.6,2004.2
105921.312,40,2054.2,2051.4,2006.2
105921.352,40,2058.4,2054.6,2007.4
105921.392,40,2067.2,2060.6,2012
105921.432,40,2074.2,2064.6,2012.8
105921.472,40,2086.4,2071.4,2018.2
105921.512,40,2100,2080,2018.2
105921.552,40,2110,2093.8,2030.6
105921.592,40,2121.2,2113.4,2043.6
105921.632,40,2121.6,2129.2,2061.4
105921.672,40,2110,2140.4,2079.2
105921.712,40,2088.6,2140.4,2101
105921.752,40,2069.8,2132.6,2109.8
105921.792,40,2050.6,2113.6,2109.2
105921.832,40,2035.4,2101.8,2101.4
105921.872,40,2028.6,2089.4,2088.4
105921.912,40,2028.6,2088,2086.2
105921.952,40,2034,2091.6,2093.6
105921.992,40,2039.8,2104.2,2105.6
105922.032,40,2051.8,2119.6,2118.8
105922.072,40,2064.6,2138.6,2127.2
105922.112,40,2089,2152.8,2114.4
105922.152,40,2119.6,2150.6,2093.6
105922.192,40,2129.6,2130.4,2062.2
105922.232,40,2122.8,2107.2,2043.6
105922.272,40,2098.4,2087.8,2024.6
105922.312,40,2076.8,2061.8,2012.4
105922.352,40,2064.2,2062,2009.6
105922.392,40,2055.6,2054.8,2008.6
105922.432,40,2053,2054.6,2006.8
105922.472,40,2058.8,2054.8,2008.4
105922.512,40,2062.8,2056.6,2008
105922.552,40,2072.8,2063.6,2016
105922.592,40,2088.2,2074.8,2018.8
105922.632,40,2109.4,2088.4,2032.4
105922.672,40,2122.6,2105.8,2042.2
105922.712,40,2125.6,2135.4,2061.8
105922.752,40,2109.2,2145.4,2088
105922.792,40,2084.8,2143.2,2112.4
105922.832,40,2056.8,2127,2115.2
105922.872,40,2042.8,2107.4,2106
105922.912,40,2033.4,2089.4,2089.8
105922.952,40,2024.4,2084.8,2080.2
105922.992,40,2028.4,2086,2083.8
105923.032,40,2033.6,2092.4,2098.4
105923.072,40,2034.8,2099.8,2098
105923.112,40,2048.8,2117.2,2111.8
105923.152,40,2065.4,2134.8,2121.8
105923.192,40,2087.2,2144,2106.6
105923.232,40,2111.8,2146,2088
105923.272,40,2126.4,2133,2065.2
105923.312,40,2124,2109.4,2041
105923.352,40,2104.6,2087.6,2026.6
105923.392,40,2081,2071.4,2018.6
105923.432,40,2065.4,2058.8,2008.6
105923.472,40,2051.4,2051.6,2008.4
105923.512,40,2047,2050.8,2005.2
105923.552,40,2053.6,2052,2005.4
105923.592,40,2059.4,2057.6,2010
105923.632,40,2064.8,2059.2,2010.4
105923.672,40,2076.4,2061.8,2012.2
105923.712,40,2088.8,2072,2016.4
105923.752,40,2105.4,2085.2,2020.6
105923.792,40,2118.2,2106.4,2037
105923.832,40,2119.8,2129.8,2058.4
105923.872,40,2109.8,2144.4,2084.8
105923.912,40,2086.4,2145,2104
105923.952,40,2061.8,2128.6,2119.4
105923.992,40,2044.6,2108.4,2115.2
105924.032,40,2035.2,2099,2093.6
105924.072,40,2028.2,2090.8,2088
105924.112,40,2033.8,2093.6,2093.4
105924.152,40,2037.6,2101.8,2102.4
105924.192,40,2052.8,2115.6,2113.6
105924.232,40,2070.2,2136.4,2120.8
105924.272,40,2095.4,2149.6,2109.4
105924.312,40,2124.8,2147.4,2089.2
105924.352,40,2134.2,2130.8,2063
105924.392,40,2127.8,2115.4,2045.8
105924.432,40,2111.4,2088.6,2024.6
105924.472,40,2085.4,2070.6,2017
105924.512,40,2063.4,2062.8,2013.2
105924.552,40,2053.6,2056,2008.8
105924.592,40,2052.4,2056,2006.4
105924.632,40,2058,2055,2007.6
105924.672,40,2059.8,2056.4,2006.8
105924.712,40,2065.8,2059.8,2010.6
105924.752,40,2064.4,2061.8,2007.4
105924.792,40,2073.8,2061.8,2009.2
105924.832,40,2087.8,2074.8,2020
105924.872,40,2099.8,2085.4,2026
105924.912,40,2118.8,2104,2037.8
105924.952,40,2126,2126.4,2058.2
105924.992,40,2114.2,2141.8,2080.6
105925.032,40,2090,2147.6,2108.4
105925.072,40,2061,2125.6,2116.2
105925.112,40,2045.2,2109.8,2110
105925.152,40,2030,2093.4,2091
105925.192,40,2022.8,2083.8,2082.6
105925.232,40,2029.6,2083.4,2085.2
105925.272,40,2034.2,2094.6,2098.2
105925.312,40,2041.8,2098.2,2104
105925.352,40,2048.2,2110.2,2107
105925.392,40,2066.4,2131.8,2110.8
105925.432,40,2089,2143,2098.4
105925.472,40,2106,2136.4,2074.8
105925.512,40,2119.6,2120.8,2051.2
105925.552,40,2117.8,2107.2,2038.4
105925.592,40,2097.2,2086.6,2024.8
105925.632,40,2086.8,2076.4,2019
105925.672,40,2072,2064.4,2009
105925.712,40,2063.4,2055.8,2009.6
105925.752,40,2059.4,2055.2,2007.6
105925.792,40,2055.8,2056,2008.6
105925.832,40,2063.6,2055,2009.6
105925.872,40,2063.4,2063.6,2012.4
105925.912,40,2068,2064.8,2011.8
105925.952,40,2077.4,2069.4,2009.8
105925.992,40,2088.2,2070.2,2019
105926.032,40,2100.4,2084.8,2020.6
105926.072,40,2117.8,2101.6,2033.6
105926.112,40,2126,2121,2050
105926.152,40,2124,2139.6,2068
105926.192,40,2106.6,2145.6,2096.4
105926.232,40,2080.8,2142.8,2115
105926.272,40,2062.2,2131,2115.6
105926.312,40,2045.4,2108.4,2113
105926.352,40,2039,2097.6,2092.8
105926.392,40,2027.4,2084.4,2078.2
105926.432,40,2025,2082,2072.6
105926.472,40,2023.4,2082.4,2078.2
105926.512,40,2032.6,2090,2089.8
105926.552,40,2041.8,2102.2,2099.2
105926.592,40,2048.6,2116.6,2109.4
105926.632,40,2067.8,2133,2113.6
105926.672,40,2092,2142,2096.8
105926.712,40,2115,2137.8,2067.8
105926.752,40,2124.6,2120.6,2048.8
105926.792,40,2112.6,2098.2,2036.4
105926.832,40,2096,2084.6,2020.2
105926.872,40,2074.4,2064.4,2016.4
105926.912,40,2063.2,2058.6,2006.8
105926.952,40,2057,2051.4,2005
105926.992,40,2051.6,2053.6,2010
105927.032,40,2059.4,2056.2,2009
105927.072,40,2069.8,2063.2,2006.6
105927.112,40,2077.4,2067.4,2016.4
105927.152,40,2088.8,2072.4,2019.8
105927.192,40,2098.4,2079,2023.4
105927.232,40,2109.8,2089.6,2030.8
105927.272,40,2120.6,2114.2,2043.6
105927.312,40,2124.8,2131.2,2058
105927.352,40,2116.4,2142.4,2080.6
105927.392,40,2092.4,2148.8,2104.6
105927.432,40,2070,2138.2,2122.4
105927.472,40,2052.8,2120.2,2117.2
105927.512,40,2039,2104,2104.2
105927.552,40,2030.6,2086,2083.2
105927.592,40,2022.6,2078.6,2076.6
105927.632,40,2026.2,2079.4,2078.8
105927.672,40,2024,2086,2082.4
105927.712,40,2029,2094.8,2099.4
105927.752,40,2043.8,2111.2,2111.2
105927.792,40,2061.2,2129.8,2115.6
105927.832,40,2083.8,2144.6,2117.4
105927.872,40,2114.2,2143.8,2098
105927.912,40,2132.8,2138.4,2072.8
105927.952,40,2129.4,2120.4,2050.2
105927.992,40,2117.8,2097.6,2030.4
105928.032,40,2093.8,2080.6,2023.6
105928.072,40,2075.4,2066.4,2015
105928.112,40,2065,2058.6,2009.4
105928.152,40,2059,2053.6,2002.8
105928.192,40,2064.2,2058,2006.4
105928.232,40,2069,2060.4,2011.4
105928.272,40,2077.6,2068.2,2016.6
105928.312,40,2087.2,2072.8,2018.4
105928.352,40,2099.8,2081.2,2025
105928.392,40,2111.6,2098.6,2027.8
105928.432,40,2123.2,2110.2,2041.4
105928.472,40,2125.8,2132,2065.8
105928.512,40,2111.2,2142,2079.8
105928.552,40,2087.6,2144.2,2104.4
105928.592,40,2064,2126.4,2115.4
105928.632,40,2044,2106.2,2109.2
105928.672,40,2034.2,2090.2,2094.8
105928.712,40,2028.8,2084.6,2083.6
105928.752,40,2027.2,2087.8,2090.6
105928.792,40,2035.4,2093.4,2094.4
105928.832,40,2037.6,2101.8,2100.6
105928.872,40,2046,2108,2106
105928.912,40,2058.4,2123.2,2113.2
105928.952,40,2079.2,2139.8,2115.4
105928.992,40,2099.6,2146.6,2101.4
105929.032,40,2121.8,2145.6,2085.4
105929.072,40,2128.2,2130.4,2062.6
105929.112,40,2129.8,2110.8,2044.2
105929.152,40,2107.4,2091.2,2027.8
105929.192,40,2082.4,2068.4,2014.2
105929.232,40,2065.8,2059.6,2009.4
105929.272,40,2048.4,2052.2,2005.6
105929.312,40,2051.2,2048.4,2005.8
105929.352,40,2055,2054.6,2007.8
105929.392,40,2062.6,2058,2010.2
105929.432,40,2070.4,2059,2007
105929.472,40,2070.8,2066.8,2014.8
105929.512,40,2081.8,2067.6,2014.8
105929.552,40,2090.4,2074,2016.8
105929.592,40,2100.8,2079.8,2021
105929.632,40,2112.4,2098.2,2034.4
105929.672,40,2124.4,2112.6,2044.2
105929.712,40,2125.6,2125,2051.4
105929.752,40,2119.2,2139.2,2067.8
105929.792,40,2106.6,2134.6,2080
105929.832,40,2086.6,2139.8,2095.4
105929.872,40,2070.8,2131,2107
105929.912,40,2053.8,2121.6,2110.2
105929.952,40,2040.6,2107.4,2103.8
105929.992,40,2034.8,2101.2,2101.4
105930.032,40,2034.4,2098.2,2099.4
105930.072,40,2038.8,2102,2102
105930.112,40,2043,2107.6,2110.4
105930.152,40,2049.4,2119,2118.6
105930.192,40,2058.2,2130,2127.4
105930.232,40,2079.4,2146,2128.2
105930.272,40,2098.8,2156.4,2118.8
105930.312,40,2116.2,2154.6,2096.6
105930.352,40,2129.6,2144.8,2075.8
105930.392,40,2126.4,2123.4,2053.6
105930.432,40,2118.6,2102.4,2038.6
105930.472,40,2099.2,2081.2,2023
105930.512,40,2082.2,2071.8,2014
105930.552,40,2067.8,2058.4,2014.2
105930.592,40,2062.4,2055,2006.6
105930.632,40,2060,2054.4,2006.6
105930.672,40,2066.2,2056.6,2010.4
105930.712,40,2074.2,2061.6,2006.4
105930.752,40,2079.2,2064,2018.8
105930.792,40,2082.8,2070.2,2020.4
105930.832,40,2098.6,2078.6,2022
105930.872,40,2109.4,2086.6,2024.2
105930.912,40,2117,2106.6,2038.2
105930.952,40,2128.4,2121.4,2051.6
105930.992,40,2119.4,2135,2067.2
105931.032,40,2102.6,2140.2,2085.2
105931.072,40,2080,2136,2105.8
105931.112,40,2056,2122.4,2110.4
105931.152,40,2044,2104.2,2107
105931.192,40,2032.4,2096.6,2097.6
105931.232,40,2036.2,2096.4,2095
105931.272,40,2033.6,2102.4,2104.2
105931.312,40,2038.8,2106.8,2108.2
105931.352,40,2048.4,2118,2115
105931.392,40,2058.2,2121.6,2118
105931.432,40,2074.2,2139.2,2112.8
105931.472,40,2098.4,2143.4,2093.8
105931.512,40,2116.2,2136.2,2067.6
105931.552,40,2117,2112.4,2048
105931.592,40,2113.2,2096.4,2032.2
105931.632,40,2093.6,2078.4,2022
105931.672,40,2075,2066.6,2013
105931.712,40,2062.6,2058.4,2015.2
105931.752,40,2054,2057.2,2004.8
105931.792,40,2051.2,2052,2007.4
105931.832,40,2061.6,2057,2007.4
105931.872,40,2056.2,2060.2,2009.2
105931.912,40,2064.4,2065.4,2010.4
105931.952,40,2070.6,2063.4,2009
105931.992,40,2077.8,2066.6,2014.8
105932.032,40,2088,2074.2,2017.6
105932.072,40,2102.8,2088.2,2021.8
105932.112,40,2119.4,2105.8,2038.8
105932.152,40,2125.6,2123.8,2054.6
105932.192,40,2115.4,2139,2072.2
105932.232,40,2097.6,2143.4,2094
105932.272,40,2065.8,2133.4,2112
105932.312,40,2050.8,2114.6,2107.8
105932.352,40,2034.6,2090.8,2095.4
105932.392,40,2032,2090,2092.8
105932.432,40,2033.4,2089.8,2093.8
105932.472,40,2032.2,2096.8,2106.2
105932.512,40,2035.2,2103.8,2110
105932.552,40,2046.2,2113,2113.8
105932.592,40,2060.8,2131.2,2115.6
105932.632,40,2085.8,2143.6,2103
105932.672,40,2109,2143.6,2087.2
105932.712,40,2126.2,2132.2,2065.6
105932.752,40,2123,2112.4,2041.4
105932.792,40,2107.6,2088.8,2028
105932.832,40,2085.4,2067.2,2014.4
105932.872,40,2062,2060.8,2012.6
105932.912,40,2048,2055.4,2008.6
105932.952,40,2048.8,2052.4,2005.8
105932.992,40,2061.4,2054.6,2007.6
105933.032,40,2072.2,2064.8,2009.6
105933.072,40,2078.8,2068.8,2014.8
105933.112,40,2083.4,2074.2,2023.4
105933.152,40,2094.4,2079.2,2021.8
105933.192,40,2108.4,2087.2,2030.2
105933.232,40,2121.6,2106.8,2038.8
105933.272,40,2129,2125,2056
105933.312,40,2115.2,2142.4,2080.6
105933.352,40,2089.6,2148.8,2103.4
105933.392,40,2065.2,2131.8,2110.2
105933.432,40,2046.6,2113.4,2105.8
105933.472,40,2038.2,2096.8,2101
105933.512,40,2034.6,2090,2095.4
105933.552,40,2033.4,2097.6,2099.4
105933.592,40,2040,2104.4,2107.8
105933.632,40,2047.6,2114.6,2118.8
105933.672,40,2057.6,2126.6,2127.6
105933.712,40,2079.4,2145.8,2127.2
105933.752,40,2105.4,2155.8,2113.6
105933.792,40,2126.4,2152.6,2091.2
105933.832,40,2133,2133.4,2065.6
105933.872,40,2127.8,2112.4,2043
105933.912,40,2110,2092.8,2029.6
105933.952,40,2088.2,2076.6,2020
105933.992,40,2069.8,2063.4,2013
105934.032,40,2054.6,2052.8,2010.4
105934.072,40,2051.2,2055.4,2006.8
105934.112,40,2058.8,2061,2007.2
105934.152,40,2067,2057.2,2011.6
105934.192,40,2076.8,2067.4,2016
105934.232,40,2088,2069.8,2020.8
105934.272,40,2099.6,2086,2026.4
105934.312,40,2116.2,2101.8,2038.8
105934.352,40,2127,2121.4,2052
105934.392,40,2110.2,2140,2075.8
105934.432,40,2089.8,2139.2,2100.8
105934.472,40,2060,2127.4,2113.8
105934.512,40,2043.4,2110.2,2110.4
105934.552,40,2041,2103,2104.6
105934.592,40,2041.6,2097.4,2099.2
105934.632,40,2036,2101,2101.2
105934.672,40,2037.6,2105,2105
105934.712,40,2050,2114,2106.8
105934.752,40,2060,2126.8,2103.6
105934.792,40,2085,2139.6,2100.8
105934.832,40,2113,2144.8,2089
105934.872,40,2129.6,2135.8,2067.4
105934.912,40,2132,2119.8,2056.4
105934.952,40,2121.8,2104,2043
105934.992,40,2107.2,2095.2,2031.2
105935.032,40,2093.4,2078.6,2027.6
105935.072,40,2077.8,2070.6,2018.6
105935.112,40,2065.8,2061.8,2016.2
105935.152,40,2058,2056.2,2011
105935.192,40,2066.6,2057.4,2009.4
105935.232,40,2059.4,2057.4,2012
105935.272,40,2071.4,2060.6,2010.2
105935.312,40,2080.2,2068.4,2014
105935.352,40,2096.4,2081.4,2025.6
105935.392,40,2123.8,2104.6,2036.8
105935.432,40,2124,2126.2,2055
105935.472,40,2120.6,2144,2077.8
105935.512,40,2096.8,2147.4,2101.6
105935.552,40,2071,2138.2,2113
105935.592,40,2058.4,2122.6,2114
105935.632,40,2049,2118,2116.4
105935.672,40,2047,2117,2115.4
105935.712,40,2059.6,2123,2121.4
105935.752,40,2055.6,2129.2,2125
105935.792,40,2069.8,2138.4,2125.8
105935.832,40,2085.2,2152,2120.8
105935.872,40,2108.6,2155,2108.2
105935.912,40,2124,2147.2,2077.8
105935.952,40,2129.6,2131,2059.4
105935.992,40,2119.6,2106,2038.8
105936.032,40,2103.6,2088.4,2027.8
105936.072,40,2082.2,2071.6,2015.8
105936.112,40,2061.2,2055.6,2007.6
105936.152,40,2050,2049.4,2009
105936.192,40,2049.4,2054,2002.6
105936.232,40,2057,2055.4,2003.4
105936.272,40,2065.6,2061.4,2016.2
105936.312,40,2071,2064.4,2013.8
105936.352,40,2080.6,2067.8,2020.2
105936.392,40,2095.4,2085.6,2025.4
105936.432,40,2112.8,2097.6,2030.4
105936.472,40,2124.4,2122.8,2048.4
105936.512,40,2126.6,2141.4,2070.8
105936.552,40,2104.8,2151.4,2098.8
105936.592,40,2085.8,2146.4,2125.2
105936.632,40,2054.2,2126.8,2121
105936.672,40,2044,2116,2117.8
105936.712,40,2045.4,2112.8,2115
105936.752,40,2048.6,2113.8,2117.4
105936.792,40,2055.8,2123.6,2120.6
105936.832,40,2063.6,2137.2,2121.2
105936.872,40,2081,2144.6,2115.4
105936.912,40,2100.4,2145.4,2099
105936.952,40,2126.4,2144.8,2080.8
105936.992,40,2128.4,2125.4,2054.2
105937.032,40,2118,2104.6,2039.4
105937.072,40,2101.2,2083.8,2024.6
105937.112,40,2077.8,2072.6,2016.2
105937.152,40,2062.6,2060.4,2008.4
105937.192,40,2049.2,2050.6,2006
105937.232,40,2047,2053,2006.4
105937.272,40,2051.6,2055.6,2006.8
105937.312,40,2060,2057.2,2011.2
105937.352,40,2065.6,2060.4,2016.6
105937.392,40,2070.4,2062,2007.6
105937.432,40,2078.4,2066.2,2014.2
105937.472,40,2091,2071.8,2019
105937.512,40,2107.2,2092.2,2026
105937.552,40,2122.2,2102.4,2038.4
105937.592,40,2125.2,2123.4,2055.2
105937.632,40,2124.4,2141.2,2074.8
105937.672,40,2102.8,2149.2,2100
105937.712,40,2075.4,2140.2,2112
105937.752,40,2058.8,2125,2118
105937.792,40,2046.2,2118.4,2115
105937.832,40,2050.8,2121,2122.6
105937.872,40,2056.2,2126.2,2129.6
105937.912,40,2065.8,2132,2125.6
105937.952,40,2075.4,2145.8,2122.2
105937.992,40,2095.6,2147,2111.2
105938.032,40,2112.4,2144.4,2092.8
105938.072,40,2123.4,2137.6,2067.8
105938.112,40,2121,2108.6,2045.4
105938.152,40,2102,2087.8,2025
105938.192,40,2080,2066.2,2015.8
105938.232,40,2065.6,2059.2,2009.4
105938.272,40,2053.4,2057.4,2004.6
105938.312,40,2048.6,2049.6,2005.8
105938.352,40,2057,2053.2,2003
105938.392,40,2061.8,2058,2008.8
105938.432,40,2068.6,2060,2011.2
105938.472,40,2074.4,2066.8,2013.6
105938.512,40,2081.8,2067.2,2011.8
105938.552,40,2097,2077.2,2023.2
105938.592,40,2108.8,2093.6,2029.2
105938.632,40,2125.2,2113.4,2044.8
105938.672,40,2129.6,2136.4,2065.6
105938.712,40,2116.8,2140.2,2082.4
105938.752,40,2097.8,2144.2,2108
105938.792,40,2076.4,2143.8,2115.6
105938.832,40,2058.6,2128.4,2119
105938.872,40,2048,2117.4,2114.8
105938.912,40,2048.2,2117.6,2124
105938.952,40,2053,2123.4,2122.4
105938.992,40,2062.2,2131.6,2126.4
105939.032,40,2076.6,2146,2124.2
105939.072,40,2101.4,2156.6,2118.4
105939.112,40,2120.6,2151.2,2092.4
105939.152,40,2127.8,2136.4,2061
105939.192,40,2125,2107.6,2042.6
105939.232,40,2104.6,2086.8,2029.4
105939.272,40,2077.6,2069,2015.6
105939.312,40,2053.6,2056.6,2014
105939.352,40,2053.4,2052.6,2008.4
105939.392,40,2059.6,2057.6,2011.4
105939.432,40,2061.8,2058,2010.6
105939.472,40,2068.2,2065.4,2013.8
105939.512,40,2075,2070.2,2012.8
105939.552,40,2081,2071.4,2012.2
105939.592,40,2090.6,2075,2018
105939.632,40,2108,2086.4,2019.8
105939.672,40,2120,2106.4,2039.8
105939.712,40,2126,2126.8,2053.8
105939.752,40,2116.6,2143.8,2078
105939.792,40,2094,2145.4,2097.6
105939.832,40,2070.8,2141.4,2114.2
105939.872,40,2053.8,2122.4,2114.6
105939.912,40,2043.8,2107.4,2108
105939.952,40,2039.6,2101.6,2099
105939.992,40,2040.4,2100.8,2109.4
105940.032,40,2042.4,2109.4,2111.4
105940.072,40,2051.2,2116.8,2120
105940.112,40,2060,2126.8,2111.8
105940.152,40,2082.4,2138.6,2104.6
105940.192,40,2103.2,2145,2085.6
105940.232,40,2118.2,2131.6,2066.2
105940.272,40,2120.8,2115.2,2045.2
105940.312,40,2108.2,2090.4,2031.6
105940.352,40,2093,2078.2,2023.2
105940.392,40,2076.6,2064.2,2013.4
105940.432,40,2061.8,2060.2,2013.8
105940.472,40,2058.4,2058,2009.6
105940.512,40,2058.8,2062.6,2008.6
105940.552,40,2061.8,2060.4,2012.8
105940.592,40,2071.4,2062.6,2013
105940.632,40,2078.2,2068.8,2015.4
105940.672,40,2087.8,2071.4,2016.8
105940.712,40,2099.6,2081,2026.8
105940.752,40,2111.8,2096.6,2035.2
105940.792,40,2126.4,2115.6,2048.8
105940.832,40,2129.4,2137,2066.4
105940.872,40,2108.8,2149.8,2091.6
105940.912,40,2083.2,2144,2105.2
105940.952,40,2063.6,2130.8,2116
105940.992,40,2050.6,2116.8,2114.6
105941.032,40,2039.8,2104.4,2113.8
105941.072,40,2040.6,2102.8,2104.6
105941.112,40,2040,2100.8,2107.6
105941.152,40,2041.4,2107.4,2113
105941.192,40,2049.2,2120.2,2120
105941.232,40,2068.6,2131.6,2118.6
105941.272,40,2085,2143.2,2108.6
105941.312,40,2108.6,2144.4,2092.2
105941.352,40,2125.8,2143,2074.8
105941.392,40,2129.2,2123.4,2052.4
105941.432,40,2123.6,2105.4,2038.6
105941.472,40,2101.4,2086,2027.8
105941.512,40,2086.6,2077.2,2019
105941.552,40,2073.4,2064.4,2017.8
105941.592,40,2057.4,2058,2013.6
105941.632,40,2059.4,2054.2,2008.8
105941.672,40,2063.4,2055.6,2013
105941.712,40,2063,2059.8,2011.8
105941.752,40,2068.4,2063.6,2009.4
105941.792,40,2074.2,2064.8,2012.2
105941.832,40,2088.4,2074.2,2018
105941.872,40,2104.6,2086.4,2029.2
105941.912,40,2120.4,2108,2040.2
105941.952,40,2127.6,2125,2055
105941.992,40,2118.2,2138.2,2075.2
105942.032,40,2098.4,2145.6,2099
105942.072,40,2069,2134.8,2109.8
105942.112,40,2055.6,2126.2,2113.2
105942.152,40,2046,2111.8,2113.8
105942.192,40,2045,2111.2,2112
105942.232,40,2044.2,2111.2,2116.8
105942.272,40,2046.8,2119.2,2121.2
105942.312,40,2064.2,2135,2126.8
105942.352,40,2083,2144,2123.2
105942.392,40,2097.4,2153.2,2112.8
105942.432,40,2120,2152.6,2092.8
105942.472,40,2133.2,2139.2,2069.8
105942.512,40,2131,2120.2,2049
105942.552,40,2116.4,2101.8,2036.8
105942.592,40,2100,2081.8,2026.6
105942.632,40,2082.4,2073.8,2017.2
105942.672,40,2069.2,2064.8,2010.4
105942.712,40,2054.4,2054.8,2010.2
105942.752,40,2055,2055.4,2008.4
105942.792,40,2060.4,2056.8,2008.4
105942.832,40,2068.4,2058.6,2009.8
105942.872,40,2077.6,2065,2013.6
105942.912,40,2086,2071.4,2016.6
105942.952,40,2102,2084.2,2027.6
105942.992,40,2116.6,2103.2,2035.4
105943.032,40,2123.4,2125.8,2052.2
105943.072,40,2115.6,2142.2,2074.6
105943.112,40,2095,2145,2099
105943.152,40,2070.8,2133.4,2111.8
105943.192,40,2052.4,2121.2,2111.6
105943.232,40,2040.4,2099.6,2099.6
105943.272,40,2028.2,2089.2,2089.6
105943.312,40,2026.2,2085.4,2084.6
105943.352,40,2028,2083.4,2089.6
105943.392,40,2034.8,2093.4,2091.8
105943.432,40,2031.4,2095,2100
105943.472,40,2041.4,2106.4,2107
105943.512,40,2054.4,2123.2,2117.6
105943.552,40,2077.8,2136.6,2120.8
105943.592,40,2101,2154,2109
105943.632,40,2122.8,2153.6,2086.8
105943.672,40,2136.8,2143.8,2072.2
105943.712,40,2134,2128.2,2051.2
105943.752,40,2124.4,2106.4,2043.6
105943.792,40,2112.8,2094.4,2031.2
105943.832,40,2101.2,2082.4,2024.4
105943.872,40,2095.2,2079.8,2017.2
105943.912,40,2086,2074.8,2020.4
105943.952,40,2090.6,2075.6,2023.4
105943.992,40,2100,2080.6,2021.6
105944.032,40,2101.8,2085,2023.4
105944.072,40,2102.8,2081,2019
105944.112,40,2102.6,2090.2,2027.2
105944.152,40,2110.2,2094.4,2028.2
105944.192,40,2115.8,2106.2,2042.2
105944.232,40,2121.8,2120.2,2053.8
105944.272,40,2113.2,2138.6,2072.4
105944.312,40,2103.2,2146.6,2092.4
105944.352,40,2089.8,2143.6,2111.4
105944.392,40,2065.6,2135.8,2121.6
105944.432,40,2054,2122.2,2119.4
105944.472,40,2041.8,2108.4,2112.4
105944.512,40,2039.8,2105,2107.6
105944.552,40,2039.8,2105.2,2109.6
105944.592,40,2044.8,2109.4,2111.8
105944.632,40,2047.6,2122.6,2120.4
105944.672,40,2058.8,2123.8,2121.6
105944.712,40,2068.8,2138.8,2126.4
105944.752,40,2082.2,2147.2,2121.4
105944.792,40,2100,2150.8,2111.6
105944.832,40,2117.6,2147.6,2094.4
105944.872,40,2125.4,2143.8,2075.6
105944.912,40,2134.4,2125.6,2055
105944.952,40,2121.2,2112.4,2043.2
105944.992,40,2120.4,2097.6,2030.6
105945.032,40,2103.4,2084.6,2026
105945.072,40,2085.2,2075.6,2018.8
105945.112,40,2085.8,2069.2,2014.6
105945.152,40,2083.4,2070.4,2016.8
105945.192,40,2089.8,2073.6,2016.2
105945.232,40,2092.4,2076.6,2021.2
105945.272,40,2095.4,2077.4,2017.8
105945.312,40,2095.6,2081.2,2023.8
105945.352,40,2103.6,2081,2022.4
105945.392,40,2108.2,2086.8,2025
105945.432,40,2115.6,2102.6,2032.8
105945.472,40,2119.6,2109.2,2043.8
105945.512,40,2123.4,2124.6,2054.8
105945.552,40,2117.4,2136,2069
105945.592,40,2103.4,2145.6,2089
105945.632,40,2094.2,2147.4,2106
105945.672,40,2080.8,2146,2116.6
105945.712,40,2066.6,2132.4,2119.4
105945.752,40,2051.4,2121.4,2121
105945.792,40,2046.8,2113.4,2111.2
105945.832,40,2048.2,2115.4,2114.2
105945.872,40,2047.2,2112,2118.6
105945.912,40,2049.4,2120.6,2119.2
105945.952,40,2061.8,2127.4,2124.4
105945.992,40,2068.4,2134.8,2121.8
105946.032,40,2081.6,2143.2,2119
105946.072,40,2091,2147.8,2110
105946.112,40,2108,2153,2097
105946.152,40,2121.8,2139.8,2074
105946.192,40,2123,2132.8,2059
105946.232,40,2125.6,2117.8,2047.8
105946.272,40,2122.4,2113.8,2045.6
105946.312,40,2122.2,2106.2,2036.4
105946.352,40,2116.2,2103.2,2038.4
105946.392,40,2119.8,2108.6,2038.2
105946.432,40,2119.4,2116.6,2045.6
105946.472,40,2130,2125.8,2053.4
105946.512,40,2127.4,2128.6,2059.2
105946.552,40,2122.4,2138.4,2072
105946.592,40,2109.4,2150.4,2088.6
105946.632,40,2095,2150.2,2112.4
105946.672,40,2074,2142.2,2119
105946.712,40,2056.8,2127.4,2121.6
105946.752,40,2046.2,2110.6,2110.2
105946.792,40,2041.2,2107,2106.2
105946.832,40,2038.4,2103.4,2104.2
105946.872,40,2044.2,2106,2112.6
105946.912,40,2048.2,2116.2,2113.6
105946.952,40,2063.2,2130.8,2118
105946.992,40,2077.6,2142.2,2115
105947.032,40,2100,2146.2,2101.8
105947.072,40,2118.4,2145.4,2084.8
105947.112,40,2126.4,2131,2060.2
105947.152,40,2128,2116,2046.6
105947.192,40,2116.4,2103.8,2034
105947.232,40,2106.6,2088.4,2029
105947.272,40,2104,2088.6,2023
105947.312,40,2100,2087.2,2025.8
105947.352,40,2107,2087.8,2030.2
105947.392,40,2110,2095.4,2032.6
105947.432,40,2122.6,2104.2,2040.2
105947.472,40,2129,2115.2,2048
105947.512,40,2130.8,2132.8,2061.4
105947.552,40,2120,2146,2077.8
105947.592,40,2113.6,2151.2,2099
105947.632,40,2087.4,2147.4,2117.6
105947.672,40,2061,2131.4,2122.8
105947.712,40,2043.8,2111,2112.2
105947.752,40,2035.2,2097.8,2102.8
105947.792,40,2033.2,2098.6,2098.6
105947.832,40,2036.8,2098.8,2101.6
105947.872,40,2041.8,2104.6,2108.4
105947.912,40,2047.8,2117.8,2116.6
105947.952,40,2064,2131.6,2121
105947.992,40,2082.4,2144.2,2114.4
105948.032,40,2105.8,2149.4,2098.2
105948.072,40,2122.2,2143.6,2077.4
105948.112,40,2131.8,2130.8,2060.2
105948.152,40,2126,2113.8,2047.6
105948.192,40,2115.8,2097.2,2037.4
105948.232,40,2109.4,2092.6,2036
105948.272,40,2117,2091.2,2027.8
105948.312,40,2110,2093.8,2034.2
105948.352,40,2116.2,2100.4,2033
105948.392,40,2121.8,2106.4,2040
105948.432,40,2131.4,2118.2,2046.2
105948.472,40,2139.8,2132.4,2057.4
105948.512,40,2133,2144.6,2074
105948.552,40,2123,2153.6,2093.6
105948.592,40,2108.4,2157.8,2109
105948.632,40,2087.2,2152.6,2120.4
105948.672,40,2066.6,2134.2,2123
105948.712,40,2053.8,2119.8,2122.2
105948.752,40,2046,2112.8,2111.8
105948.792,40,2044.8,2111,2110.4
105948.832,40,2047.6,2119,2111.2
105948.872,40,2054.6,2120.8,2116.8
105948.912,40,2066.4,2132.8,2111
105948.952,40,2084.6,2142.4,2104.6
105948.992,40,2097,2145,2098.8
105949.032,40,2119,2146,2081.4
105949.072,40,2123.8,2131.4,2062.6
105949.112,40,2125.6,2119,2050.2
105949.152,40,2122.8,2113.6,2048.4
105949.192,40,2115.6,2107.2,2036
105949.232,40,2118.4,2102.4,2036.6
105949.272,40,2121.2,2110.4,2041.2
105949.312,40,2119.4,2109.2,2042.8
105949.352,40,2120.8,2110,2046.2
105949.392,40,2120.2,2106.8,2046.8
105949.432,40,2128,2115.4,2046.4
105949.472,40,2127.8,2120.4,2048.8
105949.512,40,2131,2118.4,2049.2
105949.552,40,2129,2127.2,2050.4
105949.592,40,2128.4,2121.4,2047.4
105949.632,40,2132.6,2129.4,2058.4
105949.672,40,2130.6,2128.4,2055.2
105949.712,40,2134.8,2130.4,2056.8
105949.752,40,2135.8,2129,2059.4
105949.792,40,2135.8,2128.4,2058.6
105949.832,40,2135.6,2131.4,2065
105949.872,40,2133.2,2133.2,2062.8
105949.912,40,2138,2139.8,2062.2
105949.952,40,2134.8,2139,2067.8
105949.992,40,2139.2,2140.8,2066.4
105950.032,40,2136.2,2131.6,2073.4
105950.072,40,2139,2137.8,2065.6
105950.112,40,2133,2140.6,2068.2
105950.152,40,2129.2,2134.2,2071.6
105950.192,40,2119.6,2150.4,2082.4
105950.232,40,2102.2,2140.4,2087.4
105950.272,40,2085.6,2134.8,2094.6
105950.312,40,2068.4,2129,2106.6
105950.352,40,2050.4,2111.8,2109.6
105950.392,40,2040.2,2101.8,2102
105950.432,40,2035.6,2093.6,2093.2
105950.472,40,2028.2,2086.8,2088.2
105950.512,40,2031.6,2092.6,2090
105950.552,40,2038,2104.6,2105
105950.592,40,2050,2122.4,2118.4
105950.632,40,2072.8,2138.8,2111.4
105950.672,40,2111.8,2149,2092.8
105950.712,40,2125.2,2123,2059
105950.752,40,2113.4,2096,2038
105950.792,40,2079,2069.2,2015
105950.832,40,2051.2,2053.4,2003.2
105950.872,40,2046.6,2047,2006.2
105950.912,40,2056.2,2053,2008.2
105950.952,40,2062.4,2058.2,2008.6
105950.992,40,2073.2,2061.6,2011.2
105951.032,40,2079.6,2069.4,2018.2
105951.072,40,2092.8,2080.2,2020.6
105951.112,40,2115.2,2095,2034
105951.152,40,2131,2118.6,2047.6
105951.192,40,2123.8,2138.8,2078.2
105951.232,40,2093.2,2145.8,2106
105951.272,40,2062.8,2128.2,2121.2
105951.312,40,2041,2108,2111.8
105951.352,40,2029,2092.4,2094.6
105951.392,40,2034.6,2092.6,2096
105951.432,40,2043.2,2102.4,2106.4
105951.472,40,2045.6,2112.2,2112.6
105951.512,40,2060.8,2131.6,2122.4
105951.552,40,2090.6,2145,2115.8
105951.592,40,2117.6,2150,2090.4
105951.632,40,2129.4,2126.4,2058.2
105951.672,40,2110.8,2099.2,2035
105951.712,40,2087,2070.4,2016
105951.752,40,2063.6,2054.6,2007.8
105951.792,40,2051.4,2049.6,2003.4
105951.832,40,2052.6,2051.8,2009.8
105951.872,40,2060.6,2054.6,2008.8
105951.912,40,2073,2066,2010.6
105951.952,40,2083.2,2068.8,2013
105951.992,40,2097,2083.4,2023
105952.032,40,2112.8,2093.6,2034
105952.072,40,2124.8,2122.6,2053.6
105952.112,40,2116,2139.4,2080.8
105952.152,40,2093.6,2144.4,2103.6
105952.192,40,2066.4,2131.8,2115.8
105952.232,40,2048.2,2110.8,2115.2
105952.272,40,2037.2,2097.6,2102.8
105952.312,40,2035.4,2099,2099.4
105952.352,40,2045.4,2105,2111.6
105952.392,40,2046.4,2116.6,2119.8
105952.432,40,2068,2132,2123.4
105952.472,40,2091.4,2147.2,2114.6
105952.512,40,2112.8,2147.8,2085.6
105952.552,40,2131,2130.4,2064.6
105952.592,40,2122.6,2107.2,2035.8
105952.632,40,2095,2076,2015.6
105952.672,40,2070.8,2062.8,2010.8
105952.712,40,2049.2,2051.8,2004.2
105952.752,40,2047.2,2050,2003.8
105952.792,40,2048.6,2052.8,2006.6
105952.832,40,2058.8,2055.6,2008
105952.872,40,2071.4,2061,2015.2
105952.912,40,2076,2068.2,2013.8
105952.952,40,2080,2062.8,2012.6
105952.992,40,2091.2,2075.6,2018.8
105953.032,40,2114,2095.8,2033.6
105953.072,40,2127.6,2123.6,2055
105953.112,40,2119.6,2143.6,2085.8
105953.152,40,2095.4,2152.8,2110.8
105953.192,40,2067,2134,2121.6
105953.232,40,2046.2,2110.2,2113.4
105953.272,40,2032.4,2096.6,2100.2
105953.312,40,2037,2095.6,2101.4
105953.352,40,2042.8,2104.4,2107.8
105953.392,40,2049.8,2119.4,2113
105953.432,40,2066.4,2135.8,2123.4
105953.472,40,2088.2,2149.4,2116.2
105953.512,40,2112.6,2153.2,2091.8
105953.552,40,2128.8,2136.8,2062.6
105953.592,40,2124.8,2109.4,2039.8
105953.632,40,2097.2,2082,2022.4
105953.672,40,2079.8,2065.8,2011.6
105953.712,40,2060,2056.8,2007.4
105953.752,40,2045.4,2048.6,2007.6
105953.792,40,2048.4,2051,2006.8
105953.832,40,2059.6,2060,2007.4
105953.872,40,2071.2,2063,2012.4
105953.912,40,2090,2076.6,2020.4
105953.952,40,2108.6,2091.4,2027.4
105953.992,40,2120.4,2104.4,2037.2
105954.032,40,2130.2,2121.8,2050
105954.072,40,2121.2,2139.4,2067.8
105954.112,40,2107.4,2148.4,2092.4
105954.152,40,2078,2143,2113.8
105954.192,40,2055.8,2123.2,2115.6
105954.232,40,2044.4,2111,2110.4
105954.272,40,2034,2094,2098.2
105954.312,40,2035.2,2095,2101.8
105954.352,40,2043.8,2105.2,2108.6
105954.392,40,2055.6,2121.4,2112
105954.432,40,2065.8,2130,2113.4
105954.472,40,2094,2144.8,2100.6
105954.512,40,2115.2,2132.6,2070.8
105954.552,40,2122.4,2118.8,2048.4
105954.592,40,2114.8,2099.4,2030.8
105954.632,40,2094.6,2083.4,2024.6
105954.672,40,2074.2,2064.8,2014
105954.712,40,2063.6,2057.2,2011.2
105954.752,40,2053,2056.4,2010.6
105954.792,40,2058,2056.8,2010
105954.832,40,2062.2,2058.8,2008.6
105954.872,40,2067.6,2061.8,2009.8
105954.912,40,2074.2,2061.8,2014.4
105954.952,40,2084.2,2066.2,2015
105954.992,40,2101.4,2085,2022.4
105955.032,40,2119,2101,2038.8
105955.072,40,2128.8,2122.2,2052.4
105955.112,40,2125,2142.4,2073.6
105955.152,40,2105.2,2148.4,2096.6
105955.192,40,2078,2139.2,2110
105955.232,40,2054.4,2122.6,2111
105955.272,40,2038.8,2102.8,2105.4
105955.312,40,2031,2092.2,2093.2
105955.352,40,2025,2083.4,2080.4
105955.392,40,2035,2091.2,2093.4
105955.432,40,2036.4,2099.2,2103.6
105955.472,40,2040.2,2110,2112.4
105955.512,40,2055,2128.2,2126.4
105955.552,40,2080,2150.2,2128.8
105955.592,40,2109.4,2154.2,2111
105955.632,40,2128.6,2153.2,2082.6
105955.672,40,2136.4,2127.4,2057.8
105955.712,40,2119.8,2103,2037
105955.752,40,2092,2075.6,2017.6
105955.792,40,2071.8,2058.6,2009.2
105955.832,40,2051.2,2053.4,2007.8
105955.872,40,2047,2046.6,2001
105955.912,40,2058.2,2055.8,2009.4
105955.952,40,2065.6,2063.8,2011
105955.992,40,2075.4,2065.8,2017.8
105956.032,40,2087.4,2073.6,2014.4
105956.072,40,2101.8,2081.6,2022.6
105956.112,40,2108.4,2095,2031.8
105956.152,40,2125,2117,2048.6
105956.192,40,2121.4,2137.2,2071.8
105956.232,40,2102.4,2147.4,2102.2
105956.272,40,2069.8,2137.4,2121.2
105956.312,40,2052.6,2118.4,2116.8
105956.352,40,2038,2097.4,2098.8
105956.392,40,2032.4,2086.8,2087
105956.432,40,2020.8,2083.4,2081.8
105956.472,40,2030,2087.2,2086.8
105956.512,40,2032.6,2090.8,2091.4
105956.552,40,2043,2105.8,2103.6
105956.592,40,2056.4,2122.4,2117.6
105956.632,40,2075.4,2142.2,2114.4
105956.672,40,2102.6,2147.4,2093.8
105956.712,40,2122.6,2136,2070.8
105956.752,40,2126,2119.2,2051.2
105956.792,40,2114,2094.8,2031
105956.832,40,2095,2077.8,2020.4
105956.872,40,2069.6,2064.6,2010.8
105956.912,40,2060,2055.2,2011.8
105956.952,40,2053.4,2054.2,2011.4
105956.992,40,2049,2050.2,2007.4
105957.032,40,2052.8,2054,2007.6
105957.072,40,2059.6,2058.2,2008.4
105957.112,40,2069.2,2059.8,2013.8
105957.152,40,2079.8,2068.6,2014.2
105957.192,40,2101.8,2083.2,2022.2
105957.232,40,2115,2098.8,2033.4
105957.272,40,2127.8,2126.8,2056.2
105957.312,40,2110.8,2143,2082.6
105957.352,40,2088.4,2146.2,2110.4
105957.392,40,2058.4,2128.4,2117.6
105957.432,40,2039,2103.6,2107.2
105957.472,40,2025.4,2090.8,2089.2
105957.512,40,2026.8,2081.8,2079.8
105957.552,40,2024,2082.2,2081.8
105957.592,40,2031.6,2090.4,2090
105957.632,40,2033.6,2093.6,2096.6
105957.672,40,2039.4,2104.8,2104.2
105957.712,40,2051.6,2121,2118
105957.752,40,2073.4,2134.8,2113.2
105957.792,40,2095.2,2144.8,2107
105957.832,40,2119.6,2144.8,2080
105957.872,40,2129.6,2122.6,2056.6
105957.912,40,2118.2,2103.6,2037.2
105957.952,40,2098,2081.4,2021.4
105957.992,40,2076,2069.6,2015.4
105958.032,40,2063.6,2054.4,2009.6
105958.072,40,2051.4,2053.2,2005
105958.112,40,2047.4,2051.4,2003.2
105958.152,40,2056,2054.8,2006.4
105958.192,40,2058,2053.2,2008
105958.232,40,2069.2,2059.4,2008
105958.272,40,2081.6,2069,2012.8
105958.312,40,2086.4,2071.2,2014
105958.352,40,2105,2087.6,2025.8
105958.392,40,2120.8,2112.6,2042
105958.432,40,2122.4,2138,2067.8
105958.472,40,2105.6,2152.2,2102.4
105958.512,40,2079,2139.8,2121
105958.552,40,2053,2121.4,2117.2
105958.592,40,2032.2,2102.8,2099.8
105958.632,40,2025.4,2080.6,2083.2
105958.672,40,2028.2,2083,2075.6
105958.712,40,2025,2085.6,2088.2
105958.752,40,2029.4,2094.2,2088.8
105958.792,40,2029.4,2097,2101.8
105958.832,40,2046.6,2113.8,2111.6
105958.872,40,2062.6,2129.4,2121.2
105958.912,40,2093.4,2143.6,2111.4
105958.952,40,2114.2,2146.8,2087
105958.992,40,2130.6,2136,2068.4
105959.032,40,2126.8,2117.6,2049.2
105959.072,40,2111.6,2096.6,2036
105959.112,40,2099.4,2080.8,2027.2
105959.152,40,2079.8,2068.6,2015
105959.192,40,2073,2064.2,2011
105959.232,40,2057.8,2056,2008.8
105959.272,40,2054.8,2053.8,2008
105959.312,40,2058.2,2056.6,2008.8
105959.352,40,2065.2,2058.6,2008.8
105959.392,40,2069,2059.2,2008.6
105959.432,40,2082.6,2068.8,2014.2
105959.472,40,2093.6,2077.8,2017.2
105959.512,40,2112.8,2091.2,2025.4
105959.552,40,2125.4,2115.8,2046.2
105959.592,40,2127.4,2136.4,2069.6
105959.632,40,2105.4,2147,2101.2
105959.672,40,2079.2,2143.4,2120.4
105959.712,40,2057.6,2125.8,2113
105959.752,40,2036.8,2097.4,2103.8
105959.792,40,2026,2085.6,2086.8
105959.832,40,2023.6,2079.6,2072.4
105959.872,40,2023,2078.2,2079.8
105959.912,40,2029,2085.6,2084.8
105959.952,40,2035,2099.6,2095.6
105959.992,40,2045.2,2114,2108.6
105960.032,40,2059.6,2127.2,2117.6
105960.072,40,2081.2,2146.2,2121.6
105960.112,40,2112,2155.2,2104.6
105960.152,40,2128.4,2144.4,2083.8
105960.192,40,2134.8,2128.6,2058
105960.232,40,2133.8,2110.6,2046.2
105960.272,40,2115,2097.4,2033.6
105960.312,40,2099.6,2081.6,2026.6
105960.352,40,2082.6,2069.4,2018.4
105960.392,40,2071.6,2062.8,2015
105960.432,40,2062.8,2060.8,2011
105960.472,40,2061.8,2057.8,2008.2
105960.512,40,2069.8,2061,2011.4
105960.552,40,2075.6,2062.8,2013.2
105960.592,40,2088,2070.2,2017.8
105960.632,40,2101.6,2083.4,2022.8
105960.672,40,2113.4,2098,2033
105960.712,40,2125.2,2111.8,2042.6
105960.752,40,2125,2126.4,2059
105960.792,40,2106,2138.4,2079.2
105960.832,40,2084,2137.4,2099.6
105960.872,40,2060.4,2124.6,2117.8
105960.912,40,2042.2,2109.2,2104.2
105960.952,40,2030.2,2097.6,2093.2
105960.992,40,2031.2,2091.6,2092
105961.032,40,2031.2,2093.4,2092.4
105961.072,40,2036.6,2097,2102
105961.112,40,2041.6,2106.6,2105
105961.152,40,2045.6,2113.4,2102
105961.192,40,2064.8,2124.2,2101.4
105961.232,40,2079,2132,2091.4
105961.272,40,2112.2,2142,2085.2
105961.312,40,2127.2,2132.2,2064.6
105961.352,40,2128.8,2118.4,2046.6
105961.392,40,2114.8,2099.6,2037.2
105961.432,40,2100.8,2083.2,2027.6
105961.472,40,2082.8,2074.2,2018.2
105961.512,40,2078.4,2069.6,2018.2
105961.552,40,2068.4,2061.8,2014.4
105961.592,40,2067,2060.6,2014.6
105961.632,40,2071,2062.8,2013
105961.672,40,2074.2,2064.4,2009.6
105961.712,40,2077.6,2070.2,2012.8
105961.752,40,2086.4,2073.4,2013.4
105961.792,40,2097.4,2082.8,2019
105961.832,40,2115.6,2100.6,2034.6
105961.872,40,2124.4,2123.4,2045.8
105961.912,40,2121.4,2141.2,2072.8
105961.952,40,2107,2152.4,2101.8
105961.992,40,2084.2,2146.8,2121.4
105962.032,40,2060,2129.4,2124.2
105962.072,40,2046.4,2112.8,2111.2
105962.112,40,2042,2101.2,2106.8
105962.152,40,2040.8,2105.2,2105.4
105962.192,40,2042.4,2110.8,2110.8
105962.232,40,2043.6,2116.8,2116.6
105962.272,40,2060.2,2132.6,2118.8
105962.312,40,2076.8,2141.6,2116
105962.352,40,2104.4,2154.2,2101.4
105962.392,40,2124.4,2151.8,2083.4
105962.432,40,2135.8,2134.8,2057.2
105962.472,40,2126.2,2111.2,2045.8
105962.512,40,2112.4,2091.2,2029
105962.552,40,2086.8,2076.8,2025
105962.592,40,2075.8,2070.6,2015.6
105962.632,40,2054.4,2057,2009.4
105962.672,40,2049.2,2052.8,2009
105962.712,40,2047.4,2052.4,2008.4
105962.752,40,2058.8,2057,2007.6
105962.792,40,2064.2,2058.4,2014
105962.832,40,2068,2062.8,2013.6
105962.872,40,2081.8,2068.6,2016.6
105962.912,40,2093.6,2079,2021.4
105962.952,40,2114.6,2098.2,2032.2
105962.992,40,2130.6,2123.4,2051.8
105963.032,40,2129.6,2142.4,2072.4
105963.072,40,2108,2152.8,2101.6
105963.112,40,2082,2143.6,2114.8
105963.152,40,2062.6,2129.4,2119.2
105963.192,40,2045.2,2111.8,2111.6
105963.232,40,2040.6,2104.2,2105.8
105963.272,40,2042,2108,2112.4
105963.312,40,2049.6,2114.8,2117.2
105963.352,40,2052.6,2121.6,2125.2
105963.392,40,2065,2132.8,2129.6
105963.432,40,2083.8,2148.8,2124.6
105963.472,40,2103,2157.4,2110.4
105963.512,40,2128,2156.6,2089.8
105963.552,40,2134.6,2135.4,2063
105963.592,40,2128.2,2116.6,2044.8
105963.632,40,2107.6,2087.4,2029.8
105963.672,40,2091,2075,2019
105963.712,40,2067.6,2061.4,2009.2
105963.752,40,2053.4,2051.8,2008.8
105963.792,40,2053,2054.8,2009.2
105963.832,40,2059.6,2060.8,2009.8
105963.872,40,2065.6,2056.2,2011
105963.912,40,2066.4,2062.6,2006.8
105963.952,40,2069.2,2061.6,2016.8
105963.992,40,2080.4,2070,2017
105964.032,40,2095.6,2078.8,2016.8
105964.072,40,2111.4,2094.6,2033.2
105964.112,40,2134.6,2118.8,2045.2
105964.152,40,2128.4,2140,2072.4
105964.192,40,2114.4,2152.2,2095.2
105964.232,40,2087.4,2145.4,2112.4
105964.272,40,2064,2132.4,2115.8
105964.312,40,2044,2107.4,2108.6
105964.352,40,2038.2,2096.4,2093.8
105964.392,40,2035,2096,2097.2
105964.432,40,2043.2,2104.4,2105.2
105964.472,40,2047.4,2111.6,2109
105964.512,40,2056.8,2126.4,2119.4
105964.552,40,2077,2139.6,2119.8
105964.592,40,2098,2154.6,2111.2
105964.632,40,2118.6,2149.8,2091.2
105964.672,40,2132.6,2137.8,2067.4
105964.712,40,2133.2,2117.6,2044.6
105964.752,40,2123.6,2103.2,2034.2
105964.792,40,2097.8,2085,2027.4
105964.832,40,2081.8,2063.6,2016.4
105964.872,40,2064.4,2058.8,2014.6
105964.912,40,2054,2051.8,2010
105964.952,40,2048,2050.4,2007.4
105964.992,40,2047,2048.8,2003.4
105965.032,40,2055.4,2052.6,2006
105965.072,40,2068.2,2056.6,2012.4
105965.112,40,2081.4,2070.6,2013.6
105965.152,40,2090.6,2080.4,2019.2
105965.192,40,2111.4,2093.6,2028.8
105965.232,40,2126,2106.6,2041.6
105965.272,40,2127.2,2121.8,2057.4
105965.312,40,2120.8,2139.8,2072.6
105965.352,40,2101.2,2145.4,2092.2
105965.392,40,2081.8,2139.6,2107
105965.432,40,2063,2127.2,2112.6
105965.472,40,2048.2,2117.2,2110
105965.512,40,2047.2,2110.4,2112
105965.552,40,2045.8,2115.6,2114.2
105965.592,40,2054.2,2122.2,2117.8
105965.632,40,2061.6,2132.4,2127.6
105965.672,40,2071.2,2142.2,2122.8
105965.712,40,2091.6,2154.8,2115.2
105965.752,40,2113.6,2155.2,2099
105965.792,40,2131.2,2145.2,2079.2
105965.832,40,2139.6,2128.8,2056.6
105965.872,40,2123.2,2108.6,2041.8
105965.912,40,2107,2085.2,2028.6
105965.952,40,2084,2075,2020.6
105965.992,40,2067.4,2056.6,2013.2
105966.032,40,2053,2055.8,2007.2
105966.072,40,2049,2051.6,2006
105966.112,40,2053,2051,2005.2
105966.152,40,2057.2,2053,2009.2
105966.192,40,2064.6,2060.6,2007.4
105966.232,40,2073,2061.8,2012
105966.272,40,2082.4,2073,2017.8
105966.312,40,2093.8,2080.8,2023.8
105966.352,40,2121.6,2101.8,2032.2
105966.392,40,2126.4,2120.2,2050
105966.432,40,2131,2137.2,2060.2
105966.472,40,2113.6,2146.8,2082.8
105966.512,40,2088.2,2140,2102.4
105966.552,40,2069.4,2134.4,2108
105966.592,40,2056.8,2122.2,2108.8
105966.632,40,2042,2111.8,2105.8
105966.672,40,2042.8,2113.8,2106
105966.712,40,2050.8,2117.8,2118.4
105966.752,40,2057.2,2127,2121.8
105966.792,40,2066.2,2138.8,2124.2
105966.832,40,2080.6,2148.6,2122.6
105966.872,40,2102.2,2149.6,2117.2
105966.912,40,2123,2158.8,2096
105966.952,40,2135.2,2149.4,2073.2
105966.992,40,2136.8,2128,2053.6
105967.032,40,2124.6,2102,2035.6
105967.072,40,2100.2,2084.2,2026.6
105967.112,40,2082.4,2071.4,2017.6
105967.152,40,2059.8,2062.4,2010.2
105967.192,40,2050.2,2054,2012.6
105967.232,40,2058,2056.2,2014.2
105967.272,40,2062.6,2057.2,2008.2
105967.312,40,2058.6,2059,2013.8
105967.352,40,2061.4,2058.4,2012.6
105967.392,40,2064.8,2059.8,2009
105967.432,40,2075.2,2066.4,2014.8
105967.472,40,2086.8,2071.8,2015.8
105967.512,40,2100,2082.8,2020.2
105967.552,40,2116.8,2099.2,2032.6
105967.592,40,2123.4,2110,2042.2
105967.632,40,2128.4,2126.8,2054.6
105967.672,40,2123,2142.4,2073.6
105967.712,40,2105.2,2147.6,2089.8
105967.752,40,2084.6,2140.4,2107
105967.792,40,2056.4,2128.4,2113
105967.832,40,2051.6,2120.4,2107.8
105967.872,40,2044.4,2114.2,2109.4
105967.912,40,2047.6,2114.4,2112.6
105967.952,40,2050.4,2116.8,2119.6
105967.992,40,2059.4,2129,2124.4
105968.032,40,2059.8,2133.4,2125.2
105968.072,40,2075.6,2144,2128.2
105968.112,40,2093.6,2153.2,2119.8
105968.152,40,2112.8,2157.4,2105.4
105968.192,40,2128.8,2149.2,2083.6
105968.232,40,2135.8,2134.6,2057.8
105968.272,40,2125.4,2109.4,2047.6
105968.312,40,2111.6,2091.6,2030.4
105968.352,40,2093,2074.8,2020.2
105968.392,40,2066.8,2062.8,2015.8
105968.432,40,2050,2053.2,2007.6
105968.472,40,2051,2050.6,2005.8
105968.512,40,2058.4,2052.6,2010.4
105968.552,40,2064.2,2057,2010.6
105968.592,40,2068.2,2055.6,2011.8
105968.632,40,2079.2,2064.6,2013.4
105968.672,40,2087.2,2067.4,2017.4
105968.712,40,2104.6,2087.2,2025.4
105968.752,40,2122,2102.8,2040
105968.792,40,2128.2,2122.4,2052
105968.832,40,2120.6,2140.2,2075.4
105968.872,40,2102.6,2142.8,2096.4
105968.912,40,2074.6,2133.8,2107.6
105968.952,40,2052.4,2118.8,2106.4
105968.992,40,2043.4,2106.6,2104.4
105969.032,40,2038.6,2104.2,2098
105969.072,40,2041.6,2103.8,2112.6
105969.112,40,2049.8,2116.4,2119.6
105969.152,40,2057.6,2126.8,2124.8
105969.192,40,2062,2133.6,2125.6
105969.232,40,2076.6,2147.6,2128
105969.272,40,2095.2,2154.6,2120.4
105969.312,40,2121.8,2160.6,2102
105969.352,40,2135.2,2146,2079.4
105969.392,40,2132.6,2126.6,2053
105969.432,40,2123.8,2111,2036.4
105969.472,40,2101.2,2090.8,2029.8
105969.512,40,2088.8,2075.4,2018.2
105969.552,40,2076,2064.6,2011.2
105969.592,40,2058.6,2060.4,2011.8
105969.632,40,2056.8,2060,2008.6
105969.672,40,2054.4,2055,2007.4
105969.712,40,2059.2,2053.6,2006.6
105969.752,40,2066.8,2063.4,2007
105969.792,40,2082,2070,2014.4
105969.832,40,2097.6,2082.4,2023.4
105969.872,40,2114.6,2098.8,2027.4
105969.912,40,2122,2117.2,2045
105969.952,40,2116.2,2134.2,2061.6
105969.992,40,2102.8,2142.2,2090
105970.032,40,2078,2139.8,2104.4
105970.072,40,2065.6,2126.8,2112.2
105970.112,40,2057.2,2124.4,2110.4
105970.152,40,2046.8,2120.4,2115.8
105970.192,40,2056.2,2125.8,2117.2
105970.232,40,2057.6,2129.2,2125.2
105970.272,40,2062.4,2133.6,2125.4
105970.312,40,2069.8,2141.4,2125.4
105970.352,40,2084,2153.2,2123.8
105970.392,40,2095.8,2154.2,2115
105970.432,40,2117,2150.4,2095.4
105970.472,40,2131.8,2141,2073.6
105970.512,40,2131.2,2123.8,2049
105970.552,40,2122.2,2105.8,2036.8
105970.592,40,2103.6,2089.6,2021.2
105970.632,40,2082.2,2070.4,2022.2
105970.672,40,2064,2059.4,2006.6
105970.712,40,2051.4,2051.8,2003.6
105970.752,40,2047,2049.6,2009
105970.792,40,2060.8,2057.4,2012.4
105970.832,40,2063,2060.4,2015.8
105970.872,40,2068,2064.6,2014
105970.912,40,2074.6,2068.2,2017.4
105970.952,40,2087.2,2071,2015.4
105970.992,40,2097.6,2080.8,2023.2
105971.032,40,2103.8,2088.2,2028.4
105971.072,40,2122,2103.6,2038.2
105971.112,40,2127,2115,2050.2
105971.152,40,2119.2,2134.8,2067.6
105971.192,40,2100.6,2140,2092.6
105971.232,40,2080.6,2142.6,2109
105971.272,40,2069.6,2131.2,2115.2
105971.312,40,2055.6,2124,2120
105971.352,40,2050.6,2122,2118.6
105971.392,40,2049.4,2121.8,2122
105971.432,40,2053,2128.2,2123.6
105971.472,40,2069.2,2135,2128.8
105971.512,40,2077.2,2145.2,2120.2
105971.552,40,2095,2155.2,2114.8
105971.592,40,2114.8,2154.6,2098.2
105971.632,40,2129.2,2144,2077.6
105971.672,40,2128.4,2125.4,2051
105971.712,40,2122.2,2104.4,2035.4
105971.752,40,2100.6,2086,2025.8
105971.792,40,2081.4,2064.6,2013.8
105971.832,40,2061.6,2059.6,2008
105971.872,40,2049.2,2054,2006.2
105971.912,40,2045.8,2047.8,2007
105971.952,40,2052.4,2053,2004.6
105971.992,40,2064,2059.4,2008.6
105972.032,40,2067.8,2064.2,2010.6
105972.072,40,2078.2,2064.8,2013.8
105972.112,40,2087.2,2069.4,2018.8
105972.152,40,2095.2,2078,2020.8
105972.192,40,2105.8,2087.8,2028.2
105972.232,40,2122.2,2102.6,2037
105972.272,40,2121.6,2118.2,2050.6
105972.312,40,2113.8,2133.4,2067.2
105972.352,40,2105,2143,2087.8
105972.392,40,2084,2144,2110.6
105972.432,40,2065.4,2135.4,2113.8
105972.472,40,2051.2,2119.6,2114
105972.512,40,2052.2,2117.6,2115.6
105972.552,40,2055.6,2125.4,2125.6
105972.592,40,2060.4,2128.6,2128.4
105972.632,40,2068.8,2140,2127
105972.672,40,2081.2,2148.2,2125.8
105972.712,40,2100.6,2156.8,2120.6
105972.752,40,2118.2,2158.4,2105.8
105972.792,40,2133.4,2150.2,2083.2
105972.832,40,2139.4,2134.8,2063.4
105972.872,40,2132.8,2114.6,2046.8
105972.912,40,2114.6,2097,2033.8
105972.952,40,2092,2074.8,2023.4
105972.992,40,2081,2068.2,2014.4
105973.032,40,2069,2062,2012.4
105973.072,40,2066.2,2058.4,2008.6
105973.112,40,2064.2,2060.8,2012.2
105973.152,40,2072.2,2063.6,2013.4
105973.192,40,2079.2,2066,2015.4
105973.232,40,2078.6,2069,2013.2
105973.272,40,2088.8,2073.4,2020.4
105973.312,40,2100.8,2082.2,2020.6
105973.352,40,2115.2,2095,2031.2
105973.392,40,2122.2,2110.4,2041
105973.432,40,2125.4,2129.8,2064.2
105973.472,40,2115.6,2147.2,2081.8
105973.512,40,2096.8,2146.2,2105.2
105973.552,40,2075.6,2141.4,2115
105973.592,40,2058.4,2125.8,2117.6
105973.632,40,2045.6,2111.8,2113.6
105973.672,40,2049,2112.2,2114
105973.712,40,2050,2117,2116
105973.752,40,2054.2,2124.4,2123.2
105973.792,40,2063.6,2132.4,2124.8
105973.832,40,2075.8,2140.8,2124.6
105973.872,40,2094,2151.6,2117.6
105973.912,40,2113.6,2157.8,2097.6
105973.952,40,2129.8,2144.8,2077.4
105973.992,40,2137.2,2130.8,2061.4
105974.032,40,2131,2111.6,2041.8
105974.072,40,2114.8,2095.8,2035.4
105974.112,40,2094.6,2082.8,2021
105974.152,40,2085,2073.8,2017
105974.192,40,2073,2070.4,2015.8
105974.232,40,2071.8,2064.4,2013.4
105974.272,40,2073.6,2064.2,2012.2
105974.312,40,2075.4,2066.4,2013.4
105974.352,40,2074.6,2067.6,2015.6
105974.392,40,2078,2062.4,2013.8
105974.432,40,2090,2074.4,2016.8
105974.472,40,2098.2,2079.6,2021.6
105974.512,40,2103.8,2086.2,2020
105974.552,40,2107.6,2090.8,2028.6
105974.592,40,2117.6,2101.8,2033
105974.632,40,2124,2114.8,2044.2
105974.672,40,2128.6,2134.2,2060.6
105974.712,40,2120.2,2139.8,2079.6
105974.752,40,2105,2149.2,2099.4
105974.792,40,2082.8,2149.8,2114.6
105974.832,40,2071.8,2140.6,2121.4
105974.872,40,2067.8,2139.6,2125.8
105974.912,40,2074.2,2141.8,2129.6
105974.952,40,2075.8,2148,2126.8
105974.992,40,2075,2149.2,2125
105975.032,40,2092,2152.6,2127.6
105975.072,40,2101.4,2157,2119.2
105975.112,40,2114.2,2153.4,2104
105975.152,40,2125.6,2147.6,2081.4
105975.192,40,2139.8,2133,2059.8
105975.232,40,2129.2,2119.4,2043.8
105975.272,40,2118,2099,2036.8
105975.312,40,2097.2,2083,2021
105975.352,40,2080.4,2071.4,2015.2
105975.392,40,2064.4,2062.4,2011.6
105975.432,40,2050,2052.2,2002.2
105975.472,40,2052.4,2052.4,2000.6
105975.512,40,2063.4,2057,2012.4
105975.552,40,2067.6,2057.2,2012.8
105975.592,40,2075.6,2067.4,2015.8
105975.632,40,2082,2068.6,2018.8
105975.672,40,2091.6,2081.6,2024.2
105975.712,40,2104,2083.4,2025.8
105975.752,40,2114.4,2102.2,2034
105975.792,40,2123.2,2110.6,2040.8
105975.832,40,2123.4,2118.8,2049.8
105975.872,40,2126,2128.4,2059.2
105975.912,40,2125.6,2132.4,2063
105975.952,40,2126.4,2136,2067.2
105975.992,40,2124.4,2131.8,2064.2
105976.032,40,2123,2127.4,2061
105976.072,40,2118,2125.8,2061
105976.112,40,2123.6,2132.6,2066.4
105976.152,40,2126.6,2135.6,2067.8
105976.192,40,2126.8,2141.6,2070.6
105976.232,40,2128,2142.6,2074.8
105976.272,40,2125.6,2147,2077.8
105976.312,40,2133.8,2146.6,2078.8
105976.352,40,2129.8,2148.4,2081.6
