55052.633,40,2029,2118.2,2313.6
55052.673,40,2029,2112.2,2309
55052.713,40,2030.6,2113.6,2303.8
55052.753,40,2027.2,2117.2,2304.6
55052.793,40,2025.2,2110,2294.4
55052.833,40,2027,2109.6,2287.8
55052.873,40,2024.8,2107.6,2286
55052.913,40,2025.4,2108.2,2280.4
55052.953,40,2027.6,2106.6,2275
55052.993,40,2021,2109.4,2274.6
55053.033,40,2025,2102.6,2270
55053.073,40,2023.4,2102.2,2265.8
55053.113,40,2025.8,2101.6,2262.4
55053.153,40,2026.2,2102.4,2259.6
55053.193,40,2026.2,2103.6,2262
55053.233,40,2027,2109.8,2269
55053.273,40,2029,2118.8,2294
55053.313,40,2039.4,2139.2,2347.4
55053.353,40,2048.8,2175.2,2450.4
55053.393,40,2066.4,2231.2,2594.2
55053.433,40,2086.4,2300.6,2727.6
55053.473,40,2112.8,2374.6,2804.2
55053.513,40,2131.4,2428.6,2809.8
55053.553,40,2142.6,2449.6,2793.6
55053.593,40,2147.8,2452.8,2800.6
55053.633,40,2134.8,2433.4,2837
55053.673,40,2121.6,2402.8,2831.4
55053.713,40,2100.4,2343,2799.6
55053.753,40,2079.6,2270.2,2659
55053.793,40,2057.2,2190.6,2482
55053.833,40,2038.4,2143.8,2366.2
55053.873,40,2024.4,2101,2255.6
55053.913,40,2021.4,2087.2,2205.4
55053.953,40,2021.4,2095.8,2225.8
55053.993,40,2032.8,2120.6,2289.8
55054.033,40,2045,2152.8,2399.6
55054.073,40,2054.8,2203.6,2558.6
55054.113,40,2076.2,2266.8,2728.8
55054.153,40,2094.6,2335.8,2829.8
55054.193,40,2113,2387,2857.6
55054.233,40,2134.4,2435,2837
55054.273,40,2152.8,2463.6,2779.4
55054.313,40,2161.2,2472.2,2731.2
55054.353,40,2166.8,2461,2694.6
55054.393,40,2162.4,2440.4,2656.4
55054.433,40,2157.2,2422.8,2640.8
55054.473,40,2155,2414,2632.8
55054.513,40,2153.4,2420.6,2649.8
55054.553,40,2146.4,2422.2,2687.2
55054.593,40,2147.8,2429,2726.2
55054.633,40,2140.6,2433,2759
55054.673,40,2138.6,2431.4,2779.8
55054.713,40,2132.6,2424.8,2799
55054.753,40,2136.4,2423.6,2806.8
55054.793,40,2131.4,2418.2,2799.6
55054.833,40,2126.4,2408,2794
55054.873,40,2128.8,2400.8,2778.2
55054.913,40,2125.4,2395,2756.2
55054.953,40,2124.4,2381.2,2734.6
55054.993,40,2122.6,2376.4,2727.8
55055.033,40,2120.6,2372,2719.4
55055.073,40,2116.8,2367.4,2733.2
55055.113,40,2113.2,2366,2749.4
55055.153,40,2111,2361.6,2765.8
55055.193,40,2112,2360,2774.6
55055.233,40,2105.2,2352.8,2779.4
55055.273,40,2099,2336,2769.4
55055.313,40,2090,2309.6,2743.6
55055.353,40,2079,2275,2691
55055.393,40,2064.2,2236.8,2600.4
55055.433,40,2051.2,2186.8,2482.8
55055.473,40,2040.4,2142.6,2369.6
55055.513,40,2028.6,2107.4,2270
55055.553,40,2024.2,2092.6,2214.2
55055.593,40,2026.2,2098.8,2218.2
55055.633,40,2030.8,2115.6,2276.6
55055.673,40,2036,2143,2382.4
55055.713,40,2052.2,2200,2544.8
55055.753,40,2075.2,2267.4,2718.6
55055.793,40,2099.2,2349.6,2819.8
55055.833,40,2130.8,2415.2,2826.2
55055.873,40,2149.8,2457,2788.6
55055.913,40,2159.8,2474.2,2758.8
55055.953,40,2151.2,2453.8,2772
55055.993,40,2127.8,2405.2,2771.8
55056.033,40,2105,2337.8,2707
55056.073,40,2078,2262.8,2598
55056.113,40,2057.2,2202.8,2523.8
55056.153,40,2041.2,2150.8,2404.2
55056.193,40,2029.2,2112.6,2292.6
55056.233,40,2021,2094.2,2231
55056.273,40,2023.8,2102.2,2242.2
55056.313,40,2033.6,2124.8,2301.2
55056.353,40,2045,2154.4,2392
55056.393,40,2059.6,2209,2541.2
55056.433,40,2081,2276.6,2705.8
55056.473,40,2109,2356.6,2803.2
55056.513,40,2133.8,2425.6,2817.4
55056.553,40,2155.2,2471,2776.6
55056.593,40,2162.6,2480.4,2739.6
55056.633,40,2154,2468.2,2772.6
55056.673,40,2132,2428,2787.4
55056.713,40,2116.2,2363.2,2733.2
55056.753,40,2085,2277.8,2614
55056.793,40,2062.8,2216,2552.8
55056.833,40,2042.4,2157.2,2431
55056.873,40,2027,2110.4,2297.6
55056.913,40,2020.4,2087,2211.2
55056.953,40,2019,2086.6,2198
55056.993,40,2019.2,2097.2,2231.8
55057.033,40,2032,2119,2299.6
55057.073,40,2043.2,2156.8,2394.6
55057.113,40,2056,2210.4,2539.8
55057.153,40,2080,2278,2681.4
55057.193,40,2101.2,2352.6,2777.2
55057.233,40,2129,2414.2,2798.2
55057.273,40,2146.6,2442.8,2774.2
55057.313,40,2144.4,2455.8,2774.2
55057.353,40,2134,2430.2,2791.6
55057.393,40,2116,2381.8,2779.8
55057.433,40,2094.8,2315.8,2693.4
55057.473,40,2074,2254,2586
55057.513,40,2057,2203,2519.2
55057.553,40,2042.6,2149.2,2401.4
55057.593,40,2027.8,2113,2291
55057.633,40,2019,2091,2221
55057.673,40,2022,2086.2,2210.8
55057.713,40,2026.2,2103.4,2248.6
55057.753,40,2036.2,2124.8,2307.6
55057.793,40,2042.6,2157.6,2426.2
55057.833,40,2055,2206.8,2576.8
55057.873,40,2072.4,2275.6,2735.6
55057.913,40,2091.8,2339.6,2834.8
55057.953,40,2117.6,2396,2853.6
55057.993,40,2131.2,2425.4,2836.6
55058.033,40,2136.4,2438,2819.2
55058.073,40,2125.6,2417.6,2827.2
55058.113,40,2117.8,2384.2,2799.2
55058.153,40,2103.4,2339.2,2726.8
55058.193,40,2090.4,2292.2,2658
55058.233,40,2073.6,2248.4,2608.4
55058.273,40,2061.6,2214.8,2557.2
55058.313,40,2044.4,2173.8,2481.2
55058.353,40,2035.8,2136.4,2379.4
55058.393,40,2027.8,2109,2281
55058.433,40,2015.8,2090,2226.4
55058.473,40,2017.8,2085,2191.2
55058.513,40,2018.4,2083.2,2187.2
55058.553,40,2021.4,2092,2205.4
55058.593,40,2027,2104.2,2256.4
55058.633,40,2031.4,2127.4,2345.2
55058.673,40,2039.6,2163.6,2452.8
55058.713,40,2051.8,2198.8,2592
55058.753,40,2060.2,2247.2,2718.2
55058.793,40,2076.8,2290,2816.4
55058.833,40,2091.4,2334.6,2870
55058.873,40,2103.2,2360,2881
55058.913,40,2107.6,2373.8,2881.6
55058.953,40,2110.8,2374.8,2859
55058.993,40,2106,2364.8,2843.8
55059.033,40,2097.8,2348.8,2811.8
55059.073,40,2101.2,2338.6,2771.8
55059.113,40,2099.6,2336,2733
55059.153,40,2096,2323.8,2719.6
55059.193,40,2097,2318,2727.8
55059.233,40,2094.4,2314.6,2744.2
55059.273,40,2088,2304.2,2745.6
55059.313,40,2080.4,2284.4,2727.4
55059.353,40,2066,2244.2,2664.8
55059.393,40,2052,2198,2540.8
55059.433,40,2042.2,2150.2,2402.6
55059.473,40,2028.8,2114.4,2284.4
55059.513,40,2025.8,2095,2208.6
55059.553,40,2017.4,2074.2,2164.2
55059.593,40,2016,2075.4,2153.4
55059.633,40,2017.4,2082,2176.8
55059.673,40,2019.2,2094.2,2230.4
55059.713,40,2033.8,2120,2303
55059.753,40,2042.2,2154,2403.6
55059.793,40,2050.2,2191.8,2508.2
55059.833,40,2065.2,2230.8,2599.4
55059.873,40,2077.6,2266,2657.6
55059.913,40,2084,2283.4,2677.2
55059.953,40,2082.8,2274.6,2660.2
55059.993,40,2076.4,2257.6,2633.4
55060.033,40,2068.8,2242.4,2606.8
55060.073,40,2062.2,2221,2578.6
55060.113,40,2054,2199.6,2543.8
55060.153,40,2047.4,2174.4,2481.8
55060.193,40,2039.2,2148,2415.2
55060.233,40,2031.2,2126.4,2343
55060.273,40,2024.2,2101.8,2264.6
55060.313,40,2017.4,2084.8,2202
55060.353,40,2015.6,2077.4,2162.4
55060.393,40,2012.4,2070.4,2148.4
55060.433,40,2012.6,2072.6,2162.6
55060.473,40,2017.2,2088,2199
55060.513,40,2025.6,2104.8,2248.6
55060.553,40,2033.6,2126.4,2324.2
55060.593,40,2040.8,2155.4,2417.8
55060.633,40,2048.6,2185.8,2513.4
55060.673,40,2052.4,2214.8,2618.8
55060.713,40,2062,2242.2,2701.6
55060.753,40,2068.2,2258.2,2752
55060.793,40,2065,2271.2,2772.4
55060.833,40,2066.8,2264.6,2773.4
55060.873,40,2067.8,2259.8,2752.6
55060.913,40,2064.8,2248.4,2720.6
55060.953,40,2062.8,2245.8,2704.4
55060.993,40,2066,2239.4,2667
55061.033,40,2066.6,2236.4,2631
55061.073,40,2062.4,2234.2,2604
55061.113,40,2066.4,2235.8,2588.6
55061.153,40,2075.2,2255.8,2593.8
55061.193,40,2087.2,2288.4,2654
55061.233,40,2106.6,2340.2,2712.2
55061.273,40,2120.4,2384.8,2753.2
55061.313,40,2132.6,2411.4,2765.2
55061.353,40,2129.2,2416.4,2794
55061.393,40,2121.8,2391.4,2815
55061.433,40,2106.8,2367.8,2816.6
55061.473,40,2088.8,2322.2,2781
55061.513,40,2071.6,2261.2,2699.2
55061.553,40,2055.4,2208,2570.6
55061.593,40,2043.8,2161.6,2441.4
55061.633,40,2035.2,2133.4,2336.8
55061.673,40,2027.8,2107.6,2261.6
55061.713,40,2019.8,2094,2222.8
55061.753,40,2019.8,2092.6,2214.8
55061.793,40,2023.6,2101,2235.2
55061.833,40,2031,2118.8,2303.6
55061.873,40,2037.8,2154.4,2408
55061.913,40,2055.4,2199.8,2539.4
55061.953,40,2069.2,2254.8,2660.8
55061.993,40,2088.8,2308.6,2772.2
55062.033,40,2107.8,2362.8,2826.4
55062.073,40,2120.6,2406.4,2830.2
55062.113,40,2136.2,2432.6,2816.2
55062.153,40,2149.2,2449.2,2796.2
55062.193,40,2149.2,2458,2785.2
55062.233,40,2144,2453.8,2788.8
55062.273,40,2138.6,2438.2,2784.2
55062.313,40,2139.2,2425.2,2768.6
55062.353,40,2132.8,2409.6,2732
55062.393,40,2132.6,2396.8,2703
55062.433,40,2128.6,2379.2,2697
55062.473,40,2119,2360.4,2702.8
55062.513,40,2103.4,2333.2,2717.8
55062.553,40,2084.4,2290.6,2707.2
55062.593,40,2070.8,2238.4,2632.4
55062.633,40,2048.8,2187.4,2511.6
55062.673,40,2038,2140.2,2386.4
55062.713,40,2026.4,2110.8,2291.2
55062.753,40,2024.2,2096.2,2228.8
55062.793,40,2021.8,2088.4,2205.8
55062.833,40,2023.8,2095,2221.6
55062.873,40,2028.6,2109.6,2274.8
55062.913,40,2035.4,2132,2349.6
55062.953,40,2040.2,2157.8,2442.2
55062.993,40,2048.2,2189.6,2547.4
55063.033,40,2053.8,2222.4,2650.4
55063.073,40,2067.6,2248.4,2718.6
55063.113,40,2068,2267.4,2763.4
55063.153,40,2072,2277.2,2783.2
55063.193,40,2073.8,2276.2,2785.8
55063.233,40,2071.8,2267.6,2768.6
55063.273,40,2068.2,2258.4,2739.4
55063.313,40,2065.8,2255,2707.6
55063.353,40,2067.4,2250.8,2676.4
55063.393,40,2066.8,2250.8,2644.2
55063.433,40,2071.8,2243.2,2614
55063.473,40,2067.8,2238,2591.8
55063.513,40,2067.4,2234,2586.8
55063.553,40,2064.8,2233.8,2595
55063.593,40,2058.8,2227.8,2606
55063.633,40,2058.4,2223.4,2613.6
55063.673,40,2054.8,2220.6,2616.2
55063.713,40,2048.2,2207.4,2601.4
55063.753,40,2047.2,2194.6,2580
55063.793,40,2045,2177.4,2528.8
55063.833,40,2037,2156.2,2456.4
55063.873,40,2032.8,2133.6,2375.8
55063.913,40,2024.6,2114.8,2302.2
55063.953,40,2019.6,2093.4,2233.6
55063.993,40,2012.4,2080,2187.6
55064.033,40,2014.4,2072.4,2155.2
55064.073,40,2013,2072.2,2148.2
55064.113,40,2015.4,2079,2167.2
55064.153,40,2019.8,2090.8,2213.6
55064.193,40,2029.6,2112.4,2281.6
55064.233,40,2040,2142.2,2382.6
55064.273,40,2049.2,2184.8,2508.4
55064.313,40,2059.4,2238.4,2657.6
55064.353,40,2078.6,2299.4,2792.6
55064.393,40,2101.6,2363.4,2862
55064.433,40,2123,2414.2,2861.8
55064.473,40,2138.4,2449.8,2824.6
55064.513,40,2154.2,2466.6,2781
55064.553,40,2162.6,2480.8,2760
55064.593,40,2164.8,2482,2745
55064.633,40,2162.8,2476.6,2741.8
55064.673,40,2160.2,2464.6,2733.2
55064.713,40,2155.4,2451.8,2712
55064.753,40,2155.6,2439.2,2688.4
55064.793,40,2151.6,2423.6,2668.2
55064.833,40,2150.4,2416.4,2660.4
55064.873,40,2150.4,2417.2,2670.2
55064.913,40,2147.8,2417.8,2687.2
55064.953,40,2142.2,2421.4,2718.8
55064.993,40,2143.4,2419.4,2743.2
55065.033,40,2138.8,2421,2761.4
55065.073,40,2132.2,2419.2,2774
55065.113,40,2132.2,2415.6,2775.2
55065.153,40,2130.6,2405.6,2774.6
55065.193,40,2124.4,2391.2,2763.2
55065.233,40,2119.4,2371.8,2740.6
55065.273,40,2105.6,2340.6,2716.2
55065.313,40,2088,2291.2,2656.6
55065.353,40,2069.4,2240.2,2595.8
55065.393,40,2053,2184.8,2488.4
55065.433,40,2037.2,2138.8,2363.8
55065.473,40,2023.8,2106.8,2262.2
55065.513,40,2019.2,2084.2,2195.8
55065.553,40,2012.2,2074.6,2154.2
55065.593,40,2013.6,2074.6,2149.4
55065.633,40,2017.4,2085.4,2181.6
55065.673,40,2024.8,2099.6,2237.6
55065.713,40,2033.6,2128.4,2328.8
55065.753,40,2043.4,2163.8,2449.6
55065.793,40,2054.2,2210.4,2584.6
55065.833,40,2070.4,2251.4,2707.2
55065.873,40,2085.2,2307,2803.4
55065.913,40,2094.6,2346.6,2849.4
55065.953,40,2112,2375.8,2868.4
55065.993,40,2113.8,2394.8,2863.6
55066.033,40,2114.8,2401.2,2854.2
55066.073,40,2115.8,2390.8,2848.4
55066.113,40,2112.8,2377.8,2834.2
55066.153,40,2108.6,2369.4,2804.6
55066.193,40,2108.2,2364,2781
55066.233,40,2106,2350.4,2746
55066.273,40,2103.8,2340.2,2721.2
55066.313,40,2100.6,2333.2,2700.8
55066.353,40,2103.2,2326.2,2692.6
55066.393,40,2100,2325,2699.2
55066.433,40,2099.2,2322.4,2709.6
55066.473,40,2096.2,2319.2,2724.4
55066.513,40,2090,2315.4,2734.4
55066.553,40,2089.4,2308,2727.8
55066.593,40,2086.6,2295.4,2720.4
55066.633,40,2079.2,2285.6,2712.4
55066.673,40,2073.6,2264.4,2690
55066.713,40,2065.4,2238.6,2648.2
55066.753,40,2050,2205.8,2573.6
55066.793,40,2042,2168.8,2477
55066.833,40,2031.6,2135.2,2376.4
55066.873,40,2026,2109.6,2285.6
55066.913,40,2020.4,2090,2216.8
55066.953,40,2016.8,2077.8,2178.8
55066.993,40,2015.2,2071.2,2158.8
55067.033,40,2014.8,2075.4,2160.4
55067.073,40,2017.8,2084,2178.4
55067.113,40,2020.6,2093.8,2220.2
55067.153,40,2030.6,2110.2,2286.6
55067.193,40,2033.4,2137.2,2396.6
55067.233,40,2041.2,2176,2526
55067.273,40,2055.2,2222.8,2668.4
55067.313,40,2067.6,2266.8,2779.4
55067.353,40,2085.4,2313,2848
55067.393,40,2094,2354.2,2871.2
55067.433,40,2111,2382.4,2865
55067.473,40,2111.6,2389.6,2835.2
55067.513,40,2114.4,2385,2811.2
55067.553,40,2115.4,2371.8,2781.6
55067.593,40,2111.2,2355.2,2753.8
55067.633,40,2105.8,2349.8,2723.6
55067.673,40,2104.8,2334.6,2693.8
55067.713,40,2103.4,2323.6,2670.4
55067.753,40,2098.4,2318,2690.4
55067.793,40,2089.2,2301.4,2706.2
55067.833,40,2077.2,2272.6,2696.4
55067.873,40,2063,2238.4,2658
55067.913,40,2052,2205.6,2584.4
55067.953,40,2043.4,2171.2,2490.2
55067.993,40,2035.8,2136.2,2382.2
55068.033,40,2029.2,2113.6,2294.6
55068.073,40,2026.6,2099.2,2240
55068.113,40,2022.2,2089.4,2211.8
55068.153,40,2020.6,2094.2,2219
55068.193,40,2030,2110.4,2268
55068.233,40,2036.2,2129.2,2348.2
55068.273,40,2043.2,2165,2457.2
55068.313,40,2055,2213.2,2601
55068.353,40,2072.4,2278,2738.2
55068.393,40,2099.4,2352.8,2820
55068.433,40,2126,2415.4,2829.6
55068.473,40,2151.2,2464.6,2780.6
55068.513,40,2172.4,2488,2713.8
55068.553,40,2185.8,2501.2,2669.6
55068.593,40,2191.4,2497,2651.8
55068.633,40,2185.8,2500.8,2670.4
55068.673,40,2178.2,2486.6,2681.2
55068.713,40,2177.8,2471.6,2667.2
55068.753,40,2173.8,2455.2,2638
55068.793,40,2170.2,2424.8,2606
55068.833,40,2161.4,2414,2603
55068.873,40,2156.6,2427,2664
55068.913,40,2143.6,2422,2712.2
55068.953,40,2127.6,2398,2762.6
55068.993,40,2106.4,2358.6,2775.2
55069.033,40,2082.2,2294.8,2729.6
55069.073,40,2061,2224.6,2609.8
55069.113,40,2043.2,2161.6,2439.6
55069.153,40,2028,2117.8,2285
55069.193,40,2017.4,2083.6,2184.8
55069.233,40,2013.8,2063.6,2132.4
55069.273,40,2010.4,2068,2139.4
55069.313,40,2018,2087.2,2189.2
55069.353,40,2030.2,2117,2300.4
55069.393,40,2049.2,2183,2487.6
55069.433,40,2081.2,2285,2690.6
55069.473,40,2128.8,2401,2748
55069.513,40,2175.8,2467.4,2655.8
55069.553,40,2206.4,2489.8,2590.8
55069.593,40,2204.8,2495.4,2602.8
55069.633,40,2189.2,2490.8,2659
55069.673,40,2167,2476.4,2727.2
55069.713,40,2143.2,2443.2,2783.2
55069.753,40,2114,2385,2811
55069.793,40,2084.2,2302,2751.8
55069.833,40,2056,2214.6,2574
55069.873,40,2035.8,2142.2,2367.6
55069.913,40,2022.2,2098.2,2229.8
55069.953,40,2016.6,2073.4,2153.2
55069.993,40,2012.8,2070.6,2141.4
55070.033,40,2018,2079,2182.8
55070.073,40,2023.4,2103.4,2268.6
55070.113,40,2038,2150,2418.6
55070.153,40,2053.4,2221.2,2635.4
55070.193,40,2090.4,2321,2812.6
55070.233,40,2126.8,2416.8,2849.6
55070.273,40,2146.2,2459.6,2799.8
55070.313,40,2150.6,2455.4,2798
55070.353,40,2137.8,2442.4,2838.6
55070.393,40,2121.8,2402,2834.6
55070.433,40,2104.2,2348,2774.8
55070.473,40,2084.6,2286,2675.2
55070.513,40,2066.6,2226.6,2558.8
55070.553,40,2048.4,2169.8,2443.6
55070.593,40,2030.2,2126.8,2318.6
55070.633,40,2015.8,2089.6,2212.2
55070.673,40,2011,2069.2,2149.8
55070.713,40,2011.2,2064,2131
55070.753,40,2013.8,2072,2154.2
55070.793,40,2022.2,2088.8,2194.6
55070.833,40,2030.2,2114.8,2278.4
55070.873,40,2040.8,2152.8,2417
55070.913,40,2057.2,2218,2578.4
55070.953,40,2076.2,2285.8,2740.8
55070.993,40,2103,2355,2821.2
55071.033,40,2120.4,2400.2,2835.6
55071.073,40,2114.6,2387.2,2849.2
55071.113,40,2099,2347.4,2837.6
55071.153,40,2084.4,2303.2,2772.4
55071.193,40,2069.4,2245.6,2656
55071.233,40,2048,2188.4,2505.6
55071.273,40,2036.8,2141.2,2360.6
55071.313,40,2027,2105.4,2248.2
55071.353,40,2016.6,2083.8,2176.8
55071.393,40,2013.2,2060.2,2130
55071.433,40,2009,2065,2121.4
55071.473,40,2010,2071.6,2147.8
55071.513,40,2019.6,2089.4,2197.8
55071.553,40,2029.6,2109.2,2279.6
55071.593,40,2039.8,2147.2,2382.6
55071.633,40,2052.4,2190.8,2496.2
55071.673,40,2073.2,2245.4,2604.8
55071.713,40,2090.2,2291.8,2672.8
55071.753,40,2102.8,2330.4,2715
55071.793,40,2109.6,2347,2724.4
55071.833,40,2101.2,2329.2,2715.6
55071.873,40,2088.4,2293.4,2687.2
55071.913,40,2070.2,2246.4,2614.6
55071.953,40,2055.6,2196,2507.6
55071.993,40,2039.4,2147.2,2381.8
55072.033,40,2027.4,2107.2,2271.4
55072.073,40,2019.2,2083.8,2185.8
55072.113,40,2011.4,2067.2,2135.8
55072.153,40,2010.4,2062.4,2121.6
55072.193,40,2016.8,2071.4,2140.8
55072.233,40,2017.6,2082.4,2186.2
55072.273,40,2023.8,2104,2257.8
55072.313,40,2035.6,2138,2360.2
55072.353,40,2052.6,2189.6,2502
55072.393,40,2070,2250,2640
55072.433,40,2092.4,2316.4,2737.2
55072.473,40,2105.4,2355.8,2776.2
55072.513,40,2101.2,2340,2786.8
55072.553,40,2087.2,2309.2,2769.2
55072.593,40,2076.2,2268.6,2724.8
55072.633,40,2059.6,2217,2628.2
55072.673,40,2041.8,2176.2,2498.4
55072.713,40,2033.8,2137.8,2368.2
55072.753,40,2026.4,2106.4,2263.4
55072.793,40,2017.2,2082.4,2189.6
55072.833,40,2016.6,2072.4,2142.4
55072.873,40,2009.2,2063.4,2121.6
55072.913,40,2008.2,2060.8,2121.6
55072.953,40,2012.8,2067.8,2140.4
55072.993,40,2016.6,2080.6,2185
55073.033,40,2020.2,2093.4,2251.8
55073.073,40,2030.4,2123.4,2364
55073.113,40,2040.8,2167.2,2519.4
55073.153,40,2055.8,2222.6,2689.4
55073.193,40,2072.6,2285.4,2817.8
55073.233,40,2098,2350,2851.4
55073.273,40,2117.6,2393.2,2847.2
55073.313,40,2122.2,2409.8,2823.8
55073.353,40,2121.6,2393.4,2830.6
55073.393,40,2107.4,2365.6,2824.4
55073.433,40,2097.4,2332.8,2789.8
55073.473,40,2081.6,2291.4,2730
55073.513,40,2066.6,2245.2,2639.2
55073.553,40,2053.2,2194.6,2512.2
55073.593,40,2037.2,2148.8,2371.4
55073.633,40,2028.8,2111,2262.2
55073.673,40,2019.6,2084.8,2191.8
55073.713,40,2016.4,2078.4,2169.4
55073.753,40,2019.4,2085.6,2193.8
55073.793,40,2023.2,2098.2,2244.8
55073.833,40,2033.2,2127.2,2332.8
55073.873,40,2045.2,2164,2448.2
55073.913,40,2060.6,2218.4,2570.8
55073.953,40,2084.2,2276,2643.6
55073.993,40,2105.8,2330,2667
55074.033,40,2128,2367.6,2660.6
55074.073,40,2140.8,2394.2,2653.2
55074.113,40,2143,2403.2,2668.8
55074.153,40,2131,2395.6,2698.6
55074.193,40,2124.4,2378,2717.8
55074.233,40,2109,2357.8,2722.4
55074.273,40,2100,2319,2709.4
55074.313,40,2079,2272.4,2653.4
55074.353,40,2061.4,2210.6,2555.8
55074.393,40,2044.2,2164.4,2424
55074.433,40,2030,2119.6,2308.2
55074.473,40,2020.2,2093.2,2213.2
55074.513,40,2015.2,2075.8,2159.2
55074.553,40,2013,2069,2142.2
55074.593,40,2015.6,2074.8,2158
55074.633,40,2021.4,2083,2190.8
55074.673,40,2023,2102.8,2264
55074.713,40,2034,2134.2,2391.8
55074.753,40,2043.8,2177.4,2560.6
55074.793,40,2064.4,2240.2,2723
55074.833,40,2084.6,2311,2830.6
55074.873,40,2104.4,2367.6,2866
55074.913,40,2121.8,2405,2834.4
55074.953,40,2129.8,2402.4,2797.4
55074.993,40,2114.8,2377,2774
55075.033,40,2100.8,2337.8,2746.6
55075.073,40,2090,2299.6,2690.2
55075.113,40,2073.6,2245.6,2591.2
55075.153,40,2055,2192.8,2482
55075.193,40,2041.6,2143.6,2362.8
55075.233,40,2028.8,2101.6,2251.6
55075.273,40,2017.4,2082.4,2164
55075.313,40,2012.4,2065.4,2116.8
55075.353,40,2007.4,2053.6,2098.2
55075.393,40,2010,2050.6,2091.6
55075.433,40,2009.8,2058.4,2103
55075.473,40,2016.6,2069.6,2137.4
55075.513,40,2020,2092.4,2208.8
55075.553,40,2033.4,2129,2334.2
55075.593,40,2054.4,2200.4,2512.2
55075.633,40,2085.2,2286,2664.8
55075.673,40,2124,2371,2707.8
55075.713,40,2149.6,2422.4,2674.8
55075.753,40,2160.2,2424,2648.4
55075.793,40,2143.4,2401,2669
55075.833,40,2119.2,2367.6,2700
55075.873,40,2094.6,2308.6,2689
55075.913,40,2071.4,2237.2,2596.6
55075.953,40,2050.6,2169.2,2430.8
55075.993,40,2031.8,2121,2292.8
55076.033,40,2022.4,2088.4,2190.4
55076.073,40,2009.8,2066,2128.8
55076.113,40,2009.2,2054.2,2098.8
55076.153,40,2006,2054,2093.2
55076.193,40,2009.8,2061.6,2107.4
55076.233,40,2014.4,2069.8,2145
55076.273,40,2016.6,2092.2,2215
55076.313,40,2037.2,2133.6,2350.6
55076.353,40,2055.8,2196.2,2533
55076.393,40,2083.2,2289.2,2702.8
55076.433,40,2120.8,2378.6,2758.8
55076.473,40,2153.8,2439,2700.2
55076.513,40,2170.8,2448.8,2649
55076.553,40,2162.2,2433,2646
55076.593,40,2143.6,2405.4,2670.6
55076.633,40,2120.4,2360,2699.6
55076.673,40,2089.8,2297.2,2676.4
55076.713,40,2063.4,2220.4,2556
55076.753,40,2044.4,2156.8,2390.8
55076.793,40,2025.6,2107,2258.4
55076.833,40,2017.6,2077.4,2171.2
55076.873,40,2010,2060.8,2120.4
55076.913,40,2009.8,2052.6,2098
55076.953,40,2008.4,2055.2,2094
55076.993,40,2007.4,2054.2,2110.4
55077.033,40,2012.2,2069.2,2149.8
55077.073,40,2019.6,2095.4,2232.4
55077.113,40,2038.2,2139.6,2364
55077.153,40,2057.6,2207.6,2553.4
55077.193,40,2089.4,2299.6,2698.8
55077.233,40,2122.8,2390.2,2722.8
55077.273,40,2159,2437.6,2666.6
55077.313,40,2169.8,2443.8,2627.8
55077.353,40,2162,2424.6,2630.8
55077.393,40,2144.8,2408,2665
55077.433,40,2122.4,2368.8,2699.6
55077.473,40,2092.8,2307.4,2691
55077.513,40,2065.6,2230.8,2584.2
55077.553,40,2046,2168.8,2417
55077.593,40,2030.2,2119,2288
55077.633,40,2019.4,2088.6,2199.2
55077.673,40,2013,2070.8,2139.2
55077.713,40,2008.4,2064,2112.6
55077.753,40,2010,2055,2110.2
55077.793,40,2014.8,2064.8,2129.6
55077.833,40,2017,2078.6,2171
55077.873,40,2024,2104.8,2256.4
55077.913,40,2040.8,2152,2392
55077.953,40,2059.2,2218.8,2575.2
55077.993,40,2085.6,2305,2712.4
55078.033,40,2123.8,2384.4,2737.6
55078.073,40,2155.6,2433,2689.4
55078.113,40,2170.6,2440.6,2633.8
55078.153,40,2165.2,2426.2,2625.4
55078.193,40,2150.2,2414.4,2654
55078.233,40,2133.8,2399.2,2704.4
55078.273,40,2105.6,2356.4,2758.8
55078.313,40,2085.4,2294.4,2738.4
55078.353,40,2057.8,2223.2,2609.6
55078.393,40,2045.2,2164.2,2436.8
55078.433,40,2033.4,2126.2,2298.6
55078.473,40,2022.2,2091,2211.2
55078.513,40,2013.8,2074.2,2154.4
55078.553,40,2012.2,2063.4,2117.2
55078.593,40,2007,2055.8,2101
55078.633,40,2008,2056.8,2106.4
55078.673,40,2011.6,2066,2126.8
55078.713,40,2017,2078.6,2164.4
55078.753,40,2024.6,2102.2,2235.2
55078.793,40,2032.4,2134.4,2348.4
55078.833,40,2050.2,2191.2,2498.2
55078.873,40,2078.2,2256.6,2632
55078.913,40,2100,2326.2,2692
55078.953,40,2128.2,2372.6,2674.6
55078.993,40,2140.2,2396,2653.2
55079.033,40,2135.8,2392.6,2662.4
55079.073,40,2127.2,2380.2,2690
55079.113,40,2115.2,2359,2703.8
55079.153,40,2099.4,2312.2,2671.8
55079.193,40,2080.4,2266.2,2616
55079.233,40,2059.6,2208.4,2517.8
55079.273,40,2044.2,2163.6,2406.2
55079.313,40,2030.4,2118.8,2293
55079.353,40,2019.2,2089.6,2207
55079.393,40,2018.8,2074.8,2153
55079.433,40,2010.2,2058.2,2122.2
55079.473,40,2009,2058.4,2103.8
55079.513,40,2009.4,2055.6,2105.4
55079.553,40,2015.4,2063.2,2118.2
55079.593,40,2015.4,2072.4,2151
55079.633,40,2022.4,2094.4,2213.8
55079.673,40,2032.6,2126.6,2317
55079.713,40,2045.2,2178.8,2472.6
55079.753,40,2074.2,2252.2,2639.8
55079.793,40,2096.8,2334.4,2749.4
55079.833,40,2127,2400,2753.4
55079.873,40,2152.6,2436.8,2706
55079.913,40,2157.4,2440,2677.8
55079.953,40,2147.8,2425.6,2687.6
55079.993,40,2139,2400.6,2694.6
55080.033,40,2118.8,2366.8,2710.4
55080.073,40,2094.2,2319.4,2718.6
55080.113,40,2074.8,2259.4,2686.6
55080.153,40,2051.6,2191.2,2558.4
55080.193,40,2034.2,2139.6,2396.6
55080.233,40,2023.6,2100.8,2261.8
55080.273,40,2015.2,2082.4,2186.2
55080.313,40,2015.6,2069.6,2140
55080.353,40,2012.6,2060.6,2115.4
55080.393,40,2007.6,2057.4,2109
55080.433,40,2009.4,2066.6,2125.2
55080.473,40,2013.4,2071.2,2155.4
55080.513,40,2023,2095.6,2220.4
55080.553,40,2033.8,2128,2313
55080.593,40,2049,2173,2443.8
55080.633,40,2070.2,2239.2,2591.6
55080.673,40,2096.6,2313.8,2679.8
55080.713,40,2125,2378.6,2703.4
55080.753,40,2142.4,2416.2,2698.2
55080.793,40,2150,2422,2687
55080.833,40,2140.2,2414.2,2715.4
55080.873,40,2123,2393.6,2741.2
55080.913,40,2112.2,2370.8,2774
55080.953,40,2092,2332,2772.2
55080.993,40,2074,2275,2727
55081.033,40,2061,2216.6,2615.8
55081.073,40,2046.6,2166.8,2464.8
55081.113,40,2032.4,2126.2,2319.2
55081.153,40,2027.4,2098,2223.2
55081.193,40,2016.2,2075.4,2158.6
55081.233,40,2011,2062.4,2114.2
55081.273,40,2007.4,2054,2090
55081.313,40,2003.6,2048.2,2085.4
55081.353,40,2004.2,2055.8,2096.4
55081.393,40,2010.2,2057.4,2119.4
55081.433,40,2013.8,2076.2,2162.2
55081.473,40,2022.2,2098.2,2241.8
55081.513,40,2039.8,2139,2383.4
55081.553,40,2052.4,2207.6,2576.2
55081.593,40,2080.2,2292,2737.4
55081.633,40,2117.6,2377.4,2774.8
55081.673,40,2142,2419,2724.2
55081.713,40,2154.2,2431.2,2682.8
55081.753,40,2149.8,2420.2,2684
55081.793,40,2138,2408,2704
55081.833,40,2122.2,2386.8,2755.6
55081.873,40,2104.6,2356.4,2798
55081.913,40,2081.2,2306.4,2800.6
55081.953,40,2062.4,2241.2,2699.2
55081.993,40,2046.8,2178.4,2532.6
55082.033,40,2032.2,2134.6,2371.4
55082.073,40,2026.8,2102.2,2252.6
55082.113,40,2016.2,2082.8,2178.2
55082.153,40,2012,2068.6,2131
55082.193,40,2006,2055.8,2104
55082.233,40,2004.2,2054,2091
55082.273,40,2006.2,2050.2,2095.8
55082.313,40,2006.4,2058.8,2113.8
55082.353,40,2015.4,2072,2145.4
55082.393,40,2022.4,2089,2201.8
55082.433,40,2029.2,2115.4,2296.8
55082.473,40,2044.2,2168.2,2458.2
55082.513,40,2063,2238.8,2658.8
55082.553,40,2094.4,2329.8,2797.8
55082.593,40,2122.4,2408,2814.4
55082.633,40,2154,2459,2753.4
55082.673,40,2171.8,2474.2,2708.2
55082.713,40,2166.8,2468.8,2704.8
55082.753,40,2153.8,2444.2,2720.4
55082.793,40,2139.2,2417.2,2741.8
55082.833,40,2119.4,2381.4,2749
55082.873,40,2095.6,2329.2,2745.8
55082.913,40,2075.4,2268.8,2681.2
55082.953,40,2051.4,2200.8,2549
55082.993,40,2038.6,2148.4,2390.8
55083.033,40,2032.4,2110.4,2266
55083.073,40,2021.6,2087,2187.6
55083.113,40,2014.4,2072.2,2144.4
55083.153,40,2008.8,2058.4,2109.8
55083.193,40,2009.2,2054.4,2095.2
55083.233,40,2008.2,2057.2,2104.6
55083.273,40,2011.6,2062.8,2117.8
55083.313,40,2015.8,2072.8,2149.2
55083.353,40,2021.8,2087.6,2200
55083.393,40,2030.2,2114.6,2287.6
55083.433,40,2040.6,2150.8,2414.8
55083.473,40,2052.6,2204.8,2577.2
55083.513,40,2067.6,2264.8,2737
55083.553,40,2089.6,2325.6,2834.4
55083.593,40,2108,2379.2,2864.2
55083.633,40,2121.4,2412.2,2861.8
55083.673,40,2121.4,2413.6,2866.4
55083.713,40,2111.2,2387.8,2869
55083.753,40,2102.6,2356,2853.4
55083.793,40,2084.8,2313.4,2802.4
55083.833,40,2075.2,2264.8,2708.8
55083.873,40,2056.8,2216.6,2583.8
55083.913,40,2043.8,2164.6,2439.6
55083.953,40,2036.4,2129.4,2307.8
55083.993,40,2026.4,2099,2225
55084.033,40,2014,2075.8,2162.4
55084.073,40,2012,2064.4,2119.8
55084.113,40,2006.2,2052.8,2102.4
55084.153,40,2008.6,2053.2,2090.8
55084.193,40,2009.8,2053,2102
55084.233,40,2012.4,2066.8,2127.2
55084.273,40,2016.6,2076.6,2167.4
55084.313,40,2023,2099,2239
55084.353,40,2032.4,2133.8,2363.2
55084.393,40,2049.6,2189.2,2546.2
55084.433,40,2071.2,2268.8,2735.6
55084.473,40,2105.4,2352.6,2819.8
55084.513,40,2134.2,2422.8,2801.4
55084.553,40,2160.8,2463.4,2736
55084.593,40,2169.4,2468.8,2683.6
55084.633,40,2166.8,2451.6,2664.2
55084.673,40,2149.6,2413.6,2652.8
55084.713,40,2139,2392.8,2666.4
55084.753,40,2120.4,2371.2,2703.8
55084.793,40,2099.2,2330.8,2726.2
55084.833,40,2079.2,2276.6,2664.8
55084.873,40,2062.4,2219,2551.2
55084.913,40,2049,2171.2,2427.2
55084.953,40,2035.2,2129.8,2325.8
55084.993,40,2026.2,2105.2,2239.8
55085.033,40,2017.2,2083,2179.4
55085.073,40,2011.4,2067.4,2140.2
55085.113,40,2012.8,2064.6,2122.2
55085.153,40,2006,2060,2111.8
55085.193,40,2012.4,2061.4,2120
55085.233,40,2011.6,2071.4,2143.4
55085.273,40,2018.2,2083.8,2190.4
55085.313,40,2029.4,2107.6,2261.4
55085.353,40,2040.4,2138.6,2375
55085.393,40,2051.6,2192,2533.2
55085.433,40,2073.8,2259.4,2686.6
55085.473,40,2097.6,2333.2,2770.8
55085.513,40,2121.6,2390.6,2769.8
55085.553,40,2141.2,2422.8,2740.2
55085.593,40,2147.2,2426.2,2701.4
55085.633,40,2145,2417.2,2684.6
55085.673,40,2137.6,2396.8,2672.6
55085.713,40,2131,2380.4,2681.6
55085.753,40,2120,2364,2700.2
55085.793,40,2105.6,2332,2701.8
55085.833,40,2091.2,2293.8,2672.8
55085.873,40,2073.2,2245.8,2605.4
55085.913,40,2058,2201,2513.2
55085.953,40,2044.6,2158.6,2410.8
55085.993,40,2034.6,2125.8,2310.2
55086.033,40,2021.6,2099.4,2231
55086.073,40,2015.8,2082.6,2177.6
55086.113,40,2012.6,2067,2139.6
55086.153,40,2008.2,2063.8,2117
55086.193,40,2012.8,2060,2112.6
55086.233,40,2013,2063,2120.8
55086.273,40,2014,2070.2,2143.6
55086.313,40,2019,2082.4,2178.4
55086.353,40,2025.6,2104.2,2248.8
55086.393,40,2034.4,2136.4,2352.8
55086.433,40,2049.6,2182.6,2493.2
55086.473,40,2068,2251.4,2633
55086.513,40,2094.2,2324,2714.8
55086.553,40,2120,2383,2736.6
55086.593,40,2144.8,2422.8,2699.6
55086.633,40,2163.4,2438.2,2663.6
55086.673,40,2158.6,2431.4,2666.8
55086.713,40,2148.2,2422.6,2695.4
55086.753,40,2135.4,2411.2,2735
55086.793,40,2118.2,2386.6,2790.2
55086.833,40,2098,2345,2820.2
55086.873,40,2073.6,2283.6,2790.8
55086.913,40,2055.2,2221.6,2665.6
55086.953,40,2040.6,2168.2,2497.6
55086.993,40,2031.4,2122.8,2345
55087.033,40,2024.2,2097.8,2234.2
55087.073,40,2019.4,2077.4,2167.4
55087.113,40,2009,2066.4,2125.6
55087.153,40,2006.4,2057.4,2101.4
55087.193,40,2005.2,2046.6,2085.6
55087.233,40,2004.8,2049.8,2086.6
55087.273,40,2006.8,2053.8,2106.4
55087.313,40,2013.8,2069.8,2140.6
55087.353,40,2018.6,2089,2200.2
55087.393,40,2029.4,2118.4,2301
55087.433,40,2046.8,2169.4,2460.6
55087.473,40,2066.2,2245.4,2650.8
55087.513,40,2092.8,2332.4,2785.8
55087.553,40,2129.8,2413.4,2802.4
55087.593,40,2155.2,2452.8,2758.4
55087.633,40,2156.4,2457,2723.6
55087.673,40,2152.8,2441.4,2715.6
55087.713,40,2140.8,2414.6,2701.4
55087.753,40,2126,2377.4,2693
55087.793,40,2108.6,2340.4,2689.2
55087.833,40,2084,2289.4,2672.4
55087.873,40,2064,2228.6,2576.2
55087.913,40,2046.2,2171.8,2439
55087.953,40,2032,2128,2314.2
55087.993,40,2018.4,2098,2221.6
55088.033,40,2016.6,2075.8,2156
55088.073,40,2010.4,2062,2119.2
55088.113,40,2010.6,2057.4,2101.8
55088.153,40,2009.2,2058.6,2101.6
55088.193,40,2014.6,2063.8,2120.8
55088.233,40,2015.6,2077,2157.4
55088.273,40,2020.2,2095.4,2230.8
55088.313,40,2036.4,2133,2345.6
55088.353,40,2050.2,2192.6,2514.6
55088.393,40,2079,2280.2,2666.8
55088.433,40,2113.8,2362.8,2706.6
55088.473,40,2155,2413.6,2646.4
55088.513,40,2182.8,2437.4,2576
55088.553,40,2192.6,2448.8,2547.2
55088.593,40,2191.2,2452.2,2560.8
55088.633,40,2179.4,2457,2608.2
55088.673,40,2163,2453.8,2684.2
55088.713,40,2144.4,2434.8,2771.4
55088.753,40,2117.4,2391.4,2838.2
55088.793,40,2087.8,2322.4,2835
55088.833,40,2062,2239.8,2699.2
55088.873,40,2044.2,2174.4,2494.8
55088.913,40,2029,2124.2,2315.4
55088.953,40,2021.6,2091.6,2205
55088.993,40,2010.4,2067.2,2142.4
55089.033,40,2008.4,2055,2106
55089.073,40,2007.2,2048.4,2086.4
55089.113,40,2005.8,2052.4,2092.4
55089.153,40,2009.2,2057,2110.6
55089.193,40,2010.8,2067.4,2144.4
55089.233,40,2020.4,2087.4,2221
55089.273,40,2033.6,2130.4,2370.8
55089.313,40,2048.8,2204.8,2604.4
55089.353,40,2087.6,2311.4,2782.4
55089.393,40,2131.2,2409.4,2766.6
55089.433,40,2173.4,2454.8,2653.2
55089.473,40,2193.2,2450.4,2563.6
55089.513,40,2191,2439,2546
55089.553,40,2175.4,2446.2,2605
55089.593,40,2153.6,2441.6,2717.4
55089.633,40,2122,2400.4,2806.2
55089.673,40,2086.8,2308,2801.6
55089.713,40,2052,2211.8,2611.4
55089.753,40,2037.2,2134.6,2351
55089.793,40,2024.6,2093.2,2210.8
55089.833,40,2011.6,2063.8,2136.8
55089.873,40,2004.2,2048.2,2089.6
55089.913,40,2005.6,2044.6,2081.2
55089.953,40,2012.2,2058.6,2101.2
55089.993,40,2014,2066.8,2140.4
55090.033,40,2019.6,2085.2,2213.2
55090.073,40,2031.6,2125.2,2363.8
55090.113,40,2052.4,2207.2,2617.8
55090.153,40,2083.4,2313.6,2833.4
55090.193,40,2127.8,2425.6,2828.8
55090.233,40,2171.8,2486.8,2733.2
55090.273,40,2182.8,2485.6,2666.4
55090.313,40,2165.8,2461,2691.2
55090.353,40,2141.2,2425.6,2723.2
55090.393,40,2104.8,2351.4,2740.4
55090.433,40,2072.6,2264,2667.4
55090.473,40,2045.8,2176,2470.8
55090.513,40,2031.6,2113,2283.2
55090.553,40,2017,2080.2,2169.4
55090.593,40,2008,2056.6,2112.8
55090.633,40,2004,2047,2085.4
55090.673,40,2006,2046.2,2077
55090.713,40,2006.2,2058,2100.2
55090.753,40,2014.6,2064.8,2131.8
55090.793,40,2015.4,2081.4,2200
55090.833,40,2028.2,2123,2332.8
55090.873,40,2043.8,2190.6,2545.2
55090.913,40,2078.8,2283,2769
55090.953,40,2114,2387.2,2827.2
55090.993,40,2149.4,2451.6,2776.6
55091.033,40,2160.2,2467.4,2744.2
55091.073,40,2149.4,2444.8,2766
55091.113,40,2127,2401.4,2786.8
55091.153,40,2090.6,2319.6,2752.2
55091.193,40,2066.2,2229.6,2599.2
55091.233,40,2041.6,2151.2,2378.6
55091.273,40,2022,2100,2230.6
55091.313,40,2011,2070.2,2140
55091.353,40,2004.8,2056.6,2100.4
55091.393,40,2006.8,2054.2,2096.8
55091.433,40,2012.6,2064,2120.8
55091.473,40,2015.2,2077.6,2174.2
55091.513,40,2029,2113.8,2291.4
55091.553,40,2045,2182.2,2536.8
55091.593,40,2080.6,2297.4,2795.2
55091.633,40,2131.2,2429.4,2831.2
55091.673,40,2169.2,2479.8,2718.4
55091.713,40,2167.8,2472.2,2718.4
55091.753,40,2138.8,2431.2,2780.2
55091.793,40,2100.8,2350.2,2780.6
55091.833,40,2070.8,2241.6,2641
55091.873,40,2042.8,2159.4,2403
55091.913,40,2026.8,2102.6,2232.6
55091.953,40,2011,2073.4,2135.8
55091.993,40,2005.2,2053.4,2090.2
55092.033,40,2004.8,2051.6,2084.4
55092.073,40,2007.6,2054.2,2098
55092.113,40,2009.4,2063.6,2127.8
55092.153,40,2016.2,2080,2180.2
55092.193,40,2029.4,2108.4,2272
55092.233,40,2039.4,2149.4,2398.2
55092.273,40,2055.8,2210.8,2571
55092.313,40,2080.2,2284.2,2714.4
55092.353,40,2103.6,2350.6,2775
55092.393,40,2121,2390.6,2783.8
55092.433,40,2119.8,2390.4,2759.8
55092.473,40,2114.4,2358.6,2739
55092.513,40,2098,2313.2,2679.8
55092.553,40,2080.2,2264.6,2622.6
55092.593,40,2056.4,2208.8,2526.6
55092.633,40,2046,2161,2404.8
55092.673,40,2029.2,2117.8,2285.2
55092.713,40,2021,2088.4,2199
55092.753,40,2013.6,2071.8,2144
55092.793,40,2013.4,2062,2110.6
55092.833,40,2008,2056.6,2096
55092.873,40,2005.6,2057.2,2103.2
55092.913,40,2015.2,2066.2,2132.8
55092.953,40,2017.2,2084.8,2185.8
55092.993,40,2025.2,2117,2281.8
55093.033,40,2047.4,2163,2428.6
55093.073,40,2065.4,2237.8,2596
55093.113,40,2101,2327.2,2709.4
55093.153,40,2134.4,2405.6,2721.2
55093.193,40,2164.2,2443.2,2656.8
55093.233,40,2176.4,2448,2609
55093.273,40,2175,2432.8,2611
55093.313,40,2155.2,2417.4,2637.2
55093.353,40,2130.6,2396.6,2696.6
55093.393,40,2112,2356,2734.4
55093.433,40,2087.8,2295,2697
55093.473,40,2063.6,2226.8,2572.6
55093.513,40,2044,2166,2423.8
55093.553,40,2031.8,2125,2308.2
55093.593,40,2022.6,2094,2215
55093.633,40,2014,2073.8,2154.6
55093.673,40,2011.4,2062.8,2117.2
55093.713,40,2004.4,2056.8,2100.4
55093.753,40,2009.4,2053.8,2093.6
55093.793,40,2006.2,2056.4,2099.4
55093.833,40,2011.2,2064.2,2124.4
55093.873,40,2016.4,2077.4,2172.2
55093.913,40,2027.4,2109,2264.4
55093.953,40,2042,2156,2412.6
55093.993,40,2064,2228,2599
55094.033,40,2094.4,2318.8,2731.8
55094.073,40,2131.6,2402.8,2749
55094.113,40,2157,2446.4,2699.4
55094.153,40,2167,2450.4,2659.4
55094.193,40,2162,2426.4,2644.6
55094.233,40,2146.4,2405.2,2659.8
55094.273,40,2128.8,2378.6,2683.8
55094.313,40,2103,2331.2,2701.2
55094.353,40,2078.4,2264.4,2632.8
55094.393,40,2056.4,2200,2506.2
55094.433,40,2042.4,2150.8,2381.2
55094.473,40,2027,2112.6,2278.8
55094.513,40,2023,2089,2199.2
55094.553,40,2017.2,2077.2,2158.2
55094.593,40,2012.4,2063.2,2131
55094.633,40,2009.8,2063,2121.4
55094.673,40,2012.6,2062.6,2127
55094.713,40,2016.8,2073.2,2149.8
55094.753,40,2018,2085,2196.6
55094.793,40,2025.6,2104.2,2264.4
55094.833,40,2034,2131.8,2349.4
55094.873,40,2045,2164.6,2447.8
55094.913,40,2051.4,2201,2555.8
55094.953,40,2065.2,2240.4,2641.6
55094.993,40,2084,2273.2,2703.2
55095.033,40,2083.2,2297.2,2738.6
55095.073,40,2084.2,2299,2734.8
55095.113,40,2076.4,2276.2,2715
55095.153,40,2070,2251,2678.8
55095.193,40,2057.4,2229.4,2631.4
55095.233,40,2050.2,2196.2,2561.6
55095.273,40,2040.6,2163.8,2477.6
55095.313,40,2033.4,2136,2372.8
55095.353,40,2023.6,2107.6,2278
55095.393,40,2017.2,2086,2200.6
55095.433,40,2011.4,2067.8,2150
55095.473,40,2005.2,2058.8,2117.6
55095.513,40,2007.4,2054.4,2108.8
55095.553,40,2007.8,2064,2112
55095.593,40,2011,2066.8,2134.6
55095.633,40,2019.2,2080.4,2167.6
55095.673,40,2019.6,2091.2,2228.2
55095.713,40,2026,2115.4,2310.6
55095.753,40,2036.8,2147.2,2423.6
55095.793,40,2044.6,2177.6,2551
55095.833,40,2054.6,2217.2,2661.6
55095.873,40,2064.8,2251.2,2741
55095.913,40,2071.8,2268,2775.4
55095.953,40,2067.8,2260.6,2756.6
55095.993,40,2063.6,2244.6,2713.2
55096.033,40,2061,2232.4,2670.6
55096.073,40,2053.8,2212.2,2625.8
55096.113,40,2051.4,2196,2567.4
55096.153,40,2044.4,2172.2,2487
55096.193,40,2035.4,2144.8,2401.2
55096.233,40,2032,2120.8,2324
55096.273,40,2023.4,2098,2247
55096.313,40,2015.6,2077.6,2184
55096.353,40,2012,2065.2,2138
55096.393,40,2010,2055,2114.4
55096.433,40,2011.6,2057.2,2111.6
55096.473,40,2013.6,2064.4,2128
55096.513,40,2017.4,2076.4,2153.4
55096.553,40,2019.4,2088.2,2200.2
55096.593,40,2026,2108.6,2267.8
55096.633,40,2033,2135.8,2360
55096.673,40,2045.2,2166.4,2486
55096.713,40,2054.2,2210.6,2620.8
55096.753,40,2063.2,2250.4,2733.6
55096.793,40,2075.2,2287,2797.8
55096.833,40,2083.8,2304.4,2820.4
55096.873,40,2078.2,2301.6,2818.8
55096.913,40,2075.8,2280,2789.6
55096.953,40,2073.2,2262.2,2751.4
55096.993,40,2065.6,2246.8,2702.4
55097.033,40,2057.2,2231.2,2651.4
55097.073,40,2053.4,2205.6,2586.4
55097.113,40,2045.2,2174.4,2496.2
55097.153,40,2037,2143,2398.8
55097.193,40,2028.4,2115.6,2305.6
55097.233,40,2019.2,2092.2,2219.8
55097.273,40,2015.6,2075.4,2159.6
55097.313,40,2013.4,2060.6,2125.6
55097.353,40,2008.8,2058.8,2113.4
55097.393,40,2009.4,2065.2,2117
55097.433,40,2014,2070.6,2141.2
55097.473,40,2019.2,2082.8,2182.6
55097.513,40,2026,2099.8,2246.2
55097.553,40,2034,2131.6,2335.2
55097.593,40,2044.2,2166.2,2460.6
55097.633,40,2056,2211.6,2591.2
55097.673,40,2068.6,2253,2702.4
55097.713,40,2077.8,2289.2,2764
55097.753,40,2078.6,2296.2,2774.2
55097.793,40,2078.6,2279.8,2747
55097.833,40,2063.4,2253,2704.8
55097.873,40,2059.8,2233.4,2648.8
55097.913,40,2054.2,2202.4,2576
55097.953,40,2045.8,2166.6,2486.6
55097.993,40,2035,2141.6,2385
55098.033,40,2026,2112.8,2290.4
55098.073,40,2022.8,2082.8,2210.6
55098.113,40,2012.4,2070.2,2154.2
55098.153,40,2010.6,2060.2,2117.6
55098.193,40,2009.6,2054,2099
55098.233,40,2007,2056,2100.2
55098.273,40,2008.6,2060.6,2118.2
55098.313,40,2017.8,2071.6,2144
55098.353,40,2018.6,2082.2,2186
55098.393,40,2021.6,2102.2,2253.8
55098.433,40,2031.2,2122.4,2342.4
55098.473,40,2036.8,2154,2451.6
55098.513,40,2046.2,2187,2560.2
55098.553,40,2055.4,2219.6,2647.2
55098.593,40,2058.4,2237.6,2693
55098.633,40,2064,2240.6,2682.8
55098.673,40,2062.4,2228.2,2632.4
55098.713,40,2058.6,2217,2582.6
55098.753,40,2058,2206.2,2534.6
55098.793,40,2050,2188.2,2488.2
55098.833,40,2045.8,2166.2,2439
55098.873,40,2037.4,2144,2378.2
55098.913,40,2029.6,2114.2,2306.8
55098.953,40,2021.6,2095.6,2239.6
55098.993,40,2015,2077.2,2177.8
55099.033,40,2011.6,2065,2129.8
55099.073,40,2008.6,2056,2103.4
55099.113,40,2004,2053,2096.6
55099.153,40,2010.8,2056,2098.6
55099.193,40,2009,2063,2117.6
55099.233,40,2009.4,2071.2,2141.6
55099.273,40,2017,2080.6,2188
55099.313,40,2018.4,2098.2,2250.6
55099.353,40,2025.8,2124.4,2344.4
55099.393,40,2036.2,2150.6,2448.8
55099.433,40,2045.2,2186,2564.6
55099.473,40,2056.2,2215.2,2648.2
55099.513,40,2062,2240.6,2689.2
55099.553,40,2066.4,2241.8,2659.6
55099.593,40,2062.8,2230.2,2605.8
55099.633,40,2058.2,2214.4,2572
55099.673,40,2053,2199.8,2533
55099.713,40,2048.4,2183.6,2499
55099.753,40,2040.4,2158.8,2437
55099.793,40,2032.2,2132,2363.4
55099.833,40,2026,2107.8,2289.8
55099.873,40,2020.2,2089.2,2215.8
55099.913,40,2011.2,2071.8,2162.8
55099.953,40,2011.6,2066.2,2124.8
55099.993,40,2008.8,2056.8,2107.4
55100.033,40,2007,2055.8,2098.6
55100.073,40,2010.4,2057,2106.2
55100.113,40,2008.4,2064.2,2123.4
55100.153,40,2014.4,2073.8,2155.8
55100.193,40,2016.6,2082,2204
55100.233,40,2023.8,2104,2279
55100.273,40,2030.4,2131.8,2378.6
55100.313,40,2041.2,2159.8,2489.2
55100.353,40,2052.4,2194,2596
55100.393,40,2057.4,2226.4,2665.6
55100.433,40,2068.6,2250.8,2687.6
55100.473,40,2069,2256.4,2663
55100.513,40,2066.4,2238.2,2616.6
55100.553,40,2060.4,2221.4,2573
55100.593,40,2056.8,2208,2548
55100.633,40,2049.4,2192,2518
55100.673,40,2041.2,2173,2474
55100.713,40,2038,2145,2406
55100.753,40,2032.4,2119.8,2327.2
55100.793,40,2021,2095.6,2248.2
55100.833,40,2014.6,2082.4,2185.2
55100.873,40,2015.8,2066.4,2137
55100.913,40,2009.2,2058.2,2110.8
55100.953,40,2005,2054,2101.8
55100.993,40,2006.8,2061.2,2111
55101.033,40,2015,2066.8,2128.6
55101.073,40,2018,2079.8,2168.4
55101.113,40,2019.2,2092,2224.2
55101.153,40,2027.8,2116,2311.2
55101.193,40,2034.8,2142.4,2424.2
55101.233,40,2045.4,2179.4,2549
55101.273,40,2054.6,2216.6,2661.6
55101.313,40,2066,2253.6,2741.8
55101.353,40,2078.4,2279,2770.4
55101.393,40,2080,2290.8,2750
55101.433,40,2077.6,2278.4,2707
55101.473,40,2074.6,2258,2653.6
55101.513,40,2067.6,2242.4,2613
55101.553,40,2063.6,2221.4,2573
55101.593,40,2050.4,2196.2,2525.4
55101.633,40,2044.6,2162.6,2449.6
55101.673,40,2032.2,2133.2,2362.6
55101.713,40,2024.8,2106,2272.2
55101.753,40,2019.2,2084.6,2199.2
55101.793,40,2014,2070.4,2149
55101.833,40,2007.4,2058.8,2114.4
55101.873,40,2008.4,2056.4,2105.2
55101.913,40,2009.2,2059.8,2115.8
55101.953,40,2013,2068,2135.6
55101.993,40,2017,2079,2175.2
55102.033,40,2023.4,2097,2227.8
55102.073,40,2027.4,2120.2,2317
55102.113,40,2040,2148.6,2427.4
55102.153,40,2047.6,2193.4,2562.4
55102.193,40,2057.2,2235.8,2687.6
55102.233,40,2071.8,2269.8,2773.4
55102.273,40,2080.2,2290.2,2798.6
55102.313,40,2075,2279.6,2766
55102.353,40,2064,2256.2,2718.6
55102.393,40,2065,2238.4,2645.8
55102.433,40,2057.4,2208.4,2569.2
55102.473,40,2048.6,2182.4,2481.2
55102.513,40,2041.8,2154.8,2399.4
55102.553,40,2030.8,2123.6,2323.2
55102.593,40,2023,2098.2,2242.8
55102.633,40,2019.4,2078,2178
55102.673,40,2010.6,2068.2,2135.6
55102.713,40,2010,2062.2,2109.8
55102.753,40,2006.8,2061,2112
55102.793,40,2013.6,2066.4,2130.4
55102.833,40,2015.4,2076,2159.4
55102.873,40,2022.2,2090,2210.6
55102.913,40,2029.8,2114.4,2288.6
55102.953,40,2036,2145.4,2388.2
55102.993,40,2047.6,2177,2504.2
55103.033,40,2058,2215,2618.4
55103.073,40,2065.8,2251.6,2712.2
55103.113,40,2072.2,2280,2770.2
55103.153,40,2079.2,2290.4,2787.2
55103.193,40,2074.8,2274.4,2767
55103.233,40,2069,2256,2732.2
55103.273,40,2063,2240,2674.6
55103.313,40,2054.6,2215.4,2614.4
55103.353,40,2048.4,2185.2,2527.6
55103.393,40,2041,2153.4,2427.4
55103.433,40,2030.8,2124,2327.6
55103.473,40,2023.2,2100.6,2246.6
55103.513,40,2019.4,2083.4,2184.4
55103.553,40,2012.4,2068.6,2141.8
55103.593,40,2010.6,2063.2,2117.4
55103.633,40,2008.6,2054.6,2103.2
55103.673,40,2011.2,2060.2,2110.8
55103.713,40,2015,2067,2137.4
55103.753,40,2016,2080.4,2182
55103.793,40,2022.4,2095.8,2251
55103.833,40,2031.4,2122.4,2346.2
55103.873,40,2039.2,2157,2461.4
55103.913,40,2053.8,2199.4,2589.4
55103.953,40,2060.4,2237.2,2694.2
55103.993,40,2068.2,2267.6,2759.4
55104.033,40,2076.4,2289.4,2790.6
55104.073,40,2080.4,2289.6,2780.8
55104.113,40,2075.2,2269.2,2752.4
55104.153,40,2069.6,2257.8,2717.4
55104.193,40,2062.4,2230,2659.6
55104.233,40,2054,2202.8,2585
55104.273,40,2044.2,2166.6,2482.6
55104.313,40,2031.6,2133.4,2376
55104.353,40,2026.8,2108.4,2279
55104.393,40,2017.8,2083.4,2206.8
55104.433,40,2010,2072.2,2149
55104.473,40,2007.6,2062.4,2120.2
55104.513,40,2009.8,2056.8,2107.2
55104.553,40,2013.6,2062.8,2123.2
55104.593,40,2014.8,2071.6,2149
55104.633,40,2017,2091.2,2196.8
55104.673,40,2024,2105.4,2267.8
55104.713,40,2033.2,2134.2,2370.6
55104.753,40,2045.2,2172.8,2505.8
55104.793,40,2056.2,2216,2647.2
55104.833,40,2067.2,2261.2,2757.4
55104.873,40,2081.2,2298.8,2816.8
55104.913,40,2084.4,2317.4,2838
55104.953,40,2080.8,2301,2819.8
55104.993,40,2071.4,2266.6,2758.2
55105.033,40,2061,2234.8,2672.2
55105.073,40,2050.8,2193.6,2564
55105.113,40,2041,2159.2,2449.2
55105.153,40,2031,2124.4,2338
55105.193,40,2020.8,2099.2,2243.8
55105.233,40,2015.4,2079.6,2177.4
55105.273,40,2015.4,2064,2137.6
55105.313,40,2007.6,2055,2108
55105.353,40,2005.6,2054,2093.2
55105.393,40,2008.6,2054.6,2097.8
55105.433,40,2010.8,2065.2,2118.4
55105.473,40,2012.4,2071.4,2154.6
55105.513,40,2021.2,2092.4,2213.2
55105.553,40,2027.8,2117,2306.8
55105.593,40,2039,2151.6,2433
55105.633,40,2052,2196.8,2585
55105.673,40,2067,2255,2726.6
55105.713,40,2078,2301,2824.8
55105.753,40,2089.2,2332.8,2867.2
55105.793,40,2092,2339.4,2871.8
55105.833,40,2089.8,2318,2859
55105.873,40,2080.2,2300.8,2827.2
55105.913,40,2072.4,2268.4,2762.8
55105.953,40,2061.8,2232.4,2676.6
55105.993,40,2048.6,2191.4,2559.4
55106.033,40,2038.2,2152.4,2434
55106.073,40,2027.4,2120.4,2316.8
55106.113,40,2021,2091.6,2224.8
55106.153,40,2015.4,2075.2,2162.2
55106.193,40,2011,2061.8,2123.8
55106.233,40,2007.6,2060.6,2103.8
55106.273,40,2011,2053.2,2097.2
55106.313,40,2009.8,2058,2102
55106.353,40,2014.8,2062.8,2123.6
55106.393,40,2015.6,2077.8,2156.6
55106.433,40,2019,2087.4,2208.6
55106.473,40,2022.8,2108,2280.2
55106.513,40,2030.8,2136.4,2388.4
55106.553,40,2042,2173.2,2506.6
55106.593,40,2051.6,2207.8,2634.4
55106.633,40,2062.6,2247.8,2729.8
55106.673,40,2071.2,2273.4,2786.2
55106.713,40,2071,2280.4,2794.8
55106.753,40,2065,2261.6,2759.4
55106.793,40,2063.2,2239.8,2697.6
55106.833,40,2051,2208.2,2617.2
55106.873,40,2044.2,2179.2,2509.8
55106.913,40,2039.2,2150,2403
55106.953,40,2030.4,2116.8,2303.6
55106.993,40,2024,2093.6,2222.2
55107.033,40,2015.4,2075.2,2166
55107.073,40,2010.6,2065.8,2128.2
55107.113,40,2012,2056.4,2108.4
55107.153,40,2007.4,2057.6,2103.8
55107.193,40,2009.6,2062.6,2125.2
55107.233,40,2013.2,2071.2,2155.4
55107.273,40,2015.4,2085.6,2203
55107.313,40,2027,2107.2,2275
55107.353,40,2029.8,2137.4,2365
55107.393,40,2043.2,2165.8,2479.6
55107.433,40,2057,2206.8,2590.2
55107.473,40,2063.6,2244.6,2680.4
55107.513,40,2073.4,2271.2,2744.6
55107.553,40,2078.2,2294,2778
55107.593,40,2080.2,2301.4,2784.2
55107.633,40,2075.8,2286.2,2756.2
55107.673,40,2069.4,2255.6,2710.4
55107.713,40,2058.6,2224.8,2646
55107.753,40,2053.8,2195.2,2562.2
55107.793,40,2044,2167.6,2466.6
55107.833,40,2036.8,2136.2,2365
55107.873,40,2028.2,2102.6,2277.4
55107.913,40,2019.8,2091.6,2205
55107.953,40,2014.8,2073.4,2152.6
55107.993,40,2012.2,2067.2,2122.6
55108.033,40,2008.8,2062.4,2107.2
55108.073,40,2009.2,2060.8,2110
55108.113,40,2015,2066.6,2135.2
55108.153,40,2015.8,2079,2174.8
55108.193,40,2020.4,2097.4,2229.4
55108.233,40,2028.6,2122,2311.6
55108.273,40,2040.8,2150.6,2407.4
55108.313,40,2048.4,2186.2,2522.8
55108.353,40,2058.8,2220.6,2627.4
55108.393,40,2066.4,2254.6,2709.2
55108.433,40,2076.8,2276.2,2755.6
55108.473,40,2075.2,2286.6,2776.4
55108.513,40,2074.6,2279.8,2755.8
55108.553,40,2069.8,2264,2719.4
55108.593,40,2064.6,2239.6,2672.8
55108.633,40,2064.8,2222,2612.6
55108.673,40,2051,2199.6,2538.8
55108.713,40,2046.4,2166.6,2451.2
55108.753,40,2041,2141.8,2363.4
55108.793,40,2031,2116.2,2288.8
55108.833,40,2022.2,2096,2228.4
55108.873,40,2020,2080.2,2178.8
55108.913,40,2010.2,2069.4,2141.6
55108.953,40,2014.6,2061.4,2121
55108.993,40,2012.2,2062.4,2128.6
55109.033,40,2015,2071.8,2149.6
55109.073,40,2020.6,2086.2,2198.2
55109.113,40,2031.6,2107.2,2266.4
55109.153,40,2036.2,2138.2,2360.2
55109.193,40,2050.4,2179.6,2467.8
55109.233,40,2059.4,2226,2588.6
55109.273,40,2071.8,2263.2,2682.4
55109.313,40,2085.2,2301,2753.2
55109.353,40,2090.2,2318.8,2790.2
55109.393,40,2086.4,2312.2,2791.6
55109.433,40,2079.4,2291.6,2777.6
55109.473,40,2072.6,2273.8,2751.2
55109.513,40,2064.4,2242.8,2691.8
55109.553,40,2054,2209.8,2603.6
55109.593,40,2046.4,2175,2498.2
55109.633,40,2034.8,2143,2389
55109.673,40,2028.6,2109.6,2291.6
55109.713,40,2020.6,2088.8,2212.8
55109.753,40,2014.2,2071.2,2153.6
55109.793,40,2007.2,2061.8,2117.2
55109.833,40,2010.4,2055.8,2096.4
55109.873,40,2006.8,2055,2097.4
55109.913,40,2010.8,2054.6,2103.6
55109.953,40,2011.2,2065.8,2123.8
55109.993,40,2017.2,2073.2,2156.2
55110.033,40,2021,2093.2,2216
55110.073,40,2028.4,2112.6,2286.6
55110.113,40,2037.6,2140.2,2387.2
55110.153,40,2043.8,2176.2,2506.2
55110.193,40,2054.4,2209.4,2620.6
55110.233,40,2062.4,2240.8,2713
55110.273,40,2067,2268.8,2769.6
55110.313,40,2074.4,2283.4,2788.2
55110.353,40,2068.8,2267.8,2761.2
55110.393,40,2064.4,2241.8,2687.2
55110.433,40,2054.2,2208,2593.4
55110.473,40,2046.4,2175.2,2475.8
55110.513,40,2038.6,2145.6,2366.8
55110.553,40,2031.4,2112.8,2281.2
55110.593,40,2022.2,2089.2,2213.8
55110.633,40,2012.8,2074.2,2160.4
55110.673,40,2009,2064,2124.4
55110.713,40,2007.8,2054.2,2099.8
55110.753,40,2004.4,2052.2,2092.4
55110.793,40,2005.6,2053.6,2092.6
55110.833,40,2008.2,2061.2,2116
55110.873,40,2013.4,2067.4,2151.6
55110.913,40,2017,2085.6,2202.8
55110.953,40,2029,2109.8,2271.4
55110.993,40,2037.8,2137,2354.4
55111.033,40,2045.4,2170.8,2443.8
55111.073,40,2053.4,2199,2533.4
55111.113,40,2069.2,2230.8,2611.8
55111.153,40,2067.6,2252.8,2667.2
55111.193,40,2074.8,2262.4,2697.2
55111.233,40,2070.2,2254.6,2675.2
55111.273,40,2061.2,2233.4,2636.2
55111.313,40,2056.4,2210.6,2574.6
55111.353,40,2049.8,2179.8,2490.6
55111.393,40,2042.6,2154.8,2403.4
55111.433,40,2039.8,2127.6,2323.6
55111.473,40,2027.4,2107.8,2253.2
55111.513,40,2018.2,2085.8,2192.2
55111.553,40,2013.8,2068,2144.4
55111.593,40,2009.2,2057.4,2113.8
55111.633,40,2007.6,2053.4,2093
55111.673,40,2007.2,2051.2,2086.6
55111.713,40,2007.4,2055.2,2093.6
55111.753,40,2009,2058.6,2113.8
55111.793,40,2015.2,2072.2,2144
55111.833,40,2016.8,2082,2181.4
55111.873,40,2024.4,2100,2243
55111.913,40,2029.2,2125.8,2320.8
55111.953,40,2040,2153.4,2412.8
55111.993,40,2046.6,2180.4,2510.4
55112.033,40,2051.6,2203.6,2591.2
55112.073,40,2054.6,2212.8,2628.4
55112.113,40,2050.4,2205.2,2600
55112.153,40,2048.4,2190.2,2556
55112.193,40,2046,2178.2,2509.8
55112.233,40,2041.8,2165.4,2450
55112.273,40,2039.8,2144,2387.8
55112.313,40,2034.2,2128.6,2323.4
55112.353,40,2030,2106.4,2265.6
55112.393,40,2020.8,2089,2210
55112.433,40,2015.4,2076.2,2165.6
55112.473,40,2011.4,2062.8,2128
55112.513,40,2010,2057,2106.4
55112.553,40,2004.2,2054.2,2095.2
55112.593,40,2005.8,2059.2,2102.2
55112.633,40,2009.8,2062.4,2120.2
55112.673,40,2019,2072.8,2152.4
55112.713,40,2017.8,2088.4,2195
55112.753,40,2027.4,2107.6,2251.2
55112.793,40,2034.2,2128.2,2327.6
55112.833,40,2040.6,2157,2411.4
55112.873,40,2051.2,2184.4,2503
55112.913,40,2058.8,2215.8,2593.2
55112.953,40,2063.4,2247,2662.6
55112.993,40,2066.8,2252,2694
55113.033,40,2060.8,2235.2,2668.8
55113.073,40,2054.6,2214.8,2619.8
55113.113,40,2048.6,2190.4,2548.8
55113.153,40,2042.2,2163.8,2464.4
55113.193,40,2033,2137.4,2368.6
55113.233,40,2027,2108.6,2282
55113.273,40,2020.2,2088.2,2212.8
55113.313,40,2016,2074,2158.2
55113.353,40,2015,2061.2,2126.6
55113.393,40,2008.8,2056,2106.4
55113.433,40,2008,2054.8,2093.8
55113.473,40,2004,2053.2,2100.8
55113.513,40,2009.8,2062.2,2116.2
55113.553,40,2013.8,2069.6,2149.6
55113.593,40,2019.2,2084.4,2206.4
55113.633,40,2026,2112,2280.4
55113.673,40,2034,2141,2380
55113.713,40,2044.6,2171.2,2492
55113.753,40,2055.8,2213.8,2592.8
55113.793,40,2069.6,2250.6,2662.8
55113.833,40,2075.8,2272.2,2703.2
55113.873,40,2075,2269.4,2687.4
55113.913,40,2069.4,2251.2,2654.6
55113.953,40,2065.6,2234,2618.6
55113.993,40,2055.4,2207,2556.2
55114.033,40,2049,2180.6,2490
55114.073,40,2039,2148.4,2408.4
55114.113,40,2030.2,2124.8,2327.4
55114.153,40,2021.6,2099,2250.4
55114.193,40,2015.2,2083.4,2188
55114.233,40,2010.6,2073.2,2137.4
55114.273,40,2010.4,2059,2110.4
55114.313,40,2005,2048.8,2094.6
55114.353,40,2005,2049.4,2090
55114.393,40,2008.8,2053.6,2095.8
55114.433,40,2006.2,2057,2113.2
55114.473,40,2010.4,2069.6,2141.8
55114.513,40,2018.2,2078.2,2186.4
55114.553,40,2025.2,2100,2250
55114.593,40,2031.6,2124.8,2346
55114.633,40,2040.6,2158.2,2462.8
55114.673,40,2047.4,2193.4,2592.2
55114.713,40,2058.2,2237.2,2701.2
55114.753,40,2067.6,2265,2766.6
55114.793,40,2070.4,2268.4,2781
55114.833,40,2063,2255.4,2758.8
55114.873,40,2059.8,2234.8,2706
55114.913,40,2054.8,2218.6,2652.4
55114.953,40,2051.2,2200.2,2570.4
55114.993,40,2045.2,2179.2,2494.2
55115.033,40,2039,2153.4,2415
55115.073,40,2030,2128,2332.8
55115.113,40,2024.4,2102.4,2254.2
55115.153,40,2019,2082.8,2191.4
55115.193,40,2012,2067.6,2141
55115.233,40,2005.8,2058,2109.6
55115.273,40,2007.4,2051.6,2095.6
55115.313,40,2005.6,2051.8,2093
55115.353,40,2010.6,2059,2105.8
55115.393,40,2015.6,2064.4,2129.8
55115.433,40,2019,2079.6,2165.6
55115.473,40,2022,2094.4,2220.4
55115.513,40,2028.4,2113.6,2299
55115.553,40,2036.4,2140.8,2399
55115.593,40,2046.6,2178.4,2520.4
55115.633,40,2051,2211.2,2636.4
55115.673,40,2062.2,2243.4,2722.8
55115.713,40,2066,2260.4,2759.2
55115.753,40,2065.8,2248.4,2741.4
55115.793,40,2060.8,2233,2698
55115.833,40,2055.6,2209.8,2628.4
55115.873,40,2049.6,2186.6,2545.6
55115.913,40,2044.8,2161.2,2445.4
55115.953,40,2033.8,2135.2,2351.2
55115.993,40,2026,2109.2,2265
55116.033,40,2020.8,2088.4,2200.6
55116.073,40,2012.8,2071,2150.8
55116.113,40,2008.8,2061.8,2120.2
55116.153,40,2004.8,2052.4,2097.2
55116.193,40,2011.4,2051,2096.6
55116.233,40,2008.8,2056,2108.6
55116.273,40,2012.6,2066,2135.4
55116.313,40,2017.2,2079.6,2175.2
55116.353,40,2023.2,2097.6,2237.6
55116.393,40,2027,2122.4,2333.8
55116.433,40,2042.6,2158,2457.2
55116.473,40,2054.6,2206.8,2603.6
55116.513,40,2067.4,2252.8,2734.8
55116.553,40,2076.6,2299.8,2821.2
55116.593,40,2086,2322.8,2841.2
55116.633,40,2085.8,2306.6,2830.4
55116.673,40,2075,2289.8,2803.6
55116.713,40,2068.4,2261.6,2747.4
55116.753,40,2056.2,2226.4,2658
55116.793,40,2048.8,2188.2,2534
55116.833,40,2039,2147.8,2409.2
55116.873,40,2026.2,2114.8,2298
55116.913,40,2018.8,2089,2214.8
55116.953,40,2015,2076.4,2154.8
55116.993,40,2010.6,2061.2,2117.8
55117.033,40,2006,2053,2095.6
55117.073,40,2004.4,2050.8,2087.4
55117.113,40,2007.2,2051.4,2089.8
55117.153,40,2010.4,2058.8,2107.6
55117.193,40,2012.4,2065,2130.2
55117.233,40,2015,2078,2171
55117.273,40,2022,2098,2232.2
55117.313,40,2027,2120.4,2317.4
55117.353,40,2040.2,2155.4,2426.2
55117.393,40,2050,2195,2549.2
55117.433,40,2062,2239.6,2660.2
55117.473,40,2075.6,2275.8,2748
55117.513,40,2083.4,2303.2,2786.4
55117.553,40,2078.6,2287.8,2781.2
55117.593,40,2065,2262.6,2748
55117.633,40,2056.8,2224.2,2673.6
55117.673,40,2049.2,2191,2575.4
55117.713,40,2042.4,2155,2445.4
55117.753,40,2031,2127.2,2333.6
55117.793,40,2026.4,2101.8,2240.8
55117.833,40,2018,2083.6,2183.2
55117.873,40,2017.4,2068.2,2138
55117.913,40,2008.8,2056.8,2109
55117.953,40,2004.6,2049.8,2092.4
55117.993,40,2008,2048,2084.8
55118.033,40,2003.6,2054,2092.2
55118.073,40,2009.2,2055.8,2112.8
55118.113,40,2012.6,2069.2,2147
55118.153,40,2019.8,2086.4,2202
55118.193,40,2027.6,2107.4,2273.8
55118.233,40,2032.4,2140.8,2365.4
55118.273,40,2046,2170.2,2466.6
55118.313,40,2057.6,2206.8,2563
55118.353,40,2068,2242.4,2630
55118.393,40,2071,2259.2,2661.6
55118.433,40,2070,2251.4,2641.4
55118.473,40,2067.4,2234.8,2606.2
55118.513,40,2059,2213,2569.6
55118.553,40,2052.2,2188.4,2506.8
55118.593,40,2045.4,2165.2,2440
55118.633,40,2037.2,2138.8,2357.6
55118.673,40,2026.6,2111.4,2278.2
55118.713,40,2022.4,2089.6,2210.8
55118.753,40,2015.2,2072.8,2155.4
55118.793,40,2008,2060.2,2117.8
55118.833,40,2006.6,2052.6,2090
55118.873,40,2007.2,2047.8,2080.2
55118.913,40,2004.4,2047.8,2079.4
55118.953,40,2007.6,2056.2,2090.8
55118.993,40,2008,2057.2,2109.2
55119.033,40,2013,2068,2138.4
55119.073,40,2020,2079,2183.4
55119.113,40,2024.6,2100,2251.2
55119.153,40,2034.6,2125.4,2345.8
55119.193,40,2040.6,2159.8,2460.2
55119.233,40,2055,2202,2582.8
55119.273,40,2060.6,2238,2685.8
55119.313,40,2070.6,2267,2743.4
55119.353,40,2068.6,2267.4,2740.6
55119.393,40,2068.2,2246,2704.6
55119.433,40,2055.8,2221,2638.2
55119.473,40,2052.4,2193.4,2557.8
55119.513,40,2046,2170.4,2460.6
55119.553,40,2035.2,2140.8,2367.6
55119.593,40,2028.2,2115.2,2285.8
55119.633,40,2018.2,2090.2,2218.2
55119.673,40,2015.4,2075,2161.8
55119.713,40,2011,2062.6,2125.6
55119.753,40,2005.2,2053.8,2097
55119.793,40,2008.4,2051.6,2088.2
55119.833,40,2008.8,2055,2094.2
55119.873,40,2011.4,2059.4,2114.8
55119.913,40,2015.4,2071,2138.6
55119.953,40,2018.8,2081.4,2182.6
55119.993,40,2024.8,2103.4,2245.6
55120.033,40,2033.2,2128.6,2337.6
55120.073,40,2041.2,2161.4,2451.2
55120.113,40,2054.6,2202.6,2581.2
55120.153,40,2064.6,2248.2,2689.6
55120.193,40,2073.4,2275.4,2755.4
55120.233,40,2078.6,2281.6,2763
55120.273,40,2070.6,2260,2726.2
55120.313,40,2063.6,2243.2,2681.4
55120.353,40,2055.8,2216.6,2603.4
55120.393,40,2049.8,2191.2,2505.4
55120.433,40,2044.6,2157.4,2405.4
55120.473,40,2036.4,2129.6,2326.8
55120.513,40,2026,2108.2,2256.4
55120.553,40,2018.6,2087,2193
55120.593,40,2016.6,2070.2,2146.8
55120.633,40,2008.6,2059.4,2119
55120.673,40,2006.8,2055.6,2096.4
55120.713,40,2004.6,2049.2,2090.2
55120.753,40,2005.2,2053.6,2092.2
55120.793,40,2011.2,2058.2,2111
55120.833,40,2010.2,2066.6,2135
55120.873,40,2015.8,2081,2178.4
55120.913,40,2022.6,2099.8,2247.4
55120.953,40,2027,2126.8,2339
55120.993,40,2041.2,2160.6,2457
55121.033,40,2049.2,2195.4,2587
55121.073,40,2061,2238.2,2692.8
55121.113,40,2071.6,2270.2,2760.2
55121.153,40,2074.2,2281.6,2783.4
55121.193,40,2070.2,2265.2,2750.8
55121.233,40,2064.8,2245,2690.8
55121.273,40,2056,2217.4,2618.4
55121.313,40,2052.8,2190,2528
55121.353,40,2043.2,2162.2,2433.6
55121.393,40,2035.4,2135.8,2345
55121.433,40,2027.8,2112,2266.6
55121.473,40,2020,2090,2202.6
55121.513,40,2013.6,2070.8,2148
55121.553,40,2008.2,2061.2,2113.4
55121.593,40,2005.8,2054.6,2095.8
55121.633,40,2007.2,2051,2086.2
55121.673,40,2005.2,2050.2,2086
55121.713,40,2005.8,2058.2,2096.4
55121.753,40,2009.6,2059.2,2121.6
55121.793,40,2015.4,2075.2,2158.2
55121.833,40,2018.6,2090.2,2216.4
55121.873,40,2025.2,2112.6,2296
55121.913,40,2038.4,2144.4,2402.2
55121.953,40,2047.6,2180.2,2520
55121.993,40,2060.8,2221.2,2633.6
55122.033,40,2067.8,2258.4,2718.8
55122.073,40,2074.2,2276.6,2757.8
55122.113,40,2069,2266.2,2743.6
55122.153,40,2062.4,2240.8,2697.2
55122.193,40,2055.4,2219.4,2633.2
55122.233,40,2049.6,2194.4,2546.4
55122.273,40,2044.6,2164.4,2449
55122.313,40,2035.2,2140,2361.6
55122.353,40,2030.2,2114.2,2280.6
55122.393,40,2020,2095.4,2225.8
55122.433,40,2016.4,2078.2,2172.6
55122.473,40,2009.2,2062.4,2134.4
55122.513,40,2007.2,2055.6,2108
55122.553,40,2004.4,2052.4,2088
55122.593,40,2004.6,2048.6,2080.2
55122.633,40,2009.2,2046.6,2082.2
55122.673,40,2007.2,2053.4,2091.8
55122.713,40,2007.4,2057.6,2106.4
55122.753,40,2009.6,2068.8,2137.2
55122.793,40,2015,2082.6,2192.8
55122.833,40,2025.2,2103.6,2268.4
55122.873,40,2030.2,2133,2384.8
55122.913,40,2044.6,2170.8,2521.4
55122.953,40,2054.4,2215.2,2655
55122.993,40,2067.4,2255.8,2745.2
55123.033,40,2069.8,2272.4,2781.8
55123.073,40,2066,2259.4,2738.6
55123.113,40,2065.2,2234.6,2670.8
55123.153,40,2056.2,2214.2,2600.2
55123.193,40,2052,2189.8,2523
55123.233,40,2044.8,2168.4,2436.4
55123.273,40,2036.2,2139,2362
55123.313,40,2027.4,2119.8,2293.2
55123.353,40,2022.6,2098.2,2233.6
55123.393,40,2014.4,2083,2182.2
55123.433,40,2015.2,2069.4,2142
55123.473,40,2009.8,2057.2,2112.4
55123.513,40,2005.6,2051.2,2094.2
55123.553,40,2006,2051.6,2081.6
55123.593,40,2004.2,2047.8,2082.8
55123.633,40,2007.6,2051.2,2086.8
55123.673,40,2005.6,2054,2102
55123.713,40,2010.4,2061.6,2122.8
55123.753,40,2014.8,2071.6,2159.6
55123.793,40,2018.8,2090.2,2220
55123.833,40,2026,2112.8,2307.4
55123.873,40,2033.2,2142,2421.4
55123.913,40,2043.2,2182.4,2546.4
55123.953,40,2053,2218.8,2652
55123.993,40,2063.2,2247.4,2701.2
55124.033,40,2064,2245.4,2703.4
55124.073,40,2059.4,2231.6,2665.8
55124.113,40,2056.2,2217,2616.8
55124.153,40,2050.8,2201.8,2563.8
55124.193,40,2046.2,2178.2,2495.8
55124.233,40,2042.2,2154.6,2415.6
55124.273,40,2031.8,2127.2,2338
55124.313,40,2028.8,2107,2265.6
55124.353,40,2021.6,2091.8,2211.6
55124.393,40,2017,2077.4,2160.8
55124.433,40,2009.4,2065,2126.8
55124.473,40,2010.2,2058.6,2106.6
55124.513,40,2008,2050.8,2092
55124.553,40,2004.6,2053.4,2093
55124.593,40,2009.6,2055.2,2103.4
55124.633,40,2014.8,2066.4,2123
55124.673,40,2016.6,2077.8,2158.4
55124.713,40,2020,2094,2219.4
55124.753,40,2029.6,2120.4,2307
55124.793,40,2042.8,2159.2,2423.2
55124.833,40,2058,2209.4,2550.8
55124.873,40,2074.6,2261.2,2647.4
55124.913,40,2091.6,2300.4,2706.8
55124.953,40,2095.6,2325,2727
55124.993,40,2092.4,2321.4,2742.6
55125.033,40,2083.6,2296.8,2743.2
55125.073,40,2070.4,2268.2,2719.6
55125.113,40,2067.2,2241.4,2669.2
55125.153,40,2051.8,2203.2,2586
55125.193,40,2046,2174.2,2485.2
55125.233,40,2035.2,2139.8,2381.2
55125.273,40,2029.8,2117.8,2288.2
55125.313,40,2022,2091.8,2217.4
55125.353,40,2016.6,2076.4,2166
55125.393,40,2014.6,2064.4,2129.4
55125.433,40,2009,2056.8,2106
55125.473,40,2008,2055.4,2096.8
55125.513,40,2005.8,2057.8,2110.8
55125.553,40,2013.4,2064.8,2130.4
55125.593,40,2013.4,2075.4,2168.2
55125.633,40,2022.2,2095,2221.4
55125.673,40,2028.8,2117.6,2303.6
55125.713,40,2039.8,2150.6,2403
55125.753,40,2047.2,2190,2502.2
55125.793,40,2062.4,2234.4,2591
55125.833,40,2077,2274,2654.6
55125.873,40,2089.2,2303,2686.2
55125.913,40,2085.2,2295.2,2685.4
55125.953,40,2079.4,2274,2665
55125.993,40,2067.6,2249.6,2632
55126.033,40,2059.8,2222.4,2571.6
55126.073,40,2049.6,2190.8,2494.2
55126.113,40,2043.8,2160.6,2407.8
55126.153,40,2033.6,2126,2317.2
55126.193,40,2023.8,2102.6,2245.6
55126.233,40,2018.4,2082,2184.4
55126.273,40,2014.6,2071,2143.4
55126.313,40,2010.2,2064.6,2125.2
55126.353,40,2012.8,2063.6,2129
55126.393,40,2013.6,2069.4,2141.2
55126.433,40,2018.4,2078.8,2180.6
55126.473,40,2024.4,2101,2247
55126.513,40,2034,2133,2339.8
55126.553,40,2044,2173.2,2469.4
55126.593,40,2061.6,2228.4,2604.4
55126.633,40,2081.4,2285.6,2708.6
55126.673,40,2097.4,2334.4,2764
55126.713,40,2110.4,2360,2781.6
55126.753,40,2105.4,2346,2756.6
55126.793,40,2091.4,2306,2712.2
55126.833,40,2073.8,2264.6,2635.2
55126.873,40,2059.4,2222.8,2551.2
55126.913,40,2050,2182,2472.2
55126.953,40,2040.8,2147.4,2388.4
55126.993,40,2027.4,2117.2,2298.6
55127.033,40,2022,2094.8,2220.4
55127.073,40,2019.6,2075.8,2167.4
55127.113,40,2010.2,2066.2,2132.6
55127.153,40,2011,2053.8,2108.2
55127.193,40,2007,2051.6,2094.6
55127.233,40,2005.6,2050,2090.8
55127.273,40,2008.4,2058.6,2107.6
55127.313,40,2009.6,2062.8,2129.6
55127.353,40,2013.8,2075.6,2172.2
55127.393,40,2024.6,2094.6,2250
55127.433,40,2034.2,2132,2380
55127.473,40,2042,2177.4,2548.2
55127.513,40,2062,2235.8,2713.4
55127.553,40,2076.8,2300.2,2825.2
55127.593,40,2100.8,2349.8,2854.8
55127.633,40,2105.8,2364.8,2834
55127.673,40,2101.2,2342.8,2806.6
55127.713,40,2089.4,2311.4,2760.8
55127.753,40,2080,2282.6,2710.4
55127.793,40,2070,2250.2,2646
55127.833,40,2058.4,2212,2561.6
55127.873,40,2045.2,2172.6,2461.6
55127.913,40,2036.2,2139.8,2365.4
55127.953,40,2025.4,2108.2,2272.6
55127.993,40,2018.6,2089.6,2198
55128.033,40,2014.2,2067.2,2144.6
55128.073,40,2009,2057.2,2109.2
55128.113,40,2008,2052.2,2092.4
55128.153,40,2003.2,2050.4,2095.8
55128.193,40,2007.4,2060.6,2108
55128.233,40,2011.4,2064.6,2137.2
55128.273,40,2018.8,2078.8,2178
55128.313,40,2024.2,2097.2,2237.2
55128.353,40,2031.4,2126,2329
55128.393,40,2039.4,2156.6,2440.6
55128.433,40,2051,2192.2,2567.8
55128.473,40,2063,2240.4,2681.6
55128.513,40,2070.2,2273.8,2761.2
55128.553,40,2085.6,2301.8,2807.6
55128.593,40,2079.8,2310.6,2822.2
55128.633,40,2075.4,2283.4,2793
55128.673,40,2068.6,2255.8,2743.4
55128.713,40,2060.2,2233,2673.2
55128.753,40,2049.6,2199,2588.8
55128.793,40,2042.4,2165.8,2483.6
55128.833,40,2032.2,2133.2,2370
55128.873,40,2023,2106.2,2268.6
55128.913,40,2016.8,2085.2,2191.4
55128.953,40,2012,2068,2144.2
55128.993,40,2010.8,2062.8,2110.4
55129.033,40,2010.2,2058,2101
55129.073,40,2009,2058.2,2105.2
55129.113,40,2007.4,2063.4,2117.8
55129.153,40,2014.2,2073.6,2149.2
55129.193,40,2017.6,2088.8,2204.6
55129.233,40,2028.4,2109.2,2283.2
55129.273,40,2037.4,2145.8,2404.6
55129.313,40,2048.2,2187.8,2542.6
55129.353,40,2065.2,2238.4,2675
55129.393,40,2075.4,2287.4,2771.6
55129.433,40,2091.4,2329.2,2820.4
55129.473,40,2093.6,2335.2,2836.2
55129.513,40,2087.6,2319.4,2827.2
55129.553,40,2081.4,2293.8,2802.2
55129.593,40,2070.2,2259.6,2742.6
55129.633,40,2061.6,2225.6,2655.2
55129.673,40,2046,2185,2529.4
55129.713,40,2039.6,2149,2401.4
55129.753,40,2031.8,2119.8,2287
55129.793,40,2023.4,2088.8,2207.8
55129.833,40,2011.4,2071.6,2145.4
55129.873,40,2007.8,2056.2,2110.2
55129.913,40,2005,2049,2086.2
55129.953,40,2005.8,2048.4,2080.6
55129.993,40,2005,2047.8,2090
55130.033,40,2010,2060,2106.4
55130.073,40,2010.2,2066.8,2136.2
55130.113,40,2022.2,2087.2,2193.6
55130.153,40,2027.6,2111.8,2288.8
55130.193,40,2041.6,2151.2,2411
55130.233,40,2052.6,2207.6,2561
55130.273,40,2070,2263.4,2694.2
55130.313,40,2094,2322.6,2770.8
55130.353,40,2110.8,2378.8,2808.8
55130.393,40,2128.8,2413.4,2800.2
55130.433,40,2124.2,2409.8,2810.2
55130.473,40,2110.4,2379.2,2812.4
55130.513,40,2098.2,2326.8,2767.8
55130.553,40,2071.2,2263.8,2662.6
55130.593,40,2056.8,2193.6,2494.6
55130.633,40,2036.6,2143,2366.6
55130.673,40,2021,2104.4,2249.4
55130.713,40,2015.6,2076,2166.4
55130.753,40,2008.8,2059.4,2116.8
55130.793,40,2005.4,2052,2088.6
55130.833,40,2002.4,2051.6,2078.6
55130.873,40,2004.2,2050.6,2085.4
55130.913,40,2009,2058.8,2106.2
55130.953,40,2014.4,2072.6,2143.2
55130.993,40,2020.6,2092.2,2229
55131.033,40,2032.2,2136.2,2370.4
55131.073,40,2053.8,2201,2563.8
55131.113,40,2074.8,2281,2729
55131.153,40,2107,2353.8,2779.8
55131.193,40,2126,2391.2,2761.6
55131.233,40,2120,2376.2,2725.2
55131.273,40,2108.4,2339,2688.6
55131.313,40,2090.4,2285.6,2639.6
55131.353,40,2067.4,2235.4,2583.8
55131.393,40,2053,2184.4,2483.2
55131.433,40,2040.6,2137,2359.2
55131.473,40,2022.2,2104.2,2245.8
55131.513,40,2018.2,2082,2172.4
55131.553,40,2014.2,2064.8,2128.4
55131.593,40,2005.2,2054.8,2099
55131.633,40,2008.4,2051.6,2088.6
55131.673,40,2006.4,2050.8,2093.2
55131.713,40,2010.4,2056.2,2108.2
55131.753,40,2013.6,2070.4,2140.8
55131.793,40,2017.4,2091,2209.8
55131.833,40,2030.4,2123.6,2332.4
55131.873,40,2047.4,2185,2522.6
55131.913,40,2076.6,2276,2724.8
55131.953,40,2110.6,2371,2803.4
55131.993,40,2151.2,2450.6,2746.4
55132.033,40,2177.4,2475.2,2671.2
55132.073,40,2175,2463.6,2633
55132.113,40,2164,2438.4,2655.8
55132.153,40,2146,2410.4,2687.6
55132.193,40,2114.6,2355.6,2700.4
55132.233,40,2088,2292,2656.2
55132.273,40,2062.4,2217.2,2535.8
55132.313,40,2044.6,2153.6,2396.2
55132.353,40,2027.6,2113.8,2272.4
55132.393,40,2019.6,2084.8,2189.8
55132.433,40,2013.2,2065.2,2137
55132.473,40,2007.8,2057.2,2106.4
55132.513,40,2005.4,2051.2,2089
55132.553,40,2008.6,2051.6,2092
55132.593,40,2012.6,2062,2110.6
55132.633,40,2012.2,2067.6,2138
55132.673,40,2021.4,2089.6,2199
55132.713,40,2031.4,2119.8,2300.6
55132.753,40,2045.8,2172.4,2476.2
55132.793,40,2070.6,2257,2654.2
55132.833,40,2109.8,2349.8,2724.2
55132.873,40,2145.8,2414.2,2681.6
55132.913,40,2165,2426.2,2616.2
55132.953,40,2163.8,2425.6,2618
55132.993,40,2154.6,2419.8,2670.4
55133.033,40,2129,2397,2725.8
55133.073,40,2107.6,2344.6,2725.8
55133.113,40,2085.2,2281.6,2658.6
55133.153,40,2061.8,2216,2531.4
55133.193,40,2045.6,2164.4,2417.8
55133.233,40,2034,2124.8,2311.6
55133.273,40,2022.6,2093.8,2218.2
55133.313,40,2020,2077,2164.2
55133.353,40,2013.8,2066.2,2127.8
55133.393,40,2006.4,2057.6,2108.6
55133.433,40,2008.6,2052,2097.2
55133.473,40,2008.4,2056.8,2101.8
55133.513,40,2009.2,2061.6,2115.6
55133.553,40,2013,2074,2153.2
55133.593,40,2021,2092.4,2215.2
55133.633,40,2033.2,2129.4,2334.4
55133.673,40,2048,2188,2519
55133.713,40,2072.2,2265.4,2706
55133.753,40,2104.6,2359.2,2806.6
55133.793,40,2139.4,2433.6,2786.2
55133.833,40,2163,2464.8,2721.6
55133.873,40,2165.6,2458.2,2687
55133.913,40,2155.6,2429.2,2676
55133.953,40,2134.6,2389.8,2673.4
55133.993,40,2109.4,2347,2694.6
55134.033,40,2088,2288.8,2668.8
55134.073,40,2061.4,2215.6,2548
55134.113,40,2043,2162.4,2398.8
55134.153,40,2026.4,2116.8,2282.8
55134.193,40,2022.6,2085.4,2194.4
55134.233,40,2012.4,2068.4,2140.8
55134.273,40,2010.4,2058,2108.6
55134.313,40,2008.8,2053.2,2097.6
55134.353,40,2008.8,2052.6,2095.6
55134.393,40,2013.4,2061,2116.6
55134.433,40,2015,2070.8,2148.2
55134.473,40,2024,2090.8,2211.8
55134.513,40,2027.6,2122.6,2320.8
55134.553,40,2042.4,2176.4,2483.4
55134.593,40,2068.2,2245.2,2668.6
55134.633,40,2092.8,2338.8,2809.4
55134.673,40,2126.8,2408.2,2837.2
55134.713,40,2143.4,2449,2806.6
55134.753,40,2146.8,2450.4,2787.6
55134.793,40,2136,2422.6,2807.8
55134.833,40,2117.6,2383,2790.2
55134.873,40,2097,2322.2,2712.6
55134.913,40,2076.2,2249,2592.6
55134.953,40,2051.6,2194.2,2488
55134.993,40,2037.8,2140.6,2359.4
55135.033,40,2025.8,2097.2,2239.8
55135.073,40,2018,2073.2,2159
55135.113,40,2011,2062,2119.8
55135.153,40,2006.6,2054.4,2090.2
55135.193,40,2007.8,2050.4,2081.6
55135.233,40,2006.8,2051,2089.8
55135.273,40,2010.6,2057.6,2102
55135.313,40,2012.6,2067,2128.2
55135.353,40,2015,2078.6,2178.8
55135.393,40,2020.6,2103.4,2249.4
55135.433,40,2034.2,2132.8,2363.6
55135.473,40,2045.4,2176,2512.6
55135.513,40,2059.6,2229.6,2659.8
55135.553,40,2076.8,2278,2768.4
55135.593,40,2086.4,2322.4,2833
55135.633,40,2100.8,2347.8,2841.2
55135.673,40,2101,2357.4,2836
55135.713,40,2098.2,2346,2819.2
55135.753,40,2091.8,2328,2786.8
55135.793,40,2091.4,2318,2750
55135.833,40,2095.4,2311.6,2719.2
55135.873,40,2089.2,2307.6,2704.6
55135.913,40,2092,2301.2,2693.4
55135.953,40,2089.4,2295.8,2687.6
55135.993,40,2084.8,2290.8,2693.2
55136.033,40,2082.4,2289.2,2709.4
55136.073,40,2079,2286.4,2718.4
55136.113,40,2077.8,2280.4,2731
55136.153,40,2077.2,2276.8,2741.6
55136.193,40,2074.2,2275.6,2739
55136.233,40,2071.2,2268,2735.8
55136.273,40,2070.4,2266.2,2728
55136.313,40,2070,2261.6,2710.4
55136.353,40,2066.8,2255.4,2700.6
55136.393,40,2070.2,2248.8,2676.8
55136.433,40,2063.2,2244,2662.6
55136.473,40,2064.6,2238.6,2646.4
55136.513,40,2061.6,2238.8,2630.6
55136.553,40,2062.6,2232.8,2619.6
55136.593,40,2061.8,2225.4,2612
55136.633,40,2062,2229.6,2603
55136.673,40,2061.8,2222.2,2593.2
55136.713,40,2062.8,2219.6,2584.6
55136.753,40,2064.6,2218,2560.2
55136.793,40,2063.6,2220,2536.4
55136.833,40,2069.8,2237.4,2588.8
55136.873,40,2077.4,2268,2641.8
55136.913,40,2093.8,2301.4,2660.6
55136.953,40,2104.2,2326.6,2661.6
55136.993,40,2122.2,2360.2,2670
55137.033,40,2131.8,2390.6,2696.6
55137.073,40,2133.8,2403.8,2716
55137.113,40,2128.8,2389.4,2731.4
55137.153,40,2118.6,2373,2732.8
55137.193,40,2116.8,2357,2729
55137.233,40,2103.6,2325.6,2697.6
55137.273,40,2088.4,2288.4,2652.6
55137.313,40,2068.6,2241.8,2591.4
55137.353,40,2053.4,2189.6,2491.4
55137.393,40,2037.8,2143.2,2364.6
55137.433,40,2030.6,2110.2,2264.2
55137.473,40,2022,2087.8,2191.6
55137.513,40,2014.6,2067.2,2139.2
55137.553,40,2008.4,2058.4,2111.4
55137.593,40,2008,2052.8,2094.2
55137.633,40,2009.8,2054,2089.6
55137.673,40,2008.4,2057.4,2100.6
55137.713,40,2009,2069,2123.8
55137.753,40,2018.6,2079.2,2168.6
55137.793,40,2022,2101.8,2235.6
55137.833,40,2033.4,2122.6,2336.6
55137.873,40,2045.4,2169.2,2466.6
55137.913,40,2056.2,2217.4,2606.4
55137.953,40,2076.8,2273.6,2717
55137.993,40,2088.6,2312.6,2763
55138.033,40,2096.4,2332.6,2772.6
55138.073,40,2092.6,2322.6,2766.8
55138.113,40,2089.4,2307.2,2755
55138.153,40,2085,2298.8,2749.8
55138.193,40,2084.6,2286,2733.8
55138.233,40,2073.8,2265.8,2700.4
55138.273,40,2063.2,2240.2,2642.2
55138.313,40,2058.8,2209.2,2554.2
55138.353,40,2051.6,2176,2460.6
55138.393,40,2040.4,2144.6,2362.2
55138.433,40,2032.4,2115,2290.4
55138.473,40,2024.8,2097.4,2225.6
55138.513,40,2019.4,2076.8,2167.8
55138.553,40,2015.4,2067.4,2136
55138.593,40,2010.6,2060.4,2119.8
55138.633,40,2013.8,2067,2126.8
55138.673,40,2016.6,2071.2,2150.2
55138.713,40,2018.2,2085.8,2195.6
55138.753,40,2022.4,2101.4,2261
55138.793,40,2030.6,2128.6,2347
55138.833,40,2041,2155.4,2452.6
55138.873,40,2047.8,2192,2563.2
55138.913,40,2055,2221,2651.2
55138.953,40,2068.8,2245.6,2715.8
55138.993,40,2067.6,2262,2742
55139.033,40,2068.6,2264.4,2723.8
55139.073,40,2067,2244.6,2674
55139.113,40,2062.8,2228.2,2624
55139.153,40,2055.4,2211,2548.8
55139.193,40,2048.2,2184.2,2481.2
55139.233,40,2042.2,2159.4,2408.4
55139.273,40,2033,2127.8,2338.4
55139.313,40,2026,2106.2,2267.8
55139.353,40,2017.4,2089.6,2197.8
55139.393,40,2014.8,2070.2,2149.2
55139.433,40,2008.2,2059.6,2115.4
55139.473,40,2008.4,2054.4,2099.6
55139.513,40,2009,2056,2100.8
55139.553,40,2012.8,2062.4,2119.8
55139.593,40,2011.8,2071.2,2147.8
55139.633,40,2021,2082.4,2195.2
55139.673,40,2026,2107.4,2267
55139.713,40,2035.2,2134.6,2366.8
55139.753,40,2042.8,2169.6,2496.4
55139.793,40,2052.4,2211.6,2635.6
55139.833,40,2066,2253.6,2738.8
55139.873,40,2076,2282.6,2795.4
55139.913,40,2080.6,2288.4,2804.8
55139.953,40,2072.2,2271.2,2776.6
55139.993,40,2066.2,2256,2748.8
55140.033,40,2062.6,2232.4,2687
55140.073,40,2052.8,2209.6,2612
55140.113,40,2046.8,2180.2,2521
55140.153,40,2036,2147.2,2421.8
55140.193,40,2028,2116.8,2313.2
55140.233,40,2020.8,2093,2230.6
55140.273,40,2014.8,2069,2166.4
55140.313,40,2006.6,2062.4,2121.2
55140.353,40,2006.4,2054,2095.4
55140.393,40,2002.8,2051.2,2083.8
55140.433,40,2006.8,2051.8,2093.8
55140.473,40,2007.6,2060.4,2111.6
55140.513,40,2013.2,2070,2137.6
55140.553,40,2019.2,2080.2,2184
55140.593,40,2022.8,2098.6,2253.6
55140.633,40,2033.6,2132.6,2352.2
55140.673,40,2041.4,2163,2496.2
55140.713,40,2054.6,2208,2638.2
55140.753,40,2064.2,2250.8,2752.6
55140.793,40,2073.4,2283.4,2809.4
55140.833,40,2080.4,2295.4,2817.8
55140.873,40,2078.2,2283.4,2794.6
55140.913,40,2068.6,2259.4,2750.8
55140.953,40,2059.2,2237.8,2687.4
55140.993,40,2054.4,2211.6,2605.6
55141.033,40,2044,2179.6,2508
55141.073,40,2044.2,2149.4,2401.8
55141.113,40,2028.6,2120,2302.8
55141.153,40,2027.4,2096.2,2226.6
55141.193,40,2014.6,2081.2,2164
55141.233,40,2010.8,2063.8,2123.8
55141.273,40,2008.2,2054.2,2097.8
55141.313,40,2006.2,2048.2,2080
55141.353,40,2000.6,2049.8,2085.2
55141.393,40,2007,2058.8,2099
55141.433,40,2009.6,2062.4,2126.4
55141.473,40,2016.8,2077.2,2164.8
55141.513,40,2024.8,2099.6,2227.8
55141.553,40,2030,2122.8,2325
55141.593,40,2042.4,2157.6,2442.8
55141.633,40,2053.4,2205,2579.4
55141.673,40,2066.2,2248.8,2698.2
55141.713,40,2079,2296.4,2786.4
55141.753,40,2084,2319,2829.8
55141.793,40,2083.8,2313.4,2836.8
55141.833,40,2074.6,2287,2807.8
55141.873,40,2066.2,2254.6,2753.8
55141.913,40,2055.2,2220.6,2659.2
55141.953,40,2047,2179.6,2533.8
55141.993,40,2036,2141.8,2396.4
55142.033,40,2028.4,2111,2279.6
55142.073,40,2023,2091.4,2198.8
55142.113,40,2012.8,2071.2,2141.4
55142.153,40,2007.4,2060.6,2104.6
55142.193,40,2008.4,2050.6,2083
55142.233,40,2007.8,2047.4,2076.6
55142.273,40,2005.6,2051,2084.8
55142.313,40,2006.4,2055.4,2104.6
55142.353,40,2012.8,2067.4,2136
55142.393,40,2018.8,2080.8,2185.6
55142.433,40,2025.4,2108,2266.4
55142.473,40,2036.8,2142.2,2376.8
55142.513,40,2050.2,2182.8,2519.4
55142.553,40,2064.2,2237.8,2650.6
55142.593,40,2081.8,2293.6,2753.6
55142.633,40,2096.4,2338,2810.8
55142.673,40,2101,2353.6,2835
55142.713,40,2090.4,2328.6,2835.4
55142.753,40,2082.2,2291,2809.8
55142.793,40,2065.2,2254,2736
55142.833,40,2049,2203,2609
55142.873,40,2042.2,2164.8,2457
55142.913,40,2034.6,2130.4,2327.6
55142.953,40,2026,2101.6,2231
55142.993,40,2017,2079.8,2175.2
55143.033,40,2007.2,2065,2131
55143.073,40,2007,2056.6,2099.6
55143.113,40,2004.6,2051.4,2085.6
55143.153,40,2009.8,2048.4,2084.8
55143.193,40,2007.2,2052,2091.8
55143.233,40,2009.6,2057.2,2116.8
55143.273,40,2012.6,2073.4,2164
55143.313,40,2021.2,2096.2,2252
55143.353,40,2031.6,2133,2383.8
55143.393,40,2046.6,2180.2,2556.4
55143.433,40,2065,2246.2,2729.6
55143.473,40,2083.4,2312.4,2836.8
55143.513,40,2105.8,2371.6,2866.4
55143.553,40,2117.8,2397.4,2845.8
55143.593,40,2110.4,2382,2838.6
55143.633,40,2101,2349,2823.2
55143.673,40,2088,2310.8,2784.8
55143.713,40,2074.4,2262.6,2698.6
55143.753,40,2056.2,2205.6,2565
55143.793,40,2045.4,2161.8,2416
55143.833,40,2032,2127,2305
55143.873,40,2025.2,2100.8,2226.6
55143.913,40,2015,2072.8,2164
55143.953,40,2009.2,2061.8,2120.8
55143.993,40,2007.6,2053.8,2096.2
55144.033,40,2009.8,2046.2,2085.4
55144.073,40,2007,2048.4,2086
55144.113,40,2007.4,2053.2,2095
55144.153,40,2011.4,2059,2117.2
55144.193,40,2014.2,2074.4,2158.2
55144.233,40,2022.6,2095.4,2235.6
55144.273,40,2031.8,2127.8,2351.6
55144.313,40,2050,2178.8,2519.8
55144.353,40,2063,2245.8,2691.4
55144.393,40,2093.2,2318.2,2808.4
55144.433,40,2107.2,2381.6,2843.2
55144.473,40,2127.8,2417.8,2826.6
55144.513,40,2127.2,2413,2830.2
55144.553,40,2113.2,2383.2,2847.8
55144.593,40,2097.2,2342.2,2833.2
55144.633,40,2080.8,2292.4,2770.6
55144.673,40,2060.8,2230.8,2644.8
55144.713,40,2048.4,2175,2483
55144.753,40,2034.2,2134.2,2334
55144.793,40,2023.2,2100.8,2235.6
55144.833,40,2014.8,2080.4,2166.8
55144.873,40,2012.6,2065.8,2119.4
55144.913,40,2007.2,2053.6,2088.6
55144.953,40,2005.4,2047.6,2076.4
55144.993,40,2004.4,2047.6,2080
55145.033,40,2005.2,2047.4,2089.4
55145.073,40,2008.4,2059,2113.8
55145.113,40,2012,2073,2154.6
55145.153,40,2022.2,2096.6,2231
55145.193,40,2032.4,2132.6,2355.8
55145.233,40,2047.6,2186.2,2531.2
55145.273,40,2068.6,2257,2720.8
55145.313,40,2093,2336,2839.6
55145.353,40,2120.6,2403.6,2865.6
55145.393,40,2128.4,2425.6,2855.4
55145.433,40,2118.8,2410.4,2867.8
55145.473,40,2111,2387.6,2877.8
55145.513,40,2104.4,2360.4,2850.6
55145.553,40,2092,2321.8,2787.4
55145.593,40,2080.8,2274.4,2690.4
55145.633,40,2063,2223.4,2568.8
55145.673,40,2048.4,2178,2455.6
55145.713,40,2037.2,2135.4,2342.6
55145.753,40,2026.8,2102.6,2243
55145.793,40,2014.6,2078.4,2165.4
55145.833,40,2013,2064.6,2118
55145.873,40,2003.2,2050.4,2090.8
55145.913,40,2005.4,2046.8,2079.8
55145.953,40,2006.2,2049.4,2074.4
55145.993,40,2007.4,2055.8,2091.6
55146.033,40,2010.6,2061.2,2120
55146.073,40,2011.6,2073.6,2167
55146.113,40,2022.4,2098.2,2241.4
55146.153,40,2028.6,2130.2,2365
55146.193,40,2046,2175.8,2521.8
55146.233,40,2062.2,2239,2692.6
55146.273,40,2084.4,2303.4,2802.4
55146.313,40,2106,2361.2,2852.2
55146.353,40,2115,2394.4,2840.8
55146.393,40,2113.2,2394.4,2853
55146.433,40,2102.2,2364.6,2862.6
55146.473,40,2092.2,2332.2,2845.8
55146.513,40,2075,2281.4,2777.2
55146.553,40,2057.8,2219.8,2635
55146.593,40,2042.6,2163.4,2462.4
55146.633,40,2029.8,2122,2316.6
55146.673,40,2021.6,2092.8,2217.4
55146.713,40,2015,2073,2156
55146.753,40,2010.2,2060,2112.4
55146.793,40,2006.8,2053.8,2089.4
55146.833,40,2004.8,2044.6,2079.4
55146.873,40,2005,2047.8,2087.8
55146.913,40,2008.2,2058,2105.2
55146.953,40,2013.4,2067,2143.6
55146.993,40,2022.6,2089.4,2204
55147.033,40,2030.4,2116.6,2308
55147.073,40,2044,2165.4,2452.8
55147.113,40,2059.6,2218.8,2623.6
55147.153,40,2077.2,2289.6,2777.4
55147.193,40,2100.2,2358,2852.8
55147.233,40,2115,2397.4,2865.2
55147.273,40,2116.2,2408.2,2877.4
55147.313,40,2104.6,2373.4,2880.8
55147.353,40,2092.6,2342.4,2868.6
55147.393,40,2076.8,2294.6,2793.6
55147.433,40,2066.4,2234.6,2655.2
55147.473,40,2047,2180,2494.2
55147.513,40,2039,2140,2354.2
55147.553,40,2026.4,2104.4,2257.4
55147.593,40,2015.4,2079.8,2184.8
55147.633,40,2013.4,2067,2134.6
55147.673,40,2005.6,2053,2100
55147.713,40,2008,2048.6,2080.2
55147.753,40,2004.2,2048,2079.6
55147.793,40,2007.6,2050.4,2088.6
55147.833,40,2006.8,2058.6,2110
55147.873,40,2007.6,2067.6,2140.8
55147.913,40,2018,2085.8,2202.2
55147.953,40,2027,2113.8,2296.6
55147.993,40,2037,2151.4,2448
55148.033,40,2051.8,2201.4,2620.2
55148.073,40,2067.6,2263.6,2771.8
55148.113,40,2085.8,2318.6,2851
55148.153,40,2103.2,2362.4,2872.6
55148.193,40,2103.2,2372,2874.6
55148.233,40,2095.4,2353.8,2873.8
55148.273,40,2091.6,2333.8,2853.4
55148.313,40,2085,2306.6,2817.8
55148.353,40,2072.8,2269.6,2760.6
55148.393,40,2061,2229,2645.4
55148.433,40,2044.6,2179,2498.8
55148.473,40,2035.8,2136.8,2361.2
55148.513,40,2027.8,2108.2,2251.4
55148.553,40,2019.2,2085.4,2182.4
55148.593,40,2013.2,2066.8,2133
55148.633,40,2007.4,2058.4,2102.6
55148.673,40,2004.6,2049.6,2086
55148.713,40,2006.8,2047.2,2084.4
55148.753,40,2007.4,2054.4,2099.2
55148.793,40,2010.2,2064.2,2132.4
55148.833,40,2016.6,2083.8,2185.8
55148.873,40,2025.2,2111.8,2276.6
55148.913,40,2041.2,2147.4,2397.8
55148.953,40,2055.4,2206.2,2537.8
55148.993,40,2076.2,2271.6,2661
55149.033,40,2098.6,2328.8,2736.6
55149.073,40,2118,2375.2,2760.4
55149.113,40,2124.6,2399.8,2777
55149.153,40,2114,2392,2816.6
55149.193,40,2105.8,2369.4,2857.2
55149.233,40,2094.2,2345.8,2864.8
55149.273,40,2081,2312.2,2839.6
55149.313,40,2069.2,2268,2775
55149.353,40,2052.6,2213.6,2650.6
55149.393,40,2045,2165,2486.8
55149.433,40,2033,2127,2335.6
55149.473,40,2026.6,2097.8,2234.6
55149.513,40,2018.2,2078.6,2164
55149.553,40,2011,2059.6,2119
55149.593,40,2005.4,2052,2092
55149.633,40,2003.2,2047.6,2075.6
55149.673,40,2004.8,2045.4,2073.2
55149.713,40,2005.6,2047.2,2081.4
55149.753,40,2008.6,2050.6,2099.8
55149.793,40,2010,2068.4,2132.6
55149.833,40,2018.4,2081.6,2192.2
55149.873,40,2027.6,2109.8,2287.8
55149.913,40,2040.6,2152.8,2414.4
55149.953,40,2053.2,2203,2557.6
55149.993,40,2073.6,2262.8,2676.6
55150.033,40,2093.8,2314.4,2731.8
55150.073,40,2111.4,2358.8,2744
55150.113,40,2119.6,2387,2755.2
55150.153,40,2123.2,2387.2,2766.2
55150.193,40,2110.4,2368.2,2788.4
55150.233,40,2096,2341.8,2803.4
55150.273,40,2084.8,2305.6,2791.6
55150.313,40,2071.2,2263.4,2732.4
55150.353,40,2053,2206,2611.4
55150.393,40,2042.4,2157,2447.2
55150.433,40,2030,2125,2311
55150.473,40,2024.8,2095.8,2214.2
55150.513,40,2014.2,2075.8,2158.4
55150.553,40,2008,2059.6,2116.4
55150.593,40,2005.2,2051.6,2089
55150.633,40,2005.6,2051,2076.2
55150.673,40,2007.2,2047.8,2085.6
55150.713,40,2008.2,2053.4,2099.2
55150.753,40,2010.8,2065.6,2126.6
55150.793,40,2018.8,2079,2180.6
55150.833,40,2023.8,2108.8,2264.2
55150.873,40,2034.8,2141.2,2387
55150.913,40,2053.2,2197,2555.4
55150.953,40,2071.4,2265.8,2707.8
55150.993,40,2094.2,2336.4,2797
55151.033,40,2121.8,2396.2,2794.4
55151.073,40,2136,2430.8,2777.4
55151.113,40,2134.6,2421,2789.6
55151.153,40,2117.4,2391,2812.6
55151.193,40,2098.6,2348,2811
55151.233,40,2081.4,2294.8,2760.2
55151.273,40,2061.8,2237.6,2649
55151.313,40,2043.6,2180.6,2497.8
55151.353,40,2036.2,2139.2,2359
55151.393,40,2024.6,2106.8,2258.6
55151.433,40,2018.6,2084.4,2190
55151.473,40,2012.8,2070.2,2141.2
55151.513,40,2006.8,2057,2106.8
55151.553,40,2004.8,2053.4,2090.4
55151.593,40,2005.2,2050,2083.8
55151.633,40,2010.2,2051,2089.4
55151.673,40,2011.2,2057.4,2111.2
55151.713,40,2013.4,2067.2,2141.8
55151.753,40,2022.4,2086.4,2198.4
55151.793,40,2030.2,2113.2,2290
55151.833,40,2035.6,2147.8,2431.8
55151.873,40,2051.8,2204.2,2608.2
55151.913,40,2066.8,2268,2771.2
55151.953,40,2089.4,2323.6,2857
55151.993,40,2100.2,2368.2,2882.2
55152.033,40,2112.8,2391.4,2879
55152.073,40,2113,2390.6,2876.4
55152.113,40,2101.8,2362.8,2882
55152.153,40,2090.6,2332.8,2867.8
55152.193,40,2079.4,2302.8,2835.6
55152.233,40,2069.4,2257.8,2766.2
55152.273,40,2050,2207.2,2641.4
55152.313,40,2040.8,2160.6,2489.6
55152.353,40,2031,2124.8,2342.2
55152.393,40,2022.4,2100.4,2244.2
55152.433,40,2016.6,2078.8,2170
55152.473,40,2011.6,2064.6,2130.8
55152.513,40,2009.4,2058.8,2104.4
55152.553,40,2005.2,2050.2,2087.2
55152.593,40,2002.8,2047.2,2078.2
55152.633,40,2011.2,2053.4,2089.6
55152.673,40,2014,2060.4,2109.4
55152.713,40,2013.2,2071,2155.4
55152.753,40,2017.6,2091.2,2228
55152.793,40,2028.8,2128.6,2351.6
55152.833,40,2044.8,2178.2,2516.8
55152.873,40,2065.4,2239,2673.8
55152.913,40,2086.2,2308.6,2765.8
55152.953,40,2108.6,2366.4,2790.8
55152.993,40,2117.2,2386,2801.2
55153.033,40,2105.6,2367.2,2829.6
55153.073,40,2099,2342,2847.6
55153.113,40,2086.4,2324.4,2845.2
55153.153,40,2076,2287,2803
55153.193,40,2062.8,2238.4,2709.8
55153.233,40,2043.4,2187.8,2553.6
55153.273,40,2038.2,2139.8,2386.2
55153.313,40,2028.8,2110.6,2264.2
55153.353,40,2018.4,2088.8,2189.2
55153.393,40,2013.4,2070,2139.8
55153.433,40,2006.2,2056.2,2108.6
55153.473,40,2003.8,2050.8,2090.4
55153.513,40,2003.2,2048.8,2085.4
55153.553,40,2005.4,2056.2,2093
55153.593,40,2006.4,2057.6,2108
55153.633,40,2013.6,2066.6,2139
55153.673,40,2019.2,2084.4,2178.4
55153.713,40,2024.6,2101.4,2239.6
55153.753,40,2035,2128.4,2327.4
55153.793,40,2042.6,2166.6,2444.2
55153.833,40,2057.8,2211.8,2564.8
55153.873,40,2068.8,2253.6,2657.2
55153.913,40,2083,2292.2,2728.6
55153.953,40,2085.8,2311.6,2771.2
55153.993,40,2081.8,2307.8,2801
55154.033,40,2074.8,2290.2,2797
55154.073,40,2072.6,2276,2793.8
55154.113,40,2068,2267.4,2773.2
55154.153,40,2063.8,2250.6,2748
55154.193,40,2057.8,2229,2696.6
55154.233,40,2048.8,2200.4,2595
55154.273,40,2044.2,2164.6,2478.6
55154.313,40,2037.6,2135.6,2357
55154.353,40,2026.4,2106.8,2263.6
55154.393,40,2021,2088.8,2199.6
55154.433,40,2017.2,2071.8,2144.8
55154.473,40,2007.2,2060.4,2110.4
55154.513,40,2006,2049.8,2090.2
55154.553,40,2002.4,2047.8,2076
55154.593,40,2004.2,2046.4,2077.4
55154.633,40,2009.8,2051.2,2085.2
55154.673,40,2007.6,2055,2105
55154.713,40,2011.4,2065.4,2133.8
55154.753,40,2014.2,2080.6,2176
55154.793,40,2026.6,2102.4,2250.6
55154.833,40,2035.6,2135.8,2353.4
55154.873,40,2041.8,2172.4,2483.4
55154.913,40,2056,2214,2619.2
55154.953,40,2070.8,2262,2731.2
55154.993,40,2079.4,2293.8,2796.4
55155.033,40,2081,2300,2815
55155.073,40,2074,2282.8,2805
55155.113,40,2069.6,2263.6,2777
55155.153,40,2065.2,2254.6,2758.2
55155.193,40,2062.4,2244.4,2732.2
55155.233,40,2057.8,2231.4,2686.4
55155.273,40,2052.6,2204.8,2606.4
55155.313,40,2044.4,2171.4,2499.4
55155.353,40,2031.8,2137,2380.2
55155.393,40,2026,2112.6,2282.8
55155.433,40,2020.8,2092,2207.4
55155.473,40,2019.8,2076.4,2160
55155.513,40,2010.4,2066.6,2129
55155.553,40,2008.2,2059.6,2110
55155.593,40,2006.2,2059.2,2109.6
55155.633,40,2009.6,2063.6,2122.4
55155.673,40,2015.8,2070.6,2144
55155.713,40,2022,2081.6,2189.4
55155.753,40,2023.6,2102,2263.6
55155.793,40,2036,2134.4,2367.8
55155.833,40,2044,2176.4,2497
55155.873,40,2059.6,2218.2,2630.8
55155.913,40,2072.8,2271,2728.6
55155.953,40,2087,2307.8,2782
55155.993,40,2088.6,2316.4,2805.8
55156.033,40,2079.8,2304.2,2806.8
55156.073,40,2073.2,2285,2796.4
55156.113,40,2068.8,2268.6,2771.8
55156.153,40,2062.8,2248.6,2733.8
55156.193,40,2056.8,2225.8,2674.6
55156.233,40,2052.4,2202.4,2577.4
55156.273,40,2047,2171.6,2465.2
55156.313,40,2043.4,2142.8,2364
55156.353,40,2033,2119.6,2290.8
55156.393,40,2021.2,2094.6,2226.6
55156.433,40,2015.6,2078.4,2176
55156.473,40,2014,2066,2139.2
55156.513,40,2012.6,2063,2127.6
55156.553,40,2011,2066.4,2132
55156.593,40,2012.2,2073.8,2155.2
55156.633,40,2017.4,2084.8,2205
55156.673,40,2024.6,2101.4,2272.2
55156.713,40,2030,2131.8,2371
55156.753,40,2039.8,2159,2492
55156.793,40,2047,2199.8,2618.8
55156.833,40,2060,2235.2,2711
55156.873,40,2069.2,2266.8,2775.6
55156.913,40,2074.8,2283,2796
55156.953,40,2075.2,2276.8,2790.8
55156.993,40,2070,2263.8,2753.8
55157.033,40,2069.4,2250,2718.6
55157.073,40,2062.6,2242.8,2683.2
55157.113,40,2061.6,2227.4,2628.2
55157.153,40,2054.2,2204.2,2540
55157.193,40,2046.2,2169.2,2449.8
55157.233,40,2036.8,2135.6,2352.2
55157.273,40,2026.6,2113.4,2273
55157.313,40,2017.8,2088.2,2203
55157.353,40,2014.6,2074.2,2154.6
55157.393,40,2011.2,2063.2,2123.6
55157.433,40,2012,2058.6,2117.6
55157.473,40,2011,2065,2128.8
55157.513,40,2016.8,2074,2155.6
55157.553,40,2021.2,2088.2,2199.4
55157.593,40,2026.2,2107,2263.6
55157.633,40,2030.6,2131,2338.8
55157.673,40,2043,2157,2431
55157.713,40,2048.4,2195.2,2529.2
55157.753,40,2060.2,2226.6,2623
55157.793,40,2070,2261.2,2677.6
55157.833,40,2081,2281,2728.6
55157.873,40,2081.8,2285.8,2746.8
55157.913,40,2073.2,2271.8,2739
55157.953,40,2064,2249,2709.2
55157.993,40,2057,2223.6,2658.8
55158.033,40,2051.6,2198,2577.6
55158.073,40,2042.8,2169,2484.2
55158.113,40,2036,2136,2372.8
55158.153,40,2025.6,2113,2279.8
55158.193,40,2021,2091.6,2208.2
55158.233,40,2014.6,2074.8,2159.2
55158.273,40,2015.4,2066.6,2129.8
55158.313,40,2009.2,2061,2115.8
55158.353,40,2010.8,2063.4,2120.8
55158.393,40,2013.2,2067,2144.8
55158.433,40,2015.4,2080.8,2182
55158.473,40,2020.4,2099.4,2237.6
55158.513,40,2028,2117.8,2315.2
55158.553,40,2036.4,2146,2405.2
55158.593,40,2047.6,2175,2501
55158.633,40,2050.2,2206.4,2590.6
55158.673,40,2062,2231.6,2652.4
55158.713,40,2068.2,2252,2691
55158.753,40,2070.2,2263.8,2707
55158.793,40,2070,2258.4,2701.6
55158.833,40,2064.2,2239.4,2661.4
55158.873,40,2056.8,2220.4,2615
55158.913,40,2052.6,2199.2,2544.6
55158.953,40,2045.6,2170,2460.2
55158.993,40,2040.4,2142.2,2366.8
55159.033,40,2034.2,2115.2,2280.8
55159.073,40,2021.8,2093.6,2216.2
55159.113,40,2020.2,2074.6,2161.6
55159.153,40,2013.8,2066,2129
55159.193,40,2009.8,2062,2108
55159.233,40,2012.2,2056.4,2107.4
55159.273,40,2013.6,2060.6,2122.6
55159.313,40,2016.4,2070.4,2156.4
55159.353,40,2018,2084.8,2199
55159.393,40,2023,2102,2257.2
55159.433,40,2033.6,2126.2,2331.6
55159.473,40,2039,2151.2,2411
55159.513,40,2048.6,2175,2486
55159.553,40,2055.6,2199.4,2551.8
55159.593,40,2059,2213,2598
55159.633,40,2057.4,2220.6,2620
55159.673,40,2059,2219.4,2618.2
55159.713,40,2054.8,2208,2588
55159.753,40,2050.4,2195.2,2551.2
55159.793,40,2046.8,2184.6,2509.2
55159.833,40,2045.6,2167.8,2445
55159.873,40,2040,2146,2374.8
55159.913,40,2032.8,2123.8,2304.8
55159.953,40,2024.4,2104.2,2242.8
55159.993,40,2016,2085.4,2190.4
55160.033,40,2013.6,2072.4,2149.2
55160.073,40,2010,2060,2121.8
55160.113,40,2011.2,2057,2111
55160.153,40,2012.4,2059.8,2120
55160.193,40,2015.4,2068,2138.6
55160.233,40,2016,2082.2,2176
55160.273,40,2023.8,2096.2,2230
55160.313,40,2029.8,2119,2296.2
55160.353,40,2041.8,2148.4,2379.6
55160.393,40,2051.2,2178.8,2473.4
55160.433,40,2059,2214.4,2564.2
55160.473,40,2067.8,2244.6,2640.6
55160.513,40,2073.8,2268,2692
55160.553,40,2072.2,2266.8,2704.2
55160.593,40,2070.4,2251.2,2682.8
55160.633,40,2060.8,2234.6,2656.4
55160.673,40,2056.4,2217.4,2605.6
55160.713,40,2049.8,2191.6,2532.2
55160.753,40,2041.6,2159.6,2445.4
55160.793,40,2033.6,2131.8,2358.6
55160.833,40,2023.4,2113,2282.4
55160.873,40,2023.6,2090,2217.8
55160.913,40,2017.4,2079.8,2168.6
55160.953,40,2013.6,2069.4,2140.8
55160.993,40,2010.6,2063.2,2120.2
55161.033,40,2009.2,2058.8,2116.8
55161.073,40,2011.4,2062.2,2121.6
55161.113,40,2013,2070.8,2145.4
55161.153,40,2017.4,2081,2187.6
55161.193,40,2022.6,2099.4,2237.8
55161.233,40,2027.2,2121.2,2307.2
55161.273,40,2038,2144.8,2386.6
55161.313,40,2043.2,2170.4,2469.4
55161.353,40,2054.4,2201.2,2544.8
55161.393,40,2063.6,2227.8,2598.2
55161.433,40,2069,2243.6,2630
55161.473,40,2068.2,2246.6,2641.2
55161.513,40,2068.8,2242.8,2635
55161.553,40,2061.6,2224.8,2609.4
55161.593,40,2054.2,2212.2,2588
55161.633,40,2046.8,2186,2523.6
55161.673,40,2038.8,2159.8,2446.2
55161.713,40,2033.6,2132.4,2356.4
55161.753,40,2023.8,2105.8,2278.4
55161.793,40,2016.4,2086,2210
55161.833,40,2016.4,2077,2161.4
55161.873,40,2013.6,2066.4,2134.2
55161.913,40,2009.6,2064,2115
55161.953,40,2009.8,2060.2,2115.8
55161.993,40,2013.2,2065.8,2129
55162.033,40,2015,2075.8,2154.2
55162.073,40,2020.6,2088,2204.8
55162.113,40,2024.4,2105.6,2267.2
55162.153,40,2035,2130.6,2357
55162.193,40,2040,2156.4,2452.6
55162.233,40,2046.8,2189.4,2548.6
55162.273,40,2051.2,2211.2,2640
55162.313,40,2058.2,2232.4,2700
55162.353,40,2065,2248.4,2729.8
55162.393,40,2061.2,2245.2,2730
55162.433,40,2059.6,2237.2,2707.2
55162.473,40,2054,2220.6,2651.4
55162.513,40,2059.4,2202.4,2579.6
55162.553,40,2047.2,2181,2482.4
55162.593,40,2041.6,2154.2,2392.2
55162.633,40,2034.6,2134.2,2329.2
55162.673,40,2026.2,2106.6,2262.4
55162.713,40,2016.6,2084.8,2196.8
55162.753,40,2016.2,2069.2,2151
55162.793,40,2007.6,2065.4,2118.2
55162.833,40,2005.6,2053.2,2101
55162.873,40,2004.6,2055.2,2094.6
55162.913,40,2011.6,2054.8,2103.6
55162.953,40,2017.6,2065.4,2121.6
55162.993,40,2014,2077.8,2155.4
55163.033,40,2022,2087.8,2204.8
55163.073,40,2025.8,2108.4,2275
55163.113,40,2032.4,2133.4,2378.2
55163.153,40,2041.2,2169,2498.4
55163.193,40,2054.8,2211,2631.2
55163.233,40,2066.8,2252.4,2748
55163.273,40,2080.8,2292,2814.2
55163.313,40,2086,2314.2,2839.8
55163.353,40,2085,2312.4,2837.6
55163.393,40,2076.2,2285.4,2806.4
55163.433,40,2069.4,2263.2,2751.2
55163.473,40,2061.2,2233.2,2665
55163.513,40,2053.4,2199.4,2551.6
55163.553,40,2046,2161.6,2434.4
55163.593,40,2035,2130.4,2330.2
55163.633,40,2027.2,2103.8,2250.4
55163.673,40,2020.8,2083.6,2182.6
55163.713,40,2014,2067.8,2138.6
55163.753,40,2011.4,2057.2,2112.4
55163.793,40,2006.8,2053,2098.6
55163.833,40,2009,2056.2,2103.2
55163.873,40,2008.2,2065.6,2118
55163.913,40,2013,2076.8,2150.8
55163.953,40,2023.8,2086,2200.2
55163.993,40,2028.4,2111.4,2272.4
55164.033,40,2036.4,2141.2,2375
55164.073,40,2048.4,2182.6,2497.8
55164.113,40,2061.6,2230.4,2624.6
55164.153,40,2076.6,2279.6,2720.2
55164.193,40,2088.4,2317.8,2788.6
55164.233,40,2095,2326,2803.4
55164.273,40,2083.8,2309,2793.8
55164.313,40,2078.8,2283.4,2763
55164.353,40,2068.6,2248.2,2700.8
55164.393,40,2057.6,2217,2610.8
55164.433,40,2049.4,2185.8,2511.2
55164.473,40,2041.6,2155.8,2408.2
55164.513,40,2036.2,2127.8,2325.4
55164.553,40,2025.2,2103.2,2245.4
55164.593,40,2019.2,2082.8,2186.8
55164.633,40,2010.8,2065.4,2137.4
55164.673,40,2005.6,2057.4,2108.2
55164.713,40,2006.8,2052.4,2091.8
55164.753,40,2004.8,2051,2088.8
55164.793,40,2008.2,2054.4,2095.2
55164.833,40,2012.8,2057.4,2120.4
55164.873,40,2014.6,2073.4,2158.8
55164.913,40,2021.8,2097,2226.8
55164.953,40,2031.4,2128.2,2340.8
55164.993,40,2052.6,2182.4,2510
55165.033,40,2067.8,2255,2701.4
55165.073,40,2096.4,2344.4,2808
55165.113,40,2127.8,2416.6,2809.2
55165.153,40,2154.2,2459.2,2749.8
55165.193,40,2166.6,2470.2,2708.8
55165.233,40,2157,2446.8,2690
55165.273,40,2140.4,2402.8,2673.8
55165.313,40,2122.8,2357.8,2657.2
55165.353,40,2098.6,2313.2,2691
55165.393,40,2070.4,2248.2,2627.2
55165.433,40,2049.2,2181.8,2472.2
55165.473,40,2033.4,2135.8,2331.4
55165.513,40,2023.6,2100.2,2227.6
55165.553,40,2017.4,2076.6,2159.4
55165.593,40,2010.2,2062.6,2122.4
55165.633,40,2007.6,2054.4,2098.6
55165.673,40,2004.4,2050.2,2087.2
55165.713,40,2007.4,2052.4,2090.8
55165.753,40,2011.8,2061,2113
55165.793,40,2015.8,2079.8,2157.8
55165.833,40,2023.2,2101.6,2247.8
55165.873,40,2039.4,2151.6,2408.2
55165.913,40,2064,2229.4,2630.4
55165.953,40,2094.4,2334.6,2779
55165.993,40,2134.6,2422.8,2784.8
55166.033,40,2166,2466.8,2716
55166.073,40,2170,2469.8,2688.8
55166.113,40,2158,2451.8,2709.2
55166.153,40,2141.4,2410,2734.8
55166.193,40,2116.8,2361.4,2722.4
55166.233,40,2093.2,2300.2,2679.8
55166.273,40,2065.6,2239.2,2590
55166.313,40,2051.4,2176,2458.2
55166.353,40,2034.4,2128.4,2322
55166.393,40,2021.8,2093,2217.4
55166.433,40,2014.4,2075,2153.4
55166.473,40,2011.2,2060,2115
55166.513,40,2006,2054.4,2095.2
55166.553,40,2011.8,2053.8,2097.8
55166.593,40,2014.6,2060.4,2111.2
55166.633,40,2014,2074,2147.8
55166.673,40,2019.8,2093.2,2215.2
55166.713,40,2031.4,2129.6,2339.2
55166.753,40,2050,2191.2,2532.6
55166.793,40,2081,2277.8,2728.2
55166.833,40,2113.8,2376.6,2798
55166.873,40,2144.4,2437,2761.8
55166.913,40,2161.8,2457.6,2711.4
55166.953,40,2159.8,2443.8,2690.6
55166.993,40,2146,2415.2,2685.4
55167.033,40,2127.8,2385.2,2698.8
55167.073,40,2109.8,2338.2,2699
55167.113,40,2082.6,2280.8,2660
55167.153,40,2064.6,2222.4,2553.6
55167.193,40,2042.4,2162.4,2420.4
55167.233,40,2029,2121.4,2290.8
55167.273,40,2024.8,2089.2,2204
55167.313,40,2012,2070.6,2146.8
55167.353,40,2010,2061.4,2113.8
55167.393,40,2012,2054.4,2096.8
55167.433,40,2013.6,2054,2102.2
55167.473,40,2013.4,2064,2125.2
55167.513,40,2017.2,2077,2166.2
55167.553,40,2024.6,2102.2,2245.4
55167.593,40,2039.2,2145,2374.8
55167.633,40,2052.8,2200.2,2543.4
55167.673,40,2082.8,2278,2678.2
55167.713,40,2106.6,2350.8,2743
55167.753,40,2130.8,2397,2726.8
55167.793,40,2142,2405.8,2688.6
55167.833,40,2138.2,2392.4,2671.8
55167.873,40,2121.6,2367.8,2685.4
55167.913,40,2109,2345.8,2718.4
55167.953,40,2087.4,2298.4,2694.4
55167.993,40,2069.2,2242.2,2612.2
55168.033,40,2049.4,2185.6,2480.8
55168.073,40,2040,2139.4,2353
55168.113,40,2024.4,2103.2,2251.8
55168.153,40,2019.6,2081.6,2177
55168.193,40,2011.4,2068.2,2130
55168.233,40,2007.2,2058,2100.2
55168.273,40,2005.6,2054,2088
55168.313,40,2005,2052,2088.8
55168.353,40,2005.8,2058.8,2109.4
55168.393,40,2012.6,2066.6,2139
55168.433,40,2019,2089.6,2200.2
55168.473,40,2028.6,2113.2,2302.2
55168.513,40,2042.2,2160.2,2445.6
55168.553,40,2060.2,2224,2608.8
55168.593,40,2079.6,2287.4,2746.4
55168.633,40,2103.8,2359.6,2807.4
55168.673,40,2129.8,2414,2790.2
55168.713,40,2143.8,2434,2759
55168.753,40,2137,2416.6,2754.6
55168.793,40,2124,2384.6,2752
55168.833,40,2101.4,2339.6,2740.6
55168.873,40,2079.8,2278.4,2682.2
55168.913,40,2058.8,2214.8,2568.6
55168.953,40,2044.6,2158.2,2420.6
55168.993,40,2031.4,2119,2290.6
55169.033,40,2021,2090.6,2199
55169.073,40,2013,2070.6,2144.6
55169.113,40,2012,2055.8,2106.2
55169.153,40,2005.4,2048.2,2082
55169.193,40,2008.4,2048.4,2080.4
55169.233,40,2006.6,2053.8,2094.4
55169.273,40,2012.2,2063,2122.6
55169.313,40,2017,2079.4,2185.4
55169.353,40,2030,2120.4,2320.6
55169.393,40,2047.8,2191.2,2544.2
55169.433,40,2075.8,2288,2769.2
55169.473,40,2117.6,2392,2819
55169.513,40,2151.6,2450.6,2745.4
55169.553,40,2171.4,2473.8,2687.4
55169.593,40,2163.2,2460,2698.4
55169.633,40,2149.6,2439.2,2735
55169.673,40,2127.2,2404.2,2787.6
55169.713,40,2101.4,2350,2804
55169.753,40,2072.8,2280.2,2741.4
55169.793,40,2052,2201.4,2580.2
55169.833,40,2035.6,2141.8,2391.2
55169.873,40,2025.4,2105.6,2250.4
55169.913,40,2016.6,2076.2,2165.2
55169.953,40,2008,2059.8,2117
55169.993,40,2004.6,2051,2090
55170.033,40,2006.8,2045.4,2078
55170.073,40,2003.6,2050.8,2081.8
55170.113,40,2011.2,2058.6,2105
55170.153,40,2013.8,2070.8,2137.8
55170.193,40,2021.6,2091,2220.4
55170.233,40,2032.2,2135.6,2375.2
55170.273,40,2055,2209.6,2615.2
55170.313,40,2089.8,2320.6,2805.4
55170.353,40,2130,2424,2806.6
55170.393,40,2163.4,2472,2715.8
55170.433,40,2182.6,2486.6,2660.2
55170.473,40,2174.2,2469.6,2681
55170.513,40,2157.8,2455.4,2736.4
55170.553,40,2128.2,2416.4,2800.8
55170.593,40,2106,2357.6,2832.4
55170.633,40,2077.4,2275.4,2762
55170.673,40,2047.6,2196.2,2582.4
55170.713,40,2034.6,2137.2,2374.6
55170.753,40,2021.6,2096.6,2227
55170.793,40,2011.2,2070.6,2149.8
55170.833,40,2007.8,2058,2104.8
55170.873,40,2007.6,2048,2082.4
55170.913,40,2005.8,2048,2068.2
55170.953,40,2004.8,2047,2078.2
55170.993,40,2009.2,2051.6,2100.4
55171.033,40,2014,2069,2135.8
55171.073,40,2019.8,2092,2213.8
55171.113,40,2033.2,2127.4,2351.4
55171.153,40,2051,2195.4,2565
55171.193,40,2079.8,2292.2,2764.2
55171.233,40,2117.8,2394.6,2820.4
55171.273,40,2154.2,2454.2,2761.4
55171.313,40,2170.8,2477.8,2707.6
55171.353,40,2168.2,2468.6,2706.4
55171.393,40,2154.4,2443.8,2730.8
55171.433,40,2134.2,2409,2751.6
55171.473,40,2114.2,2353.8,2750.2
55171.513,40,2084.4,2282,2675.8
55171.553,40,2063.8,2218.6,2544.2
55171.593,40,2043.2,2155.6,2397.4
55171.633,40,2029.6,2116.8,2278.6
55171.673,40,2020.4,2086.6,2190.4
55171.713,40,2014,2068.6,2136
55171.753,40,2008.2,2056.6,2107.6
55171.793,40,2003.8,2054.4,2094.4
55171.833,40,2009.2,2054.2,2098.2
55171.873,40,2010.4,2061.4,2119.4
55171.913,40,2017.4,2077,2167.2
55171.953,40,2024,2104.2,2253.4
55171.993,40,2039.2,2151.6,2394.6
55172.033,40,2060.2,2214.4,2562
55172.073,40,2089.8,2297.4,2704
55172.113,40,2120.4,2376.6,2741.6
55172.153,40,2142.6,2419.2,2711.8
55172.193,40,2148.2,2424.6,2688.4
55172.233,40,2137.8,2404.6,2690.4
55172.273,40,2123.2,2371.6,2699
55172.313,40,2104.2,2325.4,2695.2
55172.353,40,2077.4,2271,2644.2
55172.393,40,2059.2,2211,2538.2
55172.433,40,2041.4,2154.4,2393.6
55172.473,40,2027.2,2114.4,2277
55172.513,40,2016.4,2085.4,2187.6
55172.553,40,2014.8,2066,2136.6
55172.593,40,2013,2059.4,2105.8
55172.633,40,2008.4,2053.2,2087.8
55172.673,40,2005.2,2048.4,2087.4
55172.713,40,2007.4,2053.8,2094.8
55172.753,40,2010.6,2061.8,2123.6
55172.793,40,2018.8,2082.6,2181.2
55172.833,40,2026.8,2111,2285
55172.873,40,2041.2,2162.6,2460.6
55172.913,40,2066.2,2241.4,2672.2
55172.953,40,2097.6,2338.8,2803
55172.993,40,2128.2,2414,2800.4
55173.033,40,2152.4,2451.2,2753
55173.073,40,2159.4,2460.8,2734
55173.113,40,2142.2,2437.2,2764
55173.153,40,2128.6,2398.8,2784
55173.193,40,2104,2355.4,2773.2
55173.233,40,2083.8,2280.8,2692.4
55173.273,40,2059.6,2214.8,2543.6
55173.313,40,2043.6,2157.8,2400
55173.353,40,2029.6,2114,2277.8
55173.393,40,2015,2084.4,2186.4
55173.433,40,2012.8,2063.6,2129
55173.473,40,2006.8,2059,2098.2
55173.513,40,2005.4,2046.4,2079.6
55173.553,40,2005,2047.4,2076.6
55173.593,40,2002.6,2054.4,2092
55173.633,40,2008.4,2060.2,2112.2
55173.673,40,2015,2073.4,2159
55173.713,40,2021.8,2100.2,2255.2
55173.753,40,2041.4,2148,2434.6
55173.793,40,2056.4,2228.4,2682.2
55173.833,40,2093.4,2335.6,2853.4
55173.873,40,2130.8,2427,2855.8
55173.913,40,2156.6,2475.2,2762.6
55173.953,40,2176.4,2479.4,2703
55173.993,40,2163.4,2460.6,2707.4
55174.033,40,2145.2,2414,2697.4
55174.073,40,2125.6,2365.8,2674.2
55174.113,40,2102,2319.4,2678.4
55174.153,40,2075,2262.4,2651.4
55174.193,40,2051.4,2191.6,2513.8
55174.233,40,2035.2,2137,2355.4
55174.273,40,2023.8,2102.6,2227.2
55174.313,40,2012.4,2072.4,2157
55174.353,40,2011.6,2057.8,2111
55174.393,40,2003.2,2055.6,2086.2
55174.433,40,2005.8,2048.2,2079.2
55174.473,40,2006,2052,2085
55174.513,40,2010.8,2061,2112.8
55174.553,40,2013.8,2075.6,2175.2
55174.593,40,2028.2,2113,2296
55174.633,40,2049.4,2179.2,2508
55174.673,40,2077,2280.2,2712.8
55174.713,40,2122.2,2387.8,2762
55174.753,40,2161.6,2441.6,2668.8
55174.793,40,2183.4,2448.2,2596.6
55174.833,40,2180.6,2439.8,2585.6
55174.873,40,2162.6,2432,2633.6
55174.913,40,2142.4,2422.2,2726
55174.953,40,2113.4,2383,2808.4
55174.993,40,2087.6,2317.2,2819.8
55175.033,40,2061.4,2238.6,2717.4
55175.073,40,2041.6,2168.6,2515.8
55175.113,40,2030.2,2121.4,2333
55175.153,40,2021.2,2086.2,2208.4
55175.193,40,2012.6,2068.8,2138
55175.233,40,2008.6,2054.6,2099.8
55175.273,40,2003.8,2051.2,2078.8
55175.313,40,2010,2045.2,2074.6
55175.353,40,2005,2051,2081
55175.393,40,2011.6,2060.8,2110.6
55175.433,40,2014.2,2071.2,2152.2
55175.473,40,2018.8,2096,2237.6
55175.513,40,2035.4,2140.8,2387.4
55175.553,40,2056,2208.4,2596
55175.593,40,2081.8,2303,2767.6
55175.633,40,2118.8,2393.4,2791.8
55175.673,40,2152.4,2449.8,2747
55175.713,40,2163.8,2459,2704.6
55175.753,40,2154.6,2447.8,2718.4
55175.793,40,2141,2421.6,2748.6
55175.833,40,2118.8,2386.4,2784.6
55175.873,40,2093.8,2333.6,2784
55175.913,40,2070.4,2262.6,2705.8
55175.953,40,2051.6,2193.2,2540.2
55175.993,40,2038.2,2137.4,2367
55176.033,40,2024.2,2101.2,2242
55176.073,40,2016.8,2077.8,2169.2
55176.113,40,2011,2063.8,2125
55176.153,40,2007.8,2053.2,2097.8
55176.193,40,2005.6,2048.6,2086.8
55176.233,40,2004.6,2055.6,2094.4
55176.273,40,2009,2060.6,2111.8
55176.313,40,2011.2,2071,2146.2
55176.353,40,2018.6,2085.4,2203.4
55176.393,40,2026,2111.6,2297.2
55176.433,40,2037.6,2153.8,2447.2
55176.473,40,2051.2,2209.8,2634.8
55176.513,40,2072.8,2280.6,2792.6
55176.553,40,2095.6,2346.2,2864
55176.593,40,2111.6,2386.2,2861
55176.633,40,2115.4,2391.2,2850.6
55176.673,40,2106.2,2366.8,2838.6
55176.713,40,2096.6,2340.6,2818.4
55176.753,40,2079.4,2286.2,2753.2
55176.793,40,2062,2233.4,2641.4
55176.833,40,2052,2181.6,2486.8
55176.873,40,2038.2,2136.2,2349.6
55176.913,40,2027,2107.8,2246.4
55176.953,40,2015.6,2079.6,2178.6
55176.993,40,2013.2,2065.4,2134
55177.033,40,2007.4,2056.4,2105
55177.073,40,2007.8,2050,2088.2
55177.113,40,2010.4,2050.8,2092.4
55177.153,40,2009.4,2057,2111.2
55177.193,40,2015.4,2067.6,2136.8
55177.233,40,2015.8,2082.2,2190.4
55177.273,40,2025.8,2102.8,2261
55177.313,40,2035.2,2131.6,2360.8
55177.353,40,2044.2,2168.2,2486.2
55177.393,40,2052.6,2204.8,2613.8
55177.433,40,2062.4,2243.8,2719.6
55177.473,40,2069.8,2272.6,2790.8
55177.513,40,2076,2292.6,2810.6
55177.553,40,2072.6,2286.2,2811.4
55177.593,40,2074,2278,2785.8
55177.633,40,2071,2268,2744.4
55177.673,40,2068.2,2257.4,2713
55177.713,40,2062,2241.2,2659.2
55177.753,40,2053.2,2214.6,2586.4
55177.793,40,2042.6,2172.8,2485.2
55177.833,40,2037.2,2142.6,2379.2
55177.873,40,2027,2111,2288.4
55177.913,40,2018.4,2091.8,2211.8
55177.953,40,2014.6,2073.4,2158.4
55177.993,40,2013,2064.6,2127.8
55178.033,40,2012.4,2062.6,2124.8
55178.073,40,2013.6,2067.8,2144.6
55178.113,40,2017.8,2078.6,2167
55178.153,40,2020.6,2091,2211.8
55178.193,40,2024.2,2109.6,2270.2
55178.233,40,2034.4,2130,2345
55178.273,40,2040.8,2157.2,2438.2
55178.313,40,2046.4,2185.8,2530.8
55178.353,40,2053.8,2212.2,2615.8
55178.393,40,2059,2231.8,2686.8
55178.433,40,2058.6,2243.2,2720.8
55178.473,40,2060.2,2245.4,2722.2
55178.513,40,2061.8,2236.2,2703.6
55178.553,40,2057.6,2230.4,2679
55178.593,40,2061.2,2226.4,2660
55178.633,40,2057.2,2218.2,2612
55178.673,40,2051.2,2194.6,2538.8
55178.713,40,2049,2173.6,2456.6
55178.753,40,2038.6,2142.2,2381.6
55178.793,40,2034,2120.2,2311.8
55178.833,40,2022.8,2100.6,2243.6
55178.873,40,2015.4,2080.6,2186.6
55178.913,40,2010.8,2065.2,2141.8
55178.953,40,2011.2,2056.2,2115.4
55178.993,40,2012.2,2052.4,2104.4
55179.033,40,2008,2052.6,2101
55179.073,40,2010.4,2058.4,2121.6
55179.113,40,2009,2070.6,2156.8
55179.153,40,2018.6,2087.8,2194.2
55179.193,40,2030.6,2103.8,2245.8
55179.233,40,2032.2,2126.4,2312.8
55179.273,40,2041.8,2150.6,2398
55179.313,40,2046.4,2174.2,2495.6
55179.353,40,2051.6,2204,2593
55179.393,40,2054.6,2224.6,2662.6
55179.433,40,2061.4,2235.8,2712.4
55179.473,40,2062.2,2244.6,2726.4
55179.513,40,2059.2,2234.6,2719
55179.553,40,2059.4,2226.6,2693.6
55179.593,40,2052,2214.2,2649.4
55179.633,40,2055.2,2207.6,2606.2
55179.673,40,2048.2,2195.2,2557.4
55179.713,40,2047.6,2176.6,2492.8
55179.753,40,2044,2154.6,2419
55179.793,40,2034,2131.6,2355.6
55179.833,40,2025.8,2115.4,2295.2
55179.873,40,2023.2,2097.4,2235
55179.913,40,2019.8,2085.2,2187
55179.953,40,2013.4,2070.2,2150.6
55179.993,40,2013.2,2065,2129.2
55180.033,40,2010,2061,2118.8
55180.073,40,2011,2063,2124.6
55180.113,40,2013.2,2069.6,2153.6
55180.153,40,2019.4,2087.2,2197.6
55180.193,40,2025.4,2105,2257.8
55180.233,40,2031.6,2127.6,2342
55180.273,40,2043.4,2159,2434.2
55180.313,40,2047.2,2187.4,2532
55180.353,40,2055,2223,2617
55180.393,40,2067.8,2241,2676.8
55180.433,40,2070.8,2262.4,2717.6
55180.473,40,2069.8,2271,2734.6
55180.513,40,2066.6,2263,2733
55180.553,40,2066.4,2252.2,2700.8
55180.593,40,2062.4,2236.6,2670.8
55180.633,40,2057.2,2219.8,2622.2
55180.673,40,2051.2,2197.2,2575.2
55180.713,40,2044.2,2175.4,2502.8
55180.753,40,2036.8,2147.6,2418.2
55180.793,40,2031.6,2124.4,2337.8
55180.833,40,2023,2104.4,2267.6
55180.873,40,2021,2088,2202.8
55180.913,40,2012.6,2072.4,2157.6
55180.953,40,2009.8,2065,2129.2
55180.993,40,2013,2064.2,2115.8
55181.033,40,2009.6,2062.8,2114.2
55181.073,40,2010.4,2062.6,2126.6
55181.113,40,2016.6,2072.6,2151.8
55181.153,40,2021.2,2082.2,2188.2
55181.193,40,2027.8,2099.6,2236.4
55181.233,40,2028.8,2118.2,2308.8
55181.273,40,2038.8,2145,2397.2
55181.313,40,2046.4,2169.8,2501.8
55181.353,40,2048,2198.6,2594.6
55181.393,40,2057,2224.2,2670.2
55181.433,40,2066.6,2248.8,2722.4
55181.473,40,2067.2,2255,2743.2
55181.513,40,2063.2,2261.2,2736.6
55181.553,40,2064.6,2249,2710.2
55181.593,40,2061.4,2233.4,2672
55181.633,40,2058,2222.8,2641.2
55181.673,40,2054.8,2207.6,2593
55181.713,40,2046.2,2183.2,2529.4
55181.753,40,2041.6,2160.4,2460.6
55181.793,40,2031.8,2138,2382.2
55181.833,40,2027.8,2115,2307.4
55181.873,40,2020.4,2092.6,2237.6
55181.913,40,2014.4,2079.4,2177.6
55181.953,40,2011.8,2067.8,2140.2
55181.993,40,2009,2056.6,2111
55182.033,40,2011.2,2054.2,2104
55182.073,40,2009.6,2059.8,2108.2
55182.113,40,2011.2,2064.2,2126.2
55182.153,40,2015.8,2068.8,2151.8
55182.193,40,2016.8,2086.8,2189.6
55182.233,40,2024,2098,2245.2
55182.273,40,2028.8,2119.4,2332.2
55182.313,40,2039.8,2150,2436.8
55182.353,40,2046.2,2185.8,2562.6
55182.393,40,2055.6,2217.2,2666.6
55182.433,40,2063.6,2250.8,2741
55182.473,40,2068.4,2276.4,2783.6
55182.513,40,2075.6,2284.6,2779.8
55182.553,40,2069.8,2271,2740.4
55182.593,40,2065.2,2255,2699
55182.633,40,2067.6,2241.8,2655.2
55182.673,40,2059.8,2228.2,2620.8
55182.713,40,2052.4,2205.2,2575.2
55182.753,40,2046.6,2181.8,2518.2
55182.793,40,2039.6,2162.8,2454
55182.833,40,2035.4,2134.2,2383
55182.873,40,2028.2,2110.6,2311.4
55182.913,40,2019,2093.8,2246.8
55182.953,40,2014,2080.6,2186.6
55182.993,40,2014.8,2072.6,2147.8
55183.033,40,2011,2061.4,2122.8
55183.073,40,2009,2059,2109.4
55183.113,40,2010.4,2054.8,2108.6
55183.153,40,2011.4,2057.8,2115.4
55183.193,40,2012.8,2066.4,2127.6
55183.233,40,2015.4,2075.6,2159
55183.273,40,2018.6,2083.6,2200.4
55183.313,40,2020.6,2101.4,2261.4
55183.353,40,2028.8,2119.6,2337.4
55183.393,40,2037.2,2145.8,2430.8
55183.433,40,2041.8,2174.4,2531.2
55183.473,40,2052.2,2203.4,2622.4
55183.513,40,2057.8,2229.2,2697
55183.553,40,2064.6,2251.6,2730.8
55183.593,40,2067,2259.8,2741.6
55183.633,40,2064.2,2250.4,2707.2
55183.673,40,2063,2236.4,2668
55183.713,40,2060.8,2234.6,2637.6
55183.753,40,2060.6,2225,2610.4
55183.793,40,2055.4,2216.2,2589
55183.833,40,2051.2,2203.8,2565.8
55183.873,40,2048,2187.4,2529.2
55183.913,40,2041,2165.2,2481
55183.953,40,2036.8,2141.2,2416.2
55183.993,40,2028.8,2121,2340.8
55184.033,40,2022.4,2103.4,2268.2
55184.073,40,2019.2,2087,2210.8
55184.113,40,2015.6,2075.4,2167.8
55184.153,40,2010.8,2065.6,2135.2
55184.193,40,2011,2058.4,2113.6
55184.233,40,2009,2061,2113.6
55184.273,40,2011,2066.4,2119.8
55184.313,40,2016.6,2072.8,2145.6
55184.353,40,2018.8,2081.8,2179.6
55184.393,40,2020,2093.2,2235
55184.433,40,2027.4,2117,2323.4
55184.473,40,2034.6,2144.8,2427
55184.513,40,2046.4,2181.4,2540.4
55184.553,40,2053.8,2219.8,2653.2
55184.593,40,2069.2,2256,2743.2
55184.633,40,2078,2286,2788.2
55184.673,40,2083,2297.6,2800.8
55184.713,40,2081.6,2289,2779.6
55184.753,40,2072.8,2271,2742.8
55184.793,40,2068.8,2259.2,2703
55184.833,40,2067.6,2243.2,2650.2
55184.873,40,2062,2223.8,2588
55184.913,40,2055.2,2195.4,2524.6
55184.953,40,2040.8,2165.6,2446.6
55184.993,40,2036.6,2136.2,2369.6
55185.033,40,2027.2,2115.4,2290
55185.073,40,2023,2092,2218.4
55185.113,40,2013.6,2075.2,2162
55185.153,40,2009.8,2063.6,2127.6
55185.193,40,2010.2,2058.2,2109
55185.233,40,2006.6,2062.6,2105.4
55185.273,40,2011.6,2063.2,2117.4
55185.313,40,2014.6,2070.6,2144.2
55185.353,40,2021.4,2083.6,2191.4
55185.393,40,2020.2,2104.4,2272.8
55185.433,40,2032.4,2137,2381.8
55185.473,40,2041,2165.4,2508.4
55185.513,40,2053.4,2209.8,2637.2
55185.553,40,2068.6,2250,2739.8
55185.593,40,2077.2,2283.6,2796.6
55185.633,40,2081.2,2306.2,2823
55185.673,40,2085.2,2311.4,2824.6
55185.713,40,2081.8,2301.6,2785.4
55185.753,40,2080,2286.8,2742.2
55185.793,40,2079.6,2272.4,2697.8
55185.833,40,2068.4,2249.6,2627.4
55185.873,40,2060.8,2220.2,2568.8
55185.913,40,2052.6,2193,2501.8
55185.953,40,2046.4,2160.6,2432.2
55185.993,40,2033.4,2133.6,2347.2
55186.033,40,2024.8,2103.8,2259.4
55186.073,40,2015.6,2080.4,2185
55186.113,40,2012.4,2061.6,2131.6
55186.153,40,2008.2,2055.2,2100.8
55186.193,40,2007.2,2054.4,2103.4
55186.233,40,2009.2,2063.2,2122.6
55186.273,40,2014,2075.6,2158
55186.313,40,2023.2,2091.6,2215.6
55186.353,40,2032.6,2120,2299.2
55186.393,40,2040.2,2153.4,2414
55186.433,40,2054.4,2195.6,2550
55186.473,40,2062.2,2242.6,2680.8
55186.513,40,2081.4,2288.2,2778.8
55186.553,40,2083.8,2313.2,2824.2
55186.593,40,2079.8,2301.2,2817.2
55186.633,40,2070.2,2266.8,2763.2
55186.673,40,2059.6,2231.8,2685.6
55186.713,40,2050,2191.2,2565.6
55186.753,40,2039.4,2155,2434.4
55186.793,40,2031.2,2121.2,2308.6
55186.833,40,2023.6,2093.2,2216.8
55186.873,40,2012,2074.4,2156.4
55186.913,40,2009.8,2061.8,2118.6
55186.953,40,2008,2055.8,2101
55186.993,40,2010,2057.8,2107.4
55187.033,40,2013.6,2067.8,2137.6
55187.073,40,2013.4,2080.8,2183
55187.113,40,2028.2,2103.6,2265.2
55187.153,40,2036,2142.6,2374.6
55187.193,40,2051.4,2187.8,2510.2
55187.233,40,2066.6,2237.8,2642.8
55187.273,40,2085.8,2293.6,2732
55187.313,40,2089,2313.6,2756.4
55187.353,40,2085.4,2292.6,2735.6
55187.393,40,2072.8,2261.6,2696.6
55187.433,40,2057.4,2215.8,2602.8
55187.473,40,2043.4,2168.6,2474.2
55187.513,40,2030.2,2128,2336.6
55187.553,40,2020.6,2093.4,2222.4
55187.593,40,2013.2,2070.4,2150
55187.633,40,2010.6,2056.6,2107.4
55187.673,40,2006,2053.8,2092.4
55187.713,40,2006.4,2056,2103.8
55187.753,40,2014.4,2065.2,2133.2
55187.793,40,2018.6,2085.2,2187.4
55187.833,40,2026.6,2106.8,2274.6
55187.873,40,2040.2,2148.2,2407.4
55187.913,40,2049.6,2205.8,2581.6
55187.953,40,2070.2,2268.6,2750.4
55187.993,40,2088.4,2322,2847
55188.033,40,2088.8,2327.8,2865
55188.073,40,2079.4,2296.4,2833.4
55188.113,40,2066.6,2258.4,2763.6
55188.153,40,2059,2219,2632
55188.193,40,2047.4,2171.6,2475.6
55188.233,40,2035.2,2129.2,2339
55188.273,40,2025,2099.6,2237.8
55188.313,40,2015.2,2079,2169.6
55188.353,40,2011.8,2063.2,2123.8
55188.393,40,2011,2056.4,2100
55188.433,40,2004.6,2051.4,2093.4
55188.473,40,2008.8,2056.2,2104.8
55188.513,40,2011.2,2065,2133.6
55188.553,40,2014.8,2078.8,2181.6
55188.593,40,2024.2,2100,2248.4
55188.633,40,2033.2,2131,2342.2
55188.673,40,2045.4,2167.6,2449.2
55188.713,40,2057.6,2208.2,2554.6
55188.753,40,2068,2253.4,2636.6
55188.793,40,2075.2,2270.8,2663.8
55188.833,40,2072.6,2248.6,2643.2
55188.873,40,2059.6,2223,2599.6
55188.913,40,2047.8,2191,2532.6
55188.953,40,2037.8,2154.8,2435.2
55188.993,40,2028.4,2124,2338.4
55189.033,40,2023,2097.8,2246.6
55189.073,40,2016.6,2082,2180
55189.113,40,2013.8,2066.6,2134.8
55189.153,40,2009.4,2058,2110.4
55189.193,40,2008.8,2053.6,2093.6
55189.233,40,2008.6,2051.4,2092.2
55189.273,40,2010,2059.4,2106
55189.313,40,2009,2067.6,2130
55189.353,40,2011.8,2081.4,2170.4
55189.393,40,2024,2091.2,2227.4
55189.433,40,2026.6,2116.2,2317.6
55189.473,40,2038.4,2147.2,2427.2
55189.513,40,2046.8,2186.8,2555.6
55189.553,40,2054.8,2225.2,2660.6
55189.593,40,2066.4,2248.8,2722.6
55189.633,40,2067.6,2252.6,2728
55189.673,40,2058.6,2234.4,2681.2
55189.713,40,2054,2210.4,2628.6
55189.753,40,2047,2185.4,2553.2
55189.793,40,2038.2,2156,2458.8
55189.833,40,2030.4,2125.4,2355
55189.873,40,2023,2101.8,2264.6
55189.913,40,2017,2080.8,2191.6
55189.953,40,2015,2070.8,2139.2
55189.993,40,2006.4,2055.8,2108.6
55190.033,40,2006.8,2050.8,2092.2
55190.073,40,2008.2,2050.2,2086.4
55190.113,40,2006.8,2057.4,2100
55190.153,40,2012.4,2059.4,2115.6
55190.193,40,2009,2071.6,2147.4
55190.233,40,2015.6,2082.4,2197.8
55190.273,40,2022.4,2104.4,2279
55190.313,40,2029.6,2130.8,2388
55190.353,40,2039,2165.4,2517.4
55190.393,40,2053.2,2207.8,2643.2
55190.433,40,2062.2,2243.8,2730
55190.473,40,2070.4,2271.4,2771.2
55190.513,40,2077.4,2278.8,2755.4
55190.553,40,2072.8,2264.8,2705.4
55190.593,40,2064.4,2242,2636
55190.633,40,2055.2,2207.2,2565.8
55190.673,40,2047.8,2177,2480.2
55190.713,40,2037.4,2145.4,2389.4
55190.753,40,2026.8,2116.6,2302.2
55190.793,40,2018.6,2092.4,2218.2
55190.833,40,2016.4,2073,2158
55190.873,40,2008.2,2057.6,2120.4
55190.913,40,2009.4,2050.6,2096.8
55190.953,40,2005.4,2054.6,2091.8
55190.993,40,2011,2056.8,2102
55191.033,40,2011.2,2063.6,2129.8
55191.073,40,2015.2,2078.2,2172.8
55191.113,40,2021.2,2100.2,2256.6
55191.153,40,2034.2,2135.4,2406
55191.193,40,2049.8,2200.6,2621.2
55191.233,40,2075.2,2279.8,2805.8
55191.273,40,2107.6,2379.2,2879
55191.313,40,2140.4,2448.8,2819.6
55191.353,40,2171.8,2478.8,2706.8
55191.393,40,2180.4,2473,2643.8
55191.433,40,2170.6,2445.2,2626
55191.473,40,2150.4,2405.4,2630.4
55191.513,40,2129,2378,2689.8
55191.553,40,2095.2,2321,2713.6
55191.593,40,2069.4,2245,2625.6
55191.633,40,2046.2,2170.8,2447
55191.673,40,2029.8,2122.2,2294.2
55191.713,40,2020.8,2085.2,2192.8
55191.753,40,2012,2067.6,2131.6
55191.793,40,2007.4,2053.6,2098.4
55191.833,40,2003.6,2051.6,2079.8
55191.873,40,2006.4,2049,2083
55191.913,40,2009.8,2054.8,2099.6
55191.953,40,2009.4,2064.8,2130.4
55191.993,40,2013.4,2081,2187.2
55192.033,40,2028.2,2113,2307
55192.073,40,2043.6,2165.4,2509.2
55192.113,40,2062.4,2255,2739.2
55192.153,40,2097.6,2355.2,2862.4
55192.193,40,2140.2,2442.8,2818.4
55192.233,40,2175.4,2489.2,2707.2
55192.273,40,2194,2489.2,2640.4
55192.313,40,2185,2469.4,2632
55192.353,40,2156.6,2421.2,2644.2
55192.393,40,2124.2,2363.4,2662.2
55192.433,40,2089.8,2294.6,2668.8
55192.473,40,2058.4,2207.4,2529.2
55192.513,40,2038.6,2137.8,2346.6
55192.553,40,2023.8,2092.6,2221.2
55192.593,40,2013.4,2068.2,2141
55192.633,40,2008.8,2057.6,2099.6
55192.673,40,2003.2,2053.6,2089.2
55192.713,40,2008.6,2054.2,2100
55192.753,40,2011.6,2066.2,2131.4
55192.793,40,2020.8,2081.4,2186.4
55192.833,40,2028,2106.4,2267.8
55192.873,40,2035.4,2138.4,2382.2
55192.913,40,2046.4,2180.6,2516
55192.953,40,2059.2,2225.4,2658.2
55192.993,40,2071.8,2273.4,2778.8
55193.033,40,2086.6,2317.8,2852.6
55193.073,40,2097.6,2347.4,2888.8
55193.113,40,2100,2364.8,2896.2
55193.153,40,2102.2,2360.2,2896.8
55193.193,40,2093.6,2340.2,2861.2
55193.233,40,2095.2,2330.4,2816.6
55193.273,40,2090,2311,2754
55193.313,40,2083.2,2290.2,2656
55193.353,40,2081.8,2264.2,2609.8
55193.393,40,2065.2,2232.2,2598.8
55193.433,40,2051.2,2188.2,2517
55193.473,40,2039.2,2148,2399.8
55193.513,40,2031.6,2118.8,2300.2
55193.553,40,2020.8,2097.8,2224.8
55193.593,40,2016.4,2079.4,2173.6
55193.633,40,2014.4,2068.6,2139.8
55193.673,40,2009.2,2062.4,2124.4
55193.713,40,2013.2,2065.2,2138
55193.753,40,2012,2073.4,2170.4
55193.793,40,2022.8,2092.8,2237
55193.833,40,2028.4,2115.8,2328.6
55193.873,40,2037.2,2149.8,2453.8
55193.913,40,2047,2190.4,2597.4
55193.953,40,2056.6,2234.2,2717
55193.993,40,2072.8,2277.4,2794
55194.033,40,2085.2,2306.4,2820.6
55194.073,40,2088,2322,2805.2
55194.113,40,2087.8,2312,2769.4
55194.153,40,2085,2292.2,2714.4
55194.193,40,2081.6,2277.8,2668
55194.233,40,2079.6,2259.6,2622.2
55194.273,40,2069.6,2245.4,2596.8
55194.313,40,2060.4,2218.6,2564.2
55194.353,40,2050.8,2191.4,2513.2
55194.393,40,2044.6,2163.4,2441.4
55194.433,40,2038,2137.6,2360.8
55194.473,40,2028.6,2110.8,2281
55194.513,40,2022.8,2091.6,2214.4
55194.553,40,2016.2,2074.2,2168
55194.593,40,2012.8,2067.8,2135.6
55194.633,40,2010.2,2062.6,2120.2
55194.673,40,2010.4,2059.2,2113.8
55194.713,40,2012.6,2067.2,2128.8
55194.753,40,2015.4,2072.8,2159.2
55194.793,40,2017.6,2086.8,2206.2
55194.833,40,2024.6,2105,2266.6
55194.873,40,2033.6,2130.2,2354
55194.913,40,2042.6,2155.8,2450
55194.953,40,2047.2,2186.8,2548.8
55194.993,40,2059.6,2217.8,2639.2
55195.033,40,2065,2244,2701.4
55195.073,40,2065.2,2261,2734
55195.113,40,2069.8,2268,2737.8
55195.153,40,2070.6,2262,2723.6
55195.193,40,2063.8,2248.4,2696.8
55195.233,40,2063.2,2239,2665.6
55195.273,40,2059.4,2222.6,2627
55195.313,40,2052,2204.4,2573.2
55195.353,40,2046.4,2179.8,2508.6
55195.393,40,2040.8,2152.8,2429
55195.433,40,2035.8,2130.6,2352.6
55195.473,40,2026.4,2109.8,2283.8
55195.513,40,2021,2094.4,2228.4
55195.553,40,2015.6,2078.4,2181.8
55195.593,40,2014,2067.4,2145.6
55195.633,40,2009.6,2066.2,2125.8
55195.673,40,2009.8,2060,2120
55195.713,40,2008,2067.2,2127
55195.753,40,2015.6,2069.4,2147.6
55195.793,40,2020.2,2082,2180.2
55195.833,40,2025.8,2096,2232
55195.873,40,2030.4,2114.8,2304.2
55195.913,40,2037.8,2147.8,2400.2
55195.953,40,2049.4,2185.4,2507.4
55195.993,40,2065.2,2230.4,2625.6
55196.033,40,2079.4,2284.4,2717.8
55196.073,40,2093.8,2326.4,2762.6
55196.113,40,2107.2,2357.2,2782
55196.153,40,2115.8,2368,2788
55196.193,40,2107,2357,2792
55196.233,40,2101,2340.8,2802.6
55196.273,40,2090,2331.4,2805.6
55196.313,40,2084.2,2313.4,2805.8
55196.353,40,2076.8,2296.6,2782.2
55196.393,40,2069.4,2261.8,2733.4
55196.433,40,2060.6,2231.4,2655.2
55196.473,40,2051.6,2197.2,2560.6
55196.513,40,2043.4,2166,2456.2
55196.553,40,2036.6,2138.4,2359.8
55196.593,40,2026.2,2110.6,2278.4
55196.633,40,2024,2091.8,2213.8
55196.673,40,2016.6,2078.4,2170.8
55196.713,40,2011.8,2068.2,2144.2
55196.753,40,2012,2068,2138
55196.793,40,2015.2,2071.4,2156.4
55196.833,40,2017.6,2083.8,2189.8
55196.873,40,2024.8,2102.2,2247.6
55196.913,40,2033,2129,2337
55196.953,40,2045.8,2166,2444.8
55196.993,40,2056.2,2209.2,2561.8
55197.033,40,2075.2,2256,2651.4
55197.073,40,2085.8,2302.2,2720.2
55197.113,40,2102.8,2342,2760.6
55197.153,40,2109.4,2364.8,2777.8
55197.193,40,2112.8,2375.4,2807
55197.233,40,2103.8,2365.2,2838.6
55197.273,40,2093.2,2348,2848.8
55197.313,40,2091.2,2337.6,2859.2
55197.353,40,2084.6,2313,2839.8
55197.393,40,2077,2287.8,2800.8
55197.433,40,2062.8,2242.6,2702.8
55197.473,40,2052.2,2208.6,2587.2
55197.513,40,2044.8,2167.4,2459.4
55197.553,40,2037.8,2136.6,2350.8
55197.593,40,2028.2,2110,2270.6
55197.633,40,2021.2,2093.8,2215.2
55197.673,40,2013.8,2083.2,2186.8
55197.713,40,2015,2081.4,2192.2
55197.753,40,2020.2,2090.2,2227
55197.793,40,2022.2,2108.6,2293.4
55197.833,40,2031.8,2136.4,2400.2
55197.873,40,2044.8,2175.8,2535.2
55197.913,40,2057,2226.8,2665.2
55197.953,40,2071.6,2273.6,2742
55197.993,40,2091.8,2320.4,2782.2
55198.033,40,2101.4,2354.4,2786.4
55198.073,40,2112.8,2368.4,2783.4
55198.113,40,2107.2,2364.4,2802
55198.153,40,2097,2348.2,2824.6
55198.193,40,2092.8,2342.2,2835.8
55198.233,40,2091.2,2331.6,2841.4
55198.273,40,2089,2318.6,2834.6
55198.313,40,2079.2,2296,2799.2
55198.353,40,2069.8,2261.2,2734.2
55198.393,40,2053.8,2216.8,2622.8
55198.433,40,2047.8,2175,2492.6
55198.473,40,2035.6,2137.6,2374.6
55198.513,40,2026.2,2108.4,2283.2
55198.553,40,2022.4,2095.6,2223.6
55198.593,40,2018,2087.8,2197.6
55198.633,40,2020,2094.8,2227.2
55198.673,40,2028.8,2112.4,2286
55198.713,40,2038,2139,2381.6
55198.753,40,2046.4,2181.2,2503.2
55198.793,40,2067.2,2236,2627.4
55198.833,40,2085,2289.2,2717.2
55198.873,40,2103,2342.8,2753.6
55198.913,40,2118.8,2380.8,2759.6
55198.953,40,2132.8,2405,2740.4
55198.993,40,2138.2,2408.6,2730
55199.033,40,2129,2405.4,2730.4
55199.073,40,2127.4,2382.4,2733.4
55199.113,40,2123.6,2374.2,2734.4
55199.153,40,2116.2,2367,2738.4
55199.193,40,2112.6,2355.4,2735.8
55199.233,40,2105.8,2342,2744.2
55199.273,40,2097.4,2324.6,2738.8
55199.313,40,2087,2297.4,2723.6
55199.353,40,2068.6,2253.4,2670.8
55199.393,40,2059.2,2211.8,2585.4
55199.433,40,2045.8,2168,2466.4
55199.473,40,2031.8,2132.4,2345.4
55199.513,40,2027.8,2103.8,2250.6
55199.553,40,2018.8,2082.4,2191.6
55199.593,40,2016.2,2079.8,2176.2
55199.633,40,2023,2094.4,2205.2
55199.673,40,2029.8,2112.8,2281.6
55199.713,40,2039,2149.8,2404.4
55199.753,40,2055.2,2205.6,2553.6
55199.793,40,2072.6,2264.4,2693.4
55199.833,40,2090,2326,2793.2
55199.873,40,2110.4,2383.6,2840.8
55199.913,40,2126.4,2418.8,2849
55199.953,40,2131.2,2434.8,2839.4
55199.993,40,2129.2,2433.8,2836.8
55200.033,40,2125.6,2422.8,2859.2
55200.073,40,2123.6,2408.6,2873.2
55200.113,40,2116.2,2400.8,2859
55200.153,40,2116.6,2390.8,2841.2
55200.193,40,2109,2371.4,2818.6
55200.233,40,2102.6,2349.6,2785.4
55200.273,40,2090,2317,2749
55200.313,40,2074.4,2276.4,2699
55200.353,40,2060,2235.2,2619.2
55200.393,40,2049.4,2190,2508.2
55200.433,40,2040.8,2146.2,2398.4
55200.473,40,2031.6,2119.2,2310
55200.513,40,2024.6,2101.4,2246.4
55200.553,40,2020.4,2095,2216.8
55200.593,40,2019.4,2090.2,2212.8
55200.633,40,2019.6,2096.4,2241
55200.673,40,2024.6,2112.6,2299.4
55200.713,40,2035.6,2146.6,2396.4
55200.753,40,2046,2184.8,2519.2
55200.793,40,2063.2,2234.6,2637.6
55200.833,40,2082.2,2288.6,2714.4
55200.873,40,2100.2,2339.2,2750.4
55200.913,40,2115.6,2370.2,2756.2
55200.953,40,2126.4,2394.8,2759.4
55200.993,40,2130.6,2406,2761.8
55201.033,40,2126.8,2401.6,2771
55201.073,40,2122.8,2392,2782.8
55201.113,40,2118.8,2379.4,2784
55201.153,40,2115.4,2374.2,2774.6
55201.193,40,2110.6,2364,2747.6
55201.233,40,2109.8,2349.6,2721
55201.273,40,2106.2,2338.4,2703.8
55201.313,40,2100.8,2324,2711.4
55201.353,40,2088.4,2297.2,2708.2
55201.393,40,2068.8,2252.6,2670.6
55201.433,40,2052.2,2200.4,2566.6
55201.473,40,2039,2156,2444.2
55201.513,40,2030,2121,2330.2
55201.553,40,2021.6,2098.6,2241.6
55201.593,40,2020,2082,2187.2
55201.633,40,2015.6,2074.2,2154.2
55201.673,40,2012.6,2071.8,2147
55201.713,40,2012.4,2076.6,2163.8
55201.753,40,2018.8,2086.8,2205.2
55201.793,40,2028.6,2106.2,2272.4
55201.833,40,2036.8,2137.4,2368
55201.873,40,2044.8,2166.8,2490.8
55201.913,40,2057.6,2218.6,2621
55201.953,40,2076,2271.4,2727.2
55201.993,40,2091,2327.4,2786
55202.033,40,2106.6,2366.4,2811.2
55202.073,40,2118.2,2391,2824.2
55202.113,40,2113.6,2390.8,2835.2
55202.153,40,2103.2,2374,2857.2
55202.193,40,2095.2,2348.2,2857
55202.233,40,2088,2326.8,2848
55202.273,40,2075.6,2299.4,2811.4
55202.313,40,2072.8,2267.6,2752
55202.353,40,2058,2226,2665.6
55202.393,40,2049,2187.4,2553.6
55202.433,40,2040.2,2158.6,2444.6
55202.473,40,2032.8,2126,2342.8
55202.513,40,2026.4,2105.4,2260
55202.553,40,2017.6,2088.2,2200.6
55202.593,40,2016.4,2075.2,2158.2
55202.633,40,2015,2069.8,2142.8
55202.673,40,2016.2,2067.2,2143.2
55202.713,40,2015.8,2077,2167.6
55202.753,40,2020,2086.6,2208.6
55202.793,40,2026.6,2108.8,2261.8
55202.833,40,2034.6,2128,2323.2
55202.873,40,2043.8,2159.2,2401.2
55202.913,40,2053.8,2193.8,2488.8
55202.953,40,2066.8,2231.8,2591.6
55202.993,40,2076.8,2270.6,2673.4
55203.033,40,2090.2,2307.6,2731.6
55203.073,40,2094.8,2331.4,2785.6
55203.113,40,2094.8,2331,2810
55203.153,40,2084.4,2308.4,2820.8
55203.193,40,2075.4,2295.2,2822.8
55203.233,40,2073,2284,2812.2
55203.273,40,2068,2262.8,2778.6
55203.313,40,2057,2239.2,2713.2
55203.353,40,2049,2195,2595.6
55203.393,40,2040.6,2155.6,2458.2
55203.433,40,2031.4,2122.4,2336.6
55203.473,40,2025.4,2095.6,2239
55203.513,40,2015.2,2083,2179.4
55203.553,40,2010.6,2068.6,2141.8
55203.593,40,2009.2,2062.8,2126.8
55203.633,40,2016.4,2070,2134.6
55203.673,40,2014.6,2073.2,2158.6
55203.713,40,2020,2086.4,2202.4
55203.753,40,2026.8,2102.2,2254.4
55203.793,40,2030,2126.2,2329.8
55203.833,40,2044.6,2159.2,2423.6
55203.873,40,2055,2195.6,2530
55203.913,40,2065.6,2237.4,2617.2
55203.953,40,2077.6,2274,2676.2
55203.993,40,2090.8,2304.6,2712.2
55204.033,40,2098.2,2323.4,2728
55204.073,40,2093.4,2318.6,2750.6
55204.113,40,2085.4,2303.2,2755
55204.153,40,2080.2,2295.6,2765
55204.193,40,2076,2285.6,2771.8
55204.233,40,2067.6,2263.2,2744.4
55204.273,40,2060.4,2225.8,2662.8
55204.313,40,2045.4,2182.8,2543.4
55204.353,40,2035.8,2149.4,2409.6
55204.393,40,2028.2,2119.2,2302.2
55204.433,40,2023,2093.6,2222.2
55204.473,40,2018.2,2077.6,2175.2
55204.513,40,2011.8,2071.2,2147.4
55204.553,40,2014.4,2070.8,2147.6
55204.593,40,2014.4,2076.4,2168.6
55204.633,40,2013.8,2085.6,2206.4
55204.673,40,2020.6,2099.4,2267.2
55204.713,40,2031.6,2125.6,2350.2
55204.753,40,2042.6,2160.8,2465.4
55204.793,40,2049.4,2197.6,2585
55204.833,40,2062.2,2241.4,2690.6
55204.873,40,2074.4,2282,2769
55204.913,40,2087,2312,2804.6
55204.953,40,2093,2325.2,2809.2
55204.993,40,2095.6,2333.2,2819.6
55205.033,40,2087.6,2318.2,2812.6
55205.073,40,2081,2305,2808.6
55205.113,40,2076.2,2292,2797.6
55205.153,40,2075.2,2285.8,2785.4
55205.193,40,2070.4,2271,2762.6
55205.233,40,2069,2247,2707.6
55205.273,40,2058,2219,2626.8
55205.313,40,2049.4,2181.4,2522.4
55205.353,40,2043,2149.4,2417.6
55205.393,40,2031.8,2124.2,2322.6
55205.433,40,2024.6,2100,2249
55205.473,40,2017,2083.6,2193.6
55205.513,40,2014.4,2075.8,2162.2
55205.553,40,2015.8,2077.2,2163.2
55205.593,40,2023,2083,2188.4
55205.633,40,2021,2096.4,2231.2
55205.673,40,2030,2116,2297
55205.713,40,2042.6,2148.2,2378.2
55205.753,40,2048.4,2177,2473
55205.793,40,2062.2,2219,2572.6
55205.833,40,2070.6,2259.6,2663.4
55205.873,40,2083.8,2301.8,2718.8
55205.913,40,2099.2,2336.8,2765
55205.953,40,2107.8,2361.6,2795
55205.993,40,2109.6,2375.2,2823
55206.033,40,2106.8,2367.8,2840.6
55206.073,40,2098.8,2355,2846.8
55206.113,40,2096.2,2344.2,2843.8
55206.153,40,2090.4,2334,2839
55206.193,40,2086.4,2309.6,2820.6
55206.233,40,2070.8,2279.6,2771.2
55206.273,40,2060.4,2237.6,2684.2
55206.313,40,2051.4,2194.8,2562
55206.353,40,2042,2155.8,2447.6
55206.393,40,2031.6,2128.2,2343.8
55206.433,40,2023.6,2103.4,2263.4
55206.473,40,2018.4,2085,2207.6
55206.513,40,2015,2076.6,2168.8
55206.553,40,2013.8,2073.6,2157.8
55206.593,40,2018.2,2079,2171
55206.633,40,2019.4,2090,2204.4
55206.673,40,2023.2,2103.6,2253.8
55206.713,40,2032.4,2119.8,2320.2
55206.753,40,2039,2152.4,2407.8
55206.793,40,2050.2,2185.8,2491.4
55206.833,40,2065.6,2225.6,2571
55206.873,40,2080.6,2269,2649.2
55206.913,40,2093.6,2306.6,2710.2
55206.953,40,2095.6,2337,2744.6
55206.993,40,2105.4,2350,2782.2
55207.033,40,2104.2,2349.2,2802.4
55207.073,40,2096.8,2336.4,2820.2
55207.113,40,2092.2,2327.6,2826.8
55207.153,40,2086,2314.8,2825.6
55207.193,40,2079.4,2298.4,2820.8
55207.233,40,2065.4,2267.8,2779.4
55207.273,40,2058.8,2226,2696.8
55207.313,40,2045.4,2190.6,2580.8
55207.353,40,2040,2150.6,2448.4
55207.393,40,2030.8,2125.2,2336
55207.433,40,2021.6,2101.4,2260.2
55207.473,40,2019,2088.2,2205.2
55207.513,40,2021.4,2082,2172.6
55207.553,40,2013.6,2076.4,2165.8
55207.593,40,2017.8,2082.6,2180
55207.633,40,2021,2090,2217.4
55207.673,40,2027.6,2111.2,2273
55207.713,40,2035.2,2135,2351.8
55207.753,40,2045.8,2168.4,2445.2
55207.793,40,2053.4,2203.8,2539.8
55207.833,40,2070,2247.6,2632.6
55207.873,40,2080.8,2285.4,2698.6
55207.913,40,2090.8,2315.2,2741.4
55207.953,40,2100.6,2339,2766.2
55207.993,40,2102.2,2344.8,2786.8
55208.033,40,2100.2,2340,2798
55208.073,40,2097.2,2332.6,2797
55208.113,40,2094,2324.8,2796.6
55208.153,40,2088.4,2318.4,2787.8
55208.193,40,2089.6,2316,2779.4
55208.233,40,2083.8,2303.6,2774.6
55208.273,40,2079.8,2288.2,2761.6
55208.313,40,2066.6,2261.8,2729.2
55208.353,40,2056,2218.6,2648.8
55208.393,40,2044.4,2180,2527.8
55208.433,40,2033.6,2136,2399.4
55208.473,40,2025.4,2113,2294
55208.513,40,2020,2090.8,2220.4
55208.553,40,2015,2078.4,2176
55208.593,40,2012.6,2079.2,2174.2
55208.633,40,2021,2085.8,2198.4
55208.673,40,2024,2100.6,2233.6
55208.713,40,2031,2117.8,2296.8
55208.753,40,2039.4,2143.6,2377.2
55208.793,40,2047.6,2178.2,2481.8
55208.833,40,2059.2,2215.8,2600.8
55208.873,40,2071.6,2263.4,2701.4
55208.913,40,2081.8,2300.6,2771
55208.953,40,2091,2333,2807.2
55208.993,40,2098.2,2343.6,2825.6
55209.033,40,2096,2345.4,2832.8
55209.073,40,2092.4,2336.4,2834.2
55209.113,40,2086,2322.8,2825
55209.153,40,2084,2313.2,2811.4
55209.193,40,2081.6,2303.6,2794
55209.233,40,2077.4,2294.4,2781.4
55209.273,40,2072,2269,2752.4
55209.313,40,2058.2,2242.6,2698.8
55209.353,40,2054.6,2212.4,2627.2
55209.393,40,2045,2178,2527.8
55209.433,40,2035,2144.8,2426.2
55209.473,40,2026.4,2116.4,2325.4
55209.513,40,2017.8,2096.6,2247.2
55209.553,40,2017.6,2088.8,2208.6
55209.593,40,2020.4,2093.8,2216.4
55209.633,40,2024.2,2106,2266.2
55209.673,40,2032.4,2130.6,2343.4
55209.713,40,2046,2164.4,2461.2
55209.753,40,2059.4,2217.2,2605.6
55209.793,40,2078,2280.4,2742.6
55209.833,40,2102.8,2355.4,2828.6
55209.873,40,2126,2422,2837.8
55209.913,40,2148.4,2459.4,2794
55209.953,40,2163.4,2477.6,2744.8
55209.993,40,2166.6,2481.8,2751
55210.033,40,2153.6,2470.8,2784.4
55210.073,40,2146.2,2460.2,2811.6
55210.113,40,2134,2445.8,2834.6
55210.153,40,2124.4,2418.6,2850.2
55210.193,40,2104.2,2372.4,2860.2
55210.233,40,2085.2,2317.4,2833
55210.273,40,2068.2,2256.6,2732.2
55210.313,40,2047.8,2194.4,2572.2
55210.353,40,2037,2148,2412.2
55210.393,40,2026,2111.8,2288.4
55210.433,40,2021.8,2091.4,2215.8
55210.473,40,2018.4,2083.2,2182
55210.513,40,2022.6,2088.6,2200
55210.553,40,2023.6,2097,2237
55210.593,40,2031.4,2118.4,2299.2
55210.633,40,2040.4,2147,2392
55210.673,40,2050.6,2186.6,2506.8
55210.713,40,2068.4,2239.2,2639.8
55210.753,40,2085.8,2297.2,2741.6
55210.793,40,2108.4,2368.4,2792
55210.833,40,2129,2417.6,2796.4
55210.873,40,2146.6,2444.2,2779.6
55210.913,40,2152.8,2458.8,2774.2
55210.953,40,2151.8,2463.8,2782.6
55210.993,40,2143,2447.2,2806.6
55211.033,40,2132.2,2436.6,2828
55211.073,40,2130.8,2424,2834.2
55211.113,40,2120,2399.4,2826.2
55211.153,40,2102.8,2357,2805.2
55211.193,40,2084.2,2302.8,2729.4
55211.233,40,2069.2,2243,2609.8
55211.273,40,2054.2,2192,2492.2
55211.313,40,2039.2,2146.2,2379.6
55211.353,40,2028.4,2112.2,2289.2
55211.393,40,2021.4,2091.6,2220.4
55211.433,40,2016.8,2085,2206
55211.473,40,2019.2,2092.2,2235.8
55211.513,40,2029.6,2111.8,2289.2
55211.553,40,2035.4,2135.8,2359
55211.593,40,2042.8,2161.8,2426.4
55211.633,40,2056,2197.8,2502.4
55211.673,40,2067.8,2237.2,2584.4
55211.713,40,2081.2,2271.8,2652.8
55211.753,40,2086.8,2295.2,2710.4
55211.793,40,2089.6,2316.4,2740.4
55211.833,40,2091,2319.4,2760
55211.873,40,2089.4,2310,2765.2
55211.913,40,2081.6,2299.2,2769.4
55211.953,40,2078.8,2295,2778.2
55211.993,40,2077.8,2283.6,2779.4
55212.033,40,2074.8,2277.2,2767.4
55212.073,40,2076.2,2264.8,2754.6
55212.113,40,2065,2245,2707.2
55212.153,40,2055,2221.4,2641
55212.193,40,2047.2,2184.8,2552.6
55212.233,40,2039.4,2155.2,2442.4
55212.273,40,2028.6,2126,2335.4
55212.313,40,2021.6,2099.4,2253
55212.353,40,2017.6,2082.2,2199.2
55212.393,40,2011.8,2072.4,2168.4
55212.433,40,2017,2080.4,2175.2
55212.473,40,2020.6,2089.4,2206.6
55212.513,40,2025.2,2104.6,2251.8
55212.553,40,2030,2124.6,2312.6
55212.593,40,2039.8,2147.4,2385.2
55212.633,40,2048.4,2178.8,2470.8
55212.673,40,2060.4,2212.6,2565.4
55212.713,40,2067,2245.8,2642
55212.753,40,2069.6,2274.8,2714
55212.793,40,2084.2,2296.4,2754.4
55212.833,40,2086.8,2304.4,2774.2
55212.873,40,2084.4,2303.8,2785.8
55212.913,40,2078.6,2289.2,2781.6
55212.953,40,2077.8,2286.4,2773.6
55212.993,40,2074.6,2278.4,2765.8
55213.033,40,2072.2,2270.2,2761
55213.073,40,2066.2,2256.8,2743
55213.113,40,2059.6,2240.6,2716.6
55213.153,40,2052.8,2209.2,2648.8
55213.193,40,2045.6,2178.4,2550.8
55213.233,40,2036.2,2151.4,2446.6
55213.273,40,2030.2,2128,2350.8
55213.313,40,2027.4,2103.6,2267.4
55213.353,40,2016.6,2084.8,2206.8
55213.393,40,2015,2076.2,2161.6
55213.433,40,2014.4,2067.4,2141.2
55213.473,40,2011.8,2069.2,2142.6
55213.513,40,2011,2076.6,2156
55213.553,40,2022,2081.6,2181.6
55213.593,40,2024.8,2098.6,2234.2
55213.633,40,2030.2,2116.6,2297.6
55213.673,40,2036.4,2142.4,2387.4
55213.713,40,2045.4,2172.6,2488.2
55213.753,40,2054,2208.4,2590.2
55213.793,40,2067.8,2244.8,2680.2
55213.833,40,2073.6,2269,2733.6
55213.873,40,2076.6,2287.2,2771.2
55213.913,40,2075,2281,2783
55213.953,40,2069.4,2265.2,2773.4
55213.993,40,2069.6,2255.8,2755.2
55214.033,40,2064.4,2253.4,2740.8
55214.073,40,2062,2245.4,2712.6
55214.113,40,2058.6,2231.6,2670.4
55214.153,40,2053.4,2212,2602.8
55214.193,40,2047.8,2185.2,2526
55214.233,40,2043.8,2160.8,2446.4
55214.273,40,2036.8,2140.8,2370.6
55214.313,40,2029.2,2118.2,2303.4
55214.353,40,2024,2102.6,2243
55214.393,40,2018.4,2085.8,2199
55214.433,40,2014,2074.6,2170.8
55214.473,40,2013,2075.6,2166.4
55214.513,40,2015.8,2082.6,2191.4
55214.553,40,2023,2097,2240.4
55214.593,40,2025.6,2117.2,2313
55214.633,40,2038.8,2151.2,2407.6
55214.673,40,2048.2,2183.8,2502.2
55214.713,40,2064.6,2223.6,2580.2
55214.753,40,2077.2,2261,2644
55214.793,40,2089.4,2291.2,2681.2
55214.833,40,2095.4,2319,2711.4
55214.873,40,2101.4,2336.6,2736.8
55214.913,40,2102.2,2336,2757.6
55214.953,40,2094.8,2328,2778.8
55214.993,40,2092,2313,2797
55215.033,40,2081,2299.2,2796.6
55215.073,40,2072.6,2279.6,2784.6
55215.113,40,2061.4,2243.4,2728
55215.153,40,2052.6,2204,2626.4
55215.193,40,2042.2,2164.4,2505.2
55215.233,40,2031.6,2132.2,2390
55215.273,40,2022.6,2112.2,2292.8
55215.313,40,2022.4,2091,2222
55215.353,40,2013.2,2076.2,2171.2
55215.393,40,2015.2,2070.8,2142.2
55215.433,40,2013,2066.2,2136.6
55215.473,40,2013.8,2070.6,2147.8
55215.513,40,2018.2,2079.8,2180.2
55215.553,40,2023.8,2094.8,2234.4
55215.593,40,2032.4,2127.4,2312
55215.633,40,2040.2,2152.2,2405.4
55215.673,40,2054,2193,2504.4
55215.713,40,2064.2,2229,2593.8
55215.753,40,2076.2,2264.6,2666
55215.793,40,2087.8,2295,2699
55215.833,40,2095.4,2315.4,2721.6
55215.873,40,2094.2,2323.2,2739.6
55215.913,40,2091.2,2312.2,2753.4
55215.953,40,2083.4,2297.4,2765.2
55215.993,40,2078.6,2292,2768
55216.033,40,2074.2,2277.8,2765.8
55216.073,40,2069,2255.4,2742.6
55216.113,40,2057.4,2224.2,2689
55216.153,40,2043.6,2186.2,2584.4
55216.193,40,2034.6,2152.2,2464.2
55216.233,40,2029.8,2122.2,2351.4
55216.273,40,2023,2097,2260.4
55216.313,40,2013,2080,2196.8
55216.353,40,2014.4,2071.8,2156.4
55216.393,40,2014.2,2067,2139.4
55216.433,40,2014.4,2070,2148.6
55216.473,40,2017.8,2080.6,2175.4
55216.513,40,2023.4,2093.4,2223.4
55216.553,40,2030,2118.4,2300.2
55216.593,40,2042.8,2147,2404.8
55216.633,40,2049.2,2183.2,2525.4
55216.673,40,2059,2224.6,2652.6
55216.713,40,2069.8,2268.6,2760.8
55216.753,40,2082.4,2306.2,2832.4
55216.793,40,2089.2,2333.8,2872.8
55216.833,40,2097.4,2352.2,2875.8
55216.873,40,2097,2354.4,2886.8
55216.913,40,2092.2,2339.2,2872.2
55216.953,40,2088.2,2327.6,2849.4
55216.993,40,2082,2310.8,2818.2
55217.033,40,2079.2,2290.4,2793.6
55217.073,40,2069.2,2260.4,2742.6
55217.113,40,2061.4,2226,2665.4
55217.153,40,2047.2,2185.2,2552.2
55217.193,40,2036.2,2145,2432.4
55217.233,40,2028,2119.2,2326
55217.273,40,2023.4,2095.2,2247.4
55217.313,40,2018.8,2084.6,2194.6
55217.353,40,2017.2,2077.8,2168.6
55217.393,40,2013.8,2075.8,2171
55217.433,40,2016.6,2085.2,2194.8
55217.473,40,2025.6,2103.4,2241.2
55217.513,40,2032.2,2124.6,2309.8
55217.553,40,2039.6,2150.6,2405.6
55217.593,40,2049.6,2191.6,2516.4
55217.633,40,2066,2234.2,2620.2
55217.673,40,2080.6,2276.6,2694
55217.713,40,2092,2322,2729.4
55217.753,40,2109.4,2344,2740.4
55217.793,40,2113.2,2360.4,2736.6
55217.833,40,2114.6,2366.2,2736
55217.873,40,2109.4,2359.8,2740
55217.913,40,2103.4,2339.6,2740.8
55217.953,40,2099.4,2332,2739.2
55217.993,40,2100.6,2327.6,2746.4
55218.033,40,2092.8,2317.8,2758.6
55218.073,40,2089,2309.2,2770.8
55218.113,40,2078,2285.6,2763.4
55218.153,40,2069.8,2254.8,2733.6
55218.193,40,2052.8,2216.6,2654.6
55218.233,40,2043.2,2178,2543.2
55218.273,40,2035.6,2138.2,2415.2
55218.313,40,2021.8,2108.4,2308.4
55218.353,40,2023.2,2091.2,2243
55218.393,40,2019.6,2091.8,2210
55218.433,40,2024.8,2097.6,2229.2
55218.473,40,2029,2113,2272.2
55218.513,40,2035.6,2136,2358.8
55218.553,40,2044.8,2164.4,2467
55218.593,40,2055,2207.8,2595
55218.633,40,2072.4,2261.6,2722
55218.673,40,2086.2,2316.2,2816
55218.713,40,2106.4,2371.8,2858.6
55218.753,40,2124.4,2414.2,2859.2
55218.793,40,2137.2,2446.4,2833.6
55218.833,40,2150.4,2466.4,2789.4
55218.873,40,2162.4,2471.4,2754.4
55218.913,40,2162.4,2470.4,2726.8
55218.953,40,2163,2459.6,2713
55218.993,40,2156.2,2446.2,2709.4
55219.033,40,2154,2438.2,2713.4
55219.073,40,2149.6,2441.6,2731
55219.113,40,2147.6,2441.6,2761.4
55219.153,40,2138.6,2438.6,2795.4
55219.193,40,2134.8,2436.6,2827.8
55219.233,40,2130.8,2431.2,2855
55219.273,40,2124,2425.8,2867.2
55219.313,40,2122.6,2411.2,2868.2
55219.353,40,2122,2404.2,2863.8
55219.393,40,2111.2,2385.8,2851.8
55219.433,40,2101.2,2359.8,2830.6
55219.473,40,2089.8,2324,2798
55219.513,40,2077,2280.6,2735.8
55219.553,40,2064.2,2231.6,2650.8
55219.593,40,2052,2189.4,2529.6
55219.633,40,2037.4,2154.2,2409.4
55219.673,40,2032.2,2120,2313
55219.713,40,2025.4,2102.4,2247.6
55219.753,40,2021.8,2094.2,2224
55219.793,40,2024,2104.4,2250.2
55219.833,40,2032.8,2119.8,2309.8
55219.873,40,2036.2,2148,2400
55219.913,40,2048,2179.2,2505.8
55219.953,40,2060.2,2223.8,2607.2
55219.993,40,2075,2264.4,2683
55220.033,40,2087,2301.4,2730.4
55220.073,40,2096.6,2329.4,2748.8
55220.113,40,2104.6,2346.8,2763.8
55220.153,40,2106.2,2352.8,2770.2
55220.193,40,2101.8,2345.8,2769
55220.233,40,2098.6,2338.6,2767.8
55220.273,40,2094.4,2334.8,2768
55220.313,40,2095.2,2326.8,2762
55220.353,40,2096.6,2321.2,2754.8
55220.393,40,2094.2,2319.2,2753.2
55220.433,40,2091.2,2312,2743.2
55220.473,40,2088.6,2308.6,2743.6
55220.513,40,2088.2,2302.6,2741.6
55220.553,40,2084,2298,2742.6
55220.593,40,2079.6,2292.6,2740.6
55220.633,40,2082.2,2291,2735.6
55220.673,40,2077.2,2282.4,2727.2
55220.713,40,2076.6,2273.8,2723.6
55220.753,40,2071.4,2265.6,2711.6
55220.793,40,2068.2,2251.2,2696.4
55220.833,40,2062.4,2229.2,2659.2
55220.873,40,2050.2,2190.6,2574
55220.913,40,2036.2,2149.6,2457.4
55220.953,40,2027,2116.6,2333.4
55220.993,40,2018.6,2094.4,2239.8
55221.033,40,2015.6,2078.4,2188
55221.073,40,2015,2085.2,2198
55221.113,40,2027.2,2101.8,2246
55221.153,40,2032.8,2123.4,2311.2
55221.193,40,2041.6,2157.4,2432.2
55221.233,40,2056.8,2203.2,2571.4
55221.273,40,2065.8,2250.2,2707.8
55221.313,40,2081.4,2301.6,2817
55221.353,40,2092.2,2340.2,2882
55221.393,40,2103.6,2366.8,2897.2
55221.433,40,2107.4,2375.4,2899.4
55221.473,40,2105.2,2375.6,2876.8
55221.513,40,2103.4,2360,2847
55221.553,40,2101.2,2351.8,2817
55221.593,40,2097.8,2345.8,2799
55221.633,40,2099.2,2338.6,2792.2
55221.673,40,2094.6,2333.2,2804
55221.713,40,2093.4,2330.6,2827.2
55221.753,40,2084.2,2323.2,2845.4
55221.793,40,2080.6,2309.6,2862
55221.833,40,2074.6,2288,2833.2
55221.873,40,2066.8,2261.4,2772.6
55221.913,40,2055.6,2224.4,2669.2
55221.953,40,2051.6,2188.2,2560.6
55221.993,40,2043,2155.4,2447.4
55222.033,40,2033.4,2132.2,2351.4
55222.073,40,2031.4,2108.2,2273.4
55222.113,40,2022,2091.8,2214.8
55222.153,40,2016.4,2076.6,2174.6
55222.193,40,2013.6,2072.4,2149.6
55222.233,40,2011.8,2072.4,2149
55222.273,40,2015.6,2079,2167.2
55222.313,40,2017.8,2082.6,2197.8
55222.353,40,2022.6,2098,2248.6
55222.393,40,2031.4,2115.6,2312.6
55222.433,40,2037.8,2144.4,2376.2
55222.473,40,2044.2,2167,2439.6
55222.513,40,2050.8,2192.2,2506.2
55222.553,40,2052.2,2206.4,2558.4
55222.593,40,2061.8,2220.6,2598.6
55222.633,40,2059.6,2225.6,2621.4
55222.673,40,2057.2,2220.6,2621.4
55222.713,40,2057.6,2213.6,2609.8
55222.753,40,2055.4,2212,2597.6
55222.793,40,2052.6,2207.2,2595.4
55222.833,40,2052.8,2202.6,2586.8
55222.873,40,2048.8,2194.6,2575
55222.913,40,2044.6,2182.8,2558.8
55222.953,40,2039.8,2166.4,2518
55222.993,40,2034,2147.4,2443
55223.033,40,2030,2125.6,2361.4
55223.073,40,2026.8,2107.8,2289.4
55223.113,40,2018.6,2092,2230
55223.153,40,2017.8,2082.4,2184
55223.193,40,2012.6,2073.2,2155.8
55223.233,40,2012.2,2067.6,2139
55223.273,40,2012.6,2066.4,2131.4
55223.313,40,2014.6,2069.2,2147.6
55223.353,40,2017.4,2079.8,2179.8
55223.393,40,2019,2092.4,2227.4
55223.433,40,2025,2112.8,2297
55223.473,40,2031.8,2133.6,2383
55223.513,40,2042.6,2163.8,2479.4
55223.553,40,2048.2,2196.8,2567.4
55223.593,40,2057.6,2221.8,2638.4
55223.633,40,2064.2,2238.8,2681
55223.673,40,2066.6,2249.4,2703
55223.713,40,2065.2,2249.2,2702
55223.753,40,2061.2,2237,2686.4
55223.793,40,2058.6,2230,2667.2
55223.833,40,2061.8,2229.4,2661.8
55223.873,40,2059,2227.2,2658.2
55223.913,40,2051.2,2215.4,2643
55223.953,40,2051,2202.2,2625.4
55223.993,40,2044,2180,2557.4
55224.033,40,2036.8,2152,2466.2
55224.073,40,2030.8,2129,2368.8
55224.113,40,2024,2106.4,2291.4
55224.153,40,2018.8,2095,2232
55224.193,40,2016.6,2082.4,2187.8
55224.233,40,2014.6,2070,2155.4
55224.273,40,2015.4,2066,2139.6
55224.313,40,2011.8,2063.4,2129.2
55224.353,40,2009.8,2068,2131
55224.393,40,2012.8,2068.2,2141.4
55224.433,40,2016,2074.2,2156.6
55224.473,40,2014.8,2082.8,2191.6
55224.513,40,2023.8,2099,2244.6
55224.553,40,2031.6,2117,2315
55224.593,40,2038,2147.6,2392
55224.633,40,2044,2171,2470.6
55224.673,40,2051.2,2195.6,2536.8
55224.713,40,2059.8,2222.4,2592.6
55224.753,40,2065.8,2236.8,2633.8
55224.793,40,2066,2243.2,2656.2
55224.833,40,2067,2235.6,2648.6
55224.873,40,2059.4,2225.8,2637.2
55224.913,40,2059.6,2221,2629.6
55224.953,40,2053.4,2215.6,2626.2
55224.993,40,2051,2203,2614.8
55225.033,40,2047,2189,2589.2
55225.073,40,2043.8,2165,2514.8
55225.113,40,2034,2138.6,2420
55225.153,40,2027.8,2116.2,2333.2
55225.193,40,2021.8,2101.4,2258.8
55225.233,40,2022,2086.2,2205
55225.273,40,2017.8,2082.4,2177.4
55225.313,40,2014.6,2077.8,2168
55225.353,40,2016,2077.4,2174.2
55225.393,40,2018.4,2085.2,2193.4
55225.433,40,2024.6,2099.4,2235.8
55225.473,40,2028.6,2118.4,2302.8
55225.513,40,2034.8,2141.8,2376.8
55225.553,40,2050.2,2175.2,2466.2
55225.593,40,2054.6,2209.2,2553
55225.633,40,2066.4,2244.4,2627.8
55225.673,40,2077.8,2276.2,2675.6
55225.713,40,2090.4,2301,2705
55225.753,40,2094.2,2316.2,2724.2
55225.793,40,2094.4,2322.6,2739.8
55225.833,40,2096.6,2323.6,2746.8
55225.873,40,2091.4,2310.8,2746.6
55225.913,40,2086.6,2309,2738.4
55225.953,40,2083.2,2297.6,2736
55225.993,40,2082.8,2291.6,2734
55226.033,40,2075.8,2274.4,2728.8
55226.073,40,2068.8,2259.6,2709.2
55226.113,40,2055.2,2221.8,2648.8
55226.153,40,2049.2,2185.4,2547.6
55226.193,40,2038.8,2147.2,2422
55226.233,40,2027.4,2115.8,2313.4
55226.273,40,2025.8,2096.6,2235.8
55226.313,40,2022.2,2085,2198.4
55226.353,40,2025.6,2092.6,2215
55226.393,40,2028.2,2109.8,2259.8
55226.433,40,2031,2129.6,2337
55226.473,40,2040.8,2160,2445.8
55226.513,40,2054,2197.4,2569.6
55226.553,40,2064.2,2242.8,2691.6
55226.593,40,2077.2,2281.8,2788.2
55226.633,40,2091.2,2327.8,2851.4
55226.673,40,2093.2,2353,2883.4
55226.713,40,2100.4,2366.4,2885.4
55226.753,40,2099.2,2357,2882
55226.793,40,2088.4,2326.8,2857.8
55226.833,40,2082.8,2311.6,2814.4
55226.873,40,2076.2,2280.2,2755.8
55226.913,40,2066,2251.6,2677.6
55226.953,40,2056.8,2205.6,2568.8
55226.993,40,2045,2168.6,2442
55227.033,40,2032.8,2129,2333.2
55227.073,40,2022.2,2099,2235.6
55227.113,40,2017.4,2076.4,2164
55227.153,40,2007.2,2061.4,2123.2
55227.193,40,2009.8,2061.4,2123
55227.233,40,2013.2,2072.2,2150.6
55227.273,40,2020.4,2088.8,2207.2
55227.313,40,2025.8,2115,2292.8
55227.353,40,2038.8,2153.6,2421.6
55227.393,40,2054.4,2208.2,2570.2
55227.433,40,2073.4,2266.4,2693
55227.473,40,2096,2328.8,2762
55227.513,40,2108,2361.2,2777.2
55227.553,40,2101.6,2345,2770.2
55227.593,40,2091.8,2309,2724.8
55227.633,40,2075.8,2264.6,2646.8
55227.673,40,2055,2209,2534.6
55227.713,40,2039.8,2154.2,2411
55227.753,40,2025.8,2112.4,2280.6
55227.793,40,2018.2,2082.6,2177.8
55227.833,40,2010.2,2059.2,2119.6
55227.873,40,2007.6,2056,2104.2
55227.913,40,2008,2061.2,2117.6
55227.953,40,2016.4,2070.2,2156.4
55227.993,40,2018.2,2093.4,2217.2
55228.033,40,2028.2,2121,2311.2
55228.073,40,2041.6,2162.6,2442.2
55228.113,40,2057.8,2215.8,2588.8
55228.153,40,2079.6,2278,2702.8
55228.193,40,2096.2,2332.4,2778.2
55228.233,40,2109.2,2362,2797.4
55228.273,40,2098,2333.8,2791
55228.313,40,2083,2296.2,2757.8
55228.353,40,2063.4,2240.8,2646.6
55228.393,40,2048.8,2179,2486.8
55228.433,40,2033.8,2127.8,2322.6
55228.473,40,2024.6,2095.4,2213.8
55228.513,40,2012.4,2070.4,2146
55228.553,40,2007.8,2059.4,2111.4
55228.593,40,2009,2058.4,2116.4
55228.633,40,2013.6,2068.4,2152.4
55228.673,40,2018.8,2090.8,2217.2
55228.713,40,2026.6,2120,2328.8
55228.753,40,2042,2167.2,2478.4
55228.793,40,2060.4,2229.8,2635.4
55228.833,40,2083.2,2297.4,2744.4
55228.873,40,2104.4,2352.8,2774.4
55228.913,40,2115.2,2372.4,2779.6
55228.953,40,2101.2,2343.4,2774.4
55228.993,40,2081,2291.4,2745.8
55229.033,40,2063.4,2238.2,2652.6
55229.073,40,2044.2,2178,2499
55229.113,40,2033.6,2128.6,2343
55229.153,40,2021.8,2092.6,2219.8
55229.193,40,2013.4,2070.2,2144.6
55229.233,40,2009.8,2060,2110
55229.273,40,2008.2,2061.4,2109
55229.313,40,2011.4,2065.8,2135.6
55229.353,40,2019,2087.4,2195.2
55229.393,40,2027.8,2115.2,2303
55229.433,40,2042,2167,2472.6
55229.473,40,2060.4,2235,2663.6
55229.513,40,2090.4,2321.8,2802.2
55229.553,40,2120.4,2406.8,2848.4
55229.593,40,2144,2454.6,2816.2
55229.633,40,2144.8,2466.4,2815.8
55229.673,40,2130.2,2439,2864
55229.713,40,2112.2,2389.6,2871.8
55229.753,40,2087.8,2306.6,2782.8
55229.793,40,2060,2218,2577.2
55229.833,40,2038,2145.4,2372
55229.873,40,2021.4,2096.2,2235.8
55229.913,40,2010,2069.2,2144.6
55229.953,40,2005.4,2054,2096.6
55229.993,40,2005.2,2052.2,2087.2
55230.033,40,2009.4,2053.2,2095.6
55230.073,40,2011,2062.2,2123.4
55230.113,40,2014.8,2079.6,2177.8
55230.153,40,2024,2104.4,2300.8
55230.193,40,2037.4,2162.2,2510.8
55230.233,40,2062.8,2254.8,2762.6
55230.273,40,2097.8,2354.4,2863
55230.313,40,2129.2,2420.8,2831.2
55230.353,40,2138,2422.4,2774.8
55230.393,40,2120.2,2377.8,2755.6
55230.433,40,2094.4,2320.8,2702.8
55230.473,40,2073,2246,2602.2
55230.513,40,2047,2179.2,2468
55230.553,40,2034.4,2123.8,2312.8
55230.593,40,2015.6,2085.4,2193.2
55230.633,40,2011.2,2061.8,2127.6
55230.673,40,2004.8,2050,2086.4
55230.713,40,2003.4,2047,2076
55230.753,40,2006.2,2052.2,2085.2
55230.793,40,2009.4,2057.8,2110
55230.833,40,2012.6,2070.2,2155.2
55230.873,40,2018,2096,2252.4
55230.913,40,2033.6,2142.8,2432.8
55230.953,40,2055.4,2223,2691.2
55230.993,40,2087.4,2323.2,2865.2
55231.033,40,2114.8,2402.6,2877.2
55231.073,40,2132.4,2422.2,2804.8
55231.113,40,2115.6,2381.8,2772.6
55231.153,40,2094.2,2325.2,2708.8
55231.193,40,2076.6,2251,2586
55231.233,40,2047.6,2180,2473.6
55231.273,40,2033.4,2117.4,2301.4
55231.313,40,2018.2,2078,2175.2
55231.353,40,2008.6,2065.8,2114.2
55231.393,40,2004,2050.2,2085.8
55231.433,40,2003.2,2050.2,2080
55231.473,40,2007.4,2060,2099.6
55231.513,40,2014,2066.2,2142.8
55231.553,40,2020.4,2095.2,2238.2
55231.593,40,2037.6,2146,2426.8
55231.633,40,2063.4,2240.6,2700.2
55231.673,40,2102,2361.2,2853
55231.713,40,2139.8,2438.8,2794.8
55231.753,40,2148.4,2448,2753.6
55231.793,40,2124.8,2392.2,2737.6
55231.833,40,2095.6,2306.6,2660
55231.873,40,2063,2224,2551.8
55231.913,40,2041.2,2151.4,2387.2
55231.953,40,2025,2096.8,2227.2
55231.993,40,2015.4,2068,2139
55232.033,40,2007,2050.4,2094.4
55232.073,40,2002,2050.4,2084.2
55232.113,40,2012.6,2053,2101.8
55232.153,40,2014.2,2069.8,2142.6
55232.193,40,2023.4,2099.4,2234.4
55232.233,40,2036,2151.4,2410.6
55232.273,40,2063,2234,2656.4
55232.313,40,2103.2,2350.4,2811.8
55232.353,40,2146.4,2439.2,2782.8
55232.393,40,2165,2463.4,2711.6
55232.433,40,2156,2438.2,2702
55232.473,40,2128.8,2372.6,2684.6
55232.513,40,2088.8,2295.6,2649.2
55232.553,40,2058.2,2211,2539.8
55232.593,40,2038.2,2140.8,2351.8
55232.633,40,2020.6,2091.6,2203.8
55232.673,40,2012.4,2064.6,2123.2
55232.713,40,2005.4,2055,2087.6
55232.753,40,2008.4,2049.2,2087.4
55232.793,40,2008.4,2059.4,2107.6
55232.833,40,2013.6,2074.6,2156.8
55232.873,40,2025.2,2104,2259.2
55232.913,40,2038,2156.2,2472
55232.953,40,2067.8,2252,2748.8
55232.993,40,2105.6,2375.8,2879.6
55233.033,40,2147,2459.2,2805.8
55233.073,40,2164.8,2482,2728.6
55233.113,40,2150.2,2452.2,2760.8
55233.153,40,2119.6,2373.6,2750.4
55233.193,40,2085.4,2280.4,2638.2
55233.233,40,2055.6,2196.6,2496.4
55233.273,40,2032.6,2129.4,2326.2
55233.313,40,2020.6,2086.4,2188.2
55233.353,40,2009,2064.4,2118.4
55233.393,40,2005.8,2050.2,2086.4
55233.433,40,2010.8,2052.4,2083.2
55233.473,40,2008.8,2054.6,2109.4
55233.513,40,2015,2072.6,2150.8
55233.553,40,2022.8,2099.4,2251.6
55233.593,40,2041.6,2155.6,2445.4
55233.633,40,2066.6,2255.8,2699.4
55233.673,40,2111.8,2385.4,2832.4
55233.713,40,2164.8,2472.6,2737.2
55233.753,40,2187.6,2486.4,2649.8
55233.793,40,2168.8,2470.6,2689.8
55233.833,40,2133.2,2410.8,2741.4
55233.873,40,2097.8,2319.2,2703
55233.913,40,2062.2,2222.8,2550.4
55233.953,40,2037.6,2146.4,2374.2
55233.993,40,2025.2,2094.4,2223
55234.033,40,2016.4,2067.6,2131.4
55234.073,40,2007.6,2053.6,2091.6
55234.113,40,2007.6,2049.8,2086.4
55234.153,40,2008,2055,2097
55234.193,40,2011.4,2062,2130.8
55234.233,40,2017.8,2087,2208
55234.273,40,2033.2,2135.6,2384
55234.313,40,2062.2,2229.8,2654.8
55234.353,40,2103.6,2354.2,2837
55234.393,40,2148.6,2455.2,2773.4
55234.433,40,2167,2463.8,2693.8
55234.473,40,2149,2416.8,2682.4
55234.513,40,2115.8,2351,2658.2
55234.553,40,2080.2,2274,2644.6
55234.593,40,2052.4,2187.2,2494.4
55234.633,40,2027.2,2119.4,2291
55234.673,40,2017.4,2081.6,2169.2
55234.713,40,2010.8,2062.2,2109
55234.753,40,2007.8,2049.4,2082
55234.793,40,2009,2051.8,2092.8
55234.833,40,2009.6,2061.8,2126.8
55234.873,40,2016.6,2082.8,2195
55234.913,40,2032.4,2133.4,2350.2
55234.953,40,2061.4,2221.8,2630.2
55234.993,40,2098.6,2348.4,2845
55235.033,40,2149,2464,2801.4
55235.073,40,2181.2,2488.4,2692.6
55235.113,40,2163.8,2458.4,2717.4
55235.153,40,2131,2402.8,2720.8
55235.193,40,2094,2302.4,2667.4
55235.233,40,2058.8,2212.2,2529.4
55235.273,40,2034,2127.6,2327.2
55235.313,40,2019.2,2082.8,2185
55235.353,40,2008.6,2057.6,2113
55235.393,40,2007.6,2050,2092.2
55235.433,40,2008.4,2056,2099.8
55235.473,40,2012,2069.4,2144.2
55235.513,40,2022.4,2096.6,2240
55235.553,40,2040.6,2157.6,2438
55235.593,40,2072,2265,2708.2
55235.633,40,2120.8,2398.6,2813.8
55235.673,40,2165.2,2472.6,2716.8
55235.713,40,2178.2,2477.6,2682
55235.753,40,2151,2438.6,2720.4
55235.793,40,2118.2,2364.8,2714.6
55235.833,40,2079.4,2262.2,2622.2
55235.873,40,2048.2,2176.4,2451.6
55235.913,40,2025.8,2107.2,2261.2
55235.953,40,2015.6,2073,2147.2
55235.993,40,2009.4,2054.6,2096.8
55236.033,40,2008.2,2050.6,2095.8
55236.073,40,2014.4,2065,2124.6
55236.113,40,2018.2,2082.8,2192.6
55236.153,40,2030,2127.6,2357.4
55236.193,40,2058.8,2225.6,2644.8
55236.233,40,2104.6,2366,2840
55236.273,40,2163.8,2477.4,2753.4
55236.313,40,2194.8,2496,2655
55236.353,40,2175,2486.8,2710.6
55236.393,40,2139.8,2445.6,2808.2
55236.433,40,2097,2342.2,2806.2
55236.473,40,2060.2,2228.8,2622.4
55236.513,40,2035.4,2143.8,2363.8
55236.553,40,2023,2088.6,2201.6
55236.593,40,2014.8,2063,2119.6
55236.633,40,2004.2,2051.2,2086
55236.673,40,2006,2055.8,2097.4
55236.713,40,2015.6,2066.4,2128.6
55236.753,40,2019,2087,2203.2
55236.793,40,2031.8,2131.4,2355.2
55236.833,40,2052.4,2207.2,2607.6
55236.873,40,2088.8,2326.6,2834.4
55236.913,40,2136,2439,2836.2
55236.953,40,2167.4,2485.2,2749.4
55236.993,40,2166,2481.8,2767.6
55237.033,40,2129.4,2431.2,2850
55237.073,40,2094.8,2332.8,2824.6
55237.113,40,2061,2223,2616.4
55237.153,40,2038.6,2142.8,2366
55237.193,40,2024,2096.2,2214.8
55237.233,40,2007.2,2063,2126.6
55237.273,40,2007,2053,2091.8
55237.313,40,2003.4,2057.2,2101
55237.353,40,2009,2067,2139.8
55237.393,40,2023.4,2094.6,2217.4
55237.433,40,2042.6,2141.6,2363.2
55237.473,40,2067.6,2232.8,2605.8
55237.513,40,2109,2360.2,2783.4
55237.553,40,2157.4,2461.6,2738.6
55237.593,40,2188.4,2492.2,2656.4
55237.633,40,2171.8,2484.2,2701.2
55237.673,40,2149.4,2447.8,2786.4
55237.713,40,2113,2363.6,2821
55237.753,40,2069.2,2257.8,2688.4
55237.793,40,2044.2,2165,2446.8
55237.833,40,2026.4,2112.8,2263
55237.873,40,2020.2,2075.2,2167.8
55237.913,40,2009.8,2056.6,2108.6
55237.953,40,2009,2050.8,2097.6
55237.993,40,2009.6,2061.6,2125.2
55238.033,40,2017.8,2082.2,2177.8
55238.073,40,2031.6,2118,2289.2
55238.113,40,2050.4,2185.4,2493
55238.153,40,2080.6,2286.2,2724.8
55238.193,40,2128.6,2406.8,2800.2
55238.233,40,2171,2473.8,2710.6
55238.273,40,2177.6,2482,2688.8
55238.313,40,2153.4,2452.2,2751.8
55238.353,40,2116.8,2377.4,2773.2
55238.393,40,2082.4,2272.4,2654
55238.433,40,2050.2,2185,2456.6
55238.473,40,2030.6,2119,2296.2
55238.513,40,2015.8,2080.4,2172.4
55238.553,40,2009,2058.6,2109.4
55238.593,40,2007,2054.8,2092.8
55238.633,40,2009.8,2057.8,2103.8
55238.673,40,2015,2073.2,2145.2
55238.713,40,2020.2,2095.4,2236.8
55238.753,40,2037.8,2148.8,2432.4
55238.793,40,2064.2,2246.8,2701.6
55238.833,40,2106.8,2373.4,2850.4
55238.873,40,2153,2465.2,2766.4
55238.913,40,2176.2,2482.4,2687.6
55238.953,40,2161.4,2452.6,2711
55238.993,40,2129.2,2388,2720
55239.033,40,2086.8,2294.8,2645.4
55239.073,40,2056.2,2203.6,2520
55239.113,40,2036.8,2129,2326.6
55239.153,40,2018.6,2085,2194.2
55239.193,40,2012.4,2065.6,2121
55239.233,40,2007,2056.2,2099
55239.273,40,2010.6,2062.2,2114
55239.313,40,2014.8,2073,2156.4
55239.353,40,2023.4,2105.4,2247
55239.393,40,2037.2,2150.4,2420.6
55239.433,40,2064.2,2237.4,2671
55239.473,40,2098,2353.6,2839.8
55239.513,40,2141.4,2448,2818.8
55239.553,40,2168.2,2488,2730.4
55239.593,40,2162.4,2467.2,2738.4
55239.633,40,2132,2407.4,2754.4
55239.673,40,2100.6,2314.8,2659.4
55239.713,40,2063.8,2230.2,2572.8
55239.753,40,2042.8,2153.2,2404.4
55239.793,40,2026.2,2101.6,2240.8
55239.833,40,2016.2,2073.8,2151
55239.873,40,2006.6,2058.6,2109
55239.913,40,2009.8,2057.2,2108
55239.953,40,2012.8,2069.4,2139.8
55239.993,40,2021.8,2091.2,2212.2
55240.033,40,2033,2132.4,2372.4
55240.073,40,2057.8,2221.8,2632
55240.113,40,2097.2,2344,2824
55240.153,40,2144.8,2448.8,2779.2
55240.193,40,2175,2481.8,2692
55240.233,40,2166,2462,2698
55240.273,40,2138,2414.6,2747.6
55240.313,40,2105,2333.8,2715.8
55240.353,40,2072.4,2245.4,2583.8
55240.393,40,2047.6,2168.8,2424.8
55240.433,40,2028.4,2108.4,2260.6
55240.473,40,2016,2077,2156.4
55240.513,40,2010.6,2058.2,2107.2
55240.553,40,2005.8,2049.8,2092.8
55240.593,40,2011.4,2058,2106
55240.633,40,2014.4,2068.6,2146
55240.673,40,2020.4,2099.2,2236.2
55240.713,40,2038.2,2153.2,2421
55240.753,40,2065.2,2241.2,2676.4
55240.793,40,2104.2,2364.2,2824.8
55240.833,40,2153.8,2457.2,2759.6
55240.873,40,2179.8,2489.4,2684
55240.913,40,2167.2,2480.2,2718.8
55240.953,40,2136.6,2432.4,2809.2
55240.993,40,2097.2,2342.6,2842.8
55241.033,40,2059.8,2237.4,2701
55241.073,40,2040,2156,2439.2
55241.113,40,2024,2103,2243
55241.153,40,2018.8,2075.4,2148.8
55241.193,40,2007,2057,2101
55241.233,40,2006,2049.6,2086.6
55241.273,40,2009,2057.2,2102.8
55241.313,40,2013.2,2068.8,2142
55241.353,40,2021.6,2093.6,2217.4
55241.393,40,2035.2,2136.2,2375.6
55241.433,40,2055.4,2214,2631.8
55241.473,40,2089.6,2330.4,2848
55241.513,40,2127.4,2422.2,2844
55241.553,40,2150.4,2450.4,2814.2
55241.593,40,2126.4,2422.6,2849
55241.633,40,2097.6,2346.2,2838.6
55241.673,40,2070,2256.8,2686.2
55241.713,40,2048.2,2178.6,2453.8
55241.753,40,2031.4,2123.8,2298
55241.793,40,2019.8,2079.8,2183.4
55241.833,40,2009,2060,2116
55241.873,40,2007,2050.2,2088.4
55241.913,40,2004.2,2050.8,2086.6
55241.953,40,2011.2,2059,2105.4
55241.993,40,2011.8,2069.6,2147.2
55242.033,40,2021.8,2092,2233.2
55242.073,40,2034,2138.4,2406
55242.113,40,2052,2220,2670.2
55242.153,40,2086.2,2326.2,2865.6
55242.193,40,2130,2425,2858.2
55242.233,40,2153.2,2471.6,2788.2
55242.273,40,2144.8,2445,2789.8
55242.313,40,2118.2,2383.8,2780.2
55242.353,40,2094.6,2299.2,2673
55242.393,40,2062,2215.2,2543
55242.433,40,2040,2148,2380.4
55242.473,40,2021.4,2095.8,2227
55242.513,40,2015.2,2069.8,2141.4
55242.553,40,2003.2,2057.8,2100.8
55242.593,40,2009.4,2052.4,2092.2
55242.633,40,2010,2060.6,2115
55242.673,40,2014.6,2073.8,2162.2
55242.713,40,2026.2,2105.4,2269.4
55242.753,40,2045.2,2163.4,2457.4
55242.793,40,2066.6,2255,2686.4
55242.833,40,2109.4,2362.4,2794.2
55242.873,40,2146,2435.8,2754.2
55242.913,40,2150.4,2438.6,2705
55242.953,40,2136,2394,2681.2
55242.993,40,2111,2336,2672.8
55243.033,40,2080,2271.4,2640.4
55243.073,40,2052.6,2192.6,2502.2
55243.113,40,2037.2,2130.6,2322.8
55243.153,40,2015.4,2089,2199.2
55243.193,40,2013.8,2067,2126.6
55243.233,40,2008.2,2053.4,2093.4
55243.273,40,2007.4,2054.4,2090.2
55243.313,40,2007.6,2061.2,2113.6
55243.353,40,2017,2078,2167.8
55243.393,40,2023.4,2110.2,2285.8
55243.433,40,2041,2175,2506.8
55243.473,40,2070.2,2265.4,2771.8
55243.513,40,2110.2,2385,2891
55243.553,40,2144.6,2462.2,2829.8
55243.593,40,2153,2472.6,2792.8
55243.633,40,2136.2,2452.4,2851.2
55243.673,40,2108,2379,2867.4
55243.713,40,2079.4,2288,2760.6
55243.753,40,2052.6,2196.2,2530.6
55243.793,40,2034.2,2133,2329.2
55243.833,40,2020.6,2094.4,2213.6
55243.873,40,2017.4,2069.6,2145.6
55243.913,40,2016.4,2071,2154.4
55243.953,40,2018.8,2086,2211
55243.993,40,2033.4,2126.4,2335.4
55244.033,40,2054.2,2194.8,2519.8
55244.073,40,2092.4,2300.2,2657
55244.113,40,2149.4,2411.2,2651
55244.153,40,2212.4,2456,2513.2
55244.193,40,2243.6,2433,2400.2
55244.233,40,2242,2419,2386
55244.273,40,2221.2,2448.8,2478
55244.313,40,2173.6,2463.8,2657.6
55244.353,40,2106.2,2357.2,2775.8
55244.393,40,2059.6,2220.6,2596.8
55244.433,40,2033,2126.2,2329.2
55244.473,40,2017.6,2082.6,2184.4
55244.513,40,2014.2,2066.8,2139.6
55244.553,40,2018.2,2080.8,2175
55244.593,40,2025,2100.4,2246.4
55244.633,40,2041.6,2145,2385
55244.673,40,2062.4,2220.6,2559
55244.713,40,2098.6,2314.6,2669.8
55244.753,40,2151.4,2414.4,2652.4
55244.793,40,2199.6,2463.4,2559
55244.833,40,2246.8,2449.6,2430.8
55244.873,40,2253,2428.8,2380.6
55244.913,40,2232.8,2433.8,2429.6
55244.953,40,2197.6,2449.8,2562
55244.993,40,2137.2,2404.4,2716.6
55245.033,40,2081.8,2275.4,2670.4
55245.073,40,2046.6,2172.6,2438.8
55245.113,40,2027,2111.4,2269.6
55245.153,40,2017.4,2082.8,2177.4
55245.193,40,2012.8,2077,2160.8
55245.233,40,2017.2,2090,2211.2
55245.273,40,2030.8,2125,2312.6
55245.313,40,2047.8,2177.4,2466.8
55245.353,40,2076,2261,2638
55245.393,40,2116.8,2362,2720.2
55245.433,40,2163.8,2448.4,2673
55245.473,40,2223.8,2473.4,2511.4
55245.513,40,2257.8,2435,2387.8
55245.553,40,2261.2,2418.4,2353
55245.593,40,2240.8,2425.2,2403.2
55245.633,40,2206.6,2462.8,2523.8
55245.673,40,2147.6,2428.2,2695
55245.713,40,2091,2311.2,2712.6
55245.753,40,2051.6,2197,2510
55245.793,40,2033.2,2126,2316.6
55245.833,40,2021,2092.8,2205.6
55245.873,40,2017.8,2078.6,2174.2
55245.913,40,2023.2,2095.4,2221
55245.953,40,2031.4,2129.8,2322
55245.993,40,2049.8,2183.8,2472
55246.033,40,2077.4,2264.6,2633.6
55246.073,40,2118.8,2360.8,2683.6
55246.113,40,2165.2,2426.4,2621
55246.153,40,2212.6,2457.2,2513.4
55246.193,40,2242.6,2441.4,2418
55246.233,40,2257,2421.6,2361.4
55246.273,40,2258.4,2420.8,2369.6
55246.313,40,2237.4,2443,2432.4
55246.353,40,2195.6,2450.8,2550.8
55246.393,40,2133,2388.8,2668.2
55246.433,40,2084.4,2276.2,2638.4
55246.473,40,2049.8,2172.6,2450.4
55246.513,40,2029,2114,2281.6
55246.553,40,2021.4,2089.6,2194
55246.593,40,2022.4,2084.2,2189.2
55246.633,40,2025.4,2102.8,2246.2
55246.673,40,2038.2,2140.6,2356.2
55246.713,40,2051.6,2198,2509.4
55246.753,40,2087.2,2287.2,2663.8
55246.793,40,2132.8,2399.2,2714.4
55246.833,40,2198,2476.6,2594.8
55246.873,40,2255,2450,2405.2
55246.913,40,2277,2361.4,2273
55246.953,40,2271.2,2312.4,2222.8
55246.993,40,2279.4,2349,2254.4
55247.033,40,2267.2,2421.4,2356.8
55247.073,40,2217.6,2481.4,2541.8
55247.113,40,2143.6,2422,2727.2
55247.153,40,2081.4,2284.6,2693.4
55247.193,40,2047,2171.2,2444
55247.233,40,2027.2,2111.6,2266.6
55247.273,40,2016.8,2086.2,2184.2
55247.313,40,2018.2,2083.2,2178.4
55247.353,40,2023.2,2097.6,2240.6
55247.393,40,2037.4,2136.8,2349.4
55247.433,40,2056,2192.4,2498.4
55247.473,40,2079.2,2278.2,2649.2
55247.513,40,2126.6,2375.4,2694.4
55247.553,40,2172.8,2444.4,2626
55247.593,40,2222,2467.6,2505.4
55247.633,40,2254,2441.6,2387.4
55247.673,40,2273,2388.4,2306.2
55247.713,40,2273.2,2378,2295.2
55247.753,40,2261.2,2419.8,2353.8
55247.793,40,2219.4,2452.2,2477
55247.833,40,2159.6,2427,2637.2
55247.873,40,2100.8,2324,2688.4
55247.913,40,2055.2,2204.8,2519.6
55247.953,40,2033.8,2131.2,2332.6
55247.993,40,2026.8,2092.2,2220
55248.033,40,2020,2085.4,2183
55248.073,40,2023.6,2098,2217.4
55248.113,40,2031.2,2118,2295.6
55248.153,40,2044.8,2160.2,2416.2
55248.193,40,2066.2,2224.2,2559.4
55248.233,40,2092.6,2303.4,2672
55248.273,40,2127.4,2385.2,2717.2
55248.313,40,2162.8,2455.2,2688
55248.353,40,2190.2,2488.4,2641.4
55248.393,40,2190,2497.2,2654.6
55248.433,40,2168,2485.6,2740.4
55248.473,40,2144,2450.8,2828.4
55248.513,40,2109.6,2380,2878.4
55248.553,40,2074.2,2278.2,2801.2
55248.593,40,2050.8,2191.4,2587
55248.633,40,2032.8,2128.4,2354.6
55248.673,40,2022.2,2089.4,2213.6
55248.713,40,2013.6,2073.6,2154
55248.753,40,2014.8,2073,2157.4
55248.793,40,2023.6,2086.6,2198.2
55248.833,40,2020.6,2104.6,2267
55248.873,40,2032.6,2133.4,2386.8
55248.913,40,2044.8,2182.2,2558.8
55248.953,40,2060.6,2245,2735.6
55248.993,40,2086,2317.4,2864.2
55249.033,40,2111.4,2384.8,2880.8
55249.073,40,2128.4,2430.6,2863.8
55249.113,40,2127,2428,2860.6
55249.153,40,2107.4,2385.4,2874.2
55249.193,40,2090.4,2337.6,2844.8
55249.233,40,2072.4,2268.8,2747.2
55249.273,40,2053.6,2203,2594.4
55249.313,40,2038,2149.6,2410.4
55249.353,40,2026,2109.6,2271.8
55249.393,40,2015.2,2084.6,2187.6
55249.433,40,2015.8,2073.8,2149.4
55249.473,40,2015.4,2074.4,2157.2
55249.513,40,2015.4,2081.8,2191.8
55249.553,40,2027.8,2102.8,2264.4
55249.593,40,2034,2133,2378
55249.633,40,2045.8,2174.4,2540.8
55249.673,40,2059.6,2231.4,2710.6
55249.713,40,2075.6,2278.6,2808
55249.753,40,2079,2295.8,2835.8
55249.793,40,2070.6,2272.6,2796
55249.833,40,2058.8,2230.8,2701
55249.873,40,2049,2189.6,2569.2
55249.913,40,2041,2149.8,2424.2
55249.953,40,2031.8,2114.8,2294.8
55249.993,40,2021.4,2087.4,2201.4
55250.033,40,2012,2074.2,2147
55250.073,40,2010.8,2061.4,2118.4
55250.113,40,2012.8,2062.2,2118.6
55250.153,40,2010.6,2070.8,2142.8
55250.193,40,2023.4,2082.8,2186.2
55250.233,40,2024.6,2105.2,2265.6
55250.273,40,2034.2,2136.8,2382.4
55250.313,40,2044.4,2175.4,2538.4
55250.353,40,2057.6,2233.2,2699.6
55250.393,40,2077,2285.2,2819.2
55250.433,40,2090.8,2330.6,2876
55250.473,40,2090.8,2334,2877
55250.513,40,2080.8,2304,2845.2
55250.553,40,2071.6,2269.8,2798.4
55250.593,40,2062.4,2243.8,2714.4
55250.633,40,2053.8,2208.6,2621
55250.673,40,2044.6,2176.4,2511.8
55250.713,40,2034.8,2139.8,2384.4
55250.753,40,2029,2107.4,2273.2
55250.793,40,2017.6,2085.2,2195
55250.833,40,2013.4,2067,2144.6
55250.873,40,2008.8,2057.6,2109.4
55250.913,40,2007.8,2056.6,2099.8
55250.953,40,2006.2,2059.8,2108.2
55250.993,40,2012.8,2066,2134.4
55251.033,40,2016.2,2080.6,2175.2
55251.073,40,2024,2096.8,2245.6
55251.113,40,2030,2120.6,2332.4
55251.153,40,2039.8,2156.8,2447.8
55251.193,40,2052.2,2188.4,2567.4
55251.233,40,2057.2,2228.4,2680.8
55251.273,40,2067.8,2263.8,2762.8
55251.313,40,2073.2,2280.2,2805.8
55251.353,40,2072.4,2277.2,2792.4
55251.393,40,2064.4,2257,2752.6
55251.433,40,2058,2229.8,2692.4
55251.473,40,2051.4,2208.2,2621.6
55251.513,40,2043.6,2174.8,2524.2
55251.553,40,2035.8,2147.2,2414
55251.593,40,2030.2,2116.6,2313.4
55251.633,40,2022,2094.4,2221.6
55251.673,40,2013.6,2072.2,2162.8
55251.713,40,2015.6,2065,2122.4
55251.753,40,2006.6,2055.2,2108.4
55251.793,40,2009.4,2061.8,2117.2
55251.833,40,2013.8,2069.8,2146.8
55251.873,40,2017.4,2080,2191.4
55251.913,40,2026,2100.8,2258.6
55251.953,40,2033,2128.2,2357.2
55251.993,40,2044.8,2172,2484.8
55252.033,40,2055.4,2215.8,2632.6
55252.073,40,2072.8,2267.8,2763.4
55252.113,40,2089,2323.4,2844.8
55252.153,40,2102.8,2368.2,2877.4
55252.193,40,2117.8,2406.6,2872.2
55252.233,40,2125.4,2428.2,2860.8
55252.273,40,2132.8,2437.6,2837.4
55252.313,40,2131.6,2433,2834.6
55252.353,40,2127,2421,2829.2
55252.393,40,2126.2,2404,2804.4
55252.433,40,2125.8,2401,2783.2
55252.473,40,2124.2,2391.4,2756
55252.513,40,2116.6,2377.4,2754.6
55252.553,40,2112.4,2371.4,2748
55252.593,40,2115.4,2367.6,2749
55252.633,40,2107.2,2358.6,2759.4
55252.673,40,2099.2,2347,2768.4
55252.713,40,2095.2,2329.2,2774.8
55252.753,40,2080.4,2291.6,2757.4
55252.793,40,2062.8,2242.6,2675.2
55252.833,40,2047.8,2186.8,2537
55252.873,40,2035.4,2138.6,2394.8
55252.913,40,2023.6,2110.2,2276
55252.953,40,2017.2,2090.6,2203
55252.993,40,2016.2,2082,2181.4
55253.033,40,2020.4,2093.2,2214.8
55253.073,40,2028.8,2114.6,2292
55253.113,40,2040.2,2153.2,2411.8
55253.153,40,2056,2207.2,2561
55253.193,40,2081.8,2274.8,2686.2
55253.233,40,2104.2,2347.6,2755.8
55253.273,40,2128.6,2405.8,2763.6
55253.313,40,2148.6,2447.8,2739.4
55253.353,40,2173.2,2478.2,2715.2
55253.393,40,2180.4,2492.6,2698.8
55253.433,40,2179,2497.6,2704.8
55253.473,40,2169,2493.2,2744.2
55253.513,40,2164.6,2484.4,2760.2
55253.553,40,2159,2480.2,2779
55253.593,40,2156,2475.8,2797.6
55253.633,40,2147.8,2457.6,2824
55253.673,40,2128.6,2434.4,2857.4
55253.713,40,2110,2380,2876
55253.753,40,2083.2,2304.6,2816.8
55253.793,40,2062.4,2229.8,2663.6
55253.833,40,2042.4,2165.2,2465.6
55253.873,40,2029.2,2117.2,2295.6
55253.913,40,2021.6,2089.8,2196.2
55253.953,40,2016,2073.8,2153.6
55253.993,40,2016.4,2078.8,2170
55254.033,40,2019.6,2094,2219.8
55254.073,40,2031.6,2119,2308
55254.113,40,2042.6,2162,2424
55254.153,40,2059.4,2217.6,2551.6
55254.193,40,2083,2284.6,2659.6
55254.233,40,2111.8,2346,2731.6
55254.273,40,2132.4,2407.2,2750
55254.313,40,2155,2448.4,2729.2
55254.353,40,2167.6,2476.6,2717
55254.393,40,2173.8,2492.6,2728.4
55254.433,40,2166.8,2488,2756.4
55254.473,40,2161.4,2477.2,2769.2
55254.513,40,2152.8,2474.2,2781.6
55254.553,40,2152,2468.8,2800.4
55254.593,40,2148.2,2467.6,2824.4
55254.633,40,2145.8,2461.6,2835.6
55254.673,40,2134,2439.6,2836.6
55254.713,40,2126.2,2411.4,2844.8
55254.753,40,2102.2,2364,2833.4
55254.793,40,2086,2301.8,2768
55254.833,40,2062.4,2227.6,2637.4
55254.873,40,2045.8,2167.8,2469.8
55254.913,40,2029.4,2121.8,2321.6
55254.953,40,2021.6,2092,2222
55254.993,40,2014.8,2074.6,2160.8
55255.033,40,2014.2,2070,2147.2
55255.073,40,2018,2080.8,2169.2
55255.113,40,2023.2,2097.4,2223.4
55255.153,40,2032,2124.4,2314.2
55255.193,40,2044.4,2165.8,2455.4
55255.233,40,2058,2227,2616.2
55255.273,40,2086.4,2303,2758.8
55255.313,40,2113,2377.6,2835.8
55255.353,40,2135.2,2443.8,2829.4
55255.393,40,2162.2,2482.6,2773.8
55255.433,40,2180.8,2498.2,2707.4
55255.473,40,2190.6,2498,2658
55255.513,40,2196.2,2500,2647.2
55255.553,40,2190,2496.6,2668.2
55255.593,40,2177.4,2495.2,2708.4
55255.633,40,2171,2491.6,2739
55255.673,40,2170,2492.4,2754
55255.713,40,2160.4,2484.4,2779.4
55255.753,40,2143.2,2467.8,2820.6
55255.793,40,2128.2,2424.8,2864.4
55255.833,40,2095.4,2355,2861.2
55255.873,40,2071.6,2272,2761.2
55255.913,40,2047.4,2194.6,2579.4
55255.953,40,2032.4,2138.4,2388
55255.993,40,2025.2,2102,2257.4
55256.033,40,2012.6,2077.4,2179
55256.073,40,2010.4,2070.6,2147.4
55256.113,40,2015,2074.2,2166.2
55256.153,40,2020.2,2092.2,2209
55256.193,40,2028.4,2112,2278.4
55256.233,40,2034.6,2148.8,2400.4
55256.273,40,2051.4,2196.2,2535.8
55256.313,40,2068.4,2247.6,2682.8
55256.353,40,2082.8,2307.2,2797
55256.393,40,2097.8,2354.8,2861
55256.433,40,2103,2377.2,2891.2
55256.473,40,2103.4,2365.8,2880.6
55256.513,40,2093.8,2342,2880
55256.553,40,2086.8,2323.2,2851.8
55256.593,40,2078.2,2293.2,2776.6
55256.633,40,2068.8,2252.6,2686.8
55256.673,40,2056.4,2211.6,2577.2
55256.713,40,2048.2,2167.4,2453.4
55256.753,40,2034.4,2130.6,2338
55256.793,40,2023.4,2100.8,2241.2
55256.833,40,2014.4,2080.8,2171.6
55256.873,40,2014.4,2067.8,2136.6
55256.913,40,2011.8,2065.8,2122.8
55256.953,40,2013.4,2069,2143
55256.993,40,2020.2,2080.6,2185.6
55257.033,40,2023.4,2099.2,2252.6
55257.073,40,2031.8,2129.2,2341.2
55257.113,40,2043.2,2162.6,2455
55257.153,40,2054.8,2211.2,2571.4
55257.193,40,2068.2,2252.6,2664.8
55257.233,40,2083,2286,2728.2
55257.273,40,2091.2,2317.2,2766.4
55257.313,40,2093.6,2318,2767.6
55257.353,40,2084,2291.8,2753.6
55257.393,40,2071,2265.2,2720.2
55257.433,40,2060.6,2230.8,2659
55257.473,40,2052.2,2194.4,2571.6
55257.513,40,2039,2159.2,2459.8
55257.553,40,2029,2125.6,2343.2
55257.593,40,2019.2,2099.8,2247.4
55257.633,40,2013.6,2074.6,2171.8
55257.673,40,2009.4,2061,2122.6
55257.713,40,2006.4,2052.2,2093.6
55257.753,40,2006.8,2048.6,2084.2
55257.793,40,2006,2049.4,2088.6
55257.833,40,2009.8,2056.4,2100.4
55257.873,40,2010.4,2060.8,2123.6
55257.913,40,2013.6,2072.2,2167.6
55257.953,40,2018,2090.4,2244.4
55257.993,40,2026.8,2129,2372
55258.033,40,2043,2171,2527.4
55258.073,40,2054,2224.6,2685.6
55258.113,40,2071.8,2281.6,2802
55258.153,40,2080.6,2319.2,2851
55258.193,40,2083.2,2318.2,2848.2
55258.233,40,2078.4,2290.2,2816.8
55258.273,40,2063.2,2257.6,2769.2
55258.313,40,2059.2,2223.6,2699.6
55258.353,40,2047.4,2193,2597.2
55258.393,40,2038.2,2159.8,2479.8
55258.433,40,2027.4,2123.2,2357.8
55258.473,40,2021.8,2098.2,2253.4
55258.513,40,2016,2073.6,2175.6
55258.553,40,2010.8,2065.2,2131.4
55258.593,40,2009.4,2053.6,2098.2
55258.633,40,2006.2,2047.8,2084.2
55258.673,40,2006.4,2049.8,2079.8
55258.713,40,2001.6,2048.6,2082.8
55258.753,40,2008.4,2055.4,2100.6
55258.793,40,2012.8,2065.8,2127.8
55258.833,40,2013.8,2076,2179.6
55258.873,40,2021.4,2099.2,2255.8
55258.913,40,2032.4,2130.8,2378.8
55258.953,40,2041.2,2169.6,2523
55258.993,40,2055.8,2218.8,2669.4
55259.033,40,2069.8,2270.2,2773.2
55259.073,40,2076.2,2295.8,2822.4
55259.113,40,2077.6,2289.4,2820.8
55259.153,40,2066.2,2264,2782
55259.193,40,2062.6,2241.2,2723.4
55259.233,40,2052.4,2209.6,2645.6
55259.273,40,2044.2,2178.4,2538
55259.313,40,2035,2142.8,2419.8
55259.353,40,2022.4,2113,2296.6
55259.393,40,2020.4,2091,2209.4
55259.433,40,2014.6,2070.2,2149
55259.473,40,2010,2060.8,2110.4
55259.513,40,2006.8,2050.6,2086.4
55259.553,40,2007.8,2049.8,2081.6
55259.593,40,2003.8,2052.2,2086.8
55259.633,40,2008.6,2057,2111.8
55259.673,40,2010.2,2068.8,2142.6
55259.713,40,2019.2,2081,2198.4
55259.753,40,2024.4,2107.4,2290.2
55259.793,40,2033.4,2139,2424.4
55259.833,40,2047.2,2192,2587.4
55259.873,40,2062.2,2247.2,2735.4
55259.913,40,2078.4,2301.8,2826
55259.953,40,2098.4,2344.6,2863.4
55259.993,40,2095.4,2345.6,2870.8
55260.033,40,2084,2314.4,2857.6
55260.073,40,2075.6,2282.8,2821.2
55260.113,40,2064,2247,2743.6
55260.153,40,2050.4,2209.2,2634
55260.193,40,2041,2167.2,2499.8
55260.233,40,2034.4,2135.6,2369
55260.273,40,2022.8,2106.8,2259.8
55260.313,40,2020.6,2085,2186.8
55260.353,40,2015,2068.8,2135.2
55260.393,40,2009.6,2058.4,2103
55260.433,40,2007.8,2053.6,2085.2
55260.473,40,2002,2045,2078.8
55260.513,40,2004,2049.2,2085.8
55260.553,40,2007.8,2053.4,2107
55260.593,40,2011.6,2069.4,2142.8
55260.633,40,2024.6,2087.8,2200
55260.673,40,2028,2109.8,2293.2
55260.713,40,2036.2,2149.4,2414.6
55260.753,40,2049.2,2194.4,2545.2
55260.793,40,2063.4,2235.4,2669.6
55260.833,40,2077.8,2285,2766.4
55260.873,40,2085,2311.2,2814.4
55260.913,40,2086.2,2309.8,2834.8
55260.953,40,2071.4,2286.6,2820.4
55260.993,40,2067.4,2258.8,2773
55261.033,40,2057,2229.2,2702
55261.073,40,2048.8,2197.2,2600.6
55261.113,40,2038.2,2157.8,2466.8
55261.153,40,2032.4,2126.2,2348.6
55261.193,40,2024,2100.2,2246
55261.233,40,2015.2,2078,2178.8
55261.273,40,2013,2066.4,2129.8
55261.313,40,2009,2055.6,2099.6
55261.353,40,2006.4,2049.6,2077.8
55261.393,40,2008.2,2045.8,2074.6
55261.433,40,2006.8,2048.8,2080
55261.473,40,2008.4,2052,2095
55261.513,40,2008.4,2057.4,2116.8
55261.553,40,2013.8,2071.4,2155.2
55261.593,40,2020.6,2089.6,2215.8
55261.633,40,2025.2,2111.6,2291.8
55261.673,40,2034.2,2142.4,2395.8
55261.713,40,2043.4,2172.8,2506.8
55261.753,40,2053.4,2202.8,2616.6
55261.793,40,2059.4,2237.2,2699
55261.833,40,2066.4,2260.2,2756.6
55261.873,40,2072.8,2272.6,2779.6
55261.913,40,2066.8,2254.6,2754.6
55261.953,40,2059,2231.2,2703.4
55261.993,40,2051,2207,2630
55262.033,40,2044.6,2173.4,2522.8
55262.073,40,2031.4,2138.2,2409.8
55262.113,40,2026.6,2110.2,2297
55262.153,40,2016.4,2087,2206.8
55262.193,40,2011.2,2067.8,2146.8
55262.233,40,2007.4,2058.2,2109.4
55262.273,40,2007,2050.2,2087
55262.313,40,2006.2,2046.2,2073.2
55262.353,40,2008.8,2048.8,2078.8
55262.393,40,2004.8,2051.6,2086
55262.433,40,2007.2,2055,2105.6
55262.473,40,2010,2063.4,2144.8
55262.513,40,2016,2082.4,2199.8
55262.553,40,2022.6,2108.2,2285
55262.593,40,2034.2,2137,2404.6
55262.633,40,2044.8,2175.2,2538.4
55262.673,40,2054.2,2212.6,2650.4
55262.713,40,2060,2231.6,2702.6
55262.753,40,2057.8,2233,2687.6
55262.793,40,2052.2,2213,2632.4
55262.833,40,2048.6,2193,2576.8
55262.873,40,2048.6,2178.6,2511.6
55262.913,40,2039,2156,2431.4
55262.953,40,2034,2130.8,2349.6
55262.993,40,2024.2,2104.4,2265.8
55263.033,40,2019,2088,2196.2
55263.073,40,2012.2,2067.6,2143
55263.113,40,2008.4,2059.2,2113.2
55263.153,40,2004,2053.2,2095.6
55263.193,40,2006.2,2052.4,2091.6
55263.233,40,2007,2060.2,2100.6
55263.273,40,2014.6,2064.4,2124.2
55263.313,40,2015.4,2076,2155.2
55263.353,40,2020.2,2090.4,2207
55263.393,40,2023.4,2108.2,2275.2
55263.433,40,2036.6,2137.2,2370.6
55263.473,40,2043.6,2167.2,2478.2
55263.513,40,2048.6,2197.2,2579.8
55263.553,40,2056,2223,2673.6
55263.593,40,2063,2242,2738.6
55263.633,40,2060.2,2250,2759.6
55263.673,40,2058.6,2234.2,2723.4
55263.713,40,2056.8,2222.2,2668.4
55263.753,40,2050.8,2201.6,2606.6
55263.793,40,2045,2180.6,2525.8
55263.833,40,2036.8,2147.8,2429.8
55263.873,40,2027.8,2119.8,2323.2
55263.913,40,2025.2,2096.8,2241.2
55263.953,40,2015.8,2078.2,2174
55263.993,40,2012.8,2064.4,2133.8
55264.033,40,2010,2054.6,2103.6
55264.073,40,2008.8,2057,2092.8
55264.113,40,2011.2,2056.4,2104.4
55264.153,40,2009.4,2062.4,2127
55264.193,40,2013.6,2071.4,2168.4
55264.233,40,2022.6,2094.6,2232.6
55264.273,40,2032.2,2122.4,2334.4
55264.313,40,2041,2165.2,2482.6
55264.353,40,2053,2219.2,2657.6
55264.393,40,2074.4,2287,2800.6
55264.433,40,2095.6,2346,2874.8
55264.473,40,2114.2,2394,2875.2
55264.513,40,2124.4,2422,2860.4
55264.553,40,2126.8,2423.4,2859
55264.593,40,2121.6,2402.2,2880.4
55264.633,40,2104.8,2376.8,2891.4
55264.673,40,2096.6,2346.6,2881
55264.713,40,2082,2303.4,2846.6
55264.753,40,2063.4,2250.8,2762.2
55264.793,40,2050.4,2195.8,2611.2
55264.833,40,2036.2,2149.6,2448.4
55264.873,40,2023.2,2111,2307.6
55264.913,40,2015.8,2089,2209.2
55264.953,40,2013,2071.2,2161.4
55264.993,40,2017.4,2070.2,2145.6
55265.033,40,2018.2,2076.8,2173.6
55265.073,40,2021.6,2090.8,2223.4
55265.113,40,2028.6,2118.2,2297.6
55265.153,40,2042.8,2153,2422.4
55265.193,40,2057,2213,2577
55265.233,40,2073,2268.8,2729.8
55265.273,40,2090.6,2330,2839.2
55265.313,40,2101,2366.4,2897.2
55265.353,40,2102,2367,2894.4
55265.393,40,2091.4,2344.6,2902.8
55265.433,40,2086.2,2318.8,2849.6
55265.473,40,2076.6,2285.8,2770
55265.513,40,2065.2,2246,2685
55265.553,40,2052.2,2205.4,2572.4
55265.593,40,2044,2162,2446.4
55265.633,40,2032.4,2126.6,2329.8
55265.673,40,2024,2099,2235.6
55265.713,40,2017.4,2079.6,2171
55265.753,40,2013.4,2066.4,2138.2
55265.793,40,2013.2,2065.8,2128.8
55265.833,40,2013.8,2070.2,2148.6
55265.873,40,2019.8,2082,2189.6
55265.913,40,2026.6,2105.6,2258.4
55265.953,40,2033.2,2129.4,2358.6
55265.993,40,2042.2,2169.8,2484.2
55266.033,40,2057,2214.2,2619.8
55266.073,40,2068,2260.6,2727.8
55266.113,40,2078,2296.2,2807.4
55266.153,40,2086.4,2320.8,2856.2
55266.193,40,2085.6,2316.2,2863.6
55266.233,40,2076.4,2301.2,2838.8
55266.273,40,2071,2280.6,2814.2
55266.313,40,2061,2255,2763.6
55266.353,40,2059.2,2224.4,2661.8
55266.393,40,2047,2182.2,2529.4
55266.433,40,2034.8,2142.6,2395
55266.473,40,2027,2111.8,2283.8
55266.513,40,2017.4,2089.4,2209.2
55266.553,40,2018.2,2076.8,2162.4
55266.593,40,2012.6,2070.4,2137
55266.633,40,2013.8,2068.2,2144.6
55266.673,40,2016,2081.8,2172
55266.713,40,2019,2092.8,2215
55266.753,40,2028,2109.2,2274.6
55266.793,40,2037.4,2134.6,2361.2
55266.833,40,2046,2166.6,2456.8
55266.873,40,2055.2,2202,2550.6
55266.913,40,2061.6,2233.2,2632
55266.953,40,2070.4,2258.6,2688.2
55266.993,40,2070.4,2265.8,2724.4
55267.033,40,2070.6,2266.6,2736.4
55267.073,40,2066,2256.4,2736
55267.113,40,2064.2,2245.4,2732.8
55267.153,40,2060.6,2233.4,2714.2
55267.193,40,2054.6,2226.8,2685.2
55267.233,40,2049.8,2203.6,2634.8
55267.273,40,2044.8,2175.2,2533.2
55267.313,40,2031.8,2140.4,2409.2
55267.353,40,2023.2,2112.4,2293.8
55267.393,40,2019.6,2090.2,2210.8
55267.433,40,2013.6,2075.6,2156.8
55267.473,40,2012.6,2064.6,2133.2
55267.513,40,2013.6,2065.2,2130.2
55267.553,40,2014.8,2071.8,2146.6
55267.593,40,2021.2,2082,2179.8
55267.633,40,2020.8,2098.2,2236.2
55267.673,40,2034.2,2122.8,2309.2
55267.713,40,2038.4,2151,2410.2
55267.753,40,2050,2188.2,2521
55267.793,40,2055,2224.2,2627
55267.833,40,2067,2253,2704.8
55267.873,40,2071.2,2267.2,2756.2
55267.913,40,2066.6,2263.2,2767.4
55267.953,40,2061.2,2244,2735.2
55267.993,40,2054.4,2225.2,2687.8
55268.033,40,2049.2,2203.6,2619
55268.073,40,2042.8,2171.6,2518.6
55268.113,40,2036,2142.4,2407
55268.153,40,2029,2110.4,2303.8
55268.193,40,2021.2,2090.4,2222
55268.233,40,2015.8,2078,2166.8
55268.273,40,2014.4,2071.6,2139.6
55268.313,40,2012.4,2066,2127.2
55268.353,40,2016.4,2066.4,2147.4
55268.393,40,2018.4,2080.8,2173.4
55268.433,40,2018,2093.4,2219.4
55268.473,40,2028.8,2116,2288
55268.513,40,2033.2,2137.6,2373.2
55268.553,40,2045.6,2165,2464
55268.593,40,2051,2193.4,2552
55268.633,40,2058.6,2220.2,2620
55268.673,40,2060.4,2235,2663.4
55268.713,40,2059.2,2231.4,2673.4
55268.753,40,2055.4,2215.2,2640.4
55268.793,40,2049.4,2196.8,2603.4
55268.833,40,2043.8,2177.2,2546.8
55268.873,40,2038.6,2155,2471.8
55268.913,40,2034.8,2134.8,2380
55268.953,40,2024.4,2108.4,2290.4
55268.993,40,2018.2,2091.4,2217
55269.033,40,2017.2,2077.2,2164.4
55269.073,40,2012.6,2068.4,2140
55269.113,40,2013.2,2070,2129
55269.153,40,2013.4,2066.4,2139.2
55269.193,40,2015,2079.2,2167.2
55269.233,40,2018.6,2087.4,2210
55269.273,40,2022.2,2106.8,2279.2
55269.313,40,2035,2130,2370.6
55269.353,40,2041.6,2162.6,2470
55269.393,40,2050.6,2191.2,2569.4
55269.433,40,2056,2218.8,2644
55269.473,40,2061.2,2232.8,2686.4
55269.513,40,2058,2229.6,2688.8
55269.553,40,2054.2,2219.8,2650.2
55269.593,40,2049,2197.2,2605.2
55269.633,40,2042,2177.6,2547.6
55269.673,40,2039.2,2152.4,2464
55269.713,40,2029.8,2129.8,2365.8
55269.753,40,2024.2,2103.6,2279
55269.793,40,2015.6,2088,2208.4
55269.833,40,2011.4,2071.8,2156
55269.873,40,2011.2,2065,2134
55269.913,40,2014.2,2065.2,2134.8
55269.953,40,2015.4,2073.8,2150.4
55269.993,40,2016,2081.6,2183.6
55270.033,40,2020.2,2099.6,2239.8
55270.073,40,2031.2,2119.8,2315.8
55270.113,40,2040.8,2151.4,2424.8
55270.153,40,2050,2186.2,2538
55270.193,40,2053.2,2214.8,2643.6
55270.233,40,2066.6,2242.4,2720.8
55270.273,40,2065.8,2250.4,2749.8
55270.313,40,2058,2241,2728
55270.353,40,2055.2,2223.2,2687.6
55270.393,40,2051,2208.6,2643
55270.433,40,2047,2186.8,2571.2
55270.473,40,2037.2,2167.8,2492.6
55270.513,40,2032.8,2142,2394.6
55270.553,40,2028.4,2116.6,2302.6
55270.593,40,2022.6,2091.8,2228.8
55270.633,40,2019,2081.4,2176
55270.673,40,2010.8,2069.6,2145.4
55270.713,40,2013.4,2066.4,2136.4
55270.753,40,2014.8,2075.6,2153
55270.793,40,2016.8,2081,2184
55270.833,40,2021.4,2098.4,2239.6
55270.873,40,2028.4,2119.6,2312.4
55270.913,40,2036.2,2144,2398.4
55270.953,40,2047.6,2179.2,2487.8
55270.993,40,2054.6,2202.4,2562
55271.033,40,2057.4,2216.6,2609.6
55271.073,40,2051.8,2212.2,2612.6
55271.113,40,2050,2198,2585.8
55271.153,40,2045.2,2185.6,2553.8
55271.193,40,2039.6,2160.6,2491.6
55271.233,40,2033.8,2140.8,2415.8
55271.273,40,2024.2,2116,2326.4
55271.313,40,2020.2,2096.6,2242.4
55271.353,40,2014.8,2078.2,2182.4
55271.393,40,2009.8,2069.2,2139.8
55271.433,40,2011.2,2061.2,2114.2
55271.473,40,2008,2059.8,2103
55271.513,40,2010.6,2056.4,2109.4
55271.553,40,2010.6,2066.2,2128.8
55271.593,40,2011.8,2072,2159.2
55271.633,40,2014,2083,2222.6
55271.673,40,2026.2,2112.4,2315.6
55271.713,40,2034.4,2146.8,2437.6
55271.753,40,2046.8,2183.6,2579.6
55271.793,40,2060.4,2231.4,2698.8
55271.833,40,2069.8,2265.4,2760
55271.873,40,2068.8,2265,2746.4
55271.913,40,2065.2,2241,2690
55271.953,40,2056.6,2213,2623.8
55271.993,40,2049.4,2182.4,2540.6
55272.033,40,2036.4,2154.2,2447.6
55272.073,40,2030.8,2123.4,2340.4
55272.113,40,2022.6,2099.6,2241.6
55272.153,40,2016.4,2077.8,2174.8
55272.193,40,2009.6,2067.4,2134.4
55272.233,40,2012.8,2058.8,2112.4
55272.273,40,2008.2,2061.6,2113
55272.313,40,2012.2,2063.4,2130.8
55272.353,40,2012,2076.8,2173.2
55272.393,40,2019.6,2090.4,2248
55272.433,40,2030,2125,2370.6
55272.473,40,2043,2176.8,2534.6
55272.513,40,2055.4,2227,2696.8
55272.553,40,2068.6,2268.6,2765
55272.593,40,2073,2276.4,2753.4
55272.633,40,2066,2251.2,2685.8
55272.673,40,2058.4,2216.2,2593.2
55272.713,40,2049.6,2181.4,2496.4
55272.753,40,2038.2,2149.8,2386
55272.793,40,2028.2,2117.8,2288
55272.833,40,2021,2085.4,2212.4
55272.873,40,2014.2,2070.8,2154.2
55272.913,40,2011.6,2063.4,2123.8
55272.953,40,2013.8,2063.8,2118
55272.993,40,2011.6,2066.6,2139.8
55273.033,40,2015.4,2084.4,2188.8
55273.073,40,2023.8,2105.6,2275.4
55273.113,40,2034.4,2135,2405.4
55273.153,40,2052.4,2192.6,2567.6
55273.193,40,2067,2251.4,2728
55273.233,40,2082.8,2312.2,2819.6
55273.273,40,2098.8,2349.6,2851.4
55273.313,40,2095.4,2345.8,2844
55273.353,40,2078.8,2306.8,2815.4
55273.393,40,2061.4,2244.6,2717.8
55273.433,40,2049.8,2192.2,2552.8
55273.473,40,2036.4,2136.2,2382
55273.513,40,2025.2,2104.6,2248.4
55273.553,40,2014.8,2078.4,2169
55273.593,40,2014,2066.2,2122.4
55273.633,40,2009,2056.2,2103.2
55273.673,40,2007.8,2060,2117
55273.713,40,2011.4,2070.6,2155.2
55273.753,40,2016.8,2088,2226
55273.793,40,2028,2122.2,2341.2
55273.833,40,2045,2168.6,2523.2
55273.873,40,2058.8,2240,2718
55273.913,40,2081.8,2312,2831.6
55273.953,40,2108.2,2369,2843.4
55273.993,40,2107.2,2374.8,2837
55274.033,40,2096.2,2342.6,2823.6
55274.073,40,2081.8,2292.4,2769.6
55274.113,40,2059.4,2231.2,2661.6
55274.153,40,2044.4,2181.2,2507.2
55274.193,40,2032.4,2130.4,2353.4
55274.233,40,2021.6,2099.4,2236.8
55274.273,40,2016.8,2079.8,2163.4
55274.313,40,2010.2,2063.6,2120
55274.353,40,2010.4,2062.8,2120
55274.393,40,2012,2068.8,2140.2
55274.433,40,2019.6,2083.8,2185.2
55274.473,40,2028.4,2105.4,2262.8
55274.513,40,2038.6,2147.8,2400
55274.553,40,2061.6,2215.2,2579
55274.593,40,2082.8,2299.4,2720.2
55274.633,40,2117.2,2372,2773.8
55274.673,40,2139.8,2430.2,2772
55274.713,40,2142.8,2436.2,2793.6
55274.753,40,2120.2,2406.8,2837.6
55274.793,40,2104.4,2363,2840.4
55274.833,40,2082.4,2292.6,2760.4
55274.873,40,2057.2,2225.2,2610.4
55274.913,40,2045.4,2157.2,2409.2
55274.953,40,2031.2,2114.4,2280.6
55274.993,40,2017.2,2083.2,2185
55275.033,40,2010,2066.4,2129
55275.073,40,2007.6,2053.4,2098.6
55275.113,40,2005.4,2052.6,2094
55275.153,40,2005.4,2061.2,2112
55275.193,40,2014,2069,2144.2
55275.233,40,2016.8,2084.4,2196.8
55275.273,40,2022.4,2104.8,2280
55275.313,40,2038.6,2141,2388.8
55275.353,40,2050.6,2185,2513
55275.393,40,2061.4,2230.2,2623.8
55275.433,40,2074.6,2267.4,2680.2
55275.473,40,2074.2,2268.6,2698.2
55275.513,40,2067.4,2245.4,2678.8
55275.553,40,2055.6,2217.4,2622.4
55275.593,40,2043.8,2179.8,2524.6
55275.633,40,2037,2144.2,2401.2
55275.673,40,2026.4,2108.8,2287.6
55275.713,40,2018.6,2085.4,2190.8
55275.753,40,2007.8,2068.6,2138.6
55275.793,40,2013.6,2055.6,2107.2
55275.833,40,2008.4,2052.8,2097.4
55275.873,40,2011.4,2058.4,2109.8
55275.913,40,2015.6,2063.6,2136
55275.953,40,2020,2083,2189
55275.993,40,2021.6,2104.6,2267
55276.033,40,2034.6,2135.8,2381
55276.073,40,2045.2,2180.4,2521.4
55276.113,40,2057.2,2224.2,2641.6
55276.153,40,2063.2,2243.4,2693.4
55276.193,40,2060,2229.4,2663
55276.233,40,2048.2,2192.4,2570.4
55276.273,40,2036.4,2155.6,2464.2
55276.313,40,2033,2127,2345.8
55276.353,40,2017.8,2102.6,2249.2
55276.393,40,2018.8,2079.8,2175.8
55276.433,40,2008.6,2065.2,2126.8
55276.473,40,2008.8,2056.2,2098.8
55276.513,40,2002.6,2049.4,2086.2
55276.553,40,2005.8,2053.6,2093
55276.593,40,2007.2,2058.4,2109.2
55276.633,40,2009.2,2069.2,2145.4
55276.673,40,2018.8,2088.4,2203.4
55276.713,40,2026.4,2112,2291.6
55276.753,40,2038.2,2140.6,2395.6
55276.793,40,2046.2,2173.6,2516
55276.833,40,2053,2210.2,2615.4
55276.873,40,2056.6,2217.6,2641.2
55276.913,40,2050.4,2200.8,2588.8
55276.953,40,2045.6,2177.4,2530.8
55276.993,40,2038.4,2150.8,2430
55277.033,40,2032.6,2120.6,2336.6
55277.073,40,2025.6,2101.2,2239.8
55277.113,40,2016.6,2078.6,2176
55277.153,40,2011.2,2068,2130.6
55277.193,40,2009,2053.4,2101.6
55277.233,40,2007.2,2054.8,2085.8
55277.273,40,2007.6,2055.8,2097
55277.313,40,2014.2,2063.8,2125.4
55277.353,40,2016.4,2077,2162.6
55277.393,40,2025,2096.6,2224.6
55277.433,40,2031.2,2117,2301.4
55277.473,40,2040.8,2148.4,2395.8
55277.513,40,2047,2181.2,2507.2
55277.553,40,2054.8,2213.4,2603.4
55277.593,40,2058.6,2226.6,2646.8
55277.633,40,2057.2,2214.2,2629.6
55277.673,40,2048.4,2186.4,2560.8
55277.713,40,2036,2153,2453.6
55277.753,40,2027.6,2118.6,2337.6
55277.793,40,2020.8,2094.6,2239.8
55277.833,40,2017.6,2077.8,2170.2
55277.873,40,2011.4,2065.2,2126.8
55277.913,40,2007.4,2057,2100.6
55277.953,40,2009.2,2054.6,2096
55277.993,40,2009.6,2056.8,2109
55278.033,40,2011.4,2071.4,2135.2
55278.073,40,2015.4,2079.4,2181.6
55278.113,40,2023.8,2100.6,2253.6
55278.153,40,2028,2128.6,2347.8
55278.193,40,2042.2,2161.2,2466
55278.233,40,2052,2200.4,2581
55278.273,40,2059.8,2234.8,2670.6
55278.313,40,2064.8,2242.2,2702.4
55278.353,40,2056.6,2219.8,2673.4
55278.393,40,2048.2,2199.6,2610.2
55278.433,40,2046.4,2176.4,2530
55278.473,40,2040,2150.8,2430.4
55278.513,40,2029.6,2124.6,2325
55278.553,40,2024.2,2101.8,2233.2
55278.593,40,2014.8,2076.2,2162.4
55278.633,40,2013,2064.6,2122.8
55278.673,40,2005.6,2052,2092.8
55278.713,40,2006.8,2049.4,2088.6
55278.753,40,2006.4,2051.2,2098
55278.793,40,2007.4,2065,2124.6
55278.833,40,2015.4,2075.2,2171
55278.873,40,2023.2,2092.2,2247
55278.913,40,2031,2126.2,2348.4
55278.953,40,2045.4,2166.6,2476.6
55278.993,40,2054,2207,2577.4
55279.033,40,2067.6,2242.2,2629.2
55279.073,40,2076,2260.8,2633.4
55279.113,40,2073.6,2248,2601.8
55279.153,40,2066.2,2227.8,2568.6
55279.193,40,2052.4,2195.8,2515.2
55279.233,40,2044.6,2160.2,2423.6
55279.273,40,2032.4,2124.6,2315
55279.313,40,2021.4,2091.8,2222.4
55279.353,40,2016.2,2075.6,2153.6
55279.393,40,2013,2059.6,2116.4
55279.433,40,2012.6,2051.6,2091.4
55279.473,40,2008.4,2051.2,2088.6
55279.513,40,2008.2,2054.8,2102
55279.553,40,2014.2,2062.6,2128.4
55279.593,40,2012.2,2077,2178.6
55279.633,40,2017.6,2095.2,2248.4
55279.673,40,2033.2,2125.2,2359.8
55279.713,40,2044.2,2170.6,2511.6
55279.753,40,2058.6,2226,2658.2
55279.793,40,2070,2273.4,2757.2
55279.833,40,2080.8,2301.8,2799
55279.873,40,2078.2,2290.8,2788.6
55279.913,40,2068,2260.4,2733.8
55279.953,40,2059.8,2224,2648.6
55279.993,40,2047.2,2181.4,2523.4
55280.033,40,2037.6,2141.4,2385.4
55280.073,40,2030.6,2109.8,2268.6
55280.113,40,2018.8,2084.2,2183.6
55280.153,40,2010.4,2067,2135.4
55280.193,40,2011,2059.8,2107.2
55280.233,40,2008.2,2051.2,2092.6
55280.273,40,2005.6,2053,2101.6
55280.313,40,2009.8,2066.6,2121.2
55280.353,40,2014.4,2071.6,2166.8
55280.393,40,2021,2086,2226.2
55280.433,40,2030.2,2118.2,2325
55280.473,40,2040.8,2157.2,2459.8
55280.513,40,2052,2206.2,2583.4
55280.553,40,2069,2247.8,2670.4
55280.593,40,2073,2271.8,2695.2
55280.633,40,2071.6,2257.4,2663.2
55280.673,40,2064.4,2230.8,2611.2
55280.713,40,2054,2200,2534.4
55280.753,40,2041.6,2164.4,2440.8
55280.793,40,2034.2,2127.6,2337.2
55280.833,40,2023.4,2101.6,2245.6
55280.873,40,2016.4,2083.2,2177.8
55280.913,40,2012.2,2064.4,2135.4
55280.953,40,2009.8,2058.8,2106.6
55280.993,40,2004.6,2052,2096.6
55281.033,40,2007.4,2054,2101.2
55281.073,40,2013.6,2064,2126.4
55281.113,40,2019.2,2083.4,2171
55281.153,40,2025,2104.2,2243.2
55281.193,40,2035,2132.6,2351.8
55281.233,40,2051.4,2176.4,2478
55281.273,40,2064.8,2231.6,2611
55281.313,40,2080.8,2274.2,2682.2
55281.353,40,2084.8,2295,2721.2
55281.393,40,2073.8,2274,2706.6
55281.433,40,2064.6,2241.2,2659.6
55281.473,40,2054,2198.2,2573.6
55281.513,40,2042,2159.8,2451.8
55281.553,40,2031,2123.6,2333.8
55281.593,40,2021.4,2096.4,2235
55281.633,40,2013.4,2079.2,2166.2
55281.673,40,2014,2066.2,2123.2
55281.713,40,2009.6,2056.4,2099.4
55281.753,40,2009,2055.8,2099
55281.793,40,2007.4,2057.6,2111
55281.833,40,2013.6,2068.6,2135.4
55281.873,40,2016.8,2081.2,2178
55281.913,40,2021.6,2097.8,2233.6
55281.953,40,2031.6,2124,2316.4
55281.993,40,2043,2156.2,2416.6
55282.033,40,2050.6,2192.2,2517.4
55282.073,40,2057.6,2222.2,2593.6
55282.113,40,2062,2234.2,2625
55282.153,40,2058.8,2219,2599.8
55282.193,40,2058.6,2200.2,2563
55282.233,40,2048.4,2181,2502.6
55282.273,40,2040.8,2150.4,2415
55282.313,40,2030.6,2122.6,2318.6
55282.353,40,2023.4,2095.8,2238.2
55282.393,40,2018.2,2078.4,2170.4
55282.433,40,2013.6,2067.2,2132.6
55282.473,40,2010.8,2056.4,2106.2
55282.513,40,2008.6,2052.4,2092.2
55282.553,40,2008.2,2059.2,2102.8
55282.593,40,2012.6,2063,2123.6
55282.633,40,2014.2,2076.8,2162.2
55282.673,40,2021.2,2092.2,2212.4
55282.713,40,2029.6,2112,2278
55282.753,40,2034.6,2137,2360
55282.793,40,2045.2,2166.4,2445
55282.833,40,2054.4,2193.8,2517.8
55282.873,40,2061,2214.4,2566.8
55282.913,40,2057.6,2205.6,2544.2
55282.953,40,2048.2,2187.6,2500.8
55282.993,40,2044.4,2167.6,2444.2
55283.033,40,2035.8,2136.8,2363.6
55283.073,40,2026.4,2112.8,2287.6
55283.113,40,2022.4,2089.8,2210.4
55283.153,40,2016.2,2073.4,2152.4
55283.193,40,2012.6,2057.4,2114.6
55283.233,40,2005.8,2055.6,2095.8
55283.273,40,2005.4,2050.2,2085.6
55283.313,40,2008.2,2049.4,2089.4
55283.353,40,2009.2,2057.4,2101.6
55283.393,40,2010.2,2062,2129.6
55283.433,40,2015.8,2078.8,2174.2
55283.473,40,2022.6,2099,2235.2
55283.513,40,2026,2122.6,2313
55283.553,40,2040.8,2150,2405.4
55283.593,40,2046,2180,2486.8
55283.633,40,2051.4,2191.8,2534.6
55283.673,40,2047.8,2183.4,2520.6
55283.713,40,2044.4,2167.2,2485.6
55283.753,40,2041.2,2155.4,2445.4
55283.793,40,2033.2,2135.2,2380.8
55283.833,40,2026.6,2120.4,2319.8
55283.873,40,2020.6,2101.4,2250.8
55283.913,40,2014.8,2082.6,2194.4
55283.953,40,2014.8,2073.6,2148
55283.993,40,2010.4,2059.8,2121.2
55284.033,40,2012.6,2061.2,2098
55284.073,40,2005.6,2055.6,2092
55284.113,40,2008,2054.4,2102.4
55284.153,40,2008.6,2062,2121.4
55284.193,40,2014,2072.8,2161.8
55284.233,40,2021,2088,2221
55284.273,40,2029,2117.2,2299.6
55284.313,40,2036,2148,2394.6
55284.353,40,2047,2172.8,2495
55284.393,40,2055.8,2202,2570.2
55284.433,40,2059.6,2219,2613.2
55284.473,40,2054.4,2215,2603
55284.513,40,2049.6,2193.8,2550.4
55284.553,40,2043.4,2170.6,2476.8
55284.593,40,2033.2,2141,2384.2
55284.633,40,2028.4,2113.4,2293.2
55284.673,40,2021,2091.2,2211.6
55284.713,40,2018.4,2074.6,2156.8
55284.753,40,2011.6,2060,2124
55284.793,40,2008,2057.6,2098.8
55284.833,40,2007.2,2049,2091
55284.873,40,2010.4,2054.8,2098.8
55284.913,40,2009.8,2064.6,2120.8
55284.953,40,2017,2073.8,2154.8
55284.993,40,2023.8,2090.6,2212.2
55285.033,40,2027.6,2113,2279.6
55285.073,40,2038.8,2142.6,2372.2
55285.113,40,2047,2172.4,2470
55285.153,40,2053.6,2206.4,2555.6
55285.193,40,2062.4,2219.8,2608
55285.233,40,2051.6,2205,2597.8
55285.273,40,2047,2189.2,2558.8
55285.313,40,2042.8,2166.2,2494.2
55285.353,40,2033,2139,2405.4
55285.393,40,2023.4,2114.2,2308.8
55285.433,40,2019.4,2091,2222.6
55285.473,40,2014.4,2075.2,2159.2
55285.513,40,2008.8,2065,2121
55285.553,40,2009.6,2056,2104
55285.593,40,2007.2,2053.4,2086.2
55285.633,40,2009.4,2053.6,2094.6
55285.673,40,2007.8,2065.2,2115.6
55285.713,40,2013.2,2068,2143.8
55285.753,40,2019.2,2083.8,2193.2
55285.793,40,2024,2104.8,2268.4
55285.833,40,2032.4,2133,2363.4
55285.873,40,2045.8,2162.2,2464.2
55285.913,40,2049,2190.6,2544.4
55285.953,40,2049,2196.2,2572.4
55285.993,40,2044.2,2175.6,2521
55286.033,40,2038.4,2154.6,2453.2
55286.073,40,2033.6,2130.6,2367.6
55286.113,40,2025.8,2108.6,2279.6
55286.153,40,2020.2,2089.8,2210.8
55286.193,40,2014.6,2067.4,2151.4
55286.233,40,2010,2061.8,2114
55286.273,40,2011.6,2055.4,2098.2
55286.313,40,2010.4,2051,2088.8
55286.353,40,2008.6,2055.2,2097.6
55286.393,40,2009.6,2062,2118.2
55286.433,40,2014,2070.4,2149.2
55286.473,40,2018.6,2081.6,2196.6
55286.513,40,2022,2103.4,2264.8
55286.553,40,2032,2137.4,2368.8
55286.593,40,2043.8,2172.6,2487.6
55286.633,40,2056.6,2212.8,2598.4
55286.673,40,2060.8,2231.8,2642.4
55286.713,40,2055.6,2212,2604.8
55286.753,40,2050.4,2189.4,2540.6
55286.793,40,2043.4,2161.6,2454
55286.833,40,2032.2,2131.8,2356.2
55286.873,40,2021.8,2106.6,2258.2
55286.913,40,2018.2,2085.6,2191.4
55286.953,40,2014.6,2068.8,2140
55286.993,40,2008.6,2055.8,2111
55287.033,40,2005.2,2050.8,2090.8
55287.073,40,2004.6,2053,2095.8
55287.113,40,2010,2057.6,2109.8
55287.153,40,2009.4,2066.8,2143
55287.193,40,2018,2080.8,2200.4
55287.233,40,2026.4,2104.6,2277.8
55287.273,40,2035.8,2139,2380.6
55287.313,40,2046.6,2174.8,2493.2
55287.353,40,2055.6,2210,2587.4
55287.393,40,2061.4,2240.8,2638.8
55287.433,40,2064.8,2245.6,2640
55287.473,40,2061.6,2221.4,2591.2
55287.513,40,2052.6,2194.8,2524.6
55287.553,40,2043.8,2160.2,2423.6
55287.593,40,2033.8,2127.6,2321.8
55287.633,40,2023.8,2098.6,2230.2
55287.673,40,2016.6,2081.6,2164.2
55287.713,40,2007.4,2063.8,2121.2
55287.753,40,2009.6,2055,2096.8
55287.793,40,2007,2048.6,2085.2
55287.833,40,2004.8,2051.6,2089
55287.873,40,2006.6,2053.2,2102.2
55287.913,40,2009.6,2066.8,2131.4
55287.953,40,2012.4,2074,2175.8
55287.993,40,2018,2092.2,2242.8
55288.033,40,2026.8,2117.4,2336.8
55288.073,40,2037,2146.2,2443.8
55288.113,40,2046.6,2181.2,2556.2
55288.153,40,2054.2,2207,2615.2
55288.193,40,2052.8,2206.2,2609.6
55288.233,40,2048.4,2191,2551.6
55288.273,40,2044,2171.6,2487.4
55288.313,40,2033.2,2146.4,2391.4
55288.353,40,2030.6,2120.4,2300.4
55288.393,40,2023.8,2094,2227
55288.433,40,2016.4,2079,2168
55288.473,40,2012,2061.4,2123.4
55288.513,40,2007.4,2055.8,2098.2
55288.553,40,2006.6,2050.2,2084
55288.593,40,2005.2,2047,2085.2
55288.633,40,2009.2,2051,2100
55288.673,40,2012.2,2063.6,2127
55288.713,40,2013,2076.8,2171
55288.753,40,2019.2,2096.8,2240.8
55288.793,40,2028.8,2118.6,2332.8
55288.833,40,2042,2149.8,2429.8
55288.873,40,2048.4,2184,2519.2
55288.913,40,2058,2210.8,2572.6
55288.953,40,2057.6,2208.2,2557.6
55288.993,40,2051.8,2189.2,2503
55289.033,40,2045.4,2163.6,2437.2
55289.073,40,2035.8,2137.4,2351
55289.113,40,2028.4,2105.6,2269
55289.153,40,2019,2086.6,2198.6
55289.193,40,2012.8,2070,2142.6
55289.233,40,2009,2056.2,2106.2
55289.273,40,2007.6,2050.6,2092.4
55289.313,40,2006,2048.4,2083.8
55289.353,40,2006.2,2054.4,2095.6
55289.393,40,2009,2060.8,2119.4
55289.433,40,2013.4,2071.6,2151.8
55289.473,40,2016.4,2088,2210.2
55289.513,40,2026,2110,2285.6
55289.553,40,2033,2137.8,2376.8
55289.593,40,2043.2,2163.2,2465.2
55289.633,40,2053.8,2193.6,2529.8
55289.673,40,2052.2,2204.6,2554.2
55289.713,40,2049.6,2185.2,2518.6
55289.753,40,2045.4,2166.6,2459.4
55289.793,40,2036.8,2144.4,2383.6
55289.833,40,2033.2,2117.6,2300.6
55289.873,40,2019,2090.6,2225.2
55289.913,40,2014.6,2078.4,2162
55289.953,40,2010.8,2062.4,2122.4
55289.993,40,2008.8,2051,2093.8
55290.033,40,2002,2046.8,2079.8
55290.073,40,2004.2,2048,2079.2
55290.113,40,2007.8,2051.4,2088.4
55290.153,40,2009.6,2058.2,2114.2
55290.193,40,2014,2069.6,2143
55290.233,40,2019,2088,2187.6
55290.273,40,2029.4,2107.6,2259.2
55290.313,40,2038,2131.2,2343.6
55290.353,40,2044.4,2163,2438.2
55290.393,40,2050.2,2192.8,2527.4
55290.433,40,2057.6,2209.2,2588.2
55290.473,40,2051.8,2200,2584.4
55290.513,40,2042.6,2180.2,2540.2
55290.553,40,2038.8,2155.8,2461.4
55290.593,40,2025.4,2126.4,2368.8
55290.633,40,2024.6,2106.4,2279
55290.673,40,2017.2,2088.4,2201
55290.713,40,2010.6,2065.4,2143.2
55290.753,40,2009,2055.8,2111
55290.793,40,2006.4,2047,2087.2
55290.833,40,2006.4,2051.2,2082.6
55290.873,40,2008,2053.2,2094.2
55290.913,40,2011.4,2059.2,2115
55290.953,40,2011,2071.2,2148.2
55290.993,40,2016.2,2081.4,2201.4
55291.033,40,2026,2104.6,2276.4
55291.073,40,2030.6,2136.4,2383.2
55291.113,40,2035.6,2165.6,2501.8
55291.153,40,2049.4,2199,2617.4
55291.193,40,2056.6,2223.4,2686.2
55291.233,40,2054.4,2222.8,2686.8
55291.273,40,2054.4,2204.6,2637
55291.313,40,2045.4,2180,2541.6
55291.353,40,2036.4,2152.8,2436
55291.393,40,2031.4,2126.4,2337.6
55291.433,40,2024.2,2102.4,2254.4
55291.473,40,2020.4,2085.2,2185.8
55291.513,40,2015.2,2069.8,2139.4
55291.553,40,2009,2059.6,2109
55291.593,40,2007.6,2053.4,2088.2
55291.633,40,2006,2050,2092.4
55291.673,40,2010.2,2058.4,2107.2
55291.713,40,2012.4,2068.4,2135.2
55291.753,40,2018.8,2079.4,2173.4
55291.793,40,2025.8,2096.6,2225.8
55291.833,40,2032.8,2119.8,2306.8
55291.873,40,2036.8,2149.6,2394.4
55291.913,40,2047.8,2179.2,2493.6
55291.953,40,2055.6,2210.2,2585.2
55291.993,40,2055.8,2225.6,2640.4
55292.033,40,2054.8,2218.6,2633
55292.073,40,2047.2,2188.8,2568
55292.113,40,2040.8,2162.6,2470.6
55292.153,40,2032,2128.2,2364
55292.193,40,2023,2102,2263.2
55292.233,40,2016.4,2079.6,2186
55292.273,40,2012.2,2066.4,2137
55292.313,40,2009,2057.6,2108.6
55292.353,40,2008.4,2053.2,2091.4
55292.393,40,2004.4,2052.8,2086.4
55292.433,40,2008.4,2052.2,2097.2
55292.473,40,2012,2060,2120.6
55292.513,40,2015.2,2077.4,2153
55292.553,40,2018.2,2086.4,2215.6
55292.593,40,2030,2111.8,2297.4
55292.633,40,2040.6,2143,2404.8
55292.673,40,2047.6,2182.2,2519.8
55292.713,40,2058.2,2218.4,2620
55292.753,40,2064.6,2243.2,2673.2
55292.793,40,2066,2241.4,2663.2
55292.833,40,2054.4,2218.4,2605.6
55292.873,40,2047.8,2184,2524
55292.913,40,2041.2,2157.6,2432
55292.953,40,2032.2,2129,2337.2
55292.993,40,2029.4,2105.4,2251.6
55293.033,40,2018.2,2084.6,2185.6
55293.073,40,2016.4,2069.2,2141.6
55293.113,40,2006.8,2058.4,2111.6
55293.153,40,2006,2051.4,2092.8
55293.193,40,2003,2053.4,2092.2
55293.233,40,2008.6,2055.6,2103.2
55293.273,40,2011.4,2061.8,2122.4
55293.313,40,2013.6,2067.8,2159.6
55293.353,40,2018,2086,2210.8
55293.393,40,2027.8,2105.8,2284.8
55293.433,40,2032.2,2131.4,2368.2
55293.473,40,2040.2,2157.4,2452.8
55293.513,40,2045.6,2184,2521.2
55293.553,40,2051.8,2201.8,2568.4
55293.593,40,2058.4,2216.6,2585.8
55293.633,40,2060.8,2214.8,2581.6
55293.673,40,2059,2210.2,2557.4
55293.713,40,2054.6,2198.2,2539.8
55293.753,40,2053.6,2197.6,2532.4
55293.793,40,2047.4,2195.2,2540.8
55293.833,40,2048.4,2192.4,2544.4
55293.873,40,2048.8,2187.4,2550
55293.913,40,2046.4,2185.6,2553.8
55293.953,40,2044,2178.4,2550.6
55293.993,40,2041.8,2175.2,2550
55294.033,40,2043.2,2179,2543.4
55294.073,40,2043.2,2171.8,2533.4
55294.113,40,2040.2,2174.2,2519.4
55294.153,40,2044.6,2171.2,2494.4
55294.193,40,2046.4,2171.6,2477.2
55294.233,40,2045.8,2172.4,2448.6
55294.273,40,2046,2168.2,2425.8
55294.313,40,2045.6,2166.4,2419.8
55294.353,40,2047.6,2166.2,2428.2
55294.393,40,2043.8,2164.4,2432.4
55294.433,40,2043.2,2159.8,2432.2
55294.473,40,2045.2,2161,2429.4
55294.513,40,2045,2161.4,2418.8
55294.553,40,2047.4,2158.2,2412
55294.593,40,2043.6,2163.4,2411.6
55294.633,40,2045.2,2162.2,2415.4
55294.673,40,2043.8,2163,2423.6
55294.713,40,2048.8,2169.4,2426.6
55294.753,40,2045,2171.4,2438.4
55294.793,40,2047.8,2175.8,2453.6
55294.833,40,2051.6,2190.6,2476.8
55294.873,40,2056.8,2202.2,2510.2
55294.913,40,2060.6,2220.6,2553.2
55294.953,40,2066.8,2238.6,2594.8
55294.993,40,2073.8,2249.8,2646.8
55295.033,40,2072.2,2266.6,2694.6
55295.073,40,2076.8,2279.4,2721.4
55295.113,40,2076.2,2280.8,2741.6
55295.153,40,2071,2268.6,2740.4
55295.193,40,2066.2,2254,2750.2
55295.233,40,2064.6,2257,2745
55295.273,40,2064,2248.4,2736.6
55295.313,40,2062.4,2243.2,2723
55295.353,40,2060.6,2242.6,2705
55295.393,40,2065.4,2234.4,2687.6
55295.433,40,2060.2,2230.4,2666.6
55295.473,40,2061.8,2231.2,2651.2
55295.513,40,2057,2223.6,2645.8
55295.553,40,2052.4,2217.6,2644.2
55295.593,40,2054.8,2215.4,2636.6
55295.633,40,2055,2211,2626.8
55295.673,40,2053.4,2207.4,2614.2
55295.713,40,2051,2204.2,2601.6
55295.753,40,2050.8,2199.6,2581.2
55295.793,40,2050.8,2199,2566.8
55295.833,40,2049.4,2194.4,2545.6
55295.873,40,2049.2,2190.6,2529.8
55295.913,40,2048.6,2186.8,2520.4
55295.953,40,2049.2,2181,2520.6
55295.993,40,2044.4,2183.8,2518.6
55296.033,40,2046.4,2179.2,2509.8
55296.073,40,2045,2174.6,2507.4
55296.113,40,2046.2,2169.2,2503.2
55296.153,40,2043.4,2170.8,2500.6
55296.193,40,2043.4,2170.2,2491
55296.233,40,2042.8,2167.8,2480.8
55296.273,40,2042.6,2165,2470.4
55296.313,40,2039.4,2161,2457
55296.353,40,2041.6,2161.4,2446.6
55296.393,40,2043.6,2158.2,2429.8
55296.433,40,2040.2,2157.2,2422.6
55296.473,40,2042,2151.2,2408.6
55296.513,40,2039.4,2151.8,2404.2
55296.553,40,2039.8,2151.4,2395.2
55296.593,40,2039.2,2147.4,2396
55296.633,40,2040.4,2147.4,2391.2
55296.673,40,2038,2144.8,2389.6
55296.713,40,2033.8,2140.2,2385.2
55296.753,40,2039.2,2136,2380.6
55296.793,40,2035.2,2137,2373.6
55296.833,40,2034.2,2139,2364.8
55296.873,40,2033.4,2131,2361
55296.913,40,2032.6,2129.2,2350.8
55296.953,40,2033.4,2130.8,2345.8
55296.993,40,2035.6,2126.2,2335.8
55297.033,40,2031.4,2124.6,2329
55297.073,40,2033,2124.2,2321.8
55297.113,40,2028.2,2121.6,2320
55297.153,40,2032.2,2119.2,2314.2
55297.193,40,2029.8,2116.2,2309.6
55297.233,40,2029.8,2120.2,2305.6
55297.273,40,2030,2118.2,2300.8
55297.313,40,2028,2115.2,2293.2
55297.353,40,2033.2,2114.6,2293.2
55297.393,40,2027.6,2115.6,2280.8
55297.433,40,2026.4,2112,2280.6
55297.473,40,2024.4,2108.6,2276.4
55297.513,40,2025.6,2107.6,2272
55297.553,40,2025.2,2106,2263.6
