81419.768,40,2103.6,2430.2,2875.8
81419.808,40,2107,2430,2874
81419.848,40,2105.2,2430.8,2873
81419.888,40,2106.8,2427.8,2874.4
81419.928,40,2103.4,2426.6,2872
81419.968,40,2108.6,2432.4,2872.6
81420.008,40,2104.4,2428.4,2869.6
81420.048,40,2105.8,2429.4,2874.6
81420.088,40,2105.8,2430.4,2872.2
81420.128,40,2103.4,2428.2,2876.4
81420.168,40,2105.8,2433,2873.2
81420.208,40,2106.2,2426.2,2872.6
81420.248,40,2105,2430.2,2872.2
81420.288,40,2105.2,2425.4,2873.2
81420.328,40,2101.2,2430.8,2875.8
81420.368,40,2104.4,2435.6,2893.4
81420.408,40,2110,2448.4,2909.2
81420.448,40,2116.2,2484.6,2953.2
81420.488,40,2139.2,2558.8,2992.6
81420.528,40,2179,2662.8,2998.6
81420.568,40,2225.2,2778,2926.2
81420.608,40,2298,2898.4,2820.4
81420.648,40,2378.2,2957.4,2679.2
81420.688,40,2462.4,2961,2558.4
81420.728,40,2520,2921,2471.4
81420.768,40,2548.6,2867.6,2421.6
81420.808,40,2543.4,2833.6,2408
81420.848,40,2536,2864.6,2425.8
81420.888,40,2532.6,2914.6,2460.2
81420.928,40,2503.8,2981.2,2525.8
81420.968,40,2442,3007.8,2615.2
81421.008,40,2365.4,2984,2725
81421.048,40,2286.8,2891.2,2834.8
81421.088,40,2226.6,2779.4,2920.6
81421.128,40,2176.2,2662,2955.4
81421.168,40,2146.2,2573.4,2933.6
81421.208,40,2137.4,2534.8,2895.8
81421.248,40,2140,2539.6,2874
81421.288,40,2159.6,2565.4,2830
81421.328,40,2190.4,2654.4,2829.2
81421.368,40,2250.2,2776.8,2804.6
81421.408,40,2337.2,2917.6,2723.6
81421.448,40,2457.6,3009.8,2596.2
81421.488,40,2593.2,3014,2469.2
81421.528,40,2709.6,2958.8,2376
81421.568,40,2806.4,2875.4,2308.6
81421.608,40,2826,2818.4,2280.6
81421.648,40,2768.8,2791.6,2287.8
81421.688,40,2684.2,2788,2313.8
81421.728,40,2621.4,2791,2341.2
81421.768,40,2593.4,2847.6,2383
81421.808,40,2555,2941.2,2454.4
81421.848,40,2476,3000,2563.4
81421.888,40,2377.6,2994,2708.4
81421.928,40,2285.8,2895.2,2843.2
81421.968,40,2214,2764.4,2948.4
81422.008,40,2167.4,2644.4,2994.8
81422.048,40,2136,2553.2,2988.2
81422.088,40,2126,2506.8,2951
81422.128,40,2129.8,2515.6,2926
81422.168,40,2151,2567.8,2913.8
81422.208,40,2188.4,2664,2871
81422.248,40,2259,2807.6,2808.8
81422.288,40,2377.6,2948.6,2679.8
81422.328,40,2521.2,3012.6,2524.2
81422.368,40,2687,2971.4,2392.2
81422.408,40,2826.6,2867.4,2296
81422.448,40,2918.4,2758.8,2237.2
81422.488,40,2946.2,2689.6,2210
81422.528,40,2911.4,2679.2,2213.6
81422.568,40,2860,2707.8,2237.6
81422.608,40,2767.6,2730.2,2259.8
81422.648,40,2683.8,2769,2304.6
81422.688,40,2616.2,2819,2360.8
81422.728,40,2557,2917.8,2442
81422.768,40,2471.6,2973.6,2555.2
81422.808,40,2362.4,2963.8,2713
81422.848,40,2263.8,2860,2871.4
81422.888,40,2195.6,2719.6,2970
81422.928,40,2152.2,2599.6,3002
81422.968,40,2126.8,2532.4,2993
81423.008,40,2126.8,2525.6,2991
81423.048,40,2140.2,2558.6,2954
81423.088,40,2179.4,2668.4,2983.8
81423.128,40,2232.6,2800,2906.6
81423.168,40,2325,2934.8,2784.6
81423.208,40,2456.4,3019.6,2603.6
81423.248,40,2614.8,2995,2445.6
81423.288,40,2758.8,2894,2328
81423.328,40,2851.2,2757.2,2253.6
81423.368,40,2866.6,2657.2,2217.2
81423.408,40,2837.2,2620.2,2205.2
81423.448,40,2782,2631.2,2219.6
81423.488,40,2768,2670.6,2238
81423.528,40,2756.8,2733,2268.4
81423.568,40,2748.6,2812.8,2305.2
81423.608,40,2693.2,2929.6,2373.2
81423.648,40,2593.4,3002,2465.6
81423.688,40,2468,3020,2590.4
81423.728,40,2351.8,2945,2719.2
81423.768,40,2257.4,2832.6,2852
81423.808,40,2191.8,2691,2919.4
81423.912,104,2126.8,2501.4,2905.4
81423.952,40,2136.2,2535,2912.8
81423.992,40,2172.4,2633,2893.8
81424.032,40,2241.4,2802.2,2879.6
81424.072,40,2345.4,2954.2,2750.8
81424.112,40,2483.8,3016.6,2577.6
81424.152,40,2652.8,2998.2,2428.8
81424.192,40,2765.6,2855.4,2312.4
81424.232,40,2818.6,2728,2247.2
81424.272,40,2785.4,2631,2220.8
81424.312,40,2772.2,2624.6,2221.8
81424.352,40,2788.4,2678,2238.4
81424.392,40,2827.8,2773.2,2263.2
81424.432,40,2804.2,2862,2308.8
81424.472,40,2720.4,2950.6,2369
81424.512,40,2605,3016.2,2462.2
81424.552,40,2468.8,3013.4,2582
81424.592,40,2344,2917.8,2708.4
81424.632,40,2245.2,2778,2808.6
81424.672,40,2181.2,2626.6,2852
81424.712,40,2142,2525.2,2856
81424.752,40,2121.4,2471,2861
81424.792,40,2119.4,2479.6,2897.4
81424.832,40,2136.2,2526.2,2896.4
81424.872,40,2173.8,2651.6,2961.6
81424.912,40,2232.8,2792,2921
81424.952,40,2324.6,2931,2774.4
81424.992,40,2461.4,3018.8,2594.8
81425.032,40,2595.6,2956.6,2432.2
81425.072,40,2705.2,2832,2321.2
81425.112,40,2764.8,2720.8,2260.6
81425.152,40,2764,2636.8,2226.4
81425.192,40,2801.4,2638.8,2218
81425.232,40,2826.8,2691.4,2237.4
81425.272,40,2834,2755.6,2256.4
81425.312,40,2803.4,2839.2,2297.8
81425.352,40,2730.4,2909.8,2351.8
81425.392,40,2624.4,2978,2426.2
81425.432,40,2505,3002.2,2535.8
81425.472,40,2382.4,2955.6,2661
81425.512,40,2277.2,2823.6,2769.4
81425.552,40,2200.8,2685.8,2856
81425.592,40,2149.2,2570.6,2891.8
81425.632,40,2124,2494.8,2886.6
81425.672,40,2117,2470.4,2905
81425.712,40,2122.8,2499,2954.2
81425.752,40,2150.6,2587.2,2975.2
81425.792,40,2195.2,2715.8,2961.6
81425.832,40,2273,2855.2,2865.4
81425.872,40,2387,2976.8,2683.6
81425.912,40,2534.4,3004.8,2512.6
81425.952,40,2654.8,2896.2,2368.6
81425.992,40,2738,2769.6,2286.8
81426.032,40,2759,2657.2,2233.6
81426.072,40,2799.4,2615.2,2210
81426.112,40,2832.6,2637,2214.2
81426.152,40,2847.6,2690.4,2232.8
81426.192,40,2846.2,2764,2262
81426.232,40,2786.2,2840.6,2304.2
81426.272,40,2698.6,2914.8,2363.4
81426.312,40,2586.6,2969.6,2450
81426.352,40,2458,2969.2,2556.2
81426.392,40,2349.4,2898.8,2679.6
81426.432,40,2253,2786.2,2796.8
81426.472,40,2192,2664.2,2867.6
81426.512,40,2151.4,2565.4,2912.2
81426.552,40,2128,2504.2,2917.8
81426.592,40,2119.4,2490.4,2931.2
81426.632,40,2132.2,2525.8,2954.2
81426.672,40,2152.2,2602.8,2976.6
81426.712,40,2199.4,2724,2968
81426.752,40,2271.2,2858.4,2860.2
81426.792,40,2385.4,2984,2696.6
81426.832,40,2528,3012.4,2517.4
81426.872,40,2672.8,2920.4,2372.8
81426.912,40,2778.6,2780.8,2280.8
81426.952,40,2810.6,2670.2,2229.4
81426.992,40,2788,2598.2,2203.2
81427.032,40,2776.8,2599.8,2208.6
81427.072,40,2793.4,2653.6,2225
81427.112,40,2822.6,2729.8,2252
81427.152,40,2789.6,2821.4,2295
81427.192,40,2706.4,2919.6,2360.2
81427.232,40,2597,3005.4,2461
81427.272,40,2466.2,3019.4,2589.6
81427.312,40,2341.6,2944,2738.6
81427.352,40,2246.8,2803.2,2853.8
81427.392,40,2187.4,2650,2891.4
81427.432,40,2144.8,2546,2894.6
81427.472,40,2127.8,2489.6,2872.6
81427.512,40,2128.2,2487.8,2875.8
81427.552,40,2144.4,2530.2,2871
81427.592,40,2174,2641.8,2905.4
81427.632,40,2240.4,2808.8,2891
81427.672,40,2334.2,2942.6,2768
81427.712,40,2464.8,3016.6,2595.4
81427.752,40,2625,2994.6,2437.8
81427.792,40,2739.8,2874.8,2328.8
81427.832,40,2796.2,2746.4,2264.6
81427.872,40,2762.6,2637.8,2228.6
81427.912,40,2800.2,2629.4,2216.8
81427.952,40,2833,2674.4,2226.6
81427.992,40,2853.4,2737.8,2246.8
81428.032,40,2837,2813.4,2277.2
81428.072,40,2775.4,2872.6,2316.4
81428.112,40,2687.8,2932.6,2375.6
81428.152,40,2588.2,2974,2448.2
81428.192,40,2472.2,2966.2,2539.2
81428.232,40,2370.6,2907,2645
81428.272,40,2281.6,2815.4,2747.6
81428.312,40,2219.6,2721.8,2838.8
81428.352,40,2170.2,2627,2883.8
81428.392,40,2149.2,2562.4,2912.6
81428.432,40,2136.6,2527.8,2926.4
81428.472,40,2138.2,2548.8,2953
81428.512,40,2151.8,2593.6,2956.6
81428.552,40,2183.4,2685.2,2969.2
81428.592,40,2233.4,2796.6,2911.4
81428.632,40,2315.2,2914.2,2788
81428.672,40,2430.6,3006.8,2630
81428.712,40,2570.8,3018.6,2486.6
81428.752,40,2688,2915.8,2369.2
81428.792,40,2760.2,2794.8,2292
81428.832,40,2790,2700.6,2244.8
81428.872,40,2795.4,2648.4,2225.6
81428.912,40,2775.6,2645.6,2228.8
81428.952,40,2771.6,2669.2,2239.6
81428.992,40,2805.8,2731.8,2252.6
81429.032,40,2807.4,2793.4,2275.2
81429.072,40,2780.4,2854.2,2305.2
81429.112,40,2732.8,2934.4,2358.8
81429.152,40,2639.6,2989.2,2427.2
81429.192,40,2532.4,3025.4,2523
81429.232,40,2419,3000.8,2644.4
81429.272,40,2313.6,2888.8,2753.4
81429.312,40,2227.6,2737.2,2823
81429.352,40,2175.4,2617.8,2868.4
81429.392,40,2139.2,2526.4,2873.8
81429.432,40,2121.8,2483.8,2898.4
81429.472,40,2114.6,2482.6,2942.8
81429.512,40,2125,2514.8,2973
81429.552,40,2145,2581.6,3007
81429.592,40,2183.2,2675.2,2976
81429.632,40,2239.4,2796.4,2892.2
81429.672,40,2325.6,2915.4,2765.6
81429.712,40,2434.8,2998.4,2618
81429.752,40,2566.4,2999.8,2484
81429.792,40,2691,2944.4,2378.2
81429.832,40,2785.4,2857,2305.2
81429.872,40,2850.4,2785.6,2259.8
81429.912,40,2863.8,2744.8,2247.4
81429.952,40,2818.8,2742.4,2250
81429.992,40,2753.8,2742.4,2271.2
81430.032,40,2696.4,2741.8,2291
81430.072,40,2665,2766.6,2311.6
81430.112,40,2651.6,2827,2340.4
81430.152,40,2629.8,2888.6,2387.2
81430.192,40,2578.6,2968.8,2453.6
81430.232,40,2503.2,3020.4,2542.8
81430.272,40,2417,3013.4,2652.2
81430.312,40,2332.6,2951.2,2773.6
81430.352,40,2256.6,2845,2874
81430.392,40,2203.2,2726,2930
81430.432,40,2171.4,2627.8,2943.8
81430.472,40,2146.2,2560.4,2922.4
81430.512,40,2138.6,2534,2893.2
81430.552,40,2145.6,2549.4,2890
81430.592,40,2161.6,2598.8,2889
81430.632,40,2199.2,2697.4,2909.2
81430.672,40,2253.4,2824.2,2892.8
81430.712,40,2326.4,2930.8,2778.4
81430.752,40,2428.4,3011.2,2641.2
81430.792,40,2523.8,2974.8,2493.4
81430.832,40,2611.2,2880.2,2386.4
81430.872,40,2665,2783.2,2319
81430.912,40,2707.8,2718.6,2276.6
81430.952,40,2754.2,2666.8,2242.4
81430.992,40,2787.4,2655.6,2227
81431.032,40,2803.6,2676,2233.2
81431.072,40,2805,2723.8,2252.2
81431.112,40,2785.2,2763.2,2269.8
81431.152,40,2743.6,2805.6,2302.4
81431.192,40,2681.8,2842.8,2338.4
81431.232,40,2604.4,2878.8,2393
81431.272,40,2516,2916.4,2471.4
81431.312,40,2426,2932,2580.4
81431.352,40,2337.4,2897.2,2698
81431.392,40,2257.6,2806.2,2808.4
81431.432,40,2199.8,2695.6,2900.4
81431.472,40,2153.2,2596.2,2943.2
81431.512,40,2128.8,2520.6,2949
81431.552,40,2113.8,2483.8,2947.2
81431.592,40,2112.2,2478.6,2939
81431.632,40,2122.6,2500.4,2946.6
81431.672,40,2139.8,2549.6,2972.6
81431.712,40,2162.8,2643,2993
81431.752,40,2211.2,2746.4,2948.4
81431.792,40,2282,2874.6,2848.8
81431.832,40,2370.4,2981,2709.2
81431.872,40,2490.8,3009.4,2563.2
81431.912,40,2591.2,2955.8,2435.8
81431.952,40,2670,2863.8,2353
81431.992,40,2719.6,2791.6,2300.6
81432.032,40,2732.6,2724.4,2273.4
81432.072,40,2732.4,2706.4,2266.2
81432.112,40,2721.8,2727.8,2278.8
81432.152,40,2720.2,2785.6,2297
81432.192,40,2720.8,2836.4,2322.6
81432.232,40,2695.2,2901,2359.8
81432.272,40,2634.2,2954.4,2413
81432.312,40,2546.8,2980,2485
81432.352,40,2455.2,2982.8,2577.6
81432.392,40,2358,2926,2681.8
81432.432,40,2275,2822.2,2777.6
81432.472,40,2210.2,2709.8,2857.8
81432.512,40,2165.2,2601.4,2909.6
81432.552,40,2131,2517.6,2922.4
81432.592,40,2110.8,2465.8,2925.8
81432.632,40,2110.8,2450.8,2931
81432.672,40,2112.4,2474.2,2945.4
81432.712,40,2128,2528.8,2987
81432.752,40,2158,2614.6,3008
81432.792,40,2201.8,2729,2967.2
81432.832,40,2268.4,2861.2,2864.4
81432.872,40,2369.8,2971.2,2712.6
81432.912,40,2483.4,3023,2570.8
81432.952,40,2596.8,2961,2440
81432.992,40,2683.2,2871.2,2349.6
81433.032,40,2729,2772,2293
81433.072,40,2744.6,2706.2,2258.6
81433.112,40,2745.6,2694.4,2256
81433.152,40,2735.2,2714.8,2266
81433.192,40,2744.8,2774.6,2290.4
81433.232,40,2735.2,2845.6,2321.2
81433.272,40,2700.2,2911.4,2363.2
81433.312,40,2621,2970.4,2424
81433.352,40,2531.4,2999.6,2502.6
81433.392,40,2441.8,2991.4,2599.6
81433.432,40,2346.8,2926,2698.2
81433.472,40,2272.4,2820.8,2792.4
81433.512,40,2212.2,2718.2,2864
81433.552,40,2171.6,2615,2913
81433.592,40,2138.6,2535.2,2917.4
81433.632,40,2122.2,2487,2929.6
81433.672,40,2112,2468.8,2933.8
81433.712,40,2114.4,2487.2,2946
81433.752,40,2127.8,2516.6,2975.4
81433.792,40,2142.6,2567.6,2986.4
81433.832,40,2168.2,2651.8,2998.8
81433.872,40,2220.2,2760.6,2944.8
81433.912,40,2288.8,2884.6,2828.4
81433.952,40,2391.2,2985,2678
81433.992,40,2511,3000.4,2525.8
81434.032,40,2629.2,2932.8,2410.2
81434.072,40,2717.2,2832.6,2319
81434.112,40,2765.8,2738.6,2267.2
81434.152,40,2780,2676,2238.8
81434.192,40,2778.6,2666,2237.8
81434.232,40,2761.4,2695.4,2252.8
81434.272,40,2748.4,2730.6,2270.8
81434.312,40,2747.6,2786,2291.6
81434.352,40,2735.6,2865.6,2331
81434.392,40,2672.4,2948.8,2391.6
81434.432,40,2577.2,3004.6,2474.2
81434.472,40,2466,3011.8,2585
81434.512,40,2351.2,2952.8,2714.4
81434.552,40,2257.8,2824,2843.4
81434.592,40,2186.2,2671.4,2915
81434.632,40,2137,2539.6,2922.6
81434.672,40,2105.8,2440.6,2891.4
81434.712,40,2096.4,2368.8,2758.8
81434.752,40,2105.8,2413.8,2841.6
81434.792,40,2113,2457,2868.2
81434.832,40,2136.6,2537.2,2952.8
81434.872,40,2173.6,2673.8,2992.4
81434.912,40,2242.4,2817.8,2916.4
81434.952,40,2332.8,2948,2782
81434.992,40,2458.4,3026.6,2609.2
81435.032,40,2602.4,3017.2,2462.8
81435.136,104,2761.4,2699.4,2251
81435.176,40,2767.4,2647,2230.8
81435.216,40,2763.8,2639.8,2229.6
81435.256,40,2765.8,2683.4,2246.6
81435.296,40,2791.8,2755.4,2266.6
81435.336,40,2778.8,2831.2,2298.2
81435.376,40,2728.6,2908.6,2346.2
81435.416,40,2652,2980,2415.8
81435.456,40,2535.2,3005,2505.2
81435.496,40,2426,2978.8,2618.6
81435.536,40,2319.8,2897.8,2731.8
81435.576,40,2237,2766.4,2831.8
81435.616,40,2178.4,2644,2884.4
81435.656,40,2141,2536.8,2908.6
81435.696,40,2115.4,2471,2903.6
81435.736,40,2103.8,2431,2879.6
81435.776,40,2106.4,2442,2929.4
81435.816,40,2112,2475.8,2951.4
81435.856,40,2125.6,2522,2979.6
81435.896,40,2153.4,2610.6,3004
81435.936,40,2203.6,2736.2,2979.8
81435.976,40,2276,2875.4,2869.2
81436.016,40,2377.6,2985,2702.4
81436.056,40,2510.4,3026.4,2547.4
81436.096,40,2638,2957.2,2419.6
81436.136,40,2720.2,2837,2322.6
81436.176,40,2759.6,2731.6,2267.4
81436.216,40,2768,2644.6,2229.8
81436.256,40,2756.6,2621.2,2221
81436.296,40,2775.2,2649,2231.2
81436.336,40,2789.6,2718,2253.2
81436.376,40,2802.6,2791.6,2278.4
81436.416,40,2766.6,2880.6,2327.2
81436.456,40,2689.8,2961.4,2389.8
81436.496,40,2578.2,3000.2,2473.6
81436.536,40,2454.2,3003,2587.2
81436.576,40,2347,2930.4,2706.6
81436.616,40,2255,2808.6,2824.8
81436.656,40,2185,2667.2,2895.2
81436.696,40,2138.6,2542.6,2922.6
81436.736,40,2112.4,2464.4,2921.4
81436.776,40,2098.8,2397.4,2831.2
81436.816,40,2104.4,2429.2,2888.8
81436.856,40,2112.4,2468.6,2937.8
81436.896,40,2127.6,2521.2,2986.8
81436.936,40,2156,2614.2,3014.4
81436.976,40,2200,2729.8,2984
81437.016,40,2269.4,2863.2,2877.2
81437.056,40,2368.4,2981.2,2719
81437.096,40,2499.2,3046.4,2567.4
81437.136,40,2641.4,3005,2437.2
81437.176,40,2732.6,2882.6,2335.2
81437.216,40,2779.2,2768.4,2272.8
81437.256,40,2778.2,2686.6,2242.2
81437.296,40,2743,2658.4,2241.6
81437.336,40,2730.2,2693.8,2257.8
81437.376,40,2730.2,2733.6,2273
81437.416,40,2741.6,2811.8,2302.2
81437.456,40,2732.6,2902.8,2347.2
81437.496,40,2677.4,2983.2,2403.2
81437.536,40,2585.8,3033,2480.8
81437.576,40,2484.8,3040.8,2579.2
81437.616,40,2385.2,3001.2,2701
81437.656,40,2294.6,2899.8,2819.6
81437.696,40,2219.8,2757.2,2904.6
81437.736,40,2164.8,2610.6,2930
81437.776,40,2124,2503.2,2904.2
81437.816,40,2105.8,2427.6,2861.8
81437.856,40,2100.2,2385,2774.8
81437.896,40,2104.6,2424.2,2849.8
81437.936,40,2113.2,2449.6,2863
81437.976,40,2126,2498.6,2895
81438.016,40,2154.8,2604.6,2949
81438.056,40,2207.2,2744.8,2944.6
81438.096,40,2285.8,2883.4,2846.4
81438.136,40,2388.4,2993.6,2693.2
81438.176,40,2511.8,3023.2,2539.4
81438.216,40,2622.2,2941.4,2407.8
81438.256,40,2693.2,2829.8,2325.8
81438.296,40,2727,2732,2274.2
81438.336,40,2718,2674.2,2252.4
81438.376,40,2716.2,2677.8,2258.8
81438.416,40,2730.2,2729,2272.4
81438.456,40,2732.6,2804.4,2303.6
81438.496,40,2712.8,2877.8,2342.8
81438.536,40,2660.4,2945.6,2398.4
81438.576,40,2578,2997.8,2471
81438.616,40,2475.8,2996,2562.4
81438.656,40,2379.4,2947.2,2666.8
81438.696,40,2288.8,2855.6,2772.2
81438.736,40,2223.6,2738.2,2858.8
81438.776,40,2166.4,2617.4,2919
81438.816,40,2127,2516.2,2937.4
81438.856,40,2108,2449.2,2926.4
81438.896,40,2098.4,2402.2,2844.4
81438.936,40,2104,2443.8,2934.8
81438.976,40,2111.6,2465,2940.2
81439.016,40,2125.4,2514.8,2985
81439.056,40,2149.2,2597.8,3005.6
81439.096,40,2192.8,2706.4,2978.6
81439.136,40,2259.2,2839.2,2893.4
81439.176,40,2350.4,2962.4,2741.4
81439.216,40,2476.2,3032.4,2588.4
81439.256,40,2608.8,3016,2455.4
81439.296,40,2699.6,2894.4,2350.6
81439.336,40,2761.2,2786.8,2287.6
81439.376,40,2772.2,2713.8,2253.2
81439.416,40,2749.4,2676.8,2244.4
81439.456,40,2720.4,2695.4,2261.4
81439.496,40,2710.8,2727.6,2278.4
81439.536,40,2736,2785.4,2294.8
81439.576,40,2743.8,2866.2,2326
81439.616,40,2730.2,2931.8,2359.8
81439.656,40,2678.8,2984.4,2403.8
81439.696,40,2609,3020.6,2458.4
81439.736,40,2525.8,3036.2,2535.2
81439.776,40,2428.6,3003,2629.6
81439.816,40,2340,2923,2726.6
81439.856,40,2263.6,2822.4,2798.6
81439.896,40,2214.6,2720.6,2853.8
81439.936,40,2183.8,2641.6,2876.2
81439.976,40,2163,2605.6,2893.6
81440.016,40,2160.8,2612.8,2910
81440.056,40,2176.4,2650.4,2921.6
81440.096,40,2198.2,2719.8,2934
81440.136,40,2245.8,2822.2,2901.8
81440.176,40,2309.4,2921,2820.6
81440.216,40,2404.4,3012.2,2681.2
81440.256,40,2509.2,3032.4,2545
81440.296,40,2610.6,2950,2420.6
81440.336,40,2693.8,2851.6,2337.6
81440.376,40,2723.8,2750.8,2286
81440.416,40,2742.2,2699.2,2256
81440.456,40,2742.6,2680.4,2249.8
81440.496,40,2747.6,2716,2260.2
81440.536,40,2746,2743.4,2274.2
81440.576,40,2739,2791.8,2294
81440.616,40,2724.2,2856.8,2326.8
81440.656,40,2679.6,2914,2371.8
81440.696,40,2604,2953.6,2428
81440.736,40,2510.4,2969.6,2509.8
81440.776,40,2413.6,2945.8,2607.6
81440.816,40,2331.6,2873.6,2706.4
81440.856,40,2250.8,2773.4,2794.2
81440.896,40,2187.8,2659.2,2858.2
81440.936,40,2154,2569.8,2893
81440.976,40,2127,2505.4,2917
81441.016,40,2113.6,2483.8,2942.6
81441.056,40,2118.8,2504.4,2981.4
81441.096,40,2137.4,2552.8,3002
81441.136,40,2162,2640,3009.6
81441.176,40,2217,2757.6,2961.2
81441.216,40,2293,2902.6,2837.6
81441.256,40,2406,3002.6,2676.2
81441.296,40,2534.2,3019.8,2515.6
81441.336,40,2646.8,2917.8,2389.6
81441.376,40,2727.4,2817.4,2310.2
81441.416,40,2762.8,2733.6,2266.6
81441.456,40,2751.8,2672.2,2243.2
81441.496,40,2763,2687.4,2249
81441.536,40,2759.6,2732.4,2266
81441.576,40,2755.8,2790.2,2295
81441.616,40,2715.2,2862.8,2332.8
81441.656,40,2660,2933.8,2393
81441.696,40,2561.2,2980.2,2474.4
81441.736,40,2451.6,2987.2,2582.4
81441.776,40,2346.4,2923.2,2703
81441.816,40,2260,2813,2807
81441.856,40,2194,2681.4,2882.2
81441.896,40,2153.6,2572.6,2906
81441.936,40,2126.6,2498,2915.2
81441.976,40,2109.8,2461.8,2908.2
81442.016,40,2111.2,2468.4,2922.6
81442.056,40,2124.8,2513.6,2960
81442.096,40,2145,2590.4,2983.4
81442.136,40,2188,2704.2,2985
81442.176,40,2249.4,2827.8,2900.6
81442.216,40,2337.2,2951.8,2770.6
81442.256,40,2448,3029.2,2625
81442.296,40,2565.2,3028,2495.2
81442.336,40,2657.6,2957.6,2399.6
81442.376,40,2704.8,2840.2,2333
81442.416,40,2711.8,2777.6,2302.4
81442.456,40,2686.2,2745.4,2297.6
81442.496,40,2687,2779.4,2311
81442.536,40,2701,2829.8,2326.8
81442.576,40,2706.4,2905.4,2358.8
81442.616,40,2674.4,2969,2398.8
81442.656,40,2617.8,3023.6,2460.8
81442.696,40,2515.6,3034.6,2540.8
81442.736,40,2415.8,3008,2645.2
81442.776,40,2323.8,2914,2746.2
81442.816,40,2246.8,2789.4,2831
81442.856,40,2190.6,2665.4,2880.2
81442.896,40,2148,2556.8,2896.4
81442.936,40,2120,2483.2,2889.4
81442.976,40,2106.4,2435.2,2881.6
81443.016,40,2105.4,2430.6,2888.4
81443.056,40,2108.4,2456.2,2916.4
81443.096,40,2124.4,2497.4,2954.8
81443.136,40,2145,2579.8,3000.6
81443.176,40,2183.6,2700,3004.2
81443.216,40,2246.8,2830.2,2923
81443.256,40,2330.2,2954.8,2788
81443.296,40,2444.6,3036.2,2628.6
81443.336,40,2559.6,3026,2494.2
81443.376,40,2650,2915.2,2386.4
81443.416,40,2690.8,2820.4,2326.4
81443.456,40,2696.6,2746,2293.2
81443.496,40,2721,2736.6,2277.8
81443.536,40,2744,2788.4,2290.2
81443.576,40,2739.8,2834,2316.2
81443.616,40,2726.4,2895.8,2347.6
81443.656,40,2679.6,2949.2,2388.4
81443.696,40,2608.6,2989,2446
81443.736,40,2509,3004.4,2521.6
81443.776,40,2412.4,2964.8,2623.4
81443.816,40,2323,2890.6,2726
81443.856,40,2251.8,2789.4,2823.4
81443.896,40,2184,2665.8,2888.4
81443.936,40,2144,2556,2912
81443.976,40,2119.4,2472.8,2907
81444.016,40,2103.4,2416.8,2848
81444.056,40,2110.2,2430.4,2902.4
81444.096,40,2114.2,2469.4,2937.2
81444.136,40,2128.8,2539.6,2989.4
81444.176,40,2164,2643.6,3005
81444.216,40,2218,2766,2942.2
81444.256,40,2301.2,2902.4,2828
81444.296,40,2404.2,3009.4,2672.6
81444.336,40,2526.2,3029.8,2527.8
81444.376,40,2622.2,2938,2413.8
81444.416,40,2682.6,2835.2,2337.4
81444.456,40,2711.6,2763.6,2296
81444.496,40,2725.6,2711,2271
81444.536,40,2745.2,2715.8,2261.6
81444.576,40,2767,2763,2278
81444.616,40,2756.8,2802.2,2293.8
81444.656,40,2742.2,2861.6,2322.4
81444.696,40,2702,2915.6,2359.8
81444.736,40,2636.4,2963,2416.2
81444.776,40,2542,2984,2487.8
81444.816,40,2438.2,2978.6,2592
81444.856,40,2344,2921.2,2710
81444.896,40,2259.4,2823.2,2831.2
81444.936,40,2192.4,2703.2,2925.8
81444.976,40,2148.8,2579.2,2970.6
81445.016,40,2113.8,2488.2,2964
81445.056,40,2104,2425.6,2886.6
81445.096,40,2105.2,2445.6,2956.4
81445.136,40,2110.6,2488.2,2982.2
81445.176,40,2133.2,2551.6,3015.4
81445.216,40,2171.6,2648.6,2988.6
81445.256,40,2229,2789.2,2928.2
81445.296,40,2314.6,2928,2802.6
81445.336,40,2435.4,3031.2,2644
81445.376,40,2575.8,3020,2485.2
81445.416,40,2703.6,2937.8,2369
81445.456,40,2797.2,2829.6,2295.8
81445.496,40,2842.4,2739,2250
81445.536,40,2831.4,2681,2228.6
81445.576,40,2799,2693,2240.2
81445.616,40,2755.6,2708.2,2258.6
81445.656,40,2731.4,2730.6,2275.6
81445.696,40,2722,2793.8,2304.4
81445.736,40,2702.8,2866,2343.2
81445.776,40,2642.8,2954.4,2409.2
81445.816,40,2551.8,3027.8,2500.4
81445.856,40,2449.4,3039.2,2627.2
81445.896,40,2338.8,2972,2770.2
81445.936,40,2247.2,2845.8,2909
81445.976,40,2179.6,2691,2985
81446.016,40,2139,2556.2,2989.4
81446.056,40,2108.8,2463.2,2940.4
81446.096,40,2098,2400.8,2816.8
81446.136,40,2106.4,2434.2,2870.8
81446.176,40,2120.6,2481.8,2905.8
81446.216,40,2146.4,2595.4,2984
81446.256,40,2203.6,2744.6,2978.4
81446.296,40,2286.4,2900.8,2860.6
81446.4,104,2628.8,3005.2,2440.8
81446.44,40,2736,2895.4,2335.4
81446.48,40,2778,2756.2,2272.2
81446.52,40,2763.6,2673.8,2239.2
81446.56,40,2751.6,2651,2235
81446.6,40,2779,2700.2,2248
81446.64,40,2791.6,2772,2275.6
81446.68,40,2780.4,2853,2307.4
81446.72,40,2716,2918.6,2361.6
81446.76,40,2622.8,2966,2426.8
81446.8,40,2506,2967.4,2511
81446.84,40,2397.6,2915.2,2608.6
81446.88,40,2298.8,2818,2705.6
81446.92,40,2229.4,2709.6,2789.6
81446.96,40,2175,2611.8,2858.8
81447,40,2136.8,2527,2907.6
81447.04,40,2115.2,2469,2918.4
81447.08,40,2105,2450.2,2939.8
81447.12,40,2112,2484,2991.6
81447.16,40,2127.2,2542.2,3025.4
81447.2,40,2163.4,2626.8,2999.6
81447.24,40,2216.4,2761,2947.8
81447.28,40,2297.6,2915.2,2831.2
81447.32,40,2409.8,2984.6,2642.2
81447.36,40,2532.4,2972.8,2489
81447.4,40,2638.6,2886.4,2374
81447.44,40,2716,2798.4,2304
81447.48,40,2743.4,2718.6,2266
81447.52,40,2739.6,2680.6,2254.8
81447.56,40,2741.8,2708.2,2261.4
81447.6,40,2750.4,2761.2,2280.2
81447.64,40,2746.6,2812.4,2303.6
81447.68,40,2722.8,2887,2342.6
81447.72,40,2661.4,2950,2398
81447.76,40,2575.4,2996.2,2473.4
81447.8,40,2466.2,2993,2566.2
81447.84,40,2366.2,2933.6,2675.2
81447.88,40,2282.2,2844,2792
81447.92,40,2208.8,2714.2,2876.2
81447.96,40,2153.8,2588.6,2918.2
81448,40,2118.6,2484.4,2905
81448.04,40,2104.8,2405.4,2821
81448.08,40,2100.8,2394.4,2819.4
81448.12,40,2107.2,2434.8,2868.2
81448.16,40,2121.2,2487.6,2901.4
81448.2,40,2157.2,2602.6,2970.8
81448.24,40,2213.8,2755.8,2955.4
81448.28,40,2292.8,2895.2,2831.4
81448.32,40,2408.2,3012.8,2676.2
81448.36,40,2531.8,3015.4,2517.4
81448.4,40,2638.8,2921.8,2397
81448.44,40,2684.8,2813.8,2323.8
81448.48,40,2688.2,2730,2280.2
81448.52,40,2703,2701,2265.8
81448.56,40,2724.4,2751.4,2281.6
81448.6,40,2721.8,2820,2315
81448.64,40,2690.6,2884.2,2354.2
81448.68,40,2636,2944.4,2410
81448.72,40,2547.2,2980.4,2479
81448.76,40,2448.4,2974.8,2572.8
81448.8,40,2359.4,2920.2,2674.8
81448.84,40,2279.4,2831.6,2778.8
81448.88,40,2215.4,2718.4,2844
81448.92,40,2167.8,2615.2,2881
81448.96,40,2138.2,2527.6,2887.6
81449,40,2121.2,2474.2,2869
81449.04,40,2115.2,2463,2873.4
81449.08,40,2124.8,2497.2,2900.8
81449.12,40,2140.2,2554.2,2934.2
81449.16,40,2181.4,2680.2,2977.4
81449.2,40,2239.8,2802.2,2912.2
81449.24,40,2325.6,2942.8,2786.6
81449.28,40,2439.8,3003.6,2618
81449.32,40,2546.8,2958.4,2466.4
81449.36,40,2636.8,2860.6,2366.2
81449.4,40,2672.4,2753.8,2303.4
81449.44,40,2722.8,2702,2263
81449.48,40,2766.4,2706.2,2256.8
81449.52,40,2770.6,2752.2,2271
81449.56,40,2754.4,2814.6,2299.4
81449.6,40,2714.6,2877.6,2343.6
81449.64,40,2639.8,2931.4,2399.8
81449.68,40,2545.8,2967.2,2480.4
81449.72,40,2445.6,2964.2,2576
81449.76,40,2349.4,2913,2681
81449.8,40,2266.8,2819.6,2789
81449.84,40,2206.8,2709.6,2879.4
81449.88,40,2160.8,2599.8,2911.2
81449.92,40,2129.8,2518.2,2913.8
81449.96,40,2116.2,2475.4,2909
81450,40,2115.8,2473,2915.4
81450.04,40,2121.8,2510,2943
81450.08,40,2144,2570.2,2969.2
81450.12,40,2171.2,2663.8,2988.2
81450.16,40,2225.2,2783.4,2936.2
81450.2,40,2299.2,2899.8,2823.4
81450.24,40,2400.4,2996.6,2673
81450.28,40,2516.8,3011.2,2533.8
81450.32,40,2616.8,2941,2417.2
81450.36,40,2682.2,2845.4,2338.6
81450.4,40,2708.6,2764.4,2291.6
81450.44,40,2705,2717.2,2277
81450.48,40,2706.8,2730.6,2276
81450.52,40,2715.6,2772.6,2295.4
81450.56,40,2721.4,2844.8,2324
81450.6,40,2700,2911,2362.2
81450.64,40,2633.2,2967,2418
81450.68,40,2546.2,3007.4,2495.2
81450.72,40,2443.2,3000.6,2598.6
81450.76,40,2349.4,2933.4,2714.2
81450.8,40,2261,2821,2822.2
81450.84,40,2195.2,2688.2,2889.8
81450.88,40,2144.2,2564,2911.2
81450.92,40,2119.4,2481.6,2893
81450.96,40,2106.6,2431.2,2879.6
81451,40,2107.2,2438.6,2902.4
81451.04,40,2114.6,2468.6,2926
81451.08,40,2130.4,2523.4,2961.6
81451.12,40,2164,2640.8,2997.2
81451.16,40,2222.6,2776.4,2943.4
81451.2,40,2310.6,2911.2,2813
81451.24,40,2423.6,3015.2,2646.6
81451.28,40,2555,3000.8,2488.8
81451.32,40,2660.4,2906,2375.4
81451.36,40,2727,2790.6,2299.8
81451.4,40,2731,2703.8,2262.8
81451.44,40,2728.4,2664,2241.2
81451.48,40,2761.6,2693,2248
81451.52,40,2784.2,2751.4,2267
81451.56,40,2793.8,2815.6,2285.6
81451.6,40,2769.4,2891,2324
81451.64,40,2711,2963.2,2380.8
81451.68,40,2613.6,3015.4,2455.6
81451.72,40,2494,3030.8,2562
81451.76,40,2377,2980.8,2681.4
81451.8,40,2281,2866.6,2809.4
81451.84,40,2207,2724.4,2891.4
81451.88,40,2159.2,2591.8,2924.4
81451.92,40,2121.2,2493,2914
81451.96,40,2104,2434.2,2886.4
81452,40,2106.2,2421.2,2851.6
81452.04,40,2112.4,2451.6,2912.6
81452.08,40,2120.4,2498.4,2965.2
81452.12,40,2141.2,2572,3016.4
81452.16,40,2174,2664.6,2996.2
81452.2,40,2234.2,2789.2,2923.4
81452.24,40,2320.8,2942.8,2802
81452.28,40,2427.6,3008.4,2633.6
81452.32,40,2548.4,2982.4,2480.8
81452.36,40,2649.2,2890,2371.4
81452.4,40,2713.2,2795,2304.2
81452.44,40,2741,2719.6,2267
81452.48,40,2736.4,2687.6,2255.6
81452.52,40,2739.4,2707.8,2262.6
81452.56,40,2739,2755,2280.8
81452.6,40,2742.4,2828,2309.4
81452.64,40,2723,2905,2347
81452.68,40,2682,2974.8,2399.4
81452.72,40,2606.8,3025,2465
81452.76,40,2507.4,3049.4,2560
81452.8,40,2407.8,3011.6,2665.8
81452.84,40,2315.2,2925.4,2785.8
81452.88,40,2241,2809.4,2885.6
81452.92,40,2186.4,2680.4,2936
81452.96,40,2150.6,2579.4,2948.8
81453,40,2127.8,2510.2,2928
81453.04,40,2119.2,2476,2906.6
81453.08,40,2123,2487.2,2902
81453.12,40,2127.6,2509.2,2900
81453.16,40,2143.2,2553.2,2926.6
81453.2,40,2167.6,2641.8,2955.8
81453.24,40,2217.2,2771,2936.8
81453.28,40,2289,2889,2839.6
81453.32,40,2377.2,2982.2,2706.4
81453.36,40,2501.6,3029.2,2556.8
81453.4,40,2610,2975.4,2438.6
81453.44,40,2690.2,2873.2,2347.8
81453.48,40,2716.6,2771.6,2292.2
81453.52,40,2716.2,2701.2,2267.6
81453.56,40,2739.8,2704.6,2261.6
81453.6,40,2758.4,2748.4,2273
81453.64,40,2769.6,2819.4,2300.8
81453.68,40,2746,2900.4,2337.2
81453.72,40,2694,2977,2393.2
81453.76,40,2599.8,3028.8,2471.8
81453.8,40,2488.4,3030.4,2566.2
81453.84,40,2382.2,2990.4,2692.6
81453.88,40,2292.8,2880,2804.2
81453.92,40,2219,2749,2886.4
81453.96,40,2165.8,2620,2921.4
81454,40,2130.4,2517.8,2915.8
81454.04,40,2110.2,2456.2,2883.6
81454.08,40,2106.2,2430.6,2877
81454.12,40,2108.2,2450,2904.2
81454.16,40,2117.6,2483.4,2921.2
81454.2,40,2135.8,2542,2995
81454.24,40,2160,2632.4,3008.4
81454.28,40,2208.8,2742.2,2956
81454.32,40,2282.6,2872.6,2845
81454.36,40,2371.6,2963.6,2690.8
81454.4,40,2476,2967.4,2540
81454.44,40,2580,2912,2419.8
81454.48,40,2658.8,2836.8,2344.4
81454.52,40,2709.2,2767,2294.8
81454.56,40,2725,2708,2263.8
81454.6,40,2725.4,2703.6,2261.4
81454.64,40,2713.6,2735.4,2280.6
81454.68,40,2720.4,2799.4,2303
81454.72,40,2712,2853.8,2330.8
81454.76,40,2680.8,2925.4,2379
81454.8,40,2622,2990,2436.4
81454.84,40,2531.6,3022.6,2517.8
81454.88,40,2434.2,3020.8,2628
81454.92,40,2339.4,2947.8,2744.2
81454.96,40,2261.4,2838.6,2847.2
81455,40,2196.4,2706,2914.8
81455.04,40,2154,2592.8,2941.2
81455.08,40,2125.8,2508.4,2926.2
81455.12,40,2115.8,2454.8,2883.2
81455.16,40,2109.2,2450,2890.2
81455.2,40,2119.8,2470.2,2880.8
81455.24,40,2131.4,2514.4,2925.8
81455.28,40,2157.6,2605.4,2972.6
81455.32,40,2203.2,2740.6,2966.6
81455.36,40,2278.2,2868.8,2858.4
81455.4,40,2385.4,2990.8,2693.6
81455.44,40,2506.6,3002,2530.8
81455.48,40,2621.6,2911.6,2400
81455.52,40,2690.6,2803,2315.8
81455.56,40,2725.4,2710,2267.4
81455.6,40,2754.6,2661.6,2236
81455.64,40,2784.4,2663.4,2231
81455.68,40,2793,2711,2246.4
81455.72,40,2796.4,2765.6,2271
81455.76,40,2776.8,2826.2,2297.8
81455.8,40,2739.8,2884.2,2334.4
81455.84,40,2679.2,2940.8,2383.8
81455.88,40,2593.2,2982.8,2452.4
81455.92,40,2498.4,3005.6,2539.6
81455.96,40,2403.6,2974.4,2651
81456,40,2307.2,2890.6,2767.6
81456.04,40,2234.8,2784.8,2874
81456.08,40,2179.8,2671.4,2950.2
81456.12,40,2142.4,2571,2988.4
81456.16,40,2122,2509,2977.4
81456.2,40,2114.6,2487,2970.8
81456.24,40,2122,2505,2979.8
81456.28,40,2133.6,2551.8,3009.2
81456.32,40,2162.2,2628.8,2991.2
81456.36,40,2216.2,2749.8,2947
81456.4,40,2295.6,2888.2,2818.2
81456.44,40,2408.2,2993,2661.8
81456.48,40,2545.8,3015.8,2503.4
81456.52,40,2688.4,2953,2381.6
81456.56,40,2799.6,2846.2,2295.4
81456.6,40,2858.8,2743.6,2242.4
81456.64,40,2859.2,2676.6,2224
81456.68,40,2824.6,2657.6,2223.8
81456.72,40,2776,2678.6,2239.4
81456.76,40,2759,2687.8,2249.6
81456.8,40,2765.4,2731,2264.2
81456.84,40,2783,2792.4,2282.6
81456.88,40,2778.2,2864,2315.2
81456.92,40,2743.6,2935,2355.8
81456.96,40,2670.8,3005.2,2415.2
81457,40,2579.6,3033.2,2491.4
81457.04,40,2473.2,3043.6,2594.6
81457.08,40,2369.6,2975,2702
81457.12,40,2286.2,2868.8,2813.8
81457.16,40,2210.2,2729.6,2878.6
81457.2,40,2162.8,2602.6,2913
81457.24,40,2126.4,2501.8,2907.6
81457.28,40,2107,2439.2,2887.6
81457.32,40,2103,2406.2,2832.4
81457.36,40,2106.6,2446.4,2901.4
81457.4,40,2119.4,2484.6,2935.8
81457.44,40,2135.2,2555.2,2993.8
81457.48,40,2172.4,2660.6,2996.4
81457.52,40,2229.2,2786.8,2922.8
81457.56,40,2317,2928.2,2799.8
81457.6,40,2417.8,2980.2,2629.2
81457.64,40,2536.8,2976,2493.6
81457.68,40,2626,2890.2,2386.8
81457.72,40,2681.8,2810.6,2322
81457.76,40,2707.4,2737,2283.8
81457.8,40,2712.4,2713.8,2272.4
81457.84,40,2713.6,2735.2,2282.2
81457.88,40,2723.2,2779.6,2299.2
81457.92,40,2723.6,2839,2319.4
81457.96,40,2724.8,2910,2354.2
81458,40,2680.8,2982.8,2400.4
81458.04,40,2606.2,3027,2467.2
81458.08,40,2507.2,3043.4,2555.4
81458.12,40,2405.8,3001.2,2657
81458.16,40,2317.4,2912.2,2765.4
81458.2,40,2243.8,2794.8,2853.2
81458.24,40,2190.4,2682.6,2907.4
81458.28,40,2153.2,2579,2915.2
81458.32,40,2131.8,2511.4,2899.2
81458.36,40,2116.8,2472.6,2879.2
81458.4,40,2121.2,2477.6,2882.2
81458.44,40,2126.2,2506.6,2907.2
81458.48,40,2137.2,2545.2,2943.4
81458.52,40,2164.2,2628.8,2984.6
81458.56,40,2203,2717.2,2956
81458.6,40,2258,2835.8,2885.6
81458.64,40,2334,2936.4,2752.2
81458.68,40,2422,2968.4,2614.4
81458.72,40,2501.8,2940.4,2495
81458.76,40,2574.2,2883,2412.4
81458.8,40,2626.8,2827.2,2353.2
81458.84,40,2658.4,2778.6,2321.6
81458.88,40,2673.4,2771.6,2307
81458.92,40,2661,2792.2,2328.4
81458.96,40,2662,2832.2,2342.6
81459,40,2665,2883,2365
81459.04,40,2648.6,2927.2,2394.6
81459.08,40,2613,2979.8,2437.2
81459.12,40,2557.2,3008.8,2496.2
81459.16,40,2479.2,3014.2,2571.8
81459.2,40,2396.2,2983.8,2657.4
81459.24,40,2317,2903,2755.8
81459.28,40,2249.6,2801.8,2845
81459.32,40,2194.6,2685.8,2912.8
81459.36,40,2148.2,2578.4,2935
81459.4,40,2122.8,2501.6,2934.2
81459.44,40,2109.4,2456,2915.6
81459.48,40,2111,2453.6,2918.4
81459.52,40,2116.2,2478.2,2936.6
81459.56,40,2127.6,2514.4,2955
81459.6,40,2147,2582.4,2999.4
81459.64,40,2178.2,2671.6,2989.8
81459.68,40,2227.6,2779.6,2924.8
81459.72,40,2305.6,2909.8,2805.8
81459.76,40,2402.6,2998.2,2668.2
81459.8,40,2508.6,3006.2,2528.4
81459.84,40,2620.8,2953,2416.6
81459.88,40,2707.6,2872.2,2337.6
81459.92,40,2768,2789.4,2285.4
81459.96,40,2786,2737.4,2261.2
81460,40,2772,2728.8,2261.6
81460.04,40,2729.8,2738.4,2280
81460.08,40,2702.8,2759.6,2294.2
81460.12,40,2688.8,2802.4,2318.8
81460.16,40,2674.2,2857.8,2347.4
81460.2,40,2635.4,2921.2,2398
81460.24,40,2574.2,2977,2462
81460.28,40,2500.2,3021.6,2554.2
81460.32,40,2411.8,3007,2654.2
81460.36,40,2327.6,2942.4,2766.6
81460.4,40,2252.8,2828.4,2874.6
81460.44,40,2194.6,2707.4,2945
81460.48,40,2148.6,2583.2,2962.2
81460.52,40,2117.8,2484.8,2928.6
81460.56,40,2104.6,2419.6,2844
81460.6,40,2102.2,2408.4,2805.2
81460.64,40,2105,2434,2858.8
81460.68,40,2112.6,2455.4,2866.6
81460.72,40,2118.2,2488.2,2914
81460.76,40,2141.4,2551.6,2967.4
81460.8,40,2168,2646,2977.4
81460.84,40,2220.6,2762.8,2929.4
81460.88,40,2292,2890.8,2824.4
81460.92,40,2378.2,2974.8,2681.6
81460.96,40,2480,2980,2553.4
81461,40,2568.4,2930,2442.2
81461.04,40,2631.6,2859.4,2367.4
81461.08,40,2676.8,2800.6,2321.6
81461.12,40,2687.8,2750.8,2296.4
81461.16,40,2677.4,2746,2298.8
81461.2,40,2659.4,2775.2,2317
81461.24,40,2664.6,2830.8,2340.6
81461.28,40,2656.4,2889,2374.4
81461.32,40,2611.6,2942.8,2418.2
81461.36,40,2546.4,2981.8,2479.8
81461.4,40,2472.2,2993.2,2565.6
81461.44,40,2393,2963.4,2654.2
81461.48,40,2311,2895.2,2761
81461.52,40,2245.4,2789.8,2844
81461.56,40,2191.4,2678.2,2898.8
81461.6,40,2152.2,2576.2,2923.2
81461.64,40,2126.2,2492,2896.6
81461.68,40,2109.8,2445.6,2875.4
81461.72,40,2104.8,2432.2,2869.2
81461.76,40,2110.2,2453,2894
81461.8,40,2120,2492,2937.2
81461.84,40,2138.4,2561.2,3004
81461.88,40,2170,2648.8,2993.8
81461.92,40,2221.4,2761.8,2948
81461.96,40,2283.4,2872.6,2826.8
81462,40,2369,2948.2,2680.8
81462.04,40,2462.6,2955,2545.6
81462.08,40,2570.2,2935.8,2445
81462.12,40,2656,2879.4,2364.6
81462.16,40,2727,2813.4,2308
81462.2,40,2766,2760.2,2273
81462.24,40,2770.4,2736.2,2259.4
81462.28,40,2741,2746.4,2276.2
81462.32,40,2710.8,2762,2290
81462.36,40,2698.2,2784,2305.2
81462.4,40,2685.4,2822,2325
81462.44,40,2669,2859.2,2350.4
81462.48,40,2635.8,2910.4,2390.6
81462.52,40,2583.4,2964.6,2450.2
81462.56,40,2510.6,3001.2,2522.2
81462.6,40,2435,3007.4,2621.8
81462.64,40,2353.6,2970,2731
81462.68,40,2281.2,2880.4,2840
81462.72,40,2218,2760.2,2925.4
81462.76,40,2169,2647.6,2975.2
81462.8,40,2132,2540.6,2963.2
81462.84,40,2115,2469.6,2921.2
81462.88,40,2106.2,2434.2,2890.8
81462.92,40,2104.8,2442.2,2892
81462.96,40,2112.8,2452.2,2886.8
81463,40,2120.4,2481.8,2912.4
81463.04,40,2136.6,2542.6,2959.4
81463.08,40,2164.2,2639,3003.2
81463.12,40,2210,2740.8,2955.6
81463.16,40,2273.8,2868.8,2857.2
81463.2,40,2354.2,2953.6,2718.8
81463.24,40,2449.4,2959.4,2571.2
81463.28,40,2547.2,2928.4,2453.8
81463.32,40,2636.2,2871.4,2366.8
81463.36,40,2708,2798.4,2305.8
81463.4,40,2751.8,2735.6,2271
81463.44,40,2746.4,2687.4,2253.4
81463.48,40,2732.4,2692.6,2253.4
81463.52,40,2721.8,2720.2,2270.6
81463.56,40,2741.2,2770.4,2283.6
81463.6,40,2748.8,2802.6,2295.8
81463.64,40,2735.6,2847,2320.2
81463.68,40,2702.6,2895.4,2353.6
81463.72,40,2640.2,2937.4,2403.6
81463.76,40,2550.2,2956.4,2465.2
81463.8,40,2458.4,2951.4,2549.6
81463.84,40,2369.6,2902.8,2651.2
81463.88,40,2283.6,2824.2,2753
81463.92,40,2220.2,2732,2850.8
81463.96,40,2167,2625.6,2907.2
81464,40,2135.6,2535.4,2920.6
81464.04,40,2119.4,2483.6,2916.4
81464.08,40,2115.4,2460.6,2909
81464.12,40,2112.8,2477.4,2920.2
81464.16,40,2123.6,2500,2947.8
81464.2,40,2139.8,2559.4,2984.4
81464.24,40,2167.4,2657,3002
81464.28,40,2220,2769,2951.6
81464.32,40,2296.8,2905.6,2837.6
81464.36,40,2402.4,2993.2,2668.6
81464.4,40,2521.6,3015.2,2524.6
81464.44,40,2632.6,2942.6,2406
81464.48,40,2722,2843.4,2324.6
81464.52,40,2768.8,2753.8,2269
81464.56,40,2763.6,2674.6,2237.8
81464.6,40,2768.2,2648.4,2230.4
81464.64,40,2756.4,2668.2,2238.8
81464.68,40,2772,2718.8,2254.2
81464.72,40,2786,2772,2280
81464.76,40,2755,2852,2319.2
81464.8,40,2684.6,2922.2,2375.6
81464.84,40,2580.4,2978.8,2459.4
81464.88,40,2462.8,2985.8,2568
81464.92,40,2353.2,2929.8,2701.4
81464.96,40,2259.4,2815.2,2820.4
81465,40,2189.2,2672.6,2894.4
81465.04,40,2145.4,2552,2901.4
81465.08,40,2120.8,2470.4,2879
81465.12,40,2106.2,2434.6,2872.4
81465.16,40,2108,2445.2,2900.2
81465.2,40,2119,2487.2,2945.6
81465.24,40,2137,2571.2,2998.6
81465.28,40,2178,2683.4,3003.8
81465.32,40,2237.6,2807.8,2919.4
81465.36,40,2326,2945.8,2779.2
81465.4,40,2446.8,3009.8,2609.8
81465.44,40,2565,2977.2,2466
81465.48,40,2646.6,2865.2,2364
81465.52,40,2699.8,2785,2304.4
81465.56,40,2723.8,2712.6,2268.2
81465.6,40,2741.2,2690,2254.4
81465.64,40,2754.4,2734,2264.8
81465.68,40,2759.4,2778.4,2284.4
81465.72,40,2747,2838.6,2315
81465.76,40,2707,2901.2,2359.8
81465.8,40,2621.4,2949.4,2416.6
81465.84,40,2520,2974.2,2502.4
81465.88,40,2415,2955,2605.4
81465.92,40,2321,2879.8,2719.2
81465.96,40,2244.4,2774.4,2822.2
81466,40,2185.8,2657.8,2898.2
81466.04,40,2142.6,2554,2921
81466.08,40,2119.8,2488,2915.8
81466.12,40,2108.2,2446.4,2913.4
81466.16,40,2108.8,2462.4,2946.8
81466.2,40,2119.2,2504.6,2987.6
81466.24,40,2141,2577.8,3017
81466.28,40,2179.8,2678.8,2987.8
81466.32,40,2238.8,2810.6,2916.4
81466.36,40,2326,2947.8,2781.2
81466.4,40,2443.2,3012,2614.2
81466.44,40,2572.6,2998.8,2471.2
81466.48,40,2678.8,2898.4,2361.6
81466.52,40,2761.6,2798.2,2293.2
81466.56,40,2797.8,2718.8,2254.6
81466.6,40,2794.4,2679.4,2236.6
81466.64,40,2759.2,2674.6,2243.2
81466.68,40,2736.8,2702.6,2259
81466.72,40,2743,2751.2,2277.2
81466.76,40,2744.2,2804.4,2300.6
81466.8,40,2725.2,2890.2,2341.2
81466.84,40,2664.8,2969.6,2402.4
81466.88,40,2573,3037.4,2493.8
81466.92,40,2461.8,3038.8,2614.6
81466.96,40,2345.8,2973,2755
81467,40,2251.2,2841.6,2892.4
81467.04,40,2182.6,2686.6,2974
81467.08,40,2135.2,2555.2,2977.2
81467.12,40,2108.4,2457.6,2923.4
81467.16,40,2097.2,2385.6,2789.2
81467.2,40,2104.2,2419.2,2834.6
81467.24,40,2112.2,2464.4,2895.2
81467.28,40,2130.8,2542.8,2947
81467.32,40,2165.6,2636.6,2964.8
81467.36,40,2216.2,2779,2943.6
81467.404,44,2286.6,2905.6,2852.8
81467.444,40,2355.4,2977.8,2741.8
81467.484,40,2421.8,3018.2,2651.2
81467.524,40,2477.8,3039.6,2585.4
81467.564,40,2525.2,3049,2538.6
81467.604,40,2535.6,3021.2,2510.6
81467.644,40,2533.6,3003.8,2510.4
81467.684,40,2514.4,2977,2507.6
81467.724,40,2498.2,2958.6,2509
81467.764,40,2486.8,2945.2,2513.4
81467.804,40,2471.8,2929.4,2515.6
81467.844,40,2470,2935,2522.2
81467.884,40,2464.8,2940.4,2534.2
81467.924,40,2467.2,2947.8,2539.4
81467.964,40,2463.2,2960.6,2558.8
81468.004,40,2456.4,2970,2569.2
81468.044,40,2459.4,2984.4,2573
81468.084,40,2449.6,2982,2581.6
81468.124,40,2442.8,2987.6,2587.8
81468.164,40,2439.2,2987.2,2597.6
81468.204,40,2430.6,2976.8,2601.6
81468.244,40,2427.6,2974.4,2605.2
81468.284,40,2416.6,2963.4,2611.4
81468.324,40,2407,2946.4,2609.6
81468.364,40,2399,2929.6,2611.4
81468.404,40,2389.4,2911.2,2609.6
81468.444,40,2379.4,2895.4,2613.2
81468.484,40,2373.8,2886.2,2613
81468.524,40,2372.2,2887.4,2621.4
81468.564,40,2368.4,2892.6,2632.4
81468.604,40,2367.8,2902.2,2643.6
81468.644,40,2363.8,2913.2,2657
81468.799,155,2350.8,2928.4,2696.8
81468.839,40,2346.2,2924.4,2707
81468.879,40,2340.8,2917.6,2711.8
81468.919,40,2335.4,2903.4,2716
81468.959,40,2327.6,2897.2,2715.8
81468.999,40,2320.8,2885,2719.8
81469.039,40,2317,2869.6,2719
81469.079,40,2309,2856.8,2719.6
81469.119,40,2304.6,2845,2722.8
81469.159,40,2301.6,2843.8,2723.6
81469.199,40,2293,2842.6,2734.4
81469.239,40,2292,2843.2,2740
81469.279,40,2288,2843.6,2753.8
81469.319,40,2285.6,2848,2764.6
81469.359,40,2282.4,2840,2774.2
81469.399,40,2282.8,2842,2779.4
81469.439,40,2275.6,2838.6,2786.6
81469.479,40,2272.4,2831.8,2794.2
81469.519,40,2270.8,2825.8,2794.6
81469.559,40,2263.6,2817.4,2798.4
81469.599,40,2261.6,2805.8,2803
81469.639,40,2256,2797.8,2804.6
81469.679,40,2252.8,2791.6,2806.6
81469.719,40,2251.2,2777.8,2808.4
81469.759,40,2245.4,2773,2807.8
81469.799,40,2238.8,2767.6,2813.2
81469.839,40,2238.2,2763,2821
81469.879,40,2232.8,2759.6,2831.8
81469.919,40,2231,2755.6,2834.8
81469.959,40,2229.2,2754.2,2844
81469.999,40,2228.2,2747,2850
81470.039,40,2226.4,2743.4,2855.4
81470.079,40,2218.6,2737.8,2861.6
81470.119,40,2213,2735.2,2866.6
81470.159,40,2211.2,2726.4,2869.6
81470.199,40,2206.8,2719.2,2871.2
81470.239,40,2205.6,2714.6,2874
81470.279,40,2207.6,2703.6,2876.8
81470.319,40,2199.8,2692,2878.4
81470.359,40,2196.6,2687.6,2881.8
81470.399,40,2197.2,2680.2,2886.2
81470.439,40,2189.2,2675.4,2890.6
81470.479,40,2188.2,2668.8,2892.8
81470.519,40,2183.6,2662.6,2899.4
81470.559,40,2182,2658,2905
81470.599,40,2182.4,2652.6,2904.2
81470.639,40,2178,2642.2,2907.6
81470.679,40,2174.4,2641.2,2912.6
81470.719,40,2174,2634.6,2914.6
81470.759,40,2170.2,2621.2,2913.8
81470.799,40,2163.8,2617,2918
81470.839,40,2162,2606.2,2918.6
81470.879,40,2160.6,2603.2,2920.4
81470.919,40,2156.2,2594.8,2921.2
81470.959,40,2152.8,2588.4,2922.6
81470.999,40,2155.4,2579.4,2925.2
81471.039,40,2150.6,2576,2924.6
81471.079,40,2147.4,2571.2,2927.6
81471.119,40,2145.6,2564,2925
81471.159,40,2143.6,2557,2927
81471.199,40,2136.8,2547.2,2927.6
81471.239,40,2138.8,2538.4,2925.8
81471.279,40,2138.6,2534.2,2922.8
81471.319,40,2133.4,2526.8,2924.4
81471.359,40,2127.6,2520.6,2922.2
81471.399,40,2125.8,2517.2,2924.4
81471.439,40,2126.2,2505.8,2922.6
81471.479,40,2127.4,2500.6,2923
81471.519,40,2124.4,2494.8,2919.6
