90951.05,40,2185.8,2752.2,2861.6
90951.09,40,2188.8,2749.8,2862.2
90951.13,40,2187.4,2749,2857.6
90951.17,40,2185.6,2753,2859.6
90951.21,40,2185.2,2748.2,2857.4
90951.25,40,2189,2751,2862
90951.29,40,2186.2,2753,2858
90951.33,40,2189.8,2746.6,2860.2
90951.37,40,2187,2750,2860.2
90951.41,40,2187.2,2751.2,2861.4
90951.45,40,2188.4,2748.6,2857.6
90951.49,40,2185.2,2742.4,2855.2
90951.53,40,2181.8,2717,2825.6
90951.57,40,2184,2701.2,2808.2
90951.61,40,2185.2,2711,2816.8
90951.65,40,2189,2733.2,2832
90951.69,40,2191.2,2745,2817.8
90951.73,40,2208.6,2760.8,2776.8
90951.77,40,2234.6,2797.8,2722.2
90951.81,40,2286,2852.6,2634.4
90951.85,40,2368.2,2888.8,2511
90951.89,40,2485,2855.4,2377.6
90951.93,40,2595,2740.2,2260.8
90951.97,40,2672.2,2592.8,2194.6
90952.01,40,2677.8,2472,2149.6
90952.05,40,2649.4,2388.8,2123.8
90952.09,40,2612,2348.8,2113
90952.13,40,2568.2,2338.4,2116.4
90952.17,40,2540.6,2355.8,2125.8
90952.21,40,2580.2,2381,2133
90952.25,40,2597.2,2420.8,2140.4
90952.29,40,2609.8,2465.4,2158.4
90952.33,40,2606.8,2529.4,2187.6
90952.37,40,2568.4,2579.6,2219.2
90952.41,40,2543.6,2651.6,2252.2
90952.45,40,2508.4,2701.4,2289.4
90952.49,40,2498.4,2739.4,2308.4
90952.53,40,2537,2712.4,2285.8
90952.57,40,2584.6,2631,2235
90952.61,40,2603,2522.8,2181.6
90952.65,40,2633.6,2436.4,2143.4
90952.69,40,2619.8,2363.6,2117.8
90952.73,40,2602,2319.2,2103.2
90952.77,40,2581.6,2286.6,2091.6
90952.81,40,2572,2271,2082.4
90952.85,40,2573.6,2269.8,2085
90952.89,40,2590.2,2283.4,2089.2
90952.93,40,2604.4,2296.8,2093
90952.97,40,2623.2,2320.4,2104
90953.01,40,2642.6,2343.8,2108
90953.05,40,2671,2382.2,2119.2
90953.09,40,2685.8,2429.2,2134.6
90953.13,40,2692.6,2494.4,2155.4
90953.17,40,2679,2554,2177.2
90953.21,40,2658.2,2594,2201
90953.25,40,2638.6,2590,2196.4
90953.29,40,2628,2519.8,2179.2
90953.33,40,2611.6,2440.2,2150
90953.37,40,2597.2,2362.2,2120.6
90953.41,40,2546.6,2290.2,2099.4
90953.45,40,2490.8,2240,2081.6
90953.49,40,2451.4,2208.2,2068.8
90953.53,40,2423,2186.6,2065.6
90953.57,40,2406.4,2179.6,2060.8
90953.61,40,2405.4,2174.4,2064
90953.65,40,2422,2188,2067.6
90953.69,40,2439.2,2197.8,2070.4
90953.73,40,2458.4,2214.8,2072
90953.77,40,2483.6,2231.2,2081.2
90953.81,40,2505.2,2253.2,2087
90953.85,40,2535.4,2283.2,2094.8
90953.89,40,2558.6,2323.4,2106.4
90953.93,40,2586.6,2370.6,2124.4
90953.97,40,2601.2,2426.8,2145.2
90954.01,40,2621.4,2488.8,2167.8
90954.05,40,2624.2,2526.8,2182
90954.09,40,2632.8,2524.8,2181.8
90954.13,40,2644,2481,2159.4
90954.17,40,2632.2,2408.4,2134.6
90954.21,40,2610.8,2340.4,2109.6
90954.25,40,2552.6,2276.4,2093.4
90954.29,40,2505.4,2226.4,2075.6
90954.33,40,2466.2,2199,2065.6
90954.37,40,2436.6,2175.4,2058.4
90954.41,40,2431.2,2168.4,2058.4
90954.45,40,2436.8,2174.4,2056
90954.49,40,2466,2188.8,2058.8
90954.53,40,2492.4,2200,2063.2
90954.57,40,2519.4,2215,2066.6
90954.61,40,2552,2235.6,2074.4
90954.65,40,2580,2258.6,2081.8
90954.69,40,2605.8,2288.4,2091.6
90954.73,40,2625.4,2328.6,2108.4
90954.77,40,2639,2388,2125.8
90954.81,40,2638.4,2458.2,2151.4
90954.85,40,2620.4,2540.4,2186.2
90954.89,40,2591.2,2610.6,2222
90954.93,40,2580,2671,2249.2
90954.97,40,2577.2,2655,2248
90955.01,40,2592.2,2590.8,2216.8
90955.05,40,2593.4,2491.4,2177
90955.09,40,2585,2406.4,2141.2
90955.13,40,2559,2336,2113
90955.17,40,2523.2,2281.6,2094
90955.21,40,2493.6,2243.8,2082.6
90955.25,40,2474.4,2226.2,2079.6
90955.29,40,2462,2217.6,2075.8
90955.33,40,2473.2,2227,2078.2
90955.37,40,2499.4,2238.8,2079
90955.41,40,2514.2,2252.2,2085.2
90955.45,40,2540,2265.2,2086.4
90955.49,40,2565.2,2278.2,2092.4
90955.53,40,2597,2303.8,2096.8
90955.57,40,2630.4,2339,2108.2
90955.61,40,2654.8,2381.4,2119
90955.65,40,2669.2,2446.2,2141.4
90955.69,40,2658.4,2520.4,2169.6
90955.73,40,2637,2604.6,2206.6
90955.77,40,2599,2678.2,2243
90955.81,40,2555.4,2710.8,2273.6
90955.85,40,2561.4,2690.4,2263
90955.89,40,2575,2625.2,2234.2
90955.93,40,2588,2526.2,2193.2
90955.97,40,2582.2,2430,2151.8
90956.01,40,2570,2354.6,2122.6
90956.05,40,2540.2,2295.4,2099.2
90956.09,40,2503.2,2252.2,2085.4
90956.13,40,2484.2,2227.6,2078
90956.17,40,2458.2,2216.6,2070.6
90956.21,40,2465.6,2211.6,2074.4
90956.25,40,2480.8,2225.8,2077.6
90956.29,40,2506.2,2242.2,2080.2
90956.33,40,2531.8,2254,2084.4
90956.37,40,2559.8,2270.6,2093.4
90956.41,40,2596.2,2294.8,2090
90956.45,40,2632,2327.8,2105.6
90956.49,40,2659.4,2374.2,2120.4
90956.53,40,2675.6,2435.6,2134.2
90956.57,40,2672,2506,2160.8
90956.61,40,2649.4,2586.6,2195.2
90956.65,40,2605.4,2655,2234.6
90956.69,40,2572.4,2702.2,2265.8
90956.73,40,2563.8,2698.2,2268
90956.77,40,2576.2,2640.4,2240.4
90956.81,40,2556.8,2555.4,2208.2
90956.85,40,2561.2,2472.2,2170.4
90956.89,40,2589.4,2402.8,2140
90956.93,40,2585.2,2328.4,2108
90956.97,40,2547.2,2269.2,2087
90957.01,40,2521.8,2228,2074
90957.05,40,2488.6,2200.6,2062.8
90957.09,40,2470.8,2187,2058.4
90957.13,40,2465,2188,2059.8
90957.17,40,2493.8,2195.4,2065
90957.21,40,2517,2213.8,2062.4
90957.25,40,2539.2,2226.6,2073
90957.29,40,2561.4,2248.4,2079.4
90957.33,40,2590.8,2281,2087.4
90957.37,40,2604.8,2321,2102.6
90957.41,40,2620.2,2377.6,2122.4
90957.45,40,2613.2,2444,2152
90957.49,40,2597.4,2514.2,2183.4
90957.53,40,2569.4,2582,2218.6
90957.57,40,2546,2634.8,2248.4
90957.61,40,2538,2637.8,2252.8
90957.65,40,2545.8,2592.8,2231.8
90957.69,40,2575.8,2528.2,2196.8
90957.73,40,2588.8,2443,2156.8
90957.77,40,2585.4,2360,2122.6
90957.81,40,2550.4,2298.2,2102.6
90957.85,40,2505.2,2246.2,2083.2
90957.89,40,2465.4,2221.8,2077
90957.93,40,2449.6,2205,2069.8
90957.97,40,2441.4,2202.2,2070
90958.01,40,2453.8,2212.2,2072.4
90958.05,40,2471.8,2226.4,2075.2
90958.09,40,2508,2240.8,2080
90958.13,40,2541,2253,2081.8
90958.17,40,2584,2275,2088
90958.21,40,2618.6,2295.4,2088.8
90958.25,40,2650.6,2325.4,2102.8
90958.29,40,2675,2365,2115
90958.33,40,2683.6,2416,2129.8
90958.37,40,2673.6,2481.6,2157.4
90958.41,40,2636.8,2552.2,2187.2
90958.45,40,2590.8,2616.2,2225.6
90958.49,40,2544.2,2665,2259.8
90958.53,40,2527.4,2677.4,2272.8
90958.57,40,2518.4,2623.6,2252.8
90958.61,40,2555.8,2579.8,2223.4
90958.65,40,2607.2,2509.2,2180.8
90958.69,40,2610.2,2427.4,2143.6
90958.73,40,2605,2349.4,2108.2
90958.77,40,2562.2,2282.8,2093
90958.81,40,2513.8,2241.6,2078.2
90958.85,40,2473.8,2218.6,2072.8
90958.89,40,2455.4,2206.6,2070.4
90958.93,40,2447.6,2205.8,2069.2
90958.97,40,2460.6,2213.4,2076.8
90959.01,40,2483.2,2235,2081
90959.05,40,2505.2,2254.8,2084.2
90959.09,40,2524.6,2276.6,2091
90959.13,40,2550.2,2304.6,2102.2
90959.17,40,2582.6,2343.8,2117.4
90959.21,40,2600.6,2389.8,2132.6
90959.25,40,2602.4,2456.8,2151.2
90959.29,40,2618.2,2533.2,2185.2
90959.33,40,2612.6,2631.4,2222.6
90959.37,40,2601.2,2702,2251.2
90959.41,40,2609,2708.4,2252.6
90959.45,40,2615.8,2653.4,2226.4
90959.49,40,2624.2,2561.2,2194
90959.53,40,2612.8,2460.4,2157.8
90959.57,40,2596.8,2379,2130.2
90959.61,40,2547,2310.4,2102.4
90959.65,40,2509.2,2263,2094.8
90959.69,40,2470,2227.8,2078.8
90959.73,40,2447.2,2207.6,2071.4
90959.77,40,2440.8,2200,2065.6
90959.81,40,2439.4,2202.2,2067
90959.85,40,2472.6,2215.4,2071.8
90959.89,40,2488.2,2227.8,2077.2
90959.93,40,2511.4,2243.2,2080.6
90959.97,40,2539.8,2259.4,2084.4
90960.01,40,2568.2,2283.8,2091.8
90960.05,40,2580.8,2311.2,2102
90960.09,40,2609.4,2353.4,2116.4
90960.13,40,2624.4,2408.8,2132.8
90960.17,40,2630,2479.8,2161.4
90960.21,40,2623.2,2557,2192.8
90960.25,40,2602.4,2631.6,2227
90960.29,40,2584.8,2666,2248.8
90960.33,40,2588.2,2638.6,2236.2
90960.37,40,2565.8,2565,2212
90960.41,40,2549.6,2473.4,2177.6
90960.45,40,2583.4,2410,2144.6
90960.49,40,2590.6,2338.8,2114.2
90960.53,40,2536.4,2277,2091.4
90960.57,40,2495.6,2236,2075.8
90960.61,40,2454,2204.2,2069.2
90960.65,40,2432.4,2194.2,2067
90960.69,40,2425.6,2192.4,2067
90960.73,40,2445,2201.6,2066
90960.77,40,2458.8,2213.6,2071.6
90960.81,40,2480.4,2226.8,2074.8
90960.85,40,2502.2,2241.2,2082.2
90960.89,40,2533.6,2257.2,2082.6
90960.93,40,2558.4,2278.8,2089.2
90960.97,40,2589.6,2296,2096.4
90961.01,40,2619.2,2332,2104.8
90961.05,40,2653.4,2378.6,2119.8
90961.09,40,2665.8,2437.2,2138.2
90961.13,40,2655.6,2508,2170.6
90961.17,40,2627,2601.4,2206.2
90961.21,40,2584.8,2679.2,2248.8
90961.25,40,2551.6,2737.2,2285.4
90961.29,40,2531.4,2733,2294.8
90961.33,40,2543.6,2702.8,2281
90961.37,40,2522,2619.6,2250.6
90961.41,40,2559,2560.2,2211.4
90961.45,40,2596.4,2484.2,2167.8
90961.49,40,2602.8,2399.2,2136
90961.53,40,2578,2320.8,2104
90961.57,40,2522.4,2258.2,2086.4
90961.61,40,2476,2216,2073.2
90961.65,40,2439,2190.2,2063.2
90961.69,40,2409.2,2177.2,2061.6
90961.73,40,2398.4,2171.8,2059.4
90961.77,40,2403.4,2179.2,2059.4
90961.81,40,2420.2,2187.6,2067
90961.85,40,2435.2,2198.6,2068.8
90961.89,40,2448.4,2213.6,2070.8
90961.93,40,2488.8,2229.2,2079.4
90961.97,40,2526.4,2250,2080.4
90962.01,40,2558.4,2272.4,2090.4
90962.05,40,2610.8,2314,2101.4
90962.09,40,2664.6,2373.2,2114.6
90962.13,40,2695.8,2436.2,2132.4
90962.17,40,2712.8,2527.6,2162.4
90962.21,40,2700.2,2629.8,2202.2
90962.25,40,2652,2712.8,2241.2
90962.29,40,2611.2,2774,2273.6
90962.33,40,2580.8,2763.2,2283.6
90962.37,40,2574.6,2706.6,2266.2
90962.41,40,2570.2,2631.4,2237.4
90962.45,40,2542.4,2531.8,2204.4
90962.49,40,2580.2,2462.4,2163.8
90962.53,40,2596.6,2390.8,2129.8
90962.57,40,2561.4,2318.2,2105
90962.61,40,2521.2,2262.8,2088.8
90962.65,40,2485.2,2232.8,2078.2
90962.69,40,2466.2,2212,2071.6
90962.73,40,2452.8,2202.6,2071.2
90962.77,40,2447.8,2205,2073.6
90962.81,40,2462.8,2220.6,2075.4
90962.85,40,2480.2,2236.4,2082.2
90962.89,40,2495.8,2247.2,2082.4
90962.93,40,2526.8,2267.4,2090
90962.97,40,2562,2293.6,2096
90963.01,40,2609.6,2331,2108
90963.05,40,2658.8,2382.8,2122
90963.09,40,2686.2,2459.6,2143.8
90963.13,40,2694.2,2548.4,2175
90963.17,40,2670.6,2647,2215.8
90963.21,40,2628.8,2732.4,2254.2
90963.25,40,2589.6,2787.8,2287
90963.29,40,2551.6,2769.2,2296
90963.33,40,2540.2,2692.2,2272.6
90963.37,40,2522.4,2594.8,2238.4
90963.41,40,2595,2539.2,2193.6
90963.45,40,2638,2464.6,2156.2
90963.49,40,2650.6,2384.4,2119.8
90963.53,40,2630.6,2317.6,2099
90963.57,40,2600.8,2277.4,2083.8
90963.61,40,2575.2,2247.6,2073
90963.65,40,2561.2,2237,2074.2
90963.69,40,2560.4,2240.6,2070.4
90963.73,40,2576.2,2247.2,2077.6
90963.77,40,2580,2261.8,2083.6
90963.81,40,2588.8,2280.2,2087
90963.85,40,2592,2300,2095.8
90963.89,40,2599.2,2321.6,2103.6
90963.93,40,2608.6,2356.8,2119.6
90963.97,40,2624.8,2403.2,2132.4
90964.01,40,2647.4,2465.6,2152.6
90964.05,40,2667.2,2552.6,2182.8
90964.09,40,2669.8,2648.4,2212
90964.13,40,2652.6,2739.6,2248.4
90964.17,40,2631.2,2805.2,2282.4
90964.21,40,2612.2,2822.2,2295.4
90964.25,40,2604.2,2770.2,2276.2
90964.29,40,2591.8,2684.4,2247
90964.33,40,2600,2591.6,2211.4
90964.37,40,2560.4,2478.8,2175
90964.41,40,2572.6,2409,2146.2
90964.45,40,2568.8,2354.4,2119.8
90964.49,40,2570,2308.6,2102.2
90964.53,40,2577.2,2282.4,2090.6
90964.57,40,2578,2265.4,2083
90964.61,40,2588.4,2255.4,2078.4
90964.65,40,2602.4,2264.6,2080.4
90964.69,40,2615.8,2273.8,2081.6
90964.73,40,2614.8,2285,2085.8
90964.77,40,2593.4,2285.4,2088
90964.81,40,2584.6,2291.8,2092.2
90964.85,40,2577.2,2303.2,2094
90964.89,40,2583.6,2319.8,2103.4
90964.93,40,2578.2,2345.4,2113.6
90964.97,40,2594.8,2383.2,2125
90965.01,40,2618.2,2441.4,2147.8
90965.05,40,2639.8,2507.6,2170.2
90965.09,40,2645.8,2571.6,2191
90965.13,40,2669,2598.8,2199.2
90965.297,167,2644,2307.6,2092
90965.337,40,2586.4,2258.2,2082.2
90965.377,40,2549,2231.2,2072
90965.417,40,2530.6,2216.4,2065.6
90965.457,40,2528.6,2210,2065.6
90965.497,40,2540.6,2224,2067.8
90965.537,40,2542.8,2237.2,2073.6
90965.577,40,2556.2,2243.8,2077.8
90965.617,40,2569,2256,2078.4
90965.657,40,2587.8,2265.8,2079
90965.697,40,2606.4,2281,2086.2
90965.737,40,2625.6,2299.8,2094
90965.777,40,2642.6,2317.8,2100.8
90965.817,40,2666.4,2359.6,2111.4
90965.857,40,2674.6,2414.6,2129.6
90965.897,40,2668,2476,2152.2
90965.937,40,2653.2,2534.2,2179.6
90965.977,40,2635.6,2581.8,2195.4
90966.017,40,2655.2,2580.2,2192
90966.057,40,2690.4,2546.6,2175.2
90966.097,40,2723,2484.6,2149.4
90966.137,40,2720,2417,2125.2
90966.177,40,2689,2352.8,2107.4
90966.217,40,2636.6,2296.4,2090.4
90966.257,40,2587.4,2259.4,2078.4
90966.297,40,2542.8,2230.8,2075.2
90966.337,40,2509,2213.4,2067.6
90966.377,40,2487,2209.2,2064
90966.417,40,2481.4,2213.8,2074.4
90966.457,40,2481.8,2231,2078
90966.497,40,2487.4,2239,2082.8
90966.537,40,2503.2,2257.2,2087.4
90966.577,40,2514.6,2272.8,2095.4
90966.617,40,2542,2298,2101.4
90966.657,40,2583,2341.2,2111.4
90966.697,40,2625.2,2396.4,2131.6
90966.737,40,2663.2,2477.6,2152.4
90966.777,40,2679.2,2559.6,2181
90966.817,40,2658.4,2631.6,2208.4
90966.857,40,2644.6,2649.4,2217.8
90966.897,40,2625.2,2589.6,2202.6
90966.937,40,2619.8,2513.6,2180.6
90966.977,40,2606.6,2435.4,2152.2
90967.017,40,2571.2,2353.4,2120
90967.057,40,2531,2281.8,2096.8
90967.097,40,2474.6,2228.8,2079.6
90967.137,40,2417,2182.8,2063.6
90967.177,40,2376.2,2157.4,2053.4
90967.217,40,2339.6,2136,2048.2
90967.257,40,2321,2127.4,2046.6
90967.297,40,2318.4,2126.4,2045.2
90967.337,40,2336.2,2130.2,2043.4
90967.377,40,2368.6,2138.8,2048
90967.417,40,2403.8,2148.8,2048
90967.457,40,2458,2171.6,2055.2
90967.497,40,2522.4,2209.2,2060.2
90967.537,40,2591.2,2261.8,2080.4
90967.577,40,2643,2343.6,2108.6
90967.617,40,2654.4,2472.4,2150.4
90967.657,40,2603.8,2624.2,2225
90967.697,40,2501.2,2756.6,2321.8
90967.737,40,2394.2,2845,2448
90967.777,40,2304.2,2848.4,2580
90967.817,40,2253.4,2818,2687.4
90967.857,40,2252.2,2853.8,2710.8
90967.897,40,2304.2,2981.4,2697.6
90967.937,40,2384.6,3055.8,2598.8
90967.977,40,2507,2994.2,2429
90968.017,40,2636.6,2830.4,2285.4
90968.057,40,2725,2600,2183.2
90968.097,40,2690.4,2400,2121.4
90968.137,40,2578.8,2274.2,2087.2
90968.177,40,2462.6,2197,2062.4
90968.217,40,2368.2,2150.2,2052.4
90968.257,40,2311.4,2123.8,2044.8
90968.297,40,2281.8,2112.4,2041.8
90968.337,40,2281.2,2113.6,2042.4
90968.377,40,2310,2119.2,2040.8
90968.417,40,2340,2129.6,2047
90968.457,40,2397.2,2148.6,2048.2
90968.497,40,2477.6,2184,2059.6
90968.537,40,2572.4,2238.8,2070.6
90968.577,40,2661,2329.2,2101.8
90968.617,40,2693.6,2471.4,2147.6
90968.657,40,2635.2,2643.6,2220.6
90968.697,40,2516.8,2780.6,2324.6
90968.737,40,2388.4,2828.6,2444.6
90968.777,40,2298.2,2818.2,2576.6
90968.817,40,2240.6,2789.2,2691.6
90968.857,40,2226.2,2792.4,2739
90968.897,40,2249.4,2896,2777.8
90968.937,40,2307.2,3002.6,2714.4
90968.977,40,2400.2,3047.4,2569.6
90969.017,40,2531.2,2973.4,2395.8
90969.057,40,2669.6,2780,2262.8
90969.097,40,2729.6,2536.4,2162
90969.137,40,2672,2358.2,2107.6
90969.177,40,2549.2,2244.2,2075.2
90969.217,40,2447.2,2182,2059
90969.257,40,2380.8,2152.6,2048.6
90969.297,40,2345,2131.8,2047.2
90969.337,40,2340.6,2130.4,2047
90969.377,40,2375.2,2137.4,2045.8
90969.417,40,2416.4,2155,2052.8
90969.457,40,2471.2,2184,2056.8
90969.497,40,2541.6,2220.4,2067.8
90969.537,40,2629.2,2293.6,2090.2
90969.577,40,2691.8,2395,2123.6
90969.617,40,2698.8,2550.2,2173
90969.657,40,2623.6,2742.8,2258.8
90969.697,40,2489.4,2876.2,2380.8
90969.737,40,2370.6,2896.4,2516.4
90969.777,40,2285.4,2848.8,2637.8
90969.817,40,2238.2,2799.6,2718.2
90969.857,40,2248.8,2817.6,2690.2
90969.897,40,2291.2,2876.6,2641.2
90969.937,40,2356.2,2901,2527.8
90969.977,40,2477,2878.4,2387.8
90970.017,40,2594.6,2729,2262
90970.057,40,2664,2527.8,2172.6
90970.097,40,2644.2,2368.2,2118.2
90970.137,40,2564.4,2264.8,2084.6
90970.177,40,2482.6,2196.6,2065.2
90970.217,40,2416,2167,2051.8
90970.257,40,2375.2,2144.6,2048.2
90970.297,40,2356,2133.6,2048.8
90970.337,40,2358.8,2137.2,2046.6
90970.377,40,2392.6,2145.4,2047.2
90970.417,40,2426,2160.4,2054
90970.457,40,2473.6,2187.6,2064
90970.497,40,2540.8,2231.2,2073
90970.537,40,2609,2292.4,2092
90970.577,40,2656,2384,2122.4
90970.617,40,2654.8,2512.8,2170.4
90970.657,40,2586,2647.4,2238.6
90970.697,40,2493.6,2749.4,2328
90970.737,40,2401,2816.4,2424.4
90970.777,40,2338.4,2836.2,2518.8
90970.817,40,2319.4,2859,2566.8
90970.857,40,2347.2,2902.6,2543.4
90970.897,40,2421.8,2974.4,2493.4
90970.937,40,2531,2957,2393.4
90970.977,40,2658.2,2818.2,2278.2
90971.017,40,2728.6,2607.4,2187.2
90971.057,40,2725.8,2417.4,2128.2
90971.097,40,2632.8,2291.4,2086.8
90971.137,40,2513.4,2206.8,2066.8
90971.177,40,2409,2158.2,2050.6
90971.217,40,2344.6,2129,2043.4
90971.257,40,2299.6,2117.2,2039.4
90971.297,40,2292.2,2109.6,2038.8
90971.337,40,2311.6,2122.8,2044.4
90971.377,40,2338.4,2130.6,2045.8
90971.417,40,2368.4,2141,2046
90971.457,40,2420,2163.4,2051.2
90971.497,40,2483.4,2194.6,2058
90971.537,40,2567.6,2242.6,2073.4
90971.577,40,2652,2320,2098.2
90971.617,40,2724.2,2442,2132.6
90971.657,40,2719.4,2606.2,2188.2
90971.697,40,2653.4,2781.6,2270.2
90971.737,40,2534.4,2925.2,2371.2
90971.777,40,2434.2,2983.2,2484.4
90971.817,40,2360.8,2973.8,2573.6
90971.857,40,2361.4,2981.2,2588
90971.897,40,2405.8,3002.4,2532
90971.937,40,2474.6,2995.8,2449.2
90971.977,40,2581.4,2918.2,2343.8
90972.017,40,2684.8,2754.2,2248.2
90972.057,40,2728.6,2550.6,2169.6
90972.097,40,2701,2388.8,2117.2
90972.137,40,2612.4,2275.6,2082
90972.177,40,2495,2204,2064.2
90972.217,40,2409.4,2158.2,2051
90972.257,40,2344,2130.4,2043.6
90972.297,40,2309.6,2109.8,2041.8
90972.337,40,2284.8,2105.6,2040.2
90972.377,40,2303,2109.4,2040.2
90972.417,40,2326.2,2120.6,2044.6
90972.457,40,2356.6,2128.6,2044.6
90972.497,40,2398,2146.6,2046.6
90972.537,40,2456.8,2171.8,2051.6
90972.577,40,2531.2,2216.2,2069.8
90972.617,40,2619.4,2283.2,2084.8
90972.657,40,2698.8,2390,2118
90972.697,40,2713.2,2537.4,2168.2
90972.737,40,2646.4,2706.6,2239.4
90972.777,40,2537,2843.6,2337.6
90972.817,40,2434,2898,2441
90972.857,40,2355.8,2897.2,2533.2
90972.897,40,2340,2903,2562.4
90972.937,40,2380.8,2952.8,2532.8
90972.977,40,2451,2995.8,2475.4
90973.017,40,2565,2949.2,2372.2
90973.057,40,2668,2801,2267
90973.097,40,2735.2,2599.4,2181.4
90973.137,40,2723.6,2417.8,2122
90973.177,40,2618.6,2282.8,2088.2
90973.217,40,2497.6,2204.6,2062.8
90973.257,40,2395.8,2151.2,2048.4
90973.297,40,2327.4,2120.8,2045
90973.337,40,2292.6,2104.6,2041.4
90973.377,40,2296.8,2109.6,2038.2
90973.417,40,2311.4,2115.8,2040.6
90973.457,40,2332.2,2123.8,2041.8
90973.497,40,2371.6,2137,2047.6
90973.537,40,2425.2,2154.6,2051.2
90973.577,40,2485.6,2183.2,2057.8
90973.617,40,2544.6,2225.8,2070.4
90973.657,40,2606.2,2292.2,2090
90973.697,40,2667.2,2388,2124
90973.737,40,2678.8,2527.8,2168.6
90973.777,40,2638.4,2696.6,2242
90973.817,40,2554.2,2869.8,2336.8
90973.857,40,2456.4,2974,2457.2
90973.897,40,2371.4,3001.6,2568
90973.937,40,2320.4,2972.6,2650
90973.977,40,2333,2987.6,2630.4
90974.017,40,2380,3002.8,2572.6
90974.057,40,2461.2,3016.8,2476.4
90974.097,40,2566.8,2930.8,2360
90974.137,40,2679.2,2751.8,2244.4
90974.177,40,2713,2536.4,2165.2
90974.217,40,2653.6,2376.6,2115.6
90974.257,40,2565.4,2271.4,2086.6
90974.297,40,2473.8,2206.6,2068.6
90974.337,40,2404.6,2164.2,2056.6
90974.377,40,2356.8,2139.6,2048.2
90974.417,40,2332.2,2130.8,2047.2
90974.457,40,2330.2,2123.8,2043.4
90974.497,40,2349.8,2129.8,2044.2
90974.537,40,2378,2133.8,2046.4
90974.577,40,2406.4,2151.6,2047
90974.617,40,2433,2160.8,2049.8
90974.657,40,2474,2184.2,2058
90974.697,40,2505.6,2211.2,2068.2
90974.737,40,2560.2,2258.8,2083.6
90974.777,40,2607.8,2324.4,2104.2
90974.817,40,2638.4,2412,2134.6
90974.857,40,2627.6,2529.8,2179.6
90974.897,40,2572.8,2654.8,2247.8
90974.937,40,2498,2761.6,2327.4
90974.977,40,2422,2827.8,2412.8
90975.017,40,2365.4,2856.6,2490.8
90975.057,40,2354.4,2886,2529
90975.097,40,2402,2971,2512.2
90975.137,40,2471.8,3004.2,2454
90975.177,40,2569.2,2952,2367.2
90975.217,40,2652.2,2800.4,2274.2
90975.257,40,2720,2624.2,2197.8
90975.297,40,2718,2462.4,2142.2
90975.337,40,2636.4,2340,2105
90975.377,40,2548.2,2255.2,2083.4
90975.417,40,2467,2197.8,2069.4
90975.457,40,2396.4,2170.8,2059
90975.497,40,2355.2,2150,2054.8
90975.537,40,2333.6,2135.8,2049.8
90975.578,41,2336,2131.6,2047.2
90975.618,40,2358,2135.8,2045.8
90975.658,40,2402.8,2150.6,2047.2
90975.698,40,2443,2165.4,2054.6
90975.738,40,2464.4,2182.6,2056.6
90975.778,40,2491.6,2200.8,2064.4
90975.818,40,2538.2,2233.4,2072.2
90975.858,40,2580.4,2281,2089.6
90975.898,40,2644.2,2344.4,2111.2
90975.938,40,2694,2446.6,2140.4
90975.978,40,2706.2,2582.8,2179.8
90976.018,40,2663.8,2750.4,2253.2
90976.058,40,2580.2,2891.8,2340.4
90976.098,40,2505.8,2979,2416.2
90976.138,40,2466.8,2978.6,2442.8
90976.178,40,2500.2,2928.6,2400.8
90976.218,40,2553,2860.2,2336.8
90976.258,40,2618.2,2753,2268.6
90976.3,42,2653.8,2598.8,2194.6
90976.34,40,2653.4,2452.8,2149.8
90976.38,40,2605.8,2350.4,2116.2
90976.42,40,2535.6,2268.4,2088.2
90976.46,40,2461.2,2219.2,2076.2
90976.5,40,2410,2181.8,2064.6
90976.54,40,2370.4,2158,2056.6
90976.58,40,2349.8,2149.8,2052
90976.62,40,2353,2147.8,2052.8
90976.66,40,2374.4,2158,2054
90976.7,40,2405.4,2171.8,2059.8
90976.74,40,2440.8,2183,2060.6
90976.78,40,2485.6,2205.4,2065.6
90976.82,40,2552.6,2240.6,2074
90976.86,40,2615,2280,2083.8
90976.9,40,2679,2340.8,2104.4
90976.94,40,2722.2,2422.8,2130.2
90976.98,40,2728,2515,2163.4
90977.02,40,2682.6,2615.6,2197.6
90977.06,40,2626.6,2682.4,2240.2
90977.1,40,2596.6,2702.6,2253.8
90977.14,40,2619,2679,2236.2
90977.18,40,2662.4,2602.8,2201.8
90977.22,40,2715.8,2507.4,2155.4
90977.26,40,2700.2,2382.4,2116.2
90977.3,40,2635.6,2286,2086.4
90977.34,40,2547.2,2218.2,2067.8
90977.38,40,2445.8,2168.8,2053.8
90977.42,40,2371.8,2136.2,2042.6
90977.46,40,2316,2120.6,2042.8
90977.5,40,2301.4,2115.2,2042.4
90977.54,40,2300.4,2115.8,2040
90977.58,40,2316.4,2127,2045.4
90977.62,40,2353.8,2135,2048.6
90977.66,40,2410.2,2155.2,2048
90977.7,40,2504.4,2194,2060.6
90977.74,40,2607.6,2259.8,2080.4
90977.78,40,2700.4,2375.8,2116.6
90977.82,40,2715.4,2543.8,2170
90977.86,40,2674.8,2740,2247
90977.9,40,2582.4,2896.6,2337.2
90977.94,40,2515.4,2958.6,2401.4
90977.98,40,2551.2,2939.6,2372.6
90978.02,40,2624.2,2843.8,2299.4
90978.06,40,2708.8,2689.8,2220
90978.1,40,2733.2,2507.2,2153
90978.14,40,2689,2358.2,2106.8
90978.18,40,2582.6,2244.2,2079.4
90978.22,40,2476.4,2186.4,2057.2
90978.26,40,2389,2142,2048.6
90978.3,40,2330.6,2122,2040.4
90978.34,40,2320.6,2117,2040
90978.38,40,2340.2,2123.2,2043.2
90978.42,40,2395.8,2146.4,2049.6
90978.46,40,2472,2186,2061.4
90978.5,40,2561.4,2255.8,2078.8
90978.54,40,2651.8,2369.2,2117.2
90978.58,40,2679.2,2537.2,2175.6
90978.62,40,2611.6,2739.6,2263.4
90978.66,40,2509.2,2940.8,2391.4
90978.7,40,2402.6,3038.2,2557.8
90978.74,40,2317.8,3017.2,2714
90978.78,40,2295.8,2981.4,2743.4
90978.82,40,2352.2,3041,2647
90978.86,40,2444.6,3013,2494
90978.9,40,2534.6,2866.4,2346.4
90978.94,40,2606,2662.8,2239
90978.98,40,2624,2484.4,2157.6
90979.02,40,2589.6,2345.4,2113.2
90979.06,40,2504.2,2242,2079.2
90979.1,40,2413.8,2176.8,2061.8
90979.14,40,2341.4,2140.6,2046.6
90979.18,40,2296.6,2116.2,2039.8
90979.22,40,2288,2107.8,2042
90979.26,40,2310.8,2120.4,2042.2
90979.3,40,2354.6,2138.8,2048.2
90979.34,40,2426.4,2171.4,2056.8
90979.38,40,2510,2223.2,2076.4
90979.42,40,2591.6,2321,2105
90979.46,40,2611.2,2446.6,2152.8
90979.5,40,2568.2,2603.4,2227.4
90979.54,40,2489.8,2756.4,2328.2
90979.58,40,2406.8,2896.2,2465.2
90979.62,40,2329.4,2995,2647.6
90979.66,40,2294.4,2983.8,2748.2
90979.7,40,2316.2,2988.6,2698
90979.74,40,2404.6,3041.4,2563.8
90979.78,40,2491.8,2925.4,2402.4
90979.82,40,2576.8,2733.8,2276
90979.86,40,2624.6,2545.4,2185
90979.9,40,2627.6,2392.8,2127.8
90979.94,40,2581,2285.4,2088
90979.98,40,2492.6,2201.2,2063.6
90980.02,40,2402.4,2148.2,2050
90980.06,40,2331.2,2118.8,2040.6
90980.1,40,2293,2108,2038.8
90980.14,40,2316.2,2115,2039.6
90980.18,40,2343.6,2130.6,2045
90980.22,40,2401.2,2157.6,2051.8
90980.26,40,2473,2198,2060.4
90980.3,40,2578.8,2264,2085.6
90980.34,40,2670.2,2376.2,2115.2
90980.38,40,2702.8,2551.2,2171.2
90980.42,40,2649.8,2772.2,2263.6
90980.46,40,2539,2979.2,2394.6
90980.5,40,2417.4,3049.4,2557.2
90980.54,40,2322.6,3021.6,2715.2
90980.58,40,2272.2,2961.8,2798.4
90980.62,40,2289,2981.4,2760
90980.66,40,2352.4,3028.4,2636.6
90980.7,40,2441.8,2991,2480.8
90980.74,40,2534.2,2842.8,2338.2
90980.78,40,2607.4,2654,2229.6
90980.82,40,2651.2,2485.6,2159.2
90980.86,40,2632.4,2347,2106.2
90980.9,40,2564.4,2245,2077.2
90980.94,40,2469.8,2184.6,2057.8
90980.98,40,2386.8,2142.6,2045.2
90981.02,40,2331.4,2120.2,2041.6
90981.06,40,2305.2,2112.8,2036.6
90981.1,40,2321.2,2116.4,2040.4
90981.14,40,2349,2127.6,2043
90981.18,40,2396.6,2148.4,2045.2
90981.22,40,2454.6,2181.2,2057.6
90981.26,40,2536.2,2233.4,2075.2
90981.3,40,2608,2322,2103
90981.34,40,2643.8,2440,2145.4
90981.38,40,2612.6,2601.6,2208.4
90981.42,40,2533.8,2758.4,2305.4
90981.46,40,2439.6,2887.6,2427.2
90981.5,40,2357.8,2956.2,2565.4
90981.54,40,2298.4,2975.6,2709.4
90981.58,40,2290.4,2992.4,2756.4
90981.62,40,2336.6,3022.2,2674.6
90981.66,40,2419,3033.8,2539.6
90981.7,40,2538.8,2968.4,2396.2
90981.74,40,2659.2,2809.2,2275.4
90981.78,40,2698.6,2600.2,2189.4
90981.82,40,2674,2433.8,2130.8
90981.86,40,2600.8,2319.2,2102.4
90981.9,40,2516.2,2237.6,2078.8
90981.94,40,2425.4,2180.8,2063.2
90981.98,40,2357,2146,2049.4
90982.02,40,2310.2,2121.8,2046.8
90982.06,40,2298.4,2115.2,2044.6
90982.1,40,2307.6,2116.8,2044.6
90982.14,40,2348.2,2132.2,2043.6
90982.18,40,2422.6,2161.8,2053.4
90982.22,40,2511.6,2211.8,2068.4
90982.26,40,2604.4,2290.6,2091.4
90982.3,40,2655.8,2412.8,2133
90982.34,40,2647.2,2585.2,2196.8
90982.38,40,2578.8,2776.4,2292.4
90982.42,40,2478.6,2971.4,2429.8
90982.46,40,2387.2,3056.4,2601.6
90982.5,40,2297.4,3003.6,2754.4
90982.54,40,2262.8,2944.8,2812.6
90982.58,40,2297.8,2989.2,2747.4
90982.62,40,2374.6,3032.2,2604.8
90982.66,40,2468.2,2955.2,2438.8
90982.7,40,2552.8,2779,2298.8
90982.74,40,2606.8,2585.4,2202.8
90982.78,40,2621,2428.8,2142.2
90982.82,40,2574.6,2308,2098.4
90982.86,40,2493,2220,2072.6
90982.9,40,2410.6,2166.2,2053.8
90982.94,40,2351.6,2134.2,2045.8
90982.98,40,2311.8,2114.4,2045.8
90983.02,40,2306,2111,2039
90983.06,40,2324.8,2118.2,2042.4
90983.1,40,2344.4,2135,2045.6
90983.14,40,2379.2,2146.2,2048.8
90983.18,40,2426,2179.6,2059
90983.22,40,2488.8,2218,2072
90983.26,40,2545.6,2279.4,2094.2
90983.3,40,2592.4,2372.4,2127.4
90983.34,40,2587.2,2498.6,2177
90983.38,40,2540.2,2638.6,2251.8
90983.42,40,2463.6,2771.4,2351.4
90983.46,40,2374.8,2840.8,2466.4
90983.5,40,2302.6,2872,2608.6
90983.54,40,2266.6,2920.2,2744.4
90983.58,40,2293.4,3003.2,2756
90983.62,40,2356.4,3034,2638
90983.66,40,2451.6,3011.6,2492
90983.7,40,2569.4,2935.4,2361.2
90983.74,40,2661,2797.2,2261.2
90983.78,40,2694,2627.4,2196.6
90983.82,40,2684,2499.8,2154
90983.86,40,2640.2,2407.2,2131.8
90983.9,40,2596.2,2347.6,2113
90983.94,40,2556,2308.2,2104.4
90983.98,40,2536.6,2286.4,2095
90984.02,40,2522,2276.2,2091.6
90984.06,40,2513.8,2273.2,2093.2
90984.1,40,2517.4,2277,2092.2
90984.14,40,2531.4,2288.2,2098.2
90984.18,40,2547.4,2298.8,2102.4
90984.22,40,2560.2,2307.2,2104
90984.26,40,2571.2,2315.2,2105
90984.3,40,2586.4,2317.6,2101.6
90984.34,40,2593.8,2326,2104.6
90984.38,40,2603.4,2328.4,2104.4
90984.42,40,2614.8,2320.6,2101.6
90984.46,40,2600.8,2298,2095
90984.5,40,2571.2,2261.8,2082
90984.54,40,2527.8,2231,2070.8
90984.58,40,2497.8,2209.6,2066.6
90984.62,40,2488.8,2204.6,2062
90984.66,40,2504.8,2213,2069
90984.7,40,2532.2,2228.6,2071
90984.74,40,2559.4,2248.6,2078.8
90984.78,40,2598.2,2291.2,2089.4
90984.82,40,2639.2,2351,2109.2
90984.86,40,2658.8,2438.4,2137.8
90984.9,40,2653.4,2546,2184.4
90984.94,40,2625.6,2657.2,2227.4
90984.98,40,2668.6,2637.8,2210
90985.02,40,2702.4,2469.6,2147
90985.06,40,2648.2,2308.4,2090.4
90985.1,40,2502.2,2199,2062.6
90985.14,40,2375.8,2138.4,2048.8
90985.18,40,2302,2107.8,2034.2
90985.22,40,2304.2,2113.6,2041
90985.26,40,2343.4,2123.4,2043.2
90985.3,40,2380.8,2144.2,2046
90985.34,40,2413.8,2159,2051
90985.38,40,2472.6,2187.8,2057.2
90985.42,40,2537.6,2235,2073.6
90985.46,40,2607,2305.6,2094.2
90985.5,40,2665,2405.8,2129.6
90985.54,40,2679.4,2547.6,2176.2
90985.58,40,2645.8,2694.4,2239.8
90985.62,40,2678.2,2658.6,2217.6
90985.66,40,2715.4,2478.2,2149.8
90985.7,40,2601.2,2306.6,2094
90985.74,40,2482.6,2205.6,2066.6
90985.78,40,2382.8,2148.8,2050.8
90985.82,40,2325.6,2125.6,2042.8
90985.86,40,2316.4,2126.4,2044
90985.9,40,2333,2133.6,2047.6
90985.94,40,2367.8,2147.6,2050.4
90985.98,40,2407,2163.4,2057.6
90986.02,40,2451.4,2186.8,2063.4
90986.06,40,2525.8,2242.8,2080.2
90986.1,40,2587.6,2319,2105
90986.14,40,2635.6,2435,2143.4
90986.18,40,2627.2,2588.6,2201.8
90986.22,40,2624.8,2701.2,2252.2
90986.26,40,2706.6,2618.8,2198.2
90986.3,40,2713.8,2430.4,2134.8
90986.34,40,2619.8,2275.4,2087.8
90986.38,40,2468.4,2182.8,2056.8
90986.42,40,2365.6,2135,2047
90986.46,40,2321,2119.8,2041.6
90986.5,40,2317.8,2121.6,2043
90986.54,40,2353,2129.2,2045.8
90986.58,40,2398,2149.6,2050
90986.62,40,2449.4,2175,2051.8
90986.66,40,2517.2,2213.6,2067.6
90986.7,40,2582.2,2275.2,2083.8
90986.74,40,2644,2381.4,2121
90986.78,40,2660,2522.8,2174
90986.82,40,2621.8,2672.6,2233.6
90986.86,40,2655.4,2598.8,2197.8
90986.9,40,2693.8,2431.8,2136
90986.94,40,2570.2,2273.8,2088.8
90986.98,40,2444.6,2188.6,2061
90987.02,40,2360.8,2140,2047.4
90987.06,40,2309,2119,2043
90987.1,40,2314.8,2124,2044.2
90987.14,40,2330.6,2130.6,2046.8
90987.18,40,2366.8,2146,2049.2
90987.22,40,2413.4,2174.2,2055.6
90987.26,40,2474.4,2212.8,2068.2
90987.362,102,2581.2,2457.6,2163.4
90987.402,40,2542.8,2586.6,2230
90987.442,40,2556.6,2572.2,2213.8
90987.482,40,2573.6,2418.2,2150.8
90987.522,40,2545.8,2297.6,2101.2
90987.562,40,2459.6,2209,2067.8
90987.602,40,2368.6,2154.6,2055.2
90987.642,40,2324.8,2134.4,2047
90987.682,40,2318.2,2134.6,2047.6
90987.722,40,2344,2142.4,2053.6
90987.762,40,2379.6,2163.4,2053.4
90987.802,40,2423.2,2192,2065
90987.842,40,2485,2229.4,2078.8
90987.882,40,2531.8,2291.6,2096
90987.922,40,2571.4,2381.8,2128.4
90987.962,40,2568.6,2497.2,2184.4
90988.002,40,2529.6,2598.2,2238.4
90988.042,40,2570.4,2526.4,2196.6
90988.082,40,2590.8,2385.2,2131.2
90988.122,40,2535,2269.6,2088.2
90988.162,40,2447.4,2192.4,2063.6
90988.202,40,2367.2,2142,2047.4
90988.242,40,2328,2127,2043.4
90988.282,40,2331.4,2126.2,2045.6
90988.322,40,2360.2,2135.2,2044.2
90988.362,40,2408.6,2156.4,2050.2
90988.402,40,2463.6,2180.4,2058.2
90988.442,40,2543,2225.8,2069.6
90988.482,40,2611.2,2286.4,2088
90988.522,40,2675.8,2379.2,2119
90988.562,40,2698.6,2506.6,2160.2
90988.602,40,2674.4,2655.4,2215.8
90988.642,40,2692.4,2622.8,2204.6
90988.682,40,2699.6,2441.2,2141.6
90988.722,40,2560.2,2278.2,2085.8
90988.762,40,2441.2,2186,2063.4
90988.802,40,2351.8,2136,2047.4
90988.842,40,2311.8,2122.6,2044.4
90988.882,40,2318,2121.8,2044.8
90988.922,40,2347.2,2129.8,2044.4
90988.962,40,2385.8,2147.4,2051.6
90989.002,40,2432,2172.8,2055.8
90989.042,40,2500,2210.4,2067
90989.082,40,2583.4,2278.4,2085.4
90989.122,40,2644.2,2384.2,2122.6
90989.162,40,2627.8,2529.6,2181
90989.202,40,2592.4,2647.4,2242.4
90989.242,40,2615.8,2590,2206.8
90989.282,40,2661.4,2440.8,2145.2
90989.322,40,2553.4,2291.4,2097
90989.362,40,2452,2207.2,2067.6
90989.402,40,2364,2152.8,2052.2
90989.442,40,2324,2130,2047.6
90989.482,40,2322.8,2131.2,2046.6
90989.522,40,2342,2144,2050
90989.562,40,2385.6,2164,2057.4
90989.602,40,2435.4,2193,2065.8
90989.642,40,2515.2,2246.2,2082.2
90989.682,40,2582.4,2326.4,2105.8
90989.722,40,2607.4,2439.6,2149.2
90989.762,40,2571.6,2556.6,2207.8
90989.802,40,2571.4,2594,2223.4
90989.842,40,2608.4,2468.6,2164.8
90989.882,40,2582.8,2330,2111
90989.922,40,2489.2,2233,2075.4
90989.962,40,2396.6,2165.2,2059.6
90990.002,40,2342.4,2142.2,2050.6
90990.042,40,2329,2135.8,2049.2
90990.082,40,2354,2145.8,2053
90990.122,40,2386.6,2159,2056.6
90990.162,40,2436,2184.8,2061.8
90990.202,40,2497.2,2220.2,2072.4
90990.242,40,2563,2286.4,2094.6
90990.282,40,2607,2384.4,2128.6
90990.322,40,2598.4,2501,2179
90990.362,40,2555.2,2614,2235
90990.402,40,2582.4,2573.2,2211.2
90990.442,40,2621.2,2433,2151.6
90990.482,40,2571,2295.4,2097.2
90990.522,40,2452.2,2194.6,2063.2
90990.562,40,2358.2,2145.8,2049.6
90990.602,40,2305.6,2123.8,2045.8
90990.642,40,2300.4,2121.4,2045.2
90990.682,40,2323.6,2129.8,2046.4
90990.722,40,2361.8,2151.8,2054.2
90990.762,40,2417,2176.6,2060.6
90990.802,40,2494,2227.4,2074.2
90990.842,40,2571.2,2302.4,2097
90990.882,40,2614.6,2416.2,2137.4
90990.922,40,2589.4,2546.6,2198.6
90990.962,40,2574.4,2615.4,2231.4
90991.002,40,2611.2,2505.8,2177.8
90991.042,40,2591.8,2355.8,2122.6
90991.082,40,2507.6,2245.6,2082.4
90991.122,40,2402.8,2170.4,2054.6
90991.162,40,2323.2,2130.2,2044.6
90991.202,40,2310,2120,2044.6
90991.242,40,2315,2127.4,2045.8
90991.282,40,2354.6,2142,2050.8
90991.322,40,2410.2,2177.2,2058.6
90991.362,40,2475.8,2215.2,2068.6
90991.402,40,2542.2,2278.6,2090.6
90991.442,40,2587.8,2371.8,2125
90991.482,40,2596.4,2492,2173.6
90991.522,40,2568.6,2588.4,2223.4
90991.562,40,2585.8,2545.8,2200.4
90991.602,40,2593.2,2430.8,2149
90991.642,40,2564.4,2314.6,2104.4
90991.682,40,2466.2,2222.2,2076.8
90991.722,40,2392.8,2170.6,2057.6
90991.762,40,2348.8,2145.4,2050.8
90991.802,40,2340.6,2138.8,2049.4
90991.842,40,2358.4,2146.6,2051
90991.882,40,2401.6,2169.2,2059
90991.922,40,2449.6,2200,2065.8
90991.962,40,2510.4,2249.4,2083.4
90992.002,40,2573.2,2323.2,2106.4
90992.042,40,2592.4,2438.2,2153.8
90992.082,40,2578,2567.8,2213.6
90992.122,40,2569,2613.4,2233.8
90992.162,40,2596,2542.6,2190.6
90992.202,40,2617.4,2438.8,2149.8
90992.242,40,2607.6,2341,2112
90992.282,40,2537.8,2253,2083.4
90992.322,40,2468.2,2199.4,2065.4
90992.362,40,2406.2,2165.8,2053.8
90992.402,40,2367,2152.2,2054.2
90992.442,40,2350.2,2141.8,2054.2
90992.482,40,2347.4,2150.8,2055.6
90992.522,40,2380.8,2160.8,2057.8
90992.562,40,2404.2,2177.2,2061.2
90992.602,40,2434,2200.4,2067.6
90992.642,40,2480,2232.6,2081.8
90992.682,40,2526,2285.4,2097.6
90992.722,40,2569,2355,2127.8
90992.762,40,2575.8,2445.8,2162.4
90992.802,40,2572.4,2552.8,2202.6
90992.842,40,2545.8,2644.6,2254.2
90992.882,40,2541.2,2708,2278.2
90992.922,40,2584.8,2687.2,2249.4
90992.962,40,2634.6,2610,2207
90993.002,40,2674.2,2496.8,2158.4
90993.042,40,2667.2,2385.2,2120.8
90993.082,40,2614.8,2294.2,2091.4
90993.122,40,2543,2233.6,2073.4
90993.162,40,2466,2186.8,2060.2
90993.202,40,2412.4,2164,2052.8
90993.242,40,2375.4,2148,2050
90993.282,40,2362,2146,2047.4
90993.322,40,2365.4,2153,2053.6
90993.362,40,2376.4,2162.6,2058.2
90993.402,40,2404.6,2180.6,2059.6
90993.442,40,2437.6,2201.4,2070.8
90993.482,40,2484.8,2236.4,2080.2
90993.522,40,2528.6,2283.2,2093
90993.562,40,2575,2343.8,2115.6
90993.602,40,2598,2432.8,2148.2
90993.642,40,2584.8,2528.2,2189.8
90993.682,40,2553.2,2610.8,2236.6
90993.722,40,2531.8,2661.6,2266.8
90993.762,40,2549,2634.2,2244.4
90993.802,40,2580.6,2555.6,2206.2
90993.842,40,2612.4,2467.2,2161
90993.882,40,2606.6,2365.4,2120.8
90993.922,40,2574.2,2294.4,2094.2
90993.962,40,2528.6,2241.4,2077.4
90994.002,40,2480.2,2206.2,2066.8
90994.042,40,2456,2187.6,2060.2
90994.082,40,2446.6,2179,2057.4
90994.122,40,2455,2186.2,2059.6
90994.162,40,2479.4,2196.6,2062.6
90994.202,40,2500.6,2213.4,2067.8
90994.242,40,2529,2232.8,2075.6
90994.282,40,2574.2,2264.6,2080.4
90994.322,40,2623.4,2311.2,2094.4
90994.362,40,2655,2373,2115
90994.402,40,2667.4,2460.8,2147.4
90994.442,40,2638.4,2550.4,2187.2
90994.482,40,2587.6,2629.8,2232.2
90994.522,40,2546.2,2674.8,2267.4
90994.562,40,2552,2678.6,2260.2
90994.602,40,2588.8,2621,2220.4
90994.642,40,2625,2545.2,2185.8
90994.682,40,2651.4,2452.4,2147
90994.722,40,2638.2,2354.4,2115.6
90994.762,40,2592,2281,2091
90994.802,40,2533.4,2231,2070.2
90994.842,40,2481.8,2190.8,2059.2
90994.882,40,2440.6,2171,2054.6
90994.922,40,2417.4,2158.6,2048.6
90994.962,40,2420.4,2161.8,2051.8
90995.002,40,2447.4,2175.6,2056.4
90995.042,40,2474.8,2190.8,2061.4
90995.082,40,2513.2,2216.4,2068.8
90995.122,40,2549.6,2254,2075.4
90995.162,40,2595,2298.4,2096
90995.202,40,2627,2366,2120
90995.242,40,2642.2,2449.6,2145.4
90995.282,40,2623.8,2545.2,2186.6
90995.322,40,2597.4,2633.8,2233.2
90995.362,40,2564.4,2703,2269
90995.402,40,2547.8,2715,2280.6
90995.442,40,2554.6,2654.4,2254.8
90995.482,40,2570,2582.4,2219.4
90995.522,40,2580.4,2492.6,2176.6
90995.562,40,2559.2,2394,2141.4
90995.602,40,2544,2312.8,2107.2
90995.642,40,2495.4,2246.4,2084.6
90995.682,40,2439.6,2201.6,2068
90995.722,40,2401,2172,2060
90995.762,40,2374,2151.4,2052
90995.802,40,2353.6,2143.8,2053.6
90995.842,40,2361.8,2150.4,2052
90995.882,40,2379.8,2161.2,2056.8
90995.922,40,2407.4,2183.2,2065.6
90995.962,40,2453,2215.6,2077.2
90996.002,40,2517.4,2271.2,2090.4
90996.042,40,2581.6,2354,2119.2
90996.082,40,2611.6,2468.6,2162.8
90996.122,40,2589.8,2593.4,2217.6
90996.162,40,2539,2696.4,2275.2
90996.202,40,2483.6,2749.8,2329.6
90996.242,40,2466.2,2760.4,2350.4
90996.282,40,2492.8,2718.8,2314.6
90996.322,40,2550.4,2643.4,2248.2
90996.362,40,2595,2533.4,2192.2
90996.402,40,2610,2413.2,2142.8
90996.442,40,2548,2303.6,2100.8
90996.482,40,2481.2,2233,2078.2
90996.522,40,2405,2179.2,2064.6
90996.562,40,2354.4,2148.4,2057.6
90996.602,40,2327.6,2139.4,2051.2
90996.642,40,2328.2,2138.4,2050.8
90996.682,40,2367.6,2153.8,2056.2
90996.722,40,2440.6,2184.4,2062.6
90996.762,40,2539.6,2237.4,2076.8
90996.802,40,2631.4,2320.8,2101.2
90996.842,40,2682.2,2448,2142.2
90996.882,40,2641.4,2602,2202.6
90996.922,40,2543.8,2734,2286.4
90996.962,40,2445,2791.2,2379
90997.002,40,2377.6,2801,2448
90997.042,40,2397.2,2852,2455
90997.082,40,2477.6,2830,2376
90997.122,40,2565.8,2754.4,2287.8
90997.162,40,2654.8,2617.8,2204.8
90997.202,40,2679.6,2450.6,2142.6
90997.242,40,2612.8,2317,2098.6
90997.282,40,2520.2,2231.8,2072
90997.322,40,2432.8,2175,2057.8
90997.362,40,2355.8,2142.6,2046
90997.402,40,2303.2,2118.8,2043.4
90997.442,40,2280.8,2106.4,2042.2
90997.482,40,2296.2,2115.4,2041.8
90997.522,40,2322.4,2124.6,2045
90997.562,40,2352,2143,2049.4
90997.602,40,2386,2163.6,2056
90997.642,40,2440.2,2193.6,2067.4
90997.682,40,2519.4,2258.2,2084.6
90997.722,40,2610,2357.2,2118
90997.762,40,2649.2,2502,2167.2
90997.802,40,2610.4,2691.2,2246.8
90997.842,40,2520.8,2878.4,2363.4
90997.882,40,2417.8,2998.2,2516.4
90997.922,40,2355.4,3013.6,2619.2
90997.962,40,2388,3026.4,2571.4
90998.002,40,2495.6,3013.8,2448.4
90998.042,40,2628,2861,2308.2
90998.082,40,2730,2625.8,2195.2
90998.122,40,2726.8,2415.4,2124
90998.162,40,2620.2,2275.8,2081.2
90998.202,40,2493.8,2190.8,2059.8
90998.242,40,2389.8,2143.2,2046.2
90998.282,40,2329.2,2113.8,2039.6
90998.322,40,2298,2107.2,2039.4
90998.362,40,2307.8,2113.8,2042.8
90998.402,40,2356.4,2136.4,2045
90998.442,40,2430.4,2163,2056.4
90998.482,40,2532.8,2224,2071.2
90998.585,103,2709.4,2618.6,2198.8
90998.625,40,2628.2,2865.2,2308.4
90998.665,40,2481.6,3003,2463
90998.705,40,2363.4,3024,2630.2
90998.745,40,2308.6,2971.4,2712
90998.785,40,2353.2,3023,2638.8
90998.825,40,2470,3022.4,2477.2
90998.865,40,2597.8,2858.6,2315.6
90998.905,40,2699.8,2627,2198
90998.945,40,2699.6,2405.8,2121.4
90998.985,40,2603,2266,2081.2
90999.025,40,2476,2181.8,2055
90999.065,40,2370.2,2139,2044.2
90999.105,40,2296.4,2110.8,2038
90999.145,40,2303.2,2115.6,2039.4
90999.185,40,2325,2126.4,2045.4
90999.225,40,2372,2145.2,2049
90999.265,40,2454.4,2183.6,2058.6
90999.305,40,2565.6,2252.2,2077.6
90999.345,40,2685.2,2374.2,2116.8
90999.385,40,2714,2573,2178.2
90999.425,40,2629,2789,2280.4
90999.465,40,2503.4,2978.4,2421
90999.505,40,2371.8,3034.6,2604
90999.545,40,2283.2,2980.6,2765.2
90999.585,40,2270.2,2948.2,2775
90999.625,40,2341.2,3016.6,2666.8
90999.665,40,2454.4,3028.8,2497.8
90999.705,40,2588.6,2896,2336.8
90999.745,40,2705.2,2682,2218.2
90999.785,40,2720.2,2466.2,2142.6
90999.825,40,2647.4,2312.4,2097.8
90999.865,40,2535.8,2219.2,2069
90999.905,40,2434.8,2161.4,2050.2
90999.945,40,2345.4,2128.4,2043.4
90999.985,40,2304.6,2111,2038
91000.025,40,2305.4,2110.2,2040.4
91000.065,40,2333.2,2122.6,2043.2
91000.105,40,2381.2,2138.4,2044.4
91000.145,40,2448.2,2169.2,2057
91000.185,40,2538.4,2218.8,2068.8
91000.225,40,2644.8,2300.6,2093.4
91000.265,40,2707,2432.4,2132
91000.305,40,2705.4,2624.2,2198.4
91000.345,40,2614.8,2829.6,2297
91000.385,40,2491.2,2983.8,2430.4
91000.425,40,2377.4,3020,2590.8
91000.465,40,2314.8,3011,2700.6
91000.505,40,2332,3020.4,2670
91000.545,40,2415,3031.2,2548.4
91000.585,40,2522,2971.2,2407.4
91000.625,40,2628.4,2811.6,2281.8
91000.665,40,2706,2628,2197.2
91000.705,40,2699.8,2450.2,2139
91000.745,40,2621.8,2322.6,2100
91000.785,40,2517.2,2232.4,2072.2
91000.825,40,2424.4,2178,2062.2
91000.865,40,2341.8,2136.8,2049.4
91000.905,40,2296.2,2114.8,2041.6
91000.945,40,2283.8,2110.8,2039.6
91000.985,40,2309,2116.6,2045
91001.025,40,2348.2,2133,2044.2
91001.065,40,2406.4,2154,2050.8
91001.105,40,2502.6,2200.4,2061.2
91001.145,40,2603.4,2264.6,2083
91001.185,40,2683,2376.8,2116.6
91001.225,40,2701.6,2542.6,2172.4
91001.265,40,2643.2,2753.8,2260.4
91001.305,40,2528.4,2930,2384.4
91001.345,40,2412.8,3013.2,2526.6
91001.385,40,2341,2996.2,2633.4
91001.425,40,2362.4,3007.8,2615.8
91001.465,40,2444.4,3013.2,2503.4
91001.505,40,2559.6,2944.4,2370.4
91001.545,40,2671.4,2768,2257
91001.585,40,2731.2,2572.4,2173
91001.625,40,2700.2,2398.8,2120.8
91001.665,40,2625.2,2288.2,2087.2
91001.705,40,2526,2213,2066
91001.745,40,2438.2,2165.4,2054.2
91001.785,40,2365,2133.4,2043.6
91001.825,40,2327.8,2120.4,2042.4
91001.865,40,2312.4,2113.2,2040.8
91001.905,40,2334.2,2122.2,2041.4
91001.945,40,2373,2133.4,2045.4
91001.985,40,2426.6,2160.8,2053
91002.025,40,2524.6,2211.8,2067
91002.065,40,2625.2,2295.2,2090.8
91002.105,40,2710.2,2439.6,2135
91002.145,40,2700.8,2657.6,2207.8
91002.185,40,2579.2,2881.6,2335.6
91002.225,40,2428.2,3018,2511.8
91002.265,40,2305.8,3005,2725.8
91002.305,40,2224.6,2889.6,2900.6
91002.345,40,2192.2,2778.8,2907.4
91002.385,40,2218.2,2870.6,2893.6
91002.425,40,2282.4,2983.2,2776.2
91002.465,40,2374,3020.6,2596.8
91002.505,40,2489.2,2945,2414.8
91002.545,40,2598.2,2782.8,2282.8
91002.585,40,2660.8,2595.6,2193.8
91002.625,40,2662,2425.4,2132.6
91002.665,40,2603.4,2299.6,2094.4
91002.705,40,2497.2,2212.6,2067
91002.745,40,2398.4,2151,2049.8
91002.785,40,2310,2117.6,2044.4
91002.825,40,2292.8,2105,2038.4
91002.865,40,2310.2,2115.2,2037.8
91002.905,40,2340.4,2123.2,2044.6
91002.945,40,2376.4,2145.2,2051.2
91002.985,40,2455.8,2186.8,2061.2
91003.025,40,2545.6,2250.4,2080.6
91003.065,40,2648.8,2360,2113.6
91003.105,40,2691.4,2544,2173.8
91003.145,40,2618,2766,2273.2
91003.185,40,2480,2957.6,2424.6
91003.225,40,2354.4,3022.6,2625.4
91003.265,40,2259.6,2961,2829.2
91003.305,40,2206.8,2836.6,2930.8
91003.345,40,2208,2838.6,2916.2
91003.385,40,2250,2940.2,2855.6
91003.425,40,2317.2,3004.4,2697.2
91003.465,40,2420.8,2993.2,2511.6
91003.505,40,2548.6,2893.2,2354.6
91003.545,40,2659.4,2710.2,2233.6
91003.585,40,2706.8,2503.4,2157.4
91003.625,40,2678.6,2352,2106.6
91003.665,40,2592.4,2250,2075.2
91003.705,40,2482.6,2185.4,2057.6
91003.745,40,2384.8,2142.8,2047
91003.785,40,2328.4,2118.2,2041.8
91003.825,40,2299.2,2111.8,2041
91003.865,40,2302.2,2111.4,2037.6
91003.905,40,2332.2,2124.8,2046
91003.945,40,2387.6,2151.4,2047.2
91003.985,40,2465.4,2190.8,2062.6
91004.025,40,2572.6,2261.4,2080.2
91004.065,40,2673.6,2373.2,2115
91004.105,40,2699.4,2560,2176
91004.145,40,2605.4,2779.4,2279.6
91004.185,40,2468.2,2950.6,2437.6
91004.225,40,2344,3007.2,2630.2
91004.265,40,2253.8,2938.8,2826.4
91004.305,40,2197.2,2833,2944.6
91004.345,40,2195.4,2783.4,2911.6
91004.385,40,2224.8,2904.6,2895.8
91004.425,40,2286.4,3000.2,2767
91004.465,40,2391.2,3046.8,2584.4
91004.505,40,2525.6,2975,2404.8
91004.545,40,2654,2804,2272
91004.585,40,2738.2,2584.6,2177.6
91004.625,40,2700,2395.8,2121
91004.665,40,2612.2,2272.4,2080.2
91004.705,40,2495,2191.8,2062
91004.745,40,2388.4,2146.8,2049.6
91004.785,40,2325.2,2119.2,2039.4
91004.825,40,2286.6,2105.8,2036.2
91004.865,40,2302,2112,2042
91004.905,40,2335.2,2121.2,2040.2
91004.945,40,2376.6,2139.4,2047
91004.985,40,2446,2174.4,2058.6
91005.025,40,2551.8,2230,2071.6
91005.065,40,2663.2,2325.4,2097.4
91005.105,40,2726,2473.4,2140.8
91005.145,40,2672.6,2665.2,2217.6
91005.185,40,2543.8,2853.8,2336.4
91005.225,40,2399.4,2934.8,2493.4
91005.265,40,2295.4,2922.4,2664.8
91005.305,40,2226.8,2843.4,2821.8
91005.345,40,2188.8,2760.8,2876.2
91005.385,40,2209,2862.6,2922
91005.425,40,2262,2960.4,2832.2
91005.465,40,2343,3042.8,2682.4
91005.505,40,2448.2,3030,2505.4
91005.545,40,2569,2901.8,2351.4
91005.585,40,2681.8,2740.8,2241.2
91005.625,40,2728.2,2543.4,2168.8
91005.665,40,2699.6,2386.6,2116.8
91005.705,40,2605.6,2273.4,2085.2
91005.745,40,2488.8,2193,2060.2
91005.785,40,2387.8,2143.4,2047.2
91005.825,40,2305,2111.4,2038
91005.865,40,2298.2,2108.8,2036.2
91005.905,40,2306.2,2111.4,2037.4
91005.945,40,2329.8,2122.4,2041.8
91005.985,40,2363,2134.6,2046.2
91006.025,40,2406.6,2163.4,2053.2
91006.065,40,2477.6,2203.8,2064.4
91006.105,40,2572,2271.4,2084.4
91006.145,40,2659.2,2397,2123.6
91006.185,40,2687,2583.8,2185.4
91006.225,40,2618.8,2833.4,2294
91006.265,40,2486.8,3024.8,2459
91006.305,40,2351.6,3028.8,2651.4
91006.345,40,2257.2,2935.8,2825.4
91006.385,40,2203.8,2837.6,2921.4
91006.425,40,2205.6,2839.8,2916.8
91006.465,40,2245.6,2932.4,2846.6
91006.505,40,2313,2989.6,2694
91006.545,40,2412.6,2996.8,2517.6
91006.585,40,2549.6,2921.2,2367.6
91006.625,40,2661,2744.2,2247.6
91006.665,40,2738.6,2556.6,2168.6
91006.705,40,2709,2392,2116.8
91006.745,40,2621.6,2270.8,2081.2
91006.785,40,2486,2189.4,2059
91006.825,40,2391.4,2146.2,2048.2
91006.865,40,2325.4,2117.6,2041.2
91006.905,40,2292,2111.8,2037.6
91006.945,40,2287.6,2110.4,2040.6
91006.985,40,2304.8,2117.8,2042
91007.025,40,2334.4,2126.2,2044.2
91007.065,40,2383.2,2146.2,2046.4
91007.105,40,2450.2,2177.4,2057.4
91007.145,40,2547.4,2230.4,2074.8
91007.185,40,2643.8,2312.6,2094.2
91007.225,40,2714.8,2450.8,2136
91007.265,40,2695.2,2637.6,2205.2
91007.305,40,2599.8,2847.8,2308.8
91007.345,40,2459.8,2977,2457.8
91007.385,40,2341.8,2996,2634.2
91007.425,40,2253.4,2924.2,2800.8
91007.465,40,2199.2,2828.6,2906.2
91007.505,40,2188,2755.4,2871
91007.545,40,2218.8,2873.4,2885.2
91007.585,40,2276.6,2956.6,2767.2
91007.625,40,2364.2,3004.4,2600
91007.665,40,2490.6,2982,2433.6
91007.705,40,2627.8,2840.6,2294.8
91007.745,40,2713.6,2629,2195.2
91007.785,40,2724.2,2450.8,2134.2
91007.825,40,2658.6,2317,2096
91007.865,40,2558.6,2223.2,2069
91007.905,40,2428.8,2162.6,2055.8
91007.945,40,2341.4,2128,2045.8
91007.985,40,2292,2113,2039.4
91008.025,40,2282.2,2111.2,2038.2
91008.065,40,2302.8,2115.2,2041
91008.105,40,2342,2128.8,2045
91008.145,40,2400,2154.4,2051.2
91008.185,40,2474.2,2186.2,2055.4
91008.225,40,2544.6,2238.2,2072.2
91008.265,40,2619.6,2316.4,2098
91008.305,40,2669.2,2440.6,2137.8
91008.345,40,2652.6,2610.4,2203.8
91008.385,40,2562.2,2795.2,2301.2
91008.425,40,2440.2,2885,2427.6
91008.465,40,2327.2,2840.4,2543.6
91008.505,40,2253,2773.6,2637.8
91008.545,40,2221.2,2710.6,2660.2
91008.585,40,2249.2,2777.6,2649.8
91008.625,40,2332,2868.2,2562.6
91008.665,40,2456.4,2914.2,2439.6
91008.705,40,2597.8,2801.2,2295.6
91008.745,40,2687.2,2581.4,2186
91008.785,40,2671.2,2384.4,2122.6
91008.825,40,2536.8,2255,2082
91008.865,40,2426.4,2188,2064.4
91008.905,40,2345,2149.6,2054
91008.945,40,2299.8,2127.8,2048.4
91008.985,40,2276.8,2117,2044
91009.025,40,2278.6,2117.2,2045.8
91009.065,40,2296.8,2120.8,2045
91009.105,40,2329.4,2131.6,2049.2
91009.145,40,2386,2157.6,2052.2
91009.185,40,2452.8,2197.4,2067.8
91009.225,40,2529.8,2264,2086.2
91009.265,40,2580,2352.8,2120.6
91009.305,40,2575,2480.4,2176.8
91009.345,40,2527,2630,2251.6
91009.385,40,2442,2755.2,2354.2
91009.425,40,2355.4,2819.8,2479.8
91009.465,40,2285.6,2806.2,2593.2
91009.505,40,2243.2,2758.4,2654.8
91009.545,40,2249.6,2746.4,2613.2
91009.585,40,2315.6,2821.4,2544.2
91009.625,40,2404.8,2819.6,2426
91009.665,40,2498,2728.6,2306.6
91009.705,40,2559.8,2570.6,2213.8
91009.745,40,2582.4,2426.4,2150.2
91009.785,40,2544.6,2319.8,2113.2
91009.825,40,2487,2242.2,2082.8
91009.865,40,2421,2187.4,2065.4
91009.905,40,2362.4,2153.2,2050.4
91009.945,40,2323.6,2130.8,2046.4
91009.985,40,2297.4,2113.4,2043.2
91010.025,40,2291.4,2111.4,2039.6
91010.065,40,2308,2115.8,2041.4
91010.105,40,2327.8,2126.4,2047.6
91010.145,40,2351.2,2146,2050.2
91010.185,40,2403.2,2180.6,2063.4
91010.225,40,2459.4,2222.8,2078.4
91010.265,40,2533.2,2295,2100.8
91010.305,40,2593.2,2405.2,2138.8
91010.345,40,2597.4,2573,2207.8
91010.385,40,2529.6,2757.2,2305.8
91010.425,40,2433.4,2912.2,2444.2
91010.465,40,2356.2,3017.4,2613.4
91010.505,40,2295.6,3001.4,2757.4
91010.545,40,2274.8,2950.6,2779.8
91010.585,40,2305.2,3010.6,2726.4
91010.625,40,2381.8,3033.2,2590.4
91010.665,40,2472.4,2938.8,2428.8
91010.705,40,2572.2,2776.2,2297.6
91010.745,40,2618.8,2583.4,2203
91010.785,40,2624.6,2418.4,2134.2
91010.825,40,2575.4,2301.6,2096.2
91010.865,40,2482.6,2219,2068.2
91010.905,40,2408.2,2164.4,2053.8
91010.945,40,2337.2,2126,2045
91010.985,40,2303.8,2111,2044.2
91011.025,40,2294.4,2106.8,2037
91011.065,40,2307.8,2113.4,2040.4
91011.105,40,2335,2125.4,2043.6
91011.145,40,2372.2,2137.6,2045.2
91011.185,40,2439.6,2171.8,2057.4
91011.225,40,2528,2225.2,2074.6
91011.265,40,2621.6,2316,2097.6
91011.305,40,2662.4,2452.8,2144.4
91011.345,40,2631.2,2635.4,2219.6
91011.385,40,2532.8,2827.8,2335
91011.425,40,2427.4,2968.2,2487.8
91011.465,40,2327.4,3006.6,2665.8
91011.505,40,2253.2,2942.8,2823.6
91011.545,40,2221.2,2883.8,2901.2
91011.585,40,2226.2,2896.6,2887.8
91011.625,40,2270,2973,2803.6
91011.665,40,2346,3023.6,2642.6
91011.705,40,2454.6,2990.6,2469.8
91011.745,40,2569.4,2844.6,2324
91011.785,40,2656.6,2650.6,2217.6
91011.825,40,2674.2,2464.2,2148.6
91011.865,40,2650.6,2326.2,2100.2
91011.905,40,2552,2230.4,2070.8
91011.945,40,2452,2171.6,2055.6
91011.985,40,2374.2,2136.2,2044.4
91012.025,40,2319.4,2114.4,2040.2
91012.065,40,2296.4,2106.6,2038.2
91012.105,40,2296.8,2113,2040.2
91012.145,40,2310.4,2119,2042
91012.185,40,2338.6,2132.2,2047.4
91012.225,40,2398.2,2157.8,2054
91012.265,40,2481.6,2202.4,2063.8
91012.305,40,2581.6,2272.6,2085.6
91012.345,40,2673.8,2389.4,2121.6
91012.385,40,2695.6,2561.6,2178.4
91012.425,40,2644.4,2777.2,2266
91012.465,40,2537.4,2981.4,2396.4
91012.505,40,2409.2,3040.6,2550
91012.545,40,2306.8,3006.4,2714.2
91012.585,40,2236.2,2907.8,2833.8
91012.625,40,2202.4,2820,2879.2
91012.665,40,2210,2812.2,2853.6
91012.705,40,2243,2854.2,2769.2
91012.745,40,2298,2889.6,2641.6
91012.785,40,2388.8,2897,2489.4
91012.825,40,2493.6,2824.8,2356.4
91012.865,40,2599,2691.2,2246
91012.905,40,2658,2539.8,2173.8
91012.945,40,2685.8,2404.4,2121.6
91012.985,40,2628.2,2296.4,2090.4
91013.025,40,2557.6,2228.8,2071.8
91013.065,40,2458.2,2172.6,2052.2
91013.105,40,2386.6,2141,2046.8
91013.145,40,2333,2125.2,2039.8
91013.185,40,2320,2117,2042.6
91013.225,40,2324,2124.4,2039.4
91013.265,40,2348.4,2131,2044.6
91013.305,40,2381.4,2147.6,2047.4
91013.345,40,2449.2,2174.6,2056
91013.385,40,2527.4,2222,2070.4
91013.425,40,2619.2,2306.4,2091.8
91013.465,40,2682.8,2423.8,2132.2
91013.505,40,2704.6,2601.6,2191.2
91013.545,40,2647.4,2816.6,2279.4
91013.585,40,2525.6,2984.2,2406.8
91013.625,40,2402.2,3025.2,2556.2
91013.665,40,2311.4,3006.8,2713.2
91013.705,40,2257.4,2944.2,2814.8
91013.745,40,2260.4,2941.6,2803
91013.785,40,2302.4,2971.6,2699.4
91013.825,40,2376.4,2950.4,2543.8
91013.865,40,2468.2,2888,2404.6
91013.905,40,2547.8,2762,2296.8
91013.945,40,2615.2,2618.4,2216.4
91013.985,40,2657.4,2495.8,2158.2
91014.025,40,2658.6,2393.8,2121
91014.065,40,2626.4,2317.2,2096.2
91014.105,40,2592.4,2267,2081.4
91014.145,40,2557.2,2229.6,2071.2
91014.185,40,2527,2212.8,2066.2
91014.225,40,2521.4,2210.8,2064.6
91014.265,40,2530.6,2214.6,2065.2
91014.305,40,2551,2226.4,2067.4
91014.345,40,2563.8,2239.2,2076.6
91014.385,40,2566,2251.6,2078.6
91014.425,40,2570,2260.8,2082.2
91014.465,40,2584.4,2277,2088
91014.505,40,2579.8,2286.2,2089.6
91014.545,40,2576.8,2291.4,2095.4
91014.585,40,2559.8,2287.6,2092.4
91014.625,40,2550.4,2279.6,2090
91014.665,40,2528.4,2258,2084
91014.705,40,2492.4,2226.6,2071.2
91014.745,40,2446.2,2191.8,2065.4
91014.785,40,2393.6,2163.4,2053.4
91014.825,40,2367.6,2143.4,2050.6
91014.865,40,2352.6,2138.2,2047
91014.905,40,2376.6,2146.8,2050.8
91014.945,40,2396.4,2158.4,2053.4
91014.985,40,2432,2179.8,2056.4
91015.025,40,2486.4,2211.4,2068.6
91015.065,40,2549.8,2260.4,2082
91015.105,40,2613,2341,2111.6
91015.145,40,2625.6,2450.8,2153.2
91015.185,40,2592.8,2579.8,2210.4
91015.225,40,2550.2,2660.8,2259.6
91015.265,40,2574.6,2536.8,2199.8
91015.305,40,2552.2,2368.2,2125.4
91015.345,40,2505,2253,2085.4
91015.385,40,2399.2,2170.6,2056
91015.425,40,2322.8,2131.6,2045
91015.465,40,2295.4,2115.4,2043.8
91015.505,40,2303.8,2114.8,2043.4
91015.545,40,2337.4,2129.8,2044.6
91015.585,40,2372.8,2147,2051.4
91015.625,40,2420.2,2169,2057.2
91015.665,40,2478,2204.8,2066.4
91015.705,40,2547.2,2264.6,2086.8
91015.745,40,2603,2357.4,2119.4
91015.785,40,2612.2,2482.2,2167.4
91015.825,40,2565,2617.6,2231
91015.865,40,2554.2,2640.4,2245.6
91015.905,40,2588.8,2496.2,2181.4
91015.945,40,2561.8,2347.6,2118.8
91015.985,40,2475.6,2236,2081.4
91016.025,40,2382.2,2169.4,2060
91016.065,40,2324.8,2136.2,2052.2
91016.105,40,2313.2,2130.4,2047.6
91016.145,40,2326.2,2138.2,2048.2
91016.185,40,2340,2144.4,2053.2
91016.225,40,2381.4,2160.6,2058.8
91016.265,40,2420,2183.8,2064.2
91016.305,40,2461.2,2219,2076
91016.345,40,2517.4,2266.6,2093
91016.385,40,2556.4,2343.2,2120.4
91016.425,40,2579,2448.2,2161.6
91016.465,40,2577.2,2575.2,2212.8
91016.505,40,2602.8,2587.8,2212
91016.545,40,2673.4,2451.6,2147.6
91016.585,40,2584.4,2295.2,2095.8
91016.625,40,2471.4,2200.6,2067.2
91016.665,40,2387.6,2151.6,2050
91016.705,40,2344.4,2132.2,2045
91016.745,40,2341.8,2130.2,2045.6
91016.785,40,2364.4,2137.4,2048.2
91016.825,40,2396.4,2148.6,2050.2
91016.865,40,2435,2172.8,2057.4
91016.905,40,2493.8,2202.8,2064.6
91016.945,40,2562.8,2257.2,2080
91016.985,40,2626.4,2341.4,2106.6
91017.025,40,2655.8,2467.2,2150.8
91017.065,40,2619.6,2611.2,2216.2
91017.105,40,2603,2636,2232.6
91017.145,40,2619.4,2478,2168.4
91017.185,40,2578.8,2331.6,2114
91017.225,40,2479,2226.2,2078
91017.265,40,2395.2,2166.4,2057.8
91017.305,40,2337.6,2141.4,2051.4
91017.345,40,2322.8,2130,2047.2
91017.385,40,2342.8,2136.6,2045.8
91017.425,40,2371,2144.2,2049.2
91017.465,40,2407.2,2162.2,2053.8
91017.505,40,2469.8,2189.6,2064.8
91017.545,40,2548,2246.8,2074
91017.585,40,2617,2327.6,2104.2
91017.625,40,2659.2,2459,2149
91017.665,40,2613.8,2603.8,2214.6
91017.705,40,2577.4,2631.2,2235.2
91017.745,40,2606.2,2488,2169.2
91017.785,40,2591.4,2342.8,2114
91017.825,40,2490.6,2231.8,2079.6
91017.865,40,2388,2166.4,2056
91017.905,40,2331,2138.6,2051.6
91017.945,40,2320,2132.8,2047
91017.985,40,2338.2,2138.2,2049.8
91018.025,40,2380.8,2152,2051
91018.065,40,2415.2,2177.8,2059.2
91018.105,40,2470,2212.6,2070.8
91018.145,40,2547.8,2265.6,2086
91018.185,40,2604,2349.2,2115.2
91018.225,40,2630.8,2475,2160
91018.265,40,2610.6,2608.4,2222
91018.305,40,2584,2587.4,2217.8
91018.345,40,2590.6,2437.8,2153.6
91018.385,40,2554.6,2310.6,2104
91018.425,40,2470.8,2214,2074
91018.465,40,2366.4,2158.2,2056.8
91018.505,40,2330.6,2135.4,2049.6
91018.545,40,2324.6,2132.2,2047.2
91018.585,40,2344.6,2135.8,2048
91018.625,40,2374.8,2149.4,2052.4
91018.665,40,2417.2,2169.4,2057.4
91018.705,40,2473.2,2193,2066.2
91018.745,40,2545.6,2246.6,2077.8
91018.785,40,2640.2,2325,2100.6
91018.825,40,2695.2,2459.2,2138.6
91018.865,40,2693,2632.2,2202.4
91018.905,40,2693.4,2712.6,2236.2
91018.945,40,2740,2571.2,2178.8
91018.985,40,2674.6,2378.2,2119.8
91019.025,40,2566,2245,2071.6
91019.065,40,2441.2,2170.2,2054.6
91019.105,40,2362.8,2136.2,2048.6
91019.145,40,2330.8,2124,2042.4
91019.185,40,2350.6,2127.8,2046.4
91019.225,40,2376.8,2143.2,2048.8
91019.265,40,2429,2162.6,2052
91019.305,40,2486.2,2191.2,2060
91019.345,40,2548.4,2243.4,2078.6
91019.385,40,2613.4,2318.6,2101
91019.425,40,2632.8,2434,2141.8
91019.465,40,2615.4,2563.6,2198.6
91019.505,40,2611.8,2638.6,2226.6
91019.545,40,2651.6,2520,2175.4
91019.585,40,2584.6,2354,2119.2
91019.625,40,2514,2249,2082.8
91019.665,40,2412,2179.2,2062.6
91019.705,40,2346,2150,2050.4
91019.745,40,2336,2144.8,2050.2
91019.785,40,2353.2,2148,2053.6
91019.825,40,2362.6,2160.6,2052.8
91019.865,40,2393,2171.2,2058.4
91019.905,40,2441,2193.2,2065.8
91019.945,40,2505.8,2226.4,2074.6
91019.985,40,2590,2295.4,2094.2
91020.025,40,2669.2,2401.2,2126.2
91020.065,40,2708.8,2560.2,2176
91020.105,40,2695.2,2680.8,2224
91020.145,40,2736.2,2625.6,2194.6
91020.185,40,2722.4,2471.6,2144.4
91020.225,40,2681.8,2351.4,2105.8
91020.265,40,2597.4,2262.8,2081.2
91020.305,40,2504.6,2198.2,2063.4
91020.345,40,2429.8,2167.8,2050.8
91020.385,40,2381,2144.6,2047.8
91020.425,40,2360.6,2140.2,2047.6
91020.465,40,2369.8,2140.4,2048.6
91020.505,40,2394.8,2150.4,2047.8
91020.545,40,2424.2,2162.2,2049.6
91020.585,40,2441.2,2172.6,2057.2
91020.625,40,2462.4,2182,2058.2
91020.665,40,2483.6,2198.2,2063.8
91020.705,40,2515.8,2221.2,2066
91020.745,40,2547.2,2247.6,2078.8
91020.785,40,2589,2289.6,2091.2
91020.825,40,2627.8,2357,2115.2
91020.865,40,2654.2,2457.2,2148.4
91020.905,40,2642.2,2582.4,2193
91021.006,101,2663.2,2674.4,2225.4
91021.046,40,2712.6,2579,2184.6
91021.086,40,2721,2454.2,2136.2
91021.126,40,2674.4,2338.6,2103
91021.166,40,2596.4,2253.2,2081.2
91021.206,40,2513.8,2201.6,2062.8
91021.246,40,2448.6,2170.8,2055.6
91021.286,40,2405.6,2149.4,2051.8
91021.326,40,2380.8,2143.8,2048.8
91021.366,40,2385.2,2143.6,2046.2
91021.406,40,2405.2,2155.8,2047.4
91021.446,40,2426.6,2165.6,2051.6
91021.486,40,2444.6,2178.2,2056
91021.526,40,2470.8,2189.2,2061.4
91021.566,40,2496.8,2214.6,2067.8
91021.606,40,2522.2,2240.8,2078.4
91021.646,40,2539.6,2278,2088.6
91021.686,40,2554.4,2329.6,2113.8
91021.726,40,2568,2403.2,2140.8
91021.766,40,2561.8,2480,2180.6
91021.806,40,2559.4,2561.8,2211
91021.846,40,2592.6,2606.6,2219
91021.886,40,2648,2567.6,2191.6
91021.926,40,2694.4,2478,2146.2
91021.966,40,2687,2371.8,2116.2
91022.006,40,2627.6,2281.6,2086.8
91022.046,40,2549.6,2225.4,2069
91022.086,40,2481.8,2185.6,2056.6
91022.126,40,2433,2160.2,2051.4
91022.166,40,2404.2,2147.2,2047.8
91022.206,40,2395,2146.4,2048
91022.246,40,2411.6,2157.2,2049.2
91022.286,40,2426.6,2164,2054.4
91022.326,40,2445.8,2177.6,2056.8
91022.366,40,2473.6,2198.8,2062.8
91022.406,40,2511.6,2222.2,2073.4
91022.446,40,2551.4,2257.6,2080.2
91022.486,40,2593.2,2304.8,2096.2
91022.526,40,2628.8,2375.6,2117.6
91022.566,40,2641.4,2462.8,2148.8
91022.606,40,2640,2564.4,2188.6
91022.646,40,2617.6,2650,2230
91022.686,40,2614.8,2659.4,2232.4
91022.726,40,2637,2573.8,2196
91022.766,40,2633.6,2452.8,2151
91022.806,40,2588.8,2341,2112.6
91022.846,40,2532.8,2262.6,2082.2
91022.886,40,2462.8,2202.4,2066
91022.926,40,2407.6,2173,2058.4
91022.966,40,2373,2151.2,2050.6
91023.006,40,2354,2143,2047.2
91023.046,40,2358.4,2140,2047.4
91023.086,40,2375.6,2151.6,2046.6
91023.126,40,2402,2156.6,2050.6
91023.166,40,2425,2171,2055.8
91023.206,40,2464,2195,2063.6
91023.246,40,2508.6,2226.4,2071.2
91023.286,40,2554.2,2276.8,2088.4
91023.326,40,2590.6,2345.2,2111.8
91023.366,40,2609.2,2434,2147.6
91023.406,40,2593.2,2521.4,2185
91023.446,40,2549.8,2607.2,2235
91023.486,40,2505,2674.2,2280.6
91023.526,40,2489.4,2679.2,2289.4
91023.566,40,2498.8,2613.6,2252.4
91023.606,40,2565.2,2564.4,2211.4
91023.646,40,2594.4,2468.8,2161.6
91023.686,40,2609.8,2386.4,2128
91023.726,40,2601.4,2303.2,2100.2
91023.766,40,2560.4,2249.6,2079.6
91023.806,40,2524.6,2209.4,2064.6
91023.846,40,2476,2176.6,2058.4
91023.886,40,2439.6,2161.6,2051.4
91023.926,40,2423.6,2156.6,2048.6
91023.966,40,2427,2160.8,2052.4
91024.006,40,2449.6,2170.2,2052.8
91024.046,40,2461.8,2183,2059.2
91024.086,40,2495,2201.4,2065.2
91024.126,40,2540,2238.2,2072.6
91024.166,40,2593,2282.8,2092.6
91024.206,40,2637,2351.6,2112
91024.246,40,2664.8,2447.2,2145.2
91024.286,40,2659.4,2572.4,2190.2
91024.326,40,2610.4,2684.4,2241.6
91024.366,40,2546.4,2776.2,2304.6
91024.406,40,2502.6,2767,2326.4
91024.446,40,2491.2,2711.8,2304.2
91024.486,40,2504.2,2630.8,2260
91024.526,40,2581.2,2552.8,2203
91024.566,40,2626.8,2455.2,2154.2
91024.606,40,2627.4,2355.4,2112.2
91024.646,40,2587.6,2274.8,2084.4
91024.686,40,2524.6,2215.8,2066.6
91024.726,40,2464.8,2178,2058.4
91024.766,40,2424.2,2153.2,2048.8
91024.806,40,2405.8,2149.6,2047
91024.846,40,2408.4,2154.4,2048.6
91024.886,40,2435.8,2162.2,2053.6
91024.926,40,2448.6,2169.8,2055.8
91024.966,40,2471.8,2192.4,2059.8
91025.006,40,2513.8,2209.6,2066.8
91025.046,40,2565.8,2251.2,2077.8
91025.086,40,2624.4,2307.2,2095.6
91025.126,40,2681.4,2387.8,2119
91025.166,40,2693,2491.4,2154.6
91025.206,40,2661.4,2606.2,2200.4
91025.246,40,2600.6,2711,2260.2
91025.286,40,2535.4,2769.2,2309
91025.326,40,2497.8,2752.6,2322
91025.366,40,2481.2,2674,2297.6
91025.406,40,2541.6,2633.4,2248.4
91025.446,40,2596.4,2543.4,2195.4
91025.486,40,2636.2,2450.6,2147.6
91025.526,40,2616.6,2347.2,2111.4
91025.566,40,2585.8,2268,2085.8
91025.606,40,2516.6,2219.2,2068.6
91025.646,40,2461,2182.4,2056.8
91025.686,40,2424.6,2162.6,2051.6
91025.726,40,2411.8,2152.6,2048.6
91025.766,40,2428.8,2161.2,2051.8
91025.806,40,2454,2169.8,2058.6
91025.846,40,2472,2182.4,2056.4
91025.886,40,2496.4,2198.8,2063
91025.926,40,2531.4,2228,2069
91025.966,40,2577.6,2268.2,2081.8
91026.006,40,2623.8,2329.2,2102.8
91026.046,40,2647.8,2404.6,2129.8
91026.086,40,2638.6,2501.8,2166
91026.126,40,2612,2605.6,2214.6
91026.166,40,2564,2695.2,2264.4
91026.206,40,2527.2,2755.6,2307.2
91026.246,40,2505.4,2743.8,2315.8
91026.286,40,2520.8,2683,2281.6
91026.326,40,2558.4,2600.4,2225.6
91026.366,40,2598.4,2495.2,2178.6
91026.406,40,2612,2397.4,2133
91026.446,40,2597,2310.2,2099.8
91026.486,40,2550.8,2247,2078
91026.526,40,2499.8,2204.8,2063.4
91026.566,40,2448.2,2169.2,2059
91026.606,40,2415.4,2156.8,2049.4
91026.646,40,2409.4,2154,2048.2
91026.686,40,2426.2,2158.2,2050.4
91026.726,40,2448,2169.2,2055.6
91026.766,40,2482.4,2184.6,2059.4
91026.806,40,2518.8,2209.8,2065.2
91026.846,40,2568.8,2245.6,2077.2
91026.886,40,2618.2,2298.8,2093.2
91026.926,40,2647,2369.6,2119
91026.966,40,2644.6,2457.8,2145.8
91027.006,40,2626.6,2553.4,2195.2
91027.046,40,2573.4,2645.6,2239.6
91027.086,40,2516.6,2717,2292.8
91027.126,40,2485.8,2735.8,2321
91027.166,40,2483.2,2691.4,2298.4
91027.206,40,2533.4,2637,2253.4
91027.246,40,2597,2552.4,2201
91027.286,40,2634.6,2445,2148.8
91027.326,40,2614.2,2350.2,2111.8
91027.366,40,2577.8,2280.2,2087.8
91027.406,40,2530.8,2229.4,2074.4
91027.446,40,2484.6,2192.8,2063.2
91027.486,40,2455.6,2172.4,2056.6
91027.526,40,2450.6,2169.4,2055.2
91027.566,40,2474.6,2181.2,2055.8
91027.606,40,2493.4,2196.2,2061.2
91027.646,40,2513.8,2205.2,2065.2
91027.686,40,2536.8,2225.4,2070.8
91027.726,40,2563,2254.8,2080.6
91027.766,40,2588,2292.8,2093.2
91027.806,40,2607.2,2343.4,2112
91027.846,40,2619.8,2409.4,2139.6
91027.886,40,2614,2488.8,2167.6
91027.926,40,2601.4,2576.8,2210
91027.966,40,2573,2665.8,2256.2
91028.006,40,2559,2719.6,2278.2
91028.046,40,2576.4,2709.4,2265.6
91028.086,40,2624.6,2654.2,2229
91028.126,40,2678.4,2574.2,2189.4
91028.166,40,2709.8,2480.2,2145.6
91028.206,40,2705.8,2397.4,2117.4
91028.246,40,2679.4,2333.2,2099.4
91028.286,40,2634.8,2283.6,2084.4
91028.326,40,2589.6,2246.6,2075.2
91028.366,40,2538.2,2220.2,2068.8
91028.406,40,2508,2203.2,2059.6
91028.446,40,2489.4,2194.6,2060.8
91028.486,40,2490.2,2202.2,2064.2
91028.526,40,2506.8,2211,2064.4
91028.566,40,2501.2,2219.2,2065.2
91028.606,40,2504.8,2219.6,2068.2
91028.646,40,2514.6,2225.8,2072.6
91028.686,40,2541.8,2232.6,2076.2
91028.726,40,2589.2,2256.6,2077.4
91028.766,40,2639.4,2283.2,2084
91028.806,40,2689.6,2340.4,2102.2
91028.846,40,2722.6,2412.2,2124.8
91028.886,40,2709.6,2528.4,2165.8
91028.926,40,2629.8,2645,2223.8
91028.966,40,2534.2,2732.8,2292.4
91029.006,40,2455.6,2757.6,2355.4
91029.046,40,2460.6,2736.6,2336.6
91029.086,40,2538.6,2694.2,2280.6
91029.126,40,2618.4,2601.4,2210.6
91029.166,40,2645.2,2459.6,2148
91029.206,40,2618,2331,2105.8
91029.246,40,2536.4,2234.4,2072.2
91029.286,40,2443.8,2173.6,2057
91029.326,40,2352.4,2129,2047.6
91029.366,40,2292.2,2104.6,2038
91029.406,40,2311.6,2113.2,2041.2
91029.446,40,2341.4,2119.2,2044.6
91029.486,40,2376.4,2135.8,2047.2
91029.526,40,2419,2158,2050.4
91029.566,40,2475.4,2184.4,2056.6
91029.606,40,2549.6,2228,2073.4
91029.646,40,2618.4,2290.6,2091
91029.686,40,2665.4,2386.4,2120.2
91029.726,40,2671.2,2511.4,2165
91029.766,40,2614.8,2653.8,2237.8
91029.806,40,2510,2766.6,2322.8
91029.846,40,2413,2828.4,2424
91029.886,40,2339.4,2835,2517.8
91029.926,40,2357.8,2870,2517.8
91029.966,40,2434.2,2929.8,2463.2
91030.006,40,2558.2,2908.6,2352.4
91030.046,40,2706.6,2721.8,2229.8
91030.086,40,2746.8,2473,2142
91030.126,40,2645.8,2298.8,2090.4
91030.166,40,2483,2190.2,2057.4
91030.206,40,2358,2131.6,2042.8
91030.246,40,2278.8,2103.2,2037.2
91030.286,40,2323,2119,2044.4
91030.326,40,2345.8,2131.8,2042.6
91030.366,40,2384,2144.8,2049.2
91030.406,40,2446.2,2174,2055
91030.446,40,2526.2,2207.4,2065.6
91030.486,40,2642,2281.8,2084
91030.526,40,2726.2,2387.4,2114
91030.566,40,2726.6,2544.4,2166.8
91030.606,40,2656.4,2732,2250
91030.646,40,2527,2870.4,2355.4
91030.686,40,2397.6,2903.4,2479.8
91030.726,40,2322.4,2857.6,2563.6
91030.766,40,2346,2870.8,2538
91030.806,40,2422.4,2902.2,2454.6
91030.846,40,2534,2859.4,2346
91030.886,40,2668.2,2679,2227.2
91030.926,40,2709.4,2470,2142
91030.966,40,2642.2,2307.8,2091.8
91031.006,40,2517.8,2204,2060.4
91031.046,40,2403.8,2147.4,2046
91031.086,40,2347.4,2122.8,2041.4
91031.126,40,2316.4,2117,2039.8
91031.166,40,2334.8,2125.2,2043
91031.206,40,2366.8,2142,2045.4
91031.246,40,2411.4,2159.2,2054.6
91031.286,40,2473.8,2192.8,2058.8
91031.326,40,2562.8,2242.6,2077.4
91031.366,40,2654.2,2323,2096.6
91031.406,40,2709,2448,2137.8
91031.446,40,2697.6,2630.8,2200.6
91031.486,40,2609.2,2826,2299.2
91031.526,40,2468,2950,2431.8
91031.566,40,2356.2,2945,2569.6
91031.606,40,2313.2,2898,2612.4
91031.646,40,2343.8,2905.4,2561
91031.686,40,2409.4,2918.4,2478.6
91031.726,40,2513.4,2875,2362.8
91031.766,40,2634.6,2717,2247.2
91031.806,40,2696,2509.2,2161.6
91031.846,40,2664.4,2342.2,2105.8
91031.886,40,2554.8,2238.6,2071.6
91031.926,40,2445.6,2171.6,2052.8
91031.966,40,2347.4,2127,2044.2
91032.006,40,2296.2,2110.4,2039.6
91032.046,40,2309,2114.4,2037.8
91032.086,40,2336,2122.8,2045.8
91032.126,40,2360.8,2132,2045
91032.228,102,2508.6,2194.2,2057.2
91032.268,40,2579.6,2238.8,2073
91032.308,40,2650.6,2316.2,2099.2
91032.348,40,2702.2,2429.6,2132.8
91032.388,40,2695.2,2584.6,2187.4
91032.428,40,2627.2,2762.6,2268.8
91032.468,40,2515.4,2901.2,2375
91032.508,40,2419.8,2968.2,2492.8
91032.548,40,2353.4,2972.6,2594
91032.588,40,2370.4,2970.6,2566.2
91032.628,40,2438.8,2975.6,2479.4
91032.668,40,2547.8,2913.2,2362.8
91032.708,40,2670.8,2726,2239
91032.748,40,2715.2,2503.2,2155.6
91032.788,40,2658.4,2337,2104.2
91032.828,40,2544.8,2227.6,2069.2
91032.868,40,2429.8,2165.4,2051.6
91032.908,40,2339.8,2127.8,2042.4
91032.948,40,2285,2107.4,2038.6
91032.988,40,2311.6,2114.6,2040
91033.028,40,2343.8,2123.2,2042.8
91033.068,40,2370,2134.2,2045.6
91033.108,40,2402.6,2151.6,2049.2
91033.148,40,2447,2164.8,2055.4
91033.188,40,2504.4,2197,2061.6
91033.228,40,2576.8,2243.2,2076
91033.268,40,2653.8,2326.6,2098.4
91033.308,40,2707,2443.6,2134.4
91033.348,40,2685.4,2611,2199.4
91033.388,40,2591.8,2774.6,2286.2
91033.428,40,2469.4,2882.4,2403.4
91033.468,40,2366.8,2897.4,2526.2
91033.508,40,2305.8,2859.6,2590.4
91033.548,40,2340.6,2876.6,2551
91033.588,40,2403,2885.2,2469.2
91033.628,40,2508.2,2807.4,2339.4
91033.668,40,2608,2631,2227
91033.708,40,2635.8,2444.6,2144.4
91033.748,40,2581.4,2300.8,2097.6
91033.788,40,2481.8,2210.6,2068.8
91033.828,40,2385.8,2151.6,2050.6
91033.868,40,2312.6,2119.2,2042.4
91033.908,40,2286.2,2111.2,2038.4
91033.948,40,2315.8,2122.6,2044
91033.988,40,2343.8,2131,2042.4
91034.028,40,2383,2145.2,2045
91034.068,40,2429,2160.4,2049.8
91034.108,40,2501,2189.8,2061.2
91034.148,40,2577.8,2237.2,2071.6
91034.188,40,2640.2,2296.8,2090.4
91034.228,40,2675.8,2391.2,2123
91034.268,40,2651.8,2516,2168.8
91034.308,40,2583.2,2641.4,2236.8
91034.348,40,2478.2,2736.2,2322
91034.388,40,2390,2798.4,2429.4
91034.428,40,2323.2,2818.4,2528.8
91034.468,40,2307,2838.4,2578.8
91034.508,40,2359.2,2951.6,2569.6
91034.548,40,2447.2,3036.8,2506.8
91034.588,40,2566.8,2936.6,2369.2
91034.628,40,2698,2746,2245
91034.668,40,2712.8,2516.2,2157.6
91034.708,40,2616.4,2345.8,2112.4
91034.748,40,2504.4,2248,2084
91034.788,40,2408,2187.6,2068.4
91034.828,40,2343,2151.2,2055.6
91034.868,40,2303.4,2128,2047.8
91034.908,40,2275.4,2113,2042.6
91034.948,40,2285,2113.2,2043.2
91034.988,40,2308.2,2118.8,2040.2
91035.028,40,2328.6,2119.6,2041.4
91035.068,40,2367.8,2131.4,2045.2
91035.108,40,2406.2,2146.2,2048
91035.148,40,2456,2166.8,2053.4
91035.188,40,2505.4,2204.8,2064
91035.228,40,2570.4,2265.4,2080.4
91035.268,40,2621,2350.2,2110.2
91035.308,40,2647.6,2477,2155.2
91035.348,40,2606.4,2637.2,2228.6
91035.388,40,2507.6,2793.8,2331.4
91035.428,40,2410,2878.4,2456.2
91035.468,40,2324.4,2876.4,2568.6
91035.508,40,2323.8,2885.4,2585.4
91035.548,40,2380.4,2953,2534.2
91035.588,40,2481.6,2982.2,2440
91035.628,40,2619.8,2864.8,2309.6
91035.668,40,2731.4,2648.6,2201.4
91035.708,40,2728.6,2444.8,2130
91035.748,40,2652.8,2296.2,2088.8
91035.788,40,2510,2207.2,2062.8
91035.828,40,2408.4,2152.4,2049.6
91035.868,40,2335.4,2120.8,2042.8
91035.908,40,2290.6,2104.4,2040.4
91035.948,40,2299,2108.8,2036.6
91035.988,40,2320.4,2115.4,2039
91036.028,40,2336,2122.6,2041
91036.068,40,2359.8,2132,2043.4
91036.108,40,2386.8,2143,2044.8
91036.148,40,2426,2154.6,2050.2
91036.188,40,2474.2,2177,2058.4
91036.228,40,2531,2210.2,2065
91036.268,40,2592.4,2259.8,2077.2
91036.308,40,2655.6,2319.2,2097
91036.348,40,2705.8,2411.2,2127.8
91036.388,40,2726.4,2544,2171.4
91036.428,40,2675.6,2706.2,2237.4
91036.468,40,2586.8,2866,2324.4
91036.508,40,2492,2952.6,2417.8
91036.548,40,2416.2,2943,2487
91036.588,40,2397.8,2853.6,2443.6
91036.628,40,2436.4,2800.8,2392
91036.668,40,2461,2726.2,2329.8
91036.708,40,2526,2664.2,2263
91036.748,40,2581.6,2559.6,2199.2
91036.788,40,2608,2462.2,2153
91036.828,40,2616.2,2377,2122
91036.868,40,2605.8,2314.2,2102.4
91036.908,40,2586.6,2265.2,2086.2
91036.948,40,2550.6,2227.8,2073.6
91036.988,40,2529.4,2200.8,2058.2
91037.028,40,2493.4,2189.8,2063.2
91037.068,40,2481.8,2184.4,2056.2
91037.108,40,2471.4,2181.8,2054.6
91037.148,40,2460.8,2181.6,2059.4
91037.188,40,2467.8,2185.6,2057.6
91037.228,40,2461,2191.2,2065
91037.269,41,2449.4,2191.2,2062.4
91037.309,40,2438.2,2198.8,2065.6
91037.349,40,2438,2197.6,2065.2
91037.389,40,2441.4,2202.8,2071.6
91037.429,40,2447.8,2206.2,2072.2
91037.469,40,2459,2210.8,2069.4
91037.509,40,2470.8,2213.8,2070.2
91037.549,40,2487,2217.6,2070
91037.589,40,2511.2,2223.2,2071.8
