113269.057,40,2118.4,2448.2,2826.4
113269.097,40,2116.8,2450.4,2829.6
113269.137,40,2118.4,2452.4,2827.2
113269.177,40,2118.4,2449.2,2825.6
113269.217,40,2116,2451.4,2829.4
113269.257,40,2120,2451.8,2833.4
113269.297,40,2118.8,2448.2,2831.8
113269.337,40,2123.4,2452.2,2831.2
113269.377,40,2119.2,2452.8,2831.2
113269.417,40,2120.8,2451.2,2834.2
113269.457,40,2117.8,2451.4,2836.4
113269.497,40,2114.2,2449.2,2833.6
113269.537,40,2123.2,2452.6,2843.8
113269.577,40,2121.4,2456.6,2849.2
113269.617,40,2118.4,2463.2,2866.8
113269.657,40,2121.2,2475.2,2878
113269.697,40,2121.2,2488.2,2902.4
113269.737,40,2129.4,2515.2,2924.4
113269.777,40,2144.8,2549.4,2943.6
113269.817,40,2150.2,2586.2,2951.6
113269.857,40,2166.8,2630.2,2949.2
113269.897,40,2187.8,2678.6,2934.6
113269.937,40,2209.2,2731.6,2904.8
113269.977,40,2232.4,2772.4,2853.4
113270.017,40,2259.6,2807.8,2802.6
113270.057,40,2279.2,2824.4,2746.8
113270.097,40,2300.6,2825.6,2698.2
113270.137,40,2308.4,2824.4,2668.4
113270.177,40,2317,2817,2641.4
113270.217,40,2324.4,2814.4,2630.6
113270.257,40,2337.4,2831.2,2618
113270.297,40,2366,2866.4,2602.2
113270.337,40,2401.8,2909.8,2581.6
113270.377,40,2449,2958.2,2553.8
113270.417,40,2499.8,2999.6,2517.4
113270.457,40,2556.4,3008.6,2471.6
113270.497,40,2611.2,2999,2430.6
113270.537,40,2656.4,2946.4,2384
113270.577,40,2707,2921,2351.8
113270.617,40,2750,2881.2,2313.4
113270.657,40,2785,2842.4,2295.6
113270.697,40,2807.8,2826.8,2277.4
113270.737,40,2815.8,2814.6,2271.6
113270.777,40,2814.8,2819.6,2277.4
113270.817,40,2803.4,2834.6,2282
113270.857,40,2787.6,2849.8,2291.4
113270.897,40,2776.6,2860.6,2307.6
113270.937,40,2755,2860.8,2312.4
113270.977,40,2730,2860,2313.4
113271.017,40,2708.2,2852,2321.8
113271.057,40,2679.8,2841.2,2323.4
113271.097,40,2658.2,2825.2,2329.8
113271.137,40,2632.6,2821.6,2334.6
113271.177,40,2620,2819.8,2343.2
113271.217,40,2608.4,2818.4,2349
113271.257,40,2606,2834,2353.4
113271.297,40,2603,2848.2,2363.4
113271.337,40,2604,2872.8,2377.8
113271.377,40,2606.4,2903.2,2389
113271.417,40,2606.4,2927,2401.4
113271.457,40,2607.6,2949.4,2411.2
113271.497,40,2604.2,2962.8,2419.2
113271.537,40,2602.4,2973.4,2428.2
113271.577,40,2590.6,2977.4,2437.6
113271.617,40,2580.6,2978.6,2445.4
113271.657,40,2566.4,2975.8,2451.6
113271.697,40,2544.2,2954.4,2455.8
113271.737,40,2523.8,2925.4,2456.2
113271.777,40,2502,2888.8,2455.6
113271.817,40,2480.8,2865.2,2460.6
113271.857,40,2461.4,2844.6,2462.2
113271.897,40,2452.2,2847.2,2469.8
113271.937,40,2449.8,2851.6,2475
113271.977,40,2451.8,2865.6,2484.8
113272.017,40,2455.2,2871.8,2485.4
113272.057,40,2469.6,2875.6,2471
113272.097,40,2502.6,2877.8,2446.4
113272.137,40,2541.4,2865.8,2408.8
113272.177,40,2594.4,2836.8,2364.6
113272.217,40,2655,2801.8,2321.6
113272.257,40,2713.4,2756,2277.4
113272.297,40,2766.4,2701.2,2241.2
113272.337,40,2800,2647.4,2214.8
113272.377,40,2824.2,2599.4,2190.8
113272.417,40,2840.8,2569,2176
113272.457,40,2852.4,2545.8,2172.2
113272.497,40,2854,2539.8,2163.4
113272.537,40,2855.2,2541.6,2167.8
113272.577,40,2858.4,2556.8,2173.8
113272.617,40,2854.2,2578.6,2180.8
113272.657,40,2853.8,2588.4,2182.6
113272.697,40,2858.8,2598,2190
113272.737,40,2851.8,2609,2191
113272.777,40,2845.8,2617.2,2194.6
113272.817,40,2843.8,2625.6,2197.6
113272.857,40,2835.4,2636.2,2206.2
113272.897,40,2832,2645.4,2210.4
113272.937,40,2831.6,2652.8,2210.4
113272.977,40,2833.2,2657.8,2213.4
113273.017,40,2828.8,2663,2217
113273.057,40,2829.6,2666,2215.8
113273.097,40,2833.6,2662.2,2215.4
113273.137,40,2831.6,2662,2214.4
113273.177,40,2834.8,2660.2,2212.4
113273.217,40,2834,2663.2,2212.8
113273.257,40,2833,2660.8,2215.8
113273.297,40,2828.8,2659,2217.6
113273.337,40,2822.8,2657.6,2210.2
113273.377,40,2812.8,2656.8,2211.8
113273.417,40,2800.6,2651.2,2217
113273.457,40,2787,2646.2,2217
113273.497,40,2777.4,2650.6,2222
113273.537,40,2774.8,2656.8,2225.8
113273.577,40,2770.2,2663.8,2229.2
113273.617,40,2766,2668.6,2227.2
113273.657,40,2765.6,2667.6,2234
113273.697,40,2761.4,2670.4,2235.6
113273.737,40,2761.4,2673.6,2235.4
113273.777,40,2760,2670.8,2235
113273.817,40,2761.6,2670.4,2235.4
113273.857,40,2753,2670,2234.8
113273.897,40,2752.6,2668.4,2233.2
113273.937,40,2754,2667,2237.6
113273.977,40,2750.8,2673.2,2235.6
113274.017,40,2751.4,2672,2240
113274.057,40,2751,2680.2,2240.2
113274.097,40,2748.4,2681.8,2238.8
113274.137,40,2750.6,2685,2241.2
113274.177,40,2751.6,2692,2244.4
113274.217,40,2753.8,2704.4,2248.4
113274.257,40,2760.6,2720.6,2254
113274.297,40,2767.2,2738.6,2263.6
113274.337,40,2767.8,2762.4,2265.4
113274.441,104,2764.6,2802.4,2284.2
113274.481,40,2757.4,2814.2,2293.6
113274.521,40,2744.2,2824.6,2295.6
113274.561,40,2726.6,2827.4,2304.8
113274.601,40,2707.4,2826,2308.8
113274.641,40,2685,2818.4,2321.2
113274.681,40,2658,2808.6,2324
113274.721,40,2638.6,2799.8,2331
113274.761,40,2616.4,2801.8,2336.6
113274.801,40,2604.4,2804.4,2345.6
113274.841,40,2598.6,2815.8,2347.2
113274.881,40,2592,2822.4,2358.2
113274.921,40,2592.6,2829,2364.8
113274.961,40,2586.2,2837,2370.6
113275.001,40,2585.6,2848,2380
113275.041,40,2585.6,2849,2378.6
113275.081,40,2590.8,2831.2,2368.2
113275.121,40,2617,2808,2340.2
113275.161,40,2645.2,2753.2,2301.6
113275.201,40,2693,2694.8,2260
113275.241,40,2749.8,2647.4,2225
113275.281,40,2798.4,2599.2,2200.2
113275.321,40,2828.2,2555.6,2175.4
113275.361,40,2855.8,2543,2165
113275.401,40,2884.6,2556.2,2168
113275.441,40,2886.2,2590.6,2177.8
113275.481,40,2864.8,2623.8,2194.8
113275.521,40,2791.6,2662.2,2225.4
113275.561,40,2708.4,2725.2,2270
113275.601,40,2614.6,2788.6,2336
113275.641,40,2512.2,2854,2420.8
113275.681,40,2411.2,2862.2,2529.8
113275.721,40,2316,2801.2,2631.4
113275.761,40,2252.6,2717,2700.2
113275.801,40,2240.6,2682.4,2676.4
113275.841,40,2305.2,2776.8,2628.2
113275.881,40,2417.2,2851.2,2512.6
113275.921,40,2539.6,2842.8,2398.4
113275.961,40,2667.4,2770.2,2299.8
113276.001,40,2753,2666.6,2233
113276.041,40,2799.4,2574.8,2189.8
113276.081,40,2821.4,2513.8,2162.6
113276.121,40,2833.2,2486.6,2149.6
113276.161,40,2829,2503.4,2157
113276.201,40,2820.6,2530.6,2167.8
113276.241,40,2794,2588.6,2192.6
113276.281,40,2745.6,2666.6,2240.4
113276.321,40,2659.2,2761,2301.2
113276.361,40,2536.6,2840.8,2400.8
113276.401,40,2404,2848.2,2528.2
113276.441,40,2296,2781.8,2655.8
113276.481,40,2214.6,2675.2,2757.4
113276.521,40,2166.2,2572.4,2810.4
113276.561,40,2190.8,2594,2733.2
113276.601,40,2278.6,2755,2682.4
113276.641,40,2422.4,2860,2519
113276.681,40,2601.8,2843.4,2367
113276.721,40,2748.6,2709.6,2250.8
113276.761,40,2813.2,2568.8,2181.6
113276.801,40,2826,2476.8,2148
113276.841,40,2746.8,2453.6,2147.2
113276.881,40,2796.8,2547.4,2178.4
113276.921,40,2805.2,2690.8,2236
113276.961,40,2662.8,2877.2,2352.8
113277.001,40,2450,2908.2,2519.6
113277.041,40,2267.6,2741.2,2677
113277.081,40,2183.4,2585.2,2745
113277.121,40,2204.4,2618.8,2727
113277.161,40,2268.2,2717.8,2659.4
113277.201,40,2376.8,2807.4,2535
113277.241,40,2522.2,2810.8,2391.2
113277.281,40,2669,2730.6,2284.8
113277.321,40,2750.4,2622.8,2214
113277.361,40,2753.4,2539.4,2178.2
113277.401,40,2751.2,2569.2,2195.4
113277.441,40,2738.4,2705.4,2255.2
113277.481,40,2652.4,2851.4,2347.4
113277.521,40,2482,2977.6,2524
113277.561,40,2310,2880.8,2731.4
113277.601,40,2185,2610.4,2784.4
113277.641,40,2153.2,2519,2754.8
113277.681,40,2217.2,2683.6,2792.2
113277.721,40,2320.8,2790.2,2618.6
113277.761,40,2431.4,2807.6,2465.4
113277.801,40,2591.4,2772.6,2340.6
113277.841,40,2715.2,2680,2250.8
113277.881,40,2735.6,2582.6,2200.8
113277.921,40,2745.6,2557.4,2191.6
113277.961,40,2760.2,2633,2220.8
113278.001,40,2729.8,2744.4,2276.2
113278.041,40,2654.4,2928,2378.8
113278.081,40,2486,3035,2559.4
113278.121,40,2310.6,2947,2811
113278.161,40,2193.6,2704.2,2961.6
113278.201,40,2140.4,2491.8,2783
113278.241,40,2176.2,2624.2,2840
113278.281,40,2292.2,2887.8,2797
113278.321,40,2481.6,3033.6,2565.2
113278.361,40,2723.8,2945.4,2359
113278.401,40,2835.4,2683.8,2224
113278.441,40,2808.8,2518.4,2164.8
113278.481,40,2779.2,2450.2,2144.8
113278.521,40,2825.8,2504.8,2156.8
113278.561,40,2837.4,2632.2,2203
113278.601,40,2783.8,2807.2,2280.4
113278.641,40,2640.4,3001.8,2422.8
113278.681,40,2428,3032,2633.2
113278.721,40,2261,2854.2,2859
113278.761,40,2161.2,2593,2882.2
113278.801,40,2148.4,2517.6,2795
113278.841,40,2216,2731,2870
113278.881,40,2341.8,2924.6,2706.8
113278.921,40,2537.8,3006.4,2499
113278.961,40,2759.4,2900.2,2327
113279.001,40,2890.2,2695.4,2215.6
113279.041,40,2860.4,2515.8,2154
113279.081,40,2777.6,2430,2135.4
113279.121,40,2780.4,2439.2,2138.8
113279.161,40,2854.6,2542.6,2166.8
113279.201,40,2855.6,2700.8,2225.4
113279.241,40,2734,2909,2333.6
113279.281,40,2531.2,3017.8,2502.8
113279.321,40,2330.4,2922.8,2729.8
113279.361,40,2197.2,2672.6,2838
113279.401,40,2135,2490.6,2799.6
113279.441,40,2169.6,2611.8,2886.2
113279.481,40,2255,2789.4,2787.8
113279.521,40,2376.2,2878.8,2599.2
113279.561,40,2515.6,2848.4,2422.6
113279.601,40,2687,2777,2299.2
113279.641,40,2826.4,2656.4,2214
113279.681,40,2864.6,2535.8,2165.4
113279.721,40,2793.4,2463.8,2148.6
113279.761,40,2838.8,2509,2158.2
113279.801,40,2839.6,2609,2193.4
113279.841,40,2750.2,2735.8,2263.6
113279.881,40,2614.4,2900.2,2385.4
113279.921,40,2435,2979.4,2587
113279.961,40,2266,2833.2,2807.2
113280.001,40,2160.6,2580.2,2859.6
113280.041,40,2140.6,2502.2,2804.8
113280.081,40,2201,2683,2878.2
113280.121,40,2302.6,2842.6,2716.8
113280.161,40,2455.2,2910.6,2515.8
113280.201,40,2615.6,2845.6,2361.8
113280.241,40,2719.2,2688.2,2253.6
113280.281,40,2815,2581.6,2190
113280.321,40,2804.6,2499.4,2161
113280.361,40,2795.4,2504.4,2163.8
113280.401,40,2836.4,2590.8,2190.4
113280.441,40,2827.2,2732.2,2245.8
113280.481,40,2697.2,2905,2350.2
113280.521,40,2512.2,3007.8,2519
113280.561,40,2325.8,2933.4,2758.6
113280.601,40,2194,2696.6,2907.4
113280.641,40,2118.8,2464.4,2857
113280.681,40,2125.4,2453.4,2794
113280.721,40,2183.4,2654,2901.8
113280.761,40,2281,2856,2793.4
113280.801,40,2453.4,3013.4,2594.4
113280.841,40,2674.6,2975.4,2385.8
113280.881,40,2863.4,2787.4,2255.4
113280.921,40,2941.2,2599.8,2172.4
113280.961,40,2894.6,2472.2,2141.8
113281.001,40,2789.2,2433.8,2136
113281.041,40,2791.8,2487.2,2152.8
113281.081,40,2860.4,2598,2189.8
113281.121,40,2818.4,2780.8,2266
113281.161,40,2658.2,2972.6,2397.8
113281.201,40,2436.4,3007.4,2609.6
113281.241,40,2259.8,2829,2826.2
113281.281,40,2153.8,2570.2,2870.2
113281.321,40,2114,2420.2,2771.4
113281.361,40,2143,2543,2901.8
113281.401,40,2221,2745.8,2870
113281.441,40,2340,2895.8,2679.4
113281.481,40,2503.4,2924.6,2478.6
113281.521,40,2648.2,2805.6,2327.2
113281.561,40,2726,2638.6,2231
113281.601,40,2815.6,2536.2,2172.8
113281.641,40,2833.6,2464,2144.2
113281.681,40,2764.2,2447,2145.8
113281.721,40,2837.2,2512.4,2162.4
113281.761,40,2848,2592.8,2191.4
113281.801,40,2764.4,2726,2257.2
113281.841,40,2636.6,2873.4,2365.4
113281.881,40,2461.2,2965.8,2542
113281.921,40,2293.6,2869.2,2769
113281.961,40,2174.2,2626.8,2893.8
113282.001,40,2111.6,2408,2762
113282.041,40,2125,2471.6,2846.6
113282.081,40,2185.2,2651.8,2863.6
113282.121,40,2279,2796.8,2718.8
113282.161,40,2393,2824.8,2524.8
113282.201,40,2566,2825.2,2378.6
113282.241,40,2718,2722.4,2264.8
113282.281,40,2811.4,2600.2,2195.2
113282.321,40,2783.6,2499.2,2158.2
113282.361,40,2785.6,2482.2,2152
113282.401,40,2829,2538.4,2170.6
113282.441,40,2811.6,2605.6,2202.4
113282.481,40,2756.2,2717.4,2255.8
113282.521,40,2666.8,2848,2343.8
113282.561,40,2523.8,2973,2483.8
113282.601,40,2358.4,2944,2686
113282.641,40,2221.2,2770.4,2896.8
113282.681,40,2139.8,2522.2,2874.2
113282.721,40,2115.6,2428.8,2775.8
113282.761,40,2163,2619.8,2936
113282.801,40,2259.8,2842,2849
113282.841,40,2423.2,3012.6,2637.2
113282.881,40,2645,3023,2425.4
113282.921,40,2834.4,2823.2,2272
113282.961,40,2933.8,2632.4,2187.6
113283.001,40,2908.8,2477.4,2138.4
113283.041,40,2805.8,2412.8,2122.6
113283.081,40,2773.2,2430.6,2133.4
113283.121,40,2886.4,2514.6,2154.4
113283.161,40,2907,2658,2201.4
113283.201,40,2816.6,2846.2,2285.4
113283.241,40,2623.4,3007.6,2434.6
113283.281,40,2412.8,3022.6,2657
113283.321,40,2242.2,2821.2,2887.8
113283.361,40,2140.6,2548.8,2907.2
113283.401,40,2116.4,2434,2780
113283.441,40,2162.4,2605.2,2936
113283.481,40,2256.8,2825.6,2861.8
113283.521,40,2404,3018.6,2664.2
113283.561,40,2612.6,2998,2436.8
113283.601,40,2807.4,2832,2281
113283.641,40,2905.4,2635.8,2194
113283.681,40,2892.2,2488.2,2142.8
113283.721,40,2818.6,2406,2119.8
113283.761,40,2757.6,2392.8,2118.2
113283.801,40,2828.8,2447.8,2141
113283.841,40,2875.8,2571.2,2174.8
113283.881,40,2814,2731.4,2250.8
113283.921,40,2642,2880.4,2362.4
113283.961,40,2441.8,2938.6,2545.4
113284.001,40,2273.2,2812.4,2758.8
113284.041,40,2161.2,2585.4,2856.2
113284.081,40,2113.8,2427.8,2793.2
113284.121,40,2139,2522.8,2870.6
113284.161,40,2206,2684.2,2839.4
113284.201,40,2303.6,2789.8,2656.2
113284.241,40,2450.8,2861.2,2485.6
113284.281,40,2642.8,2822.6,2339
113284.321,40,2774.4,2674.2,2229.8
113284.361,40,2837,2526.8,2162.6
113284.401,40,2788.6,2411.8,2131.6
113284.441,40,2750.6,2370.6,2116.4
113284.481,40,2796.8,2408.2,2124.4
113284.521,40,2846.6,2465.6,2143.4
113284.561,40,2839,2569.4,2179.8
113284.601,40,2800.8,2715,2243.8
113284.641,40,2682.4,2881.8,2347.2
113284.681,40,2508.4,2984.6,2504.2
113284.721,40,2342,2957.4,2741.4
113284.761,40,2211,2744.2,2930.6
113284.801,40,2133.8,2519.4,2933.4
113284.841,40,2111.4,2409.8,2772.4
113284.881,40,2148.8,2568.6,2923.4
113284.921,40,2233,2767.4,2848.8
113284.961,40,2373.4,2949,2670.2
113285.001,40,2560.2,2956.4,2449.6
113285.041,40,2721.6,2788.8,2292.2
113285.081,40,2808.6,2615.4,2201.8
113285.121,40,2795.2,2466.4,2148.8
113285.161,40,2775,2397.2,2123
113285.201,40,2768.8,2409.2,2128.4
113285.241,40,2845.4,2493,2154
113285.281,40,2846.4,2609.8,2194.6
113285.321,40,2781.4,2778.4,2270.6
113285.361,40,2638.8,2968.8,2405
113285.401,40,2441.2,3026.6,2611
113285.441,40,2265.6,2869.6,2858.8
113285.481,40,2157.6,2590.4,2908.2
113285.521,40,2120,2440.2,2795
113285.561,40,2155.6,2590.2,2924.8
113285.665,104,2457,2924.8,2525.6
113285.705,40,2577.8,2808,2363.6
113285.745,40,2735.4,2718.4,2260.4
113285.785,40,2865.6,2597.8,2188.4
113285.825,40,2846,2481.8,2145.6
113285.865,40,2782.2,2434.8,2135
113285.905,40,2832.2,2479.4,2147.4
113285.945,40,2868.4,2578.8,2180.8
113285.985,40,2790.6,2705.2,2244.8
113286.025,40,2669,2847.4,2340.2
113286.065,40,2497.8,2962.6,2499.8
113286.105,40,2321.8,2909.6,2738.6
113286.145,40,2193.2,2691.6,2900.6
113286.185,40,2123.6,2453.4,2816.8
113286.225,40,2116.2,2440.2,2807.4
113286.265,40,2165.4,2612.2,2906.8
113286.305,40,2245.2,2771.2,2791.4
113286.345,40,2361,2855.6,2608
113286.385,40,2503.4,2851,2435
113286.425,40,2683.8,2787.8,2305.6
113286.465,40,2803,2649.4,2218.8
113286.505,40,2798.8,2504.6,2161
113286.545,40,2787.4,2421.8,2132.2
113286.585,40,2778,2402.6,2127.6
113286.625,40,2815.6,2450,2140.8
113286.665,40,2865.2,2528.4,2161.4
113286.705,40,2857.2,2653.2,2212
113286.745,40,2753.8,2793.8,2282.4
113286.785,40,2599.8,2950,2420.6
113286.825,40,2417.8,3013.2,2634
113286.865,40,2256.6,2843.2,2868.6
113286.905,40,2160,2603,2945.8
113286.945,40,2117.6,2426.4,2789.6
113286.985,40,2142,2547.8,2922.8
113287.025,40,2222.2,2759.4,2893.2
113287.065,40,2343,2931.4,2719.4
113287.105,40,2532.6,3009,2498.8
113287.145,40,2734.8,2892.4,2327
113287.185,40,2882.8,2711.8,2221
113287.225,40,2917.8,2545.6,2165
113287.265,40,2851.8,2441,2135.6
113287.305,40,2777.6,2401,2127.2
113287.345,40,2836.4,2436.2,2134.4
113287.385,40,2885.4,2515.2,2157.8
113287.425,40,2864.8,2619.2,2196.6
113287.465,40,2806.4,2782.2,2267.2
113287.505,40,2671.2,2937.4,2379.8
113287.545,40,2479.2,3022.2,2558
113287.585,40,2312.4,2914.2,2771.8
113287.625,40,2197.8,2703.8,2912.8
113287.665,40,2131,2502.8,2887
113287.705,40,2109.6,2413.2,2791.4
113287.745,40,2125.6,2483.2,2866.6
113287.785,40,2162.4,2598.8,2902.2
113287.825,40,2207.8,2699.4,2843.6
113287.865,40,2268,2811.6,2772.4
113287.905,40,2337,2875.6,2671.6
113287.945,40,2408.4,2899.4,2569.4
113287.985,40,2480.6,2904.2,2484.8
113288.025,40,2547.8,2907.4,2427.4
113288.065,40,2595.8,2892.4,2390.8
113288.105,40,2620.2,2889,2378.2
113288.145,40,2614.4,2902.4,2385.4
113288.185,40,2576.8,2923.8,2418
113288.225,40,2544.8,2951.2,2456.2
113288.265,40,2499.4,2971.4,2505.2
113288.305,40,2452.4,2994.2,2578
113288.345,40,2389.4,2963,2649.2
113288.385,40,2321.2,2906.8,2736.2
113288.425,40,2254.8,2825.2,2819.8
113288.465,40,2208,2719.8,2868.8
113288.505,40,2174.6,2633.6,2880.6
113288.545,40,2165.2,2604.8,2880.2
113288.585,40,2184,2637.4,2847.4
113288.625,40,2217.4,2706.8,2805.4
113288.665,40,2274.6,2799.8,2751.2
113288.705,40,2342.6,2879.2,2666.4
113288.745,40,2424,2933.8,2575.4
113288.785,40,2501.4,2938.2,2489
113288.825,40,2580.6,2957.8,2429.6
113288.865,40,2649.2,2927,2381
113288.905,40,2699,2938.8,2359.6
113288.945,40,2708,2936,2357.2
113288.985,40,2676.2,2950.2,2379.4
113289.025,40,2641.4,2975.8,2401
113289.065,40,2599.6,2995.8,2443.2
113289.105,40,2538.2,3018.4,2497.8
113289.145,40,2472.8,3028.4,2571
113289.185,40,2397.6,2998.8,2657.8
113289.225,40,2324.4,2929.4,2753.4
113289.265,40,2259.6,2843.4,2838.2
113289.305,40,2216.4,2754.8,2894.6
113289.345,40,2196.4,2695.6,2909.4
113289.385,40,2195.6,2695.8,2883.2
113289.425,40,2225.2,2732.2,2843.4
113289.465,40,2256.6,2797,2791.2
113289.505,40,2315.2,2868.2,2722.6
113289.545,40,2378.4,2919.6,2624.6
113289.585,40,2458.2,2933.6,2533.8
113289.625,40,2543,2959.8,2461.4
113289.665,40,2610,2923.4,2398.8
113289.705,40,2674,2910.4,2362.4
113289.745,40,2717,2908.8,2342.6
113289.785,40,2713.6,2927.2,2350.2
113289.825,40,2690.8,2945.2,2368.8
113289.865,40,2668,2966.4,2392
113289.905,40,2625.8,2990.6,2422.6
113289.945,40,2575.6,3001.6,2462.6
113289.985,40,2517.4,3024.2,2521.8
113290.025,40,2445,3012.6,2592.2
113290.065,40,2378.2,2972.4,2667
113290.105,40,2313.6,2903.8,2755.6
113290.145,40,2248,2821,2851.2
113290.185,40,2208.4,2734,2908.8
113290.225,40,2185,2671.6,2922
113290.265,40,2180,2653.4,2903
113290.305,40,2198.4,2684,2881.4
113290.345,40,2217.4,2721.6,2845.2
113290.385,40,2253.6,2793.6,2803.6
113290.425,40,2296.6,2852.2,2736.4
113290.465,40,2356.4,2906.8,2661.6
113290.505,40,2428.4,2941.2,2578.8
113290.545,40,2489.4,2953.2,2508.4
113290.585,40,2553.8,2960.8,2453.8
113290.625,40,2605.4,2963.2,2418
113290.665,40,2624.4,2939,2400
113290.705,40,2629,2959.8,2406.2
113290.745,40,2606.4,2987.8,2435.8
113290.785,40,2586,3003.8,2456
113290.825,40,2552.8,3009.8,2484
113290.865,40,2507.4,3030.4,2530.2
113290.905,40,2458.8,3025,2581.8
113290.945,40,2406.8,2997.6,2647.2
113290.985,40,2353.6,2946.4,2710.8
113291.025,40,2290.6,2880.4,2791.2
113291.065,40,2235.4,2798.4,2870
113291.105,40,2201.6,2712.2,2922.4
113291.145,40,2169.8,2642.6,2947.4
113291.185,40,2163.2,2613.4,2933.8
113291.225,40,2171.4,2621.8,2912.6
113291.265,40,2187.4,2658,2890.4
113291.305,40,2209.2,2704,2843.8
113291.345,40,2244.2,2761,2798
113291.385,40,2280.6,2820,2731.6
113291.425,40,2334.6,2871.8,2666
113291.465,40,2399.4,2920.4,2602
113291.505,40,2463.4,2952.2,2533.6
113291.545,40,2524.6,2964.4,2475.6
113291.585,40,2586.2,2969.4,2438.6
113291.625,40,2632.8,2967,2406.2
113291.665,40,2653,2966.2,2394.2
113291.705,40,2651.2,2973.4,2398.2
113291.745,40,2624.6,2988.4,2424.2
113291.785,40,2599,2993.2,2436.2
113291.825,40,2572.2,2991.6,2461.2
113291.865,40,2532.2,2999.8,2490
113291.905,40,2481.2,3001,2542.2
113291.945,40,2424,2995.4,2612.2
113291.985,40,2361.8,2952.2,2695.2
113292.025,40,2296,2890.8,2789.8
113292.065,40,2235.4,2796.2,2880.8
113292.105,40,2189,2685.2,2936.2
113292.145,40,2150.4,2582.8,2945.2
113292.185,40,2126.6,2506,2925
113292.225,40,2117.6,2471.2,2897.6
113292.265,40,2122.8,2474.2,2877.6
113292.305,40,2127.8,2494.4,2875.2
113292.345,40,2143.4,2540.8,2875
113292.385,40,2171.8,2606.2,2872
113292.425,40,2205.4,2683.8,2847.8
113292.465,40,2248.4,2776.8,2797.8
113292.505,40,2304.4,2855.8,2721.4
113292.545,40,2370,2921.8,2641.6
113292.585,40,2436.2,2938.8,2558.6
113292.625,40,2498.8,2953.6,2498.8
113292.665,40,2548.8,2956.4,2455.2
113292.705,40,2578,2948.8,2430
113292.745,40,2581.4,2948,2432.6
113292.785,40,2559.2,2965.8,2453.6
113292.825,40,2529.6,2976,2478.2
113292.865,40,2499.8,2991.8,2512
113292.905,40,2456.4,3002.2,2573.6
113292.945,40,2398.2,2987.8,2646
113292.985,40,2338,2943.6,2722.6
113293.025,40,2275.2,2869,2821.2
113293.065,40,2216.2,2765.8,2909.4
113293.105,40,2172,2653,2961.4
113293.145,40,2139.6,2550.8,2961.2
113293.185,40,2124,2484.4,2929.4
113293.225,40,2118,2463.6,2878
113293.265,40,2124,2480.6,2868.6
113293.305,40,2136.6,2508.8,2859
113293.345,40,2155.8,2547.4,2827.2
113293.385,40,2184.8,2605.6,2798.4
113293.425,40,2219.4,2686.4,2774.2
113293.465,40,2265.6,2780,2732.2
113293.505,40,2326.8,2860.4,2668.6
113293.545,40,2390,2922.4,2597.2
113293.585,40,2449,2945.4,2544.4
113293.625,40,2508,2964.2,2495.4
113293.665,40,2546.4,2975.4,2467
113293.705,40,2561.2,2989.4,2464.8
113293.745,40,2548,3004.8,2480
113293.785,40,2529.4,3023.6,2510.6
113293.825,40,2504.2,3023.4,2535.4
113293.865,40,2473.6,3018.8,2570.4
113293.905,40,2429.8,3007.4,2615
113293.945,40,2381.2,2975.2,2659.2
113293.985,40,2337.8,2929.8,2718
113294.025,40,2288.2,2863.2,2778
113294.065,40,2238.2,2778.6,2829.4
113294.105,40,2191.8,2680.4,2880
113294.145,40,2159.4,2591.8,2906.6
113294.185,40,2127.2,2511.4,2917.4
113294.225,40,2113.4,2446.4,2853.6
113294.265,40,2113.4,2442.8,2857.6
113294.305,40,2120.6,2474.4,2916
113294.345,40,2128.4,2504,2919.6
113294.385,40,2148.4,2564.2,2921.8
113294.425,40,2180.8,2651.6,2905
113294.465,40,2229.4,2747.4,2831.8
113294.505,40,2284,2824,2746
113294.545,40,2342.4,2870.8,2646
113294.585,40,2401.6,2894.8,2564.4
113294.625,40,2459.4,2900.8,2502.8
113294.665,40,2500.2,2894.6,2462.4
113294.705,40,2521.8,2906.6,2446.4
113294.745,40,2521.6,2930,2463.8
113294.785,40,2512.8,2967,2494.2
113294.825,40,2496.2,2995.4,2528.6
113294.865,40,2468.8,3015,2571.6
113294.905,40,2425.8,3023.6,2633.4
113294.945,40,2374,2996.8,2703
113294.985,40,2317.8,2940.6,2776.8
113295.025,40,2268.8,2858.4,2844.2
113295.065,40,2215.8,2764,2919.6
113295.105,40,2173.6,2651.8,2939.6
113295.145,40,2141.8,2545.4,2921.8
113295.185,40,2125,2475.6,2878.8
113295.225,40,2115.8,2455.4,2851.6
113295.265,40,2120,2471.4,2857.8
113295.305,40,2133.4,2506.4,2864.2
113295.345,40,2154.8,2569,2874.2
113295.385,40,2188.8,2649.4,2862
113295.425,40,2229.8,2749.8,2834.8
113295.465,40,2283.6,2848.8,2772.8
113295.505,40,2344.8,2936.8,2700.6
113295.545,40,2414,2992,2623.2
113295.585,40,2469.8,3004.4,2565.2
113295.625,40,2501.4,3013.8,2529.2
113295.665,40,2509,3015,2522.6
113295.705,40,2489,3025.4,2550.8
113295.745,40,2470.6,3021.2,2570.2
113295.785,40,2452.2,3014.6,2593.4
113295.825,40,2411.6,2994.4,2629.8
113295.865,40,2361.2,2956.2,2688.8
113295.905,40,2312.6,2896.8,2745.2
113295.945,40,2264.6,2828.8,2806
113295.985,40,2221,2758.2,2863.6
113296.025,40,2185.6,2667.4,2900.8
113296.065,40,2154.4,2582.8,2919.6
113296.105,40,2131.8,2517.4,2926.8
113296.145,40,2125.8,2487.6,2923.4
113296.185,40,2121.4,2479.8,2921.6
113296.225,40,2118.8,2489.4,2932.6
113296.265,40,2121,2496.8,2937.6
113296.305,40,2128.6,2521.6,2950.8
113296.345,40,2146.2,2569.4,2960.4
113296.385,40,2168,2638.8,2956.2
113296.425,40,2208,2723.8,2904.8
113296.465,40,2246.6,2802,2838.2
113296.505,40,2290.6,2862.8,2765
113296.545,40,2340.4,2900.4,2688.4
113296.585,40,2375.2,2918.6,2630.4
113296.625,40,2396,2915,2593.2
113296.665,40,2400,2906.2,2584.4
113296.705,40,2386.8,2901.6,2601
113296.745,40,2373.4,2902.4,2616
113296.785,40,2358,2913.2,2654.2
113296.825,40,2337.4,2913.8,2705.4
113296.865,40,2309.6,2912.2,2762.6
113296.905,40,2272.6,2873.2,2828.8
113296.945,40,2234.2,2804.6,2887.8
113296.985,40,2200.8,2723.8,2941.8
113297.025,40,2166.8,2630.2,2958.8
113297.065,40,2138.2,2547,2958.8
113297.105,40,2120.2,2472.4,2911.4
113297.145,40,2110.6,2401.6,2762.4
113297.185,40,2110.8,2403.4,2733.2
113297.225,40,2116.6,2437.8,2792.4
113297.265,40,2126.4,2467.4,2807.8
113297.305,40,2136.4,2509.8,2822.2
113297.345,40,2166.2,2577.4,2824.6
113297.385,40,2200.2,2662.8,2798.6
113297.425,40,2252.4,2740.2,2739
113297.465,40,2306,2808.8,2660.8
113297.505,40,2364,2852.6,2593.6
113297.545,40,2408,2861.4,2530.8
113297.585,40,2438.2,2864,2496
113297.625,40,2448.4,2866.4,2486
113297.665,40,2440.4,2873.6,2498.8
113297.705,40,2422.4,2875.8,2524
113297.745,40,2402.4,2884.6,2551.4
113297.785,40,2380.6,2892.4,2596
113297.825,40,2342.8,2884.4,2654.2
113297.865,40,2303.4,2858.4,2723.2
113297.905,40,2262.6,2804,2786.8
113297.945,40,2220.6,2732.4,2840.4
113297.985,40,2184.6,2642.2,2882.6
113298.025,40,2145.8,2555.2,2886.4
113298.065,40,2122.8,2475.8,2846.8
113298.105,40,2111.4,2401.4,2729.6
113298.145,40,2108.2,2400.8,2721
113298.185,40,2115.2,2433.8,2778.2
113298.225,40,2119.2,2450,2794
113298.265,40,2131.6,2490.8,2817.8
113298.305,40,2150.6,2546.8,2829.8
113298.345,40,2178.4,2624.2,2823.4
113298.385,40,2220,2704.8,2794.8
113298.425,40,2264.2,2779.2,2734.8
113298.465,40,2314.4,2829.6,2669.4
113298.505,40,2357.6,2865.2,2612.8
113298.545,40,2394.2,2888.2,2569.2
113298.585,40,2415.2,2893.8,2544.4
113298.625,40,2419.6,2896.6,2545.2
113298.665,40,2403.8,2896.4,2569
113298.705,40,2377.2,2893.4,2600.8
113298.745,40,2354.2,2886.2,2638.6
113298.785,40,2321.8,2867.4,2689.6
113298.825,40,2284.4,2831,2748.6
113298.865,40,2242.4,2772.6,2802.4
113298.905,40,2201.8,2701.6,2855.6
113298.945,40,2166,2625,2904.4
113298.985,40,2141.6,2541.6,2915.2
113299.025,40,2116.8,2472,2899.4
113299.065,40,2108.6,2414,2774.2
113299.105,40,2117,2423.6,2785.8
113299.145,40,2119.2,2459.6,2843
113299.185,40,2123.2,2481,2855.4
113299.225,40,2134.6,2517.6,2858.6
113299.265,40,2157.8,2570.2,2850.2
113299.305,40,2189.2,2636,2815.6
113299.345,40,2231,2703.8,2761.2
113299.385,40,2269.8,2758.4,2689.8
113299.425,40,2326,2801.8,2614.4
113299.465,40,2372.6,2822.8,2546.8
113299.505,40,2418.6,2833.6,2500
113299.545,40,2445.2,2830,2466.6
113299.585,40,2455.6,2824,2452.8
113299.625,40,2450.2,2825.8,2458.4
113299.665,40,2434.4,2832.6,2478.6
113299.705,40,2413.8,2838.8,2505.4
113299.745,40,2385.2,2851.2,2553.4
113299.785,40,2351.6,2852.2,2614
113299.825,40,2307.8,2834.8,2679.8
113299.865,40,2265,2792.4,2752.2
113299.905,40,2224.2,2724,2810.2
113299.945,40,2181.4,2643.8,2866.2
113299.985,40,2149.2,2559.6,2893
113300.025,40,2118.4,2484,2888
113300.065,40,2111,2394.6,2736
113300.105,40,2111.4,2390.8,2708.4
113300.145,40,2115.8,2419,2743.8
113300.185,40,2117.8,2445.2,2801.2
113300.225,40,2128.4,2468.2,2803.8
113300.265,40,2140.2,2501.6,2803.4
113300.305,40,2158.8,2549,2788.6
113300.345,40,2190.6,2602.2,2757.4
113300.385,40,2216.8,2654,2711.6
113300.425,40,2258.4,2707.6,2665.4
113300.465,40,2295.2,2747.6,2621.2
113300.505,40,2319.2,2767.4,2581
113300.545,40,2339.8,2777.4,2556.8
113300.585,40,2347,2782,2560
113300.625,40,2335.8,2787.6,2579
113300.665,40,2317.8,2784.4,2608.2
113300.705,40,2303,2782.8,2638.6
113300.745,40,2282.2,2773,2679
113300.785,40,2252.2,2744.6,2721.4
113300.825,40,2221.6,2695.4,2766.6
113300.865,40,2191.4,2637.4,2810.8
113300.905,40,2158,2567.8,2840.4
113300.945,40,2132.4,2492.4,2843.8
113300.985,40,2107.6,2402.4,2729.8
113301.025,40,2108.4,2381.2,2698.4
113301.065,40,2115.8,2412.8,2742.2
113301.105,40,2116.6,2425,2768.4
113301.145,40,2114,2427.2,2765
113301.185,40,2113.8,2447.4,2805.8
113301.225,40,2128.2,2474,2803
113301.265,40,2143.4,2522.8,2808.4
113301.305,40,2170,2579.8,2789.4
113301.345,40,2206.8,2650.8,2748.4
113301.385,40,2250,2719.2,2696.4
113301.425,40,2304.6,2778.4,2628.6
113301.465,40,2354.6,2799.8,2556.6
113301.505,40,2396,2808.8,2505
113301.545,40,2418.8,2814.2,2480.6
113301.585,40,2424.2,2823,2481
113301.625,40,2414,2830.6,2493.8
113301.665,40,2401.4,2829.4,2513.4
113301.705,40,2380.8,2829,2542
113301.745,40,2352.2,2827.2,2589
113301.785,40,2309,2812.6,2652.8
113301.825,40,2272.6,2769.8,2710
113301.865,40,2226.8,2708,2766
113301.905,40,2187.6,2632.8,2811.6
113301.945,40,2154.4,2555.2,2839.2
113301.985,40,2130.8,2481.6,2843.6
113302.025,40,2113.8,2421.6,2749.4
113302.065,40,2114.2,2406.8,2715.6
113302.105,40,2117,2431.8,2752
113302.145,40,2126.4,2441.6,2748.6
113302.185,40,2134.8,2469.8,2743.6
113302.225,40,2154.8,2518.4,2733.8
113302.265,40,2187,2577.6,2716.2
113302.305,40,2219,2639.2,2690.8
113302.345,40,2262.6,2710,2648.2
113302.385,40,2309.2,2769.8,2607.8
113302.425,40,2351.4,2801.8,2567.8
113302.465,40,2382.4,2822.8,2535.4
113302.505,40,2393.4,2837.2,2528.4
113302.545,40,2391.8,2847.2,2538.6
113302.585,40,2377.4,2844.4,2560.4
113302.625,40,2363,2838.6,2579.4
113302.665,40,2338.6,2819.2,2602.4
113302.705,40,2306.2,2791.8,2639.8
113302.745,40,2270,2745.2,2675.4
113302.785,40,2233.6,2687.6,2708.6
113302.825,40,2197.4,2613.4,2724.2
113302.865,40,2162,2541.8,2738
113302.905,40,2136.4,2470,2738.4
113302.945,40,2111,2407.2,2717
113302.985,40,2106.4,2375.8,2677.6
113303.025,40,2111.4,2412.2,2736.8
113303.065,40,2118.2,2423,2768.6
113303.105,40,2114.8,2426,2766
113303.145,40,2119.6,2435.2,2777.6
113303.185,40,2123.8,2467.4,2795
113303.225,40,2142.8,2522,2825.4
113303.265,40,2171.4,2599.8,2829.4
113303.305,40,2202,2677.2,2813.2
113303.345,40,2248.2,2760,2767.6
113303.385,40,2295.6,2823.2,2709.8
113303.425,40,2343,2868.6,2644.8
113303.465,40,2390,2903.2,2596.6
113303.505,40,2411.8,2911.4,2564.4
113303.545,40,2412,2906.4,2564.4
113303.585,40,2388.2,2886.8,2581.2
113303.625,40,2371.8,2871.8,2596.6
113303.665,40,2342.6,2827.8,2608.4
113303.705,40,2304.6,2778.2,2631.2
113303.745,40,2268.6,2717.8,2652.6
113303.785,40,2227.4,2663.8,2686.4
113303.825,40,2197.2,2615.8,2720
113303.865,40,2171.6,2560.4,2749
113303.905,40,2146.2,2513.8,2782.8
113303.945,40,2130.8,2476.2,2811.8
113303.985,40,2119.4,2455.6,2826.4
113304.025,40,2119.2,2453.2,2833.8
113304.065,40,2122.8,2463.6,2834
113304.105,40,2127.2,2488.8,2846.2
113304.145,40,2146,2537.2,2855.6
113304.185,40,2172.4,2606.6,2846.2
113304.225,40,2209,2686.6,2803.4
113304.265,40,2252,2761.4,2749.2
113304.305,40,2311.6,2835.2,2683
113304.345,40,2368.8,2876.2,2607.4
113304.385,40,2424.2,2898.4,2534.4
113304.425,40,2473,2896.8,2486.8
113304.465,40,2486.4,2890,2465.8
113304.505,40,2476.8,2884.2,2470.2
113304.545,40,2453.4,2881.6,2490
113304.585,40,2427.2,2875.6,2510.2
113304.625,40,2391.6,2856.8,2550.4
113304.665,40,2346,2841.4,2604.2
113304.705,40,2295.2,2800.8,2671.2
113304.745,40,2249.2,2742.4,2737.6
113304.785,40,2203.2,2664,2791.2
113304.825,40,2167.4,2591.8,2831.8
113304.865,40,2137.2,2518.6,2839.8
113304.905,40,2122.2,2473.8,2832
113304.945,40,2116,2448.6,2817.4
113304.985,40,2120.4,2453.4,2820.4
113305.025,40,2130,2477.6,2812.4
113305.065,40,2147.4,2529.2,2814.8
113305.105,40,2171,2596,2803.4
113305.145,40,2206.8,2668.2,2777.4
113305.185,40,2258.4,2754.4,2728.2
113305.225,40,2312.4,2823,2662.6
113305.265,40,2373.6,2872.2,2587.6
113305.305,40,2435.6,2897.8,2522
113305.345,40,2474.6,2908.4,2478.4
113305.385,40,2497.6,2898,2458.4
113305.425,40,2487.4,2896,2464.4
113305.465,40,2465.8,2898.8,2491.6
113305.505,40,2437.4,2884.8,2516.8
113305.545,40,2386.2,2863.6,2554.8
113305.585,40,2340.8,2839.6,2615.2
113305.625,40,2286.4,2787.8,2678.2
113305.665,40,2236.2,2719.2,2743.6
113305.705,40,2188,2634.4,2803.6
113305.745,40,2149.8,2544.8,2842.8
113305.785,40,2118.8,2466.6,2843.6
113305.825,40,2107.4,2386.4,2721.6
113305.865,40,2113.2,2413.4,2769.8
113305.905,40,2116.6,2432,2788.4
113305.945,40,2117.8,2453.2,2830.8
113305.985,40,2125.6,2473.2,2838
113306.025,40,2143.2,2518.6,2835.2
113306.065,40,2164.8,2589,2836
113306.105,40,2197.8,2655.8,2803.6
113306.145,40,2232.8,2725.2,2761.8
113306.185,40,2277.4,2780,2702
113306.225,40,2323.8,2845.4,2657.6
113306.265,40,2362,2859,2596.4
113306.305,40,2393.8,2875.8,2562.4
113306.345,40,2408.4,2874.4,2540.4
113306.385,40,2404.8,2873,2541.8
113306.425,40,2383.8,2860.2,2560.6
113306.465,40,2360.4,2844.8,2587
113306.505,40,2332.4,2825.4,2622.2
113306.545,40,2292.4,2782.2,2657.6
113306.585,40,2251.6,2729.6,2710.2
113306.625,40,2213.2,2654,2744.2
113306.665,40,2172.6,2575,2770.8
113306.705,40,2142.2,2503.4,2777.4
113306.745,40,2122.6,2452.6,2770.4
113306.785,40,2116,2430.6,2762.6
113306.825,40,2121.2,2436.6,2773
113306.865,40,2121.8,2459.6,2790
113306.905,40,2136.8,2495,2801
113306.945,40,2157.4,2547.2,2811.6
113306.985,40,2181.4,2618.2,2798.2
113307.025,40,2221,2683.2,2758.8
113307.065,40,2257.8,2748.8,2710.6
113307.105,40,2301,2788,2646.8
113307.145,40,2334.6,2822.6,2606.2
113307.185,40,2362,2832.4,2576.2
113307.225,40,2358.2,2822.4,2569.2
113307.265,40,2346.4,2807.8,2581.2
113307.305,40,2325.6,2804,2605.6
113307.345,40,2313.6,2794.6,2624.6
113307.385,40,2289.2,2782.8,2665
113307.425,40,2262.8,2770.4,2728.8
113307.465,40,2227.6,2725,2784
113307.505,40,2197,2671.6,2824
113307.545,40,2169.2,2605.4,2862.4
113307.585,40,2144.2,2543.8,2881.6
113307.625,40,2128.2,2493.4,2874.8
113307.665,40,2119.8,2464.2,2854.8
113307.705,40,2118.8,2466,2839.8
113307.745,40,2121.2,2467.6,2813.4
113307.785,40,2127.8,2477,2773.8
113307.825,40,2145.8,2509.8,2776
113307.865,40,2167.6,2568.4,2767.4
113307.905,40,2199.4,2628,2743
113307.945,40,2232.2,2691.6,2711.6
113308.052,107,2327,2836.4,2637.4
113308.222,170,2310,2823,2671.2
113308.391,169,2190,2617.6,2767.6
113308.562,171,2112.4,2432,2771.2
113308.731,169,2170,2594.8,2839.4
113308.9,169,2396.2,2920,2603.2
113309.07,170,2495.6,2898.6,2463.4
113309.239,169,2313.4,2748.4,2584.2
113309.405,166,2194.4,2665.8,2835.4
113309.574,169,2290.8,2862.4,2777.4
113309.808,234,2687.8,2881.2,2339.4
113309.976,168,2835.6,2779.6,2254
113310.146,170,2765,2799.8,2276.2
113310.315,169,2635.2,2740,2297.8
113310.486,171,2610,2823.2,2348.4
113310.655,169,2419,2936.8,2576.2
113310.824,169,2280.6,2793.6,2709.8
113310.993,169,2450,2819.4,2449.4
113311.161,168,2549.4,2802.8,2370
113311.33,169,2434,2821.2,2467.4
113311.5,170,2232.2,2687.6,2712.4
113311.669,169,2158.4,2577.4,2836
113311.802,133,2210.6,2692.6,2820.8
113311.842,40,2235.8,2745.4,2790.4
113311.882,40,2274.4,2803.4,2742.6
113311.922,40,2321,2858,2677.4
113311.962,40,2372.2,2893.4,2608
113312.002,40,2426,2901.4,2544.2
113312.042,40,2453,2888.2,2492.6
113312.082,40,2467.2,2856.2,2461.6
113312.122,40,2458.4,2825,2447.2
113312.162,40,2433,2809.2,2465.8
113312.202,40,2410.4,2805.2,2481.2
113312.242,40,2395.2,2805,2505.8
113312.282,40,2366.2,2804.4,2542
113312.322,40,2330.2,2807.4,2602
113312.362,40,2293.2,2785,2663.6
113312.402,40,2249.6,2740.4,2729.2
113312.442,40,2207.6,2685.2,2802
113312.482,40,2173.8,2612.4,2851.4
113312.522,40,2147,2544.8,2875.6
113312.562,40,2131.2,2503.2,2882.8
113312.602,40,2123,2481.2,2877.6
113312.642,40,2127,2490.4,2875.6
113312.682,40,2130.6,2496,2869
113312.722,40,2135,2515.8,2871.8
113312.762,40,2149.8,2554.4,2868.4
113312.802,40,2167.6,2608.4,2856.2
113312.842,40,2196.2,2671.6,2820.8
113312.882,40,2234.4,2736.4,2775
113312.922,40,2277,2792,2717
113312.962,40,2318,2829.8,2656.2
113313.002,40,2358.8,2855.2,2608.4
113313.042,40,2383.2,2868.6,2567.2
113313.082,40,2396.2,2868,2550.4
113313.122,40,2394.4,2867.6,2550.6
113313.162,40,2377.8,2856.2,2568
113313.202,40,2352.4,2843.6,2589.4
113313.242,40,2323,2803,2609.4
113313.282,40,2287.8,2750.8,2632
113313.322,40,2253.8,2704.6,2662.8
113313.362,40,2231.6,2662,2695
113313.402,40,2203.4,2627.8,2725.4
113313.442,40,2174.6,2592.2,2768
113313.482,40,2159,2554.4,2802
113313.522,40,2138.8,2505.8,2832.8
113313.562,40,2120,2469.2,2845.6
113313.602,40,2120.6,2444,2808
113313.642,40,2119.8,2455.4,2838
113313.682,40,2118.2,2462.2,2853.4
113313.722,40,2122,2469,2869.2
113313.762,40,2135.8,2513.6,2901
113313.802,40,2160,2597,2925
113313.842,40,2194,2699,2918
113313.882,40,2238.4,2788.4,2859.4
113313.922,40,2290,2859.8,2776.4
113313.962,40,2347.4,2924.8,2698.4
113314.002,40,2397.6,2936,2609.6
113314.042,40,2442.4,2946.8,2552.2
113314.082,40,2471.4,2937,2510.4
113314.122,40,2477.8,2908.2,2493.6
113314.162,40,2449.8,2880.6,2490.8
113314.202,40,2417.6,2835.6,2494.4
113314.242,40,2398.4,2807.2,2495.8
113314.282,40,2378.4,2787.2,2512.8
113314.322,40,2356,2787,2539.2
113314.362,40,2329.2,2785.6,2583.4
113314.402,40,2303,2775,2632.6
113314.442,40,2268,2739,2667.2
113314.482,40,2230.8,2681.6,2703.2
113314.522,40,2197.6,2612.4,2736.4
113314.562,40,2162.4,2552,2758.2
113314.602,40,2146.2,2504.8,2768.2
113314.642,40,2134.6,2490,2800.8
113314.682,40,2133,2493,2833.6
113314.722,40,2138.4,2522.2,2870
113314.762,40,2144,2553.2,2897.4
113314.802,40,2156.2,2592,2911.2
113314.842,40,2182.8,2661,2929.4
113314.882,40,2210,2738.2,2902.2
113314.922,40,2253.4,2818.2,2850.2
113314.962,40,2305.6,2898.8,2768
113315.002,40,2383,2968.4,2669.8
113315.042,40,2465.4,2986,2553.8
113315.082,40,2559.8,2972.2,2454.8
113315.122,40,2646.8,2919.2,2372
113315.162,40,2737.6,2854.2,2309.4
113315.202,40,2800.2,2770.6,2262.4
113315.242,40,2840.2,2686.8,2221
113315.282,40,2837,2605.8,2193.4
113315.322,40,2834,2532.8,2167
113315.362,40,2820.6,2470.6,2146.6
113315.402,40,2781.6,2418.8,2127.4
113315.442,40,2747.6,2369.2,2114.6
113315.482,40,2716.8,2335,2097.8
113315.522,40,2695.6,2301.6,2087.4
113315.562,40,2679.8,2282.2,2083.2
113315.602,40,2671.8,2266.8,2078.8
113315.642,40,2698,2280,2082
113315.682,40,2749,2306.6,2087
113315.722,40,2819.8,2352.4,2098.8
113315.762,40,2886.2,2424,2123.8
113315.802,40,2914.8,2537.6,2158.8
113315.842,40,2865.6,2695.6,2221.6
113315.882,40,2726.8,2851.2,2317.2
113315.922,40,2544.2,2945.8,2456.6
113315.962,40,2379.8,2927.6,2620.8
113316.002,40,2273,2816.8,2754.4
113316.042,40,2222,2738.4,2819.6
113316.082,40,2241.8,2774.8,2817.6
113316.122,40,2308.6,2876.2,2743.6
113316.162,40,2404,2955.8,2614.2
113316.202,40,2543.4,3000,2480
113316.242,40,2689,2907.6,2352
113316.282,40,2828,2773.8,2253.4
113316.322,40,2904.4,2620.6,2185.2
113316.362,40,2924.8,2491,2139
113316.402,40,2886.8,2394.2,2109.6
113316.442,40,2818.2,2329,2092
113316.482,40,2757,2290,2080
113316.522,40,2749.6,2285.8,2079.4
113316.562,40,2789,2307.2,2086.8
113316.602,40,2853.4,2355.4,2100.4
113316.642,40,2906,2428.2,2120.6
113316.682,40,2915.6,2539.2,2159.8
113316.722,40,2858.8,2694.6,2223.8
113316.762,40,2694.6,2838.2,2321.6
113316.802,40,2489.8,2852.8,2440.8
113316.842,40,2337.2,2804.4,2596.8
113316.882,40,2234.8,2697.2,2710.6
113316.922,40,2177.4,2604.8,2804
113316.962,40,2156.2,2575,2862.4
113317.002,40,2183.6,2658.2,2902.6
113317.042,40,2241.2,2808,2873.6
113317.082,40,2325.2,2926.8,2751.8
113317.122,40,2445.8,2991.6,2586
113317.162,40,2608.6,2995.2,2434.2
113317.202,40,2768.2,2869.4,2308.8
113317.242,40,2892.6,2717,2222.6
113317.282,40,2933.6,2563,2164.4
113317.322,40,2896,2440,2124.8
113317.362,40,2830.8,2358,2101
113317.402,40,2766,2301.2,2081.8
113317.442,40,2718.8,2267.6,2073.8
113317.482,40,2720.8,2269.8,2074.8
113317.522,40,2776.6,2299.2,2084
113317.562,40,2846.2,2345.2,2096.4
113317.602,40,2914,2437.8,2121.2
113317.642,40,2936.6,2567.2,2168.8
113317.682,40,2838.4,2728.4,2237.6
113317.722,40,2668,2867,2346.4
113317.762,40,2485.4,2918,2486
113317.802,40,2323,2838,2642
113317.842,40,2227.4,2701.4,2751.8
113317.882,40,2167,2580.6,2806.6
113317.922,40,2161.4,2558.4,2805.2
113317.962,40,2192.6,2683.6,2876
113318.002,40,2253,2824,2848.2
113318.042,40,2337.6,2936.4,2729
113318.082,40,2457.2,2972.2,2554.2
113318.122,40,2625,2964.4,2415
113318.162,40,2775.6,2828.8,2286.6
113318.202,40,2894.8,2660.2,2204
113318.242,40,2942.2,2515.2,2144.4
113318.282,40,2899.8,2393,2109.4
113318.322,40,2809.6,2312,2085.2
113318.362,40,2724.2,2260,2070.8
113318.402,40,2661.4,2228.4,2059.6
113318.442,40,2653.4,2228.8,2062.4
113318.482,40,2692.6,2246.8,2067.8
113318.522,40,2754.8,2282.6,2079.4
113318.562,40,2818.6,2344.6,2094.4
113318.602,40,2862.4,2435.4,2128.6
113318.642,40,2850,2565,2178.4
113318.682,40,2743.4,2700.2,2250
113318.722,40,2587.6,2813,2358
113318.762,40,2427.2,2854.6,2502.4
113318.802,40,2297.4,2791.4,2663.4
113318.842,40,2203.4,2674,2796.4
113318.882,40,2156,2593.4,2898.4
113318.922,40,2159,2606.8,2940.4
113318.962,40,2200,2711.6,2923.8
113319.002,40,2272.2,2853.8,2825.4
113319.042,40,2374.4,2956.8,2659.6
113319.082,40,2511.2,2953.8,2485.4
113319.122,40,2662.8,2886,2352.8
113319.162,40,2819,2765.4,2258.6
113319.202,40,2912,2620.4,2186
113319.242,40,2937,2483.6,2134.6
113319.282,40,2883,2378.8,2107.6
113319.322,40,2810.6,2301.8,2080.4
113319.362,40,2717.2,2249.8,2067.2
113319.402,40,2633.2,2212.4,2059.8
113319.442,40,2631.6,2217,2058
113319.482,40,2678.6,2238.6,2069
113319.522,40,2737.2,2286.4,2082.2
113319.562,40,2813.4,2363,2108.6
113319.602,40,2870.6,2472.4,2144
113319.642,40,2821.2,2624.8,2201.8
113319.682,40,2701.4,2780,2299.6
113319.722,40,2519,2878,2429.6
113319.762,40,2352.4,2851.6,2599.4
113319.802,40,2242,2730.6,2745.4
113319.842,40,2172.8,2609.8,2859.6
113319.882,40,2138.4,2539.6,2906
113319.922,40,2148.2,2586.8,2962.2
113319.962,40,2186.2,2675.6,2930
113320.002,40,2245,2809.6,2870
113320.042,40,2328.2,2923.8,2735
113320.082,40,2430.8,2946.2,2564.2
113320.122,40,2561.6,2925.4,2427.6
113320.162,40,2708.8,2847.8,2317.8
113320.202,40,2847.4,2735.4,2235.4
113320.242,40,2924.4,2597,2176.8
113320.282,40,2940.8,2480.4,2134
113320.322,40,2885.8,2381.8,2106
113320.362,40,2824.4,2311.2,2087
113320.402,40,2739.2,2258.8,2071.2
113320.442,40,2680.4,2231.2,2063
113320.482,40,2669.6,2233.6,2065.4
113320.522,40,2728,2262.8,2071.6
113320.562,40,2787.8,2311.6,2090.6
113320.602,40,2853.8,2392,2110.6
113320.642,40,2880.6,2497.8,2149.8
113320.682,40,2833,2638.4,2206.6
113320.722,40,2709.2,2772.2,2290.6
113320.762,40,2542.6,2872.2,2411.6
113320.802,40,2386,2858,2562
113320.842,40,2271.6,2762.2,2704
113320.882,40,2191.2,2658.2,2815.6
113320.922,40,2151.6,2568.8,2880.2
113320.962,40,2137,2538.4,2912.8
113321.002,40,2151.2,2583.6,2941.4
113321.042,40,2172.2,2650.8,2952.4
113321.082,40,2202.4,2729.8,2931.8
113321.122,40,2234.8,2799,2882.8
113321.162,40,2279.2,2868.4,2819.6
113321.202,40,2330.8,2934,2743
113321.242,40,2391.2,2977.4,2655.4
113321.282,40,2454.6,3000.6,2584.2
113321.322,40,2517.2,3002.4,2514.6
113321.362,40,2570.2,2993.6,2456.4
113321.402,40,2618.4,2985.6,2420.6
113321.442,40,2651.6,2970.8,2396.4
113321.482,40,2670.2,2957.6,2383
113321.522,40,2658.6,2951.6,2382.6
113321.562,40,2638.6,2940.4,2388.6
113321.602,40,2613,2934,2398.8
113321.642,40,2594.2,2902,2400
113321.682,40,2608.8,2891.6,2381
113321.722,40,2654,2890.2,2353.6
113321.762,40,2722.8,2891.6,2331
113321.802,40,2776,2864.2,2302.2
113321.842,40,2810.6,2843,2280.6
113321.882,40,2832.6,2840.6,2278.2
113321.922,40,2825.6,2848.8,2284.4
113321.962,40,2798.6,2876.6,2300.4
113322.002,40,2771.2,2880,2314
113322.042,40,2720.4,2878.2,2328.4
113322.082,40,2667.4,2881.8,2352.8
113322.122,40,2602.8,2893.4,2385.8
113322.162,40,2535.2,2892.8,2422.4
113322.202,40,2472.6,2892,2484.4
113322.242,40,2412,2897.8,2553.4
113322.282,40,2349.6,2873.2,2637.4
113322.322,40,2293.6,2846.2,2734.8
113322.362,40,2249.2,2805.4,2817.6
113322.402,40,2236.8,2781,2844.6
113322.442,40,2254.2,2813.4,2831.6
113322.482,40,2291.4,2871.8,2778.2
113322.522,40,2348.6,2931,2692.8
113322.562,40,2421.4,2981.4,2599.8
113322.602,40,2515,2989,2504.6
113322.642,40,2604.6,2952.2,2411.4
113322.682,40,2686.6,2902.6,2350.4
113322.722,40,2741.2,2840.6,2301.6
113322.762,40,2776.4,2797.6,2274.4
113322.802,40,2779.6,2775.4,2268.6
113322.842,40,2753.2,2778,2273.6
113322.882,40,2732.6,2799,2291.4
113322.922,40,2706.4,2827.4,2306.4
113323.031,109,2611.2,2898.4,2386.8
113323.071,40,2560.6,2924.2,2428.4
113323.111,40,2501.4,2935.8,2482.8
113323.214,103,2323.4,2869,2691
113323.254,40,2265.4,2815,2769.2
113323.294,40,2232.4,2755.6,2817.2
113323.334,40,2219.6,2727.6,2829.2
113323.374,40,2229.4,2751.2,2815.8
113323.414,40,2256.2,2789.8,2780.6
113323.454,40,2303.2,2853.4,2732.8
113323.494,40,2358.2,2918,2661.4
113323.534,40,2431.6,2970,2580
113323.574,40,2524.6,2978.2,2491.6
113323.614,40,2629.2,2970.2,2411.4
113323.654,40,2716.2,2926.2,2350.4
113323.694,40,2780.6,2866,2301
113323.734,40,2815,2810.4,2270
113323.774,40,2831.6,2776.2,2255.8
113323.814,40,2820.8,2765.8,2254.6
113323.854,40,2795,2781.8,2266.8
113323.894,40,2768.8,2793.4,2279.6
113323.934,40,2737.2,2807.6,2292.4
113323.974,40,2706.2,2822,2312
113324.014,40,2668.8,2854.6,2341.2
113324.054,40,2622,2876.2,2369.2
113324.094,40,2577.2,2904.2,2408.4
113324.134,40,2524.8,2936.6,2461
113324.174,40,2457,2936.4,2524
113324.214,40,2391.4,2926.4,2608.2
113324.254,40,2328,2890.8,2694.8
113324.294,40,2275.8,2825.6,2764
113324.334,40,2239.6,2775.4,2810
113324.374,40,2226.4,2741.8,2815.2
113324.414,40,2243.6,2767.6,2802.8
113324.454,40,2263.2,2796,2755
113324.494,40,2308.6,2845,2696.8
113324.534,40,2365,2888.8,2623.6
113324.574,40,2434.4,2919,2544.2
113324.614,40,2508.2,2916.2,2462.8
113324.654,40,2604.8,2901.2,2394.8
113324.694,40,2671.4,2844,2327.4
113324.734,40,2738.6,2797.6,2287.2
113324.774,40,2782.4,2757.2,2264.2
113324.814,40,2798.4,2735.8,2245.8
113324.854,40,2783.8,2729.4,2250.2
113324.894,40,2774.4,2753.4,2260.8
113324.934,40,2759,2773.4,2276
113324.974,40,2740.4,2803.6,2289.4
113325.014,40,2723.6,2833.2,2309.8
113325.054,40,2704,2868,2326.8
113325.094,40,2672,2899.2,2356.8
113325.134,40,2628.6,2925.4,2391.2
113325.174,40,2571.6,2954.6,2436.2
113325.214,40,2505.8,2963.8,2491.8
113325.254,40,2429.6,2948.4,2566.2
113325.294,40,2356,2902.6,2646.2
113325.334,40,2287.6,2824,2720.6
113325.374,40,2234.6,2745,2790.6
113325.414,40,2197,2667.4,2821.8
113325.454,40,2175.8,2622.6,2844
113325.494,40,2170.8,2612,2849.8
113325.534,40,2181,2642.2,2846.6
113325.574,40,2209.8,2704.2,2838.8
113325.614,40,2250.2,2782.4,2803.4
113325.654,40,2303.8,2867.6,2732.8
113325.694,40,2380.2,2940.8,2645.2
113325.734,40,2463.2,2969,2537.4
113325.774,40,2556,2959.6,2447.8
113325.814,40,2634,2906,2375.4
113325.854,40,2699.8,2855.8,2327.2
113325.894,40,2725.4,2801.6,2294.6
113325.934,40,2731.4,2774.6,2280.6
113325.974,40,2717.2,2777,2291.4
113326.014,40,2691.8,2798.8,2302.4
113326.054,40,2669.4,2812.6,2315.8
113326.094,40,2646,2831.2,2339.2
113326.134,40,2624.4,2867.2,2365.8
113326.174,40,2590,2889,2392.6
113326.214,40,2547.2,2907.8,2429.8
113326.254,40,2505.8,2926.8,2475.4
113326.294,40,2455.4,2948.8,2537.4
113326.334,40,2394.2,2940.4,2610.4
113326.374,40,2334.8,2898.6,2687.6
113326.414,40,2282.4,2844.8,2763.4
113326.454,40,2236.8,2772.8,2828.6
113326.494,40,2203.8,2705,2872
113326.534,40,2181.4,2659.4,2884
113326.574,40,2173.8,2636.8,2883.8
113326.614,40,2182,2644.6,2869
113326.654,40,2194.4,2667.4,2855.2
113326.694,40,2211.2,2708.2,2829.6
113326.734,40,2247.2,2762.2,2785
113326.774,40,2288.6,2821.2,2723.8
113326.814,40,2344,2875.6,2647.6
113326.854,40,2412.2,2917,2565.6
113326.894,40,2489.8,2922,2480.8
113326.934,40,2575.6,2907,2410.8
113326.974,40,2634.2,2863,2356.8
113327.014,40,2677,2824,2320.4
113327.054,40,2696.6,2804,2303.8
113327.094,40,2695.6,2794,2302.8
113327.134,40,2677,2800.4,2311.2
113327.174,40,2662.2,2821.8,2325.2
113327.214,40,2646.2,2834.2,2337.2
113327.254,40,2628.4,2845,2351
113327.294,40,2609.8,2866.2,2369.8
113327.334,40,2584.8,2899.8,2401.2
113327.374,40,2544.6,2928.4,2438.8
113327.414,40,2502.4,2952.6,2488
113327.454,40,2451,2957.8,2545.4
113327.494,40,2390.4,2943.6,2615.6
113327.534,40,2332.8,2888.2,2684
113327.574,40,2284.2,2832.4,2739.4
113327.614,40,2259,2786,2760.2
113327.654,40,2256.2,2768.4,2752.6
113327.694,40,2259,2766,2718.8
113327.734,40,2277.6,2775.2,2684.6
113327.774,40,2309.6,2807.2,2640.4
113327.814,40,2353.6,2847.6,2598.6
113327.854,40,2404,2886.8,2547.4
113327.894,40,2467.4,2902,2492.4
113327.934,40,2530.8,2915.4,2444.8
113327.974,40,2591.2,2917.2,2404.8
113328.014,40,2641,2905.2,2372.4
113328.054,40,2677.4,2900.4,2352.6
113328.094,40,2692.6,2902,2346
113328.134,40,2685.8,2917.2,2356
113328.174,40,2666.6,2928.8,2367.6
113328.214,40,2650.6,2935.8,2382.8
113328.254,40,2632.6,2933.6,2388
113328.294,40,2619.4,2934.8,2396
113328.334,40,2602.2,2937.8,2410.2
113328.374,40,2577.2,2938.8,2422.4
113328.414,40,2542.2,2942.2,2449.8
113328.454,40,2503.8,2946.6,2480.6
113328.494,40,2461.2,2951.6,2527.6
113328.534,40,2413.4,2939,2580.6
113328.574,40,2359.4,2912.4,2639
113328.614,40,2308,2872,2713
113328.654,40,2261.2,2805.4,2792
113328.694,40,2225,2750,2845.6
113328.734,40,2203.2,2711.6,2867.4
113328.774,40,2207.4,2713.2,2863.4
113328.814,40,2220.6,2741,2839.2
113328.854,40,2245.4,2777.4,2807.4
113328.894,40,2276.4,2821.8,2756.4
113328.934,40,2315,2866.6,2704.2
113328.974,40,2359,2898.4,2640.8
113329.014,40,2411,2921,2573.8
113329.054,40,2466,2924,2507.6
113329.094,40,2513.8,2919.8,2459.2
113329.134,40,2563.2,2911.2,2420
113329.174,40,2586,2897.8,2394.2
113329.214,40,2600.2,2898.4,2389
113329.254,40,2597.2,2905.4,2398.6
113329.294,40,2584,2926.6,2411.6
113329.334,40,2574,2929.6,2424
113329.374,40,2562.8,2936,2437.2
113329.414,40,2539.2,2948.2,2458.8
113329.454,40,2503.8,2958.2,2488
113329.494,40,2465,2959.6,2529.4
113329.534,40,2424.8,2947,2574
113329.574,40,2374.8,2924.6,2627.6
113329.614,40,2325.8,2881.6,2687
113329.654,40,2276.2,2825,2751
113329.694,40,2232.4,2760.8,2816.4
113329.734,40,2195.2,2685.8,2869.6
113329.774,40,2171,2632.6,2901.2
113329.814,40,2158.4,2607,2918.4
113329.854,40,2159.2,2616.4,2924.6
113329.894,40,2172.6,2645.6,2926
113329.934,40,2190.4,2687.2,2918.4
113329.974,40,2220.4,2755.8,2879
113330.014,40,2263.8,2835,2813.8
113330.054,40,2318,2894.8,2721.4
113330.094,40,2382.2,2934.2,2628
113330.134,40,2443.8,2944.8,2546.8
113330.174,40,2491.2,2938.8,2483.2
113330.214,40,2527.8,2914.6,2444
113330.254,40,2546.4,2904,2424.8
113330.294,40,2549,2899.6,2423.4
113330.334,40,2532.2,2893.8,2437.2
113330.374,40,2512.4,2904.4,2448.6
113330.414,40,2507.6,2902,2453.6
113330.454,40,2496.6,2915,2472.4
113330.494,40,2472.2,2932,2504.4
113330.534,40,2437.8,2940.4,2549.4
113330.574,40,2399.4,2939,2605.6
113330.614,40,2352.6,2914.2,2666.4
113330.654,40,2299.4,2872,2736.4
113330.694,40,2254.4,2807.6,2817
113330.734,40,2204.2,2729.8,2886.4
113330.774,40,2169,2640.4,2931
113330.814,40,2144.6,2572.6,2950.2
113330.854,40,2129.4,2533.6,2960.4
113330.894,40,2129.6,2522.6,2955
113330.934,40,2135,2531.2,2941.4
113330.974,40,2140,2546.6,2923.6
113331.014,40,2152.2,2571,2884.2
113331.054,40,2172.6,2612.6,2850.2
113331.094,40,2203.2,2658.6,2794.8
113331.134,40,2238.8,2706.6,2737.2
113331.174,40,2277,2753.8,2677.2
113331.214,40,2319,2803.2,2629.4
113331.254,40,2367.4,2847.6,2581.4
113331.294,40,2411.8,2886.4,2542
113331.334,40,2459,2911.2,2512.4
113331.374,40,2486,2938.2,2496.8
113331.414,40,2501.8,2959.4,2493.8
113331.454,40,2505.8,2983.2,2505.8
113331.494,40,2497.8,2997.4,2524
113331.534,40,2482.8,3002.4,2543
113331.574,40,2464,3008.4,2570
113331.614,40,2423.4,2996,2610
113331.654,40,2376.4,2969.4,2664.6
113331.694,40,2335.4,2930.8,2724.8
113331.734,40,2283.6,2863.2,2792
113331.774,40,2233,2777.2,2854.6
113331.814,40,2188,2675.8,2899.4
113331.854,40,2156.4,2579.4,2921.6
113331.894,40,2127.4,2497.2,2904.6
113331.934,40,2111.4,2422.2,2795.4
113331.974,40,2113.8,2421.6,2762.2
113332.014,40,2119,2455.6,2834.6
113332.054,40,2125,2480.2,2840.2
113332.094,40,2142,2524,2827.8
113332.134,40,2174.4,2593.2,2810.6
113332.174,40,2210.8,2664.2,2760
113332.214,40,2258.4,2742.4,2706.6
113332.254,40,2312.4,2805.8,2635.8
113332.294,40,2370.4,2847.4,2567
113332.334,40,2435.2,2866.2,2502
113332.374,40,2483.8,2876.2,2460.8
113332.414,40,2509.8,2894.2,2444.2
113332.454,40,2511.4,2902,2451
113332.494,40,2501.2,2922.6,2473.4
113332.534,40,2490.4,2941,2494
113332.574,40,2474.8,2959.6,2518.4
113332.614,40,2456.2,2979.6,2557.4
113332.654,40,2427.8,2987.8,2600.2
113332.694,40,2388.8,2970,2648.2
113332.734,40,2342.8,2929.4,2705.2
113332.774,40,2297.8,2881,2770
113332.814,40,2252.6,2819,2828.4
113332.854,40,2209.8,2729.8,2875.8
113332.894,40,2171.4,2638,2908
113332.934,40,2143.2,2554,2902.2
113332.974,40,2128,2505.6,2887
113333.014,40,2124.6,2499.8,2865.6
113333.054,40,2138.4,2518.4,2858.2
113333.094,40,2153.8,2555.6,2849.6
113333.137,43,2174,2617,2832.8
113333.177,40,2203.4,2678.2,2806
113333.217,40,2242.4,2746,2761.8
113333.257,40,2289.6,2806.2,2699.8
113333.297,40,2342.4,2858,2632.8
113333.337,40,2398.2,2891.2,2569.4
113333.377,40,2456.8,2909,2508.4
113333.417,40,2501.8,2906.6,2461.2
113333.457,40,2528.4,2901.4,2436
113333.497,40,2532.6,2904.6,2432.8
113333.537,40,2510.8,2908,2453.4
113333.577,40,2498,2903.6,2470.6
113333.617,40,2479.8,2906.6,2484.6
113333.657,40,2454,2908.2,2510.2
113333.697,40,2417.6,2907.8,2547.2
113333.737,40,2380.6,2891.8,2590.4
113333.777,40,2344.6,2874.2,2641.2
113333.817,40,2303.6,2841.6,2701
113333.857,40,2262.2,2797.2,2759.6
113333.897,40,2221.2,2733.2,2823
113333.937,40,2185.4,2662.2,2881.2
113333.977,40,2155.2,2588.2,2914.8
113334.017,40,2135.4,2529.8,2915.6
113334.057,40,2123.4,2496,2906
113334.097,40,2122.8,2499.8,2902
113334.137,40,2130.6,2517.4,2899
113334.177,40,2140.4,2540.2,2893.2
113334.217,40,2153.4,2584.2,2885.2
113334.257,40,2179,2646,2876
113334.297,40,2215.2,2713.2,2830.8
113334.337,40,2254.8,2779.4,2775.2
113334.377,40,2296.4,2830.8,2700
113334.417,40,2347.2,2854.6,2621.8
113334.457,40,2391.4,2867.4,2550.2
113334.497,40,2432.6,2860.6,2493.8
113334.537,40,2463.4,2843.2,2457.2
113334.577,40,2472.8,2840,2444.8
113334.617,40,2468.6,2840.6,2450.8
113334.657,40,2464.4,2871.2,2474.8
113334.697,40,2458.8,2893.4,2495
113334.737,40,2445.2,2918.8,2523
113334.777,40,2428.6,2939.6,2565.2
113334.817,40,2397,2947,2614
113334.857,40,2357.8,2931.2,2669.2
113334.897,40,2318.6,2893.4,2728.6
113334.937,40,2273.4,2838.4,2793.2
113334.977,40,2225,2764,2860.8
113335.017,40,2186.2,2672,2904
113335.057,40,2152,2588.2,2920.6
113335.097,40,2129.8,2517.6,2903.4
113335.137,40,2122,2484,2883.8
113335.177,40,2122.2,2485,2861.2
113335.217,40,2130,2496.6,2837.8
113335.257,40,2145.8,2522.4,2809.2
113335.297,40,2164.6,2566.8,2788
113335.337,40,2195,2630.8,2771.2
113335.377,40,2233,2713,2739
113335.417,40,2293.4,2794.2,2685.8
113335.457,40,2355,2866.6,2616.2
113335.497,40,2425.4,2914.6,2547.2
113335.537,40,2489,2935.6,2486.4
113335.577,40,2541.4,2945.2,2446
113335.617,40,2568,2944.6,2434.2
113335.657,40,2562.8,2962.2,2444.8
113335.697,40,2544,2981,2465.4
113335.737,40,2518.8,2972.8,2484.6
113335.777,40,2489,2973.2,2511.4
113335.817,40,2454,2960.8,2546.8
113335.857,40,2409.4,2948,2591
113335.897,40,2370,2917.4,2639.8
113335.937,40,2323.8,2884.2,2700
113335.977,40,2274,2831.4,2773.4
113336.017,40,2230.8,2766.4,2845.4
113336.057,40,2191.2,2690.4,2913.6
113336.097,40,2156.6,2606.4,2939.8
113336.137,40,2136,2544,2951.2
113336.177,40,2127.2,2510.6,2940.4
113336.217,40,2125.8,2504.6,2920.6
113336.257,40,2135.2,2516,2906
113336.297,40,2147.8,2550.6,2877.6
113336.337,40,2168.2,2597.4,2827.2
113336.377,40,2204.4,2663.6,2790.4
113336.417,40,2245.6,2728.8,2733.4
113336.457,40,2297.2,2797.2,2661
113336.497,40,2367.4,2859.4,2597.6
113336.537,40,2430.4,2893.8,2528
113336.577,40,2494,2909,2472.6
113336.617,40,2539.6,2937.6,2449
113336.657,40,2550.2,2950.2,2445
113336.697,40,2537.4,2966,2467
113336.737,40,2520.4,2982.4,2491.8
113336.777,40,2489.4,2970.6,2511.8
113336.817,40,2448.2,2964.8,2552.2
113336.857,40,2400.6,2951,2612.2
113336.897,40,2347.6,2908,2664.6
113336.937,40,2295.6,2857.6,2732.6
113336.977,40,2250,2790.4,2798.8
113337.017,40,2206.4,2715.4,2866
113337.057,40,2165.2,2626,2909
113337.097,40,2136.8,2549.4,2924.6
113337.137,40,2125.6,2500,2921.4
113337.177,40,2121.6,2477.8,2916.4
113337.217,40,2118.8,2487.4,2905.6
113337.257,40,2123,2494.6,2892.4
113337.297,40,2135.4,2516.6,2875.2
113337.337,40,2151.6,2561.8,2854.4
113337.377,40,2176.2,2629.4,2837.6
113337.417,40,2213,2686.8,2784.4
113337.457,40,2256.6,2755.4,2725
113337.497,40,2312.6,2825,2657.4
113337.537,40,2373.6,2865.2,2580.6
113337.577,40,2437,2889.6,2513.8
113337.617,40,2495.6,2911.2,2472
113337.657,40,2532,2912.6,2444.2
113337.697,40,2546.6,2937,2443.4
113337.737,40,2534.4,2952.2,2463.4
113337.777,40,2517.4,2962.4,2483
113337.817,40,2494.6,2966.2,2506.6
113337.857,40,2457.2,2967.2,2543.8
113337.897,40,2422.6,2967,2589.4
113337.937,40,2382.6,2945.6,2636.8
113337.977,40,2335.8,2907,2693.2
113338.017,40,2295,2865.4,2759.2
113338.057,40,2247.8,2804.8,2817.2
113338.097,40,2206,2720.8,2877.2
113338.137,40,2170.2,2637.2,2910.4
113338.177,40,2142.2,2564.4,2921.6
113338.217,40,2128.6,2516,2917.6
113338.257,40,2123.8,2496.2,2908.6
113338.297,40,2130.8,2499.6,2885.2
113338.337,40,2132.8,2507.4,2862.4
113338.377,40,2142.4,2530.2,2855.8
113338.417,40,2161,2574,2835
113338.457,40,2189.4,2638,2817
113338.497,40,2228.6,2712.6,2769.2
113338.537,40,2282,2794.8,2706
113338.577,40,2344.4,2869.8,2635
113338.617,40,2415.8,2915,2558
113338.657,40,2492,2936.4,2486.2
113338.697,40,2552.2,2944.6,2441.6
113338.737,40,2598.2,2941.2,2411.4
113338.777,40,2607.4,2948.8,2409.4
113338.817,40,2595.6,2954.6,2421.6
113338.857,40,2576.4,2966.2,2440.2
113338.897,40,2552.8,2971.6,2455.2
113338.937,40,2524.6,2969.8,2478.4
113338.977,40,2484.6,2954.8,2505.2
113339.017,40,2440.2,2938.2,2545.4
113339.057,40,2396,2918,2594.2
113339.097,40,2346,2882.6,2653.8
113339.137,40,2292,2820.4,2719.6
113339.177,40,2243.6,2756,2780
113339.217,40,2201.2,2678.2,2842
113339.257,40,2169,2605,2869.4
113339.297,40,2150.4,2557.4,2880.8
113339.337,40,2141,2538.8,2882.4
113339.377,40,2149,2554.8,2884
113339.417,40,2157.6,2587.4,2880.2
113339.457,40,2174.6,2633.4,2874.8
113339.497,40,2202.8,2692.6,2859
113339.537,40,2231,2758,2826
113339.577,40,2271.2,2824.6,2770.2
113339.617,40,2324.4,2882.4,2702.6
113339.657,40,2380.4,2927.4,2631.4
113339.697,40,2432.2,2937.2,2556.6
113339.737,40,2487.6,2942,2502.6
113339.777,40,2526.4,2928.8,2454.4
113339.817,40,2555.6,2925.6,2429
113339.857,40,2571.8,2906,2407.8
113339.897,40,2576.6,2897.8,2401.6
113339.937,40,2567.2,2904,2413
113339.977,40,2543.8,2899.6,2426
113340.017,40,2542.8,2907.2,2433.2
113340.057,40,2535,2909.6,2434.2
113340.097,40,2530.6,2917.2,2444.2
113340.137,40,2525,2926.8,2456.4
113340.177,40,2516,2934.2,2461.6
113340.217,40,2506,2927.8,2471.6
113340.257,40,2496.4,2923.2,2476
113340.297,40,2488,2912,2478.4
113340.337,40,2476.4,2903.8,2482.8
113340.377,40,2474,2900.4,2483.6
113340.417,40,2477.2,2887.2,2469.8
113340.457,40,2524.2,2869.4,2423.6
113340.497,40,2590.6,2825,2358.2
113340.537,40,2680,2766.2,2292.8
113340.577,40,2775.8,2681.4,2234.8
113340.617,40,2824,2594.6,2188.4
113340.657,40,2854.8,2515.2,2153.8
113340.697,40,2848.4,2458,2137.6
113340.737,40,2832.6,2427.8,2128.8
113340.777,40,2814.4,2446.4,2132.4
113340.817,40,2811.8,2494.4,2157.4
113340.857,40,2771,2564.4,2188.8
113340.897,40,2726.2,2697.8,2250.8
113340.937,40,2610.2,2834.4,2351.4
113340.977,40,2437.4,2868.4,2497.6
113341.017,40,2286.8,2768.8,2659.6
113341.057,40,2188,2600.4,2757.4
113341.097,40,2145.8,2501.4,2780.4
113341.137,40,2167.8,2565.6,2769
113341.177,40,2241.8,2694.4,2704.2
113341.217,40,2356.4,2809.4,2575.8
113341.257,40,2499,2823.6,2419.4
113341.297,40,2663,2778.2,2305.6
113341.337,40,2763.6,2651.4,2229.6
113341.377,40,2765.6,2556.4,2186.4
113341.417,40,2739.4,2570.2,2199
113341.457,40,2760.2,2704.2,2248.2
113341.497,40,2687,2858.6,2332.6
113341.537,40,2515.4,2998.4,2506
113341.577,40,2339,2946.4,2730.4
113341.617,40,2199.8,2695.6,2868
113341.657,40,2130.8,2472.6,2780
113341.697,40,2145.6,2533,2835
113341.737,40,2225.4,2738.2,2841.4
113341.777,40,2350.4,2913.6,2685.6
113341.817,40,2523.8,2937,2466.8
113341.857,40,2693.4,2804,2306.2
113341.897,40,2767.6,2636.8,2217.6
113341.937,40,2765.2,2516.4,2169
113341.977,40,2780.6,2500.2,2163
113342.017,40,2793,2600.8,2201
113342.057,40,2764,2729.8,2253.6
113342.097,40,2672.2,2932.2,2373
113342.137,40,2490.8,3045.8,2560.6
113342.177,40,2304.2,2927.8,2807.2
113342.217,40,2179.2,2692.4,2975.8
113342.257,40,2120.2,2477.6,2890.8
113342.297,40,2133.8,2483.8,2793.2
113342.337,40,2214.8,2733.8,2888.2
113342.377,40,2351.4,2977,2740.6
113342.417,40,2565.6,3031.4,2485.8
113342.457,40,2803.4,2867.4,2299.2
113342.497,40,2899,2633.8,2192.4
113342.537,40,2807.2,2453.4,2139.6
113342.577,40,2753.6,2398.8,2123.4
113342.617,40,2830.6,2443.6,2133.8
113342.657,40,2878.8,2534.2,2161.4
113342.697,40,2873.2,2689.6,2221
113342.737,40,2776.4,2886.4,2313.8
113342.777,40,2577.8,3041,2478
113342.817,40,2368.2,2990.8,2712.4
113342.857,40,2220.6,2786,2914.4
113342.897,40,2137.4,2535.6,2898
113342.937,40,2133.4,2469.6,2786
113342.977,40,2194.2,2692.2,2903.8
113343.017,40,2309.6,2922,2792.4
113343.057,40,2479.6,2990.2,2545.4
113343.097,40,2727.4,2951.6,2355.8
113343.137,40,2882.4,2718,2223.2
113343.177,40,2918.4,2532,2153.8
113343.217,40,2818.6,2401.6,2116.2
113343.257,40,2717.6,2360.6,2113.8
113343.297,40,2812.8,2408.2,2122.2
113343.337,40,2891.2,2499.4,2148
113343.377,40,2881.6,2666,2208
113343.417,40,2776.4,2883.6,2316.8
113343.457,40,2558.8,3038.6,2496
113343.497,40,2337.4,2969.4,2754
113343.537,40,2195.6,2717.6,2942.2
113343.577,40,2121,2459,2838
113343.617,40,2133.8,2483.2,2802.2
113343.657,40,2203.6,2713.4,2871
113343.697,40,2326.8,2891,2714.2
113343.737,40,2512.8,2978.4,2506
113343.777,40,2672.8,2814,2319.6
113343.817,40,2737.4,2632.4,2222
113343.857,40,2818.8,2514.4,2165
113343.897,40,2797.4,2441.6,2143.4
113343.937,40,2775,2432.2,2139
113343.977,40,2840.8,2501,2157.8
113344.017,40,2858.4,2582,2186.4
113344.057,40,2813.4,2715.8,2240.4
113344.097,40,2710.4,2875.4,2334.2
113344.137,40,2543.8,3034.4,2503.8
113344.177,40,2350.2,2980.8,2735
113344.217,40,2212.6,2764.4,2935.8
113344.257,40,2130.2,2507.4,2895.2
113344.297,40,2116.2,2424.8,2786.4
113344.337,40,2153.6,2598.4,2949.6
113344.377,40,2247,2794.8,2832.6
113344.417,40,2398.8,3001.6,2667.4
113344.457,40,2593.2,2985.6,2442.8
113344.497,40,2788.8,2846.8,2296.6
113344.601,104,2793.4,2447.2,2142.8
113344.641,40,2789,2395.2,2123.8
113344.681,40,2786.8,2398.2,2120.6
113344.721,40,2817.8,2436.2,2138
113344.761,40,2845.6,2477.2,2148.2
113344.801,40,2865.8,2547.8,2168.2
113344.841,40,2877.8,2668.6,2211.2
113344.881,40,2824.6,2834,2282.4
113344.921,40,2671,2969.6,2385
113344.961,40,2500.8,3048.6,2550
113345.001,40,2337.4,2952,2738.2
113345.041,40,2215.4,2739.4,2866
113345.081,40,2143.2,2527.6,2855
113345.121,40,2108,2402.2,2775
113345.161,40,2117.2,2479.4,2920.2
113345.201,40,2148,2584.4,2972
113345.241,40,2194.6,2696,2913
113345.281,40,2253,2803,2824.6
113345.321,40,2323.2,2864.4,2681
113345.361,40,2399.4,2874.8,2562.2
113345.401,40,2471,2855.4,2463.2
113345.441,40,2545,2823.4,2390
113345.481,40,2631.4,2814.8,2337.8
113345.521,40,2705.8,2814.4,2307.4
113345.561,40,2741.6,2793,2287.4
113345.601,40,2765.2,2829.4,2293.6
113345.641,40,2776.4,2884.8,2314
113345.681,40,2753.2,2933.4,2339.6
113345.721,40,2718.2,2959.4,2363.2
113345.761,40,2674.4,2995.2,2399.8
113345.801,40,2620,3031.4,2444.2
113345.841,40,2547.8,3035.4,2505.2
113345.881,40,2463,3023.8,2579
113345.921,40,2390.6,2989,2671.6
113345.961,40,2313.6,2925.2,2772
113346.001,40,2256.4,2829.8,2856
113346.041,40,2210.6,2736.4,2905.2
113346.081,40,2184.6,2669.2,2912.6
113346.121,40,2191.6,2670,2867.2
113346.161,40,2214.6,2713.2,2822.6
113346.201,40,2254.4,2764.2,2765.4
113346.241,40,2301.8,2831.4,2705.4
113346.281,40,2361,2902.8,2630.4
113346.321,40,2438.6,2954.8,2559.8
113346.361,40,2525.6,2989.2,2497
113346.401,40,2608.2,3001,2443
113346.441,40,2676.2,2993.2,2393
113346.481,40,2725.6,2965,2360.6
113346.521,40,2749.6,2954.2,2345
113346.561,40,2757.4,2961,2347.6
113346.601,40,2725.8,2958.4,2356.6
113346.641,40,2702.6,2976.8,2373.2
113346.681,40,2668.8,2982.4,2388.4
113346.721,40,2644.2,2993.2,2414.8
113346.761,40,2606.4,3009,2445
113346.801,40,2561,3026.8,2484.4
113346.841,40,2503.8,3038,2538.2
113346.881,40,2440.8,3025.4,2607.4
113346.921,40,2370.8,2983.6,2684.8
113346.961,40,2313.2,2927.4,2774
113347.001,40,2256.8,2841.6,2842
113347.041,40,2224.6,2769.8,2869
113347.081,40,2221.2,2748.4,2848.2
113347.121,40,2234,2735.2,2778.6
113347.161,40,2254,2718.6,2697.6
113347.201,40,2302.6,2806.8,2669
113347.241,40,2365.4,2881.4,2617.6
113347.281,40,2435,2920.4,2546.2
113347.321,40,2509,2945.4,2484.6
113347.361,40,2577.8,2956.2,2433
113347.401,40,2638,2945.6,2392.4
113347.441,40,2679.4,2931.6,2369.2
113347.481,40,2694.4,2930.8,2360.8
113347.521,40,2683,2953.4,2375.2
113347.561,40,2660.6,2979.6,2395.8
113347.601,40,2648,2999.8,2413.2
113347.641,40,2617.2,3008.8,2437.8
113347.681,40,2591.6,3023,2462.2
113347.721,40,2552,3030,2494.4
113347.761,40,2505.2,3023.6,2536.8
113347.801,40,2445.4,3006.2,2583.2
113347.841,40,2392.8,2987.4,2648
113347.881,40,2345.2,2940.4,2713
113347.921,40,2289.6,2868.4,2780.6
113347.961,40,2245,2801,2849.4
113348.001,40,2214.4,2737,2868.4
113348.041,40,2220.8,2732.2,2839.2
113348.081,40,2244.6,2768,2794
113348.121,40,2282.2,2806.8,2731.2
113348.161,40,2322,2852.6,2667.2
113348.201,40,2380.4,2886.4,2600
113348.241,40,2441.8,2922.8,2533.2
113348.281,40,2510.8,2935.2,2476.2
113348.321,40,2574.6,2939.8,2431.8
113348.361,40,2623.6,2957.6,2407.2
113348.401,40,2654.4,2968.6,2395.4
113348.441,40,2667,2990.4,2396.2
113348.481,40,2645.6,3007.4,2417
113348.521,40,2629.8,3018.4,2430.6
113348.561,40,2614,3017.4,2439.2
113348.601,40,2605.8,3026.4,2450.8
113348.641,40,2583.2,3025.6,2467.8
113348.681,40,2544.2,3024.4,2495.6
113348.721,40,2503.8,3029,2534.2
113348.761,40,2458.6,3019.8,2584
113348.801,40,2404,2997.2,2640
113348.841,40,2354.8,2963,2706.8
113348.881,40,2306.8,2915.8,2772
113348.921,40,2274,2865.6,2814.6
113348.961,40,2257,2831,2829.6
113349.001,40,2265.6,2824.6,2799.8
113349.041,40,2280.2,2818.2,2744.2
113349.081,40,2298.2,2814.6,2683
113349.121,40,2326.6,2816.8,2623
113349.161,40,2376.6,2848.8,2578
113349.201,40,2434,2905,2531.8
113349.241,40,2512.6,2936.6,2479.4
113349.281,40,2578.8,2939,2422.6
113349.321,40,2642.6,2921.8,2378
113349.361,40,2698.4,2897.8,2340.8
113349.401,40,2738.6,2863.2,2316
113349.441,40,2774,2849.2,2301.2
113349.481,40,2776.4,2838.4,2291.8
113349.521,40,2764,2854.6,2305
113349.561,40,2747.6,2872,2312.2
113349.601,40,2742.4,2885.8,2323.2
113349.641,40,2745.2,2909,2333
113349.681,40,2747,2936,2340.8
113349.721,40,2734.6,2962.8,2357.6
113349.761,40,2701.4,2976.2,2376.8
113349.801,40,2659.6,2998,2405.8
113349.841,40,2608.4,3013.4,2445
113349.881,40,2544.2,3015,2490.2
113349.921,40,2485.4,3006,2544.4
113349.961,40,2424.8,2990.6,2608.6
113350.001,40,2360.8,2965.2,2690.4
113350.041,40,2307.2,2918.4,2771.2
113350.081,40,2265.4,2851,2842.8
113350.121,40,2230.2,2798.4,2890
113350.161,40,2216.4,2759.8,2904.6
113350.201,40,2222,2747,2880.2
113350.241,40,2222,2750.2,2844.6
113350.281,40,2232.8,2749.8,2804.4
113350.321,40,2244.4,2758.2,2762.4
113350.361,40,2267,2762.4,2709
113350.401,40,2299.4,2794.4,2672.2
113350.441,40,2341.6,2861.4,2644.2
113350.481,40,2392.4,2916.2,2607.6
113350.521,40,2441.2,2968.4,2576.2
113350.561,40,2478,3011.2,2552.4
113350.601,40,2499.6,3046.2,2549.6
113350.641,40,2497.6,3047.4,2551.8
113350.681,40,2482,3045.6,2569.8
113350.721,40,2481.6,3035.8,2567.6
113350.761,40,2506.4,2997.2,2517.8
113350.801,40,2546,2911.4,2437.2
113350.841,40,2586.2,2812.4,2363.8
113350.881,40,2721,2798.8,2300.8
113350.923,42,2836,2703,2229.4
113350.963,40,2943.8,2625.4,2187.6
113351.003,40,2983.6,2542.4,2152.6
113351.043,40,2988.8,2472.4,2131
113351.083,40,2953.2,2427.4,2114.6
113351.124,41,2974,2438.6,2121.2
113351.164,40,2961.6,2476.4,2132.4
113351.204,40,2915.4,2537.6,2159.8
113351.244,40,2806.4,2651,2219
113351.284,40,2683.2,2778.6,2304.6
113351.324,40,2514.4,2899,2451.4
113351.364,40,2346.4,2879.4,2646.4
113351.404,40,2215.2,2693.4,2801
113351.444,40,2138,2512.2,2851.8
113351.484,40,2109.6,2403.8,2783.4
113351.524,40,2134.4,2483.2,2805.6
113351.564,40,2199.6,2667,2822.4
113351.604,40,2313.4,2828,2671.4
113351.644,40,2457.8,2873.6,2495
113351.684,40,2620.8,2802.2,2339.2
113351.724,40,2759.4,2672,2234
113351.764,40,2796.8,2536.2,2172
113351.804,40,2799.2,2465.4,2151.6
113351.844,40,2797,2479.8,2155
113351.884,40,2845.6,2543.2,2174.6
113351.924,40,2853.4,2634.2,2200.6
113351.964,40,2817.6,2791.8,2264.4
113352.004,40,2702.4,2960.2,2370.6
113352.044,40,2522.6,3045,2533.4
113352.084,40,2354.4,2969,2730.2
113352.124,40,2232,2794,2905.6
113352.164,40,2149.2,2568.4,2907.6
113352.204,40,2108.6,2407.8,2781.2
113352.244,40,2116.8,2479.2,2929.4
113352.284,40,2154,2593.6,2953
113352.324,40,2196.6,2710.2,2924.6
113352.364,40,2249.6,2802.8,2823.4
113352.404,40,2318,2872.8,2705
113352.444,40,2371.4,2857.6,2586
113352.484,40,2438.6,2862,2503
113352.524,40,2539.8,2897.2,2431
113352.564,40,2600.8,2830.4,2363.2
113352.604,40,2662.4,2798.2,2316.2
113352.644,40,2693.8,2743.4,2283.4
113352.684,40,2754.8,2727.4,2260
113352.724,40,2788.4,2706.6,2241.6
113352.764,40,2799.6,2701.8,2236.6
113352.804,40,2795.2,2714,2241
113352.844,40,2811,2748.2,2250
113352.884,40,2816.8,2767.8,2257.8
113352.924,40,2811.6,2775.2,2262.8
113352.964,40,2803.4,2780,2264.6
113353.004,40,2813.2,2800.6,2274.8
113353.044,40,2794.8,2791.4,2275.8
113353.084,40,2786.4,2812.6,2282.6
113353.124,40,2776.2,2809.8,2289.6
113353.164,40,2780.6,2827.4,2293.8
113353.204,40,2783,2851.4,2300.8
113353.244,40,2781,2873.8,2309.4
113353.284,40,2782.8,2907.6,2320.8
113353.324,40,2762.8,2923,2331
113353.364,40,2744.4,2956.4,2348.8
113353.404,40,2704.8,2989.2,2383.2
113353.444,40,2644.4,3017.8,2429.2
113353.484,40,2571,3039.2,2484.6
113353.524,40,2487.8,3024.2,2553
113353.564,40,2398.6,2974.8,2632.4
113353.604,40,2319.8,2887.6,2711
113353.644,40,2259.2,2791.6,2782.2
113353.684,40,2211.4,2708.8,2831.8
113353.724,40,2190.4,2657.2,2848.2
113353.764,40,2198.2,2666.4,2824.8
113353.804,40,2220.4,2708.8,2807.8
113353.844,40,2254.2,2754.6,2736.4
113353.884,40,2298,2794.8,2667
113353.924,40,2366.4,2858.8,2593.2
113353.964,40,2443.2,2901.2,2524.8
113354.004,40,2519.8,2922.8,2458.8
113354.044,40,2593.6,2913.8,2406.2
113354.084,40,2646.6,2926.6,2379.4
113354.124,40,2669.8,2941.8,2378.8
113354.164,40,2665.8,2983.8,2401.4
113354.204,40,2641.6,3021.4,2427.2
113354.244,40,2613.6,3040.8,2455.8
113354.284,40,2578.2,3051.6,2486.2
113354.324,40,2538.4,3062.2,2524.4
113354.364,40,2492,3051.4,2565.6
113354.404,40,2436.8,3011.2,2603.2
113354.444,40,2385.2,2947.8,2638
113354.484,40,2332,2891.2,2689.6
113354.524,40,2283.4,2825.2,2739.6
113354.564,40,2236.8,2746.6,2795
113354.604,40,2202.2,2679.4,2839.2
113354.644,40,2171.4,2623.4,2878.8
113354.684,40,2158.8,2593.8,2897
113354.724,40,2163,2598.8,2889.4
113354.764,40,2177.6,2635.8,2878.8
113354.804,40,2203,2690.8,2847
113354.844,40,2240,2750.6,2793.2
113354.884,40,2284.4,2804.6,2719.2
113354.924,40,2336,2837,2632.2
113354.964,40,2401.2,2881.4,2563.2
113355.004,40,2476.6,2914.8,2496.6
113355.044,40,2542.2,2932.6,2446.8
113355.084,40,2590.2,2951,2417.8
113355.124,40,2617.6,2962.2,2413.8
113355.164,40,2614.8,3013.6,2441.2
113355.204,40,2586.8,3047,2480.8
113355.244,40,2549.8,3059.8,2516.6
113355.284,40,2503.6,3062.4,2560.8
113355.324,40,2448,3055.6,2626.6
113355.364,40,2386.4,3013.2,2685
113355.404,40,2325.2,2932.2,2747.6
113355.444,40,2265,2839.2,2809.2
113355.484,40,2217,2733.8,2859
113355.524,40,2176.6,2635,2896.6
113355.564,40,2147.6,2562.8,2916.8
113355.604,40,2132.2,2517.2,2910.8
113355.644,40,2126.8,2511.4,2910.6
113355.684,40,2139.8,2539.6,2903.8
113355.724,40,2165.4,2589.8,2891.6
113355.829,105,2259,2771.4,2753.8
113355.869,40,2316,2832.6,2668
113355.909,40,2384.4,2867.8,2575
113355.949,40,2464.4,2896.4,2497.6
113355.989,40,2544.2,2904,2428.2
113356.029,40,2609.8,2880.6,2380
113356.069,40,2646.4,2868.4,2357
113356.109,40,2677,2885.6,2351.4
113356.149,40,2681,2925.8,2362.4
113356.189,40,2669,2963.6,2385.6
113356.229,40,2649.8,2988.4,2406.4
113356.269,40,2633.2,3013.4,2430
113356.309,40,2611,3042.4,2458.6
113356.349,40,2564.8,3050,2499
113356.389,40,2504.4,3053,2551.8
113356.429,40,2442.2,3032,2616
113356.469,40,2370.4,2976.4,2688.4
113356.509,40,2301.6,2880.8,2755.4
113356.549,40,2244.8,2760.8,2798.6
113356.589,40,2195.4,2659.6,2819.2
113356.629,40,2173.4,2595.2,2838.4
113356.669,40,2168.2,2589,2840.8
113356.709,40,2184,2630.4,2833.2
113356.749,40,2216,2687,2794
113356.789,40,2253.8,2740.8,2735.4
113356.829,40,2304.6,2797.4,2657.6
113356.869,40,2370.2,2842.6,2576.4
113356.909,40,2445.4,2869.6,2494.2
113356.949,40,2528.4,2864.8,2424.6
113356.989,40,2610.4,2848.2,2365.2
113357.029,40,2679.2,2815.2,2320.4
113357.069,40,2727.8,2788.6,2293
113357.109,40,2742.8,2769,2280.8
113357.149,40,2765.2,2819.8,2291.4
113357.189,40,2769.4,2866.8,2307.2
113357.229,40,2775,2919.2,2328.2
113357.269,40,2749.2,2956,2349.4
113357.309,40,2715.8,2983.4,2378.4
113357.349,40,2668.8,3018,2414.6
113357.389,40,2596.4,3026,2461.4
113357.429,40,2514.6,3028,2521.4
113357.469,40,2427.4,2997.4,2605.6
113357.509,40,2347.6,2935.6,2693.2
113357.549,40,2273.8,2838.8,2775.6
113357.589,40,2221.6,2725.6,2830.6
113357.629,40,2189.8,2651.6,2848.8
113357.669,40,2181.2,2625,2844.2
113357.709,40,2191.4,2648,2821
113357.749,40,2219,2685.6,2776.8
113357.789,40,2265.8,2759,2730.6
113357.829,40,2327.2,2845.6,2663.4
113357.869,40,2400.6,2898.6,2575.4
113357.909,40,2484.2,2913.2,2487.6
113357.949,40,2565.2,2903.8,2416.6
113357.989,40,2638,2885.8,2366.2
113358.029,40,2698.2,2882.4,2338
113358.069,40,2729,2896.2,2333.4
113358.109,40,2732.2,2944.4,2350.4
113358.149,40,2717.4,2992.6,2373.4
113358.189,40,2683.4,3010.4,2404.2
113358.229,40,2641.2,3042.8,2440
113358.269,40,2586.6,3064.6,2486
113358.309,40,2517.4,3038.8,2533
113358.349,40,2443.4,3006,2589.2
113358.389,40,2377,2944,2652.4
113358.429,40,2313.4,2878.6,2721.6
113358.469,40,2259,2780.2,2778.6
113358.509,40,2211,2697,2827
113358.549,40,2177,2623,2848.8
113358.589,40,2157.2,2574,2871.4
113358.629,40,2148.8,2571.2,2889
113358.669,40,2158.8,2591,2874.8
113358.709,40,2181.6,2642.8,2877.2
113358.749,40,2211,2710.6,2830.2
113358.789,40,2253.4,2773.4,2772.6
113358.829,40,2302,2829.2,2691.4
113358.869,40,2363.4,2860.8,2605.8
113358.909,40,2430.8,2896.2,2532.2
113358.949,40,2490.8,2900.4,2465.2
113358.989,40,2553.6,2917.4,2430.2
113359.029,40,2598.8,2934.4,2410.2
113359.069,40,2613.2,2964,2415.6
113359.109,40,2608.4,2998.4,2439
113359.149,40,2586.4,3041.8,2475.6
113359.189,40,2557.6,3065.6,2509
113359.229,40,2510,3071.8,2558.2
113359.269,40,2450.6,3058.8,2624.8
113359.309,40,2384.4,3014,2698.2
113359.349,40,2313,2919,2767.4
113359.389,40,2251.8,2811.4,2833
113359.429,40,2195,2690.8,2883
113359.469,40,2150.2,2570.8,2901.6
113359.509,40,2121,2471.2,2890.4
113359.549,40,2109,2403.4,2803.2
113359.589,40,2111,2421.8,2841.2
113359.629,40,2115.2,2431,2856.4
113359.669,40,2110.2,2415.8,2821.6
113359.709,40,2113.4,2431,2840.2
113359.749,40,2115.4,2459,2879
113359.789,40,2123.2,2495,2938.8
113359.829,40,2137.8,2551.8,2951.2
113359.869,40,2163.2,2618.8,2960.4
113359.909,40,2193.8,2701.4,2935.8
113359.949,40,2228.2,2791.6,2906.4
113359.989,40,2268,2864.4,2857
113360.029,40,2302.6,2922.6,2815.4
113360.069,40,2318,2938.6,2787.6
113360.109,40,2309,2929.2,2806.4
113360.149,40,2284.8,2901.6,2837.6
113360.189,40,2258.2,2852.6,2867.8
113360.229,40,2228.4,2792,2906.8
113360.269,40,2192.4,2701.6,2919.8
113360.309,40,2161.2,2618.2,2941.4
113360.349,40,2132.2,2527.8,2932.8
113360.389,40,2111,2439.6,2834.6
113360.429,40,2105.8,2400,2785.4
113360.469,40,2112.4,2429.4,2842.4
113360.509,40,2119.6,2451.6,2866.6
113360.549,40,2122.2,2484,2909.2
113360.589,40,2141.6,2541.8,2921.8
113360.629,40,2166.4,2629.8,2920.2
113360.669,40,2209.4,2724,2880.4
113360.709,40,2263.4,2812,2796.6
113360.749,40,2325,2883.4,2703.4
113360.789,40,2378.6,2913.2,2610.8
113360.829,40,2434.6,2918,2540.6
113360.869,40,2469.4,2912.2,2497.2
113360.909,40,2483.8,2913.6,2483.8
113360.949,40,2458.6,2912.8,2503
113360.989,40,2445.2,2917.8,2530
113361.029,40,2416,2934,2580.8
113361.069,40,2381.6,2953.8,2643.4
113361.109,40,2338.2,2940.6,2718.8
113361.149,40,2291,2879.4,2785.2
113361.189,40,2241,2806.6,2855.4
113361.229,40,2199.6,2716.6,2921
113361.269,40,2163.4,2617.4,2954.4
113361.309,40,2130.2,2523.4,2949.2
113361.349,40,2109.8,2416,2789.4
113361.389,40,2107,2389,2715.2
113361.429,40,2116.6,2428.8,2784.2
113361.469,40,2122.4,2459.2,2783.4
113361.509,40,2139.8,2496.4,2779.6
113361.549,40,2163,2559.2,2777.8
113361.589,40,2197,2620.6,2756
113361.629,40,2235.6,2707.2,2726.8
113361.669,40,2287.4,2782.2,2682.4
113361.709,40,2334.6,2836,2626
113361.749,40,2377.6,2873.4,2584
113361.789,40,2408.6,2886.8,2550
113361.829,40,2414.6,2903.2,2549.8
113361.869,40,2394.4,2901,2581.2
113361.909,40,2367.8,2887.6,2615.4
113361.949,40,2334.8,2858.4,2654.2
113361.989,40,2292.6,2807.6,2691.6
113362.029,40,2251.6,2737.2,2725.8
113362.069,40,2206.6,2646.8,2740
113362.109,40,2166.2,2555.8,2748.2
113362.149,40,2136.2,2478.2,2751.4
113362.189,40,2115.8,2420.6,2742.2
113362.229,40,2106.8,2380.6,2715.6
113362.269,40,2115,2420.8,2764.2
113362.309,40,2123.2,2455,2780.8
113362.349,40,2144,2510.8,2788
113362.389,40,2169,2577.2,2773.4
113362.429,40,2211.4,2644,2735.2
113362.469,40,2260.4,2719.6,2668.4
113362.509,40,2318.8,2771.6,2598.6
113362.549,40,2372.6,2811.8,2538.8
113362.589,40,2427.2,2824.2,2486
113362.629,40,2465.8,2844.6,2452.4
113362.669,40,2484.2,2858.8,2443.8
113362.709,40,2480.6,2878.2,2459.6
113362.749,40,2460.8,2901,2496.4
113362.789,40,2428,2914,2543.4
113362.829,40,2391.4,2910.8,2596.4
113362.869,40,2340.6,2891.4,2666
113362.909,40,2291.2,2852.4,2745.6
113362.949,40,2242.8,2778.6,2825.8
113362.989,40,2192.2,2682.8,2883.8
113363.029,40,2149.8,2579,2900.6
113363.069,40,2125.2,2488.6,2883.2
113363.109,40,2101.8,2380,2697.4
113363.149,40,2108.4,2387.8,2682.8
113363.189,40,2119.8,2430.4,2747
113363.229,40,2124.4,2447,2735.8
113363.269,40,2140.6,2490.2,2728.4
113363.309,40,2169.8,2549.8,2716.4
113363.349,40,2210.2,2625.2,2682.8
113363.389,40,2258.4,2688.6,2633.6
113363.429,40,2315.6,2749,2570
113363.469,40,2374.2,2788.4,2513.8
113363.509,40,2431.2,2823,2474
113363.549,40,2474,2840.8,2442.8
113363.589,40,2492.6,2859.6,2442.6
113363.629,40,2484.2,2888,2464.6
113363.669,40,2460.2,2898.2,2495.8
113363.709,40,2435.2,2901,2532.2
113363.749,40,2395.6,2890.8,2578.2
113363.789,40,2353.8,2878.8,2628.6
113363.829,40,2309.2,2833.4,2685.8
113363.869,40,2257,2765.2,2734.6
113363.909,40,2211.8,2678.8,2764.8
113363.949,40,2171.4,2581.4,2768.6
113363.989,40,2142.6,2495.2,2750.6
113364.029,40,2117,2430.2,2731
113364.069,40,2110.2,2397.4,2707.4
113364.109,40,2117.6,2423.4,2734.6
113364.149,40,2130.2,2466.4,2757.2
113364.189,40,2150.6,2528,2761
113364.229,40,2188.2,2601.6,2746.8
113364.269,40,2233.6,2687.6,2700.2
113364.309,40,2293.6,2758,2631.8
113364.349,40,2357.2,2801.4,2552.2
113364.389,40,2417,2823.6,2487.2
113364.429,40,2467.6,2820.4,2437.4
113364.469,40,2505.4,2822,2407.2
113364.509,40,2512.2,2819.8,2400.4
113364.549,40,2495.2,2828,2418
113364.589,40,2459.2,2831.4,2450.6
113364.629,40,2421.8,2828,2484
113364.669,40,2379.8,2818.2,2529.4
113364.709,40,2339,2795.4,2572.8
113364.749,40,2290.8,2757.4,2628.2
113364.789,40,2252,2712,2687.6
113364.829,40,2205.6,2649.4,2750.8
113364.869,40,2165,2574.2,2804.8
113364.909,40,2131.8,2486.2,2817.4
113364.949,40,2109.2,2398.8,2734.2
113364.989,40,2110.8,2403.4,2734.8
113365.029,40,2121.2,2453.4,2775.2
113365.069,40,2141.2,2510.2,2799.2
113365.109,40,2174.6,2587,2786
113365.149,40,2215.8,2665.2,2753.2
113365.189,40,2267.2,2738,2674
113365.229,40,2333.6,2806.2,2602
113365.269,40,2396,2830.6,2521
113365.309,40,2454.6,2835.8,2465.8
113365.349,40,2484.4,2826.2,2428.4
113365.389,40,2498.2,2825.4,2417.2
113365.429,40,2486,2835,2432.4
113365.469,40,2470.6,2851.8,2456
113365.509,40,2453.8,2859.4,2472.8
113365.549,40,2424.2,2861,2505.2
113365.589,40,2390,2856,2549
113365.629,40,2348.6,2833.6,2601.2
113365.669,40,2302.2,2797.2,2658.2
113365.709,40,2253.4,2738,2712.8
113365.749,40,2207.8,2661.2,2761
113365.789,40,2168.2,2573,2787.2
113365.829,40,2138.2,2490.6,2775.8
113365.869,40,2118,2427,2748.4
113365.909,40,2107.6,2388.4,2696
113365.949,40,2112.6,2418.2,2733.6
113365.989,40,2126.8,2442.2,2736.6
113366.029,40,2144,2485.8,2736.2
113366.069,40,2169.4,2544,2718.2
113366.109,40,2205.2,2616.4,2688.4
113366.149,40,2254.8,2679.2,2632.6
113366.189,40,2306.2,2729,2574.4
113366.229,40,2357,2761,2512.8
113366.269,40,2403,2782,2470.6
113366.309,40,2436,2819.6,2462
113366.349,40,2450.2,2855.4,2476.8
113366.389,40,2441.8,2886.8,2508
113366.429,40,2414.8,2898.2,2544
113366.469,40,2380.4,2881.8,2587.6
113366.509,40,2339,2859.6,2636.2
113366.549,40,2291.2,2816.6,2706
113366.589,40,2245,2751.4,2760.2
113366.629,40,2204,2670.8,2798.8
113366.669,40,2169.2,2585,2811.6
113366.709,40,2139,2504.2,2784.2
113366.749,40,2123,2444,2752
113366.789,40,2111.8,2411.6,2725.6
113366.829,40,2117.8,2421.6,2742.2
113366.869,40,2125.2,2447,2750.8
113366.909,40,2136,2488.6,2763.4
113366.949,40,2163,2553,2772.4
113367.054,105,2274,2748,2664.8
113367.094,40,2328.8,2799.6,2604.4
113367.134,40,2378.4,2835.4,2546.4
113367.174,40,2417.8,2854.2,2511.6
113367.214,40,2434.2,2874.2,2502.6
113367.254,40,2434.6,2889.6,2519.4
113367.294,40,2419.6,2890.2,2540.2
113367.334,40,2395.6,2890.2,2567.8
113367.374,40,2374.2,2884.8,2601.4
113367.414,40,2337.8,2866.2,2652.2
113367.454,40,2297.8,2834.2,2703
113367.494,40,2256.2,2771.4,2758.8
113367.534,40,2217.4,2704.8,2806
113367.574,40,2176.4,2622.4,2841
113367.614,40,2143.4,2532.6,2827.8
113367.654,40,2120.6,2451.6,2774.4
113367.694,40,2109.2,2387.2,2692
113367.734,40,2105.4,2384.6,2691.2
113367.774,40,2115.8,2414.8,2727.2
113367.814,40,2124,2456,2741.2
113367.854,40,2146.6,2505,2750.8
113367.894,40,2175,2574.2,2748.4
113367.934,40,2211.8,2655.8,2735.4
113367.974,40,2254.8,2734.2,2696.4
113368.014,40,2302.8,2792.6,2645.4
113368.054,40,2352.6,2837.6,2592
113368.094,40,2392.6,2857.8,2551
113368.134,40,2422.6,2874.2,2525.6
113368.174,40,2428.4,2877.4,2521.8
113368.214,40,2415.4,2884.6,2535.8
113368.254,40,2398.8,2886,2559
113368.294,40,2388.2,2883,2580.8
113368.334,40,2356.6,2868.6,2617.2
113368.374,40,2315.2,2836.2,2666.4
113368.414,40,2275.2,2789.8,2714.6
113368.454,40,2230.4,2729,2766
113368.494,40,2198,2656,2805.4
113368.534,40,2166.6,2582.6,2830
113368.574,40,2136.8,2508.6,2831.4
113368.614,40,2119.4,2452.4,2823.4
113368.654,40,2111.8,2405.6,2743
113368.694,40,2114.2,2439.4,2793.4
113368.734,40,2129.6,2464.2,2780.8
113368.774,40,2143.8,2507.8,2767
113368.814,40,2176,2563.2,2745.2
113368.854,40,2209.8,2630.2,2696.6
113368.894,40,2264.4,2697.2,2637.2
113368.934,40,2322.4,2754,2563
113368.974,40,2388.6,2781.6,2492.4
113369.014,40,2447.8,2811.4,2448.6
113369.054,40,2497.4,2843,2426.6
113369.094,40,2523.6,2873,2422
113369.134,40,2530.2,2904.6,2439.4
113369.174,40,2509,2929.2,2468.6
113369.214,40,2490.4,2932.6,2487.8
113369.254,40,2460.4,2939.4,2517.2
113369.294,40,2427.8,2931.6,2555.2
113369.334,40,2390.6,2903.6,2598.2
113369.374,40,2344.2,2862.4,2633.2
113369.414,40,2294.6,2798.6,2669.2
113369.454,40,2252.8,2715.6,2683.6
113369.494,40,2206,2634.6,2711
113369.534,40,2173.6,2565,2739.6
113369.574,40,2142.8,2502.6,2763
113369.614,40,2118.2,2449.4,2795.4
113369.654,40,2111.2,2409.4,2777.6
113369.694,40,2115.8,2436.2,2826.2
113369.734,40,2119.8,2470.2,2877
113369.774,40,2134.6,2512.4,2881.8
113369.814,40,2153,2560.2,2853.6
113369.854,40,2179.2,2614.2,2812
113369.894,40,2216.4,2668.2,2754.2
113369.934,40,2245.2,2702.6,2685
113369.974,40,2281.6,2740.6,2634.4
113370.014,40,2315,2772.2,2601.6
113370.054,40,2338.2,2808.2,2591.2
113370.094,40,2351.6,2838.2,2599
113370.134,40,2349.4,2859.6,2617.8
113370.174,40,2341,2865,2647
113370.214,40,2331.4,2870.8,2669.2
113370.254,40,2314.6,2858.4,2694.4
113370.294,40,2289.2,2835.8,2732.6
113370.334,40,2261.2,2795.4,2781.6
113370.374,40,2227.6,2740.4,2822.6
113370.414,40,2192.8,2678.8,2857.8
113370.454,40,2166.8,2602.6,2879.6
113370.494,40,2139,2527.8,2876.6
113370.534,40,2118.2,2465.2,2855.8
113370.574,40,2106.2,2402.2,2744
113370.614,40,2114.8,2416.4,2746
113370.654,40,2117,2438.6,2780.8
113370.694,40,2121.4,2452.6,2783
113370.734,40,2135.8,2492.8,2771.8
113370.774,40,2161.2,2536.4,2751.8
113370.814,40,2187,2596,2723.4
113370.854,40,2229.4,2657.8,2681.2
113370.894,40,2275.2,2714.2,2622.2
113370.934,40,2330,2762,2563
113370.974,40,2381,2785.2,2500.4
113371.014,40,2431.4,2797.4,2453.6
113371.054,40,2461.4,2808.6,2428.4
113371.094,40,2485.2,2829.4,2426.8
113371.134,40,2484.4,2850,2445.4
113371.174,40,2468.6,2864.4,2465.6
113371.214,40,2456.2,2868.6,2482
113371.254,40,2437.6,2881.4,2511.6
113371.294,40,2406.8,2888.6,2554.8
113371.334,40,2362.6,2882.6,2613.8
113371.374,40,2319.8,2850,2673.8
113371.414,40,2278,2809.8,2738.6
113371.454,40,2235.2,2752.8,2800.8
113371.494,40,2195.4,2676.2,2846.4
113371.534,40,2162.4,2596.2,2875.2
113371.574,40,2134.8,2523.6,2876.6
113371.614,40,2115.2,2458.6,2844.2
113371.654,40,2109.6,2385,2678
113371.694,40,2114.2,2417,2714.2
113371.734,40,2127.2,2437.4,2716.2
113371.774,40,2140.2,2472,2724
113371.814,40,2160.2,2526.4,2714.6
113371.854,40,2192.8,2587.4,2697.2
113371.894,40,2230.4,2652.6,2652.4
113371.934,40,2277.8,2714.8,2616.4
113371.974,40,2325.6,2778.8,2581
113372.014,40,2371.4,2826,2550.2
113372.054,40,2401.4,2851.6,2533.6
113372.094,40,2410.2,2873.6,2536.6
113372.134,40,2396.6,2881.8,2564.2
113372.174,40,2377.6,2884.2,2597.6
113372.214,40,2355.6,2878,2624.2
113372.254,40,2325.4,2864,2668.6
113372.294,40,2293.2,2833,2714.6
113372.334,40,2260.8,2785.6,2763.8
113372.374,40,2221.6,2720.6,2805
113372.414,40,2191,2647.6,2837.8
113372.454,40,2156.8,2572.4,2857
113372.494,40,2130.6,2495,2847.2
113372.534,40,2113,2418.4,2746.8
113372.574,40,2107,2379.6,2674.4
113372.614,40,2111.6,2411,2722
113372.654,40,2117.4,2422.2,2722.8
113372.694,40,2129,2441,2719.4
113372.734,40,2141.4,2479.8,2725.6
113372.774,40,2164.2,2532.2,2714.8
113372.814,40,2197.8,2596,2692
113372.854,40,2236.8,2662.2,2662.2
113372.894,40,2279,2728,2627.2
113372.934,40,2327.8,2771.2,2591.6
113372.974,40,2361.2,2810,2555
113373.014,40,2381.6,2833.2,2542.4
113373.054,40,2385.8,2839.8,2545.8
113373.212,158,2301.2,2787.4,2645.2
113373.252,40,2261.2,2737,2676.6
113373.292,40,2221.6,2669,2713.8
113373.332,40,2180.6,2594.8,2754
113373.372,40,2150.2,2519.4,2782.4
113373.412,40,2122,2456.4,2792.8
113373.452,40,2110.4,2387.4,2726
113373.492,40,2103.6,2393.2,2754.4
113373.532,40,2113.8,2431.8,2812.2
113373.572,40,2111.2,2440.8,2833.2
113373.612,40,2114.6,2461.6,2849.2
113373.652,40,2124.6,2481,2839.6
113373.692,40,2138.6,2513.6,2826
113373.732,40,2160.8,2560,2801
113373.772,40,2187.6,2605,2744.4
113373.812,40,2220.8,2649.6,2699.6
113373.852,40,2254.2,2692.4,2657.2
113373.892,40,2282.6,2726.2,2614.8
113373.932,40,2317,2755.8,2577.6
113373.972,40,2341.8,2777.8,2558.8
113374.012,40,2357,2814.4,2570.6
113374.052,40,2356.4,2839,2596.4
113374.092,40,2343.2,2856.8,2630
113374.132,40,2324.6,2859.4,2665.6
113374.172,40,2306.6,2842.6,2704.6
113374.212,40,2277,2814.8,2744.8
113374.252,40,2244.8,2770.8,2798.8
113374.292,40,2210.8,2704,2848.6
113374.332,40,2169.8,2626.4,2895.2
113374.372,40,2143.6,2545.2,2901.2
113374.412,40,2119.6,2485,2884.8
113374.452,40,2111.4,2409.6,2749.2
113374.492,40,2114.4,2428.4,2758.4
113374.532,40,2119.2,2436.8,2755.6
113374.572,40,2128.8,2458.6,2747
113374.612,40,2143,2497.6,2740.8
113374.652,40,2166.4,2543.2,2729
113374.692,40,2195,2611.4,2714
113374.732,40,2238,2682.6,2686.2
113374.772,40,2286,2760.8,2652.4
113374.812,40,2339.4,2823.4,2598.8
113374.852,40,2395.8,2860.2,2545.6
113374.892,40,2440.8,2885.6,2508.2
113374.932,40,2468.6,2906.2,2493.4
113374.972,40,2472.4,2909.2,2495.6
113375.012,40,2450.8,2911.6,2513
113375.052,40,2430.6,2904.2,2538
113375.092,40,2404.2,2890.6,2559.6
113375.132,40,2368.4,2876.8,2594.4
113375.172,40,2325.8,2835,2638.2
113375.212,40,2281.4,2777.4,2679.4
113375.252,40,2240.2,2705.6,2714
113375.292,40,2200.8,2628.8,2745.4
113375.332,40,2164.2,2555.6,2757.6
113375.372,40,2137.2,2486.8,2769
113375.412,40,2119.2,2439.8,2767.6
113375.452,40,2114.2,2419.6,2751.8
113375.492,40,2115,2444.2,2792.6
113375.532,40,2121.6,2463.6,2800.4
113375.572,40,2138.2,2499.8,2800
113375.612,40,2157.4,2548,2789.8
113375.652,40,2184.6,2605.8,2758.4
113375.692,40,2218.4,2666.6,2715
113375.732,40,2262.8,2710.2,2654.6
113375.772,40,2301.4,2745.2,2597.2
113375.812,40,2338.8,2768.6,2550.2
113375.852,40,2364.8,2786.2,2520.6
113375.892,40,2379.2,2792.6,2512.8
113375.932,40,2376,2803.2,2524.6
113375.972,40,2361.2,2818.8,2559.8
113376.012,40,2354.8,2829.6,2584.4
113376.052,40,2329.2,2830,2630
113376.092,40,2301.4,2813.4,2679
113376.132,40,2264,2780.8,2738.4
113376.172,40,2228.6,2727.6,2791.4
113376.212,40,2194.8,2667,2831.2
113376.252,40,2161.6,2593,2859.6
113376.292,40,2137.6,2521.2,2869.4
113376.332,40,2115.6,2464,2852.2
113376.372,40,2112.8,2415.4,2744.2
113376.412,40,2116.4,2431.4,2776.4
113376.452,40,2114.8,2434,2772.2
113376.492,40,2118.2,2448,2765.4
113376.532,40,2134.4,2486,2769.4
113376.572,40,2162.4,2538.2,2753.4
113376.612,40,2191.4,2602.6,2726.8
113376.652,40,2225.8,2665,2692.6
113376.692,40,2272.6,2721.2,2645.8
113376.732,40,2307.2,2759.2,2593.6
113376.772,40,2335.6,2782,2562.2
113376.812,40,2355.8,2795.4,2545.8
113376.852,40,2357.8,2805.4,2549.8
113376.892,40,2346,2812.2,2579.6
113376.932,40,2330.2,2810.2,2600.8
113376.972,40,2317,2798.6,2625.4
113377.012,40,2290.6,2780.8,2668.2
113377.052,40,2262.4,2749.4,2705.4
113377.092,40,2227.8,2704.2,2742.2
113377.132,40,2200,2644.8,2780.2
113377.172,40,2167.6,2585.2,2806.4
113377.212,40,2142.2,2520,2817.8
113377.252,40,2119,2460.6,2806.4
113377.292,40,2110,2404,2726.2
113377.332,40,2112.6,2404.2,2708
113377.372,40,2119,2423.6,2747.2
113377.412,40,2119.8,2434.2,2748.4
113377.452,40,2130.6,2465,2755
113377.492,40,2149.4,2512.2,2749.4
113377.532,40,2173.2,2566,2736
113377.572,40,2205.8,2629,2709.2
113377.612,40,2243.4,2683.6,2661.6
113377.652,40,2286.8,2729.4,2609
113377.692,40,2322.2,2762,2567.6
113377.732,40,2351.8,2786,2542
113377.772,40,2366.6,2798.8,2530.6
113377.812,40,2367.6,2811.4,2542
113377.852,40,2358.2,2816.6,2564.4
113377.892,40,2342,2815.2,2592.8
113377.932,40,2317.2,2803.8,2628.8
113377.972,40,2286,2779.6,2674.4
113378.012,40,2254.2,2746.2,2717.4
113378.052,40,2221.2,2697.2,2771.6
113378.092,40,2186.4,2636.4,2816.4
113378.132,40,2158.4,2571,2845.8
113378.172,40,2134.6,2508.4,2854
113378.212,40,2122.8,2457,2849.6
113378.252,40,2114.4,2416.6,2766.8
113378.292,40,2115.2,2437,2806.6
113378.332,40,2120.8,2446.2,2810.4
113378.372,40,2122.2,2462.2,2809.2
113378.412,40,2130.4,2486.6,2805.6
113378.452,40,2150.6,2527.2,2780.4
113378.492,40,2170.4,2565.4,2738.2
113378.532,40,2202.4,2616,2705.2
113378.572,40,2237,2665,2657.4
113378.612,40,2274.2,2709,2618.2
113378.652,40,2313,2748,2574.2
113378.692,40,2345.4,2768.2,2539.2
113378.732,40,2372.8,2797.4,2521
113378.772,40,2379.2,2818.2,2534.4
113378.812,40,2375.2,2836.4,2555.4
113378.852,40,2367.2,2857,2584.4
113378.892,40,2353,2861.2,2618.8
113378.932,40,2324,2853.4,2661.6
113378.972,40,2289.6,2826.8,2721.4
113379.012,40,2250.2,2785.8,2790
113379.052,40,2213.6,2728.4,2856.2
113379.092,40,2179,2647.2,2896.4
113379.132,40,2149.8,2566.2,2916
113379.172,40,2123,2496.4,2897.8
113379.212,40,2114.6,2437.8,2805.8
113379.252,40,2116.2,2429.4,2769.2
113379.292,40,2115.8,2434.8,2767.2
113379.332,40,2121.4,2437.8,2747.4
113379.372,40,2127.8,2455.4,2742.6
113379.412,40,2147.6,2493.2,2734.8
113379.452,40,2170.6,2550.4,2718.6
113379.492,40,2200.2,2618.4,2700.8
113379.532,40,2247,2687.2,2659.6
113379.572,40,2302,2764.4,2625.6
113379.612,40,2358,2831.2,2583
113379.652,40,2416.2,2886.6,2535.2
113379.692,40,2476.4,2919.8,2492
113379.732,40,2538.6,2952.4,2456.4
113379.772,40,2567,2927.8,2427.8
113379.812,40,2582,2924.8,2413.6
113379.852,40,2581.2,2954.4,2428.4
113379.892,40,2546.6,2939.4,2443.4
113379.932,40,2518,2928.2,2457.8
113379.972,40,2476.8,2904.6,2479.8
113380.012,40,2431.2,2881.6,2517.4
113380.052,40,2378,2847.4,2562
113380.092,40,2321.6,2789.8,2606.4
113380.132,40,2263,2714.2,2651.8
113380.172,40,2210.8,2635,2696.4
113380.212,40,2168.6,2554.6,2725.8
113380.252,40,2145,2501.2,2742.2
113380.292,40,2133,2474.2,2752.6
113380.332,40,2129.2,2475.6,2778.2
113380.372,40,2138.2,2509.4,2815
113380.412,40,2155.2,2560.6,2836.8
113380.452,40,2177.4,2628,2846.2
113380.492,40,2213.6,2706.2,2814.2
113380.532,40,2260.4,2778.8,2740.4
113380.572,40,2322.4,2827,2644
113380.612,40,2385.2,2844.2,2543.4
113380.652,40,2438,2824.2,2464.6
113380.692,40,2484,2802.6,2404.6
113380.732,40,2529.4,2778.2,2368.6
113380.772,40,2553.2,2766.2,2344.4
113380.812,40,2564,2756.8,2331.8
113380.852,40,2564.2,2767.6,2338.6
113380.892,40,2554,2795.6,2360.8
113380.932,40,2554.2,2824.6,2373.4
113380.972,40,2554.6,2855.2,2392.6
113381.012,40,2540.8,2884,2417
113381.052,40,2519.8,2908.2,2449.2
113381.092,40,2491.6,2920.6,2484.6
113381.132,40,2443.6,2928.8,2534.8
113381.172,40,2394.2,2917.2,2596.6
113381.212,40,2332.8,2879.4,2670.4
113381.252,40,2273,2815,2753.8
113381.292,40,2221.6,2730.8,2814.2
113381.332,40,2190,2654.6,2845.2
113381.372,40,2173,2608.6,2839.8
113381.412,40,2177.2,2597.8,2804.4
113381.452,40,2188.4,2614,2757
113381.492,40,2209.2,2635,2709
113381.532,40,2234.6,2672.4,2667.8
113381.572,40,2279.2,2719.2,2617
113381.612,40,2324.2,2759.2,2563.2
113381.652,40,2380.6,2798.6,2512.2
113381.692,40,2435.6,2828.8,2473.2
113381.732,40,2487.4,2855,2440.2
113381.772,40,2526.2,2873.8,2423
113381.812,40,2550,2891.8,2412.8
113381.852,40,2556.4,2907.6,2419.8
113381.892,40,2546.4,2926.2,2435.4
113381.932,40,2538.8,2944.2,2454.4
113381.972,40,2529.6,2961,2470.6
113382.012,40,2514.8,2951,2484.4
113382.052,40,2496.4,2959,2506.2
113382.092,40,2460.2,2957.8,2535.2
113382.132,40,2422,2935,2567.8
113382.172,40,2381.6,2910.2,2606.2
113382.212,40,2338.2,2872.8,2650.4
113382.252,40,2289.8,2807.2,2697.2
113382.292,40,2240.4,2725.8,2734.6
113382.332,40,2202,2638.6,2748.4
113382.372,40,2178,2581.4,2749.8
113382.412,40,2171,2565.6,2746.8
113382.452,40,2174.8,2577.8,2747.4
113382.492,40,2191.2,2609.6,2749.4
113382.532,40,2206.8,2653,2751.2
113382.572,40,2235.4,2703.4,2727.6
113382.612,40,2263,2751.2,2696.2
113382.652,40,2304.4,2795.8,2651.8
113382.692,40,2349,2836.4,2600
113382.732,40,2394.8,2861,2549
113382.772,40,2442.4,2871.6,2504.4
113382.812,40,2477,2875.8,2462.4
113382.852,40,2499.8,2869.6,2438.6
113382.892,40,2512.6,2861.6,2424.6
113382.932,40,2513.6,2863.4,2426
113382.972,40,2501.8,2870,2436.2
113383.012,40,2481,2873.8,2458.8
113383.052,40,2464,2888.8,2483.4
113383.092,40,2443,2905.8,2514.2
113383.132,40,2410.6,2917.2,2560
113383.172,40,2375.2,2904.4,2616.2
113383.212,40,2337.4,2902.6,2689.8
113383.252,40,2291.2,2859.8,2768.8
113383.292,40,2246.6,2794.8,2834.2
113383.332,40,2199.8,2707,2896
113383.372,40,2160.8,2601.4,2909.8
113383.412,40,2134.2,2514.2,2889.4
113383.452,40,2116,2454.8,2851.4
113383.492,40,2115,2424.8,2758.6
113383.532,40,2117.2,2444.2,2767.8
113383.572,40,2131.4,2463,2748.4
113383.612,40,2143.8,2490.4,2736.6
113383.652,40,2165.8,2543.6,2724.2
113383.692,40,2203.4,2615.6,2700
113383.732,40,2249.2,2689.6,2656.8
113383.772,40,2301.4,2763,2612.4
113383.812,40,2362.8,2821.2,2565.4
113383.852,40,2422.6,2861.2,2507.8
113383.892,40,2474.8,2878.6,2467.4
113383.932,40,2511.4,2887,2439.6
113383.972,40,2526,2889.4,2436.4
113384.012,40,2515.4,2905.2,2447.6
113384.052,40,2496,2917.2,2470.6
113384.092,40,2476.6,2918.2,2489.4
113384.132,40,2449.2,2920,2522.6
113384.172,40,2415.6,2920,2566
113384.212,40,2372.8,2892,2605
113384.252,40,2330.2,2858.4,2651.2
113384.292,40,2292,2803.6,2692.8
113384.332,40,2245,2736.4,2731.2
113384.372,40,2203,2652.4,2750.8
113384.412,40,2168.8,2566.4,2746.8
113384.452,40,2142.6,2493.4,2745
113384.492,40,2125,2449.2,2739
113384.532,40,2119.2,2439.8,2742.2
113384.572,40,2128.8,2457.4,2757.6
113384.612,40,2132.2,2491.4,2791
113384.652,40,2146.8,2534,2819.2
113384.692,40,2171.4,2600,2827.4
113384.732,40,2208.6,2692.6,2821.4
113384.772,40,2255.2,2781.6,2768.8
113384.812,40,2317.4,2862.8,2702
113384.852,40,2374.4,2915.8,2623.8
113384.892,40,2439.8,2950.4,2556.2
113384.932,40,2485.8,2952.8,2510.6
113384.972,40,2500,2950.4,2490.2
113385.012,40,2488.8,2945.8,2492.8
113385.052,40,2470.2,2930.6,2508.2
113385.092,40,2451.2,2924.2,2521.6
113385.132,40,2428,2904.2,2536.8
113385.172,40,2394.2,2890.8,2567.2
113385.212,40,2360,2865,2603.2
113385.252,40,2316,2823.2,2638.2
113385.292,40,2273,2763.2,2679.4
113385.332,40,2231.4,2705.8,2720.8
113385.372,40,2198,2634.8,2764.6
113385.412,40,2158.4,2558.6,2793.2
113385.452,40,2132.2,2492.4,2800.4
113385.492,40,2117,2441.6,2801.8
113385.532,40,2113.2,2416.6,2762.6
113385.572,40,2120.2,2451.8,2809
113385.612,40,2125,2472.6,2826.8
113385.652,40,2140,2513.2,2831.2
113385.692,40,2162.2,2579.2,2827.8
113385.732,40,2199.8,2659,2798.6
113385.772,40,2238.4,2735.4,2750.8
113385.812,40,2284.2,2796.4,2679.6
113385.852,40,2339.8,2833.6,2609.4
113385.892,40,2388.4,2859.6,2545.6
113385.932,40,2431.8,2865,2506.8
113385.972,40,2448.4,2859.6,2478.8
113386.012,40,2438.6,2861.8,2495.4
113386.052,40,2421.4,2857.2,2512.8
113386.092,40,2403.6,2857,2529.6
113386.132,40,2382.6,2858,2562
113386.172,40,2352.6,2849.6,2605.6
113386.212,40,2314.6,2822.4,2662.2
113386.252,40,2265.6,2778,2712
113386.292,40,2228.6,2711.8,2771.4
113386.332,40,2188.6,2637,2820.4
113386.372,40,2151.2,2558.8,2843
113386.412,40,2126.8,2490.2,2838.4
113386.452,40,2116.4,2423.4,2767.6
113386.492,40,2111.8,2406.8,2724.6
113386.532,40,2115.6,2434.6,2786.8
113386.572,40,2119.6,2449.4,2791.6
113386.612,40,2132.2,2478.8,2785
113386.652,40,2151,2539,2786.2
113386.692,40,2181.4,2603.6,2755.8
113386.732,40,2220.4,2665.4,2715.2
113386.772,40,2263.2,2715.2,2657.2
113386.812,40,2306.6,2762.2,2601
113386.852,40,2354,2793.8,2550.6
113386.892,40,2400.4,2812.6,2498.2
113386.932,40,2436.2,2825.6,2469.6
113386.972,40,2451.4,2836.6,2459.6
113387.012,40,2444.4,2842.6,2471.6
113387.052,40,2424.2,2848,2496.4
113387.092,40,2400.4,2844.6,2524.6
113387.132,40,2371.2,2840.8,2568
113387.172,40,2331.6,2824.2,2622
113387.212,40,2293.2,2793.8,2675.8
113387.252,40,2248.8,2742.4,2735.6
113387.292,40,2208.6,2674.4,2790.4
113387.332,40,2168,2597.8,2831.2
113387.372,40,2137.2,2514.2,2833.6
113387.412,40,2118.4,2452.2,2821.6
113387.452,40,2109.8,2395.4,2732.4
113387.492,40,2112,2421.8,2755.4
113387.532,40,2118.4,2450.8,2818.8
113387.572,40,2122.4,2465.6,2823
113387.612,40,2137,2507,2829.2
113387.652,40,2159.4,2567,2806
113387.692,40,2189,2619.2,2762
113387.732,40,2227,2655.8,2683.4
113387.772,40,2266.4,2704.4,2637.6
113387.812,40,2298.2,2736.6,2592.4
113387.852,40,2335.8,2758.6,2552.4
113387.892,40,2361.2,2783.2,2530.8
113387.932,40,2385,2806.4,2518.6
113387.972,40,2388.2,2834.8,2531.2
113388.012,40,2382.2,2852.6,2561
113388.052,40,2369.6,2871.2,2588.4
113388.092,40,2356.8,2881.2,2619.8
113388.132,40,2340.6,2893,2667.2
113388.172,40,2318,2888.2,2723.2
113388.212,40,2282.8,2849.4,2770
113388.252,40,2251.2,2803.8,2823.4
113388.292,40,2214.2,2737.2,2874
113388.332,40,2179.4,2650.2,2901.2
113388.372,40,2146.6,2567.4,2910.6
113388.412,40,2125,2495.2,2889
113388.452,40,2116.2,2423.4,2769.4
113388.492,40,2112.4,2402,2716.4
113388.532,40,2113.2,2430.4,2755.6
113388.572,40,2117.8,2428,2753.4
113388.612,40,2122.6,2446,2772.2
113388.652,40,2136.6,2489.4,2765.6
113388.692,40,2159,2539.2,2748.2
113388.732,40,2193.4,2602.2,2718.4
113388.772,40,2233.8,2666.4,2675
113388.812,40,2273.4,2714.4,2619.6
113388.852,40,2324.2,2751.4,2564.2
113388.892,40,2365.2,2777.4,2512
113388.932,40,2405.2,2802.6,2487.4
113388.972,40,2427.8,2821.4,2473.4
113389.012,40,2427,2832.2,2486
113389.052,40,2413.2,2836.8,2505
113389.092,40,2402.4,2846,2523.8
113389.132,40,2385.6,2845.2,2545.6
113389.172,40,2359.4,2838.6,2580.4
113389.212,40,2329.6,2826.4,2616
113389.252,40,2301.4,2805.6,2663.6
113389.292,40,2274.8,2775.2,2710.6
113389.332,40,2242,2737.2,2758.6
113389.372,40,2209.8,2677,2799.2
113389.412,40,2177.6,2615.6,2825.8
113389.517,105,2124.2,2463.2,2809.4
113389.557,40,2118.8,2444.4,2793.4
113389.597,40,2122.2,2445.2,2765.2
113389.637,40,2124.8,2453,2742
113389.677,40,2140.4,2485.2,2733.6
113389.717,40,2163.6,2532.8,2713.6
113389.757,40,2195.8,2592.2,2688.8
113389.797,40,2236.4,2658.2,2655.8
113389.837,40,2277.2,2720,2612
113389.877,40,2326.4,2771,2573.6
113389.917,40,2370.8,2809,2538.6
113389.957,40,2404.4,2835,2514.6
113389.997,40,2416,2859.6,2509
113390.037,40,2409.6,2870.4,2534
113390.077,40,2394.4,2878.2,2565.6
113390.117,40,2382.6,2894.8,2599
113390.157,40,2363.8,2894.6,2637.2
113390.197,40,2330,2871.8,2676.4
113390.237,40,2300.2,2830,2716.4
113390.277,40,2258.2,2776.2,2758.2
113390.317,40,2220.2,2710,2794.4
113390.357,40,2187.4,2632.4,2803.4
113390.397,40,2155.2,2553.6,2795.6
113390.437,40,2135,2477.6,2772.2
113390.477,40,2121.6,2429.6,2740.6
113390.517,40,2112,2406.4,2717.6
113390.557,40,2115.8,2419.6,2732.2
113390.597,40,2116.6,2430.8,2754.6
113390.637,40,2120.8,2456,2793.4
113390.677,40,2140.8,2516,2822.6
113390.717,40,2167.2,2589.2,2834.6
113390.757,40,2200.4,2677.4,2823
113390.797,40,2248.2,2760,2778.6
113390.837,40,2296.6,2825.2,2706.8
113390.877,40,2351.2,2880,2635
113390.917,40,2403,2895.2,2566.6
113390.957,40,2442,2909.2,2515.6
113390.997,40,2457.6,2903.6,2498.4
113391.037,40,2446.6,2887,2498.4
113391.077,40,2422.8,2868.2,2513.8
113391.117,40,2396,2846.8,2529
113391.157,40,2376.4,2825,2546.4
113391.197,40,2341.8,2793.2,2568.2
113391.237,40,2309.2,2767,2599.4
113391.277,40,2280.8,2738,2643.2
113391.317,40,2244,2703.6,2695.8
113391.357,40,2209.4,2655,2743.8
113391.397,40,2177,2599.4,2783.4
113391.437,40,2147.6,2529,2796.4
113391.477,40,2128.8,2476,2800.8
113391.517,40,2114.8,2448.2,2797.6
113391.557,40,2117.8,2447,2806.4
113391.597,40,2123.8,2469.6,2819
113391.637,40,2134.8,2505,2834.2
113391.677,40,2151.6,2562,2846.4
113391.717,40,2184,2632.8,2840.8
113391.757,40,2217.2,2710.2,2811.4
113391.797,40,2263.6,2786.8,2750
113391.837,40,2319.4,2838.4,2666.6
113391.877,40,2374,2872.4,2589.8
113391.917,40,2427,2877.2,2516.4
113391.957,40,2471.2,2853.2,2455.6
113391.997,40,2493.6,2820,2412.4
113392.037,40,2502.8,2792.8,2394.2
113392.077,40,2493.4,2783.8,2387.8
113392.117,40,2480.8,2781.4,2395.2
113392.157,40,2465.4,2784.8,2408
113392.197,40,2464,2795.2,2416.2
113392.237,40,2456,2811.2,2438.6
113392.277,40,2433.4,2824.2,2473.4
113392.317,40,2396.6,2826.8,2513.8
113392.357,40,2356.2,2811.6,2558.2
113392.397,40,2314,2779.8,2609.6
113392.437,40,2268.2,2731,2656
113392.477,40,2226.2,2657,2686.8
113392.517,40,2192.8,2593.8,2705.4
113392.557,40,2171.2,2541.6,2723.2
113392.597,40,2152,2510,2731.4
113392.637,40,2151.4,2523.6,2753.2
113392.677,40,2160.4,2557.6,2778.2
113392.717,40,2179.4,2604.4,2790.8
113392.757,40,2204.6,2675.2,2799
113392.797,40,2246.6,2757.6,2771.4
113392.837,40,2292.8,2825.4,2714.2
113392.877,40,2349.4,2876,2646.2
113392.917,40,2403.6,2898.2,2572.4
113392.957,40,2460.4,2906,2499.4
113392.997,40,2510,2894.6,2449
113393.037,40,2549.6,2866,2405
113393.077,40,2574.8,2832.2,2368.4
113393.117,40,2577.8,2810,2352.6
113393.157,40,2560.6,2793.2,2357.2
113393.197,40,2536,2791.6,2371.2
113393.237,40,2518.8,2792.6,2379.4
113393.277,40,2503,2806,2397.2
113393.317,40,2483.2,2836.8,2430.4
113393.357,40,2453.2,2859.4,2468.2
113393.397,40,2415,2867,2519
113393.437,40,2373,2856.6,2575.8
113393.477,40,2325.4,2829.6,2634.2
113393.517,40,2278.4,2790.6,2702.2
113393.557,40,2236.4,2731.2,2754.8
113393.597,40,2201.2,2655.4,2787.6
113393.637,40,2176.8,2591.2,2793.8
113393.677,40,2163.6,2553.6,2772.8
113393.717,40,2163.4,2543.8,2747
113393.757,40,2163.8,2553.4,2739
113393.797,40,2174.6,2574.4,2743.2
113393.837,40,2195,2623.6,2747.8
113393.877,40,2216,2676.8,2740.4
113393.917,40,2251.4,2736.8,2721.6
113393.957,40,2290.6,2795.6,2678.6
113393.997,40,2333.2,2846.4,2632.6
113394.037,40,2390.6,2883.2,2575.8
113394.077,40,2431.6,2907,2527.8
113394.117,40,2468.6,2911,2495.6
113394.157,40,2485.2,2907,2474.8
113394.197,40,2482.2,2910.6,2478.4
113394.237,40,2465.4,2903.8,2490.2
113394.277,40,2452.6,2900.2,2502.8
113394.317,40,2438,2892.8,2511.4
113394.357,40,2422,2885.8,2527.6
113394.397,40,2404.2,2882,2552.4
113394.437,40,2372,2861.4,2582.6
113394.477,40,2347.6,2841.8,2611
113394.517,40,2314.2,2813.4,2650.4
113394.557,40,2273.6,2774.8,2690
113394.597,40,2237.6,2713.2,2727.8
113394.637,40,2200,2644.6,2760
113394.677,40,2169.2,2574.6,2781
113394.717,40,2143.2,2506.8,2785.8
113394.757,40,2125.6,2463.2,2780.8
113394.797,40,2118.6,2437.2,2782.2
113394.837,40,2113,2443.2,2787.4
113394.877,40,2120.4,2456.2,2797.2
113394.917,40,2126.8,2472.2,2811.8
113394.957,40,2135.4,2508,2823.6
113394.997,40,2153.4,2554,2831.4
113395.037,40,2180.4,2609.6,2812
113395.077,40,2200.4,2664.8,2773.6
113395.117,40,2238.4,2715.8,2727.4
113395.157,40,2273.8,2747.8,2669.6
113395.197,40,2304.6,2767.8,2608.2
113395.237,40,2335.4,2773,2558.4
113395.277,40,2359.2,2779,2522.6
113395.317,40,2378.6,2780.2,2498.8
113395.357,40,2384.4,2786.8,2494.2
113395.397,40,2380,2788,2505.8
113395.437,40,2368.6,2799,2524.6
113395.477,40,2366,2822.2,2552.6
113395.517,40,2354.6,2837,2585.6
113395.557,40,2336.6,2852,2641.8
113395.597,40,2310.6,2853,2695.4
113395.637,40,2283,2809,2730.6
113395.677,40,2248.4,2767.8,2774
113395.717,40,2219.8,2715.2,2820.4
113395.757,40,2185.8,2651.2,2843
113395.797,40,2164.4,2589.6,2841.2
113395.837,40,2151.6,2542.4,2826.2
113395.877,40,2143.4,2523.4,2815.8
113395.917,40,2145.8,2523.2,2796.8
113395.957,40,2151,2520.2,2780.2
113395.997,40,2151.6,2518.2,2769.2
113396.037,40,2158.2,2529.8,2742.8
113396.077,40,2175,2558.4,2726
113396.117,40,2197.6,2601.8,2712
113396.157,40,2222.2,2645,2679
113396.197,40,2258.2,2700,2635.2
113396.237,40,2309.2,2744.2,2572.2
113396.277,40,2365.8,2786.2,2511.8
113396.317,40,2430.4,2803.8,2457
113396.357,40,2486.6,2810.6,2408.8
113396.397,40,2539,2801.2,2373.6
113396.437,40,2572.6,2792.4,2349.6
113396.477,40,2589.8,2794.4,2340.4
113396.517,40,2579.4,2809.2,2355.8
113396.557,40,2564,2825.2,2367.6
113396.597,40,2555,2839.8,2382.4
113396.637,40,2535.8,2860,2399.4
113396.677,40,2516.2,2879.2,2431.6
113396.717,40,2487.2,2907.6,2478.2
113396.757,40,2444.2,2926,2531.4
113396.797,40,2388,2926.8,2603.8
113396.837,40,2324.4,2884.2,2683.8
113396.877,40,2276.6,2811,2748.4
113396.917,40,2230.8,2735.6,2789
113396.957,40,2205.6,2674.8,2792.6
113396.997,40,2201.4,2636.6,2751.8
113397.037,40,2206.8,2629.2,2712.4
113397.077,40,2218.6,2642.6,2688.2
113397.117,40,2237,2672.8,2669.4
113397.157,40,2266,2721.2,2652.2
113397.197,40,2300.6,2781.8,2632.4
113397.237,40,2343.4,2836.2,2604.8
113397.277,40,2390.4,2897.4,2579
113397.317,40,2442.4,2929,2543
113397.357,40,2486.2,2960.6,2502.8
113397.397,40,2522.6,2947.2,2468.8
113397.437,40,2547,2940.4,2447.2
113397.477,40,2556,2935,2436
113397.517,40,2541.6,2929.2,2446.6
113397.557,40,2509,2909,2454.8
113397.597,40,2483.2,2882.4,2462.2
113397.637,40,2449.2,2850.6,2472.4
113397.677,40,2413,2816.6,2485.2
113397.717,40,2372.6,2794,2512.2
113397.757,40,2335.8,2767.8,2542
113397.797,40,2301.2,2747.4,2594.8
113397.837,40,2272.4,2734.4,2655
113397.877,40,2234.6,2711.8,2730.2
113397.917,40,2198.4,2663.2,2797.8
113397.957,40,2172.6,2620.2,2856.4
113397.997,40,2158,2582,2885.8
113398.037,40,2146.8,2569.2,2898.2
113398.077,40,2157.2,2588,2896.6
113398.117,40,2166,2620.2,2892.8
113398.157,40,2187.6,2669.6,2873
113398.197,40,2223.4,2727.8,2831.8
113398.237,40,2265.4,2799.8,2774
113398.277,40,2316.4,2859,2705.4
113398.317,40,2370,2899.6,2624
113398.357,40,2429.4,2924.2,2550.6
113398.397,40,2470.8,2907.8,2488.6
113398.437,40,2511.4,2898.8,2445.8
113398.477,40,2513.4,2882.2,2438.2
113398.517,40,2498.4,2879.8,2447
113398.557,40,2472,2861.4,2463
113398.597,40,2449.4,2839.2,2467.8
113398.637,40,2412,2810.2,2482.4
113398.677,40,2375,2797.8,2514.4
113398.717,40,2335.2,2775.2,2556
113398.757,40,2299.6,2749.8,2606.8
113398.797,40,2261.4,2718.4,2658
113398.837,40,2224.2,2680.8,2721.8
113398.877,40,2189.8,2629.6,2785.4
113398.917,40,2158.2,2565.6,2828.8
113398.957,40,2137,2515.2,2848.2
113398.997,40,2124.8,2479.8,2850.4
113399.037,40,2123.6,2475.8,2840.4
113399.077,40,2132.6,2501.8,2847
113399.117,40,2146.2,2543,2838.6
113399.157,40,2173.6,2598.6,2820
113399.197,40,2207.6,2657.2,2770.8
113399.237,40,2239.2,2711.6,2714.8
113399.277,40,2280.8,2755.4,2654.2
113399.317,40,2323.2,2793.2,2595.6
113399.357,40,2374.8,2807.6,2531.8
113399.397,40,2413.8,2819.4,2483.8
113399.437,40,2444,2815.6,2456.2
113399.477,40,2455.2,2818.8,2440.6
113399.517,40,2456.6,2822.8,2443.2
113399.557,40,2450,2837.2,2463.6
113399.597,40,2434.4,2844.2,2481.6
113399.637,40,2420.2,2846.8,2501.4
113399.677,40,2390.6,2841.6,2531.6
113399.717,40,2365.6,2829,2570.8
113399.757,40,2328.2,2807.2,2610
113399.797,40,2290.2,2776.6,2654.8
113399.837,40,2249.6,2727.6,2700.2
113399.877,40,2214,2667.4,2740.2
113399.917,40,2180.6,2598.6,2765
113399.957,40,2151,2532.6,2786
113399.997,40,2134.4,2487.8,2791.8
113400.037,40,2125.6,2467.8,2794
113400.077,40,2125,2480,2809.6
113400.117,40,2133.6,2498,2824.6
113400.157,40,2145.2,2534.8,2839.6
113400.197,40,2160.8,2599.6,2867.2
113400.237,40,2188,2671.6,2878.2
113400.277,40,2226,2750.4,2852
113400.317,40,2265.6,2810.8,2793
113400.357,40,2315.2,2868.2,2716.8
113400.397,40,2365.4,2912.4,2649.6
113400.437,40,2409.4,2943.6,2595.6
113400.477,40,2436.4,2948.6,2559.8
113400.517,40,2428.4,2915.4,2541.8
113400.557,40,2407.2,2878.4,2548.2
113400.597,40,2379.4,2836.8,2546
113400.637,40,2351.6,2795,2553.2
113400.741,104,2274,2720.8,2625
113400.781,40,2250.2,2696,2664.2
113400.821,40,2227.6,2670.8,2702.6
113400.861,40,2200.4,2643,2754.4
113400.901,40,2174.8,2598.4,2802.4
113400.941,40,2151.6,2542.8,2828
113400.981,40,2127.2,2495,2838.8
113401.021,40,2117,2453.6,2838
113401.061,40,2110.6,2427.4,2777.4
113401.101,40,2117.4,2456.6,2848.2
113401.141,40,2118.8,2457.4,2840.8
113401.181,40,2122,2478.6,2851
113401.221,40,2140.4,2525.8,2853.6
113401.261,40,2161.6,2584.2,2848
113401.301,40,2192,2647.2,2816.6
113401.341,40,2221.8,2696.2,2769.4
113401.381,40,2259.2,2752.8,2708.8
113401.421,40,2300.2,2788.2,2645.4
113401.461,40,2336.6,2807.4,2592
113401.501,40,2364.6,2815,2547.4
113401.541,40,2378.8,2819.2,2530.6
113401.581,40,2377.4,2812,2526.6
113401.621,40,2366,2811.2,2540.8
113401.661,40,2354.4,2816.6,2566.2
113401.701,40,2347.8,2828,2598.6
113401.741,40,2332.2,2832.4,2626.6
113401.781,40,2312.8,2832.6,2670.6
113401.821,40,2290.8,2823.2,2713.6
113401.861,40,2266.8,2803.4,2765
113401.901,40,2239.8,2772.8,2820.6
113401.941,40,2206.2,2720.2,2876.2
113401.981,40,2177.2,2654.2,2908.8
113402.021,40,2159.4,2592.8,2915
113402.061,40,2147.4,2556.2,2903
113402.101,40,2146.2,2550.4,2874.4
113402.141,40,2149.6,2550.4,2836.4
113402.181,40,2158,2544,2774
113402.221,40,2174.2,2574,2762.2
113402.261,40,2192.4,2610.4,2728.6
113402.301,40,2220.8,2654.8,2698.4
113402.341,40,2257.2,2706.4,2659.2
113402.381,40,2296.8,2757,2619.2
113402.421,40,2338,2792,2582.4
113402.461,40,2369.2,2829.4,2551.6
113402.501,40,2396,2858.2,2541.8
113402.541,40,2399.2,2884,2549.2
113402.581,40,2394.6,2892.8,2580.6
113402.621,40,2382.2,2908,2605.6
113402.661,40,2369.2,2907,2639.2
113402.701,40,2343.4,2908.2,2681.8
113402.741,40,2319.4,2899.8,2733.8
113402.781,40,2290,2865.4,2777.8
113402.821,40,2258.6,2823.4,2822.8
113402.861,40,2229.6,2766.2,2867.2
113402.901,40,2195.8,2706,2898.6
113402.941,40,2172.6,2637.8,2917.8
113402.981,40,2149.8,2576,2922.4
113403.021,40,2131.4,2526.4,2916.2
113403.061,40,2126.6,2497.2,2900
113403.101,40,2121,2476.6,2879
113403.141,40,2122.6,2475.2,2851.4
113403.181,40,2120.6,2463.6,2821.4
