131489.174,40,2565,2237.2,2070
131489.214,40,2563.6,2236.8,2070.2
131489.254,40,2563.6,2243.6,2080.6
131489.294,40,2563.6,2249.8,2076.2
131489.334,40,2565.4,2252.2,2076.8
131489.374,40,2549.8,2253.6,2078
131489.414,40,2559.6,2261.4,2083.8
131489.454,40,2584.6,2267.6,2084
131489.494,40,2581,2268,2086.2
131489.534,40,2594.2,2275.6,2081.8
131489.574,40,2591,2278.4,2088.4
131489.614,40,2596,2283.2,2086.6
131489.654,40,2602.8,2289.2,2092.2
131489.694,40,2602.2,2290.2,2090.2
131489.734,40,2610,2298.8,2090.8
131489.774,40,2607.2,2301.8,2095.4
131489.814,40,2614.8,2306.8,2094.4
131489.854,40,2621,2314.6,2097.2
131489.894,40,2630,2319.4,2101.8
131489.934,40,2639.8,2322.6,2100.8
131489.974,40,2645.4,2331.4,2103
131490.014,40,2661.8,2343.2,2105.6
131490.054,40,2677.2,2356,2107.4
131490.094,40,2691.8,2396.8,2123
131490.134,40,2715,2474.2,2147
131490.174,40,2708.6,2578,2184.6
131490.214,40,2667.6,2688.8,2228.4
131490.254,40,2607,2754.4,2270.2
131490.294,40,2559.2,2695,2266.4
131490.334,40,2524.2,2592.2,2236.8
131490.374,40,2555.6,2523.8,2198
131490.414,40,2636.4,2473,2155.4
131490.454,40,2653.6,2398.4,2124.8
131490.494,40,2630.4,2335.8,2103.4
131490.534,40,2603.2,2284.8,2089.2
131490.574,40,2578.4,2255.2,2079.4
131490.614,40,2551.8,2234.8,2074.4
131490.654,40,2549.8,2235.6,2071.2
131490.694,40,2569.4,2242.6,2076.4
131490.734,40,2597.2,2265.8,2082.4
131490.774,40,2641.4,2305,2092.2
131490.814,40,2685.6,2378.2,2115.6
131490.854,40,2727.2,2496,2153
131490.894,40,2698.4,2655.8,2211
131490.934,40,2617.2,2807.6,2290.2
131490.974,40,2556.4,2872,2339.4
131491.014,40,2556.4,2789.6,2302.8
131491.054,40,2597,2682.2,2247.8
131491.094,40,2603.2,2558.4,2195.4
131491.134,40,2579,2451,2160.6
131491.174,40,2580.6,2381.6,2132.8
131491.214,40,2583.2,2336.6,2111.2
131491.254,40,2586.6,2304.2,2099.6
131491.294,40,2598,2287.6,2088
131491.334,40,2621.4,2287,2087.6
131491.374,40,2645.2,2305.8,2089.8
131491.414,40,2650,2314.8,2096.4
131491.454,40,2650,2338.6,2103
131491.494,40,2668.2,2380,2115.4
131491.534,40,2699.6,2459.2,2141.2
131491.574,40,2700.2,2585.8,2185.4
131491.614,40,2658.2,2736.8,2253
131491.654,40,2577.6,2858.6,2328.6
131491.694,40,2516.8,2870.8,2361.6
131491.734,40,2507,2758.6,2316.6
131491.774,40,2514.4,2629.4,2252.8
131491.814,40,2615,2564.2,2199
131491.854,40,2664.2,2468.8,2151
131491.894,40,2679.6,2387.4,2118.6
131491.934,40,2650.4,2322.4,2100
131491.974,40,2626.6,2281.4,2084.4
131492.014,40,2598.4,2254,2076.8
131492.054,40,2571.2,2242.8,2075.4
131492.094,40,2566.2,2238.6,2074.2
131492.134,40,2577.4,2249.4,2075.8
131492.174,40,2592,2262.8,2080.2
131492.214,40,2592.4,2267.4,2080.6
131492.254,40,2589.2,2266.2,2081.6
131492.294,40,2617.6,2277.8,2080.6
131492.334,40,2634,2296,2090
131492.374,40,2649.8,2326.8,2098.8
131492.414,40,2697.6,2393.2,2121
131492.454,40,2713.6,2503,2156.4
131492.494,40,2683.8,2648.2,2210.8
131492.534,40,2612.2,2812.8,2294.8
131492.574,40,2517,2891.4,2372.8
131492.614,40,2485,2847.6,2369.6
131492.654,40,2520.6,2744,2304.8
131492.694,40,2540.2,2613,2238.6
131492.734,40,2581,2514.4,2183.2
131492.774,40,2627.2,2435.4,2143.2
131492.814,40,2608.2,2363.4,2116.4
131492.854,40,2636.8,2324.6,2099.4
131492.894,40,2644.2,2305,2094
131492.934,40,2640.8,2296.2,2086.6
131492.974,40,2633.6,2294,2093
131493.014,40,2643.4,2309.8,2094
131493.054,40,2639,2324.2,2102.2
131493.094,40,2649.4,2347.8,2108.8
131493.134,40,2677.2,2391.4,2119.4
131493.174,40,2709,2468,2146.6
131493.214,40,2710.8,2600.4,2191.4
131493.254,40,2654.4,2766.2,2259.4
131493.294,40,2569.6,2905.6,2348.2
131493.334,40,2487.8,2948.8,2418.6
131493.374,40,2464.4,2872,2395
131493.414,40,2476,2750.6,2333.4
131493.454,40,2516.4,2665.6,2267.4
131493.494,40,2603.6,2593.6,2211.6
131493.534,40,2643.2,2495.6,2167.4
131493.574,40,2670.6,2419.4,2129.6
131493.614,40,2674.4,2357.8,2107.6
131493.654,40,2662.2,2317.2,2094.8
131493.694,40,2626.2,2286.4,2086.4
131493.734,40,2599.8,2264,2080.2
131493.774,40,2588,2261.8,2081.4
131493.814,40,2590,2271,2085.6
131493.854,40,2593,2286.8,2085.8
131493.894,40,2614.4,2296.8,2092.4
131493.934,40,2632.6,2314.6,2100.4
131493.974,40,2669.8,2354.4,2109.4
131494.014,40,2709.6,2436.4,2133.6
131494.054,40,2717.6,2555.2,2176.6
131494.094,40,2684.2,2714.8,2236.4
131494.134,40,2592.2,2844.4,2313.2
131494.174,40,2497.2,2890,2383.2
131494.214,40,2437.8,2808,2388.6
131494.254,40,2455.8,2726.8,2332
131494.294,40,2569.8,2706,2268.4
131494.334,40,2646.4,2601.6,2200.4
131494.374,40,2709.8,2492.8,2156.2
131494.414,40,2694.6,2397.6,2120.6
131494.454,40,2671,2325.8,2100
131494.494,40,2605.2,2275.4,2087.2
131494.534,40,2567.4,2244.2,2074.6
131494.574,40,2529.2,2225.2,2071.6
131494.614,40,2512.2,2219.8,2067
131494.654,40,2522.6,2226.8,2073.2
131494.694,40,2542.6,2238.4,2076.2
131494.734,40,2579.8,2259.4,2082.4
131494.774,40,2608.4,2287.8,2090
131494.814,40,2664.4,2334.6,2101.2
131494.854,40,2688.8,2405.2,2125.8
131494.894,40,2674.4,2504.4,2164.8
131494.934,40,2604.4,2601.8,2214.4
131494.974,40,2527.4,2682.6,2274.4
131495.014,40,2478.2,2736.6,2323.4
131495.054,40,2491.8,2772,2330.4
131495.094,40,2558.8,2740.4,2286.8
131495.134,40,2629.2,2665.6,2234.2
131495.174,40,2708.8,2572.2,2180.8
131495.214,40,2715.4,2452.4,2139
131495.254,40,2679.2,2360,2108.6
131495.294,40,2622.4,2288.6,2090.2
131495.334,40,2562.4,2245,2076.4
131495.374,40,2518.4,2213.6,2067
131495.414,40,2487,2202,2064.4
131495.454,40,2493.2,2202.8,2064.2
131495.494,40,2516.8,2213.8,2067.8
131495.534,40,2544,2236,2071.8
131495.574,40,2580.6,2258.8,2080.6
131495.614,40,2623.8,2296.6,2094
131495.654,40,2667.8,2352,2107.2
131495.694,40,2701.6,2424.2,2132.6
131495.734,40,2687.4,2523.2,2169
131495.774,40,2640.6,2636.4,2215.8
131495.814,40,2559.8,2708.2,2272.2
131495.854,40,2480.8,2713.6,2314.2
131495.894,40,2515.4,2707.6,2288.8
131495.934,40,2593.2,2636.4,2232.2
131495.974,40,2648.8,2535.8,2178.6
131496.014,40,2660.6,2423.6,2136.6
131496.054,40,2641.2,2338.6,2106.6
131496.094,40,2603,2280.4,2090.2
131496.134,40,2550.2,2236.2,2072.4
131496.174,40,2520.2,2210.8,2061.8
131496.214,40,2498.6,2194.8,2062.6
131496.254,40,2488,2191.4,2061.2
131496.294,40,2490.2,2198.4,2061.2
131496.334,40,2508,2206.4,2065
131496.374,40,2529.8,2222.6,2070.2
131496.414,40,2551.8,2241.8,2073.6
131496.454,40,2588,2273,2086.2
131496.494,40,2634.2,2317.4,2096.6
131496.534,40,2674.4,2389.2,2117.6
131496.574,40,2676.4,2480.8,2153.8
131496.614,40,2649.8,2584.2,2197.2
131496.654,40,2602.8,2680.2,2243.8
131496.694,40,2554.8,2735,2283.6
131496.734,40,2530.8,2716.6,2285.8
131496.774,40,2540,2645.6,2254.2
131496.814,40,2573.2,2568,2208
131496.854,40,2607.8,2477.2,2164.4
131496.894,40,2628,2396.8,2130.4
131496.934,40,2602.2,2317.4,2102.2
131496.974,40,2556.4,2265.2,2082.8
131497.014,40,2533.6,2231.2,2073.4
131497.054,40,2501.6,2211.2,2067
131497.094,40,2492.2,2203.4,2068.2
131497.134,40,2489.8,2207,2069.6
131497.174,40,2517.4,2227.6,2071
131497.214,40,2545.6,2246.6,2080.4
131497.254,40,2581.6,2275.8,2088.4
131497.294,40,2627.4,2318.2,2103.6
131497.334,40,2657.4,2388,2121.8
131497.374,40,2665.4,2489.4,2156.8
131497.414,40,2646.2,2606,2201.2
131497.454,40,2606.8,2717.6,2256.4
131497.494,40,2562.2,2793.2,2305.2
131497.534,40,2545.2,2793.8,2316.2
131497.574,40,2553,2733.8,2284
131497.614,40,2575.8,2670.6,2249
131497.654,40,2591.8,2610.2,2222.2
131497.694,40,2617.2,2553.4,2194
131497.734,40,2635,2512.6,2173
131497.774,40,2649.2,2477.8,2155
131497.814,40,2676.8,2455.6,2145.2
131497.854,40,2716.4,2444.2,2135.6
131497.894,40,2721.2,2444.2,2134
131497.934,40,2723.8,2443,2130.8
131497.974,40,2712.8,2453.4,2137.2
131498.08,106,2690.4,2487,2154.8
131498.245,165,2637,2632.4,2215.6
131498.412,167,2635.4,2784,2274.2
131498.581,169,2722.8,2563.4,2172.2
131498.75,169,2482.6,2221.2,2075
131498.916,166,2421.4,2178.8,2059
131499.082,166,2656.8,2336.8,2104.8
131499.249,167,2618.2,2730.2,2260.2
131499.417,168,2633.2,2799.6,2280.4
131499.585,168,2696.6,2382.8,2114
131499.75,165,2433.4,2176,2058.6
131499.92,170,2504.4,2208.8,2066.8
131500.089,169,2601.4,2409.6,2139.8
131500.258,169,2591.6,2874,2327.6
131500.488,230,2585.4,2878.8,2331.2
131500.657,169,2657,2515.2,2165.2
131500.824,167,2562.2,2289.4,2096.6
131500.992,168,2675.8,2360.4,2109
131501.16,168,2625.2,2627.8,2215.2
131501.328,168,2467,2966.2,2440.2
131501.495,167,2594.6,2841.6,2305.4
131501.664,169,2697.2,2396.2,2120.2
131501.778,114,2550.8,2253.8,2080.2
131501.818,40,2511.6,2235.8,2080
131501.858,40,2514.8,2238.6,2081.2
131501.898,40,2527.2,2254.6,2081.8
131501.938,40,2560.8,2273.6,2089
131501.978,40,2590.4,2299,2093.4
131502.018,40,2645.2,2345.4,2111.2
131502.058,40,2677.8,2411.4,2129.2
131502.098,40,2682.8,2497.2,2158.2
131502.138,40,2657.2,2605.2,2199.4
131502.178,40,2599.8,2714,2257.6
131502.218,40,2536.6,2812.2,2324.4
131502.258,40,2490.4,2900.4,2389.8
131502.298,40,2458.4,2977.8,2454.2
131502.338,40,2436.6,3021.6,2500.6
131502.378,40,2437.6,3008,2494.8
131502.418,40,2469.2,2987.8,2458.2
131502.458,40,2529,2941.8,2391
131502.498,40,2604.4,2855.6,2311.8
131502.538,40,2669.2,2721.4,2238.2
131502.578,40,2716.2,2575.8,2181.8
131502.618,40,2702,2442,2135.6
131502.658,40,2646.4,2341,2106
131502.698,40,2564,2268.8,2086.4
131502.738,40,2485,2218.6,2073
131502.778,40,2440.8,2193,2067.2
131502.818,40,2413,2184.8,2060.8
131502.858,40,2450,2191,2062.8
131502.898,40,2513.4,2213,2064
131502.938,40,2563.8,2237.2,2073.6
131502.978,40,2609,2276,2086
131503.018,40,2642.4,2332,2103
131503.058,40,2666.8,2399,2125.8
131503.098,40,2660.6,2488.4,2158.6
131503.138,40,2623.8,2584.6,2202.2
131503.178,40,2578.6,2698.2,2259
131503.218,40,2526.6,2816.4,2335.4
131503.258,40,2482.8,2940.6,2413.8
131503.298,40,2448.6,3011.4,2486.8
131503.338,40,2436,3011,2504
131503.378,40,2477,2962.4,2435.6
131503.418,40,2535,2890.4,2358.4
131503.458,40,2629.2,2809.2,2287.4
131503.498,40,2694.4,2652.4,2208.2
131503.538,40,2712.6,2490.6,2147.8
131503.578,40,2669.8,2364.8,2111.8
131503.618,40,2570.2,2268.4,2087.8
131503.658,40,2495.2,2214.6,2068.6
131503.698,40,2424.4,2180.8,2062.8
131503.738,40,2389.2,2166.4,2055.4
131503.778,40,2397,2170.6,2055.2
131503.818,40,2454.2,2185.8,2057.6
131503.858,40,2512.2,2209.2,2067.2
131503.898,40,2577,2253.8,2078
131503.938,40,2629.6,2307.8,2098.4
131503.978,40,2662,2390.8,2121
131504.018,40,2670.6,2503.8,2163.8
131504.058,40,2647.6,2634.4,2216.6
131504.098,40,2591.2,2793.6,2292.2
131504.138,40,2515,2922,2386.6
131504.178,40,2440.4,2991.6,2489.4
131504.218,40,2398.2,3016.4,2564
131504.258,40,2406,3003.6,2531.6
131504.298,40,2466.6,2985.2,2460.4
131504.338,40,2533.8,2920,2373
131504.378,40,2617,2801.4,2290.6
131504.418,40,2688.8,2657.2,2212.6
131504.458,40,2708.6,2498.2,2151.8
131504.498,40,2696.4,2383.8,2117.2
131504.538,40,2623.4,2295.6,2088
131504.578,40,2535.4,2238.2,2076.8
131504.618,40,2472.6,2206.4,2068.2
131504.658,40,2439.6,2192.8,2067.8
131504.698,40,2442.8,2205.8,2069.8
131504.738,40,2477.2,2223,2076.4
131504.778,40,2509,2254.2,2083.8
131504.818,40,2539.2,2294,2097.8
131504.858,40,2577.8,2351.8,2119.4
131504.898,40,2605.2,2435.6,2148
131504.938,40,2595,2540.6,2195.6
131504.978,40,2566.2,2658.4,2250.2
131505.018,40,2525.8,2794.6,2321.4
131505.058,40,2497.2,2951,2409
131505.098,40,2445.2,3004,2491.2
131505.138,40,2420.6,3013.8,2523.8
131505.178,40,2443.6,2992,2477.8
131505.218,40,2504.2,2963.8,2411
131505.258,40,2580.6,2884.2,2333.6
131505.298,40,2653.4,2752.4,2252.2
131505.338,40,2712,2602.4,2187
131505.378,40,2703,2455.6,2141.2
131505.418,40,2623.8,2341.4,2105
131505.458,40,2554.6,2269.8,2087
131505.498,40,2484.4,2222.6,2070.2
131505.538,40,2441.2,2195.2,2067.2
131505.578,40,2415,2181.4,2063
131505.618,40,2440.8,2190,2065
131505.658,40,2491.2,2214.4,2072.8
131505.698,40,2537.8,2245.2,2077
131505.738,40,2587.2,2296,2093.4
131505.778,40,2636.4,2376,2120.6
131505.818,40,2637.4,2481.6,2158
131505.858,40,2622.6,2626.8,2218
131505.898,40,2566.2,2770.8,2295.6
131505.938,40,2507.4,2923,2387.8
131505.978,40,2440.4,2995.8,2485
131506.018,40,2397,3021,2562.8
131506.058,40,2398.8,3007.8,2543.8
131506.098,40,2446,2984.6,2478.4
131506.138,40,2512.8,2954.4,2402.2
131506.178,40,2592.8,2860.4,2319.2
131506.218,40,2657.6,2729,2241.8
131506.258,40,2702.8,2583,2181.6
131506.298,40,2692,2445.6,2138.8
131506.338,40,2662,2356.6,2110.4
131506.378,40,2592.6,2289.8,2092.4
131506.418,40,2543.6,2248.4,2079.6
131506.458,40,2502.4,2235,2081.4
131506.498,40,2515.2,2243.4,2079
131506.538,40,2551,2259.8,2084.2
131506.578,40,2579.6,2286.4,2090.8
131506.618,40,2620.6,2327.8,2102
131506.658,40,2655.4,2386,2118.4
131506.698,40,2659.6,2463.2,2149.4
131506.738,40,2650.8,2561.8,2188.2
131506.778,40,2614.8,2663,2235.6
131506.818,40,2576,2784,2296.6
131506.858,40,2527.4,2884.8,2359.6
131506.898,40,2480.6,2964,2425.2
131506.938,40,2463,2993.8,2462
131506.978,40,2480.2,2981.4,2441.6
131507.018,40,2533,2909.2,2362.8
131507.058,40,2611.8,2822.8,2288.2
131507.098,40,2683,2693,2225.4
131507.138,40,2711.6,2536.4,2167.4
131507.178,40,2669.6,2402.4,2124.4
131507.218,40,2627.6,2306.2,2099.4
131507.258,40,2531,2240,2075.6
131507.298,40,2468,2197.4,2062.4
131507.338,40,2403.4,2174.8,2059
131507.378,40,2399.8,2171.4,2058
131507.418,40,2434.4,2179,2062
131507.458,40,2506,2209.6,2067.2
131507.498,40,2567.6,2242,2078
131507.538,40,2617,2294.4,2090.4
131507.578,40,2649.6,2364.2,2114.2
131507.618,40,2650.6,2454,2144.6
131507.658,40,2636,2557,2193
131507.698,40,2595.8,2674.4,2242.8
131507.738,40,2565.6,2808.2,2309.6
131507.778,40,2524.2,2921.8,2379.4
131507.818,40,2476,2987.8,2446.2
131507.858,40,2462.6,2987.8,2467.6
131507.898,40,2487,2951.4,2420.6
131507.938,40,2541.8,2900.8,2360.8
131507.978,40,2613.8,2824.6,2298.4
131508.018,40,2678,2704.8,2231.6
131508.058,40,2713.8,2562.6,2172.2
131508.098,40,2701,2432.4,2128.4
131508.138,40,2652.4,2332.4,2103.6
131508.178,40,2577.2,2262.4,2083.4
131508.218,40,2502,2222,2067.8
131508.258,40,2450.8,2192.6,2057.6
131508.298,40,2434.8,2181.6,2059.6
131508.338,40,2457.2,2185.4,2060.2
131508.378,40,2508.8,2202.6,2063.2
131508.418,40,2549,2226.4,2069.6
131508.458,40,2590.4,2258.2,2079.4
131508.498,40,2626,2299.6,2089
131508.538,40,2653.2,2352.2,2109.4
131508.578,40,2649.2,2416.2,2129
131508.618,40,2637.8,2488,2161.8
131508.658,40,2622.8,2568.4,2197.8
131508.698,40,2636,2660.6,2227
131508.738,40,2652.2,2738.4,2249.6
131508.778,40,2657.4,2761.8,2258.4
131508.818,40,2662.8,2745.2,2254.8
131508.858,40,2679,2674.8,2223.2
131508.898,40,2697.4,2590.8,2188
131508.938,40,2716,2501.8,2156.6
131508.978,40,2707,2415.8,2127.4
131509.018,40,2658.6,2351.2,2109.4
131509.058,40,2628,2308,2094.8
131509.098,40,2584.8,2283.4,2091.4
131509.138,40,2572,2277.6,2092.2
131509.178,40,2568.8,2295.2,2091.2
131509.218,40,2581.4,2309.2,2102
131509.258,40,2615.4,2349.4,2113
131509.298,40,2661,2412,2131.6
131509.338,40,2680,2491,2155.6
131509.378,40,2674.2,2593.2,2193.4
131509.418,40,2668,2709.2,2239.6
131509.458,40,2637.8,2801,2282.2
131509.498,40,2617.8,2846.4,2301.6
131509.538,40,2626.4,2840.8,2299.4
131509.578,40,2639.4,2793,2274
131509.618,40,2665.4,2735.6,2244.8
131509.658,40,2691.4,2647.8,2205.6
131509.698,40,2712.8,2567.8,2175.6
131509.738,40,2694.4,2487.6,2155.2
131509.778,40,2675.2,2428.8,2135
131509.818,40,2643.6,2382.2,2121.2
131509.858,40,2637.4,2360.4,2117.4
131509.898,40,2668.4,2366.4,2113.4
131509.938,40,2697.6,2394.4,2119.8
131509.978,40,2709.2,2429.4,2127.6
131510.018,40,2702.4,2469.6,2143.4
131510.058,40,2673.2,2519.8,2167.6
131510.098,40,2652,2581.8,2192.6
131510.138,40,2621.2,2636.2,2223.6
131510.178,40,2620.6,2703.4,2251.6
131510.218,40,2628.6,2740.8,2259.6
131510.258,40,2662.6,2730,2242
131510.298,40,2684.6,2686.8,2223.8
131510.338,40,2706.8,2614.4,2192
131510.378,40,2704.6,2536.4,2167.2
131510.418,40,2663.4,2450,2145.6
131510.458,40,2623.4,2388.2,2128
131510.498,40,2572.6,2339.2,2116.2
131510.538,40,2542.2,2309.2,2107.8
131510.578,40,2539.6,2302.2,2103
131510.618,40,2564,2314.2,2106.2
131510.658,40,2586.6,2326.6,2109.8
131510.698,40,2625.6,2346,2110.2
131510.738,40,2648,2370.8,2115.6
131510.778,40,2655.6,2408.4,2127
131510.818,40,2641.8,2456.2,2148.4
131510.858,40,2593,2501.2,2180.8
131510.898,40,2565.4,2563,2209.4
131510.938,40,2575.4,2639,2240.2
131510.978,40,2593.2,2722.4,2263.2
131511.018,40,2636,2771.4,2268
131511.058,40,2656.4,2740.8,2251.2
131511.098,40,2675.2,2661,2219
131511.138,40,2683.6,2573,2185.4
131511.178,40,2655.2,2478.6,2153.6
131511.218,40,2634.8,2412.8,2138.2
131511.258,40,2581.4,2359.4,2122.8
131511.298,40,2559.8,2330.2,2112.6
131511.338,40,2562.4,2329,2109.8
131511.378,40,2575.2,2348,2115.8
131511.418,40,2609.8,2391,2129.6
131511.458,40,2640,2449.2,2147
131511.498,40,2659,2534.6,2176
131511.538,40,2646,2646.8,2218.2
131511.578,40,2593.8,2761.8,2277.2
131511.618,40,2534,2853.2,2345
131511.658,40,2495,2918.6,2400
131511.698,40,2497.8,2951.4,2411.2
131511.738,40,2523.4,2939.2,2386.2
131511.778,40,2560,2877.6,2343.4
131511.818,40,2608.4,2800.2,2287.6
131511.858,40,2651.4,2698.4,2237.2
131511.898,40,2688.8,2595,2188.6
131511.938,40,2689.6,2480.6,2150
131511.978,40,2677.6,2406.8,2127.2
131512.018,40,2649.6,2349.6,2107.8
131512.058,40,2624.8,2319.4,2098.4
131512.098,40,2642.6,2326,2098.6
131512.138,40,2677.2,2362.6,2110.4
131512.178,40,2699.6,2425.6,2131
131512.218,40,2704.4,2521,2162.6
131512.258,40,2666.2,2638.6,2212.4
131512.298,40,2594,2757.4,2274.6
131512.338,40,2506.6,2839.4,2351
131512.378,40,2446.8,2897.4,2424.6
131512.418,40,2444.4,2966.6,2460.6
131512.458,40,2476.8,2976.6,2443
131512.498,40,2515,2933,2389
131512.538,40,2575.8,2852.2,2322.8
131512.578,40,2628.8,2730.4,2255
131512.618,40,2674.4,2598.2,2194.4
131512.658,40,2688,2476,2151.4
131512.698,40,2657.6,2377.8,2119.6
131512.738,40,2639.2,2322,2096.4
131512.778,40,2614.8,2298.8,2091.4
131512.818,40,2617.2,2300.8,2092.2
131512.858,40,2660.2,2333.2,2106.4
131512.898,40,2688.8,2398,2122.6
131512.977,79,2662,2624.2,2205.6
131513.017,40,2583.2,2740,2273.8
131513.057,40,2499.4,2827,2355.2
131513.097,40,2434.8,2868,2426.6
131513.137,40,2452.8,2967.8,2454.4
131513.177,40,2500.8,2955.8,2417.2
131513.217,40,2555,2907.4,2357.4
131513.257,40,2606.2,2794.8,2285.2
131513.37,113,2670.2,2446.8,2140.8
131513.41,40,2644,2369.2,2117.4
131513.45,40,2613.4,2321.8,2104.4
131513.49,40,2599.6,2300.6,2094.6
131513.53,40,2630.6,2311.6,2095.8
131513.57,40,2671.6,2351.2,2107
131513.61,40,2701.4,2403.2,2120.8
131513.65,40,2711.6,2479.6,2147.8
131513.69,40,2688.8,2584.6,2185.6
131513.73,40,2602.2,2675.2,2245
131513.77,40,2508.2,2735,2306.2
131513.81,40,2440.4,2772.8,2367.6
131513.85,40,2434.2,2841.8,2416.4
131513.89,40,2483.6,2974.2,2436.2
131513.93,40,2511.2,2954.6,2404.8
131513.97,40,2545.2,2890.4,2353.8
131514.01,40,2558.8,2761.6,2285
131514.05,40,2594.4,2643.6,2232.6
131514.09,40,2642.4,2539.4,2180.4
131514.13,40,2650.6,2425.2,2136.2
131514.17,40,2640.6,2342.6,2107.2
131514.21,40,2612.8,2285.2,2088.8
131514.25,40,2587.4,2252.2,2076.8
131514.29,40,2583,2249,2074.8
131514.33,40,2607.6,2274.4,2086
131514.37,40,2632.8,2316,2096.2
131514.41,40,2615,2371,2127.4
131514.45,40,2591,2465.2,2162.4
131514.49,40,2553.4,2566.6,2212.4
131514.53,40,2546.2,2702.6,2278
131514.57,40,2503.8,2832.4,2351.4
131514.61,40,2474.4,2948.8,2431.4
131514.65,40,2474,2987.2,2454.8
131514.69,40,2491,2960.8,2427.8
131514.73,40,2523.4,2904.2,2371.4
131514.77,40,2565,2804.8,2311
131514.81,40,2617.6,2694.6,2243.8
131514.85,40,2673.6,2577,2189.6
131514.89,40,2687.2,2459,2142.6
131514.93,40,2684.2,2372,2115
131514.97,40,2650.4,2319.2,2095.4
131515.01,40,2626.4,2291.8,2087.2
131515.05,40,2631,2298.2,2091.6
131515.09,40,2658.6,2340.2,2103.4
131515.13,40,2678,2406.4,2125.6
131515.17,40,2664.4,2495.6,2157.2
131515.21,40,2632.6,2613.8,2209
131515.25,40,2566.4,2717.6,2270
131515.29,40,2493,2801,2346.8
131515.33,40,2441.4,2863.2,2416.2
131515.37,40,2458.8,2958.8,2441.2
131515.41,40,2503.4,2970,2420.8
131515.45,40,2538,2913.4,2368
131515.49,40,2581.8,2836.4,2311.2
131515.53,40,2616.8,2735.2,2256.2
131515.57,40,2656.6,2617.6,2206.2
131515.61,40,2672.4,2505,2161.8
131515.65,40,2646.2,2416.8,2134.2
131515.69,40,2635,2356.8,2112
131515.73,40,2615.2,2323,2100.2
131515.77,40,2613,2324.2,2103
131515.81,40,2628.6,2364,2112.2
131515.85,40,2605,2415.8,2140.4
131515.89,40,2593.2,2495,2173.2
131515.93,40,2558,2589.2,2225.4
131515.97,40,2524.6,2699.6,2280
131516.01,40,2491.4,2796.6,2347.8
131516.05,40,2463.4,2898.2,2408.6
131516.09,40,2494.6,2986.6,2428.6
131516.13,40,2523.8,2953.2,2395.6
131516.17,40,2569.4,2861.4,2329.2
131516.21,40,2622.4,2748.4,2266
131516.25,40,2645,2606.4,2200.8
131516.29,40,2650.4,2475.2,2152.6
131516.33,40,2646,2388,2122.8
131516.37,40,2619,2326.6,2108
131516.41,40,2583.2,2283.2,2090.4
131516.45,40,2553.4,2262.4,2086.4
131516.49,40,2550.2,2273.6,2089.6
131516.53,40,2555.6,2300.8,2098.8
131516.57,40,2572.6,2340.6,2119.4
131516.61,40,2590,2414.6,2144
131516.65,40,2604.8,2508.2,2177
131516.69,40,2598.8,2626,2227.8
131516.73,40,2541,2737.4,2289.6
131516.77,40,2506.8,2873.4,2366.6
131516.81,40,2482.4,2958.8,2430.4
131516.85,40,2502.8,2981.4,2433.2
131516.89,40,2524.2,2916.4,2375
131516.93,40,2583.2,2835.6,2312
131516.97,40,2638.8,2707.2,2245.4
131517.01,40,2678.2,2571,2183.4
131517.05,40,2699.6,2453.6,2139.8
131517.09,40,2669.2,2357.2,2112.8
131517.13,40,2624,2290.2,2091
131517.17,40,2581.8,2258.6,2080.4
131517.21,40,2559.8,2240.2,2075.4
131517.25,40,2574.4,2257.2,2082
131517.29,40,2602,2294.2,2091
131517.33,40,2617.8,2348.6,2108.4
131517.37,40,2604,2419.6,2142.6
131517.41,40,2598.6,2518,2185.4
131517.45,40,2555,2620,2233.8
131517.49,40,2505.8,2716,2299.2
131517.53,40,2475,2802.2,2356.4
131517.57,40,2498.2,2923.8,2392
131517.61,40,2529.8,2943.6,2390.2
131517.65,40,2566.6,2895.6,2347
131517.69,40,2582.8,2792.8,2296.2
131517.73,40,2602,2690.2,2242.8
131517.77,40,2631.8,2591.6,2202.2
131517.81,40,2652.8,2504,2165.8
131517.85,40,2653.6,2429.8,2139.6
131517.89,40,2639.4,2376.2,2118
131517.93,40,2626.4,2337.8,2108
131517.97,40,2617,2314.8,2099.2
131518.01,40,2617,2304.2,2093.6
131518.05,40,2632.2,2323.4,2103.4
131518.09,40,2645.6,2355.8,2116.4
131518.13,40,2628.2,2403,2131
131518.17,40,2600.2,2458,2158
131518.21,40,2568,2516.8,2191.8
131518.25,40,2561.2,2609,2230.8
131518.29,40,2538,2707.6,2277.6
131518.33,40,2495.6,2785.6,2334.6
131518.37,40,2475.2,2878,2389.8
131518.41,40,2502.8,2949.4,2407.4
131518.45,40,2530,2929,2381.6
131518.49,40,2567.6,2867.8,2333.6
131518.53,40,2614,2798,2284.4
131518.57,40,2667.2,2694.8,2235.2
131518.61,40,2697.8,2582.6,2183.6
131518.65,40,2705.6,2482.4,2148.6
131518.69,40,2692,2405,2124.6
131518.73,40,2662.4,2353.4,2107.8
131518.77,40,2644.6,2318.8,2098.4
131518.81,40,2626.4,2309.4,2093
131518.85,40,2628.2,2320.4,2098.4
131518.89,40,2628,2353.2,2114.4
131518.93,40,2590.6,2387.8,2127.4
131518.97,40,2580.4,2434.2,2151.8
131519.01,40,2578.8,2510.6,2186.6
131519.05,40,2566.8,2599.8,2220.2
131519.09,40,2548.8,2701.4,2270.4
131519.13,40,2519.8,2790,2323.8
131519.17,40,2508,2896.6,2374.8
131519.21,40,2523.4,2927.2,2385.4
131519.25,40,2545,2895,2358.4
131519.29,40,2585.8,2843,2311.8
131519.33,40,2626.4,2754.6,2262
131519.37,40,2677.4,2659.6,2217.8
131519.41,40,2686.2,2546,2175.6
131519.45,40,2685.2,2463.8,2143.2
131519.49,40,2666.2,2396,2125.2
131519.53,40,2637.4,2351.6,2112
131519.57,40,2614.8,2324.4,2104.2
131519.61,40,2588,2323,2107.8
131519.65,40,2575.8,2334.4,2109.8
131519.69,40,2575.8,2352.8,2120.4
131519.73,40,2587.2,2388,2133.8
131519.77,40,2595,2452.4,2159.6
131519.81,40,2589.4,2530.8,2190.8
131519.85,40,2562.8,2623.8,2235.6
131519.89,40,2533.8,2718.4,2285.6
131519.93,40,2498.4,2794,2338.2
131519.97,40,2500,2880.6,2376.8
131520.01,40,2527.2,2925.4,2385.6
131520.05,40,2550.8,2891.8,2355.4
131520.09,40,2596,2812.6,2303.2
131520.13,40,2638.2,2712.4,2244.2
131520.17,40,2662.8,2600.2,2194.8
131520.21,40,2689.2,2495.6,2154.8
131520.25,40,2673,2406.4,2129.8
131520.29,40,2651.2,2337.6,2102.8
131520.33,40,2617.6,2298.4,2092
131520.37,40,2601,2275.4,2083.4
131520.41,40,2604.4,2277,2083.4
131520.45,40,2625.2,2293.2,2089.8
131520.49,40,2651.4,2331.8,2102.2
131520.53,40,2674.6,2387.6,2119.4
131520.57,40,2685.6,2464.2,2148.8
131520.61,40,2670.2,2563.2,2184
131520.65,40,2612,2649.2,2227.6
131520.69,40,2561.6,2736,2279.6
131520.73,40,2515,2784.6,2324.8
131520.77,40,2532.4,2837.8,2338.2
131520.812,42,2575,2849.2,2321.2
131520.852,40,2608.4,2792.8,2286.2
131520.892,40,2646.4,2688.8,2234
131520.932,40,2646.8,2556.8,2183.2
131520.972,40,2626,2448.6,2151.8
131521.012,40,2572.6,2357.8,2121.2
131521.052,40,2529.2,2301.8,2102.8
131521.092,40,2516.6,2264.8,2094.8
131521.132,40,2505.8,2252.2,2085
131521.172,40,2549.4,2265.6,2083.4
131521.212,40,2600.8,2295.8,2090.8
131521.252,40,2647,2338,2102.6
131521.292,40,2683,2401.2,2123
131521.332,40,2690,2495,2153.2
131521.372,40,2653,2607.2,2200.8
131521.412,40,2571.6,2698,2259.4
131521.455,43,2502.8,2785,2326.4
131521.495,40,2452.6,2819.2,2381
131521.535,40,2462.8,2873.6,2400
131521.575,40,2515,2948.4,2396.8
131521.615,40,2552.4,2910.8,2363
131521.655,40,2603,2836.8,2306
131521.695,40,2641.6,2716,2242.8
131521.735,40,2655,2575.2,2190
131521.775,40,2648.8,2460,2150
131521.817,42,2595.2,2365,2125
131521.857,40,2563.2,2326.2,2107.6
131521.897,40,2539.2,2294.2,2097.2
131521.937,40,2542,2291.8,2100.4
131521.977,40,2568,2327.8,2104.8
131522.017,40,2589.2,2364.6,2123.4
131522.057,40,2611.2,2430.2,2142.2
131522.097,40,2625.4,2526.4,2179.2
131522.137,40,2589.8,2651,2235
131522.177,40,2538.2,2750.8,2301.6
131522.217,40,2477,2846.8,2373.2
131522.257,40,2463.6,2933.6,2424.4
131522.297,40,2494.4,2963.8,2419.8
131522.337,40,2527.2,2903.4,2367.6
131522.377,40,2591.6,2832.6,2306
131522.421,44,2631,2672.8,2233.4
131522.461,40,2668.2,2550.8,2180.6
131522.501,40,2672.2,2440.2,2135.4
131522.541,40,2634.8,2355.2,2112.2
131522.581,40,2598.2,2302.6,2095.2
131522.621,40,2569.8,2271,2083
131522.661,40,2567.4,2274.8,2088
131522.701,40,2571.6,2291.6,2096.6
131522.741,40,2560.8,2326.4,2107.6
131522.781,40,2581.8,2377.8,2131.8
131522.821,40,2596,2448.6,2156
131522.861,40,2598.6,2554,2200
131522.901,40,2574.4,2666.8,2250.8
131522.941,40,2530,2798.6,2319.2
131522.981,40,2504,2909.8,2387
131523.021,40,2517.8,2940.2,2396.6
131523.061,40,2534.2,2888.2,2359.4
131523.101,40,2570,2820,2310.6
131523.141,40,2600.8,2710,2255
131523.181,40,2623,2592.6,2204.2
131523.221,40,2656,2507.2,2165.6
131523.261,40,2651,2420.2,2136.2
131523.301,40,2636.8,2362.2,2117.4
131523.341,40,2610.8,2314.2,2102.8
131523.381,40,2597.6,2296,2093.4
131523.421,40,2603.6,2297.8,2093.8
131523.461,40,2618.2,2328,2104.4
131523.501,40,2627.6,2381.2,2118.2
131523.541,40,2607.2,2440.2,2150
131523.581,40,2572,2519.8,2191.4
131523.621,40,2543.8,2625.4,2243.8
131523.661,40,2523.4,2742.6,2301.8
131523.701,40,2484.8,2853,2369.8
131523.741,40,2486.2,2967.8,2427.2
131523.781,40,2506.6,2973.8,2419.2
131523.821,40,2548.4,2911.4,2357.4
131523.861,40,2584,2799.6,2298.8
131523.901,40,2631,2681,2235.6
131523.941,40,2658.2,2566,2191.8
131523.981,40,2663.4,2473,2155
131524.021,40,2644.2,2399.2,2126.6
131524.061,40,2631,2345.4,2109
131524.101,40,2608.6,2312.6,2102
131524.141,40,2606.8,2305.8,2097
131524.181,40,2613.2,2322,2102.8
131524.221,40,2644.6,2367.8,2114.8
131524.261,40,2631,2428.6,2140
131524.301,40,2605.6,2507.4,2180
131524.341,40,2554.8,2599,2227.8
131524.381,40,2511.8,2697.4,2288.4
131524.421,40,2470.6,2796.6,2355.2
131524.461,40,2454.2,2886.4,2407.6
131524.501,40,2492.8,2963.6,2426
131524.541,40,2524.4,2918.2,2387.2
131524.581,40,2569.2,2843.6,2318.4
131524.621,40,2615.6,2734.8,2258.2
131524.661,40,2650.2,2607.8,2202.6
131524.701,40,2661.2,2490.2,2159.4
131524.741,40,2627.8,2392.2,2127
131524.781,40,2619.2,2335,2103.2
131524.821,40,2581.4,2288.6,2092.2
131524.861,40,2574.4,2275.8,2087.4
131524.901,40,2584.8,2287.2,2091.8
131524.941,40,2607,2321.4,2104.6
131524.981,40,2624.8,2376.8,2123.4
131525.021,40,2631.6,2459.4,2155
131525.061,40,2616.2,2575.4,2200.6
131525.101,40,2570.4,2699.8,2264.4
131525.141,40,2487.8,2775.6,2334.8
131525.181,40,2451.8,2864.2,2406.6
131525.221,40,2483.2,2978.2,2430.4
131525.261,40,2537.4,2949.6,2389.6
131525.301,40,2583.4,2839,2312.8
131525.341,40,2620.2,2719.8,2251.6
131525.381,40,2625.2,2569.6,2193.8
131525.421,40,2621,2464,2155.4
131525.461,40,2591.8,2376.4,2127.4
131525.501,40,2551.8,2318.6,2108
131525.541,40,2518.8,2272,2089.6
131525.581,40,2505.2,2259.8,2090.4
131525.621,40,2515.8,2263.6,2090
131525.661,40,2537.6,2289.6,2097.6
131525.701,40,2572,2334.2,2113.2
131525.741,40,2595.6,2395.6,2134.6
131525.781,40,2594,2490,2174.6
131525.821,40,2560.6,2605.4,2227.8
131525.861,40,2508.4,2711,2292.4
131525.901,40,2466.6,2802.8,2363.2
131525.941,40,2472.4,2919.4,2412.2
131525.981,40,2518.4,2966,2405.6
131526.021,40,2548,2871.4,2341.2
131526.061,40,2570,2751.8,2280.6
131526.101,40,2601.8,2637.6,2228.6
131526.141,40,2588.2,2518.6,2182.2
131526.181,40,2582.2,2430.4,2152.2
131526.221,40,2579.2,2363,2123.2
131526.261,40,2589.6,2319.2,2100.4
131526.301,40,2572.4,2280.6,2090.8
131526.341,40,2593.6,2269.4,2085
131526.381,40,2619.4,2286,2086.6
131526.421,40,2650.6,2327.4,2101
131526.461,40,2655.6,2389.8,2125.2
131526.501,40,2610.4,2470,2161.8
131526.541,40,2545.8,2561.4,2217.4
131526.581,40,2544.8,2705.6,2274.2
131526.621,40,2513.6,2841.8,2347
131526.661,40,2500,2963.6,2414.2
131526.701,40,2503.8,2971.8,2424
131526.741,40,2539,2916.8,2366.6
131526.781,40,2564.6,2792.8,2300.4
131526.821,40,2606.8,2671.4,2239.2
131526.861,40,2626.2,2543.8,2188.8
131526.901,40,2636,2443.2,2141.4
131526.941,40,2609.4,2362.6,2114.4
131526.981,40,2585.2,2304.2,2097.2
131527.021,40,2556.4,2277,2090
131527.061,40,2568,2272.4,2088.8
131527.101,40,2580,2296.6,2097.4
131527.141,40,2582.2,2332,2109.6
131527.181,40,2588.2,2383.2,2127.6
131527.221,40,2585,2447.4,2160.4
131527.261,40,2579,2537.8,2198.6
131527.301,40,2554.4,2647.8,2245.2
131527.341,40,2507.4,2737.6,2304.2
131527.381,40,2467.4,2832.8,2376.8
131527.421,40,2469.2,2949,2433.4
131527.461,40,2503.6,2979.2,2426
131527.501,40,2549.8,2918.4,2364.8
131527.541,40,2585.8,2787,2291.6
131527.581,40,2640.6,2683,2230.6
131527.621,40,2660.6,2550.2,2180
131527.661,40,2659.8,2443.4,2145.4
131527.701,40,2620.8,2360.6,2115
131527.741,40,2605.6,2315.2,2101
131527.781,40,2559.8,2279.4,2093.4
131527.821,40,2563.4,2274.6,2086.6
131527.861,40,2580.8,2290.2,2091.8
131527.901,40,2582.6,2326,2103.4
131527.941,40,2580.4,2376.4,2127
131527.981,40,2578.2,2459.8,2165.2
131528.021,40,2582.6,2578.6,2211.8
131528.061,40,2558,2716,2274.8
131528.101,40,2512,2852.6,2355.2
131528.141,40,2483.8,2970.8,2430.2
131528.181,40,2490.6,2997,2445
131528.221,40,2529.6,2942.4,2381
131528.261,40,2557.4,2822.6,2315
131528.301,40,2612.6,2701.4,2247.6
131528.341,40,2632.8,2566.4,2193.2
131528.381,40,2645.4,2458.6,2150.8
131528.421,40,2638.6,2383.4,2119.6
131528.461,40,2607,2324.8,2105.4
131528.501,40,2587.6,2291.6,2090.8
131528.541,40,2585.4,2292.4,2090
131528.581,40,2596.6,2306.8,2102.2
131528.621,40,2616.8,2351.8,2113.6
131528.661,40,2610.8,2406.8,2136.6
131528.701,40,2597.6,2488,2169.2
131528.741,40,2565,2588.2,2221.4
131528.781,40,2531.2,2704.6,2281.4
131528.821,40,2488,2826.4,2357.4
131528.861,40,2469.6,2951,2429.6
131528.901,40,2502.2,2988.2,2431.6
131528.941,40,2523.4,2892.2,2360.8
131528.981,40,2578,2776,2289.8
131529.021,40,2617.2,2640.4,2222.8
131529.061,40,2632,2509.2,2172.6
131529.101,40,2608,2407.4,2135.2
131529.141,40,2566.6,2326.8,2109.6
131529.181,40,2543.8,2284,2097.8
131529.221,40,2509.8,2254.6,2083
131529.261,40,2497.8,2243.4,2085
131529.301,40,2512.6,2251,2087
131529.341,40,2532.8,2284.8,2098.8
131529.381,40,2553.4,2331.2,2113.2
131529.421,40,2589.2,2400.4,2135
131529.461,40,2605.4,2490.4,2169.8
131529.501,40,2580.8,2589.8,2216.4
131529.541,40,2531.8,2685.2,2276.6
131529.581,40,2484.8,2776.6,2336.8
131529.621,40,2487.2,2853.2,2377.4
131529.661,40,2539.4,2937.4,2378.6
131529.701,40,2579.4,2892.4,2339
131529.741,40,2621,2789.8,2277
131529.781,40,2651.2,2665.8,2222.4
131529.821,40,2649,2529.4,2173.2
131529.861,40,2641.6,2433,2143.2
131529.901,40,2590,2355.8,2120.8
131529.941,40,2573,2312,2101
131529.981,40,2525.8,2276,2095
131530.021,40,2520.8,2267,2091.6
131530.061,40,2521.8,2283.4,2095.2
131530.101,40,2555.8,2312.2,2106.8
131530.141,40,2585,2366.8,2124.8
131530.181,40,2592.8,2432,2152.8
131530.221,40,2588.4,2517.4,2185.6
131530.261,40,2563,2614.8,2231.6
131530.301,40,2523.4,2718.8,2291.6
131530.341,40,2481.8,2806.4,2353
131530.381,40,2475,2899,2404.4
131530.421,40,2506.4,2968,2416.6
131530.461,40,2539.4,2937.4,2378.8
131530.501,40,2591.8,2832.4,2309.6
131530.541,40,2636,2704.2,2244
131530.581,40,2679.8,2572,2186.2
131530.621,40,2680.4,2458.2,2143.6
131530.661,40,2634.2,2360.2,2114
131530.701,40,2608.6,2310,2098.2
131530.741,40,2564.2,2268.6,2087.6
131530.781,40,2550.8,2260.6,2084.6
131530.821,40,2545.2,2274.8,2091.6
131530.861,40,2538.8,2306.6,2105.6
131530.901,40,2563.6,2355.6,2125.8
131530.941,40,2606.6,2437,2145
131530.981,40,2617.6,2541.6,2186.6
131531.021,40,2595.4,2665.2,2239.4
131531.061,40,2542.8,2786.6,2315.8
131531.101,40,2485.2,2885.4,2390.2
131531.141,40,2484.2,2973.2,2432.8
131531.181,40,2518.4,2976,2414.6
131531.221,40,2558.4,2916.4,2353.4
131531.261,40,2606.2,2798.8,2283.6
131531.301,40,2653.4,2658.2,2222.4
131531.341,40,2689,2533.8,2168.8
131531.381,40,2679.4,2416.8,2130.2
131531.421,40,2646.2,2342.2,2105.8
131531.461,40,2601,2288,2091.6
131531.501,40,2561.8,2260.4,2082.2
131531.541,40,2548.8,2257,2078
131531.581,40,2582,2282.4,2089.8
131531.621,40,2591.4,2317.2,2104
131531.661,40,2582.6,2372.8,2127
131531.701,40,2585.4,2453.8,2157.6
131531.741,40,2573.6,2555.8,2202.4
131531.781,40,2544,2672.6,2262.8
131531.821,40,2500.2,2794.8,2333.8
131531.861,40,2463.6,2894.2,2406.4
131531.901,40,2486,2983.8,2435
131531.941,40,2513.8,2954.6,2410.2
131531.981,40,2555.8,2881.8,2343.4
131532.021,40,2599.2,2777.2,2281.4
131532.061,40,2623.6,2638,2219.6
131532.101,40,2641.4,2535.6,2179.8
131532.141,40,2622.8,2436,2143.8
131532.181,40,2594.6,2370.2,2121.8
131532.221,40,2579.6,2322.4,2105.2
131532.261,40,2560.2,2290.6,2094.2
131532.301,40,2545.4,2268,2088.6
131532.341,40,2562,2284.2,2093.8
131532.381,40,2576.4,2321.2,2102.6
131532.421,40,2580.2,2365.2,2125.2
131532.461,40,2583.8,2442.2,2154.2
131532.501,40,2597.2,2545.6,2194.6
131532.541,40,2584.8,2676.8,2248
131532.581,40,2546.2,2820,2321.8
131532.621,40,2484.4,2934.2,2407.8
131532.661,40,2460.8,3000,2468.8
131532.701,40,2479.8,2989.4,2454.6
131532.741,40,2521,2935.4,2388.4
131532.781,40,2571.2,2837.6,2317
131532.821,40,2626.2,2718.4,2251.6
131532.861,40,2669.8,2593.6,2190.6
131532.901,40,2682.2,2477.2,2151.2
131532.941,40,2671.4,2388.2,2121.8
131532.981,40,2638.4,2328,2099.6
131533.021,40,2597.6,2285.6,2090.2
131533.061,40,2578.6,2264.6,2078.8
131533.101,40,2575.2,2267.8,2082.8
131533.141,40,2591.8,2289.4,2090.8
131533.181,40,2600.8,2327.2,2105.4
131533.221,40,2583,2374.6,2127.2
131533.261,40,2572.6,2450,2160.6
131533.301,40,2587.2,2566.6,2206.8
131533.341,40,2553.2,2713.2,2272.6
131533.381,40,2497.2,2854.6,2364.4
131533.421,40,2465,2980.2,2450
131533.461,40,2474.6,2996.4,2462.4
131533.501,40,2520.2,2951.8,2398.4
131533.541,40,2550.8,2839.8,2329
131533.581,40,2580.8,2714.2,2265.6
131533.621,40,2614.2,2600.4,2207.2
131533.661,40,2634.4,2490.2,2157.6
131533.701,40,2643.2,2401.6,2129.6
131533.741,40,2597.6,2334.2,2105.2
131533.781,40,2585.6,2292.8,2096
131533.821,40,2552.4,2273.8,2089
131533.861,40,2546.6,2278.2,2093.4
131533.901,40,2552,2301.6,2099.8
131533.941,40,2559.8,2336.8,2113.8
131533.981,40,2591.2,2394,2136.2
131534.021,40,2608.4,2476.6,2167.4
131534.061,40,2593.2,2584.2,2209
131534.101,40,2542.4,2692.4,2268
131534.141,40,2504.8,2808.8,2343
131534.181,40,2462.6,2890.8,2409.2
131534.221,40,2483.6,2986.8,2442.8
131534.261,40,2511.8,2958.4,2407
131534.301,40,2553.2,2875.4,2341
131534.341,40,2591.8,2760.2,2278.4
131534.381,40,2610.2,2649,2226
131534.421,40,2622.4,2556.2,2188
131534.461,40,2620.6,2472.6,2160.4
131534.566,105,2603,2350,2114
131534.735,169,2614,2419.2,2139.4
131534.903,168,2519.2,2857.2,2351.6
131535.072,169,2584.6,2844.6,2313
131535.239,167,2691.8,2406.2,2126
131535.406,167,2617.8,2311.2,2100.4
131535.574,168,2582,2507.8,2183.4
131535.741,167,2466.8,2972,2445.2
131535.908,167,2624.2,2750,2261.2
131536.077,169,2652.6,2320,2096.8
131536.244,167,2584.2,2338,2110.8
131536.411,167,2571.8,2671.2,2248.8
131536.579,168,2508,2958.6,2415
131536.746,167,2688.4,2519.6,2162.4
131536.98,234,2544.2,2258.6,2083.8
131537.149,169,2635.4,2488.2,2164
131537.317,168,2475,2930.6,2413.4
131537.487,170,2640.8,2735.4,2249.8
131537.656,169,2608.4,2313,2099.4
131537.823,167,2530.4,2279.6,2094
131537.991,168,2616,2528.2,2180.2
131538.16,169,2462.8,2925.6,2416.4
131538.226,66,2529.2,2939,2380.2
131538.266,40,2576.2,2852.8,2318.4
131538.306,40,2598.8,2728.8,2256.6
131538.346,40,2634.8,2612,2206.2
131538.386,40,2629,2493.6,2165
131538.426,40,2607.4,2396.8,2133
131538.466,40,2563.6,2330,2109.8
131538.506,40,2523.8,2284,2099.6
131538.546,40,2496,2253.6,2084
131538.586,40,2497.2,2248.8,2084.8
131538.626,40,2506,2266.4,2089.8
131538.666,40,2539.8,2299,2099.8
131538.706,40,2571.2,2352.2,2119.8
131538.746,40,2592,2429.4,2149
131538.786,40,2587.6,2524,2188
131538.826,40,2549,2634.2,2240.4
131538.866,40,2504.8,2747.4,2308.2
131538.906,40,2460,2823,2374.4
131538.946,40,2492,2956.6,2416.8
131538.986,40,2524.8,2951.6,2396.8
131539.026,40,2565.6,2887.2,2340.8
131539.066,40,2612.6,2795.4,2282.6
131539.106,40,2649.8,2669,2226
131539.146,40,2682.8,2554,2177.6
131539.186,40,2682.8,2452.6,2143.6
131539.226,40,2649.2,2365.2,2116.6
131539.266,40,2609.4,2307.8,2096.2
131539.306,40,2564,2265,2083
131539.346,40,2542.4,2246.6,2076.4
131539.386,40,2532,2243.8,2078.8
131539.426,40,2539.2,2252.2,2081.6
131539.466,40,2539,2281.2,2090.4
131539.506,40,2548.8,2312.6,2108.4
131539.546,40,2572.4,2370.6,2127.6
131539.586,40,2607.8,2452.6,2159.6
131539.626,40,2608.8,2563.8,2198.8
131539.666,40,2589.6,2703.6,2260.8
131539.706,40,2520.2,2807.4,2330.8
131539.746,40,2471.8,2904.8,2410.6
131539.786,40,2490.2,2965.2,2428
131539.826,40,2524.6,2937.2,2391.2
131539.866,40,2577.6,2856.8,2322
131539.906,40,2622.4,2761.4,2265.6
131539.946,40,2659.4,2637,2212
131539.986,40,2667.8,2516.2,2170.2
131540.026,40,2648.8,2420,2135.2
131540.066,40,2614.2,2346.4,2111.4
131540.106,40,2563.8,2297.6,2097.2
131540.146,40,2536.6,2266.4,2087.8
131540.186,40,2515.4,2255.6,2086.2
131540.226,40,2506,2263.2,2086.2
131540.266,40,2528.8,2286,2098.6
131540.306,40,2557.6,2323.6,2107.8
131540.346,40,2583,2382,2131.6
131540.386,40,2586,2460.4,2161
131540.426,40,2578.6,2561.4,2210
131540.466,40,2542.8,2677.2,2265.8
131540.506,40,2488.8,2783.6,2338.4
131540.546,40,2455.4,2890,2412
131540.586,40,2478.8,2978,2446.2
131540.626,40,2509,2955.4,2412.8
131540.666,40,2567.8,2869.6,2332.2
131540.706,40,2597.6,2734.6,2267.4
131540.746,40,2635.2,2622.6,2212.4
131540.786,40,2642.6,2509.6,2169.4
131540.826,40,2622.2,2413.4,2136.6
131540.866,40,2596.4,2344.6,2114.6
131540.906,40,2551.8,2292.4,2097
131540.946,40,2525.2,2267.2,2088
131540.986,40,2523.6,2259.2,2087.6
131541.026,40,2526.8,2273.8,2092.2
131541.066,40,2533.2,2296,2102.6
131541.106,40,2548.2,2330.2,2116
131541.146,40,2589.2,2388.8,2132.4
131541.186,40,2600.8,2470,2164
131541.226,40,2583.4,2571.6,2208
131541.266,40,2541.4,2687,2267
131541.306,40,2475.6,2771.2,2337.2
131541.346,40,2443.8,2854.2,2410.2
131541.386,40,2479.4,2971.6,2437.2
131541.426,40,2508.6,2964.8,2411.4
131541.466,40,2556,2882.6,2347.2
131541.506,40,2600,2785.4,2285.8
131541.546,40,2630,2670,2229
131541.586,40,2659.8,2551.6,2180.8
131541.626,40,2670.6,2456.2,2147.2
131541.666,40,2646.8,2379.6,2119.6
131541.706,40,2608.8,2321.4,2100
131541.746,40,2580.4,2281.6,2088.6
131541.786,40,2553.4,2262.8,2085.8
131541.826,40,2561.4,2268,2086.8
131541.866,40,2553.8,2286.8,2093.8
131541.906,40,2543.8,2317.4,2106.8
131541.946,40,2578.4,2368.8,2130
131541.986,40,2603.8,2439.6,2154.2
131542.026,40,2607.2,2538.2,2192.6
131542.066,40,2572.6,2650.8,2245.4
131542.106,40,2518.4,2761,2317.4
131542.146,40,2456.4,2848.2,2390.4
131542.186,40,2443,2925.8,2446.6
131542.226,40,2470.2,2983,2455
131542.266,40,2506.8,2950,2406
131542.306,40,2546.8,2871,2339.8
131542.346,40,2610.6,2792.8,2283
131542.386,40,2647.4,2682.6,2229.4
131542.426,40,2677.2,2579.2,2188.4
131542.466,40,2687.2,2494.6,2157
131542.506,40,2670,2425.2,2134.2
131542.546,40,2656.8,2377.8,2117
131542.586,40,2643.2,2349.6,2106.4
131542.626,40,2628,2332.8,2103.8
131542.666,40,2616.8,2320.2,2102.6
131542.706,40,2637.2,2339.8,2105.2
131542.746,40,2631.6,2373.2,2118.2
131542.786,40,2606.8,2419,2142.8
131542.826,40,2577.4,2474.4,2169.4
131542.866,40,2582,2565,2206.4
131542.906,40,2563,2691,2263.4
131542.946,40,2500.4,2791.6,2334
131542.986,40,2444.8,2890.4,2424.6
131543.026,40,2434.6,2999.6,2492
131543.066,40,2463.6,2992.8,2470.8
131543.106,40,2508.2,2940.2,2397.2
131543.146,40,2563,2853,2325.4
131543.186,40,2618.4,2739.2,2262.4
131543.226,40,2659.4,2614.4,2200
131543.266,40,2676.8,2496,2157.2
131543.306,40,2678.6,2410.8,2128
131543.346,40,2650,2345.4,2106.8
131543.386,40,2618.6,2300.2,2092.6
131543.426,40,2596.6,2279.4,2090.4
131543.466,40,2595.6,2284.8,2089
131543.506,40,2602.6,2305,2096.4
131543.546,40,2592.6,2328.2,2106.2
131543.586,40,2580.2,2367.8,2124.8
131543.626,40,2564,2421.8,2155.6
131543.666,40,2583.8,2522.4,2188.4
131543.706,40,2568.6,2644.8,2242.6
131543.746,40,2533,2774.2,2309.2
131543.786,40,2488.6,2891.6,2391.4
131543.826,40,2503,2964.8,2418.8
131543.866,40,2530.6,2928.4,2377.4
131543.906,40,2578.6,2866.4,2324.2
131543.946,40,2602.4,2731.4,2263.2
131543.986,40,2612.4,2609,2215.2
131544.026,40,2609,2503,2173.4
131544.066,40,2628.2,2434.4,2144
131544.106,40,2604.4,2370.4,2121.4
131544.146,40,2586.2,2325.8,2106.6
131544.186,40,2569.2,2300.6,2096.4
131544.226,40,2586.2,2298.6,2094.4
131544.266,40,2608.8,2311.4,2101.2
131544.306,40,2624.8,2344,2105.6
131544.346,40,2608.2,2385.2,2129.6
131544.386,40,2591.6,2440.6,2154.6
131544.426,40,2572.8,2508.8,2184.6
131544.466,40,2562.2,2611.6,2230.8
131544.506,40,2540.2,2753.2,2296.2
131544.546,40,2492.8,2869.6,2376.4
131544.586,40,2451.4,2978,2460.6
131544.626,40,2447.8,2996.8,2490
131544.666,40,2469.8,2965.2,2441.8
131544.706,40,2532.6,2917,2369.6
131544.746,40,2585.4,2813,2302.4
131544.786,40,2631.2,2684,2236
131544.826,40,2665.8,2567.4,2182.8
131544.866,40,2667.4,2472,2149.2
131544.906,40,2655.4,2396.4,2124
131544.946,40,2624.4,2344,2108
131544.986,40,2594.4,2316.4,2099.8
131545.026,40,2582.2,2309.2,2096.8
131545.066,40,2580.8,2326.8,2107.8
131545.106,40,2579.6,2350.4,2116.6
131545.146,40,2578.2,2377.4,2128.6
131545.186,40,2591.6,2425.8,2143.8
131545.226,40,2604.4,2488.6,2174.6
131545.266,40,2579.2,2573.8,2210.6
131545.306,40,2540.2,2668.2,2261.2
131545.346,40,2487,2747.2,2323.6
131545.386,40,2446.4,2828.2,2390.8
131545.426,40,2477.2,2933.6,2417.2
131545.466,40,2524.2,2941,2394.4
131545.506,40,2563.4,2886.8,2342
131545.546,40,2592.8,2769.4,2280.2
131545.586,40,2625.4,2657.4,2223.8
131545.626,40,2652.2,2553.2,2181.2
131545.666,40,2650.4,2451.6,2144.4
131545.706,40,2630.4,2380.2,2120.4
131545.746,40,2598.4,2327,2105.4
131545.786,40,2575.6,2291.2,2093.4
131545.826,40,2558.8,2277.6,2090.2
131545.866,40,2558.2,2285.4,2091
131545.906,40,2550,2300.4,2098.6
131545.946,40,2548.2,2321.8,2112.4
131545.986,40,2581.2,2371.2,2125.4
131546.026,40,2603.4,2426.6,2144.8
131546.066,40,2597.4,2511.4,2183.4
131546.106,40,2560.6,2616.6,2234
131546.146,40,2513,2719,2294.2
131546.186,40,2464.8,2826,2372
131546.226,40,2435,2908.2,2441.8
131546.266,40,2464.2,2991.4,2462
131546.306,40,2498.4,2961.8,2420
131546.346,40,2561,2875,2337
131546.386,40,2602,2729.8,2262.6
131546.426,40,2640.6,2598,2202.4
131546.466,40,2634.4,2478.4,2155.2
131546.506,40,2604.2,2386.8,2126.4
131546.546,40,2582.2,2326.8,2108
131546.586,40,2546.8,2289.2,2095.4
131546.626,40,2525.2,2266.2,2086.2
131546.666,40,2518,2265.6,2089
131546.706,40,2528.4,2274,2090.8
131546.746,40,2549,2295.6,2099.8
131546.786,40,2573.2,2332.8,2110.4
131546.826,40,2595,2386,2133
131546.866,40,2601.6,2460.8,2158.8
131546.906,40,2588.2,2558,2204.2
131546.946,40,2538.8,2674.8,2267.6
131546.986,40,2490.4,2783.2,2336.8
131547.026,40,2447.2,2883.6,2416.8
131547.066,40,2456.2,2986.6,2461
131547.106,40,2486,2982,2442.6
131547.146,40,2520,2899.6,2371
131547.186,40,2556.6,2763.8,2290
131547.226,40,2606.6,2652.4,2229.4
131547.266,40,2628.4,2522.6,2176.8
131547.306,40,2610.8,2419.6,2142.6
131547.346,40,2592.2,2341.4,2110.8
131547.386,40,2551.2,2284.4,2091.4
131547.426,40,2527.6,2252.6,2085.2
131547.466,40,2501.8,2234.8,2076
131547.506,40,2502.2,2235.6,2081.6
131547.546,40,2506.4,2249.4,2082.2
131547.586,40,2513.6,2268.6,2090.8
131547.626,40,2538,2306.8,2107.4
131547.666,40,2576.6,2359,2119.8
131547.706,40,2594.8,2435.4,2151
131547.746,40,2591.6,2536.4,2188.8
131547.786,40,2551,2639,2247.6
131547.826,40,2508.8,2755,2313.4
131547.866,40,2461.4,2845.2,2384.4
131547.906,40,2468.2,2946.4,2436.6
131547.946,40,2507.8,2970.4,2418
131547.986,40,2531,2892.2,2354.2
131548.026,40,2596.2,2768.4,2282
131548.066,40,2630,2639.6,2216.8
131548.106,40,2640.6,2504.2,2168
131548.146,40,2619.2,2400.8,2129.8
131548.186,40,2584,2323.4,2108.2
131548.226,40,2537,2271.4,2090.6
131548.266,40,2495.6,2232.4,2079.4
131548.306,40,2464.8,2218.6,2076
131548.346,40,2461.8,2225.4,2077.6
131548.386,40,2482.2,2241,2080.8
131548.426,40,2521.6,2269,2090.2
131548.466,40,2562.2,2317.8,2106.4
131548.506,40,2598.8,2401.2,2136
131548.546,40,2620.2,2512,2179.8
131548.586,40,2592.8,2640.8,2232.8
131548.626,40,2537.6,2762.2,2303
131548.666,40,2471.2,2855.2,2383.2
131548.706,40,2440,2945.8,2457.6
131548.746,40,2464.4,2990,2464.2
131548.786,40,2489.8,2937.4,2409
131548.826,40,2540.6,2853.2,2335.4
131548.866,40,2587.4,2737.2,2272.4
131548.906,40,2600.6,2620,2218
131548.946,40,2606.6,2512.4,2176.6
131548.986,40,2599.8,2430,2149.6
131549.026,40,2583.4,2367,2124.6
131549.066,40,2569.2,2327.6,2108.4
131549.106,40,2561.2,2293.6,2099.8
131549.146,40,2548.2,2286.2,2092.6
131549.186,40,2572.2,2300.2,2097.6
131549.226,40,2579.8,2319.8,2107.2
131549.266,40,2579.2,2356.8,2119.2
131549.306,40,2573.4,2400.4,2142.4
131549.346,40,2595.4,2474.2,2165.6
131549.488,142,2502.6,2778.8,2324
131549.528,40,2475.8,2841.4,2370
131549.568,40,2516,2916.2,2383.2
131549.608,40,2547.4,2907.8,2363.4
131549.648,40,2576.8,2855.6,2327
131549.688,40,2629.2,2785.4,2275.6
131549.728,40,2637.4,2656.8,2224.2
131549.768,40,2640.6,2547.8,2180.8
131549.824,56,2609.6,2416.6,2140.4
131549.864,40,2583.8,2357.6,2120
131549.904,40,2560.8,2312.4,2105
131549.944,40,2534,2285,2097
131549.984,40,2531.6,2276.2,2092.8
131550.024,40,2534.4,2287.8,2098
131550.064,40,2546.4,2303.8,2106
131550.104,40,2546,2333.2,2115.8
131550.144,40,2564.2,2380,2131.4
131550.184,40,2585,2445.2,2153.8
131550.224,40,2586,2523.8,2191.4
131550.264,40,2562.4,2602.4,2231.8
131550.304,40,2532.4,2683.8,2272.6
131550.344,40,2497.2,2754,2319.2
131550.384,40,2504.6,2836.4,2355.8
131550.424,40,2556,2905.2,2353
131550.464,40,2584,2873.6,2331
131550.504,40,2619.8,2808.6,2284.6
131550.544,40,2641.8,2693.6,2239.8
131550.584,40,2616.2,2573,2197.4
131550.624,40,2584.8,2465,2164.4
131550.664,40,2574.4,2395.4,2135.6
131550.704,40,2578.2,2339,2113.2
131550.744,40,2575.8,2295,2095.8
131550.784,40,2564.2,2267.8,2083.2
131550.824,40,2572.8,2264,2082.4
131550.864,40,2593.8,2275,2085
131550.904,40,2614.6,2303.2,2097.2
131550.944,40,2609.6,2351.4,2110.6
131550.984,40,2593.6,2409.4,2141.6
131551.024,40,2582.2,2487.6,2176
131551.064,40,2591,2587.8,2210.6
131551.104,40,2604.6,2716,2259
131551.144,40,2587.2,2831.8,2308.2
131551.184,40,2558.2,2900.2,2349.4
131551.224,40,2544.8,2917.2,2370
131551.264,40,2556,2897.6,2352.6
131551.304,40,2589.2,2853.4,2319.6
131551.344,40,2635.4,2780,2269.6
131551.384,40,2676.8,2674.8,2219.2
131551.424,40,2707,2578,2184.6
131551.464,40,2690.8,2478,2148.2
131551.504,40,2672,2409,2127.4
131551.544,40,2636,2362.8,2112.8
131551.584,40,2614.8,2339,2108.2
131551.624,40,2601.2,2343,2111.6
131551.664,40,2594.6,2370.4,2124.2
131551.704,40,2597.8,2416.2,2137.8
131551.744,40,2592.2,2484.8,2167.2
131551.784,40,2581.6,2566.6,2208.2
131551.824,40,2555.8,2668,2256.4
131551.864,40,2524.8,2754.8,2302.8
131551.904,40,2523,2858.8,2348.8
131551.944,40,2542.8,2912,2369.6
131551.984,40,2562.4,2897,2346.6
131552.024,40,2593.6,2853.6,2318.4
131552.064,40,2627.4,2771.2,2266.4
131552.104,40,2651.4,2658,2220.4
131552.144,40,2672,2564.8,2181.6
131552.184,40,2666.8,2468.8,2151.2
131552.224,40,2646.6,2401.2,2130.2
131552.264,40,2612.8,2348,2113.6
131552.304,40,2594,2314,2101.2
131552.344,40,2571,2290.2,2092.8
131552.384,40,2561.4,2279.2,2087
131552.424,40,2595,2296.8,2096.6
131552.464,40,2612.6,2333.8,2106.4
131552.504,40,2615,2389.8,2128.8
131552.544,40,2593.8,2468.2,2163.6
131552.584,40,2567.6,2561.4,2210.6
131552.624,40,2547.6,2678.2,2270.6
131552.664,40,2513,2808.2,2338
131552.704,40,2483.4,2914.2,2406.6
131552.744,40,2482.4,2983.4,2438.6
131552.784,40,2499.6,2964.6,2419.8
131552.824,40,2533.6,2912.6,2368.4
131552.864,40,2557.8,2812.6,2309.8
131552.904,40,2594.2,2712.8,2259.2
131552.944,40,2627.4,2610.2,2211.4
131552.984,40,2653.2,2512,2167.2
131553.024,40,2653.4,2435.2,2136
131553.064,40,2631,2364,2115.8
131553.104,40,2616,2327.6,2100.8
131553.144,40,2586.2,2296.6,2093
131553.184,40,2593.2,2290,2091.4
131553.224,40,2604.8,2309.6,2099.2
131553.264,40,2603.2,2341,2112.4
131553.304,40,2590.4,2380.6,2130.6
131553.344,40,2571.2,2445.8,2159.4
131553.384,40,2591.2,2544.4,2196.4
131553.424,40,2593.2,2678.2,2246.6
131553.464,40,2555,2797.4,2311.2
131553.504,40,2504.6,2915.2,2385
131553.544,40,2470,2980.2,2446.6
131553.584,40,2478.8,2994.8,2456
131553.624,40,2505.2,2942.4,2404
131553.664,40,2550.6,2872.8,2340.4
131553.704,40,2619.2,2788.4,2278
131553.744,40,2670.2,2677.8,2224
131553.784,40,2705.4,2559.6,2176.8
131553.824,40,2708.8,2462.6,2140.2
131553.864,40,2688.6,2385,2117.4
131553.904,40,2661,2334.4,2102.6
131553.944,40,2626.2,2307.6,2091.8
131553.984,40,2607.8,2285.8,2087.4
131554.024,40,2598,2293.2,2093.4
131554.064,40,2599.8,2318.8,2104.8
131554.104,40,2574.6,2348,2117
131554.144,40,2569,2399.8,2140
131554.184,40,2599.2,2478.6,2168.2
131554.224,40,2606,2594.8,2213
131554.264,40,2580.6,2716,2269.4
131554.304,40,2520.8,2833.4,2344.6
131554.344,40,2471.8,2932.6,2425.6
131554.384,40,2457.2,2994,2465.8
131554.424,40,2484.6,2988.4,2447.6
131554.464,40,2526.8,2937.8,2387
131554.504,40,2573.4,2845.6,2320.8
131554.544,40,2627.2,2739.2,2257.4
131554.584,40,2671.8,2620.8,2201.2
131554.624,40,2690.2,2512.6,2160
131554.664,40,2686.8,2423.6,2130
131554.704,40,2658,2359.4,2110.8
131554.744,40,2639.4,2320.2,2098.4
131554.784,40,2605.4,2295.2,2090.6
131554.824,40,2598.8,2289.2,2092.4
131554.864,40,2594.4,2305,2095.2
131554.904,40,2580.2,2329.6,2104.4
131554.944,40,2565.2,2367.4,2126.2
131554.984,40,2596.8,2435.6,2151.2
131555.024,40,2622.2,2535.4,2185
131555.064,40,2598.2,2641.8,2230.8
131555.104,40,2559,2760.4,2291.2
131555.144,40,2510.4,2854,2357.2
131555.184,40,2481.6,2928.4,2415.4
131555.224,40,2493.6,2965.6,2426
131555.264,40,2523.8,2947.8,2394.4
131555.304,40,2564.2,2874,2340
131555.344,40,2606.4,2800,2283.6
131555.384,40,2630.6,2685.8,2235.4
131555.424,40,2662.4,2585,2195.6
131555.464,40,2659,2490.4,2159.4
131555.504,40,2664.4,2419.8,2131.6
131555.544,40,2639.4,2362.2,2113.8
131555.584,40,2629.8,2325.8,2106
131555.624,40,2607.2,2306.6,2095.4
131555.664,40,2610.6,2315,2098
131555.704,40,2589.2,2338,2108.6
131555.744,40,2567.4,2368.6,2125.8
131555.784,40,2593.8,2422.8,2141.2
131555.824,40,2629.4,2503,2171.8
131555.864,40,2628.2,2603,2208.4
131555.904,40,2596,2707,2257.4
131555.944,40,2534,2784.4,2318
131555.984,40,2476.8,2846,2376.6
131556.024,40,2480.4,2928.6,2412.6
131556.064,40,2520.2,2952,2399
131556.104,40,2561,2893.6,2345.6
131556.144,40,2622.8,2809.8,2284.6
131556.184,40,2664.4,2688.8,2227.2
131556.224,40,2679,2562.2,2177.4
131556.264,40,2676.4,2457.2,2143.6
131556.304,40,2643.2,2369.2,2121
131556.344,40,2611.6,2319.4,2100.2
131556.384,40,2593,2290.8,2091.6
131556.424,40,2567.4,2277,2087
131556.464,40,2566.4,2278.8,2088.4
131556.504,40,2554,2290,2097.2
131556.544,40,2567.6,2324.2,2110.8
131556.584,40,2575.2,2372.2,2128.4
131556.624,40,2601.2,2460.8,2160.6
131556.664,40,2601,2592.2,2211
131556.704,40,2568.6,2728.6,2277.6
131556.744,40,2503,2854.6,2360.2
131556.784,40,2485,2952.8,2423.8
131556.824,40,2499.6,2985.8,2429.6
131556.864,40,2518.4,2902.8,2377.8
131556.904,40,2554.6,2836.2,2323
131556.944,40,2607,2740,2262
131556.984,40,2640.4,2628.2,2212.4
131557.024,40,2662.8,2525.6,2171.4
131557.064,40,2636.4,2428.6,2139.8
131557.104,40,2632.8,2367.2,2119.2
131557.144,40,2607.8,2325.8,2101.6
131557.184,40,2606.6,2294.4,2096.2
131557.224,40,2593.6,2282.2,2087.4
131557.264,40,2602.8,2289.4,2095.6
131557.304,40,2611.6,2320.6,2099.6
131557.344,40,2586,2349.4,2116.6
131557.384,40,2578.8,2401.8,2136
131557.424,40,2600,2474.4,2165.6
131557.464,40,2611.4,2584,2202
131557.504,40,2596.6,2705.2,2258.4
131557.544,40,2548.4,2821.2,2321.8
131557.584,40,2493.4,2908.6,2394.4
131557.624,40,2475,2972,2441.8
131557.664,40,2498.6,2977.4,2427
131557.704,40,2528.2,2918,2374.2
131557.744,40,2575.4,2835,2315
131557.784,40,2647.4,2746.4,2252.4
131557.824,40,2704.2,2634,2203.2
131557.864,40,2715.8,2513.2,2157.4
131557.904,40,2712.2,2422.2,2131
131557.944,40,2678.2,2354.6,2108.8
131557.984,40,2642.8,2306.4,2092.6
131558.024,40,2618.2,2283.4,2086.4
131558.064,40,2603.4,2283.4,2087.4
131558.104,40,2603.8,2304.4,2096
131558.144,40,2568.2,2328.6,2109.8
131558.184,40,2553.8,2372.2,2127.4
131558.224,40,2589.4,2442,2149.4
131558.264,40,2629.4,2557.8,2189.8
131558.304,40,2607,2667,2236.8
131558.344,40,2575.6,2789.6,2301.2
131558.384,40,2516.8,2885.4,2366.4
131558.424,40,2476,2961.8,2433.4
131558.464,40,2474,2977,2450
131558.504,40,2498,2963.2,2419.6
131558.544,40,2539.8,2880,2352.2
131558.584,40,2611,2810,2293
131558.624,40,2674,2700.4,2230.6
131558.664,40,2705.4,2581.6,2183.6
131558.704,40,2715.6,2488.8,2149.4
131558.744,40,2697.8,2418.6,2130.4
131558.784,40,2659.4,2368.6,2113.8
131558.824,40,2636,2350.4,2111.4
131558.864,40,2613.6,2351.4,2113.4
131558.904,40,2594.6,2374,2123.4
131558.944,40,2582.2,2414.4,2144.8
131558.984,40,2586.6,2486,2172.2
131559.024,40,2585.4,2592,2211.8
131559.064,40,2578.2,2724.6,2271.2
131559.104,40,2520.2,2829.2,2339.8
131559.144,40,2484,2944.4,2419
131559.184,40,2478.2,2977,2442.8
131559.224,40,2493.8,2930.8,2408.8
131559.264,40,2546.6,2901.4,2354.2
131559.304,40,2598,2825.2,2298.6
131559.344,40,2647.8,2710.2,2239.8
131559.384,40,2673.8,2592.6,2189.2
131559.424,40,2692.8,2497.6,2158.4
131559.464,40,2695.4,2424.4,2132
131559.504,40,2673.6,2372.6,2116.2
131559.544,40,2645.4,2336.8,2103.2
131559.584,40,2615.4,2323.4,2102.4
131559.624,40,2614.6,2339.6,2104.8
131559.664,40,2608.4,2362,2116.6
131559.704,40,2594.8,2397.2,2137.6
131559.744,40,2582.2,2445.4,2159.4
131559.784,40,2595.8,2528.2,2189.8
131559.824,40,2588.2,2643.4,2233.2
131559.864,40,2560,2766.4,2291.2
131559.904,40,2521.6,2881,2365.4
131559.944,40,2491.8,2959.6,2419.2
131559.984,40,2504.2,2971.4,2417
131560.024,40,2531.8,2924.2,2376.6
131560.064,40,2580,2851,2317.2
131560.104,40,2637.8,2745.2,2257.8
131560.144,40,2673.6,2621.6,2203.2
131560.184,40,2696.6,2516,2160.8
131560.224,40,2678.4,2419.8,2131.6
131560.264,40,2664.6,2364.6,2112.2
131560.304,40,2636,2318.8,2099
131560.344,40,2611.2,2291.6,2090.8
131560.384,40,2596.8,2293.4,2091.4
131560.424,40,2601.6,2302.8,2101
131560.464,40,2598.2,2324.6,2105.6
131560.504,40,2581.2,2360.4,2119.4
131560.544,40,2583,2410.4,2142.2
131560.584,40,2605.6,2495,2175.2
131560.624,40,2587.4,2592,2218.8
131560.664,40,2570.8,2723,2274.4
131560.704,40,2523,2832.4,2342.4
131560.744,40,2487.2,2923.8,2404.8
131560.784,40,2506.4,2980.8,2426.4
131560.824,40,2533.2,2943.8,2387.2
131560.864,40,2576.4,2867.8,2326.6
131560.904,40,2608.8,2752.4,2269
131560.944,40,2636.6,2632,2215.6
131560.984,40,2644.2,2525.6,2175
131561.024,40,2655,2441.2,2142.2
131561.064,40,2629.2,2374.6,2120.2
131561.104,40,2621.8,2335.4,2104.6
131561.144,40,2610.8,2308.6,2097
131561.184,40,2615.8,2306.2,2094.4
131561.224,40,2618.2,2324.8,2099.4
131561.264,40,2594.6,2338.8,2108.4
131561.304,40,2574.2,2364.6,2127.6
131561.344,40,2589.4,2407.6,2142.4
131561.384,40,2625.6,2474.8,2164.4
131561.424,40,2602.6,2547.6,2195.4
131561.464,40,2580,2647.8,2242
131561.504,40,2522.8,2717.8,2293
131561.544,40,2483,2785.4,2344.2
131561.584,40,2491.4,2859.6,2372.8
131561.624,40,2552,2905.4,2359
131561.664,40,2586.8,2865.8,2327.2
131561.704,40,2615.2,2763.8,2270.4
131561.744,40,2638.8,2653.8,2222.8
131561.784,40,2649,2535.8,2177.6
131561.824,40,2647.2,2444.2,2146.2
131561.864,40,2622.2,2370.8,2119.8
131561.904,40,2606.4,2329,2104
131561.944,40,2579.2,2294.2,2093.4
131561.984,40,2575.6,2276.4,2088
131562.024,40,2570.6,2275.4,2089.4
131562.064,40,2558.8,2292.2,2097.4
131562.104,40,2555.2,2324.4,2109.4
131562.144,40,2561,2354.6,2126.4
131562.184,40,2592.8,2409.6,2143.8
131562.224,40,2615.6,2496.2,2168.6
131562.264,40,2578,2580,2209.4
131562.304,40,2550.6,2693.2,2268.6
131562.344,40,2493.8,2778.8,2332.6
131562.384,40,2471.8,2870.8,2392.8
131562.424,40,2500.4,2952.6,2410.6
131562.464,40,2537.6,2933.6,2385
131562.504,40,2575,2885,2337.4
131562.544,40,2598.8,2771.8,2278
131562.584,40,2621.4,2653.2,2227.8
131562.624,40,2655.8,2556,2186
131562.664,40,2658.4,2464.6,2149.2
131562.704,40,2645.8,2396.2,2121.8
131562.744,40,2626,2340,2109.2
131562.784,40,2613.6,2305.2,2094.6
131562.824,40,2595.2,2278,2084.4
131562.864,40,2588.2,2263.2,2083.8
131562.904,40,2586.8,2266.4,2086.8
131562.944,40,2608.2,2295.4,2092.8
131562.984,40,2598.8,2326.2,2108
131563.024,40,2578.2,2389,2135
131563.064,40,2595.8,2481.8,2172.6
131563.104,40,2624.2,2627.4,2218.4
131563.144,40,2600.6,2783.2,2284.8
131563.184,40,2547.2,2923.8,2366.2
131563.224,40,2504.4,2978.8,2426.2
131563.264,40,2523.2,2953.6,2399
131563.304,40,2570,2896,2341.4
131563.344,40,2621,2803.2,2283
131563.384,40,2677.2,2693.6,2225.2
131563.424,40,2713,2578.4,2179.8
131563.467,43,2731.8,2476.6,2143.4
131563.507,40,2708,2404,2119.2
131563.547,40,2687.6,2353.8,2107.6
131563.587,40,2651.6,2326.8,2101.6
131563.627,40,2621.4,2326.2,2101.8
131563.667,40,2602.6,2342.4,2107.8
131563.707,40,2585.8,2344.8,2112.2
131563.747,40,2569.8,2358,2123.6
131563.787,40,2570.6,2383,2133.8
131563.827,40,2592.2,2434.8,2152.8
131563.867,40,2585.6,2510.2,2180.4
131563.907,40,2567.6,2608.8,2228
131563.947,40,2540,2725.6,2285.6
131563.987,40,2497.4,2825.2,2350.4
131564.027,40,2496.6,2932,2402.8
131564.067,40,2516.6,2958.2,2406.4
131564.107,40,2541.8,2928.4,2372
131564.147,40,2561.8,2863,2333.8
131564.187,40,2583,2780,2290.4
131564.227,40,2595.4,2685.4,2244.6
131564.267,40,2625.8,2613.6,2207.4
131564.307,40,2633.4,2521,2174.4
131564.347,40,2655,2452.6,2145.8
131564.387,40,2660.6,2397.2,2121.8
131564.427,40,2666.8,2351.6,2108.8
131564.467,40,2653.8,2323.2,2097.8
131564.507,40,2644.8,2311.6,2095.8
131564.547,40,2653.6,2324.2,2096
131564.587,40,2662.6,2351.6,2108.4
131564.627,40,2629,2403.2,2132.6
131564.667,40,2584.4,2460.4,2164.2
131564.707,40,2571.6,2550.8,2201.4
131564.747,40,2590.6,2702,2257.2
131564.787,40,2562.6,2824.6,2316.6
131564.827,40,2526.4,2935.6,2384.2
131564.867,40,2506.8,2971,2420.4
131564.907,40,2510.8,2946.4,2401
131564.947,40,2534.2,2909.6,2370.4
131564.987,40,2566.6,2844.2,2321.8
131565.027,40,2597.6,2757.4,2272.4
131565.067,40,2637,2660.4,2225
131565.107,40,2658.2,2561.2,2183.8
131565.147,40,2669,2481.4,2150.6
131565.187,40,2659.6,2410.8,2128
131565.227,40,2654.8,2364.6,2111.8
131565.267,40,2627.8,2331.2,2104
131565.307,40,2631.8,2324,2104
131565.347,40,2635.8,2337,2104.6
131565.387,40,2625,2365.8,2115.8
131565.427,40,2584,2387.8,2130.8
131565.467,40,2575.6,2423.2,2150
131565.507,40,2598,2483,2168.2
131565.547,40,2597.6,2563.6,2198.6
131565.587,40,2584.4,2650.4,2239
131565.627,40,2560.2,2744.6,2287.4
131565.667,40,2528,2832.8,2334.4
131565.707,40,2535.4,2898.2,2360
131565.747,40,2571.4,2887.6,2342
131565.787,40,2602.6,2835.4,2306.6
131565.827,40,2638,2727,2245.8
131565.867,40,2669,2618.4,2200
131565.907,40,2682.2,2514.6,2162.4
131565.947,40,2668.8,2431.2,2133.4
131565.987,40,2622,2366.8,2116
131566.027,40,2599.4,2331.6,2107.4
131566.067,40,2570.4,2309.2,2099.6
131566.107,40,2555.2,2305.2,2100
131566.147,40,2543.6,2309.2,2105
131566.187,40,2552.6,2328.4,2112.6
131566.227,40,2553.8,2355.2,2121.8
131566.267,40,2575.4,2398.2,2138.6
131566.307,40,2596.4,2467,2160.6
131566.347,40,2586.4,2546.6,2198.4
131566.387,40,2572.4,2642.6,2243.6
131566.427,40,2529.4,2720.6,2288.4
131566.467,40,2500.2,2798.6,2340.2
131566.507,40,2499.2,2866.6,2370
131566.547,40,2553.4,2915.8,2365.8
131566.587,40,2586.6,2883.6,2334.4
131566.627,40,2612.6,2781.4,2283.6
131566.667,40,2628,2686.6,2237.4
131566.707,40,2611.2,2571.8,2200.2
131566.747,40,2597.4,2489.8,2169.4
131566.787,40,2579,2427,2147.8
131566.827,40,2582.2,2381,2128.4
131566.867,40,2587,2350.2,2117.2
131566.907,40,2595,2337.4,2107
131566.947,40,2604.8,2344.8,2110.8
131566.987,40,2597.2,2366.2,2122.4
131567.027,40,2571.4,2402.2,2142.8
131567.067,40,2584.4,2468,2163.2
131567.107,40,2597.2,2552.8,2198.6
131567.147,40,2593.8,2672.2,2244.2
131567.187,40,2547.8,2760.6,2297.4
131567.227,40,2512.6,2842.8,2351.6
131567.267,40,2488,2893.8,2392.8
131567.307,40,2523.6,2937.4,2392.2
131567.347,40,2560.4,2907.4,2355.8
131567.387,40,2599.6,2832.6,2309
131567.427,40,2649.8,2756.2,2255
131567.467,40,2677.8,2648.4,2210
131567.507,40,2690.4,2549.6,2176.2
131567.547,40,2682.6,2468.2,2150.6
131567.587,40,2677.6,2414.6,2129.8
131567.627,40,2671.6,2379,2113
131567.667,40,2665.8,2357.6,2105.6
131567.707,40,2661.6,2362,2111.6
131567.747,40,2658.6,2389,2122
131567.787,40,2592.6,2424.4,2144
131567.827,40,2559,2486,2183
131567.867,40,2578.6,2597.6,2216.2
131567.907,40,2588.6,2767.4,2280.8
131567.947,40,2538.4,2901.2,2362.8
131567.987,40,2497,2968,2421
131568.027,40,2499.8,2975,2423.6
131568.067,40,2535.8,2924,2376
131568.107,40,2561.2,2828.2,2314.6
131568.147,40,2600.8,2733.2,2259.4
131568.187,40,2635.4,2638.4,2217.6
131568.227,40,2669,2544.2,2174.4
131568.267,40,2686.6,2465.8,2145.4
131568.307,40,2688.8,2404.8,2126.2
131568.347,40,2671.4,2364.8,2109.8
131568.387,40,2662,2343.8,2105.4
131568.427,40,2648.8,2337.4,2103.4
131568.467,40,2659,2362.4,2110.4
131568.507,40,2639.8,2393.8,2125.8
131568.547,40,2593,2435.8,2149.2
131568.587,40,2586.2,2508.2,2184
131568.627,40,2581.4,2616.6,2226.4
131568.667,40,2589.4,2776.6,2285.4
131568.707,40,2545.2,2901.6,2360
131568.747,40,2511.8,2964.4,2415
131568.787,40,2521.6,2959.6,2401.8
131568.827,40,2564,2918,2351
131568.867,40,2598.4,2815.2,2296.2
131568.907,40,2653,2719.6,2245.2
131568.947,40,2684,2613,2198.2
131568.987,40,2726.8,2517,2156.4
131569.027,40,2714,2436.4,2129
131569.067,40,2688.6,2371.2,2113.6
131569.107,40,2655.2,2325.2,2102
131569.147,40,2633,2301,2090.4
131569.187,40,2614.8,2300.6,2093.6
131569.227,40,2617.6,2329.4,2103.2
131569.267,40,2595,2364.2,2120
131569.307,40,2568,2419.4,2152.4
131569.347,40,2593,2512,2183.6
131569.387,40,2609.6,2660.6,2235.2
131569.427,40,2561.2,2787.4,2305.4
131569.467,40,2519.2,2934.8,2384.6
131569.507,40,2489.2,2977,2433.6
131569.547,40,2510.4,2958.6,2407.4
131569.587,40,2537.6,2877.8,2350.8
131569.627,40,2561.2,2778.6,2295.6
131569.667,40,2578.8,2661.2,2245.4
131569.707,40,2595,2575.2,2202
131569.747,40,2604,2493.8,2170
131569.787,40,2612.2,2437,2146.6
131569.827,40,2626.2,2397.4,2128.2
131569.867,40,2636,2367.2,2118.2
131569.907,40,2626.4,2345.8,2107.8
131569.947,40,2641.8,2354,2111.8
131569.987,40,2668.8,2391.8,2120.4
131570.027,40,2656.2,2446.6,2139.6
131570.067,40,2605.6,2512,2179
131570.107,40,2548.6,2608.8,2233
131570.147,40,2522.2,2746.6,2300.4
131570.187,40,2491,2908,2393.6
131570.227,40,2468.2,2994.6,2464.4
131570.267,40,2478.6,2958,2431.8
131570.307,40,2508.4,2854.2,2358.2
131570.347,40,2542.2,2775.6,2306.4
131570.387,40,2571.4,2655,2243.6
131570.427,40,2589.8,2559.6,2203.2
131570.467,40,2594.6,2469.2,2165
131570.507,40,2607.4,2411.6,2136.4
131570.547,40,2633.4,2369.2,2116.8
131570.587,40,2618.8,2334.4,2104.6
131570.627,40,2634.2,2329.2,2100.8
131570.667,40,2661.2,2347.6,2107
131570.707,40,2682.6,2390.6,2119.4
131570.747,40,2667.2,2449.8,2144.2
131570.787,40,2611.4,2529,2183.6
131570.827,40,2550.4,2616,2239.6
131570.867,40,2511.4,2736.2,2303
131570.907,40,2473.4,2874.8,2391
131570.947,40,2459.6,2994,2470.6
131570.987,40,2462.2,3002.2,2474
131571.027,40,2491.8,2931.8,2407.2
131571.067,40,2514.2,2819,2341.8
131571.107,40,2525.4,2711.6,2282.6
131571.147,40,2559.2,2621.8,2235.4
131571.187,40,2587.6,2534.4,2194
131571.227,40,2615.6,2473,2160.4
131571.267,40,2657,2423.4,2135.4
131571.307,40,2673.8,2385.4,2120.4
131571.347,40,2685.8,2371.4,2110
131571.387,40,2685.4,2374,2112
131571.427,40,2693.4,2391.6,2121.4
131571.467,40,2705,2425.8,2131.6
131571.507,40,2677.2,2474,2150
131571.547,40,2594.4,2543.4,2193.6
131571.587,40,2528.2,2629.4,2251.6
131571.627,40,2492,2759.8,2325
131571.667,40,2453.6,2890.2,2416.2
131571.707,40,2454.2,2998.8,2481.8
131571.747,40,2463.2,2955.2,2445
131571.787,40,2501.2,2869.2,2369.8
131571.827,40,2539.4,2757,2298.8
131571.867,40,2564.8,2636.8,2242.6
131571.907,40,2584,2539.8,2196.8
131571.947,40,2590.4,2455.4,2159.2
131571.987,40,2591.4,2391.2,2131.2
131572.027,40,2619,2356.6,2115.6
131572.067,40,2620.6,2323.4,2102.6
131572.107,40,2635.6,2316.6,2102.6
131572.147,40,2654.8,2328.8,2100.8
131572.187,40,2674.2,2357.2,2111.8
131572.227,40,2668,2405,2126.2
131572.267,40,2618.8,2477.2,2163.4
131572.307,40,2544.8,2551,2208.8
131572.347,40,2545.8,2687.6,2273.8
131572.387,40,2513,2839.6,2350.4
131572.427,40,2477.8,2955,2433.8
131572.467,40,2482.6,2999,2451.6
131572.507,40,2506.4,2914.8,2387.2
131572.547,40,2565.4,2816.4,2313
131572.587,40,2618.2,2691.4,2245.4
131572.627,40,2653.4,2572,2189.6
131572.667,40,2648.6,2464.6,2148.2
131572.707,40,2641.4,2389.2,2123.4
131572.747,40,2640.2,2338,2107.6
131572.787,40,2640.6,2313.2,2098.6
131572.827,40,2632.4,2305.4,2092
131572.867,40,2640.4,2310.2,2095.2
131572.907,40,2639.2,2329,2101.4
131572.947,40,2617.4,2362.2,2119.2
131572.987,40,2564,2404.2,2146.6
131573.027,40,2582,2499.4,2178.2
131573.067,40,2608.8,2670.4,2241.4
131573.107,40,2548,2829.6,2324.6
131573.147,40,2505,2961.6,2416.4
131573.187,40,2491.4,2988,2440.6
131573.227,40,2522,2906.2,2376.6
131573.267,40,2564.6,2809,2309.4
131573.307,40,2618.4,2716.2,2252
131573.347,40,2655,2601,2200.8
131573.387,40,2663.4,2509.8,2165.2
131573.427,40,2683,2439.4,2137.8
131573.467,40,2678.2,2386.8,2121
131573.507,40,2672.4,2353.8,2106.8
131573.547,40,2660,2333.6,2102.8
131573.587,40,2659.8,2334.6,2102.2
131573.627,40,2676,2352.6,2110.4
131573.667,40,2638.8,2369.4,2119.4
131573.707,40,2586.2,2401.4,2140.4
131573.747,40,2590,2467.6,2166.6
131573.787,40,2609.2,2597.8,2212
131573.827,40,2585.4,2757.4,2284.2
131573.867,40,2519.8,2895.8,2370.2
131573.907,40,2505.2,2969.4,2422.2
131573.947,40,2523.8,2944.6,2393.2
131573.987,40,2569,2851.2,2321.6
131574.027,40,2596.8,2708.6,2261
131574.067,40,2626.4,2604.4,2209.6
131574.107,40,2636.6,2509,2168.6
131574.147,40,2655.8,2431.8,2139.4
131574.187,40,2649,2371.8,2118.2
131574.227,40,2647,2337.4,2103
131574.267,40,2635.4,2310,2093.6
131574.307,40,2635.6,2303.4,2092.6
131574.347,40,2644,2313.6,2096
131574.387,40,2639.2,2341.6,2105.2
131574.427,40,2607,2390.4,2131.6
131574.467,40,2567.8,2460.6,2169.2
131574.507,40,2589.6,2604.4,2218.4
131574.547,40,2575.4,2802.4,2302.8
131574.587,40,2516,2960.6,2404
131574.627,40,2488,2987.4,2443.2
131574.667,40,2521,2941,2395
131574.707,40,2573,2864.4,2332.4
131574.747,40,2597.4,2759.8,2276.2
131574.787,40,2617.6,2677,2235.2
131574.827,40,2634.4,2609,2206
131574.867,40,2650,2565.2,2189.6
131574.907,40,2666.4,2540.6,2176.6
131574.947,40,2661,2522.8,2169.6
131574.987,40,2667.2,2525.2,2172.8
131575.027,40,2662,2540.6,2176.2
131575.067,40,2657.6,2553.4,2181.4
131575.107,40,2670.6,2564.4,2183.8
131575.147,40,2664.6,2567,2183
131575.187,40,2671.6,2580.8,2189.2
131575.227,40,2673.4,2594.2,2193.2
131575.267,40,2670.4,2598.2,2193.6
131575.307,40,2663,2601.4,2198
131575.347,40,2658.6,2610.8,2199.2
131575.387,40,2651.6,2610,2203.8
131575.427,40,2654.8,2622.2,2209.4
131575.467,40,2651.4,2628.8,2211
131575.507,40,2642.8,2634,2210.2
131575.547,40,2644.4,2647,2216.8
131575.587,40,2629.4,2639,2220.4
131575.627,40,2627.8,2653.4,2223.8
131575.667,40,2637,2669,2229
131575.707,40,2632.4,2675.6,2230.6
131575.747,40,2639,2687.4,2237.2
131575.787,40,2629.2,2697,2241
131575.827,40,2626.6,2698.4,2245.2
131575.867,40,2621.4,2702.6,2246
131575.907,40,2613.2,2711.6,2251
131575.947,40,2598.2,2698.8,2252.4
131575.987,40,2579.4,2671,2251
131576.027,40,2572.8,2645.2,2237
131576.067,40,2554.6,2586.2,2221.8
131576.107,40,2572.4,2524.2,2192.8
131576.147,40,2593.2,2455.8,2154.4
131576.187,40,2598.6,2386.8,2132
131576.227,40,2575.8,2322,2107.4
131576.267,40,2551.2,2276,2090
131576.307,40,2537.6,2252.4,2080.2
131576.347,40,2534.2,2237.8,2076.2
131576.387,40,2558.2,2241.4,2076.4
131576.427,40,2584.4,2256.2,2080.8
131576.467,40,2600,2272.4,2082.2
131576.507,40,2617,2289.4,2089.8
131576.547,40,2646.6,2317.4,2097.4
131576.587,40,2667.6,2347.2,2106.6
131576.627,40,2662.4,2377,2114
131576.667,40,2667.4,2401.8,2124.6
131576.707,40,2684.2,2415.8,2128.6
131576.747,40,2684.4,2413.4,2129
131576.787,40,2677,2411.6,2131
131576.827,40,2687.2,2419.8,2130.6
131576.867,40,2682.6,2426.6,2134
131576.907,40,2673.6,2431.8,2134.4
131576.947,40,2646.8,2423.6,2138.2
131576.987,40,2609.4,2415.6,2142.6
131577.027,40,2590.6,2411,2143
131577.067,40,2562.2,2394.4,2142.6
131577.107,40,2584.6,2379.6,2131.6
131577.147,40,2580.2,2353,2117.8
131577.187,40,2597.2,2333.2,2108.8
131577.227,40,2596.8,2306.8,2096
131577.267,40,2591.6,2288.4,2090.2
131577.307,40,2580.4,2271,2086.6
131577.347,40,2576,2264,2080.8
131577.387,40,2571.8,2257.4,2080.2
131577.427,40,2580,2265.4,2083
131577.467,40,2589.6,2273.8,2084.8
131577.507,40,2597.6,2285.8,2086.8
131577.547,40,2614.2,2294.6,2094.4
131577.587,40,2624.6,2319,2096.6
131577.627,40,2647,2348.4,2107.2
131577.667,40,2678.4,2396.2,2123.8
131577.707,40,2686.2,2467.2,2145.2
131577.747,40,2687,2551.2,2176.6
131577.787,40,2666.4,2633.8,2209.8
131577.827,40,2643.8,2687.6,2233.8
131577.867,40,2628.8,2686.8,2238.6
131577.907,40,2621.6,2631,2220.4
131577.947,40,2619.2,2575.2,2198.6
131577.987,40,2631,2526.4,2177.4
131578.027,40,2626,2469,2155.4
131578.067,40,2615.4,2424.6,2144.2
131578.107,40,2598,2389.4,2128.4
131578.147,40,2600.2,2378.2,2125.2
131578.187,40,2600.4,2370.8,2123.2
131578.227,40,2614.6,2375.8,2123.6
131578.267,40,2642,2389.8,2124.8
131578.307,40,2656.2,2402,2126.6
131578.347,40,2664.8,2408.4,2127.6
131578.387,40,2677.4,2412.8,2128.4
131578.427,40,2684,2429.6,2132
131578.467,40,2681.8,2428,2134
131578.507,40,2679,2434,2135.8
131578.547,40,2684.8,2449.2,2135.6
131578.587,40,2679.2,2452.4,2139.6
131578.627,40,2679.2,2456.2,2144.2
131578.667,40,2676,2459.6,2148.2
131578.707,40,2676.6,2465.8,2150.4
131578.747,40,2677,2470.2,2147.4
131578.787,40,2660.6,2446.8,2143.6
131578.827,40,2651.2,2410.8,2135.8
131578.867,40,2642,2375.8,2117.8
131578.907,40,2628.8,2343,2105.4
131578.947,40,2620.4,2326.2,2099.8
131578.987,40,2625.4,2327.6,2100.6
131579.027,40,2663.6,2362.4,2108.8
131579.067,40,2705.4,2436.8,2130.2
131579.107,40,2711.6,2588.4,2183.6
131579.147,40,2642.4,2780.6,2271
131579.187,40,2530,2852,2342.8
131579.227,40,2540,2752.6,2301.6
131579.267,40,2547.2,2581.2,2223.8
131579.307,40,2607.8,2475,2161.8
131579.347,40,2632.6,2377,2119.6
131579.387,40,2620.2,2306.6,2095
131579.427,40,2598.6,2269,2081.8
131579.467,40,2593.4,2264.2,2081
131579.507,40,2636.2,2309.6,2090.2
131579.547,40,2683.4,2403.6,2124.4
131579.587,40,2699,2581.2,2185.2
131579.627,40,2623.6,2799.4,2281.6
131579.667,40,2519,2898.2,2368.6
131579.707,40,2545,2803.4,2312.4
131579.747,40,2589.4,2631,2232.6
131579.787,40,2590.8,2488.6,2174
131579.827,40,2614.8,2400,2135.8
131579.867,40,2604.4,2339.4,2112.2
131579.907,40,2620.4,2332.4,2103.6
131579.947,40,2687,2380.4,2115
131579.987,40,2715,2460.4,2140.2
131580.027,40,2689.8,2631.4,2201.8
131580.067,40,2580.8,2842.4,2313.6
131580.107,40,2469,2897,2406.4
131580.147,40,2528.8,2756,2312.2
131580.187,40,2547,2562,2211.4
131580.227,40,2628,2431.2,2139
131580.267,40,2620.8,2315.4,2098.8
131580.307,40,2577.6,2263,2081.6
131580.347,40,2594.6,2262.2,2080.8
131580.387,40,2643.4,2314.8,2093.2
131580.427,40,2672.8,2393.2,2120.2
131580.467,40,2694.4,2556.8,2177.4
131580.507,40,2613.4,2782.8,2276.6
131580.547,40,2469.4,2962.8,2436.6
131580.587,40,2418.2,2888,2441.4
131580.627,40,2468.2,2701.2,2313
131580.667,40,2577.6,2570.6,2207
131580.707,40,2645,2415.6,2134.2
131580.747,40,2629.6,2304.2,2092.4
131580.787,40,2565.8,2243.2,2075
131580.827,40,2496.6,2207.6,2063.8
131580.867,40,2509.4,2210,2067
131580.907,40,2555.6,2245.6,2078.6
131580.947,40,2642.2,2310.8,2097.2
131580.987,40,2693.4,2410,2127.2
131581.027,40,2706.4,2575.4,2179.2
131581.067,40,2644.4,2778.2,2264.6
131581.107,40,2519.8,2938.6,2390.8
131581.147,40,2412.8,2841,2428.8
131581.187,40,2414,2729.8,2364
131581.227,40,2551,2715.8,2277.2
131581.267,40,2632.4,2569.8,2194.6
131581.307,40,2693.2,2456.8,2137.8
131581.347,40,2659.6,2348.8,2106
131581.387,40,2609.8,2281.2,2087
131581.427,40,2552.6,2234.6,2075.2
131581.467,40,2542.6,2220.8,2067
131581.507,40,2559.4,2238,2073.6
131581.547,40,2602.8,2280.6,2082.2
131581.587,40,2659.6,2358.4,2110
131581.627,40,2710,2481.4,2152.2
131581.667,40,2690,2678.4,2218.8
131581.707,40,2569.2,2877,2331
131581.747,40,2445.6,2905,2427
131581.787,40,2424,2757,2370.8
131581.827,40,2509.4,2674.2,2274
131581.867,40,2626.4,2556.2,2191.6
131581.907,40,2701.2,2444.4,2135
131581.947,40,2665,2330.2,2097.6
131581.987,40,2602.2,2268,2082
131582.027,40,2537.6,2221.4,2066
131582.067,40,2491.2,2202.4,2067.8
131582.173,106,2595.8,2276,2086.8
131582.341,168,2525.4,2900.6,2369.4
131582.51,169,2659.6,2447.4,2142
131582.682,172,2514.6,2207,2065.4
131582.851,169,2712.2,2503.4,2152.8
131583.02,169,2444.4,2694,2324.6
131583.188,168,2557.6,2238.8,2071.4
131583.357,169,2546.4,2237.8,2072.8
131583.527,170,2545,2857.4,2335.8
131583.695,168,2490,2603.4,2249.2
131583.863,168,2550.8,2230.6,2070.4
131584.031,168,2606.4,2284.8,2087.8
131584.198,167,2592.8,2816.6,2299.8
131584.366,168,2616.8,2534.8,2184.8
131584.533,167,2626.6,2291.4,2085.6
131584.766,233,2574.4,2292.8,2094.4
131584.934,168,2632.6,2309.4,2093.4
131585.102,168,2643.8,2325.6,2097.2
131585.271,169,2663.4,2344.2,2105.8
131585.438,167,2665.4,2362.2,2112.4
131585.607,169,2653,2377.8,2117.2
131585.775,168,2663.4,2394.8,2125.2
131585.878,103,2660.6,2404,2127.6
131585.918,40,2655.6,2403.8,2125.6
131585.958,40,2663.4,2415.8,2129.8
131585.998,40,2665.8,2418.8,2132.4
131586.038,40,2670.4,2423.4,2136.4
131586.078,40,2672,2429.4,2131.2
131586.118,40,2678.4,2424.2,2131.8
131586.158,40,2680.8,2412,2127.2
131586.198,40,2662.6,2378.8,2118.4
131586.238,40,2634.6,2341.4,2108.2
131586.278,40,2604.2,2294.8,2091.8
131586.318,40,2571.4,2260.2,2081.2
131586.358,40,2540.2,2239,2073
131586.398,40,2526.4,2221.4,2071
131586.438,40,2518,2218.2,2067
131586.478,40,2540.8,2229,2068.2
131586.518,40,2576.8,2250.6,2074.8
131586.558,40,2611.2,2287,2085.4
131586.598,40,2657.4,2337.6,2101.6
131586.638,40,2688,2417,2129.4
131586.678,40,2683.8,2516.8,2165.8
131586.718,40,2639.2,2631,2212.6
131586.758,40,2582.8,2737.6,2269.8
131586.798,40,2526,2807.8,2323
131586.838,40,2507.8,2837.6,2349.6
131586.878,40,2540,2834.2,2329.2
131586.918,40,2595.2,2776.4,2283
131586.958,40,2657.8,2685.8,2226
131586.998,40,2692.2,2570,2177.8
131587.038,40,2699.4,2463,2144.4
131587.078,40,2661.4,2376,2113.2
131587.118,40,2619.4,2312.8,2099.8
131587.158,40,2579,2272.8,2084.2
131587.198,40,2543,2245,2077
131587.238,40,2526.4,2229.2,2069
131587.278,40,2514,2222.6,2067.2
131587.318,40,2531,2224.2,2071.6
131587.358,40,2574.4,2249.2,2078
131587.398,40,2603.2,2276,2084.6
131587.438,40,2652,2325.6,2096.2
131587.478,40,2686.8,2401,2123.2
131587.518,40,2711,2508.8,2159.2
131587.558,40,2667,2629.8,2206.2
131587.598,40,2601.8,2724.4,2263
131587.638,40,2536.2,2770.2,2305.6
131587.678,40,2530.6,2756.2,2306.4
131587.718,40,2564,2691.4,2259.6
131587.758,40,2608,2608.4,2214.4
131587.798,40,2618.4,2506.6,2173.4
131587.838,40,2612.6,2414.4,2137.2
131587.878,40,2579.2,2335.8,2110.8
131587.918,40,2536,2282.6,2092.8
131587.958,40,2499.4,2242.2,2079.6
131587.998,40,2465.8,2211,2072.8
131588.038,40,2455.2,2197.8,2067.4
131588.078,40,2465.8,2193,2064.8
131588.118,40,2501.4,2200.8,2065.2
131588.158,40,2534.2,2213.4,2066.4
131588.198,40,2568.8,2239.2,2074.6
131588.238,40,2610,2276.4,2084.8
131588.278,40,2648.2,2330.6,2101.2
131588.318,40,2657.2,2401.2,2127.4
131588.358,40,2648,2488.6,2159.4
131588.398,40,2623.8,2567.6,2197.4
131588.438,40,2602.2,2613.8,2222.2
131588.478,40,2592.6,2614.4,2218
131588.518,40,2584,2562.6,2203
131588.558,40,2584.4,2518.2,2188
131588.598,40,2569,2470.4,2168
131588.638,40,2581.4,2428.6,2150
131588.678,40,2580.2,2389.6,2133.6
131588.718,40,2571.8,2352.2,2122.8
131588.758,40,2564.6,2328.2,2112.8
131588.798,40,2552.6,2313.8,2104.8
131588.838,40,2540.6,2295.4,2098.4
131588.878,40,2532.2,2281.2,2096.8
131588.918,40,2525,2274,2091.2
131588.958,40,2515,2252.4,2087.4
131588.998,40,2512.6,2240.4,2076.8
131589.038,40,2524.2,2229.4,2072.2
131589.078,40,2543.4,2228.6,2072.4
131589.118,40,2569.2,2240.8,2073.8
131589.158,40,2575,2246.2,2076.4
131589.198,40,2565.6,2253,2075.8
131589.238,40,2544.2,2261,2083.4
131589.278,40,2510.8,2258,2085.2
131589.318,40,2512.6,2259.4,2086.8
131589.358,40,2509.4,2264.6,2089
131589.398,40,2518.4,2263.2,2087
131589.438,40,2546.2,2266.6,2086.2
131589.478,40,2591.4,2276.6,2085.6
131589.518,40,2629.2,2282.6,2087
131589.558,40,2623.8,2289,2090.6
131589.598,40,2599,2288.8,2088.6
131589.638,40,2580.8,2287.4,2091.6
131589.678,40,2596.2,2288.6,2091.2
131589.718,40,2636.4,2297.6,2090
131589.758,40,2638.2,2289,2091.8
131589.798,40,2607.2,2274.4,2081.2
131589.838,40,2580.8,2255,2076
131589.878,40,2572.4,2241.4,2073.8
131589.918,40,2548.2,2224.4,2066.8
131589.958,40,2534.2,2218.2,2068.8
131589.998,40,2536.2,2221.8,2067.8
131590.038,40,2554.2,2226.2,2072.8
131590.078,40,2557,2232.4,2069.4
131590.118,40,2569,2241.6,2074.8
131590.158,40,2582,2242.6,2073.8
131590.198,40,2581.4,2251.8,2075
131590.238,40,2592.4,2255.6,2080
131590.278,40,2605.8,2268.6,2079
131590.318,40,2609.2,2270.8,2082
131590.358,40,2612.8,2275.4,2084.4
131590.398,40,2625.4,2284,2088.8
131590.438,40,2618.6,2294,2091.2
131590.478,40,2624,2302.4,2092.2
131590.518,40,2641.4,2315.4,2095
131590.558,40,2665.4,2336.6,2102.4
131590.598,40,2685.2,2361.8,2110
131590.638,40,2700.6,2400,2119
131590.678,40,2698.2,2445.8,2135.2
131590.718,40,2700.8,2496.4,2154.2
131590.758,40,2692.8,2543.4,2170
131590.798,40,2692.8,2580.6,2184.6
131590.838,40,2698.8,2587.6,2186
131590.878,40,2708.2,2589.2,2186.2
131590.918,40,2712.4,2599.4,2186.2
131590.958,40,2715,2616.2,2193.6
131590.998,40,2713.6,2620.2,2194.4
131591.038,40,2708.4,2632,2199
131591.078,40,2697.8,2632.2,2204.4
131591.118,40,2689.2,2632.2,2204
131591.158,40,2675.2,2634,2204.6
131591.198,40,2673.6,2624,2201.4
131591.238,40,2684.4,2588.6,2186.8
131591.278,40,2702.8,2528.2,2165.2
131591.318,40,2706.8,2448.8,2137.6
131591.358,40,2685.6,2370.2,2111.8
131591.398,40,2646.2,2300.8,2090
131591.438,40,2588.6,2252.4,2073.8
131591.478,40,2533,2219.8,2069.2
131591.518,40,2502.6,2199,2061.4
131591.558,40,2490.8,2192,2061.6
131591.598,40,2502.2,2199.6,2064.8
131591.638,40,2533,2220.6,2069.2
131591.678,40,2571.6,2244.6,2071.8
131591.718,40,2621,2286,2088.8
131591.758,40,2668,2347.6,2104.8
131591.798,40,2700.4,2443.6,2135.4
131591.838,40,2704.8,2559.4,2179.8
131591.878,40,2663.8,2697,2234.2
131591.918,40,2604.4,2809,2292
131591.958,40,2570,2870.2,2331.6
131591.998,40,2577.8,2852,2316
131592.038,40,2623.2,2781.2,2270.4
131592.078,40,2668.8,2684.2,2221.4
131592.118,40,2697.6,2570.6,2179.4
131592.158,40,2694.2,2463.4,2143.4
131592.198,40,2666.6,2378.2,2118.6
131592.238,40,2634.8,2322.8,2100.6
131592.278,40,2601,2282.6,2086
131592.318,40,2572.8,2249.4,2078.6
131592.358,40,2559.4,2236.4,2071.4
131592.398,40,2564.6,2238.2,2073.4
131592.438,40,2583.4,2245.6,2073
131592.478,40,2605.4,2269.2,2083.6
131592.518,40,2645.2,2311.2,2095.4
131592.558,40,2680,2378,2116.2
131592.598,40,2710.2,2473.4,2147.8
131592.638,40,2700.2,2609.2,2194.8
131592.678,40,2651.4,2752,2256.4
131592.718,40,2581.6,2868.6,2322.8
131592.758,40,2534.8,2916.4,2369.4
131592.798,40,2546.8,2862.4,2338.4
131592.838,40,2589,2750.6,2276.6
131592.878,40,2629.8,2612.4,2208.8
131592.918,40,2631.2,2480.8,2161.6
131592.958,40,2598.6,2379.8,2125.4
131592.998,40,2549.8,2307.6,2104.8
131593.038,40,2502.4,2258,2088.6
131593.078,40,2470.2,2222.6,2074.6
131593.118,40,2451.4,2204.2,2065.4
131593.158,40,2465.6,2196.2,2062.4
131593.198,40,2499.4,2203,2062
131593.238,40,2541.8,2224.6,2068.6
131593.278,40,2579.2,2253.8,2078.6
131593.318,40,2618.2,2304.2,2094.6
131593.358,40,2658,2386,2118.8
131593.398,40,2647.8,2487.2,2158.8
131593.438,40,2605.8,2602,2213.6
131593.478,40,2550,2702.8,2269
131593.518,40,2500,2769.8,2327.2
131593.558,40,2498,2773.6,2327.4
131593.598,40,2547.2,2708.6,2277.4
131593.638,40,2597.8,2613,2219.8
131593.678,40,2621.2,2506,2173
131593.718,40,2608.6,2413.8,2140.6
131593.758,40,2571.4,2343.4,2119.2
131593.798,40,2537.8,2294.2,2098.6
131593.838,40,2516.2,2260.4,2086.2
131593.878,40,2510.8,2243.8,2080
131593.918,40,2525.2,2229.8,2075.4
131593.958,40,2553,2241.8,2076.6
131593.998,40,2594.2,2256.4,2078.6
131594.038,40,2625.6,2281.4,2084.4
131594.078,40,2643.2,2316,2096.4
131594.118,40,2662.8,2370.8,2114.4
131594.158,40,2657.4,2444.4,2143.2
131594.198,40,2627.6,2518,2174.8
131594.238,40,2599.2,2605.6,2216.6
131594.278,40,2566.6,2665.8,2256.4
131594.318,40,2553.4,2691.4,2265.6
131594.358,40,2574.8,2666.4,2249.4
131594.398,40,2603.8,2609.2,2218
131594.438,40,2613.4,2527.8,2185
131594.478,40,2617.8,2446.6,2152
131594.518,40,2597.8,2375.8,2126
131594.558,40,2559.6,2322.6,2106.8
131594.598,40,2530.6,2281.4,2098.4
131594.638,40,2508,2253.6,2084.6
131594.678,40,2504.4,2238,2076.6
131594.718,40,2523.8,2239,2075
131594.758,40,2572.6,2258,2080.6
131594.798,40,2619,2281.2,2086.6
131594.838,40,2648.4,2311.4,2097.4
131594.878,40,2671.6,2363,2109.2
131594.918,40,2676.6,2430,2133
131594.958,40,2663,2517.8,2168.8
131594.998,40,2624.8,2620,2216
131595.038,40,2572.2,2728.8,2271.4
131595.078,40,2538.8,2814.4,2317
131595.118,40,2548.4,2837.8,2328
131595.158,40,2596,2789.2,2285
131595.198,40,2654.4,2680,2228.2
131595.238,40,2696.2,2542,2169.8
131595.278,40,2686.8,2422.2,2128.8
131595.318,40,2626.6,2328.8,2100.8
131595.358,40,2580,2266.2,2082.6
131595.398,40,2531.4,2231,2073.8
131595.438,40,2498.8,2207.6,2067.8
131595.478,40,2487.6,2196.8,2059.8
131595.518,40,2503.2,2201.6,2061.4
131595.558,40,2540.6,2221,2068.6
131595.598,40,2574.8,2250.6,2076.4
131595.638,40,2612.6,2287.2,2087.8
131595.678,40,2653.6,2341.4,2106.8
131595.718,40,2678.4,2420,2132.4
131595.758,40,2696.6,2529,2170.4
131595.798,40,2668.2,2652.4,2216
131595.838,40,2616.2,2766.2,2272.2
131595.878,40,2571.8,2842.6,2324
131595.918,40,2582,2839.2,2314.2
131595.958,40,2623.8,2769.8,2268.8
131595.998,40,2674.8,2667.2,2220.4
131596.038,40,2703,2548.2,2170.6
131596.078,40,2698.6,2438.4,2134.6
131596.118,40,2658.4,2351.4,2108
131596.158,40,2613.4,2294.6,2090.2
131596.198,40,2584.6,2258.6,2079.6
131596.238,40,2554.4,2240,2072.8
131596.278,40,2555,2233.6,2070.8
131596.318,40,2576,2249.8,2078
131596.358,40,2605.4,2278.4,2083.8
131596.398,40,2638,2326.4,2101.8
131596.438,40,2678,2400.6,2123.8
131596.478,40,2702.2,2506.6,2159.8
131596.518,40,2668.2,2639.2,2211.6
131596.558,40,2614,2747,2265.6
131596.598,40,2573,2787.8,2294.2
131596.638,40,2568.8,2752.2,2287.8
131596.678,40,2589,2698.8,2257.6
131596.718,40,2605.8,2640.2,2229.8
131596.758,40,2609.6,2594.8,2213.8
131596.798,40,2619.8,2575.4,2199
131596.838,40,2630.4,2580.4,2195.4
131596.878,40,2619.4,2582.2,2202.4
131596.918,40,2638,2621.8,2207
131596.958,40,2661.4,2645.4,2213
131596.998,40,2678.8,2663.6,2214.4
131597.091,93,2694.2,2687.4,2220.6
131597.131,40,2684.2,2694,2223
131597.171,40,2678,2697.2,2226.6
131597.211,40,2663,2694.4,2231.4
131597.251,40,2647.8,2695,2231.8
131597.291,40,2627,2684.4,2236.6
131597.331,40,2611.8,2675.6,2242.2
131597.371,40,2603,2664.4,2242
131597.485,114,2586.6,2635.8,2232.4
131597.525,40,2588.4,2631.6,2230.8
131597.565,40,2600,2632.8,2229.8
131597.605,40,2599.4,2633.8,2230.2
131597.645,40,2605.2,2636.6,2229.4
131597.685,40,2615.2,2647,2224.2
131597.725,40,2626.2,2653.8,2224.2
131597.765,40,2632,2659.4,2225.2
131597.805,40,2651.6,2665,2223.6
131597.845,40,2660.6,2668.6,2221.4
131597.885,40,2667.2,2662.8,2217.8
131597.925,40,2673.2,2658.8,2212.4
131597.965,40,2679,2633.2,2205
131598.005,40,2676,2608.2,2191
131598.045,40,2678,2560,2182.4
131598.085,40,2658.4,2508.6,2166.6
131598.125,40,2640.4,2443.8,2148.2
131598.165,40,2611.2,2388,2128.8
131598.205,40,2554.2,2329,2111.2
131598.245,40,2510,2280.2,2096
131598.285,40,2476.2,2238.2,2080.2
131598.325,40,2445,2200,2069.8
131598.365,40,2424.8,2179.4,2057.6
131598.405,40,2422.6,2168.8,2056.6
131598.445,40,2445.8,2170.8,2056.6
131598.485,40,2480.8,2182,2055.6
131598.525,40,2510.8,2200.4,2063.8
131598.565,40,2543.6,2227.8,2071
131598.605,40,2594.2,2274.4,2083.8
131598.645,40,2640.6,2339.4,2107.4
131598.685,40,2675,2444.2,2140.2
131598.725,40,2677.6,2588.8,2189.6
131598.765,40,2641,2723.2,2253
131598.805,40,2612.8,2769.6,2272
131598.845,40,2609.2,2704.2,2248
131598.885,40,2623.8,2605,2209
131598.925,40,2633.4,2508,2177.2
131598.965,40,2619.2,2430.2,2145.4
131599.005,40,2600.2,2371,2123.8
131599.045,40,2571.6,2316.4,2102.4
131599.085,40,2554.6,2277.4,2088.6
131599.125,40,2555.8,2250.6,2081.8
131599.165,40,2553,2229.4,2069.4
131599.205,40,2554.4,2225.6,2070.8
131599.245,40,2561.4,2231.6,2070.8
131599.285,40,2577.4,2244.8,2074
131599.325,40,2602.8,2264.6,2084.8
131599.365,40,2616.2,2276.8,2086.6
131599.405,40,2629,2285.8,2085.8
131599.445,40,2638.6,2297,2086.6
131599.485,40,2658.6,2327.8,2098.6
131599.525,40,2693.8,2385,2118.4
131599.565,40,2723,2476.8,2144.6
131599.605,40,2707.4,2614,2190.8
131599.645,40,2644.6,2760.4,2262
131599.685,40,2553.6,2844.6,2325.2
131599.725,40,2519.4,2780,2318.6
131599.765,40,2528.8,2676.2,2270.6
131599.805,40,2529.6,2558.6,2214.8
131599.845,40,2619.4,2487.8,2167.8
131599.885,40,2649,2412.2,2132.2
131599.925,40,2649.6,2350.2,2105
131599.965,40,2636.4,2300.8,2091
131600.005,40,2606.4,2268.2,2083.4
131600.045,40,2583,2247.8,2074
131600.085,40,2578,2249,2074.8
131600.125,40,2588.6,2264.4,2083
131600.165,40,2591.4,2287.2,2089.6
131600.205,40,2601,2305,2097.6
131600.245,40,2628,2341.6,2108.2
131600.285,40,2668.8,2395.2,2123.2
131600.325,40,2695.4,2452.6,2139.4
131600.365,40,2701.6,2518.8,2161.8
131600.405,40,2697.2,2564.4,2178.4
131600.445,40,2687.8,2575,2187.8
131600.485,40,2683.8,2556.6,2179.4
131600.525,40,2656.4,2548.4,2181
131600.565,40,2655.2,2556,2182.4
131600.605,40,2654.6,2561.6,2184.4
131600.645,40,2662.6,2564.2,2184.2
131600.685,40,2668.4,2568.4,2185.4
131600.725,40,2686,2560,2180.2
131600.765,40,2695.4,2531.6,2167
131600.805,40,2693,2482.8,2147.8
131600.845,40,2685.8,2419.6,2130.8
131600.885,40,2648,2362.8,2111.2
131600.925,40,2624.6,2314.8,2096.6
131600.965,40,2600.8,2288,2091.2
131601.005,40,2606.4,2280.6,2087.8
131601.045,40,2627.6,2296.8,2090.4
131601.085,40,2656.4,2322.6,2097.8
131601.125,40,2672,2354.8,2106
131601.165,40,2681.4,2392.4,2118.6
131601.205,40,2693.8,2447.6,2139.4
131601.245,40,2699,2525.8,2165.6
131601.285,40,2684.4,2632,2204.6
131601.325,40,2648.2,2747.2,2255.6
131601.365,40,2603.8,2835.8,2303.2
131601.405,40,2586,2861.2,2322.6
131601.445,40,2597,2826.8,2299.4
131601.485,40,2603.6,2760.8,2274.8
131601.525,40,2612,2694.6,2245.6
131601.565,40,2624.6,2640.2,2220.4
131601.605,40,2622.6,2573,2198
131601.645,40,2623,2521.8,2179
131601.685,40,2632,2474,2158.6
131601.725,40,2626.8,2425.4,2146.4
131601.765,40,2624.4,2388.2,2125.8
131601.805,40,2620.2,2363,2117
131601.845,40,2639.2,2350.8,2109.2
131601.885,40,2662,2359.6,2112.2
131601.925,40,2689.8,2376.2,2117.6
131601.965,40,2707.2,2396.2,2120.2
131602.005,40,2708.2,2425.6,2130.6
131602.045,40,2708.4,2462.4,2139.8
131602.085,40,2707.2,2515.4,2161.2
131602.125,40,2688,2597.4,2195.6
131602.165,40,2644.2,2687.4,2234.6
131602.205,40,2595.4,2774,2285
131602.245,40,2544.2,2856.8,2336
131602.285,40,2517,2895.8,2371.4
131602.325,40,2533.6,2886.6,2358
131602.365,40,2573,2841.2,2318.8
131602.405,40,2633.2,2761.2,2264.2
131602.445,40,2670.4,2660.4,2218.2
131602.485,40,2691.2,2552.8,2176.4
131602.525,40,2693.8,2472.6,2144
131602.565,40,2668.8,2403,2127.4
131602.605,40,2650.6,2367.6,2112.4
131602.645,40,2645.4,2340.2,2106
131602.685,40,2641.2,2335.8,2101.4
131602.725,40,2655.4,2346.6,2108.2
131602.765,40,2671,2363.2,2110.4
131602.805,40,2692.2,2378.8,2114.6
131602.845,40,2706.8,2407.4,2125
131602.885,40,2716.4,2450.8,2131.4
131602.925,40,2718.4,2520.8,2161
131602.965,40,2689,2626.8,2201.8
131603.005,40,2616.2,2731.4,2259.8
131603.045,40,2528.4,2814.8,2329
131603.085,40,2470.6,2855,2384.8
131603.125,40,2458,2838.4,2388.6
131603.165,40,2497,2808.6,2351
131603.205,40,2531.2,2744,2298
131603.245,40,2576.6,2664,2250.6
131603.285,40,2601.8,2574.2,2200.8
131603.325,40,2618.6,2490.6,2168.8
131603.365,40,2622.6,2429.2,2141
131603.405,40,2622,2379.4,2125.2
131603.445,40,2613.8,2340.2,2107.6
131603.485,40,2624,2326.6,2102.2
131603.525,40,2641.4,2327,2099.4
131603.565,40,2663.6,2340,2106.2
131603.605,40,2681,2357,2104.6
131603.645,40,2692.8,2376.4,2115.4
131603.685,40,2688.6,2399,2122.2
131603.725,40,2700.6,2441.6,2136.2
131603.765,40,2702,2503,2153.4
131603.805,40,2693,2591.6,2191.6
131603.845,40,2652,2689.6,2230
131603.885,40,2607.2,2813.4,2294.4
131603.925,40,2543.2,2913.2,2366.4
131603.965,40,2475,2968.2,2440
131604.005,40,2464.6,2947.6,2440.2
131604.045,40,2501.8,2892.2,2378
131604.085,40,2576.6,2790.8,2297
131604.125,40,2629.2,2654,2224
131604.165,40,2649.2,2513.4,2168.2
131604.205,40,2624,2400.2,2131
131604.245,40,2583,2321.4,2102.6
131604.285,40,2545.4,2271.8,2088.2
131604.325,40,2512,2234,2073.8
131604.365,40,2482.4,2212.4,2068.4
131604.405,40,2487.8,2205,2065.2
131604.445,40,2527.8,2218,2069
131604.485,40,2569,2236.8,2075.4
131604.525,40,2599.4,2261.4,2080.4
131604.565,40,2631.8,2299,2088.4
131604.605,40,2670.4,2357.6,2107.4
131604.645,40,2696.2,2441.8,2138.8
131604.685,40,2699,2557,2176.2
131604.725,40,2670,2689.6,2230.4
131604.765,40,2614.6,2821.2,2293
131604.805,40,2549.4,2912.6,2359.6
131604.845,40,2513.2,2944.6,2397.4
131604.885,40,2523,2921.8,2380.2
131604.925,40,2540,2859.2,2337.6
131604.965,40,2586,2791.6,2291.2
131605.005,40,2608.2,2724,2259
131605.045,40,2614,2659.8,2228.4
131605.085,40,2632.6,2630.4,2215.2
131605.125,40,2631.8,2604,2205.4
131605.165,40,2641.6,2601,2200.4
131605.205,40,2653.2,2612.4,2202.8
131605.245,40,2661.2,2626.6,2205.2
131605.285,40,2665.8,2641.6,2210
131605.325,40,2675.4,2653.8,2214.4
131605.365,40,2687,2667,2215.8
131605.405,40,2687.2,2675.8,2213.4
131605.445,40,2686,2680.4,2217.6
131605.485,40,2686.8,2680.4,2221
131605.525,40,2679,2680.8,2221.8
