107302.4,40,2423.4,2953.4,2632
107302.44,40,2427.2,2950.4,2630.4
107302.48,40,2421,2948,2632.2
107302.52,40,2414.6,2943.4,2629.2
107302.56,40,2418,2939.8,2634
107302.6,40,2414.8,2933.2,2633.2
107302.64,40,2410.4,2932.4,2632.4
107302.68,40,2409,2923,2624.2
107302.72,40,2411.8,2920,2627.8
107302.76,40,2408.4,2919,2628.2
107302.8,40,2408.6,2922,2632.2
107302.84,40,2403.2,2922.4,2631
107302.88,40,2406.2,2921.4,2632.4
107302.92,40,2410.6,2928.6,2631.4
107302.96,40,2413.8,2922.8,2625
107303,40,2424.8,2927.8,2616.8
107303.04,40,2446.4,2928,2583
107303.08,40,2490.2,2935.6,2534.2
107303.12,40,2551.8,2918.6,2468.6
107303.16,40,2642.6,2868.8,2386.4
107303.2,40,2752.6,2795.2,2311.4
107303.24,40,2839.2,2692,2244.6
107303.28,40,2881,2594.4,2194.6
107303.32,40,2903.6,2518.8,2171.6
107303.36,40,2914,2487.8,2152.4
107303.4,40,2922,2487.8,2154.4
107303.44,40,2922.8,2523,2164.4
107303.48,40,2911.2,2574,2188.2
107303.52,40,2880.4,2657.8,2226
107303.56,40,2823.6,2781.8,2279.8
107303.6,40,2719.4,2909.8,2371
107303.64,40,2568.4,2975.4,2486.8
107303.68,40,2440.2,2987.6,2630.8
107303.72,40,2351.4,2927.6,2743.8
107303.76,40,2336,2880.2,2725.2
107303.8,40,2372.8,2857.4,2636.4
107303.84,40,2465.6,2893,2533.6
107303.88,40,2615.6,2910.4,2422.4
107303.92,40,2773.6,2844.2,2319
107303.96,40,2892.4,2721.6,2242
107304,40,2969.2,2607,2190.2
107304.04,40,2963.6,2516.4,2157.4
107304.08,40,2956.8,2474.6,2142
107304.12,40,2959.4,2492.4,2149
107304.16,40,2963.8,2561.8,2174
107304.2,40,2903.8,2651,2214.6
107304.24,40,2830.6,2779.6,2280.2
107304.28,40,2716,2905.2,2368.6
107304.32,40,2583,2990.6,2490
107304.36,40,2462.4,2999.8,2609.4
107304.4,40,2398.2,2955.4,2672.6
107304.44,40,2423,2947.2,2629.4
107304.48,40,2489.8,2920,2527.8
107304.52,40,2582.6,2864,2420.4
107304.56,40,2729.4,2818.2,2324.6
107304.6,40,2838,2702,2244.6
107304.64,40,2901.2,2592,2193
107304.68,40,2913.6,2511.8,2157.6
107304.72,40,2914.6,2466.8,2143.8
107304.76,40,2913.2,2470.4,2145
107304.8,40,2930.4,2522.2,2160.4
107304.84,40,2922.6,2616,2201
107304.88,40,2862.4,2731.6,2251.6
107304.92,40,2765.4,2877.8,2336
107304.96,40,2627,2990.8,2453.6
107305,40,2490.2,2989.6,2570.8
107305.04,40,2407.8,2966.8,2665.4
107305.08,40,2407.4,2905.8,2617.6
107305.12,40,2454.8,2881.2,2532
107305.16,40,2572,2894.6,2443.4
107305.2,40,2716.4,2864.4,2350
107305.24,40,2830.4,2755.6,2265.6
107305.28,40,2921.8,2646.6,2208.6
107305.32,40,2952.8,2559.8,2175.4
107305.36,40,2952.8,2512.6,2156.4
107305.4,40,2942.2,2518.4,2158.8
107305.44,40,2944.4,2570.4,2176.8
107305.48,40,2906.2,2647.2,2211.4
107305.52,40,2844,2754.8,2262.4
107305.56,40,2754.2,2880.2,2342.2
107305.6,40,2622.8,2979.6,2450.6
107305.64,40,2490.2,2995.6,2568.2
107305.68,40,2400.2,2968,2676.6
107305.72,40,2375.4,2928,2683.2
107305.76,40,2408.4,2878,2595.4
107305.8,40,2484.4,2884.8,2504.6
107305.84,40,2628.4,2910.8,2411.2
107305.88,40,2756.8,2844.8,2322.4
107305.92,40,2873,2731.2,2246
107305.96,40,2934.8,2629.4,2202.6
107306,40,2936.8,2555.4,2173.2
107306.04,40,2936.4,2523.2,2159.6
107306.08,40,2922,2550,2171.8
107306.12,40,2887,2604.6,2198.4
107306.16,40,2859.8,2695.4,2239.8
107306.2,40,2791.6,2817.4,2306
107306.24,40,2678.8,2932.4,2394.2
107306.28,40,2558,2995,2502.4
107306.32,40,2446.8,2984.8,2616.4
107306.36,40,2373.6,2933.8,2694
107306.4,40,2375.4,2890.2,2660.6
107306.44,40,2409.8,2852.2,2567
107306.48,40,2523,2893.4,2477.8
107306.52,40,2659,2900.2,2388.2
107306.56,40,2784.6,2810.2,2300.2
107306.6,40,2880.6,2698.4,2234.2
107306.64,40,2928.2,2608.2,2195.8
107306.68,40,2964.4,2558.8,2170
107306.72,40,2936.8,2547.4,2171.2
107306.76,40,2934.8,2593.2,2186.8
107306.8,40,2885.6,2653.4,2219.4
107306.84,40,2805.8,2735.2,2264.8
107306.88,40,2718.8,2845.4,2341.2
107306.92,40,2614,2947.8,2443
107306.96,40,2493.6,2974.8,2550.6
107307,40,2409.6,2955,2656.6
107307.04,40,2371.8,2922.2,2685
107307.08,40,2405.4,2901.4,2612
107307.12,40,2471,2884.8,2523.8
107307.16,40,2559.4,2846.4,2422.2
107307.2,40,2689.4,2820.8,2338.2
107307.24,40,2789.6,2744.8,2272.4
107307.28,40,2864.4,2664.8,2224.8
107307.32,40,2891.6,2603.8,2195.4
107307.36,40,2920.6,2605,2192.4
107307.4,40,2904.8,2630.2,2211
107307.44,40,2878.4,2701.4,2237.6
107307.48,40,2807,2783,2285.6
107307.52,40,2712.8,2885.2,2356.8
107307.56,40,2594.2,2956.2,2452.8
107307.6,40,2476.2,2940.8,2548.8
107307.64,40,2393.4,2920.8,2654.4
107307.68,40,2356,2868.2,2669.8
107307.72,40,2385.8,2868.6,2620
107307.76,40,2439.4,2851.8,2531.6
107307.8,40,2568.6,2885.2,2436.8
107307.84,40,2692.2,2838.4,2343.6
107307.88,40,2798,2750.8,2274.2
107307.92,40,2883.6,2658.4,2220.2
107307.96,40,2916.4,2587.6,2187.8
107308,40,2927.8,2551.6,2173
107308.04,40,2918.8,2572.2,2184.2
107308.08,40,2906.2,2637,2205.8
107308.12,40,2851.6,2710.4,2249
107308.16,40,2769.6,2802.6,2305.6
107308.2,40,2671.8,2927.6,2395.6
107308.24,40,2555.8,2976.2,2498.2
107308.28,40,2455.6,2999.4,2613.6
107308.32,40,2402.4,2970.4,2676.4
107308.36,40,2414,2923.6,2617.8
107308.4,40,2468.4,2908,2538.6
107308.44,40,2538.8,2851.8,2434.4
107308.48,40,2667.4,2830,2352.4
107308.52,40,2785.4,2765.2,2285.2
107308.56,40,2862.4,2672,2229.2
107308.6,40,2922.4,2613.2,2193
107308.64,40,2943,2582.8,2181.8
107308.68,40,2957.6,2608.8,2191.8
107308.72,40,2948.2,2673.8,2214.4
107308.76,40,2886.4,2764.6,2259.6
107308.8,40,2794.4,2876.4,2328.4
107308.84,40,2674.6,2983.4,2419.8
107308.88,40,2538,3023.4,2535.2
107308.92,40,2438.8,2999.6,2649.8
107308.96,40,2380,2948.2,2697.2
107309,40,2390.6,2913.6,2645.8
107309.04,40,2447,2907.4,2563.6
107309.08,40,2522.8,2867.2,2458.6
107309.12,40,2627.4,2818,2366.2
107309.16,40,2755.6,2765.2,2293.6
107309.2,40,2825.2,2683.2,2241
107309.24,40,2878.6,2624,2207.8
107309.28,40,2892.6,2588.6,2192.4
107309.32,40,2898.8,2603.2,2196.2
107309.36,40,2891.8,2664,2220.6
107309.4,40,2851.8,2736,2255.4
107309.44,40,2785.2,2822.2,2309.8
107309.48,40,2698.4,2946,2389.4
107309.52,40,2586.2,3024.4,2501
107309.56,40,2476.6,3035.8,2614.4
107309.6,40,2405.6,3001.6,2696.6
107309.64,40,2401.8,2958.6,2664.2
107309.68,40,2442.2,2910.4,2566.8
107309.72,40,2510.6,2857.4,2463.6
107309.76,40,2645,2854.8,2377.6
107309.8,40,2755.6,2783.6,2295
107309.84,40,2868.2,2696.8,2237.8
107309.88,40,2928.2,2624,2198.4
107309.92,40,2961.2,2569.2,2176.6
107309.96,40,2969.8,2566.8,2174.2
107310,40,2961,2612.8,2191.2
107310.04,40,2938,2689.4,2228
107310.08,40,2867.6,2790.8,2273.8
107310.12,40,2765.2,2915.8,2346
107310.16,40,2643.2,3007.8,2454
107310.2,40,2508,3030.2,2567.6
107310.24,40,2415.8,2986,2672.2
107310.28,40,2377,2925.6,2689.2
107310.32,40,2389.2,2868.8,2612.4
107310.36,40,2456.6,2867.4,2526.6
107310.4,40,2581.8,2910.6,2440
107310.44,40,2708,2875.4,2358.6
107310.48,40,2831.2,2799.8,2284.4
107310.52,40,2929.4,2723.2,2237.6
107310.56,40,2963.4,2658.2,2207.6
107310.6,40,2974.8,2637,2200.8
107310.646,46,2948.6,2678.8,2213.4
107310.686,40,2899.6,2751,2245.4
107310.726,40,2831.6,2829.8,2295.8
107310.766,40,2730.6,2923.4,2370.2
107310.806,40,2618.4,2983.4,2459.2
107310.846,40,2497.8,3000.6,2564.6
107310.886,40,2411,2971.6,2662.8
107310.926,40,2367.4,2919.4,2696.6
107310.966,40,2378,2878.6,2644.2
107311.008,42,2441.8,2856.4,2535.8
107311.048,40,2560.6,2903.6,2451.4
107311.088,40,2695.6,2867.2,2357
107311.128,40,2811.6,2776.4,2280.8
107311.168,40,2903.8,2689.4,2227
107311.208,40,2948.4,2621.6,2193.4
107311.248,40,2956.8,2586.2,2184
107311.288,40,2947.8,2620.2,2194.6
107311.328,40,2919.8,2681.8,2229.2
107311.368,40,2859,2769.6,2264.4
107311.408,40,2775.4,2876.8,2337.4
107311.448,40,2664.8,2981.6,2422.2
107311.488,40,2535.6,3017.6,2538.6
107311.528,40,2438.6,3002.8,2644.8
107311.568,40,2375.6,2951,2710.2
107311.608,40,2379.6,2901.4,2663.6
107311.648,40,2418,2870.4,2574.2
107311.688,40,2499.2,2854.6,2477.6
107311.728,40,2637.8,2868.6,2382.8
107311.768,40,2743.6,2799.2,2310
107311.808,40,2836.8,2730.4,2257.2
107311.848,40,2888.8,2661,2223
107311.888,40,2910.2,2628.4,2204.2
107311.928,40,2889.8,2631,2209.4
107311.968,40,2858.2,2673,2230.8
107312.008,40,2821,2748.4,2268.6
107312.048,40,2750.4,2844.6,2328.4
107312.088,40,2662,2961.2,2416.8
107312.128,40,2553,3037.2,2532.8
107312.168,40,2451,3038.8,2649.2
107312.208,40,2378.2,2990.6,2744.6
107312.248,40,2353,2931.2,2744.6
107312.288,40,2384,2907.6,2657.8
107312.328,40,2432.2,2842.8,2537.2
107312.368,40,2555.4,2890.2,2451
107312.408,40,2688,2865.8,2360
107312.448,40,2818.4,2813.8,2290.2
107312.488,40,2921.4,2741.6,2243.4
107312.528,40,2968.2,2673.8,2213.6
107312.568,40,2993.2,2651.6,2201.6
107312.608,40,2987,2694.2,2213
107312.648,40,2950.2,2754.2,2242.6
107312.688,40,2872.4,2824.2,2281.2
107312.728,40,2780,2918.6,2349.2
107312.768,40,2667.4,3009.2,2440.6
107312.808,40,2546.8,3045,2547.2
107312.848,40,2444.2,3024.8,2653.6
107312.888,40,2376.4,2972.2,2735.4
107312.928,40,2347.4,2910.2,2733
107312.968,40,2376.4,2906.2,2668.4
107313.008,40,2431.2,2859.6,2546.4
107313.048,40,2546.2,2892.4,2459.2
107313.088,40,2681.4,2868.8,2367.8
107313.128,40,2790.4,2793.4,2292.4
107313.168,40,2889,2721.2,2244.6
107313.208,40,2935.2,2674.2,2216
107313.248,40,2946.4,2677.8,2216.4
107313.288,40,2942.2,2729,2235.8
107313.328,40,2899.4,2800.4,2272.2
107313.368,40,2826,2878.4,2318.8
107313.408,40,2723.6,2974,2393
107313.448,40,2607.4,3039,2492.2
107313.488,40,2485.8,3039.4,2609.4
107313.528,40,2394.2,2992.2,2717.4
107313.568,40,2329.2,2917.6,2785.6
107313.608,40,2324,2861.6,2739.4
107313.648,40,2359.8,2829.2,2636.6
107313.688,40,2452,2898.6,2545.4
107313.728,40,2589.2,2933,2444.2
107313.768,40,2736.8,2909.2,2356.2
107313.808,40,2866,2830,2288.6
107313.848,40,2940.8,2743,2244
107313.888,40,2984.8,2697.4,2214
107313.928,40,2982.6,2703.4,2218.6
107313.968,40,2958.2,2760,2243
107314.008,40,2898.6,2842.8,2285
107314.048,40,2801.8,2937.4,2343.6
107314.088,40,2682.8,3015.8,2433
107314.128,40,2555.4,3040.6,2530.2
107314.168,40,2455,3004.4,2624.8
107314.208,40,2381.6,2938.6,2689.6
107314.248,40,2364,2891,2678.4
107314.288,40,2394.2,2861.8,2596.6
107314.328,40,2496.6,2921.8,2517.2
107314.368,40,2629.2,2951.6,2435.4
107314.408,40,2755,2892.2,2345.2
107314.448,40,2869,2815,2280
107314.488,40,2946.6,2735,2237.8
107314.528,40,2973.4,2674.8,2211.2
107314.568,40,2992,2658,2202.2
107314.608,40,2968.6,2700.6,2219.4
107314.648,40,2928.8,2762.2,2250.4
107314.688,40,2846,2848.2,2299.2
107314.728,40,2735.2,2949.4,2379
107314.768,40,2611,3014.6,2476.6
107314.808,40,2488.2,3008.8,2587.8
107314.848,40,2396.2,2962,2679.6
107314.888,40,2353,2895.2,2703.8
107314.928,40,2356.8,2873.4,2670.4
107314.968,40,2409.2,2871,2588.8
107315.008,40,2520,2934.8,2502
107315.048,40,2640.6,2920.4,2416.2
107315.088,40,2749.8,2857.2,2333.2
107315.128,40,2858.2,2789.4,2275.2
107315.168,40,2925.4,2724.2,2234.6
107315.208,40,2958.4,2688.4,2214.4
107315.248,40,2954,2700.2,2221.8
107315.288,40,2918.6,2761.6,2252.2
107315.328,40,2840.2,2833,2294.4
107315.368,40,2740.8,2927,2365.6
107315.408,40,2626.2,3015.2,2466.4
107315.448,40,2500.4,3028,2580.6
107315.488,40,2405.6,2985.8,2690.2
107315.528,40,2352.4,2923,2730.2
107315.568,40,2361.2,2874,2664.6
107315.608,40,2410.2,2868.4,2586
107315.648,40,2523.6,2934.8,2503.2
107315.688,40,2636.8,2912.2,2406
107315.728,40,2762,2875.4,2335.8
107315.768,40,2857.2,2788.2,2276.6
107315.808,40,2933.8,2719,2233.6
107315.848,40,2971,2677.2,2213.6
107315.888,40,2959.8,2681,2214.4
107315.928,40,2941.4,2734.4,2237.6
107315.968,40,2884.2,2798.8,2269.8
107316.008,40,2798.2,2879.8,2326.2
107316.048,40,2706.8,2979.2,2404
107316.088,40,2588.4,3050,2514.4
107316.128,40,2475.4,3043.8,2614.8
107316.168,40,2406,3005,2711
107316.208,40,2374,2956,2724.2
107316.248,40,2402.8,2948.6,2660.8
107316.288,40,2447.4,2886.2,2543.4
107316.328,40,2543,2893.8,2458
107316.368,40,2673.6,2875.4,2371.4
107316.408,40,2764,2807.4,2304.6
107316.448,40,2865.6,2747.8,2255.2
107316.488,40,2939.8,2705.2,2222
107316.528,40,2956.6,2676,2216.2
107316.568,40,2949.4,2704.2,2225.8
107316.608,40,2905.6,2751.8,2250.4
107316.648,40,2825.4,2797.6,2289.6
107316.688,40,2721,2846.8,2344.2
107316.728,40,2623.2,2922.4,2423.2
107316.768,40,2518.2,2950.2,2516
107316.808,40,2421,2927.4,2611.8
107316.848,40,2365,2902,2686
107316.888,40,2353.6,2875.6,2681.6
107316.928,40,2396.8,2865,2604.6
107316.968,40,2470.4,2890.4,2524.6
107317.008,40,2590,2904.8,2435.6
107317.048,40,2694,2858.6,2353.8
107317.088,40,2777,2782.4,2294.4
107317.128,40,2851.4,2718.6,2251.8
107317.168,40,2902.4,2682.6,2228.6
107317.208,40,2908,2672.2,2221.8
107317.248,40,2904,2723.6,2239
107317.288,40,2872.2,2792.4,2274
107317.328,40,2807,2873.2,2321.6
107317.368,40,2718,2962,2386.8
107317.408,40,2621,3034.2,2474.2
107317.448,40,2524.4,3053.4,2573.2
107317.488,40,2442.2,3031.2,2660.6
107317.528,40,2392.4,2981.8,2711.4
107317.568,40,2386.6,2946.8,2683.4
107317.608,40,2423.8,2927.6,2611.2
107317.648,40,2475.2,2867.2,2505.6
107317.688,40,2582.8,2882,2427.8
107317.728,40,2695.4,2845,2345.6
107317.768,40,2801.2,2796,2292.4
107317.808,40,2870,2725.2,2245.8
107317.848,40,2924.6,2690.2,2224.2
107317.888,40,2945.4,2691.6,2222
107317.928,40,2946.8,2739.6,2236.4
107317.968,40,2907.6,2793.8,2267
107318.008,40,2832,2878.6,2313.8
107318.048,40,2740.2,2964.6,2379.4
107318.088,40,2629.8,3024.6,2469
107318.128,40,2522.6,3033.4,2562.8
107318.168,40,2437,3014.4,2655
107318.208,40,2380.8,2956.8,2701.4
107318.248,40,2384.8,2920.8,2672
107318.288,40,2411.4,2885,2593.6
107318.328,40,2474.4,2874.2,2507.2
107318.368,40,2578,2899.4,2437.8
107318.408,40,2684,2875.6,2365.4
107318.448,40,2787.4,2844,2317.8
107318.488,40,2867.6,2800,2276.6
107318.528,40,2933.4,2760.6,2246.2
107318.568,40,2956.4,2730.6,2235.2
107318.608,40,2946.6,2762.4,2244.4
107318.648,40,2891.8,2809.6,2277.6
107318.688,40,2815.4,2892.2,2323
107318.728,40,2716.4,2980.6,2401.8
107318.768,40,2597.2,3054.4,2506.2
107318.808,40,2478.6,3049.6,2621.6
107318.848,40,2386.4,3000,2732.2
107318.888,40,2340.2,2927.4,2774.6
107318.928,40,2348.4,2891,2717.4
107318.968,40,2382,2862.2,2622
107319.008,40,2458.4,2875.2,2524.4
107319.048,40,2588.8,2931.6,2451.6
107319.088,40,2706.8,2899.8,2366.8
107319.128,40,2812.4,2846.8,2309.4
107319.168,40,2881.4,2789.4,2267.2
107319.208,40,2923.8,2761,2249.8
107319.248,40,2915.8,2766.2,2251.2
107319.288,40,2895.2,2831.4,2281.4
107319.328,40,2814.6,2870.6,2314.4
107319.368,40,2724.2,2945.2,2382.6
107319.408,40,2618.4,3029.2,2477.2
107319.514,106,2351.6,2961.2,2777.6
107319.554,40,2310.8,2892.6,2808.4
107319.594,40,2326.8,2862.2,2745.4
107319.634,40,2359,2864.6,2653.4
107319.674,40,2436.8,2871.2,2555
107319.714,40,2564.4,2934,2472
107319.754,40,2676.2,2880.2,2376.2
107319.794,40,2789.6,2837.6,2312.6
107319.834,40,2866.4,2774.2,2265.2
107319.874,40,2918,2732,2243.6
107319.914,40,2920,2725.2,2238
107319.954,40,2899,2778.4,2260.6
107319.994,40,2836.8,2820.6,2288.2
107320.034,40,2749.6,2886.8,2347.4
107320.074,40,2647.4,2965,2424.8
107320.114,40,2529.6,3003,2531.2
107320.154,40,2426.4,2991.4,2655
107320.194,40,2350,2936.8,2763.2
107320.234,40,2304.6,2871.8,2800.6
107320.274,40,2317.2,2857,2753.6
107320.314,40,2356.8,2866,2673.2
107320.354,40,2417.8,2865,2564.4
107320.394,40,2531.6,2924.4,2488.6
107320.434,40,2640.4,2888,2397.2
107320.474,40,2741.6,2854.2,2335.8
107320.514,40,2816.6,2797,2286.8
107320.554,40,2878.4,2766.2,2258.8
107320.594,40,2891.8,2757.8,2254.4
107320.634,40,2877.2,2796.8,2273.6
107320.674,40,2835.8,2846.6,2298.4
107320.714,40,2760,2908.4,2352.6
107320.754,40,2667.6,2988.2,2425
107320.794,40,2562,3041.6,2524.2
107320.834,40,2458.2,3036.8,2639.8
107320.874,40,2375,2989.6,2753.4
107320.914,40,2317.2,2916,2809.8
107320.954,40,2313.4,2887,2792.2
107320.994,40,2354.4,2885.8,2697.6
107321.034,40,2411.6,2865,2578.4
107321.074,40,2525.2,2916.4,2492.6
107321.114,40,2642.6,2907,2403.6
107321.154,40,2745,2862.6,2340.2
107321.194,40,2839,2818.6,2288.4
107321.234,40,2913,2780.6,2260.8
107321.274,40,2920.4,2771,2254.4
107321.314,40,2893.2,2819.6,2275.4
107321.354,40,2833,2868,2308.4
107321.394,40,2750,2923,2365
107321.434,40,2645.6,2993.4,2442.2
107321.474,40,2532.8,3027,2547
107321.514,40,2428,3008.4,2662.8
107321.554,40,2355.2,2952,2764.2
107321.594,40,2304,2877,2815
107321.634,40,2293.6,2835.6,2783.6
107321.674,40,2328.6,2835.4,2705.2
107321.714,40,2378,2844.8,2610.8
107321.754,40,2475.8,2916.8,2531.2
107321.794,40,2586.6,2907.6,2437.2
107321.834,40,2692,2853,2354.8
107321.874,40,2778.4,2789.8,2297.2
107321.914,40,2840.4,2743,2260.6
107321.954,40,2866.4,2720.8,2243.2
107321.994,40,2866.2,2744,2258.4
107322.034,40,2823.6,2773,2277.2
107322.074,40,2769.2,2843,2317.4
107322.114,40,2691,2922.4,2386.4
107322.154,40,2603.6,3007.6,2479
107322.194,40,2496,3031.6,2591.2
107322.234,40,2406.4,3010.8,2708.2
107322.274,40,2336.4,2943,2793.2
107322.314,40,2304.6,2888.6,2815.4
107322.354,40,2326.6,2873,2751.8
107322.394,40,2363.6,2872.2,2665
107322.434,40,2418.2,2854.6,2564.2
107322.474,40,2517,2895,2485.8
107322.514,40,2627.8,2893.8,2405.2
107322.554,40,2714.6,2835,2335.8
107322.594,40,2806.6,2798.8,2289.4
107322.634,40,2869.4,2765.2,2265.4
107322.674,40,2889.4,2772.8,2261.2
107322.714,40,2872.2,2819.2,2280.8
107322.754,40,2824.6,2877.6,2317.2
107322.794,40,2733.8,2951.6,2379.2
107322.834,40,2634.2,3029.8,2468.2
107322.874,40,2521.4,3053.2,2577.8
107322.914,40,2417.4,3017.4,2691
107322.954,40,2340.4,2945,2785.8
107322.994,40,2296.6,2873.6,2817.6
107323.034,40,2310,2848.6,2767.2
107323.074,40,2346,2857,2689.2
107323.114,40,2406.2,2857.4,2588.8
107323.154,40,2506.4,2911.6,2502.2
107323.194,40,2613.4,2880.4,2407.6
107323.234,40,2724.6,2839.2,2336.6
107323.274,40,2825.2,2793.2,2284
107323.314,40,2884.2,2736.4,2250.4
107323.354,40,2914.8,2706.6,2234.2
107323.394,40,2919,2712,2233.8
107323.434,40,2887,2752.4,2256.4
107323.474,40,2829.4,2800.6,2287.8
107323.514,40,2748.6,2879,2346.6
107323.554,40,2638,2964.4,2434.6
107323.594,40,2513.2,3006.6,2554.2
107323.634,40,2391,2968,2700.6
107323.674,40,2301,2875.6,2814.6
107323.714,40,2246.2,2775.4,2890.6
107323.754,40,2229.8,2718.8,2866
107323.794,40,2256.6,2751.6,2812.8
107323.834,40,2307.6,2782,2702.2
107323.874,40,2406.4,2899,2609
107323.914,40,2538.2,2934.4,2488.4
107323.954,40,2670,2904,2387
107323.994,40,2811,2833,2304.4
107324.034,40,2909.8,2735,2243.8
107324.074,40,2968.4,2648.4,2203.2
107324.114,40,3003.2,2590.8,2178.4
107324.154,40,2984.8,2559.8,2171.2
107324.194,40,2970.8,2571.4,2173
107324.234,40,2948.2,2607.6,2193.6
107324.274,40,2914,2668,2217.4
107324.314,40,2836.6,2734.2,2258.4
107324.354,40,2758.8,2847.4,2328.2
107324.394,40,2633.6,2930.4,2420.2
107324.434,40,2503,2954.2,2532.8
107324.474,40,2394.4,2940.2,2669
107324.514,40,2306.6,2869,2802.6
107324.554,40,2254.6,2792.4,2874.6
107324.594,40,2255.6,2763,2831
107324.634,40,2289.6,2770.2,2729.2
107324.674,40,2362.6,2854.8,2644
107324.714,40,2501.4,2949.2,2532.8
107324.754,40,2639.4,2933.8,2414.8
107324.794,40,2778.2,2846.2,2319.4
107324.834,40,2894.6,2747.8,2250.6
107324.874,40,2946,2646.4,2203.8
107324.914,40,2970,2581.4,2178.6
107324.954,40,2961,2555.8,2173.8
107324.994,40,2938.6,2580.2,2184.8
107325.034,40,2896.6,2613.2,2202.8
107325.074,40,2834,2673.6,2235.2
107325.114,40,2773.8,2768.6,2287.6
107325.154,40,2694.2,2885.6,2367.8
107325.194,40,2568,2930.4,2469.4
107325.234,40,2445.8,2966.6,2607.4
107325.274,40,2346.2,2905.4,2736.4
107325.314,40,2282.4,2833.2,2834.2
107325.354,40,2264.4,2778.2,2812
107325.394,40,2290.2,2791.4,2753.2
107325.434,40,2352.6,2824.4,2656
107325.474,40,2469.2,2934.6,2560.2
107325.514,40,2598,2938,2441.4
107325.554,40,2740.6,2873.4,2344
107325.594,40,2864.2,2776,2265.4
107325.634,40,2940.8,2664.4,2213.2
107325.674,40,2964,2595.8,2185.4
107325.714,40,2961.4,2568.2,2175.4
107325.754,40,2957.4,2604.2,2187.2
107325.794,40,2925.8,2654.2,2211.4
107325.834,40,2872.4,2727.2,2247
107325.874,40,2814.8,2848.2,2308.4
107325.914,40,2709.8,2967.6,2397.8
107325.954,40,2570.8,3023,2509.8
107325.994,40,2446.2,3015.2,2651.8
107326.034,40,2344.4,2926.2,2761.6
107326.074,40,2280.4,2835.4,2829.2
107326.114,40,2271.4,2783.4,2786.2
107326.154,40,2308.6,2786,2702.2
107326.194,40,2392.6,2888.4,2622.8
107326.234,40,2516,2954.4,2516.6
107326.274,40,2657.2,2947.2,2412.2
107326.314,40,2798.2,2867.4,2318.8
107326.354,40,2907.2,2764.4,2253
107326.394,40,2970.8,2671.2,2209
107326.434,40,2975.8,2597,2181.8
107326.474,40,2987.4,2580.4,2177
107326.514,40,2971,2598.8,2188.6
107326.554,40,2939.8,2642.2,2205.8
107326.594,40,2867.8,2696.6,2237.2
107326.634,40,2810.6,2800.8,2295.6
107326.674,40,2707.6,2898.8,2371.8
107326.714,40,2585.8,2960.6,2466.8
107326.754,40,2471.6,2992.2,2585.2
107326.794,40,2377.6,2931.8,2688
107326.834,40,2319.4,2879.8,2770.4
107326.874,40,2310.8,2840.4,2746.8
107326.914,40,2343,2825.2,2662.8
107326.954,40,2419.4,2876,2575
107326.994,40,2542.8,2928.8,2484.6
107327.034,40,2662.2,2898.8,2389.4
107327.074,40,2781.6,2828,2310.4
107327.114,40,2878.8,2745.8,2248
107327.154,40,2945.6,2668.2,2215.2
107327.194,40,2956.6,2617,2192.6
107327.234,40,2966,2624.6,2196.4
107327.274,40,2944.6,2666,2213.4
107327.314,40,2901.8,2722.6,2241.2
107327.354,40,2821.4,2803.2,2288.8
107327.394,40,2726,2901.6,2359.8
107327.434,40,2605.8,2978.2,2460.6
107327.474,40,2480.4,2981.4,2575.6
107327.514,40,2381.4,2956.2,2705.8
107327.554,40,2310.2,2877.4,2797
107327.594,40,2282.8,2818.6,2809.2
107327.634,40,2305.6,2827.4,2751.8
107327.674,40,2354.2,2832,2644.6
107327.714,40,2461.6,2906.4,2548.4
107327.754,40,2588.4,2916.6,2444.2
107327.794,40,2712.2,2863.6,2354
107327.834,40,2819.6,2796.6,2285.4
107327.874,40,2914,2734.6,2245.2
107327.914,40,2950.6,2681.4,2216.6
107327.954,40,2964.8,2667.4,2208.6
107327.994,40,2958.4,2713,2227.4
107328.034,40,2914.2,2766.8,2251.4
107328.074,40,2830.2,2835.4,2301.2
107328.114,40,2729.8,2930.8,2375.6
107328.154,40,2606.6,3000.4,2471.6
107328.194,40,2483.6,2989,2582
107328.234,40,2384.4,2943.2,2688.4
107328.274,40,2316.8,2861,2766.6
107328.314,40,2279.4,2799.6,2789.8
107328.354,40,2290,2769.8,2728.4
107328.394,40,2348,2850.4,2672.2
107328.434,40,2456.2,2934.8,2577
107328.474,40,2580,2953.4,2467.4
107328.514,40,2717.6,2909.2,2370.6
107328.554,40,2846.6,2832.2,2291.4
107328.594,40,2914.6,2725.2,2240.8
107328.634,40,2956.6,2658.8,2208.4
107328.674,40,2952,2629.4,2198.8
107328.714,40,2933.4,2653,2210.2
107328.754,40,2884.8,2696,2232
107328.794,40,2817.6,2765,2276.2
107328.834,40,2720.2,2842.4,2339
107328.874,40,2605,2915,2429
107328.914,40,2480.6,2935,2535.4
107328.954,40,2383.2,2895.2,2649.4
107328.994,40,2311.2,2830.2,2743.2
107329.034,40,2265.2,2771.6,2807.4
107329.074,40,2250,2739.6,2814
107329.114,40,2277,2749.4,2733
107329.154,40,2345.2,2838,2668.8
107329.194,40,2458.6,2924.2,2568.2
107329.234,40,2595.2,2942.8,2451.8
107329.274,40,2732.2,2878,2347.6
107329.314,40,2849.6,2784.2,2276.2
107329.354,40,2917.2,2696,2225.4
107329.394,40,2955.6,2636,2202.8
107329.434,40,2958.8,2632,2200.8
107329.474,40,2930,2661,2212.6
107329.514,40,2884.4,2714.2,2238.8
107329.554,40,2803.2,2768.2,2280.2
107329.594,40,2729,2867.8,2346.2
107329.634,40,2615.6,2948.6,2445.6
107329.674,40,2481.8,2940.6,2545.8
107329.714,40,2384.8,2915,2661.8
107329.754,40,2304.8,2829.4,2752.4
107329.794,40,2268.4,2773,2802.4
107329.834,40,2272.4,2758.6,2762
107329.874,40,2326.2,2809.4,2673.8
107329.914,40,2440,2914.4,2586
107329.954,40,2579.4,2940.6,2462.6
107329.994,40,2724.8,2874.8,2350.2
107330.034,40,2836.4,2757.8,2265.4
107330.074,40,2914.2,2654.6,2213.8
107330.114,40,2942.2,2569.8,2180
107330.154,40,2938.4,2525.8,2162.6
107330.194,40,2929,2533.8,2169.4
107330.234,40,2909,2569.4,2181.4
107330.274,40,2863,2638.2,2220.2
107330.314,40,2793.8,2737.6,2270.2
107330.354,40,2692.8,2848.8,2354
107330.394,40,2545.8,2924,2473.8
107330.434,40,2414.8,2910.2,2618.2
107330.474,40,2305.6,2839.2,2757.6
107330.514,40,2238.2,2743,2850.2
107330.554,40,2239.2,2734.4,2836.4
107330.594,40,2288.8,2804.8,2773
107330.634,40,2362.4,2860.2,2646
107330.739,105,2727,2814.8,2326.6
107330.779,40,2824.8,2697,2246
107330.819,40,2910.6,2601.2,2198.8
107330.859,40,2931.8,2527.6,2167
107330.899,40,2934.6,2490.2,2152.6
107330.939,40,2933.6,2499.8,2155.8
107330.979,40,2940.6,2549.2,2171.6
107331.019,40,2915.6,2635.4,2208
107331.059,40,2828.2,2733.6,2259.2
107331.099,40,2716.2,2872.6,2356.2
107331.139,40,2553,2967.6,2492.2
107331.179,40,2387,2932.4,2666.6
107331.219,40,2270.2,2806.2,2833.6
107331.259,40,2213.2,2671.4,2858.8
107331.299,40,2220.8,2660,2792.8
107331.339,40,2296,2817,2767.2
107331.379,40,2429.6,2983.6,2654.6
107331.419,40,2626.2,3049,2484
107331.459,40,2831.6,2935.2,2337.4
107331.499,40,2975.2,2749.4,2238.2
107331.539,40,3018.4,2578.8,2172.4
107331.579,40,2986.4,2464.2,2134.4
107331.619,40,2941.4,2403.2,2114
107331.659,40,2924,2390.2,2113.4
107331.699,40,2933.6,2432.2,2128
107331.739,40,2926.4,2488.2,2150.2
107331.779,40,2892.2,2575,2188
107331.819,40,2838.4,2692.8,2247
107331.859,40,2722.8,2806.2,2324.2
107331.899,40,2589.4,2890,2427.6
107331.939,40,2459.8,2924,2560.8
107331.979,40,2357.6,2876.2,2679
107332.019,40,2307.4,2852,2770.2
107332.059,40,2334.8,2855,2705.6
107332.099,40,2394.2,2886.8,2622
107332.139,40,2476.2,2873.4,2505.8
107332.179,40,2607.2,2867.8,2405
107332.219,40,2739.2,2814.4,2319.2
107332.259,40,2837.6,2711.6,2248.4
107332.299,40,2918.6,2622.4,2200.6
107332.339,40,2958.8,2553.2,2171.2
107332.379,40,2962.8,2505,2151.4
107332.419,40,2962,2485,2145.4
107332.459,40,2971.2,2502.4,2148.4
107332.499,40,2938.2,2521,2162.8
107332.539,40,2881.4,2547.6,2178.2
107332.579,40,2833.8,2617.8,2216.8
107332.619,40,2780.2,2713.6,2265.2
107332.659,40,2700.8,2837.6,2345.8
107332.699,40,2576.4,2913,2443
107332.739,40,2460.8,2939,2565.8
107332.779,40,2385.6,2941.6,2684.4
107332.819,40,2369.6,2939.4,2708
107332.859,40,2427.6,2984.4,2648.8
107332.899,40,2508,2986.4,2541.8
107332.939,40,2619.8,2964.6,2439.8
107332.979,40,2732.2,2878,2350.8
107333.019,40,2830.4,2774.6,2275.6
107333.059,40,2911.2,2679.8,2221.8
107333.099,40,2913.2,2577.4,2186.8
107333.139,40,2932,2518.8,2161
107333.179,40,2907.4,2482.6,2153
107333.219,40,2926.8,2493.6,2152.2
107333.259,40,2937,2529.4,2165
107333.299,40,2902.6,2579.2,2190.8
107333.339,40,2845.6,2648.2,2220
107333.379,40,2772.8,2742.4,2280
107333.419,40,2671.2,2831,2358.2
107333.459,40,2565.4,2913.2,2452
107333.499,40,2477.2,2935.8,2552
107333.539,40,2405,2943.8,2653.6
107333.579,40,2391.2,2954,2688.2
107333.619,40,2444.8,2999.8,2631.4
107333.659,40,2536,3017.8,2535.2
107333.699,40,2660,2991,2429.8
107333.739,40,2787.4,2915,2343.8
107333.779,40,2873.8,2784,2269.2
107333.819,40,2920,2668.2,2215.4
107333.859,40,2929,2575.8,2181.2
107333.899,40,2921,2523.2,2161.4
107333.939,40,2903.8,2492.6,2156.6
107333.979,40,2880.2,2501.4,2162.6
107334.019,40,2863.6,2535.4,2178.2
107334.059,40,2845.4,2594.2,2205
107334.099,40,2823,2677.6,2239.6
107334.139,40,2765.6,2785.8,2301.6
107334.179,40,2672.8,2884.6,2380.8
107334.219,40,2559.8,2949.8,2477.4
107334.259,40,2452,2956,2588
107334.299,40,2382,2943,2692.2
107334.339,40,2345.8,2918.2,2738.2
107334.379,40,2372.4,2942.8,2707
107334.419,40,2436.8,2988.2,2637.6
107334.459,40,2528,3001.4,2537.2
107334.499,40,2651.4,2992.4,2437.4
107334.539,40,2784.4,2915,2345.6
107334.579,40,2882.6,2796.4,2268.6
107334.619,40,2955.6,2685.6,2215.8
107334.659,40,2972.6,2590.6,2187.2
107334.699,40,2967.6,2525.8,2158.4
107334.739,40,2964.8,2508,2155.4
107334.779,40,2959.2,2531.6,2167
107334.819,40,2922.2,2571,2181.4
107334.859,40,2864.6,2608.4,2204.8
107334.899,40,2801.4,2670.6,2243.4
107334.939,40,2754.2,2762.4,2293
107334.979,40,2683,2861.4,2363
107335.019,40,2591.8,2929.6,2445.2
107335.059,40,2505,2974.4,2535.2
107335.099,40,2440.4,2990,2632.4
107335.139,40,2415.4,2990.6,2669.8
107335.179,40,2456.8,3020.2,2633.4
107335.219,40,2528.8,3032,2549
107335.259,40,2637.2,3012.6,2456.4
107335.299,40,2766.2,2948,2362
107335.339,40,2870.2,2833.6,2287.4
107335.379,40,2941,2715.6,2232.4
107335.419,40,2969.4,2616,2192
107335.459,40,2977.2,2551,2170.2
107335.499,40,2974.4,2516,2155.6
107335.539,40,2967.8,2523.8,2159
107335.579,40,2942.6,2568,2179.8
107335.619,40,2911.4,2626.6,2199.4
107335.659,40,2843.2,2689.4,2242.8
107335.699,40,2752.8,2768.6,2297
107335.739,40,2656.4,2842.2,2367.6
107335.779,40,2564.4,2902.2,2452.2
107335.819,40,2482.4,2927.4,2537.8
107335.859,40,2414.4,2934.4,2627.6
107335.899,40,2390.6,2948,2680.6
107335.939,40,2422.8,2989.8,2659.2
107335.979,40,2496.8,3017,2582.8
107336.019,40,2608,3021.6,2484.4
107336.059,40,2731.8,2971.6,2388.6
107336.099,40,2848,2855.6,2301.6
107336.139,40,2917,2737.8,2242.4
107336.179,40,2961.2,2642.2,2205.6
107336.219,40,2967.2,2572,2175.8
107336.259,40,2967.2,2539.2,2162.6
107336.299,40,2964.6,2544.6,2172
107336.339,40,2953,2586,2182.4
107336.379,40,2930,2638.6,2203
107336.419,40,2844.4,2679.2,2238.2
107336.459,40,2775.2,2766.6,2287.8
107336.499,40,2680.2,2831.2,2353.6
107336.539,40,2591.4,2884.8,2417.8
107336.579,40,2503.4,2918.4,2500
107336.619,40,2445.6,2918.4,2569.8
107336.659,40,2414.2,2929.4,2634.4
107336.699,40,2416,2963.4,2647.6
107336.739,40,2470.4,3006,2604
107336.779,40,2556.6,3033.8,2531.6
107336.819,40,2672,3018.8,2438.8
107336.859,40,2797.2,2946.8,2350.4
107336.899,40,2901,2832.6,2281.8
107336.939,40,2963.6,2717.4,2225.6
107336.979,40,2983.2,2628,2192
107337.019,40,2997,2571.4,2170
107337.059,40,2984.2,2550.6,2168.4
107337.099,40,2974,2576.4,2178.2
107337.139,40,2938.4,2611.4,2196.6
107337.179,40,2873.2,2656.4,2222.4
107337.219,40,2805.4,2714,2259
107337.259,40,2730.6,2781.4,2306.8
107337.299,40,2640.6,2847.4,2377.2
107337.339,40,2551,2897.6,2452.2
107337.379,40,2476.2,2914.2,2529.6
107337.419,40,2416,2923.2,2617.4
107337.459,40,2381.8,2937.8,2680.4
107337.499,40,2397.8,2961.4,2677.4
107337.539,40,2453,3003.6,2623.2
107337.579,40,2537.2,3027.6,2540
107337.619,40,2643.2,2996.4,2444.4
107337.659,40,2753.6,2919,2353.8
107337.699,40,2832.8,2814.2,2286.6
107337.739,40,2900.4,2716,2239.4
107337.779,40,2927.8,2640.4,2203.8
107337.819,40,2941.2,2600.4,2187.4
107337.859,40,2939.6,2586,2188.6
107337.899,40,2922.4,2605.8,2191
107337.939,40,2876.4,2637.6,2215.8
107337.979,40,2822.2,2680.2,2242
107338.019,40,2760.4,2748.6,2287.4
107338.059,40,2689.2,2835.2,2349.8
107338.099,40,2595.2,2902.8,2426.6
107338.139,40,2508.2,2932.2,2512.2
107338.179,40,2433.4,2940,2605.6
107338.219,40,2381.8,2939.8,2688
107338.259,40,2368.2,2941.2,2717.6
107338.299,40,2401.8,2973.4,2681.6
107338.339,40,2472.6,3018.4,2611.2
107338.379,40,2570.4,3029.4,2513.8
107338.419,40,2688,2990.4,2420.6
107338.459,40,2790.8,2898.6,2335.8
107338.499,40,2882,2799.8,2272
107338.539,40,2937.2,2708.6,2227.2
107338.579,40,2957.6,2640.2,2203.4
107338.619,40,2965.2,2604.4,2186
107338.659,40,2947.8,2607.4,2192.6
107338.699,40,2912.2,2638.8,2208.8
107338.739,40,2855.8,2671.8,2230.6
107338.779,40,2784.6,2721.8,2265.2
107338.819,40,2715.8,2791.8,2319
107338.859,40,2641.4,2874.2,2383.8
107338.899,40,2559.4,2918.6,2461
107338.939,40,2483.4,2951.4,2546.8
107338.979,40,2422,2951.2,2632.4
107339.019,40,2380.6,2946.6,2698
107339.059,40,2372,2947.6,2718.6
107339.099,40,2397.2,2961.8,2684.8
107339.139,40,2451,2995.8,2619
107339.179,40,2534.8,2996.6,2524.2
107339.219,40,2642.2,2970.6,2434
107339.259,40,2742.6,2887.6,2345.8
107339.299,40,2839.2,2792.4,2281.2
107339.339,40,2904.2,2708,2234.4
107339.379,40,2936.4,2629,2203
107339.419,40,2955.2,2592.2,2186.2
107339.459,40,2946.8,2580.8,2178.8
107339.499,40,2935.8,2611.4,2194.4
107339.539,40,2891.6,2638.2,2211.2
107339.579,40,2832.2,2680.6,2242.8
107339.619,40,2764.4,2731.2,2281.2
107339.659,40,2700.4,2811.4,2333.8
107339.7,41,2618.4,2892.2,2407.6
107339.74,40,2529.6,2930.2,2494.2
107339.78,40,2447.4,2950.2,2591.8
107339.82,40,2389.6,2953.8,2683.2
107339.86,40,2355,2941.2,2743.6
107339.9,40,2360.4,2946.2,2737
107339.94,40,2402.8,2978.4,2682.6
107339.98,40,2473.4,2990.2,2594.2
107340.02,40,2565,2998.2,2498.2
107340.06,40,2670.2,2944,2403.2
107340.1,40,2766.8,2850,2327.6
107340.14,40,2851.6,2770,2265.4
107340.18,40,2905.4,2692,2225.2
107340.22,40,2938.2,2638.4,2202.6
107340.26,40,2927.6,2607.2,2191
107340.3,40,2924.2,2616,2198.6
107340.34,40,2880.4,2631.2,2210.8
107340.38,40,2824,2646,2224
107340.42,40,2788.4,2691,2257.2
107340.46,40,2762.6,2772.6,2294.8
107340.5,40,2688.8,2849,2357.6
107340.54,40,2594.4,2896.2,2426.4
107340.58,40,2508,2910.8,2500.2
107340.62,40,2434.4,2904.4,2575.8
107340.66,40,2393,2895.4,2629.6
107340.7,40,2380,2887.4,2649.6
107340.74,40,2404,2921.6,2640.2
107340.78,40,2468.8,2944.8,2565
107340.82,40,2562.6,2968.8,2486.6
107340.86,40,2677.4,2954.8,2407.4
107340.9,40,2783.2,2874,2327.4
107340.94,40,2874.6,2793.8,2267.2
107340.98,40,2937.4,2703,2228.4
107341.02,40,2960,2634.4,2200.4
107341.06,40,2969.4,2596.6,2184.8
107341.1,40,2942.8,2589.6,2184.2
107341.14,40,2915.4,2618.8,2197.6
107341.18,40,2863.8,2650,2221
107341.22,40,2793.6,2698.8,2253.6
107341.26,40,2738.6,2765.4,2301.6
107341.3,40,2669.6,2854.6,2361
107341.34,40,2584.2,2909.4,2441
107341.38,40,2501.8,2948.6,2528.8
107341.42,40,2429.2,2956.8,2619.6
107341.46,40,2385.4,2944.6,2692.2
107341.5,40,2368.8,2936.4,2711.8
107341.54,40,2397.2,2947,2668.8
107341.58,40,2453.6,2967.8,2591.4
107341.62,40,2545.8,2975,2504
107341.66,40,2648.4,2932.4,2410
107341.7,40,2747.2,2862.2,2336.4
107341.74,40,2825.4,2756.2,2271.6
107341.78,40,2893.6,2678.6,2223
107341.82,40,2919.8,2612.2,2193.4
107341.86,40,2926.6,2567,2177.6
107341.9,40,2922.6,2571.8,2179.6
107341.94,40,2906.2,2599.6,2193.6
107341.98,40,2855.2,2618.8,2209.4
107342.02,40,2802.8,2659.8,2235.6
107342.06,40,2788.2,2735,2273.6
107342.1,40,2740,2828.8,2327
107342.14,40,2657.6,2887,2387
107342.18,40,2576.2,2946.2,2464.8
107342.22,40,2491,2969.2,2555.8
107342.26,40,2425.2,2958,2632.2
107342.3,40,2389.6,2943,2674.6
107342.34,40,2403.8,2949,2654.8
107342.38,40,2463.6,2967.2,2589
107342.42,40,2547.6,2961.2,2497.4
107342.46,40,2651.6,2929.6,2407.6
107342.5,40,2755.6,2859.4,2331.6
107342.54,40,2843.8,2763,2270
107342.58,40,2909.8,2683.8,2225.2
107342.62,40,2940.4,2620.2,2194.4
107342.66,40,2944.8,2577.2,2182
107342.7,40,2946,2573,2179.4
107342.74,40,2914.8,2596,2192
107342.78,40,2861.8,2617,2211.4
107342.82,40,2804.4,2660.6,2236
107342.86,40,2775.6,2745.6,2278.6
107342.9,40,2724.4,2846.8,2340.4
107342.94,40,2635.6,2912.6,2410.8
107342.98,40,2549.2,2968.4,2500.8
107343.02,40,2460.8,2969.8,2589
107343.06,40,2402.2,2949.4,2657.2
107343.1,40,2371,2930.2,2703
107343.14,40,2381.8,2929.2,2671.2
107343.18,40,2438.2,2939.6,2605
107343.22,40,2515.4,2937.8,2510
107343.26,40,2610.2,2924,2429.8
107343.3,40,2711.4,2860.6,2349.8
107343.34,40,2774.6,2757.2,2285.2
107343.38,40,2840.2,2687.4,2238.4
107343.42,40,2864.8,2618.2,2210.2
107343.46,40,2874.2,2587.2,2192.8
107343.5,40,2867,2584.6,2192.8
107343.54,40,2847.2,2614,2208.2
107343.58,40,2832,2653.8,2228.6
107343.62,40,2795.6,2712.6,2262.4
107343.66,40,2748.6,2789.6,2307.2
107343.7,40,2671,2857.2,2366.8
107343.74,40,2580.8,2915.6,2441.4
107343.78,40,2495,2936,2527.6
107343.82,40,2426,2918.6,2598.6
107343.86,40,2378.4,2887.6,2649.6
107343.9,40,2372.8,2894.6,2664.2
107343.94,40,2408.4,2920,2621.8
107343.98,40,2486.6,2948.6,2547.8
107344.02,40,2577.2,2934.2,2459.2
107344.06,40,2671.2,2864.8,2371
107344.1,40,2771.4,2798,2300.8
107344.14,40,2836.8,2710,2244.2
107344.18,40,2881,2633,2213
107344.22,40,2893.4,2579.4,2190
107344.26,40,2896.4,2552.4,2176.8
107344.3,40,2880.2,2554.4,2182.6
107344.34,40,2854.4,2584.6,2195.2
107344.38,40,2834,2624.6,2214.6
107344.42,40,2814.8,2702.4,2248.8
107344.46,40,2755.2,2780.4,2302
107344.5,40,2672.6,2855.6,2367.4
107344.54,40,2572,2905,2444.6
107344.58,40,2481.8,2920.4,2531
107344.62,40,2415,2908,2606.2
107344.66,40,2371.2,2884.4,2655.8
107344.7,40,2371.8,2901.2,2663.4
107344.74,40,2420,2920.4,2607.4
107344.78,40,2505.4,2951.6,2531
107344.82,40,2605.2,2925.8,2433
107344.86,40,2699,2854,2348.4
107344.9,40,2777.8,2772.8,2291
107344.94,40,2847.8,2691.8,2240
107344.98,40,2887.8,2628.8,2208.4
107345.02,40,2894.6,2592.6,2189.6
107345.06,40,2884.6,2572.8,2188
107345.1,40,2868.4,2592.2,2198
107345.14,40,2837.8,2625,2222.6
107345.18,40,2807.6,2680.4,2249
107345.22,40,2765.6,2758.8,2287.2
107345.26,40,2698,2837.4,2344.6
107345.3,40,2608.8,2889.6,2413.2
107345.34,40,2520.4,2912.2,2490
107345.38,40,2448.4,2907.4,2559.6
107345.42,40,2401,2899.4,2625.6
107345.46,40,2380.6,2893.2,2652.2
107345.5,40,2406,2920.4,2638.2
107345.54,40,2460.2,2925.4,2566
107345.58,40,2536.8,2920.8,2479.4
107345.62,40,2631.4,2863.8,2388.8
107345.66,40,2719.6,2790.6,2317
107345.7,40,2802,2712.2,2255.8
107345.74,40,2857.2,2640.8,2220.8
107345.78,40,2877,2588.8,2193.6
107345.82,40,2885.6,2563.8,2184.6
107345.86,40,2879.2,2568.2,2188.2
107345.9,40,2850.4,2602.2,2204.4
107345.94,40,2823,2644.2,2225.8
107345.98,40,2792.4,2723,2263.2
107346.02,40,2729.2,2807,2316.4
107346.06,40,2641.2,2884.4,2393.2
107346.1,40,2543.2,2926.4,2473.8
107346.14,40,2455.8,2918.4,2558.6
107346.18,40,2396.6,2903.4,2632
107346.22,40,2361.2,2878.4,2673
107346.26,40,2380.2,2893.4,2658.6
107346.3,40,2428.6,2917.2,2592.6
107346.34,40,2522.4,2938.8,2507.4
107346.38,40,2614.2,2905.6,2420
107346.42,40,2714.6,2834,2336.8
107346.46,40,2794.6,2753.2,2276.8
107346.5,40,2862.8,2678.4,2232.2
107346.54,40,2897.4,2628.6,2202
107346.58,40,2902,2589.6,2189.6
107346.62,40,2894.4,2585.8,2193.8
107346.66,40,2861,2610,2206.8
107346.7,40,2826.8,2645.8,2227.4
107346.74,40,2798.4,2704,2256.8
107346.78,40,2747.6,2788.4,2307.4
107346.82,40,2667,2859.8,2373
107346.86,40,2570.6,2907.6,2445.4
107346.9,40,2481.8,2918,2526.6
107346.94,40,2410.4,2897.2,2599
107346.98,40,2372,2877.8,2657.6
107347.02,40,2360.2,2876,2675.8
107347.06,40,2391.4,2914.2,2648.2
107347.1,40,2464.4,2935.4,2564.2
107347.14,40,2558,2952.8,2484
107347.18,40,2658.8,2893.4,2388.4
107347.22,40,2763.6,2833.2,2318.6
107347.26,40,2836.8,2737,2255.6
107347.3,40,2900.2,2674.2,2225.6
107347.34,40,2917.2,2618.6,2201.2
107347.38,40,2918.8,2605.8,2195.8
107347.42,40,2899.2,2614.6,2201.8
107347.46,40,2860.6,2645,2222.8
107347.5,40,2817.2,2697,2250
107347.54,40,2762.6,2769.4,2289.4
107347.58,40,2698.6,2853.6,2351.6
107347.62,40,2613.4,2926,2428
107347.66,40,2525,2964,2515
107347.7,40,2454.8,2977.6,2603
107347.74,40,2408,2965.2,2656.2
107347.78,40,2411.8,2936.8,2632
107347.82,40,2445.8,2902.6,2565.8
107347.86,40,2501.6,2881.6,2487.6
107347.9,40,2601.6,2891.6,2416.4
107347.94,40,2701.8,2855.2,2347.6
107347.98,40,2789.6,2776.2,2288.2
107348.02,40,2865.2,2702.2,2239.4
107348.06,40,2909.2,2635.4,2206.6
107348.1,40,2943.6,2594.4,2187.4
107348.14,40,2942,2565.6,2175.2
107348.18,40,2949,2575.4,2182.6
107348.22,40,2934.8,2606.8,2194.6
107348.26,40,2914,2650.2,2212.6
107348.3,40,2873.4,2721.2,2248.8
107348.34,40,2814.8,2812.8,2296.4
107348.38,40,2737.4,2915.8,2362.4
107348.42,40,2636,2994.8,2449.4
107348.46,40,2538.4,3033.2,2544.4
107348.5,40,2467.4,3024.4,2617.2
107348.54,40,2437.6,2977.4,2632.8
107348.58,40,2448.8,2942.2,2588.4
107348.62,40,2472.4,2867.2,2507.2
107348.66,40,2565.8,2885.2,2437.8
107348.7,40,2663.6,2867.4,2371.2
107348.74,40,2773.8,2810.4,2306.8
107348.78,40,2837.2,2711,2249
107348.82,40,2864.8,2621.4,2211.4
107348.86,40,2854,2554.2,2187.2
107348.9,40,2837.4,2519.4,2173.8
107348.94,40,2839.8,2530.2,2179.4
107348.98,40,2861.8,2577.8,2192.6
107349.02,40,2878.4,2641.8,2217.6
107349.06,40,2864,2728,2251.8
107349.1,40,2807.8,2831,2302.8
107349.14,40,2716.2,2940,2380.6
107349.18,40,2603.4,3004.6,2476.4
107349.22,40,2503,3021.8,2577.8
107349.26,40,2426,2987.6,2652
107349.3,40,2391,2920.2,2655.8
107349.34,40,2393.8,2869.8,2607.6
107349.38,40,2436.8,2868.8,2546.6
107349.42,40,2527.4,2910.8,2478.2
107349.46,40,2643,2917.2,2406
107349.5,40,2750.4,2855.6,2330.2
107349.54,40,2848.6,2760.6,2265.6
107349.58,40,2892.4,2659,2219.2
107349.62,40,2913.8,2589.2,2186.4
107349.66,40,2906,2545.4,2175.2
107349.7,40,2890.4,2535.2,2169.8
107349.74,40,2867.2,2559.6,2185.4
107349.78,40,2856.6,2599.4,2205.4
107349.82,40,2842.6,2669.8,2236.4
107349.86,40,2811.2,2763.6,2281.4
107349.9,40,2755,2870,2339.2
107349.94,40,2656.4,2949,2414.2
107349.98,40,2575.4,3031.6,2509.2
107350.02,40,2490.6,3036.2,2597.8
107350.06,40,2441.8,3015,2652.6
107350.1,40,2432,2957.8,2616.4
107350.14,40,2453.6,2905.2,2554.8
107350.18,40,2496.8,2863.8,2480
107350.22,40,2602,2891.8,2411.8
107350.26,40,2718,2861,2346.8
107350.3,40,2821.8,2778.8,2278.8
107350.34,40,2874,2672.8,2226.8
107350.38,40,2911.4,2602.4,2196.8
107350.42,40,2908.2,2557.2,2178.6
107350.46,40,2905.6,2558.8,2179
107350.5,40,2890.6,2587.8,2191
107350.54,40,2870.8,2639.2,2215.8
107350.58,40,2839.2,2712.4,2251.2
107350.62,40,2789.6,2816,2302.6
107350.66,40,2720.6,2919.4,2370.8
107350.7,40,2617.2,2972,2449.6
107350.74,40,2534.4,3015,2542.2
107350.78,40,2464.2,3015.2,2617.2
107350.82,40,2429.2,2991.2,2645.2
107350.86,40,2439.2,2971.2,2616.4
107350.9,40,2465.8,2899.8,2534.6
107350.94,40,2521.4,2858.8,2459.4
107350.98,40,2618.2,2859.4,2392.2
107351.02,40,2724,2826.4,2327.6
107351.06,40,2811.2,2757,2272.4
107351.1,40,2862.2,2675.2,2229
107351.14,40,2895.8,2627.8,2204.4
107351.18,40,2906.4,2598.8,2191.4
107351.22,40,2897.6,2601.4,2195
107351.26,40,2881,2635.6,2210.8
107351.3,40,2866.6,2681.6,2233.6
107351.34,40,2834.2,2745.8,2266
107351.38,40,2801.6,2839.4,2309.8
107351.42,40,2737.2,2927.2,2371.8
107351.46,40,2653.4,2999.2,2441.8
107351.5,40,2568.8,3044.4,2522
107351.54,40,2498.8,3039,2591.6
107351.58,40,2454.8,3021,2635
107351.62,40,2444.6,2982.2,2622
107351.66,40,2450,2930.4,2576.4
107351.7,40,2480.4,2875.4,2497.8
107351.74,40,2555.2,2859.4,2431
107351.78,40,2664,2850,2363
107351.82,40,2770.2,2793.6,2297.4
107351.86,40,2830.8,2695.8,2244.2
107351.9,40,2886.8,2631.6,2210
107351.94,40,2892.8,2579,2189.6
107351.98,40,2877.6,2562,2179
107352.02,40,2866.2,2581.4,2193.2
107352.06,40,2846,2630.8,2216.2
107352.1,40,2815.6,2704.8,2252.4
107352.14,40,2780.2,2818.2,2307.8
107352.18,40,2698,2915.8,2385.2
107352.22,40,2595.6,3002.2,2480.6
107352.26,40,2500,3039.8,2589.4
107352.3,40,2422.4,3008,2669.8
107352.34,40,2402.6,2972,2677.6
107352.38,40,2417.8,2962.4,2637.8
107352.42,40,2458.8,2897.8,2545
107352.46,40,2517.6,2857.4,2460.4
107352.5,40,2620.8,2859,2392.6
107352.54,40,2726.6,2839.4,2329.4
107352.58,40,2810.8,2767.6,2277.2
107352.62,40,2866.2,2688.8,2235.6
107352.66,40,2899.4,2643.6,2210.2
107352.7,40,2917.8,2631,2203.2
107352.74,40,2914,2646.6,2207.6
107352.78,40,2902.6,2692.4,2229.4
107352.82,40,2859,2741.8,2255.6
107352.86,40,2807,2819.4,2296.6
107352.9,40,2741,2908.4,2361.6
107352.94,40,2655.4,2983,2435.4
107352.98,40,2563.2,3015,2515.2
107353.02,40,2484.6,3022.2,2595.2
107353.172,152,2449.6,2855.6,2519.6
107353.212,40,2537.8,2889.4,2463.6
107353.252,40,2636.6,2890.2,2397.8
107353.292,40,2753,2849,2326
107353.332,40,2836.2,2754.8,2265
107353.372,40,2886.4,2672.6,2225.6
107353.412,40,2934.6,2617.2,2197.4
107353.452,40,2952.4,2585,2182.6
107353.492,40,2947,2595.2,2187.6
107353.532,40,2934.4,2638.6,2208.8
107353.572,40,2902.2,2694,2230.2
107353.612,40,2836.8,2759.4,2269
107353.652,40,2769.6,2854.8,2328.4
107353.692,40,2666.2,2911.4,2391.8
107353.732,40,2560.4,2927.8,2464.6
107353.772,40,2471.8,2916,2537.6
107353.812,40,2415,2901,2600.6
107353.852,40,2388.6,2882,2625
107353.892,40,2402.6,2871.8,2597.2
107353.932,40,2437.6,2873.2,2544.6
107353.972,40,2513.2,2887.4,2476.8
107354.012,40,2605.6,2873.2,2406.2
107354.052,40,2709,2823.8,2335.8
107354.092,40,2790.2,2739.2,2272.8
107354.132,40,2844,2656.2,2224
107354.172,40,2881.2,2598.8,2198
107354.212,40,2902.2,2569.6,2180.6
107354.252,40,2908,2569.6,2183.4
107354.292,40,2902.8,2610.4,2199
107354.332,40,2880.6,2661.2,2222.6
107354.372,40,2820.2,2723.2,2258.4
107354.412,40,2775.4,2832.2,2314.2
107354.452,40,2695.6,2920.6,2382.4
107354.492,40,2597.4,2957.2,2454.8
107354.532,40,2518,2988.2,2535.8
107354.572,40,2454.6,2965,2599.8
107354.612,40,2431.2,2950,2615.2
107354.652,40,2442.2,2957.8,2600.8
107354.692,40,2480,2911.8,2522.4
107354.732,40,2533.4,2869.4,2450.6
107354.772,40,2617,2840.8,2382.2
107354.812,40,2719.6,2798,2317.6
107354.852,40,2801.4,2728.4,2265.2
107354.892,40,2866.6,2666.2,2224.2
107354.932,40,2889.4,2604,2197.2
107354.972,40,2917.2,2582.4,2185.2
107355.012,40,2934.2,2603.2,2191.2
107355.052,40,2915.2,2643,2212.8
107355.092,40,2870,2695.6,2240.2
107355.132,40,2803,2773.6,2282
107355.172,40,2724,2870.8,2350.8
107355.212,40,2612,2921.2,2432.4
107355.252,40,2496.8,2916,2515.4
107355.292,40,2412.2,2898.8,2597.2
107355.332,40,2357.8,2855.4,2652.4
107355.372,40,2346,2828.8,2648.8
107355.412,40,2384.2,2852,2601
107355.452,40,2457.2,2892.8,2537.8
107355.492,40,2546.4,2908.2,2465
107355.532,40,2639,2877.2,2385.8
107355.572,40,2730.2,2814,2320.4
107355.612,40,2791.4,2732.2,2269.4
107355.652,40,2845.4,2673.8,2234.4
107355.692,40,2883.6,2640.6,2213
107355.732,40,2895.4,2636.8,2208
107355.772,40,2892,2661.4,2218.6
107355.812,40,2863,2706.2,2242.8
107355.852,40,2814.4,2753.2,2269.6
107355.892,40,2753,2811.2,2314.8
107355.932,40,2688.4,2904.8,2377
107355.972,40,2601,2973.2,2459.6
107356.012,40,2515.8,3013,2554.4
107356.052,40,2441.8,3006.2,2646.6
107356.092,40,2395.6,2977.2,2697.2
107356.132,40,2393.4,2944.8,2671.6
107356.172,40,2411.6,2891.2,2595.8
107356.212,40,2457.6,2852.2,2511.8
107356.252,40,2552,2876,2440.2
107356.292,40,2671.6,2878,2372.2
107356.332,40,2771,2803.2,2303
107356.372,40,2862,2743.4,2255.4
107356.412,40,2921.8,2687.8,2225
107356.452,40,2965.8,2668.4,2204.6
107356.492,40,2977.6,2681.4,2210.2
107356.532,40,2957.4,2725.4,2231.2
107356.572,40,2895.6,2758.2,2255.2
107356.612,40,2824.8,2818,2294
107356.652,40,2736.4,2881,2345.2
107356.692,40,2643.4,2939.2,2417
107356.732,40,2547.8,2961.4,2489.6
107356.772,40,2470.8,2953,2567.4
107356.812,40,2414.6,2944.4,2636
107356.852,40,2391,2924.8,2660.4
107356.892,40,2400.8,2929,2643.4
107356.932,40,2440.4,2897.4,2565.8
107356.972,40,2493.2,2867,2484.4
107357.012,40,2588.8,2873.8,2415.2
107357.052,40,2684.4,2835,2345.4
107357.092,40,2761.8,2758.8,2285.2
107357.132,40,2831.8,2695,2245.4
107357.172,40,2881.6,2641.4,2219.6
107357.212,40,2921.6,2620.8,2199.8
107357.252,40,2927,2625.6,2201.2
107357.292,40,2915.6,2661.4,2219.6
107357.332,40,2891,2707.6,2239
107357.372,40,2838,2773.8,2270.4
107357.412,40,2780.8,2846.2,2318.2
107357.452,40,2701.4,2932,2384
107357.492,40,2612.6,2978.2,2454.4
107357.532,40,2521.4,2996.6,2531
107357.572,40,2459.8,2987.6,2598.6
107357.612,40,2426.2,2965.8,2632.4
107357.652,40,2417.6,2920.8,2610
107357.692,40,2441,2858.2,2539.8
107357.732,40,2507.8,2883,2482.8
107357.772,40,2603,2900.8,2424.6
107357.812,40,2705.2,2856.2,2349.2
107357.852,40,2785.4,2763.2,2283.2
107357.892,40,2859.4,2691,2238
107357.932,40,2902,2632,2205.2
107357.972,40,2923.6,2596,2190.8
107358.012,40,2926.2,2602.4,2192
107358.052,40,2905.4,2631,2206.4
107358.092,40,2877.6,2679,2231.8
107358.132,40,2827.2,2742.2,2263.2
107358.172,40,2770,2819.8,2314.2
107358.212,40,2704.8,2921.4,2380.8
107358.252,40,2603.8,2977.6,2459.4
107358.292,40,2520.8,3001.4,2544.4
107358.332,40,2449.8,2992.6,2620.8
107358.372,40,2411,2960.4,2654.8
107358.412,40,2407,2931.6,2637
107358.452,40,2430.4,2905.4,2582.2
107358.492,40,2469.8,2856.4,2501.8
107358.532,40,2565.6,2878,2431.6
107358.572,40,2672.6,2858.4,2362.4
107358.612,40,2762.8,2784,2297.6
107358.652,40,2839.2,2721.8,2253.6
107358.692,40,2887.6,2666.4,2219.4
107358.732,40,2923.4,2647,2213.4
107358.772,40,2926.8,2665,2217.2
107358.812,40,2911,2705.6,2233.4
107358.852,40,2862.2,2751.6,2261.8
107358.892,40,2811,2809.2,2296.8
107358.932,40,2752.2,2885.8,2346
107358.972,40,2675.4,2950,2407.8
107359.012,40,2596.8,2984.8,2471
107359.052,40,2532.2,3003.2,2531
107359.092,40,2483.4,2991,2580.6
107359.132,40,2466.8,2973,2586
107359.172,40,2481.6,2945.8,2546.8
107359.212,40,2509.6,2886.4,2484.6
107359.252,40,2562.2,2850.2,2421.2
107359.292,40,2649.8,2834.6,2362.8
107359.332,40,2742.2,2792.8,2306.2
107359.372,40,2814.2,2721.4,2255
107359.412,40,2863.2,2663.6,2226.6
107359.452,40,2901.8,2632.8,2208.6
107359.492,40,2921.8,2632.2,2201.2
107359.532,40,2916.6,2662.6,2217
107359.572,40,2891.4,2709.6,2236.6
107359.612,40,2837.8,2760.8,2268
107359.652,40,2772,2826.2,2313.4
107359.692,40,2710.8,2915,2378.2
107359.732,40,2624,2969,2447.2
107359.772,40,2537,2990.6,2519
107359.812,40,2476.2,2983.8,2584.2
107359.852,40,2440.4,2967.4,2614
107359.892,40,2442,2953.4,2599.4
107359.932,40,2467.6,2899.8,2535.2
107359.972,40,2509.6,2852,2464
107360.012,40,2596.4,2855.6,2404.4
107360.052,40,2695.2,2843.4,2347.6
107360.092,40,2780.2,2775.2,2291.4
107360.132,40,2835.4,2702,2245
107360.172,40,2889.6,2656.6,2220
107360.212,40,2918,2643.4,2206.8
107360.252,40,2930.4,2656.6,2211.6
107360.292,40,2915.6,2699.2,2229.6
107360.332,40,2878,2744.2,2253.2
107360.372,40,2824,2812.6,2293.6
107360.412,40,2756.4,2891.8,2344.6
107360.452,40,2677.2,2962.4,2414
107360.492,40,2591.6,3001.6,2482.8
107360.532,40,2513.8,3013.6,2554.8
107360.572,40,2461,2993.4,2611.8
107360.612,40,2434.2,2976,2633.6
107360.652,40,2435,2950.2,2606.2
107360.692,40,2463,2891.4,2533.8
107360.732,40,2514.8,2868.2,2468.6
107360.772,40,2610.2,2878.4,2406.6
107360.812,40,2708,2848.2,2341.6
107360.852,40,2785,2768,2286.8
107360.892,40,2853.4,2709.6,2242.4
107360.932,40,2912,2671.4,2223
107360.972,40,2935.8,2647.4,2207.8
107361.012,40,2935.2,2666.8,2218.4
107361.052,40,2909.4,2710.2,2233.6
107361.092,40,2867.6,2755.2,2258.2
107361.132,40,2805.6,2811.4,2298.8
107361.172,40,2752.8,2905.6,2355
107361.212,40,2673.8,2978.4,2420.6
107361.252,40,2585,3014,2494.6
107361.292,40,2513.6,3011.2,2561.8
107361.332,40,2464,2980.8,2594
107361.372,40,2454.8,2957,2592.4
107361.412,40,2468.8,2896.6,2534.4
107361.452,40,2512.2,2874.2,2474
107361.492,40,2596.8,2892.4,2418.6
107361.532,40,2697,2867.4,2359
107361.572,40,2778.6,2791,2295
107361.612,40,2843,2726.8,2256.2
107361.652,40,2886.2,2678.4,2226.6
107361.692,40,2907.6,2647.4,2214.8
107361.732,40,2907.4,2655.4,2214
107361.772,40,2900,2695.2,2235
107361.812,40,2866.6,2740,2253.8
107361.852,40,2819.6,2794.6,2285.8
107361.892,40,2770.8,2875.6,2335
107361.932,40,2700.2,2955.6,2396
107361.972,40,2618,2999.2,2465.2
107362.012,40,2538.8,3013.2,2528
107362.052,40,2484.2,3001.2,2589
107362.092,40,2455.6,2976.8,2598.4
107362.132,40,2459.4,2931,2560.4
107362.172,40,2476.6,2873.6,2504.6
107362.212,40,2548,2887.8,2449
107362.252,40,2634.6,2894,2397
107362.292,40,2723.8,2859.2,2343
107362.332,40,2784.6,2778.6,2286
107362.372,40,2853.6,2731,2253.6
107362.412,40,2884.4,2687.4,2230.8
107362.452,40,2904.4,2673.4,2219
107362.492,40,2896,2686.8,2226.8
107362.532,40,2883,2718.8,2241.4
107362.572,40,2855.2,2757.2,2263.4
107362.612,40,2812.6,2805.2,2294.2
107362.652,40,2775,2882,2338.6
107362.692,40,2706.2,2950.2,2388.8
107362.732,40,2633.4,2999.2,2453.6
107362.772,40,2565.6,3017,2512.2
107362.812,40,2504.4,3015,2565.6
107362.852,40,2475.4,3000.6,2597.2
107362.892,40,2472.8,2986.2,2587
107362.932,40,2489.4,2932.6,2527.6
107362.972,40,2514.2,2864.2,2463
107363.012,40,2598.6,2864,2408.4
107363.052,40,2684,2838,2346.6
107363.092,40,2769.4,2781.2,2293.4
107363.132,40,2833.8,2703,2247.6
107363.172,40,2877.8,2662.6,2223
107363.212,40,2890.4,2627.8,2206.2
107363.252,40,2893.6,2633.8,2209.6
107363.292,40,2875.2,2668.2,2226.2
107363.332,40,2854,2697.8,2244.4
107363.372,40,2815,2755.8,2274.4
107363.412,40,2770.6,2825.4,2311.8
107363.452,40,2718,2902.4,2371
107363.492,40,2647.8,2968.4,2424.2
107363.532,40,2576.4,2999.4,2492.2
107363.572,40,2516,3002,2549.8
107363.612,40,2482.6,2987.6,2579.4
107363.652,40,2478.4,2983.4,2571.4
107363.692,40,2503.6,2928.8,2519.8
107363.732,40,2525.8,2858.2,2450.8
107363.772,40,2605.8,2844.8,2391.8
107363.812,40,2702.8,2812.8,2328.8
107363.852,40,2786.8,2763.6,2275.2
107363.892,40,2851,2692.6,2238.6
107363.932,40,2903.2,2650.4,2210.8
107363.972,40,2941.6,2631.2,2200.8
107364.012,40,2945.6,2644.4,2202.4
107364.052,40,2933.6,2684.6,2220.6
107364.092,40,2893.4,2731.4,2245.6
107364.132,40,2832,2781,2277.6
107364.172,40,2773,2841.4,2320.2
107364.212,40,2703.6,2908.4,2374
107364.252,40,2632.2,2934.8,2427
107364.292,40,2571,2971.4,2487
107364.444,152,2527,2983,2521.4
107364.484,40,2579.8,2920.4,2452
107364.524,40,2627.6,2852,2386
107364.564,40,2689,2781.4,2325
107364.604,40,2778.8,2732.8,2270.6
107364.644,40,2837.2,2674.2,2233.6
107364.684,40,2870.2,2619.8,2205.8
107364.724,40,2900.2,2608.2,2197.6
107364.764,40,2906.8,2627,2203
107364.804,40,2893.6,2668.2,2225.4
107364.844,40,2863.4,2717.8,2245
107364.884,40,2816.6,2776,2278.4
107364.924,40,2760,2846.8,2324.2
107364.964,40,2692.4,2917.2,2384.4
107365.004,40,2611.6,2971.2,2449.4
107365.044,40,2541.6,2995.2,2516.6
107365.084,40,2484.4,2987.8,2577.4
107365.124,40,2452.8,2973.4,2605.6
107365.164,40,2455,2968.6,2599.6
107365.204,40,2474.6,2922.6,2544.6
107365.244,40,2499.8,2878,2480.4
107365.284,40,2574.6,2861,2422.6
107365.324,40,2670.4,2849.2,2364.2
107365.364,40,2747.8,2796.4,2307.4
107365.404,40,2818.4,2725.2,2263
107365.444,40,2870.6,2680.4,2231.2
107365.484,40,2901.2,2652.4,2211.4
107365.524,40,2904,2658,2216
107365.564,40,2885.6,2687.8,2231.4
107365.604,40,2848.2,2732.4,2257.6
107365.644,40,2786,2784,2292.4
107365.684,40,2712.6,2850,2343.2
107365.724,40,2642.2,2918,2409.8
107365.764,40,2560.2,2932.8,2470.2
107365.804,40,2494.4,2968.4,2546.6
107365.844,40,2441,2958.6,2604.4
107365.884,40,2421.8,2959.6,2632.6
107365.924,40,2437,2976.8,2629
107365.964,40,2464.2,2947.2,2569.4
107366.004,40,2518.6,2914.4,2492.6
107366.044,40,2578.6,2869.2,2420.4
107366.084,40,2666.2,2827.6,2355.8
107366.124,40,2752.4,2767.4,2296
107366.164,40,2809.2,2709.8,2251.6
107366.204,40,2862.2,2668.6,2227.6
107366.244,40,2887.8,2658.6,2221.6
107366.284,40,2896,2685.2,2230.8
107366.324,40,2870,2727.6,2251.2
107366.364,40,2827.4,2778.6,2277.2
107366.404,40,2771,2836.8,2321.2
107366.444,40,2703,2909.2,2373.2
107366.484,40,2620.4,2957,2442.8
107366.524,40,2541,2985.6,2512
107366.564,40,2480.4,2984,2582
107366.604,40,2435.4,2978.4,2630
107366.644,40,2423.6,2959.6,2638.2
107366.684,40,2438.8,2944.6,2602.4
107366.724,40,2467,2906,2538
107366.764,40,2512.8,2870,2474.6
107366.804,40,2609,2881.2,2409.6
107366.844,40,2697.4,2840.8,2343
107366.884,40,2778.4,2772.8,2286.8
107366.924,40,2848.8,2716.2,2246.4
107366.964,40,2892.8,2673.4,2223.4
107367.004,40,2911.4,2654.4,2212
107367.044,40,2912,2663.6,2216.4
107367.084,40,2896.2,2693.2,2232
107367.124,40,2860.2,2734.4,2254.4
107367.164,40,2804.4,2781.2,2284.2
107367.204,40,2742.8,2845.6,2330.6
107367.244,40,2670.4,2921.4,2399
107367.284,40,2587,2948,2458.2
107367.324,40,2517.4,2978.2,2532.4
107367.364,40,2460.2,2987,2598
107367.404,40,2433,2974.4,2633.4
107367.444,40,2439.8,2972.6,2624.2
107367.484,40,2468.2,2950.8,2564.6
107367.524,40,2513.2,2914.6,2498
107367.564,40,2571.8,2867,2426.6
107367.604,40,2671.6,2848.6,2363.4
107367.644,40,2747,2791.6,2306.2
107367.684,40,2824.2,2738.8,2265.8
107367.724,40,2887.4,2702.8,2236
107367.764,40,2917,2693.8,2228.2
107367.804,40,2931.2,2709.2,2230.6
107367.844,40,2906.2,2740.2,2245.2
107367.884,40,2876.2,2777.2,2265.8
107367.924,40,2827.2,2811.6,2292.6
107367.964,40,2778.4,2857.2,2323.6
107368.004,40,2726.4,2907.2,2361.6
107368.044,40,2668.8,2948.4,2413.4
107368.084,40,2616.6,3003.6,2466.4
107368.124,40,2562.4,3029.2,2521.8
107368.164,40,2522.8,3033.2,2559.6
107368.204,40,2508.6,3024.8,2570
107368.244,40,2522.4,2998,2539.2
107368.284,40,2541.2,2936.8,2486.6
107368.324,40,2572.6,2873.2,2426
107368.364,40,2642.6,2841.2,2373.4
107368.404,40,2726.6,2813.6,2324.6
107368.444,40,2795.8,2763.6,2279.4
107368.484,40,2871.6,2726.8,2246.4
107368.524,40,2912,2702.4,2228.6
107368.564,40,2931.6,2693,2222
107368.604,40,2935.2,2718.6,2230.2
107368.644,40,2912,2748.4,2247.8
107368.684,40,2873.6,2777.8,2269.2
107368.724,40,2824.4,2827.6,2301
107368.764,40,2763.4,2895.8,2344
107368.804,40,2682.4,2955.6,2402.4
107368.844,40,2604.6,2999.6,2471.6
107368.884,40,2522.4,3008.8,2540.6
107368.924,40,2468.6,3004.4,2602.6
107368.964,40,2441.2,2994.6,2633.8
107369.004,40,2447.6,2973,2609.6
107369.044,40,2471.2,2925.8,2548.4
107369.084,40,2511,2890.8,2486.2
107369.124,40,2583.8,2877.8,2425.2
107369.164,40,2671,2850.6,2356.8
107369.204,40,2763,2806.4,2307.2
107369.244,40,2829.8,2748.4,2262.2
107369.284,40,2893.2,2709.4,2235.6
107369.324,40,2926.8,2689,2222.4
107369.364,40,2933,2697.8,2226.4
107369.404,40,2924,2738.6,2240
107369.444,40,2892.2,2775,2258.6
107369.484,40,2839.4,2823,2294.6
107369.524,40,2779.2,2876.6,2334.2
107369.564,40,2703.4,2934.4,2388.6
107369.604,40,2626,2974.8,2443.6
107369.644,40,2560.2,3013.2,2512.6
107369.684,40,2503.8,3023.4,2580.6
107369.724,40,2458.2,3024,2622.6
107369.764,40,2454.8,3009.8,2631
107369.804,40,2474.8,2993,2589
107369.844,40,2518,2952.2,2517.6
107369.884,40,2583,2906.8,2439.4
107369.924,40,2643.6,2821.8,2364.8
107369.964,40,2737.2,2777.4,2300.8
107370.004,40,2812.8,2717,2255.8
107370.044,40,2874.4,2671,2228
107370.084,40,2910.4,2641.4,2209.2
107370.124,40,2927.6,2641.2,2208.8
107370.164,40,2929,2673.6,2220
107370.204,40,2900.6,2716.4,2239.4
107370.244,40,2848.2,2767,2268.6
107370.284,40,2780.6,2830,2312
107370.324,40,2709.6,2906.4,2375.4
107370.364,40,2614.4,2947.6,2436.6
107370.404,40,2540.4,2974.4,2510.6
107370.444,40,2482,2977.2,2573.2
107370.484,40,2458.2,2981.2,2603.6
107370.524,40,2484.4,2990.6,2578.2
107370.564,40,2535.6,2982,2516.6
107370.604,40,2620.8,2963.6,2442.8
107370.644,40,2708.6,2903.6,2368.6
107370.684,40,2791.2,2831.2,2307.6
107370.724,40,2845.6,2733,2256.4
107370.764,40,2889.8,2663.4,2223
107370.804,40,2908.6,2611.6,2198.2
107370.844,40,2922.6,2589.6,2189.6
107370.884,40,2923,2606.8,2194
107370.924,40,2899.6,2644.2,2215.6
107370.964,40,2847.8,2694.8,2238.6
107371.004,40,2773.8,2759.2,2286
107371.044,40,2685.2,2837.8,2351.2
107371.084,40,2589.8,2902,2433.2
107371.124,40,2503.2,2924.2,2516.6
107371.164,40,2442.4,2934.8,2595.8
107371.204,40,2414.6,2937,2628.4
107371.244,40,2448.4,2972.2,2605.2
107371.284,40,2520,2987.6,2535.8
107371.324,40,2635.2,2976,2442
107371.364,40,2746.4,2917,2358
107371.404,40,2848.2,2816.6,2284
107371.444,40,2910.8,2720.4,2234
107371.484,40,2938.8,2631,2202.8
107371.524,40,2948.4,2576.8,2179.4
107371.564,40,2935.2,2562.8,2176.8
107371.604,40,2922.2,2590.6,2189.6
107371.644,40,2866,2638.4,2214.8
107371.684,40,2804,2703.6,2261
107371.724,40,2734,2788.6,2315.6
107371.764,40,2661.8,2881,2380
107371.804,40,2570.4,2912.4,2456.4
107371.844,40,2502.8,2967.2,2532
107371.884,40,2463.4,2988.2,2600.4
107371.924,40,2475,3017.2,2597
107371.966,42,2538.6,3037.4,2542
107372.006,40,2635.4,3033,2466.4
107372.046,40,2747.8,2993,2390.4
107372.086,40,2854.6,2897.8,2316.2
107372.126,40,2913.6,2791.6,2263
107372.166,40,2963.4,2694.6,2225
107372.206,40,2976.6,2625.8,2196.8
107372.246,40,2974,2587.4,2175.8
107372.286,40,2945.4,2579.8,2180.4
107372.326,40,2923.4,2611.2,2197.4
107372.366,40,2874.6,2653.8,2220.8
107372.406,40,2812,2711,2260.2
107372.446,40,2737,2783,2306.4
107372.486,40,2668,2849.2,2369
107372.526,40,2598.6,2915.4,2434.4
107372.569,43,2531.8,2952.2,2503.4
107372.609,40,2503.6,2989,2554
107372.649,40,2515.6,3011.6,2548.4
107372.689,40,2574.4,3026.4,2511.4
107372.729,40,2666.8,3011.8,2439.6
107372.769,40,2768.4,2968.8,2372
107372.809,40,2866.2,2874.8,2302.6
107372.849,40,2936.6,2770.6,2248.2
107372.889,40,2963.4,2675.4,2212
107372.929,40,2973.2,2604.8,2187.8
107372.969,40,2976.6,2566.2,2173.8
107373.009,40,2961,2553.6,2173.4
107373.049,40,2937.2,2589.6,2181.4
107373.089,40,2907.4,2628.8,2206.6
107373.129,40,2839,2664.4,2231.2
107373.169,40,2782.6,2728.6,2269
107373.209,40,2724.8,2794.6,2315.8
107373.249,40,2665.2,2850.4,2365.4
107373.289,40,2625.8,2913.4,2413.8
107373.329,40,2599.8,2939.6,2441.6
107373.369,40,2618.2,2981.4,2458
107373.409,40,2645.8,3004.2,2447.6
107373.449,40,2656.4,3013.2,2443
107373.489,40,2671.2,3027.8,2449.4
107373.529,40,2665,3043.6,2455.8
107373.569,40,2649,3051.6,2474
107373.609,40,2636,3052.6,2477.6
107373.649,40,2625.8,3040.2,2481.6
107373.689,40,2609.2,3028.4,2484
107373.729,40,2598,3015.6,2487
107373.769,40,2580.6,2997,2490.4
107373.809,40,2567.8,2976.4,2489.8
107373.849,40,2551,2970.6,2501
107373.889,40,2539.4,2967.6,2507
107373.929,40,2533.8,2966.4,2510.8
107373.969,40,2534.8,2974.8,2516.2
107374.009,40,2529.2,2987.2,2525
107374.049,40,2532.6,3008.6,2537.4
107374.089,40,2524.8,3018,2548.2
107374.129,40,2525.8,3027.6,2557.4
107374.169,40,2517.4,3026.2,2561.8
107374.209,40,2513.2,3026.2,2568.4
107374.249,40,2502.8,3020.8,2574.8
107374.289,40,2493.4,3016,2584.8
107374.329,40,2484.8,3010.6,2587.4
107374.369,40,2479.8,2998.8,2589.8
107374.409,40,2469.4,2995.6,2596.4
107374.449,40,2463.2,2996.2,2605.2
107374.489,40,2458.6,2994.4,2610.6
107374.529,40,2451.4,2993.6,2621.8
107374.569,40,2447,2996.8,2627.4
107374.609,40,2442.6,3001.8,2638.2
107374.649,40,2442.6,2998,2642.8
107374.689,40,2432.2,2996.8,2652.4
107374.729,40,2424.2,2992,2654.6
107374.769,40,2419.6,2989.6,2665.2
107374.809,40,2413,2983.2,2671.8
107374.849,40,2406.6,2978.2,2675.6
107374.889,40,2399.8,2970.8,2684
107374.929,40,2395,2969,2688.2
107374.969,40,2390,2967.4,2697
107375.009,40,2386.8,2964.4,2703.4
107375.049,40,2381.2,2963.4,2717.4
107375.089,40,2374.8,2964,2726.2
107375.129,40,2368.4,2957.4,2733.2
107375.169,40,2365,2955.4,2740
107375.209,40,2358.8,2949.4,2741.8
107375.249,40,2350.4,2943.2,2746.8
107375.289,40,2349.6,2937.8,2756.8
107375.329,40,2341.2,2927,2761.8
107375.369,40,2338,2920,2767.6
107375.409,40,2334.4,2911.4,2768.6
107375.449,40,2328.8,2908.8,2779.2
107375.489,40,2323.8,2900.8,2787.4
107375.529,40,2320.4,2899.4,2793.4
107375.569,40,2314.6,2892,2800.2
107375.721,152,2299,2870.4,2823.6
107375.761,40,2291,2865.8,2832.6
107375.801,40,2285.4,2860.2,2833.4
107375.841,40,2286,2852.2,2841
107375.881,40,2279,2846.4,2847.2
107375.921,40,2278,2841.6,2857
107375.961,40,2273.8,2832.2,2861.2
107376.001,40,2267.4,2830.2,2865.4
107376.041,40,2268.4,2827.6,2874
107376.081,40,2265.6,2824.4,2876.8
107376.121,40,2275.8,2853.2,2863.6
107376.161,40,2311.8,2908,2819.8
107376.201,40,2369.2,2976,2749.2
107376.241,40,2443.8,3019.4,2649.4
107376.281,40,2527.4,3029.2,2547
107376.321,40,2608.8,2991.2,2470.2
107376.361,40,2664.4,2948,2410.6
107376.401,40,2700.4,2911.4,2372
107376.441,40,2719,2876.6,2354
107376.481,40,2702.8,2870.4,2355.8
107376.521,40,2632.2,2879,2391.2
107376.561,40,2528.2,2887.8,2463.6
107376.601,40,2425.6,2887,2576.6
107376.641,40,2356,2871.4,2677.2
107376.681,40,2386.6,2898.2,2648
107376.721,40,2497.4,2953.8,2538.2
107376.761,40,2624.6,2933.4,2426.6
107376.801,40,2746.4,2854.2,2329.6
107376.841,40,2834.4,2751,2264.2
107376.881,40,2872.2,2666.2,2221
107376.921,40,2881.6,2614,2201.8
107376.961,40,2875,2621.6,2204.2
107377.001,40,2861,2671.2,2225.8
107377.041,40,2843.6,2753.6,2264.8
107377.081,40,2757.6,2860,2332.8
107377.121,40,2636.4,2943.8,2423.8
107377.161,40,2515.6,2979.8,2537.4
107377.201,40,2519.8,2993.2,2545
107377.241,40,2666.4,3003,2440
107377.281,40,2854.4,2897.4,2314.2
107377.321,40,2974.8,2747.6,2235.4
107377.361,40,3012.6,2637.8,2192.8
107377.401,40,3017.2,2582.2,2173.8
107377.441,40,3037.2,2565.2,2163.6
107377.481,40,3041.4,2576.6,2168.8
107377.521,40,3021,2606.8,2181.4
107377.561,40,3030,2646.8,2194.8
107377.601,40,2968.2,2706.6,2222.8
107377.641,40,2907.6,2828.4,2280
107377.681,40,2759.2,2950.4,2372
107377.721,40,2580.2,3007.8,2492
107377.761,40,2542.4,2984.6,2524.2
107377.801,40,2669,2940,2407.6
107377.841,40,2817,2822,2301.6
107377.881,40,2916.6,2705.6,2227.6
107377.921,40,2923.2,2618,2199.8
107377.961,40,2882.6,2567.8,2183.8
107378.001,40,2865.6,2560.6,2184.8
107378.041,40,2867.6,2575.2,2194
107378.081,40,2844.4,2600,2202.6
107378.121,40,2847.2,2629.8,2214
107378.161,40,2844.4,2676.4,2234.8
107378.201,40,2805.8,2752.2,2273.6
107378.241,40,2699.8,2847.2,2346
107378.281,40,2556.2,2904,2457
107378.321,40,2489,2919.8,2524.2
107378.361,40,2573.6,2931.6,2462.8
107378.401,40,2702.2,2862.8,2352.2
107378.441,40,2829.6,2787.8,2277.4
107378.481,40,2864.8,2719.2,2243.8
107378.521,40,2851.4,2701,2241.4
107378.561,40,2827.6,2719,2255
107378.601,40,2808.6,2728.8,2262.2
107378.641,40,2807.2,2749.2,2270.4
107378.681,40,2800.2,2796.6,2290.2
107378.721,40,2772.4,2859.4,2326.2
107378.761,40,2684.4,2916.6,2389.6
107378.801,40,2569.8,2978.8,2489
107378.841,40,2461,2967,2593.6
107378.881,40,2474.6,2984.6,2587.4
107378.921,40,2606,3005.4,2476.2
107378.961,40,2757.8,2945.2,2369.8
107379.001,40,2874.4,2836.2,2289.2
107379.041,40,2940.8,2749.6,2240.8
107379.081,40,2945.4,2710,2228
107379.121,40,2975.2,2717.6,2228.2
107379.161,40,2955.6,2744,2236.2
107379.201,40,2958.4,2785.2,2250.6
107379.241,40,2928.4,2832.8,2276
107379.281,40,2846,2923.2,2329.2
107379.321,40,2713.8,3031.4,2424
107379.361,40,2559.2,3059,2542
107379.401,40,2522,3051,2582.6
107379.441,40,2618.4,3031.6,2479
107379.481,40,2771,2943,2358
107379.521,40,2890,2824.2,2279.6
107379.561,40,2944.6,2748.6,2240
107379.601,40,2946.8,2714.8,2229.4
107379.641,40,2930.6,2705.8,2228.4
107379.681,40,2923.6,2728.8,2239.8
107379.721,40,2913.4,2758.6,2251.6
107379.761,40,2890,2786.8,2268.8
107379.898,137,2531.4,2978.6,2519.6
107379.938,40,2508.2,2984.4,2552.4
107379.978,40,2609.6,2992.4,2465
107380.018,40,2763.2,2914.4,2349.8
107380.058,40,2876,2789.6,2264.6
107380.098,40,2943.6,2700.8,2224.6
107380.138,40,2959.2,2650.8,2206.6
107380.178,40,2980.2,2642.6,2198
107380.218,40,2984.4,2650.8,2199.6
107380.258,40,2973.2,2679.4,2215.4
107380.298,40,2951.6,2723.8,2232.2
107380.338,40,2889.2,2814.8,2274.4
107380.378,40,2763.4,2928.4,2361
107380.418,40,2631.6,3017.2,2461.2
107380.458,40,2562.8,3034.2,2523.2
107380.498,40,2616.2,3019.2,2475.2
107380.538,40,2698.6,2974.4,2403.8
107380.578,40,2780.6,2910,2339
107380.618,40,2849,2839.4,2294.8
107380.658,40,2892.8,2779,2260.2
107380.698,40,2923.8,2734.2,2239.4
107380.738,40,2937.6,2703.2,2227.8
107380.778,40,2936.2,2686,2222.2
107380.818,40,2919.4,2689.6,2223.2
107380.858,40,2936,2716,2230.6
107380.898,40,2934.2,2733.4,2238
107380.938,40,2929.2,2745.6,2247.8
107380.978,40,2927,2752.6,2248.2
107381.018,40,2911.4,2757.8,2251.6
107381.058,40,2921,2770.8,2255.2
107381.098,40,2922.2,2746.6,2243.2
107381.138,40,2932.4,2702.6,2227.6
107381.178,40,2931.2,2629.4,2201
107381.218,40,2940.6,2561,2175.6
107381.258,40,2921.8,2487,2149.6
107381.298,40,2885.8,2425.2,2130
107381.338,40,2843.8,2370.4,2111.8
107381.378,40,2792,2330.2,2100
107381.418,40,2735.8,2287.4,2090.2
107381.458,40,2695,2263.6,2081.6
107381.498,40,2660,2243.4,2078.4
107381.538,40,2657.8,2245,2078.8
107381.578,40,2695,2260.2,2082
107381.618,40,2762.8,2289.4,2088.8
107381.658,40,2846.4,2335.8,2100.2
107381.698,40,2936.6,2406.4,2121.4
107381.738,40,2998.8,2505.8,2148.6
107381.778,40,2966.8,2596.8,2190.8
107381.818,40,2878.4,2684.4,2231.6
107381.858,40,2763,2714.8,2272.2
107381.898,40,2753.2,2724.2,2280.4
107381.938,40,2799,2687.8,2249.8
107381.978,40,2844.2,2615.8,2213.8
107382.018,40,2836.4,2520.4,2174.6
107382.058,40,2838.4,2440.6,2142.4
107382.098,40,2803.8,2373,2120
107382.138,40,2748,2321,2101
107382.178,40,2706.6,2281.2,2088.4
107382.218,40,2665.2,2252.6,2080.4
107382.258,40,2646.4,2242.2,2077.4
107382.298,40,2681,2249.2,2081.2
107382.338,40,2713.8,2267.2,2082.2
107382.378,40,2725.6,2279,2086.4
107382.418,40,2744.8,2289.2,2087.8
107382.458,40,2767.6,2299,2088.4
107382.498,40,2798.6,2310.6,2097.6
107382.538,40,2835,2329.4,2100.2
107382.578,40,2875,2353.4,2106
107382.618,40,2926.2,2390.8,2114
107382.658,40,2983.2,2434.6,2131.4
107382.698,40,3006,2491,2144
107382.738,40,3018.4,2558.8,2167.6
107382.778,40,3008.2,2635,2198
107382.818,40,2958.8,2713.2,2228.4
107382.858,40,2878.2,2776.2,2267
107382.898,40,2767,2795.8,2300.2
107382.938,40,2689.4,2778.4,2325.2
107382.978,40,2724.8,2807.4,2325.6
107383.018,40,2772,2804.6,2304.8
107383.058,40,2819.8,2758.4,2271
107383.098,40,2868.6,2693.4,2239.4
107383.138,40,2900.4,2617.6,2202.2
107383.178,40,2928.8,2538,2171.6
107383.218,40,2915.6,2468.6,2142.6
107383.258,40,2895.6,2409.8,2125
107383.298,40,2843.6,2355.4,2109.2
107383.338,40,2805.8,2322.2,2098.8
107383.378,40,2757.6,2290.4,2089.2
107383.418,40,2729.8,2279.6,2086.2
107383.458,40,2713.8,2274,2083.8
107383.498,40,2714.6,2273,2087.2
107383.538,40,2730.8,2278.6,2086.8
107383.578,40,2742.4,2287.6,2093.2
107383.618,40,2779.6,2303,2092.8
107383.658,40,2811.8,2324.8,2103.4
107383.698,40,2854,2357.6,2108.8
107383.738,40,2913.8,2401.4,2122.8
107383.778,40,2966.8,2462.4,2137.6
107383.818,40,3000.8,2535.8,2164.8
107383.858,40,2998.2,2630,2200.2
107383.898,40,2948.6,2732.8,2239.6
107383.938,40,2849,2829.4,2294.4
107383.978,40,2718.2,2884.6,2359.4
107384.018,40,2605.4,2896.8,2419.6
107384.058,40,2528,2894.2,2468.4
107384.098,40,2520.6,2900.2,2484.2
107384.138,40,2551,2871,2441.6
107384.178,40,2628.6,2840.6,2378.6
107384.218,40,2733.6,2795.8,2314.6
107384.258,40,2822,2707,2250
107384.298,40,2866.8,2597.6,2198.6
107384.338,40,2874,2493.8,2156.4
107384.378,40,2848.6,2412.8,2130.8
107384.418,40,2810.4,2350.2,2108
107384.458,40,2762,2304,2094.8
107384.498,40,2714.6,2273.2,2084.4
107384.538,40,2678,2249.6,2078.6
107384.578,40,2657.4,2242.8,2075.2
107384.618,40,2688.8,2251.8,2077.6
107384.658,40,2713.6,2264.4,2079
107384.698,40,2729.2,2274.2,2081.6
107384.738,40,2740,2285,2088.4
107384.778,40,2760.4,2296.2,2089.8
107384.818,40,2775.2,2305.2,2093.2
107384.858,40,2805.8,2324.8,2101.6
107384.898,40,2834,2339.6,2102.2
107384.938,40,2864.2,2367,2111.8
107384.978,40,2894.4,2394.2,2120
107385.018,40,2914.2,2426,2130.4
107385.058,40,2937.4,2464.6,2143.4
107385.098,40,2951,2513,2160.8
107385.138,40,2948.8,2574.4,2182
107385.178,40,2920.4,2644.8,2215.8
107385.218,40,2860.6,2705.6,2243
107385.258,40,2799.8,2740,2274
107385.298,40,2768.2,2773.4,2293.8
107385.338,40,2763.8,2775.6,2301.2
107385.378,40,2789.2,2760,2284.6
107385.418,40,2805.6,2712.2,2262.4
107385.458,40,2819.8,2643.4,2230.4
107385.498,40,2850.6,2576.6,2194
107385.538,40,2871.8,2509,2167.6
107385.578,40,2847.4,2444.8,2142.4
107385.618,40,2824.4,2390,2123.6
107385.658,40,2792,2347.8,2108.8
107385.698,40,2759.4,2316.8,2100.8
107385.738,40,2736.4,2293.4,2091
107385.778,40,2715.4,2277.8,2091.4
107385.818,40,2731,2284.4,2088
107385.858,40,2760.6,2297.6,2091.6
107385.898,40,2783.2,2314.2,2093.6
107385.938,40,2805.4,2325.2,2101.2
107385.978,40,2825.8,2339.2,2106.2
107386.018,40,2849.4,2354.4,2110
107386.058,40,2868,2369.8,2113.4
107386.098,40,2887,2389.8,2121.2
107386.138,40,2904,2408.8,2122.4
107386.178,40,2903.4,2419.4,2128.2
107386.218,40,2911.4,2436,2133
107386.258,40,2903.4,2441.4,2134.2
107386.298,40,2908.6,2443.4,2136.2
107386.338,40,2907,2447,2140.4
107386.378,40,2913.8,2455.2,2143
107386.418,40,2915,2460.2,2141.4
107386.458,40,2918.6,2463.8,2145
107386.498,40,2925.4,2473.8,2152
107386.538,40,2918.2,2475.4,2149.4
107386.578,40,2914.6,2486,2155.4
107386.618,40,2901.8,2492.8,2158.4
107386.658,40,2902,2499.6,2162.8
107386.698,40,2911,2504.2,2164.4
107386.738,40,2917.2,2521.8,2166
107386.778,40,2924.8,2537.4,2171
107386.818,40,2924.4,2572.4,2183.6
107386.858,40,2930.6,2611.4,2195
107386.898,40,2939.8,2675.8,2219
107386.938,40,2923.2,2745.2,2249.4
107386.978,40,2871.8,2801.2,2278.6
107387.018,40,2807.6,2832.6,2308.2
107387.058,40,2747.6,2820.2,2322.6
107387.098,40,2704.6,2756.2,2306
107387.138,40,2773.6,2753.8,2288
107387.178,40,2825.8,2731.2,2265.8
107387.218,40,2860.2,2707.8,2244.2
107387.258,40,2871.8,2695.4,2238.6
107387.298,40,2858.2,2681.2,2235
107387.338,40,2860.2,2703,2241
107387.378,40,2861.4,2717.6,2247.6
107387.418,40,2877.6,2736.4,2250.4
107387.458,40,2887.6,2753.2,2256.2
107387.498,40,2891.4,2769.2,2259.6
107387.538,40,2896.2,2784.8,2268.6
107387.578,40,2890.6,2799.4,2273.2
107387.618,40,2866.2,2800.4,2279.6
107387.658,40,2861.8,2806.2,2282.8
107387.698,40,2841.8,2809.2,2288.6
107387.738,40,2834.4,2810,2292.6
107387.778,40,2804,2809.8,2301.2
107387.818,40,2785,2806.4,2301.2
107387.858,40,2743.6,2818.4,2320.2
107387.898,40,2735.2,2903.4,2359
107387.938,40,2674.8,3023.6,2444
107387.978,40,2558.4,3076.8,2557.2
107388.018,40,2441.8,3052,2684.4
107388.058,40,2366,2967.6,2750
107388.098,40,2359.2,2881,2683.2
107388.138,40,2412.2,2859.2,2575.2
107388.178,40,2582.6,2996,2483.6
107388.218,40,2738.6,2999.4,2394.2
107388.258,40,2817.2,2946.8,2345
107388.298,40,2809.2,2932.2,2340.8
107388.338,40,2745,2933.6,2364
107388.378,40,2688.2,2955.2,2400.8
107388.418,40,2612.4,2974.8,2449.8
107388.458,40,2536.8,3008.8,2532.4
107388.498,40,2456.2,3042.4,2650.6
107388.538,40,2415.4,2996,2669.6
107388.578,40,2498.4,3016,2572.8
107388.618,40,2588.6,2964.6,2467.4
107388.658,40,2657,2888.2,2388.4
107388.698,40,2702.8,2848.4,2343.6
107388.738,40,2719.4,2830.4,2335
107388.778,40,2725,2910.4,2365.4
107388.818,40,2690.6,3014.2,2429.6
107388.858,40,2597.8,3073,2524.4
107388.898,40,2500.6,3075,2622.4
107388.938,40,2504.2,3035,2583.6
107388.978,40,2582,2982.2,2478.6
107389.018,40,2621.2,2878.6,2402.4
107389.058,40,2659.2,2821.6,2357.4
107389.098,40,2733.8,2855,2336.4
107389.138,40,2766,2945,2360
107389.178,40,2745.4,3007.4,2397
107389.218,40,2663.8,3052.2,2465.6
107389.258,40,2549.2,3059,2553.6
107389.298,40,2458.6,2971,2595.4
107389.338,40,2452.8,2857.4,2516.6
107389.378,40,2574.8,2914.6,2447.2
107389.418,40,2746.8,2983.6,2386.8
107389.458,40,2833.8,2941.8,2339
107389.498,40,2888,2888.8,2298.8
107389.538,40,2889.6,2836.6,2279.6
107389.578,40,2857.8,2813.2,2278.8
107389.618,40,2790.8,2785.6,2289.8
107389.658,40,2735,2778,2304.4
107389.698,40,2739.2,2789.4,2306.4
107389.738,40,2764,2802.2,2308
107389.778,40,2796.8,2847.8,2312.8
107389.818,40,2813.8,2890.8,2324.2
107389.858,40,2825,2917.6,2332.4
107389.898,40,2824.2,2923.8,2334.6
107389.938,40,2817.6,2936.2,2342.6
107389.978,40,2810.4,2946.2,2348
107390.018,40,2797,2949,2357
107390.058,40,2786.2,2956.4,2363.2
107390.098,40,2762.2,2950,2369
107390.138,40,2740.2,2938.2,2371.6
107390.178,40,2702.4,2914,2379.4
107390.218,40,2677.4,2915.6,2388.6
107390.258,40,2652.2,2891,2388.6
107390.298,40,2640.8,2887,2392.6
107390.338,40,2634.6,2890.8,2402.4
107390.378,40,2626,2893,2403.8
107390.418,40,2637.8,2877,2393.8
107390.458,40,2659.2,2833.6,2358
107390.498,40,2719.2,2798.8,2321
107390.538,40,2795.6,2769.6,2285.2
107390.578,40,2823,2725.6,2257.6
107390.618,40,2871.2,2702.6,2240.8
107390.658,40,2910.2,2704.6,2230.6
107390.698,40,2934.8,2733.2,2236.8
107390.738,40,2950,2765,2247.8
107390.778,40,2950.8,2780.4,2250.8
107390.818,40,2939.4,2781.8,2255.8
107390.858,40,2934.6,2790.4,2260.2
107390.898,40,2923,2813.6,2269.6
107390.938,40,2914.6,2827.2,2273.2
107390.978,40,2907.8,2846.4,2282
107391.018,40,2876.8,2881,2304
107391.058,40,2821,2933.2,2341.4
107391.098,40,2745.6,3001.2,2397
107391.138,40,2636.2,3045.4,2482
107391.178,40,2512.6,3049.6,2581
107391.218,40,2414.8,2977,2666.2
107391.258,40,2350.4,2872.6,2673
107391.298,40,2383.8,2845.6,2601.6
107391.338,40,2496.6,2925,2517.6
107391.378,40,2655.2,2973.4,2426.6
107391.418,40,2804.4,2941.4,2349.4
107391.458,40,2899,2850.4,2287.2
107391.498,40,2959.6,2767.8,2242
107391.538,40,2985.6,2691.8,2213.6
107391.578,40,2986.2,2643.4,2199.4
107391.618,40,2975.6,2636.8,2196.6
107391.658,40,2953.6,2656.8,2207.4
107391.698,40,2951,2679.4,2214.4
107391.738,40,2935.4,2705.2,2225
107391.778,40,2935,2735.2,2238.4
107391.818,40,2930.4,2787.8,2259.4
107391.858,40,2896.4,2843.6,2285
107391.898,40,2844.2,2919.6,2329.2
107391.938,40,2766.8,2977.8,2378.2
107391.978,40,2674,3035.4,2447.6
107392.018,40,2558.2,3065,2548.4
107392.058,40,2437.6,3006.6,2652.6
107392.098,40,2347.6,2896.8,2724
107392.138,40,2321.6,2824.8,2712
107392.178,40,2365.4,2844.2,2628
107392.218,40,2487.6,2933.4,2535.4
107392.258,40,2642.6,3003.8,2450.6
107392.298,40,2790.6,2973.8,2366.8
107392.338,40,2880.8,2883.8,2300.4
107392.378,40,2944.8,2804,2256.6
107392.418,40,2982.6,2741.8,2230.6
107392.458,40,2984.8,2692.8,2217
107392.498,40,2974.8,2693.4,2216.8
107392.538,40,2950,2717.6,2227.8
107392.578,40,2935.4,2735,2240.6
107392.618,40,2920.2,2747.4,2241
107392.658,40,2918.4,2760.2,2250.8
107392.698,40,2916,2790.8,2257.4
107392.738,40,2907.2,2833.2,2279.4
107392.778,40,2873.6,2895.4,2310.6
107392.818,40,2806.6,2967.4,2363.6
107392.858,40,2711.4,3039.2,2427.6
107392.898,40,2597,3073,2522
107392.938,40,2479,3069.2,2644.8
107392.978,40,2380.4,2999.6,2762.6
107393.018,40,2314.2,2875,2772.6
107393.058,40,2314.6,2778.2,2665.4
107393.098,40,2386.2,2847.6,2595.4
107393.138,40,2526,2964.8,2512.8
107393.178,40,2691.6,3006.2,2419
107393.218,40,2823.6,2946.2,2340.6
107393.258,40,2898.4,2859.2,2288.6
107393.298,40,2956.4,2790.8,2250.4
107393.338,40,2969.4,2739,2232
107393.378,40,2973.2,2734,2229.4
107393.418,40,2933.8,2750.8,2241.6
107393.458,40,2928.6,2784,2255
107393.498,40,2921.2,2807.8,2267.6
107393.538,40,2921.6,2837.2,2277.6
107393.578,40,2912.6,2859,2283.6
107393.618,40,2899,2866.4,2291.2
107393.658,40,2894.2,2871,2296
107393.698,40,2881.2,2880.8,2303.2
107393.738,40,2865.6,2910.2,2317
107393.778,40,2828.8,2952,2343.4
107393.818,40,2755.4,3010.8,2392
107393.858,40,2659,3062.6,2469.6
107393.898,40,2525.8,3059,2570.4
107393.938,40,2416.6,2976.2,2660
107393.978,40,2346.6,2843.2,2662.8
107394.018,40,2376.2,2828.6,2605.6
107394.058,40,2495.2,2938,2524
107394.098,40,2650.2,2997.6,2441
107394.138,40,2790.8,2958.8,2354.6
107394.178,40,2897.8,2876.8,2292.6
107394.218,40,2951,2788.6,2251.2
107394.258,40,2985.4,2731.4,2228
107394.298,40,2998.8,2693.8,2212.2
107394.338,40,2995.6,2667.8,2207
107394.378,40,2998,2680.4,2207.6
107394.418,40,2994.4,2702.6,2214.6
107394.458,40,2978.6,2714.8,2222.2
107394.498,40,2951.8,2713.2,2226.4
107394.538,40,2930.2,2718.2,2232.2
107394.578,40,2916.4,2742,2243.6
107394.618,40,2904.6,2777,2257.6
107394.658,40,2882.8,2827.4,2279.6
107394.698,40,2858.8,2909.4,2318.8
107394.738,40,2795,2977.8,2367.4
107394.778,40,2705.4,3045.8,2434.4
107394.818,40,2589.2,3081.8,2529.8
107394.858,40,2476.6,3072.2,2643.8
107394.898,40,2375,2996,2755.8
107394.938,40,2304.8,2900.8,2818.6
107394.978,40,2301.8,2836,2756.6
107395.018,40,2357,2858.2,2662.2
107395.058,40,2438.8,2866.2,2543.4
107395.098,40,2578.8,2906.4,2439
107395.138,40,2744,2925,2363.6
107395.178,40,2885.6,2880.4,2300.6
107395.218,40,2944.8,2804.6,2261
107395.258,40,2974,2751.6,2237
107395.298,40,2981,2743.2,2236.2
107395.338,40,2967.2,2776.4,2246.4
107395.378,40,2947,2813.8,2265.8
107395.418,40,2932,2828.2,2272.2
107395.458,40,2925.8,2826.6,2272.2
107395.498,40,2927.6,2826.6,2272
107395.538,40,2924,2837.4,2277
107395.578,40,2916.8,2860.4,2287
107395.618,40,2888,2858.4,2294.8
107395.658,40,2852,2853.4,2302.2
107395.698,40,2823.4,2852.8,2308.6
107395.738,40,2791.4,2860.8,2320.8
107395.778,40,2752.6,2889.4,2346.8
107395.818,40,2688,2930.4,2389.2
107395.858,40,2603,2974.6,2457.8
107395.898,40,2504.8,2985.8,2546.4
107395.938,40,2415.6,2970.2,2655.2
107395.978,40,2344.4,2925,2756.6
107396.018,40,2327.6,2916.4,2789.4
107396.058,40,2375.4,2956.2,2707.6
107396.098,40,2478,3012.6,2597.2
107396.138,40,2606.4,2996.2,2472.4
107396.178,40,2743.4,2952.4,2373.6
107396.218,40,2854.8,2858.4,2302
107396.258,40,2935,2781.8,2254.2
107396.298,40,2986.8,2721.4,2222.6
107396.338,40,2995.2,2708.8,2216.2
107396.378,40,2987,2740.4,2228.6
107396.418,40,2957.4,2791.2,2253.6
107396.458,40,2909.6,2851.4,2290
107396.498,40,2848,2915,2325.2
107396.538,40,2794.4,2983,2370.6
107396.578,40,2729.8,3033.4,2422.4
107396.618,40,2660.8,3066.4,2471
107396.658,40,2583.8,3086,2541.4
107396.698,40,2485.2,3077.8,2637.8
107396.738,40,2386,3007,2741.2
107396.778,40,2322,2910.4,2797.2
107396.818,40,2333.4,2879.6,2734.6
107396.858,40,2402.8,2940.8,2653
107396.898,40,2498.6,2953.4,2536.4
107396.938,40,2623.4,2940,2435.4
107396.978,40,2737,2872.4,2350.6
107397.018,40,2823.4,2798.4,2288.6
107397.058,40,2909.4,2754.6,2249.6
107397.098,40,2972.4,2747,2235
107397.138,40,2978.2,2761.8,2240.2
107397.178,40,2953,2783,2251.8
107397.218,40,2925.4,2816.2,2269
107397.258,40,2891.2,2834.2,2283.8
107397.298,40,2865.6,2865.2,2297.8
107397.338,40,2838,2893.6,2317.8
107397.378,40,2800.2,2938.6,2347.8
107397.418,40,2741.4,2991.2,2393.6
107397.458,40,2651.4,3055.8,2468.6
107397.498,40,2533.6,3062.2,2567.4
107397.538,40,2431.2,2960.8,2626.4
107397.578,40,2405.6,2851,2580.2
107397.618,40,2485.4,2891.4,2503.6
107397.658,40,2650,2956.8,2424.6
107397.698,40,2795.8,2935,2344
107397.738,40,2906.8,2854.4,2281.8
107397.778,40,2963.4,2766,2240
107397.818,40,3001.8,2699.8,2215.4
107397.858,40,3012.6,2647.2,2196.4
107397.898,40,3015.4,2622.8,2184
107397.938,40,3021.4,2618.4,2184.4
107397.978,40,3001.8,2627.2,2189
107398.018,40,2985.6,2650,2201
107398.058,40,2969.8,2667.6,2210.4
107398.21,152,2784.6,2989.8,2375.2
107398.25,40,2663.4,3057.8,2466.4
107398.29,40,2564.2,3050.8,2531.2
107398.33,40,2531.4,2960.8,2504.8
107398.37,40,2535.6,2869.8,2450.8
107398.41,40,2647.8,2900,2397
107398.45,40,2775.8,2904.8,2339.8
107398.49,40,2890.6,2853,2288.2
107398.53,40,2955,2765.6,2246.4
107398.57,40,2988.8,2687.2,2212.6
107398.61,40,3004.4,2642,2194.6
107398.65,40,3016,2608.2,2181.4
107398.69,40,3022.6,2598.8,2181.8
107398.73,40,3012.4,2610.4,2181.2
107398.77,40,3014.4,2643.4,2195.6
107398.81,40,2993.6,2662.2,2204.6
107398.85,40,2979.4,2708,2221.6
107398.89,40,2955.6,2761.6,2247.8
107398.93,40,2905.4,2831.8,2278.2
107398.97,40,2837.8,2912.8,2328.6
107399.01,40,2743,2999.2,2394.6
107399.05,40,2630,3040.4,2478.4
107399.09,40,2526,3038.6,2558.8
107399.13,40,2441.2,2939,2594.8
107399.17,40,2409.4,2836.2,2554.6
107399.21,40,2480.6,2868.8,2498.2
107399.25,40,2596.4,2904.8,2427.8
107399.29,40,2718.2,2900.2,2365.2
107399.33,40,2804.8,2848.6,2313.2
107399.37,40,2884.4,2795,2269.6
107399.41,40,2925.4,2747.4,2240.8
107399.45,40,2966,2724,2228.6
107399.49,40,2984.2,2722.8,2221
107399.53,40,2995.6,2741.2,2231.2
107399.57,40,2989,2760.6,2237.8
107399.61,40,2971.4,2790,2250.2
107399.65,40,2961.2,2811.4,2260.2
107399.69,40,2923.8,2842,2276.4
107399.73,40,2880.2,2890.8,2305.2
107399.77,40,2802.8,2959,2353
107399.81,40,2697.8,2981.2,2406.2
107399.85,40,2594.6,2958.8,2457.6
107399.89,40,2506.8,2895.8,2486.4
107399.93,40,2491.6,2865,2490.6
107399.97,40,2555.6,2918,2462
107400.01,40,2635,2923.4,2416.6
107400.05,40,2712.4,2898.6,2362.8
107400.09,40,2788.4,2843.4,2316.6
107400.13,40,2859.2,2766.2,2267.8
107400.17,40,2910.4,2692.6,2225.2
107400.21,40,2951.4,2608.2,2190.2
107400.25,40,2963.2,2519.8,2158.2
107400.29,40,2935,2447.6,2135.6
107400.33,40,2898.4,2391,2118
107400.37,40,2836.4,2335.8,2101
107400.41,40,2791,2299,2091.4
107400.45,40,2741.8,2276.8,2083.6
107400.49,40,2714.8,2256.4,2079
107400.53,40,2697,2249.6,2078.4
107400.57,40,2706.4,2253.4,2079.6
107400.61,40,2740.4,2272.8,2081.8
107400.65,40,2774.2,2285.2,2083
107400.69,40,2820.8,2303.2,2085.8
107400.73,40,2870.2,2330.4,2096.6
107400.77,40,2910,2372.2,2111.6
107400.81,40,2969.8,2429,2125.8
107400.85,40,3008,2515.2,2154.2
107400.89,40,3019.8,2640.8,2198.4
107400.93,40,2957.6,2796,2255.8
107400.97,40,2793.4,2907,2337.4
107401.01,40,2612.8,2905,2420
107401.05,40,2497.6,2857.8,2482
107401.09,40,2540.4,2883.6,2455.4
107401.13,40,2662,2839.2,2360.8
107401.17,40,2806.2,2766.6,2277.8
107401.21,40,2883.8,2629.4,2207.8
107401.25,40,2883.8,2509.4,2166
107401.29,40,2845.4,2413.4,2134.2
107401.33,40,2781.8,2343.4,2107.4
107401.37,40,2727,2291.6,2091.2
107401.41,40,2669.8,2261.4,2082
107401.45,40,2647.4,2243.2,2075.2
107401.49,40,2686,2260.4,2080.6
107401.53,40,2717.6,2270,2084.8
107401.57,40,2737.4,2283.6,2090.4
107401.61,40,2784,2302.2,2092.4
107401.65,40,2833.8,2323,2098.4
107401.69,40,2891.6,2358.6,2106.2
107401.73,40,2951.2,2419.4,2127
107401.77,40,2999,2505,2149
107401.81,40,2984,2624.6,2195
107401.85,40,2879.8,2749.8,2256.6
107401.89,40,2723,2836.2,2337.2
107401.93,40,2582.8,2861.4,2420
107401.97,40,2515.2,2882.8,2480
107402.01,40,2535,2869.6,2452
107402.05,40,2644,2836.6,2369.2
107402.09,40,2770.8,2756.8,2282.4
107402.13,40,2866,2643.4,2218.2
107402.17,40,2885.6,2523.2,2170.2
107402.21,40,2860.2,2432,2138.6
107402.25,40,2829.2,2370.2,2116.4
107402.29,40,2787.8,2316,2097.4
107402.33,40,2739.4,2284,2088.2
107402.37,40,2702.6,2258.4,2077.4
107402.41,40,2681.2,2246.8,2072
107402.45,40,2673.6,2242.8,2073.8
107402.49,40,2701.4,2249.6,2075.8
107402.53,40,2729,2263.6,2080.2
107402.57,40,2761,2280.2,2081.2
107402.61,40,2788.4,2295.2,2088.8
107402.65,40,2836.2,2331.6,2099.2
107402.69,40,2900.8,2383.6,2118.4
107402.73,40,2981.4,2467.8,2140.8
107402.77,40,3002.4,2588,2179.2
107402.81,40,2955,2737,2233.4
107402.85,40,2825,2864.6,2314
107402.89,40,2663.8,2914.6,2397
107402.93,40,2523.4,2898.6,2479.4
107402.97,40,2479.8,2865.4,2503.4
107403.01,40,2584,2899.6,2436.8
107403.05,40,2703.8,2832.6,2340.6
107403.09,40,2829.2,2744.4,2264.8
107403.13,40,2891,2622.8,2201.6
107403.17,40,2913.2,2517.2,2168.4
107403.21,40,2913,2438,2135.2
107403.25,40,2878.4,2371.2,2110
107403.29,40,2829.4,2323.8,2098.4
107403.33,40,2763.6,2285.6,2085.2
107403.37,40,2723.6,2262.6,2078.8
107403.41,40,2709.6,2260,2078.6
107403.45,40,2752.2,2272.8,2084
107403.49,40,2796.6,2296.8,2088.2
107403.53,40,2840.8,2327.4,2097.4
107403.57,40,2892.4,2361,2105.6
107403.61,40,2945.2,2405.4,2118.4
107403.65,40,2986.6,2461.8,2138.8
107403.69,40,3014.8,2536.2,2159.6
107403.73,40,3008,2628.8,2192.6
107403.77,40,2973.4,2758.6,2242
107403.81,40,2852.2,2881.2,2312
107403.85,40,2684,2918.8,2390.8
107403.89,40,2536.4,2857.4,2444.8
107403.93,40,2603,2904.8,2426.6
107403.97,40,2746.6,2838,2328.8
107404.01,40,2864.6,2719.4,2246.8
107404.05,40,2918.8,2593.4,2191
107404.09,40,2918.6,2489.8,2155
107404.13,40,2872.2,2409,2127.6
107404.17,40,2829.4,2352.2,2106
107404.21,40,2783.6,2310.8,2093.8
107404.25,40,2739,2278.2,2085.2
107404.29,40,2713.8,2268.2,2084.6
107404.33,40,2732.6,2271.6,2086
107404.37,40,2774.8,2288.6,2085.8
107404.41,40,2821.4,2313.6,2089.4
107404.45,40,2869,2346,2100.4
107404.49,40,2929.6,2387,2114
107404.53,40,2982.2,2449.2,2133.6
107404.57,40,3013.6,2522.4,2158
107404.61,40,3021.4,2623.6,2188.8
107404.65,40,2979.2,2755.6,2245
107404.69,40,2836.8,2869.6,2313.6
107404.73,40,2648.8,2890.4,2393.4
107404.77,40,2520.6,2868.4,2461.6
107404.81,40,2566.4,2916.6,2460.6
107404.85,40,2677,2896.4,2385.6
107404.89,40,2787,2824.2,2309
107404.93,40,2870.8,2727.8,2251.8
107404.97,40,2895,2620.4,2204.8
107405.01,40,2912.6,2536.2,2173.2
107405.05,40,2907.8,2470.6,2143.4
107405.09,40,2886.4,2414.6,2130.4
107405.13,40,2872.2,2375.8,2115.8
107405.17,40,2846.8,2350.6,2105.8
107405.21,40,2839.6,2331.6,2098.6
107405.25,40,2845.2,2332,2101.2
107405.29,40,2874.6,2351.6,2105
107405.33,40,2905,2371,2111.4
107405.37,40,2930.8,2402.6,2116.2
107405.41,40,2964,2431.4,2131.4
107405.45,40,2991,2477.2,2141.8
107405.49,40,3007.4,2532.8,2158
107405.53,40,3006.6,2609.2,2190
107405.57,40,2966.8,2706,2227.6
107405.61,40,2885.6,2802.4,2277.4
107405.65,40,2750,2846,2330
107405.69,40,2616.8,2840.8,2384.4
107405.73,40,2597.6,2857.4,2406.4
107405.77,40,2620.2,2839,2384.6
107405.81,40,2649,2813,2355.2
107405.85,40,2694,2807.6,2333.4
107405.89,40,2717.6,2796.6,2319.8
107405.93,40,2719.6,2785.8,2316.6
107405.97,40,2720,2797.8,2319.2
107406.01,40,2720.4,2816,2329.6
107406.05,40,2721.8,2827.2,2333.6
107406.09,40,2738,2854.4,2335.2
107406.13,40,2753,2889.2,2348.6
107406.17,40,2769,2924.8,2353.4
107406.21,40,2792.8,2952.2,2358.4
107406.25,40,2787.2,2958.4,2362
107406.29,40,2786.2,2962.8,2366.2
107406.33,40,2776.4,2971.8,2372.2
107406.37,40,2770.2,2971.8,2375.2
107406.41,40,2758.6,2975.4,2379.6
107406.45,40,2743.4,2975.8,2389.2
107406.49,40,2726,2944.4,2380.8
107406.53,40,2724.8,2902.8,2360
107406.57,40,2725.8,2836,2333.6
107406.61,40,2731.8,2791.6,2307.8
107406.65,40,2771.8,2772.6,2292.6
107406.69,40,2811.2,2779.6,2285
107406.73,40,2862.4,2838.8,2292.2
107406.77,40,2862.6,2890.8,2315.2
107406.81,40,2815.6,2945.8,2350.6
107406.85,40,2727.6,2999.4,2408.8
107406.89,40,2597.2,3055.2,2505.4
107406.93,40,2451.6,2985.2,2613.2
107406.97,40,2342.2,2845.6,2678.2
107407.01,40,2349.2,2835.2,2666
107407.05,40,2450.8,2927.2,2576
107407.09,40,2598,2985.8,2466.2
107407.13,40,2775.4,2942.2,2361.6
107407.17,40,2889,2842.2,2284.2
107407.21,40,2945.8,2765,2248.8
107407.25,40,2972,2738,2233
107407.29,40,2961.2,2744.2,2236.2
107407.33,40,2951.6,2774.2,2247.4
107407.37,40,2920.2,2809.6,2263.2
107407.41,40,2882.2,2875.6,2302
107407.45,40,2802.8,2960,2357.2
107407.49,40,2699.4,3032.2,2432.2
107407.53,40,2594.2,3064.8,2521.2
107407.57,40,2516.2,3067,2591.4
107407.61,40,2480.6,2982.8,2575.4
107407.65,40,2482.2,2904.4,2523
107407.69,40,2541.4,2893.2,2463.4
107407.73,40,2663.2,2937,2407.6
107407.77,40,2775.2,2952,2358.6
107407.81,40,2838,2914.6,2327.2
107407.85,40,2860.8,2890,2309.2
107407.89,40,2872.2,2876.4,2304.8
107407.93,40,2864,2888.2,2311.4
107407.97,40,2818.8,2905.4,2326.6
107408.01,40,2784.4,2906.2,2340.8
107408.05,40,2764.8,2921.8,2355
107408.09,40,2749.2,2961.8,2374.6
107408.13,40,2720.2,3009.8,2409
107408.17,40,2668.4,3036.8,2449.6
107408.21,40,2628.8,3051.6,2487.2
107408.25,40,2610.6,3052.4,2493.8
107408.29,40,2614,3021.6,2479.4
107408.33,40,2616.2,2967.8,2443.8
107408.37,40,2620.4,2902,2412.6
107408.41,40,2636.6,2890,2399.2
107408.45,40,2638.8,2843.2,2373
107408.49,40,2692.6,2838.4,2348.6
107408.53,40,2746.4,2833.2,2322.4
107408.57,40,2797.4,2836.4,2308.8
107408.61,40,2849.8,2846.2,2293
107408.65,40,2892.2,2851,2290.6
107408.69,40,2898.4,2859.8,2292
107408.73,40,2880.4,2875.8,2302.4
107408.77,40,2860.4,2894.8,2315.4
107408.81,40,2841.6,2910.2,2324.4
107408.85,40,2817.6,2935.6,2339
107408.89,40,2787,2972.2,2371.2
107408.93,40,2711.4,3012.4,2412.6
107408.97,40,2627.4,3048.6,2477.6
107409.01,40,2527.6,3054.8,2564.4
107409.05,40,2430,3016.6,2668.8
107409.09,40,2360,2948.6,2734.4
107409.13,40,2349.6,2882,2698.2
107409.17,40,2380,2868,2638.4
107409.21,40,2450.6,2899,2555
107409.25,40,2572.4,2968.4,2481
107409.29,40,2679.4,2975,2410.4
107409.33,40,2793.4,2963,2357
107409.482,152,2918.4,2835.2,2274
107409.522,40,2909,2841,2279
107409.562,40,2873.6,2850.2,2290
107409.602,40,2840.4,2847,2299.6
107409.642,40,2787.2,2823,2309.6
107409.682,40,2744.4,2826,2321.6
107409.722,40,2697.2,2855,2355.6
107409.762,40,2642.4,2910.2,2405.2
107409.802,40,2574.4,2989.8,2489.4
107409.842,40,2491.6,3034.4,2593.4
107409.882,40,2417,3032.2,2712.8
107409.922,40,2366,2988.4,2774.6
107409.962,40,2369.4,2969.4,2737.2
107410.002,40,2420.6,2943,2626.8
107410.042,40,2481.2,2880.2,2504.6
107410.082,40,2648,2909,2400.6
107410.122,40,2817.6,2875,2314
107410.162,40,2942.6,2783,2252.2
107410.202,40,2984.8,2707.2,2220.6
107410.242,40,2993.4,2680.6,2206.8
107410.282,40,2986.4,2706,2216.6
107410.322,40,2953.6,2755.6,2242.6
107410.362,40,2900.2,2819.8,2277.2
107410.402,40,2822.8,2888.4,2321
107410.442,40,2737.2,2993.4,2396.2
107410.482,40,2616.6,3072.2,2502
107410.522,40,2471.6,3053.6,2640
107410.562,40,2363.6,2968.8,2776.8
107410.602,40,2299,2887.6,2854.6
107410.642,40,2301,2843.8,2772
107410.682,40,2351,2851.8,2668.8
107410.722,40,2452.6,2904.4,2553.4
107410.762,40,2638.2,2959.6,2428.2
107410.802,40,2834.4,2908.8,2324
107410.842,40,2950.4,2768.8,2246.8
107410.882,40,2994.2,2638,2193.8
107410.922,40,2994.2,2550.6,2165.8
107410.962,40,2987,2516.6,2154
107411.002,40,2991.6,2522.2,2156.6
107411.042,40,3001,2565.8,2171.4
107411.082,40,3015,2614.2,2185.8
107411.122,40,2999,2685.2,2212
107411.162,40,2948,2778.2,2252.6
107411.202,40,2855.2,2888.2,2315.2
107411.242,40,2727.4,3000.8,2406.2
107411.282,40,2570.6,3064.6,2535.4
107411.322,40,2421,3031.2,2699.6
107411.362,40,2307.2,2891.2,2828.2
107411.402,40,2240.8,2735,2837
107411.442,40,2241.6,2692.4,2780.6
107411.482,40,2314.2,2827.2,2724
107411.522,40,2455,2953.6,2596.8
107411.562,40,2632.4,3006.6,2457.2
107411.602,40,2800.4,2915.6,2337.4
107411.642,40,2915.4,2789.4,2259.6
107411.682,40,2988.2,2686,2212.8
107411.722,40,3013.4,2618,2185.8
107411.762,40,3014.8,2578.4,2174.4
107411.802,40,3010,2581,2177.4
107411.842,40,3006,2616.6,2186.4
107411.882,40,2987.2,2658.6,2204.4
107411.922,40,2970.2,2730,2230.2
107411.962,40,2894.8,2833.8,2284.2
107412.002,40,2773.6,2961.6,2372.2
107412.042,40,2601.4,3027.6,2492
107412.082,40,2428.6,2971.8,2633.4
107412.122,40,2305,2836.2,2759.6
107412.162,40,2242.8,2700.6,2790.6
107412.202,40,2279.8,2785,2778.8
107412.242,40,2386.2,2931,2681.6
107412.282,40,2515.2,2959.6,2522.8
107412.322,40,2669.2,2926.6,2398.4
107412.362,40,2785.8,2827.8,2310.6
107412.402,40,2884,2750.8,2253.4
107412.442,40,2949.4,2682.4,2216.8
107412.482,40,2998.4,2662,2204.4
107412.522,40,3004.6,2675.2,2206.8
107412.562,40,2992,2706.6,2218.8
107412.602,40,2966.8,2752,2239.2
107412.642,40,2929.4,2807.2,2266.8
107412.682,40,2855.6,2892.4,2316.2
107412.722,40,2752.8,2976.2,2384.6
107412.762,40,2629.4,3060.4,2488.2
107412.802,40,2504.6,3066.8,2611.2
107412.842,40,2398.8,3018.6,2732.8
107412.882,40,2326.6,2939.8,2825.8
107412.922,40,2281,2847.4,2842.4
107412.962,40,2284.6,2799.8,2782.6
107413.002,40,2303,2780.2,2706.8
107413.042,40,2383.4,2893,2646.8
107413.082,40,2501.6,2974.6,2538
107413.122,40,2667.4,2990.8,2425.4
107413.162,40,2831.6,2889,2315.8
107413.202,40,2961.2,2744.2,2240.6
107413.242,40,3000.8,2597,2181.4
107413.282,40,2980,2478.6,2141.6
107413.322,40,2925,2398,2118
107413.362,40,2834.2,2336.2,2103.8
107413.402,40,2779.8,2300.8,2090.8
107413.442,40,2725.8,2271.2,2086
107413.482,40,2692.2,2259.4,2078
107413.522,40,2701.8,2260.2,2081.2
107413.562,40,2761.2,2282,2085.8
107413.602,40,2825.4,2310,2092.8
107413.642,40,2883,2348,2103
107413.682,40,2941,2401.6,2121.4
107413.722,40,3003.8,2475,2140.2
107413.762,40,3027.4,2571,2168.6
107413.802,40,3004.2,2680.6,2210.8
107413.842,40,2948.2,2808.8,2264.4
107413.882,40,2835.4,2908.4,2327.2
107413.922,40,2681.4,2916.2,2387.6
107413.962,40,2566.8,2849,2422.6
107414.002,40,2629.6,2861.4,2388
107414.042,40,2768.8,2803.4,2305.2
107414.082,40,2919.8,2710.6,2236.6
107414.122,40,2965,2579.4,2177.8
107414.162,40,2969.2,2478.4,2142.8
107414.202,40,2905.4,2398.2,2120.2
107414.242,40,2867.4,2341.6,2099.6
107414.282,40,2798.8,2297,2092
107414.322,40,2748.8,2273,2084.4
107414.362,40,2711.2,2256.6,2077.2
107414.402,40,2694.2,2248.6,2074.2
107414.442,40,2702.2,2252.2,2078.8
107414.482,40,2724.2,2260.2,2080.4
107414.522,40,2742.8,2262.6,2083.2
107414.562,40,2752.6,2271.2,2082.6
107414.602,40,2760.2,2276,2084.4
107414.642,40,2778,2280.8,2084
107414.682,40,2788.4,2283.6,2082
107414.722,40,2792.2,2291.8,2087.4
107414.762,40,2807.8,2299.6,2093.4
107414.802,40,2819.4,2307.6,2088.4
107414.842,40,2835.8,2314.6,2097.2
107414.882,40,2837.4,2318,2101
107414.922,40,2851.6,2321.2,2099
107414.962,40,2853.6,2332,2097.4
107415.002,40,2850.6,2340.2,2102.4
107415.042,40,2855.8,2346.8,2106
107415.082,40,2863.8,2351.6,2103.2
107415.122,40,2873.4,2360.2,2106.8
107415.162,40,2880.8,2367.6,2112.8
107415.202,40,2889.6,2374.8,2108.6
107415.242,40,2895.6,2380.2,2114.2
107415.282,40,2907.6,2389,2118
107415.322,40,2916,2397.2,2120.6
107415.362,40,2925.8,2399,2119.6
107415.402,40,2934.8,2410.8,2122.8
107415.442,40,2943.4,2416,2123.8
107415.482,40,2954.2,2426.4,2125.8
107415.522,40,2957.2,2433.2,2130.4
107415.562,40,2958.8,2442.8,2130.8
107415.602,40,2967,2449.6,2134.4
107415.642,40,2970.6,2457.4,2135
107415.682,40,2973,2465.8,2140.2
107415.722,40,2977.4,2474.6,2145.2
107415.762,40,2990.8,2485,2147.2
107415.802,40,3002.6,2493.8,2147
107415.842,40,3004.2,2502,2152.4
107415.882,40,3014.4,2513.6,2152.4
107415.922,40,3016.8,2524.8,2156.2
107415.962,40,3014,2531.4,2158.8
107416.002,40,3012.6,2539.6,2165.6
107416.042,40,3010.8,2548.4,2162
107416.082,40,3004,2560.8,2168.4
107416.122,40,3004.2,2568.2,2172.6
107416.162,40,2992.8,2575,2180
107416.202,40,2973.2,2585.4,2182.6
107416.242,40,2958.8,2587,2189.6
107416.282,40,2945.6,2596.2,2191.2
107416.322,40,2938.6,2599.4,2191.8
107416.362,40,2937.4,2610.4,2200
107416.402,40,2941.2,2623,2201.8
107416.442,40,2945,2633.8,2202.8
107416.482,40,2952.8,2648,2205.8
107416.522,40,2961.6,2659.2,2210.6
107416.562,40,2965,2673.8,2213.6
107416.602,40,2967.6,2684.4,2217.2
107416.642,40,2963.6,2692,2224.2
107416.682,40,2958.2,2705.4,2223.4
107416.722,40,2945,2715.2,2232
107416.762,40,2940.2,2722.4,2235.2
107416.802,40,2934,2733,2237
107416.842,40,2923.8,2734.8,2244.8
107416.882,40,2918.8,2748.2,2251.6
107416.922,40,2911.4,2758.6,2253.4
107416.962,40,2913.6,2769.4,2257.2
107417.002,40,2905.8,2780.6,2265.2
107417.042,40,2900,2788.4,2267.6
107417.082,40,2897.4,2800.2,2273.8
107417.122,40,2881.4,2807.8,2277
107417.162,40,2877,2814.8,2278.4
107417.202,40,2867.4,2819.8,2289.8
107417.242,40,2856.8,2827.4,2294.6
107417.282,40,2845.2,2832.8,2294.2
107417.322,40,2841.4,2837.8,2301.2
107417.362,40,2834,2849.8,2305.6
107417.402,40,2823.2,2858.8,2310.2
107417.442,40,2818.6,2864.8,2313.4
107417.482,40,2808,2862.2,2318.6
107417.522,40,2791.2,2842.8,2316.4
107417.562,40,2779.8,2794.8,2297.6
107417.602,40,2799,2756,2273.8
107417.642,40,2840,2692.8,2244.6
107417.682,40,2892.8,2611.8,2205.4
107417.722,40,2916.4,2527,2165.8
107417.762,40,2924.6,2438,2134.8
107417.802,40,2882.2,2365.2,2109.4
107417.842,40,2820.6,2313.2,2096.4
107417.882,40,2741.6,2275.6,2081.6
107417.922,40,2684.4,2244,2075.6
107417.962,40,2694,2245.4,2077.6
107418.002,40,2722.4,2262.8,2078.6
107418.042,40,2777.2,2286.4,2086.8
107418.082,40,2846.4,2336.8,2104.2
107418.122,40,2939,2424.2,2126.2
107418.162,40,2988.6,2542.8,2166
107418.202,40,2925.6,2684,2226
107418.242,40,2781.4,2788,2299.2
107418.282,40,2621.6,2811.8,2372.2
107418.322,40,2604,2832.6,2387.2
107418.362,40,2674.2,2805.6,2340.8
107418.402,40,2710.4,2733.4,2292.8
107418.442,40,2778.6,2693,2257.6
107418.482,40,2831.4,2660.2,2228.8
107418.522,40,2865.6,2638.4,2219.2
107418.562,40,2892.8,2635.8,2211.6
107418.602,40,2924,2655.8,2211.8
107418.642,40,2945.8,2681.6,2220.8
107418.682,40,2968,2694,2218
107418.722,40,2978.6,2710.2,2224.8
107418.762,40,2976.6,2725.2,2228.6
107418.802,40,2979,2734,2229.2
107418.842,40,2976,2740.2,2235.4
107418.882,40,2962.6,2747.6,2237
107418.922,40,2946.4,2758.8,2249.2
107418.962,40,2941.8,2766,2253.8
107419.002,40,2904,2760,2255.6
107419.042,40,2895.6,2760.6,2254.8
107419.082,40,2879.8,2762.6,2262.6
107419.122,40,2870.8,2765.6,2265.8
107419.162,40,2854.6,2767.4,2267.2
107419.202,40,2841,2770.6,2273
107419.242,40,2836.2,2786.6,2280.2
107419.282,40,2839.4,2795.4,2284.8
107419.322,40,2842.4,2816.4,2291.2
107419.362,40,2846.8,2835,2291.6
107419.402,40,2846.6,2848.8,2298
107419.442,40,2849.6,2863.2,2309.6
107419.482,40,2845,2875.4,2312.2
107419.522,40,2835.8,2886.2,2316.6
107419.562,40,2825,2886.4,2319.2
107419.602,40,2812.4,2891.8,2328.6
107419.642,40,2798,2898,2334.2
107419.682,40,2784.6,2893,2338.4
107419.722,40,2775.6,2896,2341.2
107419.762,40,2766.2,2910.2,2348.8
