84591.403,40,2479.6,2851.8,2446.6
84591.443,40,2481.2,2852.4,2447.6
84591.483,40,2486.6,2853.4,2447.2
84591.523,40,2481.4,2854,2448.4
84591.563,40,2486.2,2856.2,2442.6
84591.603,40,2484.8,2852,2445.6
84591.643,40,2480.2,2852.8,2446.8
84591.683,40,2480.6,2851.4,2446.2
84591.723,40,2477.2,2852.8,2447
84591.763,40,2480,2853.4,2448.6
84591.803,40,2477,2854.4,2442.4
84591.843,40,2480,2858.6,2447
84591.883,40,2482.2,2851.6,2444.4
84591.923,40,2488.2,2849.8,2446.4
84591.963,40,2490.4,2852,2435.6
84592.003,40,2508.6,2849.6,2417.8
84592.043,40,2535,2838.8,2398.6
84592.083,40,2574.2,2822.8,2367.4
84592.123,40,2611,2801.4,2337.2
84592.163,40,2627.6,2783.2,2319.4
84592.203,40,2642,2778.2,2310.8
84592.243,40,2633.6,2781.4,2319.4
84592.283,40,2614.2,2795.2,2333.2
84592.323,40,2599.4,2806,2346
84592.363,40,2571.6,2823.4,2363.8
84592.403,40,2528,2840.8,2403
84592.443,40,2468.6,2856,2461.2
84592.483,40,2392.4,2850.4,2532
84592.523,40,2327.2,2816.2,2613.6
84592.563,40,2304.4,2800,2648.6
84592.603,40,2360.6,2837.8,2572.4
84592.643,40,2462.8,2855.4,2468
84592.683,40,2583.8,2817.6,2355
84592.723,40,2703.8,2718.4,2267.6
84592.763,40,2782.4,2587,2196.6
84592.803,40,2808.2,2465.6,2147.4
84592.843,40,2774.4,2371.8,2113.8
84592.883,40,2708,2299.8,2096.4
84592.923,40,2634.2,2250,2078.8
84592.963,40,2574.6,2216.2,2076
84593.003,40,2574.6,2214.6,2074.6
84593.043,40,2592.6,2225.4,2077
84593.083,40,2615.2,2238.2,2076
84593.123,40,2647.6,2258,2080.4
84593.163,40,2690.6,2286.4,2092.2
84593.203,40,2743.2,2338.2,2107.4
84593.243,40,2793.2,2411,2133.4
84593.283,40,2807.8,2518.6,2170.8
84593.323,40,2748.4,2645.6,2226.6
84593.363,40,2653.6,2769.8,2312.4
84593.403,40,2546,2837.8,2391
84593.443,40,2479.4,2852.2,2449.2
84593.483,40,2519.6,2841.6,2409.4
84593.523,40,2617,2801.8,2342.6
84593.563,40,2705,2714,2266
84593.603,40,2777,2607.2,2205.6
84593.643,40,2801.6,2502.8,2161.2
84593.683,40,2792.2,2408,2129.2
84593.723,40,2744.8,2338.8,2104.6
84593.763,40,2686.8,2286,2087.8
84593.803,40,2634.8,2248.2,2078.8
84593.843,40,2599.2,2229.6,2074.6
84593.883,40,2573.6,2217,2072.8
84593.923,40,2572,2213.2,2070
84593.963,40,2583.4,2229.6,2067.8
84594.003,40,2609.6,2237.6,2067.4
84594.043,40,2633.6,2251,2079.4
84594.083,40,2670,2275.6,2089.4
84594.123,40,2716.6,2307.6,2097
84594.163,40,2766.8,2366.2,2116.6
84594.203,40,2807.8,2454.4,2147
84594.243,40,2790.6,2575.6,2196
84594.283,40,2710.8,2708.4,2266.6
84594.323,40,2603.2,2809.2,2349.4
84594.363,40,2488.8,2849.2,2439.2
84594.403,40,2473.4,2851,2452.6
84594.443,40,2552,2830.8,2384
84594.483,40,2659.6,2756.8,2300.4
84594.523,40,2757,2651,2229.2
84594.563,40,2802.6,2533,2179.2
84594.603,40,2799.8,2428,2135.2
84594.643,40,2746.4,2344.8,2108.2
84594.683,40,2678.6,2282.4,2089.8
84594.723,40,2611.6,2237.8,2077.4
84594.763,40,2564,2213.2,2070.8
84594.803,40,2583,2218.6,2075.6
84594.843,40,2617.2,2237.2,2079.2
84594.883,40,2652.2,2262.4,2081.6
84594.923,40,2693.2,2289.6,2093.4
84594.963,40,2748,2338.4,2105.4
84595.003,40,2788.6,2409.6,2132.2
84595.043,40,2805.2,2509.8,2168.2
84595.083,40,2758.2,2637,2226.2
84595.123,40,2663.4,2756.8,2298.4
84595.163,40,2539.8,2835.6,2391.4
84595.203,40,2479,2856.4,2446.8
84595.243,40,2503.8,2851.6,2427.6
84595.283,40,2573,2821.8,2370.6
84595.323,40,2642.4,2775,2309.6
84595.363,40,2696.4,2729.2,2276.6
84595.403,40,2729,2689.4,2252.8
84595.443,40,2755.6,2645.4,2229.4
84595.483,40,2775,2613.4,2205
84595.523,40,2785,2589.8,2202.8
84595.563,40,2780.2,2598.8,2202
84595.603,40,2772.8,2615,2211.4
84595.643,40,2757.4,2646.4,2224.4
84595.683,40,2723.2,2697.4,2253.4
84595.723,40,2647.6,2774,2309
84595.763,40,2540.4,2830,2391.2
84595.803,40,2420.2,2849.4,2504.2
84595.843,40,2311,2800.6,2639.4
84595.883,40,2224.2,2699.8,2758.4
84595.923,40,2191.2,2635.4,2788.6
84595.963,40,2215.4,2681,2760.6
84596.003,40,2269,2761.4,2695.8
84596.043,40,2355.4,2835,2583.4
84596.083,40,2464.6,2856.4,2462
84596.123,40,2575.8,2822,2367.2
84596.163,40,2656,2763.6,2297.8
84596.203,40,2712.2,2717.8,2265.6
84596.243,40,2720.4,2696.4,2249.4
84596.283,40,2705.8,2713.8,2263
84596.323,40,2670,2753.4,2294
84596.363,40,2631.2,2788.2,2320.6
84596.403,40,2561.4,2826,2373.2
84596.443,40,2475,2855.8,2454.6
84596.483,40,2383.4,2843.6,2549.4
84596.523,40,2319.8,2808.6,2624.4
84596.563,40,2336,2815.8,2605.4
84596.603,40,2403.4,2850.8,2530.8
84596.643,40,2471.6,2855.2,2450
84596.683,40,2551.8,2837.6,2390.4
84596.723,40,2599.2,2805.8,2344.6
84596.763,40,2640.2,2780.8,2315.4
84596.803,40,2667.8,2754.4,2290.8
84596.843,40,2676,2748,2287.8
84596.883,40,2669.4,2754.2,2293.4
84596.923,40,2651,2763.6,2303.6
84596.963,40,2648,2775.6,2308.6
84597.003,40,2644,2774.6,2313.6
84597.043,40,2633.6,2778.4,2317.6
84597.083,40,2630.8,2784.4,2320.8
84597.123,40,2617.2,2787.6,2325.8
84597.163,40,2614.2,2800.4,2333
84597.203,40,2607.4,2801.2,2343.8
84597.243,40,2597.4,2809.8,2349.2
84597.283,40,2589.6,2810.8,2349.4
84597.323,40,2579.6,2822.2,2367.8
84597.363,40,2558,2828.2,2375.4
84597.403,40,2526.2,2841.4,2404.8
84597.443,40,2472,2855,2451.6
84597.483,40,2411,2852.6,2522.4
84597.523,40,2349.8,2831,2588.6
84597.563,40,2328,2813.6,2611.8
84597.603,40,2386.4,2846.6,2545
84597.643,40,2488,2848.6,2436.2
84597.683,40,2619.8,2791.6,2327.8
84597.723,40,2737.6,2671.8,2240.4
84597.763,40,2801.8,2536,2174.8
84597.803,40,2794.4,2418.4,2132.2
84597.843,40,2742.4,2336.2,2110.4
84597.883,40,2682.8,2281,2091
84597.923,40,2624,2246.6,2079.2
84597.963,40,2591.6,2227.6,2073.6
84598.003,40,2575.2,2220.4,2070
84598.043,40,2599.8,2230.4,2072
84598.083,40,2628.8,2250.8,2077.8
84598.123,40,2681.4,2279.4,2087.8
84598.163,40,2735.4,2321.4,2102
84598.203,40,2783.8,2391.6,2122.8
84598.243,40,2805.2,2484.6,2158.2
84598.283,40,2777.2,2605.2,2208.8
84598.323,40,2693.2,2724.2,2277.4
84598.363,40,2599.8,2802.2,2349
84598.403,40,2525.2,2838.6,2409
84598.443,40,2514.8,2842.6,2413.8
84598.483,40,2567.4,2825.8,2371.4
84598.523,40,2632.4,2789,2327.8
84598.563,40,2683.8,2746.4,2284.8
84598.603,40,2718,2699.8,2255.4
84598.643,40,2744.2,2660.2,2233.6
84598.683,40,2753.8,2648,2224.8
84598.723,40,2756,2645.4,2222.4
84598.763,40,2752.4,2655,2231.4
84598.803,40,2740,2672,2241
84598.843,40,2731.4,2686.2,2243.6
84598.883,40,2722.2,2688.4,2253.2
84598.923,40,2714.6,2705,2257.2
84598.963,40,2699.8,2719,2270.4
84599.003,40,2687.6,2732.8,2279.6
84599.043,40,2663.2,2749.4,2298
84599.083,40,2628.4,2777.8,2318.4
84599.123,40,2585.6,2820,2361.2
84599.163,40,2513.2,2845.4,2414
84599.203,40,2437.2,2858,2488.8
84599.243,40,2356,2831.6,2581.2
84599.283,40,2292,2782.4,2662
84599.323,40,2274.8,2767.8,2679
84599.363,40,2329.8,2819.4,2612.8
84599.403,40,2426,2855,2501.6
84599.443,40,2539.6,2837.4,2391.8
84599.483,40,2643.4,2776.6,2307.2
84599.523,40,2720.2,2701,2254
84599.563,40,2751.4,2653.6,2229.2
84599.603,40,2754.2,2651.8,2234.2
84599.643,40,2723.8,2694.4,2254
84599.683,40,2681.2,2748.4,2286
84599.723,40,2612,2797.6,2335.4
84599.763,40,2512.8,2846.4,2412.4
84599.803,40,2403,2852,2524
84599.843,40,2305,2796.2,2643.6
84599.883,40,2246.6,2730,2720.6
84599.923,40,2276.2,2765.2,2676.4
84599.963,40,2361.8,2838.2,2576.6
84600.003,40,2480.2,2850,2444.4
84600.043,40,2618,2794.8,2329
84600.083,40,2726.4,2691.8,2251.6
84600.123,40,2783.2,2597,2199.2
84600.163,40,2802.4,2536.4,2176.8
84600.203,40,2806.2,2530,2170.2
84600.243,40,2796.4,2548,2183.8
84600.283,40,2790.6,2576.6,2193.2
84600.323,40,2764.6,2625.6,2216.6
84600.363,40,2723.4,2689.8,2254.6
84600.403,40,2647.2,2775,2312
84600.443,40,2540.2,2838.6,2393.2
84600.483,40,2426.4,2854.4,2500
84600.523,40,2340.8,2825.6,2601
84600.563,40,2348.6,2826.2,2586.2
84600.603,40,2420.6,2854.6,2509.4
84600.643,40,2499.2,2853.8,2424.4
84600.683,40,2578.2,2818.2,2361.8
84600.723,40,2642.8,2778,2309.8
84600.763,40,2687,2738,2278
84600.803,40,2712,2710.4,2262.2
84600.843,40,2717.8,2704.8,2254.6
84600.883,40,2699.6,2722.6,2263
84600.923,40,2690,2729.2,2278
84600.963,40,2678.8,2742.2,2282.4
84601.003,40,2669.8,2751.6,2288.8
84601.043,40,2658,2763.8,2299.6
84601.083,40,2650.8,2763.6,2304.8
84601.123,40,2640.8,2775.8,2314.6
84601.163,40,2633.2,2790,2326.8
84601.203,40,2602.2,2805,2345
84601.243,40,2560.4,2824.6,2375.4
84601.283,40,2497,2848.2,2435
84601.323,40,2414.4,2856.8,2515.6
84601.363,40,2332.8,2823.8,2603.2
84601.403,40,2293,2775.6,2670.8
84601.443,40,2311.4,2800.4,2638.2
84601.483,40,2374.6,2845.8,2553.8
84601.523,40,2458.6,2853.6,2463.4
84601.563,40,2548.4,2833,2383.8
84601.603,40,2621.4,2790.8,2325
84601.643,40,2671.4,2748.8,2286.2
84601.683,40,2711,2707.6,2257.8
84601.723,40,2724.2,2689.8,2249.8
84601.763,40,2723.4,2694,2245.4
84601.803,40,2707.6,2704.2,2260.8
84601.843,40,2698,2720.4,2269.4
84601.883,40,2699.6,2724.8,2269.2
84601.923,40,2691.6,2730.4,2272.4
84601.963,40,2684.8,2742,2280
84602.003,40,2676.8,2743.8,2288
84602.043,40,2670,2753.2,2289.2
84602.083,40,2661.2,2758.2,2300.6
84602.123,40,2655.6,2765.6,2306.2
84602.163,40,2642.6,2773.6,2314.6
84602.203,40,2628.8,2785.4,2326.4
84602.243,40,2593.6,2807.4,2345.4
84602.283,40,2540.8,2837,2395.6
84602.323,40,2459.8,2857.8,2459.6
84602.363,40,2383.8,2842.6,2546.2
84602.403,40,2328.4,2811,2624.2
84602.443,40,2330,2814.8,2612.8
84602.483,40,2402.4,2846.4,2531.8
84602.523,40,2514.2,2848.2,2419.8
84602.563,40,2647.4,2780.4,2312.6
84602.603,40,2754.2,2648.8,2224.8
84602.643,40,2801.8,2512.8,2164
84602.683,40,2788,2402.2,2126.8
84602.723,40,2730.4,2324.4,2101.6
84602.763,40,2661.4,2270.4,2084.8
84602.803,40,2608.4,2236.2,2076.8
84602.843,40,2572.2,2219,2067.4
84602.883,40,2571.2,2213.4,2069.4
84602.923,40,2589.4,2225.2,2070
84602.963,40,2615,2240,2076
84603.003,40,2635,2249,2081.4
84603.043,40,2656.2,2267.2,2086.4
84603.083,40,2679,2280.4,2089.6
84603.123,40,2718.6,2309.6,2099.6
84603.163,40,2754.4,2350.8,2109.8
84603.203,40,2788.4,2413.2,2134.6
84603.243,40,2808,2495.6,2165.6
84603.283,40,2771.4,2615.8,2209.8
84603.323,40,2693.4,2727.6,2276
84603.363,40,2593.6,2812.6,2353.4
84603.403,40,2526.2,2842.8,2405
84603.443,40,2523.6,2840.2,2404.6
84603.483,40,2590.4,2815.2,2353.2
84603.523,40,2672,2749.8,2293
84603.563,40,2745.6,2659.6,2228
84603.603,40,2794,2553.8,2182.6
84603.643,40,2804.2,2461.6,2147.4
84603.683,40,2773,2378.6,2119.6
84603.723,40,2718,2311.2,2099
84603.763,40,2657.6,2267.8,2085.4
84603.803,40,2615.8,2238.4,2077
84603.843,40,2577.2,2224.4,2069.8
84603.883,40,2572.2,2214,2069.8
84603.923,40,2589.8,2224,2073.4
84603.963,40,2621.6,2246.4,2077.6
84604.003,40,2663.2,2269.2,2084.4
84604.043,40,2711.2,2311,2096.4
84604.083,40,2763,2363.4,2112.4
84604.123,40,2799,2437.4,2142
84604.163,40,2803,2544.6,2181.6
84604.203,40,2746.2,2663.6,2241.4
84604.243,40,2656.6,2761,2304.8
84604.283,40,2557.6,2828.2,2375.8
84604.323,40,2537.4,2830,2393.8
84604.363,40,2594,2806,2341.8
84604.403,40,2689.4,2728,2278.4
84604.443,40,2765.6,2630.6,2214
84604.483,40,2806.4,2519.2,2166.4
84604.523,40,2793.4,2410.6,2130.2
84604.563,40,2731.4,2333.2,2105.8
84604.603,40,2667.4,2271.2,2087.2
84604.643,40,2600.4,2234.6,2070.6
84604.683,40,2560.8,2212.8,2065.2
84604.723,40,2576.8,2220,2070.8
84604.763,40,2607,2237,2074.4
84604.803,40,2629,2250.2,2078.2
84604.843,40,2652.8,2261.8,2088.4
84604.883,40,2675,2279,2089.6
84604.923,40,2709,2301.2,2095.8
84604.963,40,2746.2,2341.4,2108.2
84605.003,40,2784.6,2393.6,2126.6
84605.043,40,2802.8,2484.2,2158.8
84605.083,40,2786.8,2586.2,2197.4
84605.123,40,2713.2,2697.6,2257.6
84605.163,40,2619.6,2787.6,2327.8
84605.203,40,2566.6,2821.2,2376.2
84605.243,40,2590,2804.8,2352.2
84605.283,40,2654.2,2762.2,2297.8
84605.323,40,2724,2693.8,2250.6
84605.363,40,2779.6,2607,2205.8
84605.403,40,2806.6,2516.4,2168.2
84605.443,40,2799.2,2442.4,2138.8
84605.483,40,2781.4,2379,2121.2
84605.523,40,2732,2321.2,2105.8
84605.563,40,2682,2286.4,2085.6
84605.603,40,2644.4,2258.2,2085.4
84605.643,40,2612.8,2236,2074.6
84605.683,40,2593.2,2226,2070
84605.723,40,2588.4,2221,2069.2
84605.763,40,2588.8,2230.4,2072.8
84605.803,40,2609.8,2234.8,2076.4
84605.843,40,2632.2,2248.4,2081.4
84605.883,40,2649.2,2262.6,2085
84605.923,40,2672.4,2274.2,2087.2
84605.963,40,2703.4,2299.6,2094.2
84606.003,40,2741,2337.4,2106
84606.043,40,2779.6,2388.8,2125
84606.083,40,2807.2,2469.4,2152.2
84606.123,40,2792.8,2574.6,2192.2
84606.163,40,2739.8,2668.6,2240.8
84606.203,40,2674.2,2747.4,2293.8
84606.243,40,2648.2,2771.4,2313.8
84606.283,40,2677,2744.6,2288
84606.323,40,2734,2680.6,2241
84606.363,40,2781.4,2602.4,2204.2
84606.403,40,2803.2,2515.2,2164.4
84606.443,40,2797.8,2430,2136
84606.483,40,2764,2358,2110.6
84606.523,40,2708.6,2302,2098.4
84606.563,40,2650.8,2258,2084.8
84606.603,40,2598.4,2233.6,2072
84606.643,40,2568,2217.8,2068.2
84606.683,40,2572.6,2216,2065.8
84606.723,40,2594,2226.2,2069
84606.763,40,2618,2241.8,2075
84606.803,40,2644.6,2254.2,2082.2
84606.843,40,2673.6,2279.8,2088.2
84606.883,40,2709.4,2300.8,2099.4
84606.923,40,2753.4,2350,2113.2
84606.963,40,2787.2,2411,2130.6
84607.003,40,2809.2,2486.2,2155.6
84607.043,40,2791.2,2571.2,2192.8
84607.083,40,2750,2654,2230.2
84607.123,40,2703.6,2718.2,2272.2
84607.163,40,2673.2,2746.4,2290
84607.203,40,2688.8,2730.6,2281.8
84607.243,40,2715.8,2702,2258.4
84607.283,40,2745,2657.2,2236.4
84607.323,40,2770.4,2617.6,2216.6
84607.363,40,2785,2588.2,2198
84607.403,40,2795,2563.6,2188.8
84607.443,40,2797.4,2547.6,2180.8
84607.483,40,2795.4,2550,2182.8
84607.523,40,2790.8,2564.4,2187.2
84607.563,40,2788.2,2579.4,2198.6
84607.603,40,2783.2,2584.6,2194.6
84607.643,40,2783,2588.2,2204.4
84607.683,40,2786.2,2602,2201.4
84607.723,40,2773.6,2613.6,2210.6
84607.763,40,2769.8,2612.2,2214.2
84607.803,40,2771.2,2620.6,2213.6
84607.843,40,2763.6,2630.6,2218.8
84607.883,40,2762.6,2637.4,2221.2
84607.923,40,2757.2,2643.6,2224.8
84607.963,40,2753.8,2646.2,2227.6
84608.003,40,2750.2,2651.8,2235.2
84608.043,40,2746.6,2663.6,2237
84608.083,40,2739.8,2666.4,2240.8
84608.123,40,2741.2,2674.8,2244
84608.163,40,2736.4,2683,2249
84608.203,40,2724.8,2690.4,2251.2
84608.243,40,2722.8,2689,2254.8
84608.283,40,2718,2700,2256.4
84608.323,40,2714.6,2700.4,2260.8
84608.363,40,2711.2,2706,2260
84608.403,40,2713.4,2701.4,2258.8
84608.443,40,2719.4,2693.6,2257
84608.483,40,2733.8,2682.2,2246.4
84608.523,40,2744.6,2656.8,2233.4
84608.563,40,2760,2641.4,2225.2
84608.603,40,2769.4,2630.8,2217.2
84608.643,40,2767.8,2619.2,2216.6
84608.683,40,2769,2621,2216.6
84608.723,40,2758.6,2639,2226.8
84608.763,40,2751.4,2652.4,2234.2
84608.803,40,2748.4,2659.2,2232.6
84608.843,40,2739.6,2665,2236.2
84608.883,40,2742.6,2673,2236.8
84608.923,40,2731.6,2681.6,2246
84608.963,40,2723.4,2685.8,2247.8
84609.003,40,2715.8,2703.2,2258.8
84609.043,40,2699.8,2712.8,2268
84609.083,40,2679.8,2737.8,2277.6
84609.123,40,2638.8,2769.2,2316.2
84609.163,40,2572.8,2820.2,2364.6
84609.203,40,2482.6,2852.4,2443.4
84609.243,40,2392.2,2849.8,2539
84609.283,40,2329.6,2814,2614.8
84609.323,40,2374.4,2845,2557.8
84609.363,40,2495.6,2852.4,2432.8
84609.403,40,2636.4,2780.6,2315.6
84609.443,40,2756.8,2650,2227
84609.483,40,2806.4,2517.8,2164.4
84609.523,40,2797.4,2438.6,2138.6
84609.563,40,2797.2,2408.8,2128.8
84609.604,41,2791.8,2423,2133.2
84609.644,40,2800.4,2440.4,2141.8
84609.684,40,2804,2478.6,2148.8
84609.724,40,2802.6,2520.6,2165.4
84609.764,40,2786.6,2585,2195.6
84609.805,41,2735.8,2671.4,2241.2
84609.845,40,2640.6,2778.6,2315
84609.885,40,2505.2,2843,2415.2
84609.925,40,2377.2,2848.8,2547.6
84609.965,40,2317.2,2801.8,2626.2
84610.005,40,2383.2,2842.4,2537.2
84610.045,40,2512,2848,2416.8
84610.085,40,2659.8,2760.4,2296
84610.125,40,2774.8,2615.6,2215
84610.165,40,2804,2488.8,2156.8
84610.207,42,2795,2421,2127.4
84610.247,40,2784.4,2397.6,2123
84610.287,40,2793.2,2417.8,2131.4
84610.327,40,2800.4,2445.2,2139.6
84610.367,40,2808,2483.2,2156.2
84610.407,40,2800.6,2533,2175.6
84610.447,40,2778.4,2605.8,2209
84610.487,40,2717.6,2690.8,2253.6
84610.527,40,2623.2,2786.4,2325.6
84610.567,40,2502.8,2848.4,2421.6
84610.607,40,2396.2,2848,2527
84610.647,40,2383.2,2844.8,2536.4
84610.687,40,2481.6,2856.2,2447.2
84610.727,40,2609.2,2799.6,2334.8
84610.767,40,2726.4,2692,2248
84610.807,40,2790.4,2573.2,2190.8
84610.847,40,2807.4,2498.4,2160.6
84610.887,40,2807,2480.2,2151.6
84610.927,40,2803.6,2499.2,2160.2
84610.967,40,2800.8,2539.8,2176.4
84611.007,40,2788.6,2576.6,2192
84611.047,40,2764.4,2626.4,2218.4
84611.087,40,2728.2,2690.2,2250.2
84611.127,40,2655,2762.2,2302.6
84611.167,40,2557.8,2832.2,2377.6
84611.207,40,2445.8,2857.4,2474.6
84611.247,40,2357.2,2837.2,2580.6
84611.287,40,2349.6,2829.2,2590.4
84611.327,40,2425.2,2855.6,2508.2
84611.367,40,2524,2848.4,2407.2
84611.407,40,2626,2787.6,2322.4
84611.447,40,2712.6,2706.4,2259.6
84611.487,40,2762.6,2635,2218.2
84611.527,40,2778.2,2597.2,2197.8
84611.567,40,2769.4,2619.4,2206.8
84611.607,40,2743,2664.2,2235.2
84611.647,40,2715.4,2708.4,2258.2
84611.687,40,2642,2770,2315.2
84611.727,40,2559.2,2827.2,2384
84611.767,40,2449,2857,2485.6
84611.807,40,2344.2,2828.2,2595.2
84611.847,40,2310.2,2801.8,2626.2
84611.887,40,2394.2,2848.6,2532.6
84611.927,40,2514.8,2846,2413.4
84611.967,40,2641.6,2774.8,2311.2
84612.007,40,2737.2,2678.2,2243
84612.047,40,2784.4,2595.4,2206
84612.087,40,2794,2556.4,2181.6
84612.127,40,2793.4,2573.4,2192.8
84612.167,40,2761.8,2627,2209.8
84612.207,40,2731.8,2676,2241
84612.247,40,2673.8,2744,2285.6
84612.287,40,2596.2,2809.8,2350.6
84612.327,40,2491.8,2847.6,2441.4
84612.367,40,2389.6,2850.6,2534
84612.407,40,2336.6,2817.4,2601.4
84612.447,40,2360,2835.4,2567.4
84612.487,40,2428.4,2858.6,2495.2
84612.527,40,2494.2,2851.6,2431.6
84612.567,40,2562.2,2830.2,2380.8
84612.607,40,2614.4,2801.6,2333.6
84612.647,40,2658.2,2760.8,2298.2
84612.687,40,2687.8,2728.8,2279.6
84612.727,40,2702.8,2716.4,2264.8
84612.767,40,2712.2,2708.4,2258.8
84612.807,40,2705.2,2711.2,2263.2
84612.847,40,2698.8,2726.2,2273.8
84612.887,40,2679.4,2744,2284.2
84612.927,40,2675.2,2746.6,2288.6
84612.967,40,2664.6,2756.2,2294.2
84613.007,40,2656,2761.4,2300.4
84613.047,40,2642,2771.2,2313.8
84613.087,40,2623.6,2791.2,2327
84613.127,40,2609.6,2796.6,2338.8
84613.167,40,2583.4,2812.6,2362
84613.207,40,2549,2830.4,2380.8
84613.247,40,2504.4,2847.8,2422.4
84613.287,40,2450.8,2855.4,2476.2
84613.327,40,2378.6,2839.4,2549
84613.367,40,2303,2792.2,2643.6
84613.407,40,2229.2,2704.2,2741.2
84613.447,40,2169.6,2589.4,2808
84613.487,40,2133.4,2491,2830.4
84613.527,40,2111.4,2432,2816
84613.567,40,2121,2454.8,2821.2
84613.607,40,2143.2,2516.8,2828.6
84613.647,40,2171.4,2600.4,2804
84613.687,40,2230.4,2701,2737.2
84613.727,40,2304.6,2789.6,2646.2
84613.767,40,2393.4,2843,2535.8
84613.807,40,2489.8,2856.4,2437.2
84613.847,40,2569.6,2820.8,2358
84613.887,40,2650.2,2765.6,2305.2
84613.927,40,2706.6,2719.8,2268.6
84613.967,40,2734,2674,2238.8
84614.007,40,2746.6,2658.2,2230.2
84614.047,40,2732.6,2677.2,2244
84614.087,40,2702.4,2720.2,2265.8
84614.127,40,2661,2756,2295.6
84614.167,40,2603.6,2802,2341.8
84614.207,40,2524.2,2838.6,2405.4
84614.247,40,2431.6,2858.2,2498
84614.287,40,2331,2813.2,2615.8
84614.327,40,2238.8,2712.4,2733
84614.367,40,2164.2,2572,2818
84614.407,40,2111.8,2434.2,2818
84614.447,40,2096.2,2384.6,2790
84614.487,40,2109.8,2432.6,2818
84614.527,40,2147,2544.4,2817.2
84614.567,40,2215.8,2670,2765
84614.607,40,2305,2795.2,2640.2
84614.647,40,2433,2852,2494
84614.687,40,2569,2823.8,2370.2
84614.727,40,2679.4,2740.6,2285.2
84614.767,40,2754.8,2647.2,2225.4
84614.807,40,2790.6,2573.2,2191.8
84614.847,40,2809.6,2519,2165.4
84614.887,40,2803,2493.6,2155
84614.927,40,2807.6,2506.2,2165.8
84614.967,40,2802.6,2541,2177.4
84615.007,40,2783.4,2588.8,2200
84615.047,40,2754.8,2647.8,2229.6
84615.087,40,2685,2729.6,2277.6
84615.127,40,2589,2810.2,2352.8
84615.167,40,2463.8,2857,2461.2
84615.207,40,2336.4,2817.6,2597
84615.247,40,2229.6,2708.2,2735.2
84615.287,40,2159,2569.4,2815.2
84615.327,40,2119.6,2454.6,2819.2
84615.367,40,2108.4,2427.2,2811.6
84615.407,40,2126,2481.4,2819.8
84615.447,40,2166.8,2582.2,2808.8
84615.487,40,2234.6,2707.8,2743.8
84615.527,40,2329.4,2809.6,2609.8
84615.567,40,2452.2,2850.4,2468.2
84615.607,40,2581.2,2809.2,2355.6
84615.647,40,2684.6,2726,2276.2
84615.687,40,2751.8,2645.8,2220
84615.727,40,2782,2580.8,2196.8
84615.767,40,2794.8,2544.2,2182.6
84615.807,40,2792.2,2544,2178.8
84615.847,40,2787.4,2574.2,2190.2
84615.887,40,2770,2610.8,2210.4
84615.927,40,2740.2,2661.4,2235.2
84615.967,40,2690.4,2724.2,2272
84616.007,40,2605,2793.4,2338
84616.047,40,2497.2,2845.2,2432
84616.087,40,2377,2838.4,2549.8
84616.127,40,2273.2,2756.8,2685.4
84616.167,40,2191.4,2636.2,2788.4
84616.207,40,2138.4,2510.4,2818.2
84616.247,40,2111,2436.6,2814.8
84616.287,40,2114,2448.6,2816.4
84616.327,40,2142.8,2520.6,2822.8
84616.367,40,2193.4,2640.6,2786
84616.407,40,2268,2760.8,2686.8
84616.447,40,2381.4,2838.8,2543.8
84616.487,40,2513,2844,2414.2
84616.527,40,2636.8,2775,2315.6
84616.567,40,2728.4,2678.2,2244.4
84616.607,40,2782,2593.6,2202.8
84616.647,40,2799.4,2535.8,2177.4
84616.687,40,2801,2506,2168.6
84616.727,40,2796.6,2526.6,2170.2
84616.767,40,2788.2,2575,2191.6
84616.807,40,2762.2,2623.6,2217.2
84616.847,40,2718.4,2694.4,2259
84616.887,40,2647.2,2766.6,2314.2
84616.927,40,2541,2829.8,2393
84616.967,40,2420.2,2851,2499.2
84617.007,40,2317.4,2809.4,2631.8
84617.047,40,2227.6,2695.6,2745.4
84617.087,40,2161.6,2576.2,2812.6
84617.127,40,2122.8,2468,2823.2
84617.167,40,2115.8,2450,2816.2
84617.207,40,2133.8,2500,2828.4
84617.247,40,2178.6,2603.2,2797.2
84617.287,40,2245.2,2727.4,2719
84617.327,40,2348.8,2828.2,2583.4
84617.367,40,2481.6,2852,2447
84617.407,40,2608.6,2797,2334
84617.447,40,2715.6,2696.6,2256.2
84617.487,40,2782.2,2589,2198.6
84617.527,40,2809.2,2495.2,2156
84617.567,40,2797.8,2417.8,2135.4
84617.607,40,2770.2,2367,2111
84617.647,40,2735.6,2332.6,2101.6
84617.687,40,2719,2312.2,2095.6
84617.727,40,2712.2,2305.2,2095.2
84617.767,40,2732.2,2320.2,2102.4
84617.807,40,2742,2336.4,2104.6
84617.847,40,2745,2338.8,2106.6
84617.887,40,2751.6,2342,2108.4
84617.927,40,2754.2,2356.2,2110.6
84617.967,40,2766.2,2366.2,2115.8
84618.007,40,2770.8,2377.8,2114.4
84618.047,40,2784.8,2390.6,2120.8
84618.087,40,2798,2430,2135.4
84618.127,40,2808.2,2495.2,2165
84618.167,40,2786.4,2584.8,2199
84618.207,40,2721,2692.6,2252.4
84618.247,40,2610.6,2796.2,2337.8
84618.287,40,2472.2,2853.8,2452
84618.327,40,2345.6,2823,2600.8
84618.367,40,2238.8,2718.6,2720.8
84618.407,40,2168.8,2584.8,2810.4
84618.447,40,2117.6,2458.4,2823
84618.487,40,2094.6,2382.6,2795.2
84618.527,40,2100,2406.4,2806.8
84618.567,40,2111.2,2440.6,2817.6
84618.607,40,2134.8,2495.8,2827.8
84618.647,40,2164.8,2574.8,2816.2
84618.687,40,2215.2,2677.4,2761
84618.727,40,2284.8,2774.4,2670.2
84618.767,40,2384.2,2844.8,2545.2
84618.807,40,2500.2,2845.8,2419.6
84618.847,40,2638.2,2783.6,2317.2
84618.887,40,2735.8,2680.6,2236.8
84618.927,40,2793,2561.2,2185.6
84618.967,40,2800.8,2456.6,2143.2
84619.007,40,2777.2,2371.4,2122.8
84619.047,40,2721.4,2313.8,2098.2
84619.087,40,2662.4,2265.2,2084.4
84619.127,40,2616.8,2239,2074.2
84619.167,40,2580.4,2220.2,2071
84619.207,40,2573.2,2217,2072
84619.247,40,2591.8,2230.4,2074.8
84619.287,40,2634,2254,2076.8
84619.327,40,2705.6,2300.2,2095.6
84619.367,40,2775,2378.8,2121.4
84619.407,40,2802.4,2473.6,2156
84619.447,40,2774,2602.4,2207.8
84619.487,40,2674,2740.8,2289.2
84619.527,40,2519.8,2837.6,2405.2
84619.567,40,2370.8,2835.8,2558.8
84619.607,40,2246.8,2727.4,2716
84619.647,40,2163,2581.4,2811.4
84619.687,40,2121.8,2468,2823.2
84619.727,40,2109,2424,2812.4
84619.767,40,2119.4,2456.4,2822.6
84619.807,40,2142.8,2518.2,2819.8
84619.847,40,2175.6,2591.8,2808
84619.887,40,2219.2,2688,2754
84619.927,40,2297.4,2781.2,2657.2
84619.967,40,2405.2,2847.4,2527.6
84620.007,40,2530,2836.8,2394.2
84620.047,40,2665.2,2750.2,2290.8
84620.087,40,2761.8,2633.4,2221.4
84620.127,40,2802.8,2528.2,2171
84620.167,40,2797.2,2426.8,2136.8
84620.207,40,2760,2360.6,2115.4
84620.247,40,2712.6,2306,2094.8
84620.287,40,2659.2,2273.6,2082.2
84620.327,40,2624.8,2245,2078.8
84620.367,40,2607,2235.8,2076.4
84620.407,40,2620.4,2243.4,2079
84620.447,40,2639,2258.6,2080.2
84620.487,40,2673.2,2277.8,2087.4
84620.527,40,2722,2312.2,2097.6
84620.567,40,2772,2368.4,2118.6
84620.607,40,2803.2,2443.4,2143.8
84620.647,40,2799.6,2542.8,2181.2
84620.687,40,2746.8,2661.8,2236.6
84620.727,40,2630.2,2777.6,2320.2
84620.767,40,2493.6,2846.6,2429.8
84620.807,40,2350.4,2833.4,2585.4
84620.847,40,2242.8,2727.2,2724
84620.887,40,2175.8,2597.8,2808.8
84620.927,40,2136.8,2495.4,2829.8
84620.967,40,2119.6,2462,2821
84621.007,40,2125.8,2482.6,2829.2
84621.047,40,2141.2,2521.2,2826.4
84621.087,40,2168.6,2585.8,2811.4
84621.127,40,2200.6,2659.2,2778
84621.167,40,2253,2736.8,2716
84621.207,40,2315,2814.6,2623.2
84621.247,40,2410.6,2848.4,2519.2
84621.287,40,2511.8,2845,2414.2
84621.327,40,2622.2,2790.4,2330.8
84621.367,40,2718.6,2701.2,2258.6
84621.407,40,2767.8,2615,2209.2
84621.447,40,2800.2,2533,2176.8
84621.487,40,2807.2,2479.2,2153.8
84621.527,40,2803,2440.4,2142.8
84621.567,40,2794.8,2420.4,2132.6
84621.607,40,2791.6,2413.2,2129.8
84621.647,40,2796.8,2423.4,2131.8
84621.687,40,2795.4,2438.8,2139.6
84621.727,40,2803.2,2451.2,2144.8
84621.767,40,2804.4,2457.4,2146.2
84621.807,40,2804,2471.4,2152.2
84621.847,40,2806.8,2494.2,2161.4
84621.887,40,2803,2523.6,2171.8
84621.927,40,2789.6,2565.6,2189
84621.967,40,2778.2,2605.8,2205.2
84622.007,40,2757.8,2642.2,2217.6
84622.047,40,2745,2662.6,2236.6
84622.087,40,2722,2694,2249.4
84622.127,40,2693.8,2725.2,2280
84622.167,40,2643.8,2770.4,2312.2
84622.207,40,2578.6,2815.8,2360.2
84622.247,40,2492.4,2850.4,2440
84622.287,40,2397.4,2846.8,2533.4
84622.327,40,2317.6,2806,2624.8
84622.367,40,2293.2,2784.2,2659.6
84622.407,40,2350.4,2829.6,2584.4
84622.447,40,2453,2857.4,2469.2
84622.487,40,2573.2,2821.8,2364.2
84622.527,40,2681.8,2734.4,2274.2
84622.567,40,2759,2638.8,2217.2
84622.607,40,2791.2,2579.4,2188.8
84622.647,40,2789.8,2570.8,2191
84622.687,40,2776.6,2599.6,2203.8
84622.727,40,2763.8,2637,2224.8
84622.767,40,2721.2,2686.6,2250.8
84622.807,40,2662.4,2753.4,2300.4
84622.847,40,2574.8,2817.6,2365.2
84622.887,40,2472.8,2855.8,2452.4
84622.927,40,2400.4,2846,2530.4
84622.967,40,2400,2848.8,2516
84623.007,40,2475.8,2851.4,2445.2
84623.047,40,2565.6,2826.6,2372.4
84623.087,40,2636.2,2775.8,2311.4
84623.127,40,2701.2,2718.4,2268.4
84623.167,40,2728.2,2685.2,2243.6
84623.207,40,2718.8,2697.4,2253.4
84623.247,40,2678.4,2739,2281
84623.287,40,2631.4,2782.8,2318.4
84623.327,40,2560.2,2828.6,2375
84623.367,40,2477.8,2854.8,2446
84623.407,40,2395.6,2850.4,2535
84623.447,40,2338.2,2819.2,2603.4
84623.487,40,2345,2822.2,2594.8
84623.527,40,2397,2848.4,2527.6
84623.567,40,2466,2858,2459.2
84623.607,40,2545.4,2839.2,2389
84623.647,40,2603.4,2799.4,2342
84623.687,40,2654,2769,2304.2
84623.727,40,2680.2,2732.6,2278.2
84623.767,40,2703.8,2713.4,2267.8
84623.807,40,2703.6,2717.4,2269.4
84623.847,40,2692,2728.4,2276.8
84623.887,40,2680.8,2737.8,2286
84623.927,40,2666.4,2746.2,2286.4
84623.967,40,2669,2757.4,2296.6
84624.007,40,2653,2763,2301.2
84624.047,40,2642.2,2767,2308.6
84624.087,40,2632.2,2783.6,2320.6
84624.127,40,2613.8,2791.6,2330
84624.167,40,2588.4,2810.6,2352.6
84624.207,40,2550.8,2831.4,2387.4
84624.247,40,2495.2,2844.6,2436.4
84624.287,40,2422.6,2852,2507.2
84624.327,40,2337.8,2819.6,2602
84624.367,40,2266,2755.4,2693.2
84624.407,40,2221.8,2694,2753.4
84624.447,40,2243.6,2727.8,2719.8
84624.487,40,2290,2781.4,2667
84624.527,40,2344.4,2825.2,2589
84624.567,40,2425.6,2852,2505
84624.607,40,2492.4,2855.4,2432.6
84624.647,40,2562.8,2829.4,2378.2
84624.687,40,2612.4,2802.8,2342.2
84624.727,40,2638,2778.2,2314.4
84624.767,40,2655,2766.4,2302.6
84624.807,40,2647,2774.4,2309.8
84624.847,40,2622.8,2793,2328
84624.887,40,2613.2,2798.4,2334.4
84624.927,40,2607.8,2800.6,2340.8
84624.967,40,2598.4,2811.2,2346.8
84625.007,40,2587.6,2815,2359
84625.047,40,2564.8,2825.6,2370.8
84625.087,40,2521.8,2842.6,2407
84625.127,40,2459,2856.8,2464.6
84625.167,40,2385.8,2843.8,2541.8
84625.207,40,2306.2,2803.8,2638.6
84625.247,40,2270,2757.2,2690.4
84625.287,40,2323.8,2809.2,2621.2
84625.327,40,2418.6,2851.8,2504.6
84625.367,40,2524.6,2843.4,2402.6
84625.407,40,2617.8,2795.6,2327.4
84625.447,40,2666.6,2760.4,2294.2
84625.487,40,2658.2,2764.6,2296.6
84625.527,40,2622.4,2791,2322.4
84625.567,40,2580.8,2814.4,2357.6
84625.607,40,2524.4,2839,2405.6
84625.647,40,2449.4,2853.4,2473.2
84625.687,40,2369.4,2837,2565
84625.727,40,2293,2782.2,2662.6
84625.767,40,2257.2,2744.4,2703.6
84625.807,40,2286.2,2780,2667.2
84625.847,40,2353,2828.4,2581.6
84625.887,40,2445.6,2856.8,2482.8
84625.927,40,2527.2,2839.2,2400.4
84625.967,40,2596,2808.8,2345
84626.007,40,2630.8,2779.8,2319.6
84626.047,40,2625,2793.6,2324.2
84626.087,40,2590.2,2810.8,2350.8
84626.127,40,2542.4,2834,2388.4
84626.167,40,2468.4,2855.2,2453.4
84626.207,40,2394,2840.4,2534.2
84626.247,40,2318.8,2807.8,2625.8
84626.287,40,2280.2,2773.8,2678.4
84626.327,40,2309.6,2797,2646.2
84626.367,40,2379.2,2840.8,2553
84626.407,40,2476.2,2856.6,2448.8
84626.447,40,2577.6,2816.8,2361.2
84626.487,40,2661.6,2761.6,2297
84626.527,40,2698.6,2725.2,2270
84626.567,40,2695.2,2724.8,2268.8
84626.607,40,2675.8,2743.6,2287.6
84626.647,40,2629.4,2789.4,2326.2
84626.687,40,2557.6,2828.4,2373.4
84626.727,40,2475.6,2851.4,2455
84626.767,40,2386.4,2845.8,2546.2
84626.807,40,2312.6,2804.6,2628.6
84626.847,40,2328,2808.2,2619.8
84626.887,40,2399.8,2846.8,2534.6
84626.927,40,2506.8,2846,2425.6
84626.967,40,2610.4,2797,2337.8
84627.007,40,2696.6,2730.2,2274.4
84627.047,40,2738,2674.2,2247.6
84627.087,40,2736.4,2671.4,2236.2
84627.127,40,2717.6,2705.2,2256.4
84627.167,40,2691.6,2735.8,2277.8
84627.207,40,2639.6,2776,2313.2
84627.247,40,2564,2823.8,2376.2
84627.287,40,2468.6,2855.6,2458.2
84627.327,40,2375.4,2843.4,2553
84627.367,40,2345.2,2821.6,2589.2
84627.407,40,2415.2,2851.6,2509.4
84627.447,40,2527,2841.8,2405.6
84627.487,40,2634.6,2777.4,2311.6
84627.527,40,2724.4,2697.4,2259
84627.567,40,2760.4,2637.2,2221.8
84627.607,40,2770.4,2622,2213.2
84627.647,40,2754,2645.6,2225.2
84627.687,40,2722.6,2695.6,2255.8
84627.727,40,2682.4,2742.2,2286.2
84627.767,40,2603.6,2803.8,2339.2
84627.807,40,2504.2,2846,2427
84627.847,40,2391.2,2845.4,2537.4
84627.887,40,2302,2793.8,2649.6
84627.927,40,2257,2740.4,2707.6
84627.967,40,2284.4,2778.2,2665.6
84628.007,40,2354.2,2836.8,2579.8
84628.047,40,2446,2859.4,2479.8
84628.087,40,2555.6,2828.8,2373.4
84628.127,40,2636,2780,2306.8
84628.167,40,2696.6,2725.4,2271.8
84628.207,40,2706.2,2716.2,2267
84628.247,40,2689.8,2729,2276.4
84628.287,40,2661,2757,2292.6
84628.327,40,2629.2,2783.6,2321.8
84628.367,40,2565.8,2825.6,2369
84628.407,40,2483,2850.4,2445.4
84628.447,40,2398.8,2851.2,2535.8
84628.487,40,2326.2,2813.4,2619.8
84628.527,40,2310.6,2799.4,2634.2
84628.567,40,2379,2838.8,2556.6
84628.607,40,2474,2852.8,2447.2
84628.647,40,2583.8,2819.8,2357.2
84628.687,40,2669.6,2752,2289.4
84628.727,40,2732,2682.4,2247.8
84628.767,40,2752.8,2651.6,2223.8
84628.807,40,2746.4,2667.2,2232
84628.847,40,2721,2695,2258
84628.887,40,2680,2742.2,2285.6
84628.927,40,2619.4,2789,2330.4
84628.967,40,2532.2,2841.6,2394.6
84629.007,40,2442.2,2854.4,2486.8
84629.047,40,2369.2,2840.8,2563.8
84629.087,40,2363,2834.6,2571.6
84629.127,40,2420.2,2855,2510.8
84629.167,40,2483,2857.6,2446
84629.207,40,2538,2839.6,2389.8
84629.247,40,2585.6,2817.2,2359.2
84629.287,40,2620,2796.4,2329.4
84629.327,40,2631.4,2781.6,2312
84629.367,40,2640,2780.6,2315.2
84629.407,40,2624.8,2787.2,2321.6
84629.447,40,2611.8,2799.4,2336.2
84629.487,40,2595.6,2808.2,2347.8
84629.527,40,2589.4,2812.4,2352.4
84629.663,136,2555.8,2828.8,2380
84629.703,40,2540.8,2838.4,2391
84629.743,40,2519.2,2840.2,2409
84629.783,40,2492.8,2854.6,2435.8
84629.823,40,2438.8,2856.4,2489.6
84629.863,40,2368.6,2833.8,2566.2
84629.903,40,2314.4,2804.8,2626.6
84629.943,40,2302.4,2791.6,2645.8
84629.983,40,2347.8,2835.6,2586
84630.023,40,2432.2,2855.6,2491.4
84630.063,40,2522.4,2844,2409.6
84630.103,40,2603,2805.8,2341
84630.143,40,2670.2,2758.6,2292
84630.183,40,2714.8,2703.8,2261.4
84630.223,40,2734.4,2673,2242.6
84630.263,40,2746.2,2658.2,2232.2
84630.303,40,2747.4,2656.8,2236.8
84630.343,40,2737,2677,2244.2
84630.383,40,2721.6,2696.2,2254.2
84630.423,40,2708.6,2703.6,2261
84630.463,40,2697.6,2722.6,2272.2
84630.503,40,2682.2,2729.2,2281
84630.543,40,2671,2751.8,2291.6
84630.583,40,2651.8,2763.8,2305.6
84630.623,40,2627.4,2787,2326.6
84630.663,40,2591.2,2802.4,2352.8
84630.703,40,2547.2,2836.8,2390.6
84630.743,40,2488.6,2852.4,2440.6
84630.783,40,2420.4,2855.6,2502.8
84630.823,40,2364.8,2840.8,2569.4
84630.863,40,2360.6,2834.6,2569.4
84630.903,40,2426.2,2855.8,2502.6
84630.943,40,2514.2,2847.4,2411.8
84630.983,40,2619,2786.6,2326.4
84631.023,40,2717.6,2698.2,2254.4
84631.063,40,2777,2598.4,2201.2
84631.103,40,2802.6,2508.4,2166
84631.143,40,2797.8,2433.2,2136.6
84631.183,40,2771.4,2373,2117.8
84631.223,40,2735,2328,2102
84631.263,40,2688.4,2288.4,2089.6
84631.303,40,2651.2,2256,2079
84631.343,40,2623.8,2242.2,2076.8
84631.383,40,2607.6,2233.6,2075.2
84631.423,40,2620.2,2237.2,2078.2
84631.463,40,2640,2256.2,2081.6
84631.503,40,2665,2266.8,2084
84631.543,40,2691.6,2285.2,2095.2
84631.583,40,2726.4,2319.8,2099.8
84631.623,40,2762.6,2362.2,2120.2
84631.663,40,2797.4,2426.6,2135.4
84631.703,40,2800.4,2527,2172.2
84631.743,40,2752.2,2651.6,2234.2
84631.783,40,2646,2769,2314.6
84631.823,40,2519.8,2848.4,2417.8
84631.863,40,2426.4,2856.4,2499.2
84631.903,40,2412.4,2856.6,2510.4
84631.943,40,2477.4,2851.8,2452.6
84631.983,40,2572.4,2822.6,2370.4
84632.023,40,2671.4,2745.4,2291.8
84632.063,40,2763.4,2636,2220.6
84632.103,40,2804.8,2518.4,2166.4
84632.143,40,2796,2411.6,2128.6
84632.183,40,2737.4,2331.4,2100.8
84632.223,40,2665.6,2271,2090.8
84632.263,40,2585.4,2223.2,2071
84632.303,40,2576,2220,2072
84632.343,40,2599.8,2229.8,2075.6
84632.383,40,2621,2240.8,2074.4
84632.423,40,2657.6,2264.8,2084.8
84632.463,40,2712.4,2307.6,2097.2
84632.503,40,2765.4,2369.4,2114.4
84632.543,40,2805.8,2462.6,2150.2
84632.583,40,2788.2,2581.2,2195.2
84632.623,40,2701.2,2711,2268.6
84632.663,40,2583.4,2813.2,2358.4
84632.703,40,2456,2856.8,2467.2
84632.743,40,2362.4,2830.4,2577
84632.783,40,2318,2806,2631.6
84632.823,40,2344,2823.8,2595.2
84632.863,40,2421,2856,2506
84632.903,40,2527.8,2844.4,2403.2
84632.943,40,2654.8,2763,2304.8
84632.983,40,2755.8,2653.4,2225.2
84633.023,40,2808.2,2525.8,2173
84633.063,40,2794.4,2416.6,2134
84633.103,40,2743.8,2335.6,2100.2
84633.143,40,2678.4,2278.4,2089.6
84633.183,40,2619,2241,2076.4
84633.223,40,2598.8,2228.4,2070.8
84633.263,40,2606.2,2242.4,2074
84633.303,40,2638.8,2253,2082
84633.343,40,2669.2,2272.2,2086.6
84633.383,40,2717.8,2316.2,2098.8
84633.423,40,2768.6,2370.6,2117.8
84633.463,40,2800.6,2448,2143.6
84633.503,40,2793.2,2565,2190.6
84633.543,40,2720.6,2693,2253.6
84633.583,40,2594.6,2809.2,2349.8
84633.623,40,2457.4,2856.6,2467.2
84633.663,40,2352,2834.2,2575.6
84633.703,40,2320.2,2810.4,2627.2
84633.743,40,2340.6,2822.6,2604.2
84633.783,40,2411,2852.8,2518.2
84633.823,40,2519.4,2842.6,2414.2
84633.863,40,2639.4,2777.4,2315.2
84633.903,40,2739.2,2667.2,2235.6
84633.943,40,2798.4,2543.2,2178
84633.983,40,2799.8,2439.6,2138.6
84634.023,40,2763.4,2357.6,2112.6
84634.063,40,2703,2296.4,2093.4
84634.103,40,2641,2255.6,2079.4
84634.143,40,2585.8,2219.4,2070.2
84634.183,40,2568.4,2216,2064
84634.223,40,2588.6,2223.6,2074.2
84634.263,40,2609.6,2233,2075.4
84634.303,40,2611.4,2237,2075.8
84634.343,40,2625.6,2244,2078
84634.383,40,2649.2,2258.6,2079.6
84634.423,40,2683.2,2282.2,2084.2
84634.463,40,2724.4,2318.4,2099.6
84634.503,40,2763.2,2363.8,2115.4
84634.543,40,2798,2436.4,2134.6
84634.583,40,2804.2,2515.6,2173.4
84634.623,40,2769,2621,2219.6
84634.663,40,2689,2733.6,2276.8
84634.703,40,2588.2,2816.2,2359.2
84634.743,40,2473.8,2852,2456.4
84634.783,40,2388.4,2849.2,2541.6
84634.823,40,2340.2,2826,2605.2
84634.863,40,2336.4,2820.8,2598.2
84634.903,40,2389.2,2850.4,2542
84634.943,40,2464,2852.8,2465.6
84634.983,40,2549.4,2837.6,2384.2
84635.023,40,2649.4,2777.6,2307
84635.063,40,2730.2,2689.6,2250
84635.103,40,2786.4,2602.2,2201
84635.143,40,2805.6,2509.2,2165
84635.183,40,2798.6,2436.8,2140.4
84635.223,40,2774,2380.2,2120.8
84635.263,40,2742.6,2341.4,2105.8
84635.303,40,2716.6,2305.2,2102
84635.343,40,2691,2288,2092.4
84635.383,40,2661.6,2270.4,2091.4
84635.423,40,2641.2,2261.4,2080.8
84635.463,40,2638,2250.8,2079.8
84635.503,40,2643.6,2256.6,2078.2
84635.543,40,2662.8,2273.8,2086.6
84635.583,40,2691.2,2286.8,2090.4
84635.623,40,2719.2,2315,2100
84635.663,40,2757,2355.6,2113.8
84635.703,40,2792.2,2417.8,2131.6
84635.743,40,2803.8,2519.2,2171.8
84635.783,40,2758.4,2638.6,2221.8
84635.823,40,2665.6,2758.2,2294.8
84635.863,40,2547.6,2829.4,2382.4
84635.903,40,2473.6,2859,2452.6
84635.943,40,2457.4,2852.2,2463.6
84635.983,40,2509.6,2850.4,2422.4
84636.023,40,2574.6,2824,2367.8
84636.063,40,2647.4,2769.6,2312.4
84636.103,40,2713,2709.6,2261.4
84636.143,40,2757,2641.4,2221.8
84636.183,40,2783.8,2584,2196.4
84636.223,40,2800.2,2543.2,2177
84636.263,40,2802.4,2519.6,2166
84636.303,40,2809.6,2498,2164.6
84636.343,40,2802,2499.8,2158
84636.383,40,2803.4,2517.2,2161.4
84636.423,40,2800.6,2524,2171
84636.463,40,2805.6,2531,2180.6
84636.503,40,2802.4,2543.6,2180.4
84636.543,40,2799,2555.6,2179.6
84636.583,40,2794.8,2562.2,2187
84636.623,40,2793.6,2568,2185.8
84636.663,40,2787.4,2579.6,2191.8
84636.703,40,2777.2,2597.8,2201.8
84636.743,40,2767.2,2619.8,2212.6
84636.783,40,2753,2649.6,2231
84636.823,40,2718.2,2701.6,2257.2
84636.863,40,2649.8,2769.4,2310.4
84636.903,40,2555.4,2833,2381.2
84636.943,40,2449.4,2853.6,2472
84636.983,40,2372.6,2840.2,2563.8
84637.023,40,2387.4,2844.2,2548.6
84637.063,40,2456.4,2857,2463.4
84637.103,40,2539.8,2836.6,2391
84637.143,40,2626.2,2790.4,2326.8
84637.183,40,2691.2,2730,2276.8
84637.223,40,2735.8,2678.4,2238.4
84637.263,40,2767.6,2631,2215.4
84637.303,40,2788.6,2601.4,2203.8
84637.343,40,2787.6,2588.6,2193.6
84637.383,40,2781.8,2582.4,2195
84637.423,40,2784,2593.6,2202
84637.463,40,2775.8,2619,2205.8
84637.503,40,2768.6,2621.4,2214.6
84637.543,40,2761.2,2635,2217.2
84637.583,40,2752.2,2652.4,2229.6
84637.623,40,2737,2670.8,2240.8
84637.663,40,2707,2709,2259.6
84637.703,40,2649.6,2766.4,2304.8
84637.743,40,2572.2,2820.2,2367.4
84637.783,40,2480.6,2851.8,2446.2
84637.823,40,2398.4,2849,2526
84637.863,40,2358.4,2831.4,2579.4
84637.903,40,2388.6,2846.2,2542
84637.943,40,2468,2854,2457.2
84637.983,40,2571,2824.2,2369.8
84638.023,40,2667,2755,2291.8
84638.063,40,2735,2677,2242.2
84638.103,40,2768.2,2629.6,2216.8
84638.143,40,2758.2,2637.8,2221.6
84638.183,40,2738.4,2679,2244
84638.223,40,2691.2,2722.2,2273.4
84638.263,40,2637.2,2777,2323.6
84638.303,40,2557.2,2828.4,2380
84638.343,40,2474,2855,2460.2
84638.383,40,2391,2848.2,2537
84638.423,40,2396.4,2851.4,2536.2
84638.463,40,2469.6,2857,2455
84638.503,40,2570.8,2826.4,2368.2
84638.543,40,2654.2,2764.4,2302.4
84638.583,40,2712.2,2708.2,2257
84638.623,40,2742.8,2674.4,2239.6
84638.663,40,2737.6,2675.8,2242.4
84638.703,40,2711.4,2709.6,2263.2
84638.743,40,2679.8,2738.2,2288.4
84638.783,40,2618,2795.6,2334
84638.823,40,2539,2835.4,2394.2
84638.863,40,2465.4,2857.4,2467
84638.903,40,2438,2854.8,2482.4
84638.943,40,2501,2849.2,2426.6
84638.983,40,2589.8,2812.2,2352
84639.023,40,2656.6,2756.4,2296.8
84639.063,40,2717.6,2699.2,2256
84639.103,40,2760.8,2646.4,2218.8
84639.143,40,2782.4,2597.6,2202.8
84639.183,40,2792,2572.8,2191.2
84639.223,40,2792.2,2567,2188.6
84639.263,40,2787.2,2581.2,2195
84639.303,40,2776.8,2598.6,2197.8
84639.343,40,2774.8,2608.8,2204.8
84639.383,40,2772.4,2607,2208.8
84639.423,40,2773.2,2615.8,2213.2
84639.463,40,2776,2623.4,2213.8
84639.503,40,2766.2,2628.6,2217
84639.543,40,2756.4,2634.4,2220.4
84639.583,40,2754,2647,2224.6
84639.623,40,2748.6,2653.2,2231
84639.663,40,2749,2656.2,2229
84639.703,40,2745.4,2664,2237.4
84639.743,40,2741.2,2672.2,2242.2
84639.783,40,2736.2,2680,2241
84639.823,40,2729,2683.2,2253
84639.863,40,2723.2,2694.4,2253.6
84639.903,40,2719.2,2700,2255.4
84639.943,40,2711.2,2709.2,2263.4
84639.983,40,2701.4,2714.8,2269.6
84640.023,40,2689.6,2725,2277.2
84640.063,40,2673.6,2743.4,2286.8
84640.103,40,2655.2,2763.2,2298.6
84640.143,40,2627.2,2786.8,2324.2
84640.183,40,2584.2,2808.8,2356.6
84640.223,40,2521.6,2836.4,2404
84640.263,40,2454,2856.2,2471.8
84640.303,40,2392.6,2846.4,2537.6
84640.343,40,2354.2,2827,2587
84640.383,40,2352.8,2834.2,2585.8
84640.423,40,2388.4,2844.6,2539.4
84640.463,40,2443.8,2856.6,2484.4
84640.503,40,2502.4,2848.8,2425.4
84640.543,40,2563.6,2826.6,2371.2
84640.583,40,2617.4,2794.4,2327.6
84640.623,40,2657,2758,2302.2
84640.663,40,2685.2,2741.2,2279
84640.703,40,2695.6,2726.8,2272.6
84640.743,40,2695,2723.6,2270.2
84640.783,40,2684.8,2737.2,2275.8
84640.823,40,2674.2,2749,2286
84640.863,40,2666.2,2754.4,2296
84640.903,40,2663.2,2760.6,2297.6
84640.943,40,2650.6,2765.4,2302.8
84640.983,40,2649,2765.6,2304
84641.023,40,2638.4,2777.4,2315
84641.063,40,2626.6,2784.8,2320.8
84641.103,40,2622.2,2789.4,2326.4
84641.143,40,2611.2,2797.8,2336
84641.183,40,2592.2,2804.6,2349
84641.223,40,2558.4,2826.4,2377.6
84641.263,40,2506,2846.4,2425.6
84641.303,40,2433,2855.6,2487
84641.343,40,2351,2828.2,2584.2
84641.383,40,2286.6,2779,2669.6
84641.423,40,2298.4,2792.2,2652.6
84641.463,40,2375.6,2840,2556.4
84641.503,40,2485.2,2854.8,2440.2
84641.543,40,2618.8,2793.6,2332.8
84641.583,40,2729.4,2691.6,2251.4
84641.623,40,2779.8,2595.4,2197
84641.663,40,2799.2,2548.2,2179
84641.703,40,2798.8,2556,2183
84641.743,40,2786,2578.6,2194.4
84641.783,40,2769,2615.6,2207.4
84641.823,40,2743.4,2666,2236.4
84641.863,40,2682,2734,2280.6
84641.903,40,2603,2801.2,2342.8
84641.943,40,2497.4,2850,2430.4
84641.983,40,2393.4,2852.6,2538
84642.023,40,2361,2836.2,2574.4
84642.063,40,2433.2,2849.8,2491
84642.103,40,2554.4,2834,2376.4
84642.143,40,2684.4,2735,2280.6
84642.183,40,2777.6,2606.2,2205.4
84642.223,40,2802.8,2496.2,2161.6
84642.263,40,2796.4,2432.8,2138
84642.303,40,2784.2,2411.6,2126
84642.343,40,2790.6,2425.6,2133.8
84642.383,40,2802.6,2450.8,2144.8
84642.423,40,2807.6,2492.2,2159.2
84642.463,40,2798.6,2547.2,2184.2
84642.503,40,2765.6,2632.8,2221
84642.543,40,2686.6,2734,2280.2
84642.583,40,2580.4,2820.8,2360.8
84642.623,40,2464.6,2857.8,2455.8
84642.663,40,2400.8,2850.8,2526.2
84642.703,40,2460.8,2858.2,2464
84642.743,40,2566.2,2826,2368.4
84642.783,40,2690,2732.6,2277.6
84642.823,40,2778.2,2608.2,2202.8
84642.863,40,2811.2,2484.8,2157
84642.903,40,2776.4,2382.6,2119.8
84642.943,40,2720.2,2310.6,2097.4
84642.983,40,2655.6,2262.6,2082.2
84643.023,40,2604.6,2230.2,2075
84643.063,40,2565.8,2213.2,2068.8
84643.103,40,2579,2221,2077
84643.143,40,2598.2,2227.2,2077
84643.183,40,2615.8,2239,2077.6
84643.223,40,2617.8,2240,2076.8
84643.263,40,2627.6,2245.6,2078.8
84643.303,40,2626.4,2245.6,2077.2
84643.343,40,2629.8,2244.4,2077.8
84643.383,40,2629.4,2252,2082.6
84643.423,40,2641,2256.8,2084
84643.463,40,2640.4,2259,2084
84643.503,40,2646.4,2254.4,2084.2
84643.543,40,2650.8,2259.2,2081.8
84643.583,40,2651.2,2263.8,2083.4
84643.623,40,2656,2264.8,2086
84643.663,40,2659.8,2272.2,2084.6
84643.703,40,2661.2,2267.6,2085.4
84643.743,40,2668,2269.2,2088.6
