93701.461,40,2559.8,2816.8,2363.4
93701.501,40,2559,2814.6,2371.6
93701.541,40,2550.6,2816.2,2374.2
93701.581,40,2552.8,2820.6,2377.8
93701.621,40,2554.4,2816.2,2372.6
93701.661,40,2561.6,2821.8,2368.4
93701.701,40,2558.6,2815.4,2370.4
93701.741,40,2560.4,2822.2,2366.2
93701.781,40,2556,2815.8,2369.8
93701.821,40,2561.4,2814.2,2368.2
93701.861,40,2561,2813.6,2367.8
93701.901,40,2562,2813.6,2367.2
93701.941,40,2560.6,2810.8,2364
93701.981,40,2558.2,2813,2365.2
93702.021,40,2549.6,2815.4,2373.4
93702.061,40,2546,2820.6,2376.8
93702.101,40,2573.2,2808,2357
93702.141,40,2626.6,2773.6,2309.6
93702.181,40,2701.4,2701.2,2260
93702.221,40,2759.4,2615.8,2212.2
93702.261,40,2785.6,2556.8,2185.8
93702.301,40,2788.2,2532,2170.2
93702.341,40,2788.8,2553.8,2183.6
93702.381,40,2767.8,2593.4,2199.6
93702.421,40,2736.2,2650.2,2231.6
93702.461,40,2672.6,2728.4,2283.4
93702.501,40,2570.4,2810,2360.2
93702.541,40,2460,2842.2,2460
93702.581,40,2365.6,2830.4,2558
93702.621,40,2369.2,2829,2550.4
93702.661,40,2469.6,2844.4,2449.6
93702.701,40,2613,2779.6,2324
93702.741,40,2736.8,2649.8,2225
93702.781,40,2795.2,2520.4,2168.6
93702.821,40,2794.2,2457.4,2143.6
93702.861,40,2792.4,2432.4,2137.4
93702.901,40,2794.8,2447.8,2140.2
93702.941,40,2794.4,2468.2,2144
93702.981,40,2790.6,2482.2,2152.2
93703.021,40,2795.8,2505.8,2167.8
93703.061,40,2776.6,2567.2,2189
93703.101,40,2731.8,2661.6,2231.8
93703.141,40,2637,2768.4,2312
93703.181,40,2515.6,2832.8,2403.6
93703.221,40,2404.6,2842.6,2506.4
93703.261,40,2414.8,2842,2500.2
93703.301,40,2525,2824.4,2397.8
93703.341,40,2669.6,2738.6,2284
93703.381,40,2773.4,2587.4,2199
93703.421,40,2801.8,2483,2155
93703.461,40,2791.8,2431,2136.2
93703.501,40,2787.6,2430.4,2134.8
93703.541,40,2793.8,2445.2,2141.2
93703.581,40,2794,2470.2,2151.4
93703.621,40,2799.2,2479.6,2155.2
93703.661,40,2792.4,2503.6,2160.4
93703.701,40,2779,2563.4,2191.6
93703.741,40,2725.6,2670.2,2241
93703.781,40,2620.8,2776.4,2320
93703.821,40,2494.2,2840.4,2425.2
93703.861,40,2412.4,2841,2510.2
93703.901,40,2446.6,2848.2,2475.2
93703.941,40,2554.8,2821,2373.6
93703.981,40,2681,2722.8,2272
93704.021,40,2771.6,2589.6,2203.6
93704.061,40,2799,2479.2,2156
93704.101,40,2789.8,2419.2,2133.2
93704.141,40,2783,2410.4,2129
93704.181,40,2793.2,2449.2,2140.6
93704.221,40,2801,2480.8,2155.8
93704.261,40,2789.4,2536.2,2176
93704.301,40,2765.4,2619.2,2212.4
93704.341,40,2687.8,2713,2269.4
93704.381,40,2586,2806.2,2349
93704.421,40,2470,2844.2,2446.8
93704.461,40,2401.2,2845.2,2515.6
93704.501,40,2421.4,2842.6,2495.4
93704.541,40,2494.2,2838.4,2425.6
93704.581,40,2591,2798.6,2341.8
93704.621,40,2690.6,2712.4,2265.2
93704.661,40,2766.2,2605.4,2204.6
93704.701,40,2800.6,2493.8,2157.6
93704.741,40,2779.4,2401.4,2124
93704.781,40,2739.2,2343,2108.4
93704.821,40,2700,2303.6,2089
93704.861,40,2684.8,2287,2089.4
93704.901,40,2712.6,2298.6,2094.4
93704.941,40,2747,2344.8,2107.6
93704.981,40,2779,2396.8,2128.8
93705.021,40,2794.4,2476.6,2151
93705.061,40,2781,2577.6,2192.8
93705.101,40,2710.4,2692,2258
93705.141,40,2614.6,2777,2325.4
93705.181,40,2519.4,2833.6,2402
93705.221,40,2492.4,2840,2432.4
93705.261,40,2552.6,2817,2373.8
93705.301,40,2647.4,2761,2301
93705.341,40,2735,2663.6,2236.6
93705.381,40,2787.8,2549,2185.6
93705.421,40,2793.4,2449.6,2138.8
93705.461,40,2761.6,2364,2114.6
93705.501,40,2711.2,2309.8,2097.2
93705.541,40,2653,2268.4,2079
93705.581,40,2609.4,2242.4,2073.6
93705.621,40,2582.2,2225,2075.8
93705.661,40,2598,2230,2071
93705.701,40,2637,2250.8,2079.8
93705.741,40,2688.2,2289.8,2089.6
93705.781,40,2747.6,2351.8,2110.6
93705.821,40,2792.8,2442.8,2141
93705.861,40,2785.2,2564.2,2193
93705.901,40,2708,2697.8,2257
93705.941,40,2599.8,2799.4,2346
93705.981,40,2506.6,2835.6,2416.2
93706.021,40,2484.4,2844,2436
93706.061,40,2538.6,2824.4,2385.4
93706.101,40,2620,2780.4,2321.8
93706.141,40,2706,2699.2,2253.6
93706.181,40,2770.2,2593.2,2199
93706.221,40,2793.4,2488.4,2159.2
93706.261,40,2776.4,2392,2123.4
93706.301,40,2708.2,2315.6,2099.2
93706.341,40,2634.4,2251.4,2079.6
93706.381,40,2559.8,2208.8,2063.2
93706.421,40,2582.6,2216.8,2069.8
93706.461,40,2621.8,2243.6,2079.4
93706.501,40,2683.8,2284.4,2089.2
93706.541,40,2742.4,2338.2,2105.8
93706.581,40,2789.6,2418.2,2132.2
93706.621,40,2791.4,2518,2170.4
93706.661,40,2756.8,2627.8,2219.4
93706.701,40,2681,2721,2271.2
93706.741,40,2614.6,2781.4,2327.2
93706.781,40,2572.2,2808,2361.6
93706.821,40,2578.8,2798.6,2356.8
93706.861,40,2630.8,2773.2,2316.2
93706.901,40,2699,2700.6,2260.2
93706.941,40,2761.4,2610.4,2209.6
93706.981,40,2803.6,2509,2163.6
93707.021,40,2786.6,2421,2132.6
93707.061,40,2745.8,2342,2106.6
93707.101,40,2677.2,2278.2,2087.4
93707.141,40,2604.2,2231,2075.2
93707.181,40,2560.2,2212.8,2071.8
93707.221,40,2590.6,2226,2070.2
93707.261,40,2637,2249.2,2082.6
93707.301,40,2696.8,2299,2095.8
93707.341,40,2758.2,2360.2,2111.4
93707.381,40,2791.8,2445.4,2149.8
93707.421,40,2777.4,2556.6,2189
93707.461,40,2729,2665,2241.6
93707.501,40,2638.2,2760.6,2309.4
93707.541,40,2556.8,2819.6,2371.6
93707.581,40,2504.6,2838,2414
93707.621,40,2512,2838.4,2413.4
93707.661,40,2578,2806.4,2352.8
93707.701,40,2662.8,2742.6,2289.4
93707.741,40,2741.4,2652.8,2231.8
93707.781,40,2789.8,2546.2,2180.2
93707.821,40,2798.2,2442.8,2145.6
93707.861,40,2769.2,2365.4,2113.4
93707.901,40,2700.6,2295.6,2096.4
93707.941,40,2628.6,2246.8,2082.4
93707.981,40,2568.4,2215.6,2069.2
93708.021,40,2567.6,2217.4,2069.8
93708.061,40,2596.2,2227.8,2075.4
93708.101,40,2633.8,2245.6,2079
93708.141,40,2687.4,2291,2092.8
93708.181,40,2750.2,2351.6,2110.4
93708.221,40,2790.4,2439.2,2139.2
93708.261,40,2791.6,2549,2184.2
93708.301,40,2723.4,2671.8,2241.6
93708.341,40,2633,2766.2,2318.6
93708.381,40,2546.2,2815.8,2383
93708.421,40,2522.2,2832.2,2402.6
93708.461,40,2576,2804.4,2361
93708.501,40,2654.6,2751.2,2300.4
93708.541,40,2734,2662.6,2232
93708.581,40,2788.2,2557,2185.6
93708.621,40,2799.8,2458.8,2147
93708.661,40,2771,2379.6,2117.8
93708.701,40,2719.6,2314,2095.2
93708.741,40,2650.8,2263.4,2084
93708.781,40,2593,2225,2077.2
93708.821,40,2560.6,2212,2067.6
93708.861,40,2597.8,2228.8,2072
93708.901,40,2660.4,2269.8,2087.2
93708.941,40,2732.2,2328.2,2105.4
93708.981,40,2791.6,2429.2,2137.2
93709.021,40,2787.4,2548.8,2184.8
93709.061,40,2714.6,2679.2,2251.6
93709.101,40,2611,2779.6,2329.6
93709.141,40,2537,2823.4,2386.2
93709.181,40,2531.2,2824.8,2391.8
93709.221,40,2598.4,2793.8,2342.2
93709.261,40,2678,2728,2284
93709.301,40,2747.4,2643,2224.8
93709.341,40,2789.8,2538.2,2177.2
93709.381,40,2794.6,2443.8,2142.4
93709.421,40,2762.4,2367.8,2114.4
93709.461,40,2707.8,2300.4,2093.8
93709.501,40,2639.8,2258,2075.6
93709.541,40,2578.6,2225.4,2071.2
93709.581,40,2566.4,2216.4,2064.8
93709.621,40,2596.4,2227,2074.4
93709.661,40,2646.2,2259.6,2085.6
93709.701,40,2713.2,2307.8,2097.6
93709.741,40,2773.2,2389.2,2121
93709.781,40,2797,2493,2162.6
93709.821,40,2760.4,2620,2216
93709.861,40,2669.8,2733,2291.8
93709.901,40,2582,2801.4,2350.4
93709.941,40,2552,2814.8,2375.4
93709.981,40,2602.2,2798.6,2339.6
93710.021,40,2677.8,2728.2,2277.2
93710.061,40,2753.8,2634.2,2223
93710.101,40,2794.4,2538,2176.2
93710.141,40,2797.4,2445.2,2139
93710.181,40,2767.2,2372.8,2116.2
93710.221,40,2719.2,2318.4,2097.8
93710.261,40,2655.8,2266.6,2086.4
93710.301,40,2593.8,2234.8,2071.8
93710.341,40,2563.8,2213.4,2063.4
93710.381,40,2576.2,2221.8,2067.8
93710.421,40,2618.4,2243,2077.2
93710.461,40,2680,2281.8,2088.6
93710.501,40,2752.2,2344.6,2109.6
93710.541,40,2792,2431.8,2141.6
93710.581,40,2788,2545.6,2180.6
93710.621,40,2732.4,2662,2239.2
93710.661,40,2653.4,2745.4,2299.2
93710.701,40,2602.6,2788,2332.4
93710.741,40,2620.4,2772.8,2318
93710.781,40,2686.4,2714.4,2269.8
93710.821,40,2752.2,2624.8,2221.2
93710.861,40,2790.2,2528.2,2175.4
93710.901,40,2794.2,2438,2136.6
93710.941,40,2757.2,2354.2,2107.6
93710.981,40,2697.6,2295.6,2091.8
93711.021,40,2628.4,2249.6,2080
93711.061,40,2571,2215.6,2069.2
93711.101,40,2565,2214.4,2071.2
93711.141,40,2588.4,2222.8,2075.6
93711.181,40,2640.2,2252.8,2081.4
93711.221,40,2701,2298,2098
93711.261,40,2765.4,2366.2,2117
93711.301,40,2799.4,2455.6,2143.6
93711.341,40,2785,2565,2189.6
93711.381,40,2731,2662.2,2235.6
93711.421,40,2662.6,2735.2,2288.8
93711.461,40,2612.8,2781,2327
93711.501,40,2608,2788.6,2330.2
93711.541,40,2646.2,2757,2300.8
93711.581,40,2696.6,2706.2,2260.6
93711.621,40,2742.4,2640.4,2224.2
93711.661,40,2777,2580.2,2195.6
93711.701,40,2791.2,2520.2,2168
93711.741,40,2793,2476.6,2150.2
93711.781,40,2795.6,2434.6,2138.6
93711.821,40,2786.6,2412.8,2128.4
93711.861,40,2780.6,2408,2127.4
93711.901,40,2783.2,2411.4,2131.2
93711.941,40,2792.6,2419,2133.8
93711.981,40,2792.2,2436.2,2136.4
93712.021,40,2791.6,2442.4,2139.6
93712.061,40,2796.4,2446.6,2145
93712.101,40,2794.8,2461,2143
93712.141,40,2795.2,2466,2147.6
93712.181,40,2802.4,2476,2153
93712.221,40,2802,2484.6,2155.6
93712.261,40,2794.4,2491.4,2162.4
93712.301,40,2799,2504,2160.8
93712.341,40,2793.4,2501.4,2166
93712.381,40,2792.6,2514.6,2172.6
93712.421,40,2795.4,2523.2,2169.4
93712.461,40,2787.8,2534,2176.2
93712.501,40,2789.8,2537.4,2179.6
93712.541,40,2787.4,2549.6,2183
93712.581,40,2790,2559.2,2186
93712.621,40,2776,2572.4,2193
93712.661,40,2776.2,2576.6,2197.8
93712.701,40,2772.2,2589.6,2199.6
93712.741,40,2767,2594.4,2202.6
93712.781,40,2768.4,2603.2,2211.6
93712.821,40,2762.8,2609.6,2211.6
93712.861,40,2759,2615.6,2214.6
93712.901,40,2744.8,2630,2217
93712.941,40,2745.6,2631.8,2222.6
93712.981,40,2739,2643.6,2230.2
93713.021,40,2747.8,2650,2231.8
93713.061,40,2737.2,2657,2234.4
93713.101,40,2733.2,2669.4,2242
93713.141,40,2720.2,2675.6,2246
93713.181,40,2706.2,2686.2,2257
93713.221,40,2702.2,2695,2263.4
93713.261,40,2698.2,2708.6,2265.4
93713.301,40,2682,2717.4,2274
93713.341,40,2674.8,2731,2281.4
93713.381,40,2662.6,2741.4,2293
93713.421,40,2634.4,2763.8,2307.8
93713.461,40,2609.8,2784.4,2328.6
93713.501,40,2561.6,2810.2,2372.4
93713.541,40,2503.8,2836.6,2416.4
93713.581,40,2447.4,2843.4,2472
93713.621,40,2395.6,2843.6,2524
93713.661,40,2383.4,2841,2533.8
93713.701,40,2437.6,2844.6,2483.2
93713.741,40,2517.6,2838.2,2399.2
93713.781,40,2591.2,2802.8,2343.6
93713.821,40,2640.6,2760.6,2304
93713.861,40,2647.8,2757.6,2300.6
93713.901,40,2622.4,2772.8,2313.8
93713.941,40,2595.2,2792.4,2340
93713.981,40,2540,2821.2,2380.4
93714.021,40,2480.6,2843.4,2444.8
93714.061,40,2408.2,2843,2511.8
93714.101,40,2373,2833.8,2551
93714.141,40,2391.6,2838,2530.4
93714.181,40,2457.6,2845.8,2460.8
93714.221,40,2521,2833.8,2399.2
93714.261,40,2580.4,2805.2,2352.2
93714.301,40,2606,2793.6,2333.2
93714.341,40,2583.6,2800.4,2349.8
93714.381,40,2549.8,2820.6,2378.6
93714.421,40,2502.8,2843,2418.8
93714.461,40,2443.2,2845.2,2473
93714.501,40,2388.8,2830.4,2528.6
93714.541,40,2357.6,2824.6,2569.4
93714.581,40,2379.8,2838.8,2544.6
93714.621,40,2446,2847.2,2472.8
93714.661,40,2511.2,2836.2,2408.6
93714.701,40,2571,2818.2,2366.6
93714.741,40,2594.8,2799.2,2339.8
93714.781,40,2576.8,2807,2351.2
93714.821,40,2544.4,2820.6,2379.4
93714.861,40,2499.2,2834.8,2419.6
93714.901,40,2439.8,2840.8,2480.8
93714.941,40,2390.8,2842.6,2527.6
93714.981,40,2375.6,2832,2547.6
93715.021,40,2422.8,2844.8,2489.8
93715.061,40,2505.2,2840,2413
93715.101,40,2576.6,2805.2,2353.6
93715.141,40,2609.8,2779,2322.2
93715.181,40,2610,2790.6,2328.6
93715.221,40,2582,2803.8,2348
93715.261,40,2549,2822.6,2380.4
93715.301,40,2494.4,2837.2,2426.2
93715.341,40,2435.2,2847.2,2473
93715.381,40,2401.8,2837.6,2519.6
93715.421,40,2387.2,2841.2,2530.8
93715.461,40,2436.6,2847.4,2479.6
93715.501,40,2501,2838.6,2419.8
93715.541,40,2561.2,2815.6,2361.6
93715.581,40,2590.2,2789.8,2336
93715.621,40,2591.2,2805,2348
93715.661,40,2557,2820.4,2368.4
93715.701,40,2512.6,2831.4,2405.2
93715.741,40,2457.8,2849.6,2458.8
93715.781,40,2406.8,2842.6,2510.8
93715.821,40,2378,2835,2545.6
93715.861,40,2397.2,2838.6,2521.2
93715.901,40,2464.4,2846.2,2455.4
93715.941,40,2532.8,2825.8,2388.6
93715.981,40,2592.6,2799.6,2343.4
93716.021,40,2601.8,2795.8,2337.8
93716.061,40,2577.8,2814,2354
93716.101,40,2545.8,2824.2,2383.4
93716.141,40,2506.6,2839.2,2414.4
93716.181,40,2453.4,2844.2,2458.6
93716.221,40,2425.6,2843.8,2490.4
93716.261,40,2412.8,2845.8,2507.8
93716.301,40,2457.4,2843.8,2462.4
93716.341,40,2526,2826.2,2395.8
93716.381,40,2597,2794.2,2337.6
93716.421,40,2646.6,2755.2,2305.8
93716.461,40,2656.4,2753,2295.8
93716.501,40,2632.4,2767.8,2315.2
93716.541,40,2599.4,2794.8,2334
93716.581,40,2547.4,2819.4,2377.8
93716.621,40,2488.6,2843,2429.6
93716.661,40,2431.2,2843.2,2484.4
93716.701,40,2407.8,2840,2509.4
93716.741,40,2451.6,2847,2466.2
93716.781,40,2520,2834.8,2397
93716.821,40,2597,2794.8,2334.2
93716.861,40,2646.6,2756.2,2300.2
93716.901,40,2664.6,2744.2,2289.8
93716.941,40,2640.2,2764.8,2306
93716.981,40,2612.8,2782.6,2325.8
93717.021,40,2563.8,2815.6,2361
93717.061,40,2497.4,2838.4,2423.4
93717.101,40,2419.8,2846,2494.8
93717.141,40,2362,2827,2568.6
93717.181,40,2356.4,2819.8,2576
93717.221,40,2415.4,2849,2500.8
93717.261,40,2509,2833.2,2410.8
93717.301,40,2603.8,2792.4,2336
93717.341,40,2656.4,2748.6,2293
93717.381,40,2671.8,2736.4,2283
93717.421,40,2654,2753.2,2298.6
93717.461,40,2630.4,2769.8,2317.4
93717.501,40,2596.6,2798.4,2340.8
93717.541,40,2534,2828,2390
93717.581,40,2463,2845.2,2456
93717.621,40,2380.2,2833.2,2540.6
93717.661,40,2326.8,2810,2604.4
93717.701,40,2340.6,2815,2589.4
93717.741,40,2409.4,2842,2509
93717.781,40,2487,2837.8,2424
93717.821,40,2576,2807.4,2356.4
93717.861,40,2631.8,2770.4,2312.4
93717.901,40,2643.4,2761.2,2303.2
93717.941,40,2622.8,2779,2327.2
93717.981,40,2588.6,2800,2342.2
93718.021,40,2530.8,2826.6,2387.8
93718.061,40,2470.8,2844.4,2443.2
93718.101,40,2405.8,2841.4,2511
93718.141,40,2351,2827.4,2570.8
93718.181,40,2356,2822.2,2574.2
93718.221,40,2413.2,2845.4,2498
93718.261,40,2503,2842.2,2419.2
93718.301,40,2583.8,2808.2,2348.2
93718.341,40,2637.2,2766.6,2307.8
93718.381,40,2628.2,2772.4,2311
93718.421,40,2601.6,2787.8,2337.6
93718.461,40,2571.2,2809,2358.4
93718.501,40,2522.2,2835.6,2399
93718.541,40,2457.8,2850.6,2455
93718.581,40,2396,2840.6,2527.4
93718.621,40,2354,2821.6,2575.2
93718.661,40,2369.2,2830.4,2554.8
93718.701,40,2418.6,2841.4,2494.4
93718.741,40,2493.8,2837.8,2426.4
93718.781,40,2561,2819,2373
93718.821,40,2596.8,2795,2334
93718.861,40,2602.6,2786.2,2334
93718.901,40,2581,2808.2,2354.4
93718.941,40,2539.6,2827.6,2386.4
93718.981,40,2480.8,2839,2433
93719.021,40,2422.6,2844.4,2496.8
93719.061,40,2365.4,2828.2,2554.6
93719.101,40,2335,2813.4,2587.8
93719.141,40,2368.2,2829.6,2556.2
93719.181,40,2433.2,2843.4,2485.8
93719.221,40,2510.2,2835,2407.6
93719.261,40,2578.6,2806.4,2358
93719.301,40,2599.6,2792.2,2336.8
93719.341,40,2586,2803.4,2348.2
93719.381,40,2557.6,2817.8,2370.4
93719.421,40,2507.8,2831.6,2410
93719.461,40,2444.8,2849.2,2465.8
93719.501,40,2377.8,2836.6,2541.2
93719.541,40,2329.2,2808.4,2605
93719.581,40,2324.4,2802,2608.8
93719.621,40,2373.6,2830,2552.8
93719.661,40,2438.8,2844.2,2478.2
93719.701,40,2509.8,2836.4,2408
93719.741,40,2571.4,2809.6,2360.8
93719.781,40,2592.4,2797.8,2342.6
93719.821,40,2577.2,2806.8,2351.2
93719.861,40,2547.8,2819.4,2376.8
93719.901,40,2499,2840,2418.2
93719.941,40,2448.2,2848.6,2468.8
93719.981,40,2385.2,2839,2533.4
93720.021,40,2347.2,2821.2,2582.8
93720.061,40,2336.6,2810.8,2593.4
93720.101,40,2380.2,2833.2,2539.4
93720.141,40,2454.8,2841.6,2460.6
93720.181,40,2533.8,2829.4,2383.4
93720.221,40,2597.4,2793.4,2337.4
93720.261,40,2623.6,2773.8,2321
93720.301,40,2612,2790.6,2327.2
93720.341,40,2579.2,2805.8,2351.8
93720.381,40,2534.2,2828.6,2388.8
93720.421,40,2483.8,2844.8,2440.6
93720.461,40,2422.6,2845,2500.6
93720.501,40,2378.4,2833.4,2545.4
93720.541,40,2374.2,2834.4,2554.6
93720.581,40,2417,2849.4,2505.6
93720.621,40,2487.2,2842.4,2432.6
93720.661,40,2552.2,2820.8,2375
93720.701,40,2599,2797.4,2344.6
93720.741,40,2595,2797.6,2340.2
93720.781,40,2570.2,2809,2365.6
93720.821,40,2537.8,2825.6,2386.4
93720.861,40,2485,2841.2,2431.8
93720.901,40,2427.4,2848.2,2489.6
93720.941,40,2379.6,2838,2539.2
93720.981,40,2366.6,2830,2552.2
93721.021,40,2417,2842.8,2507.8
93721.061,40,2484.8,2843.8,2435.6
93721.101,40,2550.2,2824.6,2367.6
93721.141,40,2604.2,2789,2334.6
93721.181,40,2607.4,2790.2,2330
93721.221,40,2576.4,2807.8,2350.6
93721.261,40,2550.8,2819.2,2372.2
93721.301,40,2501.4,2840.4,2420
93721.341,40,2435.6,2842.2,2476.8
93721.381,40,2378.4,2830.4,2542.2
93721.421,40,2346.2,2821.4,2583.8
93721.461,40,2363.6,2827,2562
93721.501,40,2423.8,2844.8,2493.6
93721.541,40,2497.8,2839.2,2417.6
93721.581,40,2566,2813.4,2362.4
93721.621,40,2603,2790.4,2326.8
93721.661,40,2599.8,2792.4,2337
93721.701,40,2571.4,2811.6,2356.4
93721.741,40,2530.8,2822.4,2394
93721.781,40,2466.6,2847.4,2449.6
93721.821,40,2399.8,2838,2520.4
93721.861,40,2346.8,2826.6,2578.8
93721.901,40,2342.2,2817.6,2588.6
93721.941,40,2395,2842.8,2530.2
93721.981,40,2467.2,2843.2,2449.6
93722.021,40,2543.8,2822.2,2376.4
93722.061,40,2601.4,2792.2,2337.4
93722.101,40,2603.2,2787.8,2330.2
93722.141,40,2575.8,2804.4,2353.4
93722.181,40,2549.6,2824.4,2379.8
93722.221,40,2492.2,2842.6,2420.4
93722.261,40,2429.2,2842.6,2491.2
93722.301,40,2358.6,2827,2567.2
93722.341,40,2313.4,2796.8,2620.6
93722.381,40,2344,2820.2,2586
93722.421,40,2437,2840.4,2477.2
93722.461,40,2545.4,2822.4,2377.2
93722.501,40,2650.6,2759,2296.2
93722.541,40,2709.2,2693.4,2252.8
93722.581,40,2732.8,2669,2238.6
93722.621,40,2717.8,2681.4,2246.8
93722.661,40,2695.4,2709.2,2262
93722.701,40,2667.8,2743.6,2293.4
93722.741,40,2603,2791.8,2332.8
93722.781,40,2505.8,2829.2,2412.2
93722.821,40,2408.8,2840.4,2508.6
93722.861,40,2317.6,2808.2,2610.2
93722.901,40,2281.8,2758.2,2672
93722.941,40,2316.8,2795.8,2619.4
93722.981,40,2404.8,2839.4,2512.8
93723.021,40,2520.8,2832.4,2403
93723.061,40,2630,2771.2,2310.8
93723.101,40,2719.6,2682,2246.2
93723.141,40,2767.6,2605,2201.4
93723.181,40,2781.6,2567.6,2187.8
93723.221,40,2780.4,2577.6,2193.6
93723.261,40,2760.4,2602.2,2208.4
93723.301,40,2739.2,2658.8,2234.2
93723.341,40,2686.8,2719.8,2272.8
93723.381,40,2603.4,2790.6,2335.2
93723.421,40,2494.6,2840,2424.8
93723.461,40,2387.2,2838.4,2530.8
93723.501,40,2323.8,2802.2,2621.6
93723.541,40,2342,2816.8,2588.4
93723.581,40,2424.4,2846.8,2490
93723.621,40,2532.4,2830,2386.2
93723.661,40,2647.8,2756.6,2304.2
93723.701,40,2718,2677,2243.8
93723.741,40,2758.8,2618.6,2212.8
93723.781,40,2766.8,2595.8,2203.6
93723.907,126,2680.4,2724.4,2276.8
93723.947,40,2607.6,2783.8,2330
93723.987,40,2513.2,2838,2407.4
93724.027,40,2411.4,2847.8,2507.6
93724.067,40,2332.4,2808.8,2597
93724.107,40,2341.4,2814.6,2589.6
93724.147,40,2422,2841,2495.8
93724.187,40,2531.8,2825.8,2388.2
93724.227,40,2643.6,2758.2,2303
93724.267,40,2728.2,2666.8,2238.4
93724.307,40,2765.2,2608.2,2208.2
93724.347,40,2775.8,2595,2202.4
93724.387,40,2761.2,2616.6,2208.4
93724.427,40,2748.8,2644,2223.6
93724.467,40,2725,2685.4,2248
93724.507,40,2666.8,2740.2,2285.8
93724.547,40,2592.8,2797.2,2343.4
93724.587,40,2495,2838,2427
93724.627,40,2404.4,2841.6,2515.2
93724.667,40,2355.6,2823.6,2568.2
93724.707,40,2394.6,2834.6,2535.4
93724.747,40,2466,2846.4,2454.6
93724.787,40,2555,2822,2370.2
93724.827,40,2639.2,2767.4,2306.8
93724.867,40,2695.4,2712.4,2264.6
93724.907,40,2721.6,2674.8,2245.2
93724.947,40,2713.4,2690.8,2251
93724.987,40,2684,2718,2270.2
93725.027,40,2652,2755.6,2298.8
93725.067,40,2586.6,2802.2,2349.8
93725.107,40,2505.2,2837.4,2413.6
93725.147,40,2417,2843,2504
93725.187,40,2343.6,2816.6,2584.8
93725.227,40,2318.2,2810,2620.4
93725.267,40,2386.6,2834,2538
93725.307,40,2484,2843.8,2432.8
93725.347,40,2583.6,2806,2352
93725.387,40,2652,2759.4,2294.4
93725.427,40,2682.8,2728.6,2275.8
93725.467,40,2680.8,2731,2277.6
93725.507,40,2662,2748.8,2286.8
93725.547,40,2631.8,2772.4,2310.8
93725.587,40,2592.2,2797.6,2340.6
93725.627,40,2525.2,2829.4,2395.6
93725.667,40,2460.8,2842.8,2453.6
93725.707,40,2407.6,2844.6,2503.4
93725.747,40,2407.6,2844.8,2507.4
93725.787,40,2468.2,2846,2449.2
93725.827,40,2551.6,2822.6,2372.6
93725.867,40,2632,2773.6,2316.2
93725.907,40,2680.2,2727,2278.4
93725.947,40,2689.6,2712.2,2265
93725.987,40,2679.8,2727.4,2278.2
93726.027,40,2641,2755.2,2304.4
93726.067,40,2587.2,2800.6,2347.4
93726.107,40,2510.4,2831.6,2410.4
93726.147,40,2425.8,2840.2,2492.6
93726.187,40,2359.2,2826.2,2568
93726.227,40,2340.8,2814.8,2585.4
93726.267,40,2410.4,2843.6,2508.2
93726.307,40,2501.4,2841.2,2416.4
93726.347,40,2590.8,2799.2,2343.2
93726.387,40,2646.6,2759.4,2295.6
93726.427,40,2664.2,2742.6,2295.4
93726.467,40,2635.6,2765.6,2308.8
93726.507,40,2595.2,2794.4,2341.8
93726.547,40,2543.2,2820.8,2374.4
93726.587,40,2476,2842.4,2442.2
93726.627,40,2399.2,2844.4,2522
93726.667,40,2336.6,2811.2,2597.2
93726.707,40,2319.6,2797.2,2616.8
93726.747,40,2379,2836.6,2544.4
93726.787,40,2472.6,2842.8,2442.8
93726.827,40,2575.8,2807.8,2356
93726.867,40,2650.4,2758.2,2297.8
93726.907,40,2693,2713.8,2265.8
93726.947,40,2695,2709,2268.8
93726.987,40,2671.4,2734,2283.4
93727.027,40,2640,2762.6,2306.4
93727.067,40,2586,2796.4,2347.8
93727.107,40,2515.2,2839,2407
93727.147,40,2433.4,2848,2485.2
93727.187,40,2362.6,2827,2556.4
93727.227,40,2342.2,2822,2588.6
93727.267,40,2405.4,2842.8,2516.4
93727.307,40,2496,2839.6,2421.4
93727.347,40,2595,2794.6,2338.2
93727.387,40,2659.2,2745,2290.2
93727.427,40,2684.2,2725,2275
93727.467,40,2661.4,2745.4,2287.8
93727.507,40,2633.4,2773,2313.6
93727.547,40,2593.6,2795,2339.2
93727.587,40,2523.6,2830,2394.8
93727.627,40,2447.2,2844.8,2468
93727.667,40,2379.2,2836.4,2543.2
93727.707,40,2341.8,2814.8,2585.4
93727.747,40,2380.8,2835.2,2546.6
93727.787,40,2466.6,2848.2,2456.6
93727.827,40,2552.2,2817.6,2373.8
93727.867,40,2634.4,2773.6,2313
93727.907,40,2673.6,2734.2,2275.2
93727.947,40,2683.8,2724.6,2272.2
93727.987,40,2663.6,2751.2,2287.6
93728.027,40,2627.4,2771.2,2314.4
93728.067,40,2569.4,2809.2,2360.6
93728.107,40,2488.4,2839.4,2430.2
93728.147,40,2397.6,2844.6,2521
93728.187,40,2332.4,2807.4,2607.2
93728.227,40,2294,2779.6,2644.6
93728.267,40,2327.8,2806.2,2604.8
93728.307,40,2400.8,2838.8,2523.2
93728.347,40,2482.2,2838,2432.6
93728.387,40,2564,2812.8,2365.8
93728.427,40,2620,2777.8,2314.8
93728.467,40,2640,2766,2309
93728.507,40,2607.8,2785,2328.6
93728.547,40,2577,2808.2,2353.8
93728.587,40,2515.4,2829.4,2401.6
93728.627,40,2452.4,2849.8,2457.4
93728.667,40,2379.2,2840.4,2538.6
93728.707,40,2330.2,2805.4,2600.4
93728.747,40,2333.4,2813.6,2596.6
93728.787,40,2386.2,2836.4,2533.8
93728.827,40,2470.4,2845.2,2440.4
93728.867,40,2564.6,2816.2,2366.6
93728.907,40,2639.2,2767.8,2308.2
93728.947,40,2676.8,2731.2,2278.6
93728.987,40,2668.4,2735.8,2283.4
93729.027,40,2636.8,2764.4,2305.2
93729.067,40,2600,2797,2339.4
93729.107,40,2537,2827.2,2389.8
93729.147,40,2465.4,2846,2457.6
93729.187,40,2389.2,2840.6,2533.6
93729.227,40,2330.6,2800.8,2607.4
93729.267,40,2334.4,2813,2597.4
93729.307,40,2396.6,2840.8,2520.6
93729.347,40,2474.4,2840,2447
93729.387,40,2543.4,2825.6,2378.8
93729.427,40,2603,2790.2,2332.8
93729.467,40,2629.2,2771.8,2310.8
93729.507,40,2622,2776,2318
93729.547,40,2590.4,2796,2344.8
93729.587,40,2535.8,2825,2391
93729.627,40,2463.6,2843.8,2454.6
93729.667,40,2380,2837.8,2537.2
93729.707,40,2311.8,2802.8,2618.6
93729.747,40,2304.4,2780.8,2635.4
93729.787,40,2349.4,2824.2,2584.4
93729.827,40,2427.6,2846.2,2489.4
93729.867,40,2514,2837.8,2402.8
93729.907,40,2592.4,2797,2347.2
93729.947,40,2625.8,2777.2,2315.4
93729.987,40,2610.2,2783.8,2326.6
93730.027,40,2577,2803.6,2348.4
93730.067,40,2539,2825.6,2384.2
93730.107,40,2485.4,2838.4,2436.6
93730.147,40,2413,2842,2500.2
93730.187,40,2348.6,2821.4,2580.8
93730.227,40,2317.2,2799.4,2624.6
93730.267,40,2345,2823.2,2587
93730.307,40,2413.4,2840,2502.8
93730.347,40,2494.4,2835.8,2424.2
93730.387,40,2555.2,2816,2363.8
93730.427,40,2600.6,2796,2332.8
93730.467,40,2604,2795.2,2335
93730.507,40,2570.8,2811.2,2361.4
93730.547,40,2536.8,2824.2,2390
93730.587,40,2483.6,2841.2,2440.4
93730.627,40,2413.6,2844.4,2502.6
93730.667,40,2356.2,2822.6,2573
93730.707,40,2309.8,2797.4,2625.6
93730.747,40,2332,2812,2608
93730.787,40,2392.8,2835.4,2523.4
93730.827,40,2476,2846,2443.6
93730.867,40,2542,2826,2383.4
93730.907,40,2597.2,2796.2,2336.2
93730.947,40,2601.4,2796.2,2336.4
93730.987,40,2577.4,2811,2350.8
93731.027,40,2543,2824,2382.2
93731.067,40,2493,2838.2,2428
93731.107,40,2424.4,2845.8,2490
93731.147,40,2361.4,2821.2,2567.6
93731.187,40,2312.4,2794.4,2626.8
93731.227,40,2317,2805,2613.8
93731.267,40,2385.8,2840.4,2532.4
93731.307,40,2470.2,2841.8,2446.2
93731.347,40,2550.8,2820.6,2372
93731.387,40,2599.6,2794.4,2334.6
93731.427,40,2600.6,2789,2336.2
93731.467,40,2565,2812.2,2357.2
93731.507,40,2534.8,2823.8,2388.6
93731.547,40,2482,2843.2,2434
93731.587,40,2421.8,2840,2496.8
93731.627,40,2365.6,2827,2560.2
93731.667,40,2334.2,2812,2598.6
93731.707,40,2366.6,2834.2,2560.4
93731.747,40,2449,2845.4,2467
93731.787,40,2545.8,2822.6,2379.4
93731.827,40,2626.6,2773.6,2312.2
93731.867,40,2668.6,2739.4,2281.2
93731.907,40,2651,2751,2299.2
93731.947,40,2623,2775.2,2318
93731.987,40,2583.8,2805,2347.8
93732.027,40,2521.6,2825.2,2401.8
93732.067,40,2449.4,2846.6,2469.2
93732.107,40,2381.6,2833,2539.4
93732.147,40,2334.4,2816.6,2597.4
93732.187,40,2358.2,2828,2572.6
93732.227,40,2423,2850.6,2497
93732.267,40,2526,2834.2,2400
93732.307,40,2634.6,2768.4,2314.2
93732.347,40,2726.6,2675.6,2243.2
93732.387,40,2780.4,2578.2,2193.4
93732.427,40,2798.4,2503.6,2166.8
93732.467,40,2795.6,2466.8,2148.2
93732.507,40,2790.8,2463,2144.2
93732.547,40,2793.6,2495,2160.4
93732.587,40,2786.2,2551.8,2182.4
93732.627,40,2746,2639,2229.4
93732.667,40,2655.6,2744,2296.2
93732.707,40,2531.2,2831.4,2392
93732.747,40,2424.6,2838,2494.2
93732.787,40,2422.4,2843,2494.6
93732.827,40,2525.2,2829.8,2400.4
93732.867,40,2672,2729.2,2281.8
93732.907,40,2787.4,2556.8,2180
93732.947,40,2777.2,2390.6,2121.4
93732.987,40,2700.6,2295.8,2095.8
93733.027,40,2641.6,2256.6,2086
93733.067,40,2634.4,2252.8,2078.8
93733.107,40,2663.6,2265.2,2083.6
93733.147,40,2680.8,2279.4,2086.4
93733.187,40,2715,2311.2,2095.8
93733.227,40,2758.4,2363.6,2112.8
93733.267,40,2796.2,2443.4,2143.2
93733.307,40,2784.2,2560,2190
93733.347,40,2705.8,2700,2261.6
93733.387,40,2572.6,2813,2363.4
93733.427,40,2440,2848.8,2479.2
93733.467,40,2427,2844.6,2488.4
93733.507,40,2519.2,2830.8,2405
93733.547,40,2650.4,2752.6,2295
93733.587,40,2759.6,2616.2,2212.6
93733.627,40,2798,2508.4,2160.4
93733.667,40,2792.2,2451.8,2143.2
93733.707,40,2792.4,2447.4,2137.4
93733.747,40,2796.4,2461.4,2146.2
93733.787,40,2794,2500.2,2158.8
93733.827,40,2793.8,2527.8,2171
93733.867,40,2776.2,2588.6,2199.2
93733.907,40,2738.8,2653,2236.6
93733.947,40,2659.6,2742.4,2292.2
93733.987,40,2551.6,2818.2,2374.4
93734.027,40,2440.6,2847.4,2473.8
93734.067,40,2369.6,2826.6,2560
93734.107,40,2394.6,2836.6,2524.2
93734.147,40,2496.6,2836,2416.2
93734.187,40,2631.4,2775.6,2313
93734.227,40,2728.2,2670.8,2237.4
93734.267,40,2774.8,2585,2198
93734.307,40,2793.8,2545.6,2176
93734.347,40,2786.8,2537,2176.4
93734.387,40,2781.2,2572.8,2189.6
93734.427,40,2767,2598.6,2199.6
93734.467,40,2753,2629.4,2222.4
93734.507,40,2704.6,2693.2,2258.8
93734.547,40,2621.2,2776.6,2325.6
93734.587,40,2498.2,2835.2,2422.8
93734.627,40,2375.6,2838.4,2543.2
93734.667,40,2313.4,2797.2,2625.6
93734.707,40,2322.6,2808.8,2610.6
93734.747,40,2386.4,2840,2534.6
93734.787,40,2479.4,2836.8,2438.8
93734.827,40,2582.6,2809.6,2350.2
93734.867,40,2666,2739.8,2285.2
93734.907,40,2727.4,2668.8,2246.6
93734.947,40,2750.8,2634.4,2217.8
93734.987,40,2745.6,2645.4,2222.8
93735.027,40,2726.2,2668.6,2240
93735.067,40,2699,2701,2261
93735.107,40,2639.8,2757,2303.2
93735.147,40,2556.4,2817.4,2374.6
93735.187,40,2453.8,2844,2457.6
93735.227,40,2376.2,2834.8,2545.2
93735.267,40,2356,2826.2,2578.4
93735.307,40,2384.8,2837.6,2538
93735.347,40,2453.6,2847.8,2462.2
93735.387,40,2540.2,2822.6,2384.4
93735.427,40,2618,2782.8,2323.6
93735.467,40,2664.2,2738.8,2290.4
93735.507,40,2666.4,2736.8,2287.2
93735.547,40,2645.2,2762,2308.6
93735.587,40,2613.4,2786.4,2328.2
93735.627,40,2558.6,2811.2,2371.6
93735.667,40,2500.8,2834.6,2429.8
93735.707,40,2419.6,2839.4,2501.4
93735.747,40,2354.2,2823.4,2576.2
93735.787,40,2341.8,2817.4,2592.2
93735.827,40,2400.2,2843.6,2517.2
93735.867,40,2505.2,2837.8,2417
93735.907,40,2612,2785.6,2325.4
93735.947,40,2694.2,2712.2,2267.4
93735.987,40,2733.4,2659,2234.8
93736.027,40,2728.6,2669,2237.8
93736.067,40,2702.8,2694.6,2253.8
93736.107,40,2690.4,2720.6,2271.4
93736.147,40,2645.2,2761.8,2300.8
93736.187,40,2580.4,2807,2350.6
93736.227,40,2486.6,2843.2,2429.6
93736.267,40,2402.4,2841.6,2513.4
93736.307,40,2369.4,2826.8,2550.4
93736.347,40,2436,2846.2,2486.6
93736.387,40,2545.2,2824.6,2384.4
93736.427,40,2653,2754.4,2296
93736.467,40,2729.6,2661.4,2235
93736.507,40,2773.4,2594.2,2202.4
93736.547,40,2781.6,2577.8,2190
93736.587,40,2772.8,2592,2200.4
93736.627,40,2756.6,2621.6,2210.8
93736.667,40,2732.6,2663.4,2239.2
93736.707,40,2689.8,2708.2,2264
93736.747,40,2620.8,2779.6,2321.8
93736.787,40,2528,2831.4,2397.2
93736.827,40,2416.2,2843,2500.2
93736.867,40,2338.6,2816.6,2588.2
93736.907,40,2379.4,2836.4,2542.8
93736.947,40,2492.8,2844.4,2430.4
93736.987,40,2624.2,2780.8,2323.6
93737.027,40,2723.2,2681.2,2244.2
93737.067,40,2770.4,2594.6,2202.6
93737.107,40,2785.4,2564.4,2185.8
93737.147,40,2784.4,2565.4,2191
93737.187,40,2770.8,2593.4,2199.8
93737.227,40,2759,2617.6,2216.2
93737.267,40,2740.4,2659.6,2234.6
93737.307,40,2692.4,2709.8,2271.4
93737.347,40,2610.8,2784.8,2325.6
93737.387,40,2503.6,2834.4,2416.8
93737.427,40,2399.6,2837.8,2523.2
93737.467,40,2340.6,2817,2590.2
93737.507,40,2390.6,2835,2529.6
93737.547,40,2485.6,2846.2,2430
93737.587,40,2592.2,2799.4,2341.8
93737.627,40,2680.8,2728.2,2277.6
93737.667,40,2721.8,2672.4,2240.6
93737.707,40,2721,2674.2,2242
93737.747,40,2703.2,2702,2258.6
93737.787,40,2665.6,2737.4,2290.8
93737.827,40,2620.4,2774.8,2320
93737.867,40,2560,2818.8,2375.2
93737.907,40,2476,2841.8,2438.2
93737.947,40,2387.6,2837.4,2529.8
93737.987,40,2334.4,2812.2,2598.2
93738.027,40,2345.6,2819,2580.4
93738.067,40,2417.6,2844,2501
93738.107,40,2507.4,2836.4,2407.2
93738.147,40,2600,2795,2336
93738.187,40,2659,2748,2290.2
93738.227,40,2671.8,2735.2,2277.6
93738.267,40,2649.2,2753,2299.6
93738.307,40,2603.6,2784,2335.4
93738.347,40,2563.6,2818.6,2364.8
93738.387,40,2500.2,2840.8,2420.4
93738.427,40,2427,2846.8,2486.4
93738.467,40,2363.8,2830.4,2558.2
93738.507,40,2334.6,2816.4,2586.4
93738.547,40,2379.4,2830.4,2537.2
93738.587,40,2467.8,2846.8,2449.6
93738.627,40,2563.4,2817,2362.6
93738.667,40,2643,2758.4,2298.6
93738.707,40,2693.4,2713.8,2265.6
93738.747,40,2692,2716,2263.2
93738.787,40,2675.6,2730.4,2281.4
93738.827,40,2639.6,2762.8,2305.2
93738.867,40,2590.8,2796.2,2342.2
93738.907,40,2520.8,2823.4,2397.4
93738.947,40,2451.2,2840.8,2466.2
93738.987,40,2384,2840.2,2529.6
93739.027,40,2379.2,2830.4,2542.4
93739.067,40,2441.4,2849.6,2479.4
93739.107,40,2524.8,2833.4,2395
93739.147,40,2617,2781.4,2329.2
93739.187,40,2674,2731.4,2282.2
93739.227,40,2696.8,2710.6,2263.8
93739.267,40,2671.4,2727.2,2278.2
93739.307,40,2654.8,2743.2,2294.6
93739.347,40,2611.8,2783.2,2323.2
93739.387,40,2549,2815.4,2380
93739.427,40,2473.2,2839.6,2435
93739.467,40,2403.4,2837.2,2508.6
93739.507,40,2372.6,2828.4,2544.8
93739.547,40,2405,2839.2,2509.2
93739.587,40,2478.8,2845.4,2442
93739.627,40,2572.4,2810.6,2356.4
93739.667,40,2653.4,2743.8,2290.8
93739.707,40,2713.2,2691.8,2247
93739.747,40,2727.4,2675,2239.6
93739.787,40,2706.6,2690.6,2251
93739.827,40,2671.8,2730.2,2277.6
93739.867,40,2632.2,2765.6,2309.8
93739.907,40,2579.6,2804.8,2351.8
93739.947,40,2515.8,2833,2407.8
93739.987,40,2461.4,2840,2456.6
93740.027,40,2436.8,2844,2474.6
93740.067,40,2466.8,2844.6,2448.2
93740.107,40,2536.2,2828.2,2393
93740.147,40,2603.2,2788.4,2331.4
93740.187,40,2660.2,2748,2287.6
93740.227,40,2690.8,2712,2268.6
93740.267,40,2695.6,2713.6,2262.2
93740.307,40,2664.2,2736.2,2284.8
93740.347,40,2630.2,2769.6,2316.2
93740.387,40,2571.6,2809,2357.6
93740.427,40,2490.8,2843.4,2422.6
93740.467,40,2415.8,2838.4,2502.8
93740.507,40,2363.4,2828.6,2564.6
93740.547,40,2358.6,2830.6,2567
93740.587,40,2413.8,2841.8,2508.4
93740.627,40,2474.8,2844.8,2444.4
93740.667,40,2526.8,2832.6,2392.8
93740.707,40,2550.4,2816,2376.4
93740.747,40,2538,2825.6,2386.6
93740.787,40,2508,2831,2412
93740.827,40,2482.2,2839,2430.4
93740.867,40,2451.8,2843.6,2460.8
93740.907,40,2426,2845.8,2489.6
93740.947,40,2421,2844.2,2493.2
93740.987,40,2440.4,2847,2474.4
93741.027,40,2479.6,2840.2,2437
93741.067,40,2553.4,2818,2372
93741.107,40,2618,2779.8,2322.2
93741.147,40,2677.4,2731,2280.4
93741.187,40,2704.8,2691.8,2255.2
93741.227,40,2713,2694,2254.2
93741.267,40,2689.8,2717,2272.8
93741.307,40,2663.4,2746.8,2287
93741.347,40,2625.6,2772,2313.6
93741.387,40,2580.4,2807.4,2357.8
93741.427,40,2524.2,2830.2,2396
93741.467,40,2508.8,2838.8,2412
93741.507,40,2556.8,2815.6,2368
93741.547,40,2635.8,2773.4,2311.2
93741.587,40,2692.2,2710.8,2265.6
93741.627,40,2733,2662.4,2235.2
93741.667,40,2746.2,2642.4,2225.6
93741.707,40,2728.8,2673,2239.2
93741.747,40,2696.2,2704.8,2261
93741.787,40,2641,2757.4,2301
93741.827,40,2560.6,2807.8,2368.4
93741.867,40,2467.4,2839.2,2443.8
93741.907,40,2388.8,2837,2529.8
93741.947,40,2355,2816.6,2565
93741.987,40,2413.2,2838.8,2503.8
93742.027,40,2511.8,2839.2,2409.6
93742.067,40,2600.8,2787.4,2334.8
93742.107,40,2667.4,2734.4,2283
93742.147,40,2700,2699.6,2258.8
93742.187,40,2687.8,2714,2266.4
93742.227,40,2659,2744.8,2293
93742.267,40,2618.6,2779.4,2320.4
93742.307,40,2565.6,2811.6,2365.4
93742.347,40,2490.2,2836.4,2430.6
93742.387,40,2416.2,2842.2,2503.4
93742.427,40,2363.2,2822.6,2560
93742.467,40,2388.2,2837.2,2527
93742.507,40,2467.4,2841.4,2452.2
93742.547,40,2557,2819,2377.4
93742.587,40,2614.2,2784.4,2327.4
93742.627,40,2636.8,2764.4,2304.8
93742.667,40,2623.4,2774.2,2318.8
93742.707,40,2590,2802.8,2348.2
93742.747,40,2545,2818.8,2381.8
93742.787,40,2488.2,2842.4,2434.6
93742.827,40,2411.2,2840.8,2505.4
93742.867,40,2350.2,2823.4,2575
93742.907,40,2320.4,2800.4,2613
93742.947,40,2341.8,2822,2590.2
93742.987,40,2404.4,2844.2,2516
93743.027,40,2482.2,2842.6,2438
93743.067,40,2544.2,2822,2380
93743.107,40,2595,2797.2,2342.6
93743.147,40,2588.8,2798.2,2346.4
93743.187,40,2559.6,2815.8,2362.2
93743.227,40,2524.8,2829.8,2399.2
93743.267,40,2461.8,2840.8,2450.6
93743.307,40,2400.8,2842.4,2514
93743.347,40,2354.2,2822.8,2574
93743.387,40,2345.4,2814,2585.6
93743.427,40,2394,2836.2,2521.8
93743.467,40,2479.2,2843,2438.6
93743.507,40,2567.8,2811.2,2363
93743.547,40,2627.6,2772.8,2311.2
93743.587,40,2636.8,2762.8,2306
93743.627,40,2617.6,2780.6,2320.4
93743.667,40,2591.6,2795.6,2338.2
93743.707,40,2549.8,2820.4,2378.4
93743.747,40,2497.8,2836,2421.2
93743.787,40,2438.2,2841.6,2481.8
93743.827,40,2399,2839.8,2518.4
93743.867,40,2410.8,2844,2509.4
93743.907,40,2467.4,2846.6,2452.2
93743.947,40,2534.8,2828.2,2391.2
93743.987,40,2587.6,2802.8,2346.4
93744.027,40,2584.2,2802.6,2343.4
93744.067,40,2551.4,2825,2371.2
93744.107,40,2517.4,2835.2,2400.6
93744.147,40,2479.6,2842.4,2436.4
93744.187,40,2433.4,2842.4,2491.4
93744.227,40,2387,2840.4,2530.8
93744.267,40,2379.6,2832.2,2542.6
93744.307,40,2421,2848,2495.2
93744.347,40,2494.4,2837.8,2427.4
93744.387,40,2568,2813,2363
93744.427,40,2608.8,2792.2,2334
93744.467,40,2604,2789.8,2336.4
93744.507,40,2571.8,2806.8,2357.4
93744.547,40,2548.6,2823.4,2382.8
93744.587,40,2501.6,2841.6,2421.4
93744.627,40,2450.2,2849.6,2463
93744.667,40,2425.4,2843.2,2492.4
93744.707,40,2446,2841.8,2466.4
93744.747,40,2509.8,2836.2,2412.4
93744.787,40,2569.2,2811.4,2355.8
93744.827,40,2598.4,2792.2,2334.8
93744.867,40,2588.4,2797.8,2345.6
93744.907,40,2560.2,2817.6,2367.4
93744.947,40,2535,2826.6,2390.8
93744.987,40,2487.4,2836.8,2432.2
93745.027,40,2437,2844.4,2474.8
93745.067,40,2419.2,2843,2498.2
93745.107,40,2443.4,2847,2473
93745.147,40,2509.8,2837,2411.2
93745.187,40,2578.4,2808.2,2357
93745.227,40,2609.8,2783,2326.8
93745.267,40,2606,2790.6,2330.2
93745.307,40,2567.2,2807,2362.8
93745.347,40,2530.4,2826.2,2387.6
93745.387,40,2474.8,2841.4,2445.6
93745.427,40,2410.8,2845.4,2502.8
93745.467,40,2370.2,2829.2,2552
93745.507,40,2385.4,2836.4,2532.6
93745.547,40,2460.6,2848.2,2452.8
93745.587,40,2544.6,2822,2382.2
93745.627,40,2607.4,2787.8,2336
93745.667,40,2619.6,2780,2321.2
93745.707,40,2590.6,2796,2340.4
93745.747,40,2560,2813.4,2365.6
93745.787,40,2520.2,2831.2,2403.4
93745.827,40,2459,2842.6,2457.6
93745.867,40,2401,2840,2516.8
93745.907,40,2354.4,2821,2570.8
93745.947,40,2373.2,2830.4,2554.8
93745.987,40,2431.6,2850.2,2482.6
93746.027,40,2514.8,2836.6,2410
93746.067,40,2575.4,2807.2,2355.6
93746.107,40,2610,2786.2,2328.8
93746.147,40,2595.8,2797.8,2340.2
93746.187,40,2565.2,2811.2,2358.6
93746.227,40,2521.8,2830,2396.2
93746.267,40,2474,2842,2445.6
93746.307,40,2417.4,2841.6,2498
93746.347,40,2373,2828.6,2546.4
93746.387,40,2369,2830.6,2551
93746.427,40,2411.8,2838.8,2498.2
93746.467,40,2485.8,2842.8,2438
93746.507,40,2548,2823.2,2378
93746.547,40,2591.6,2798.4,2342.8
93746.587,40,2596.8,2793.4,2339.6
93746.629,42,2561.8,2800.4,2361.2
93746.669,40,2528,2825.2,2392.2
93746.709,40,2473.2,2839.2,2443.6
93746.749,40,2418.4,2840.6,2500.4
93746.789,40,2374.4,2833.2,2549.2
93746.83,41,2367.4,2832.8,2565.8
93746.87,40,2402,2842.2,2512.6
93746.91,40,2473.8,2844,2442
93746.95,40,2544.2,2820.4,2380
93746.99,40,2603.6,2796.2,2339.2
93747.03,40,2620.2,2782,2317.4
93747.07,40,2595,2799.2,2345.2
93747.11,40,2548.4,2810.8,2372
93747.15,40,2494.2,2837,2421.8
93747.19,40,2430,2841.4,2490.8
93747.232,42,2365,2828,2563.2
93747.272,40,2328,2809.6,2604
93747.312,40,2344.4,2821.8,2586
93747.352,40,2405.6,2834,2507.4
93747.392,40,2491.8,2845,2429
93747.432,40,2560,2815.4,2361
93747.472,40,2612.8,2786.2,2326
93747.512,40,2612.6,2787,2324
93747.552,40,2587.2,2799.2,2341.4
93747.592,40,2552.2,2821.2,2377.6
93747.632,40,2495.8,2839.2,2420.2
93747.672,40,2425.6,2847.4,2489.6
93747.712,40,2365.8,2828.4,2552.6
93747.752,40,2336,2815,2593.6
93747.792,40,2379.8,2836.8,2542.2
93747.832,40,2481.8,2845.8,2436.8
93747.872,40,2590.4,2802.4,2347.2
93747.912,40,2664.4,2735,2279
93747.952,40,2706.6,2704.8,2257.6
93747.992,40,2698,2705.6,2266.4
93748.032,40,2675.8,2724.6,2273.8
93748.072,40,2655,2747.6,2296.4
93748.112,40,2614.8,2784.4,2325.2
93748.152,40,2540.8,2823.6,2387.4
93748.192,40,2447,2839.6,2468.6
93748.232,40,2353.8,2827.8,2565.2
93748.272,40,2299,2780.2,2640.8
93748.312,40,2317.6,2799.6,2619
93748.352,40,2388.6,2837.4,2526.2
93748.392,40,2488.2,2842.6,2426.2
93748.432,40,2585.8,2800,2344.4
93748.472,40,2657,2746.2,2291.6
93748.512,40,2693.2,2709.8,2269
93748.552,40,2689.4,2715.8,2265.4
93748.592,40,2658.4,2747.6,2291
93748.632,40,2618.4,2781.8,2322.8
93748.672,40,2559.8,2817.8,2368
93748.712,40,2474.8,2843.8,2441.8
93748.752,40,2396,2839.8,2526.6
93748.792,40,2328.6,2808.8,2599.4
93748.832,40,2337.4,2815,2591.6
93748.872,40,2403.8,2839.6,2512
93748.912,40,2492.2,2844.4,2428.6
93748.952,40,2574,2808.6,2358.8
93748.992,40,2625.2,2774.6,2314.6
93749.032,40,2642,2757.8,2301.4
93749.072,40,2621,2776.4,2320.4
93749.112,40,2587.6,2800.4,2348.2
93749.152,40,2540.8,2825.6,2382.6
93749.192,40,2480,2842.8,2435.8
93749.232,40,2416.2,2841.8,2500.4
93749.272,40,2369.8,2827.8,2552.8
93749.312,40,2364.4,2832.4,2559.4
93749.352,40,2422,2843.8,2498.8
93749.392,40,2501.6,2839.6,2419.6
93749.432,40,2570.2,2813.4,2359
93749.472,40,2624.4,2777.8,2318.4
93749.512,40,2621,2772.2,2316.2
93749.552,40,2597.4,2796.8,2336.6
93749.592,40,2564.4,2812,2365.8
93749.632,40,2513.8,2830.8,2407.2
93749.672,40,2450.6,2848.4,2463.6
93749.712,40,2399,2845.8,2522.4
93749.752,40,2372.2,2832.4,2552.4
93749.792,40,2407.6,2841.6,2518
93749.832,40,2481.4,2844.4,2439.2
93749.872,40,2561.6,2817.6,2372.4
93749.912,40,2620.2,2779.6,2319.8
93749.952,40,2645.6,2759.6,2300.4
93749.992,40,2623.6,2781.2,2318.6
93750.032,40,2597.2,2795.2,2338.2
93750.072,40,2554.4,2822.2,2370
93750.112,40,2494.2,2840,2425
93750.152,40,2427.4,2848.8,2487
93750.192,40,2376.4,2834.8,2543.4
93750.232,40,2362.4,2828,2564.6
93750.272,40,2409.2,2841.6,2505.2
93750.312,40,2493.4,2841.6,2423.6
93750.352,40,2574.6,2805,2354.2
93750.392,40,2622.2,2777.4,2320.6
93750.432,40,2622,2781.8,2313
93750.472,40,2597.6,2797.2,2337.6
93750.512,40,2573.2,2808.4,2357.6
93750.552,40,2533.4,2829,2387.8
93750.592,40,2476.4,2844.6,2445.8
93750.632,40,2413.4,2848.4,2501
93750.672,40,2369.8,2830.8,2549
93750.712,40,2379.4,2834.2,2543
93750.752,40,2435.8,2845,2478.4
93750.792,40,2516,2830.6,2399.2
93750.832,40,2585.4,2802.4,2344.8
93750.872,40,2631,2776.6,2314.2
93750.912,40,2626,2775.8,2317
93750.952,40,2604,2790,2337.6
93750.992,40,2569,2814.4,2360
93751.032,40,2516.8,2832.4,2399.8
93751.072,40,2459,2840.6,2459.8
93751.112,40,2408.6,2847,2519.4
93751.152,40,2371.8,2828.4,2545
93751.192,40,2394.2,2840.8,2526.2
93751.232,40,2449.4,2847.6,2468
93751.272,40,2516.4,2835.8,2405.6
93751.312,40,2572.8,2804.8,2359.8
93751.352,40,2602.4,2793.8,2337.2
93751.392,40,2576.6,2806,2357.2
93751.432,40,2550.2,2824.6,2375.4
93751.472,40,2503,2839.2,2423.2
93751.512,40,2444.6,2843,2475
93751.552,40,2384.2,2838,2537
93751.592,40,2344,2813.4,2583.8
93751.632,40,2356.6,2825.2,2566.8
93751.672,40,2431.8,2849.4,2482.6
93751.712,40,2527.6,2827.8,2393
93751.752,40,2608.8,2785,2328.2
93751.792,40,2649.2,2754,2295.4
93751.832,40,2642.8,2763,2308.2
93751.872,40,2616,2784.8,2325
93751.912,40,2588,2798.8,2339.4
93751.952,40,2539.8,2819.4,2380.2
93751.992,40,2481.4,2837.8,2438.2
93752.032,40,2421.2,2842.8,2496.8
93752.072,40,2387.4,2838,2530
93752.112,40,2422.4,2842.8,2501
93752.152,40,2497.4,2835.6,2425.4
93752.192,40,2579.2,2803.8,2355
93752.232,40,2641.6,2764.4,2306.2
93752.272,40,2662.8,2745.4,2293.2
93752.312,40,2648.6,2754.4,2299.8
93752.352,40,2625,2770.4,2315.2
93752.392,40,2587.4,2800,2347
93752.432,40,2535.4,2820.8,2385.8
93752.472,40,2469.6,2837.8,2439.4
93752.512,40,2419.4,2840.8,2499
93752.552,40,2388,2837,2530.6
93752.592,40,2417.2,2842.2,2499
93752.632,40,2491.2,2843.6,2424.2
93752.672,40,2579.8,2805.2,2353.2
93752.712,40,2640,2761.6,2304.8
93752.752,40,2669,2735.4,2284.6
93752.792,40,2657.2,2753.2,2296.4
93752.832,40,2628,2772.4,2317.2
93752.872,40,2580.8,2806.4,2355.4
93752.912,40,2511,2834.6,2405.4
93752.952,40,2445,2842.4,2476.4
93752.992,40,2383.8,2836.8,2538.4
93753.032,40,2348.4,2818,2581
93753.072,40,2371.8,2832,2546.8
93753.112,40,2438,2846,2475.8
93753.152,40,2517.6,2829.4,2398.8
93753.192,40,2586.4,2806.6,2349.8
93753.232,40,2627.2,2773.4,2316.2
93753.272,40,2617.8,2774,2319.6
93753.312,40,2594.4,2797.6,2344.6
93753.352,40,2551.4,2814.8,2371
93753.392,40,2491.8,2845.2,2422.6
93753.432,40,2441.4,2843.2,2482.6
93753.472,40,2383.2,2838.8,2541.2
93753.512,40,2352,2820.2,2576.4
93753.552,40,2376.4,2832.6,2538.8
93753.592,40,2454.4,2845.4,2464.6
93753.632,40,2539,2821.6,2380.2
93753.672,40,2611,2785.2,2324.2
93753.712,40,2640.8,2765.2,2307.4
93753.752,40,2624.2,2776.6,2315.2
93753.792,40,2593.6,2794.4,2340
93753.832,40,2555.4,2817,2373
93753.872,40,2497.8,2841.2,2420.2
93753.912,40,2440.4,2844.8,2479
93753.952,40,2387.8,2841,2535.6
93753.992,40,2366,2831.6,2555.2
93754.032,40,2409.8,2840.6,2510.4
93754.072,40,2485.8,2839.4,2435.2
93754.112,40,2563.6,2817.6,2364.2
93754.152,40,2612.6,2788.4,2327.4
93754.192,40,2619.6,2779.8,2323.6
93754.232,40,2591.4,2794.6,2347.2
93754.272,40,2562.2,2815,2370.2
93754.312,40,2513.6,2837.8,2410.2
93754.352,40,2452,2851.2,2469.8
93754.392,40,2389.4,2842.4,2530.2
93754.432,40,2346.4,2818.8,2577.6
93754.472,40,2352,2822.4,2575.2
93754.512,40,2410.2,2841.8,2499.8
93754.552,40,2501.2,2836.2,2417.8
93754.592,40,2575.8,2813,2360.8
93754.632,40,2617.6,2783.6,2327.8
93754.672,40,2606.8,2789.2,2330.4
93754.712,40,2579,2805.2,2353
93754.752,40,2546.2,2818.4,2379.8
93754.792,40,2493,2838.6,2423.2
93754.832,40,2429.2,2843.2,2489.4
93754.872,40,2361.2,2833.6,2559
93754.912,40,2320.6,2797.2,2613
93754.952,40,2328.4,2802.8,2607
93754.992,40,2379.2,2833.6,2538.2
93755.032,40,2450.2,2846.6,2468.6
93755.072,40,2519.6,2828.8,2396.2
93755.112,40,2576,2811.6,2357.8
93755.152,40,2588.8,2803.6,2346.8
93755.192,40,2556.4,2813.8,2367
93755.232,40,2520.2,2831.2,2397.6
93755.272,40,2465.8,2841.4,2452.8
93755.312,40,2401.8,2840.2,2517.4
93755.352,40,2346.6,2819.2,2577.4
93755.392,40,2307,2792.4,2619.8
93755.432,40,2325.4,2796.6,2609.2
93755.472,40,2387.8,2838,2535.2
93755.512,40,2464.6,2848.4,2453.8
93755.552,40,2540.8,2823.2,2379.8
93755.592,40,2598.4,2798.2,2341
93755.632,40,2590.2,2800.4,2339
93755.672,40,2563.6,2819.2,2366.8
93755.712,40,2517.2,2840.4,2409
93755.752,40,2451.2,2846.2,2468.8
93755.792,40,2385.2,2835.8,2539.2
93755.832,40,2326.6,2808.4,2603.8
93755.872,40,2307.6,2795,2637.2
93755.912,40,2356,2825,2562.8
93755.952,40,2459.8,2845.6,2454.8
93755.992,40,2565.6,2811.8,2366.4
93756.032,40,2637,2767.6,2305.4
93756.072,40,2654.8,2750.4,2292.2
93756.112,40,2643,2761.8,2299
93756.152,40,2628.6,2773.6,2319.8
93756.192,40,2585.4,2798.2,2348.8
93756.232,40,2523.4,2832.2,2397.6
93756.272,40,2448.8,2845,2467.8
93756.312,40,2375.2,2839.2,2542.6
93756.352,40,2347.4,2826,2579.2
93756.392,40,2398.4,2838,2519.4
93756.432,40,2482.4,2840.6,2435.8
93756.472,40,2571.8,2812.6,2362.2
93756.512,40,2628.6,2775.8,2316.6
93756.552,40,2637.4,2764,2305.6
93756.592,40,2606.2,2784.2,2325.2
93756.632,40,2574.4,2810,2359.8
93756.672,40,2529.2,2832.4,2396.4
93756.712,40,2461,2845.6,2458.2
93756.752,40,2391.8,2842,2525.8
93756.792,40,2344.4,2816.6,2589.6
93756.832,40,2333.6,2808.8,2600
93756.872,40,2376.8,2835.4,2546.4
93756.912,40,2451,2846.2,2463.8
93756.952,40,2528.6,2834.2,2392.2
93756.992,40,2587.8,2801.8,2345.8
93757.032,40,2609.4,2790.4,2331.4
93757.072,40,2582.6,2807,2354.8
93757.112,40,2551.4,2813.4,2376
93757.152,40,2496.8,2838.2,2423.8
93757.192,40,2429.8,2844.4,2490.8
93757.232,40,2359.8,2821,2566.8
93757.272,40,2311.8,2796.6,2624
93757.312,40,2308.8,2793,2623.6
93757.352,40,2358,2822.8,2561
93757.392,40,2441.4,2844.8,2473.4
93757.432,40,2525.8,2827.8,2398.8
93757.472,40,2588.2,2796.4,2339.6
93757.512,40,2611,2787.4,2331.4
93757.552,40,2585.2,2805.8,2346.4
93757.592,40,2564,2817,2370.6
93757.632,40,2510.6,2834.2,2404.6
93757.672,40,2452.4,2843.4,2464.4
93757.712,40,2391,2838.2,2525.8
93757.752,40,2350.4,2822.4,2582.2
93757.792,40,2341.4,2813.8,2587.8
93757.832,40,2386.4,2835.2,2534
93757.872,40,2458.2,2843.4,2457.2
93757.912,40,2534,2823,2387.4
93757.952,40,2588,2801.4,2350.6
93757.992,40,2603.2,2793.2,2332.2
93758.032,40,2575,2809.4,2357.2
93758.072,40,2544.8,2823,2381.2
93758.112,40,2489.6,2837.2,2428
93758.152,40,2432,2846,2485.2
93758.192,40,2378.2,2835.4,2543
93758.232,40,2337,2820.8,2587
93758.272,40,2354,2824.8,2575
93758.312,40,2410.6,2841.8,2510.2
93758.352,40,2480.8,2844,2442.2
93758.392,40,2551.8,2822.4,2380.2
93758.432,40,2595.6,2795.6,2341.4
93758.472,40,2604,2790.6,2337.8
93758.512,40,2576.2,2811,2354.8
93758.552,40,2534.6,2825.4,2392.4
93758.592,40,2479,2842.4,2441.2
93758.632,40,2416,2843.6,2504.4
93758.672,40,2365.4,2827.6,2565.2
93758.712,40,2338.4,2817,2593.6
93758.752,40,2370.8,2830.2,2550
93758.792,40,2438.8,2844.2,2478.8
93758.832,40,2513.2,2834.8,2405.6
93758.872,40,2586,2802.6,2347.6
93758.912,40,2617,2780.4,2322.4
93758.952,40,2615.4,2783.2,2325.8
93758.992,40,2588,2798.4,2349.2
93759.032,40,2550.6,2819.2,2378
93759.072,40,2493.4,2841.2,2425
93759.112,40,2428.6,2844.8,2489
93759.152,40,2374.8,2833.2,2559.4
93759.192,40,2331.6,2808.4,2600
93759.232,40,2342.2,2815.6,2587.6
93759.272,40,2402.2,2834.6,2513.4
93759.312,40,2479,2838.6,2437
93759.352,40,2561.4,2819.8,2368.8
93759.392,40,2606.2,2789,2328.8
93759.432,40,2606.2,2790,2333.6
93759.472,40,2584.4,2802.2,2349.8
93759.512,40,2551.6,2822,2377.8
93759.552,40,2493.4,2838.6,2421.8
93759.592,40,2430.8,2846.6,2486.4
93759.632,40,2374,2835.4,2548
93759.672,40,2335.8,2815.2,2596.4
93759.712,40,2343.6,2820.6,2584.4
93759.752,40,2412.4,2838,2509.4
93759.792,40,2493,2841.8,2427.6
93759.832,40,2565.4,2812,2364
93759.872,40,2618,2778.2,2318.4
93759.912,40,2620.8,2776.4,2319.2
93759.952,40,2597.6,2793,2339
93759.992,40,2564.8,2814.2,2363
93760.032,40,2508,2837,2409.8
93760.072,40,2445,2846.8,2473
93760.112,40,2388.6,2837.4,2539
93760.152,40,2343.4,2813.6,2585.6
93760.192,40,2340.4,2819.4,2587.8
93760.232,40,2402.2,2842,2510.2
93760.272,40,2486.6,2838.8,2435.2
93760.312,40,2566.2,2816.4,2363.6
93760.352,40,2618.8,2780.4,2322.8
93760.392,40,2629.8,2773,2308.6
93760.432,40,2606.2,2784.6,2327.8
93760.472,40,2573.2,2804.4,2356
93760.512,40,2523.4,2832,2395
93760.552,40,2458.6,2846.6,2460.4
93760.592,40,2392,2840.4,2522.6
93760.632,40,2340.6,2820.2,2588.8
93760.672,40,2318,2797.8,2610.8
93760.712,40,2360.8,2824.4,2568.2
93760.752,40,2430,2844,2489.8
93760.792,40,2509.2,2840.2,2414
93760.832,40,2569.4,2811.2,2359
93760.872,40,2600.8,2796.8,2333.8
93760.912,40,2583.4,2805.4,2347.2
93760.952,40,2558,2816,2366
93760.992,40,2512.4,2836.4,2410.8
93761.032,40,2451.4,2843.2,2465
93761.072,40,2384.4,2827.8,2532.8
93761.112,40,2326.6,2807.4,2606.8
93761.152,40,2317.4,2801.8,2609
93761.192,40,2387.2,2838.2,2532.8
93761.232,40,2484.6,2841.8,2430.6
93761.272,40,2584.8,2803.8,2347.8
93761.312,40,2632.4,2769.2,2309.8
93761.352,40,2647.2,2755,2298
93761.392,40,2637,2762.8,2307
93761.432,40,2615,2786.2,2326.8
93761.472,40,2586.2,2807.6,2352.2
93761.512,40,2520,2828.8,2406.4
93761.552,40,2434.4,2844.2,2489.4
93761.592,40,2344.4,2821.8,2583.2
93761.632,40,2288,2777.2,2652.8
93761.672,40,2309.8,2794.8,2632.4
93761.712,40,2371.8,2829,2557.4
93761.752,40,2456.6,2844.2,2466.4
93761.792,40,2537.6,2826.6,2385.4
93761.832,40,2602.8,2791.2,2339
93761.872,40,2636.6,2768.6,2304.6
93761.912,40,2627,2774,2315
93761.952,40,2587.2,2801.8,2342.6
93761.992,40,2548.8,2821.4,2375.4
93762.032,40,2487.6,2842.6,2426.2
93762.072,40,2421.4,2841,2496.6
93762.112,40,2361.6,2825.2,2564.4
93762.152,40,2330.2,2812.8,2594.8
93762.192,40,2366,2830.8,2561.4
93762.232,40,2439.4,2846.2,2477.4
93762.272,40,2529.6,2833.4,2393.6
93762.312,40,2604.8,2792.6,2332.4
93762.352,40,2644.8,2765.2,2299.4
93762.392,40,2630,2779.2,2314.4
93762.432,40,2598.6,2797.2,2341.2
93762.472,40,2567,2812.6,2365.2
93762.512,40,2511.8,2834.6,2403.4
93762.552,40,2461.6,2843.6,2455.6
93762.592,40,2407,2837.4,2511
93762.632,40,2369.2,2836,2554.2
93762.672,40,2381.8,2838.6,2536.2
93762.712,40,2444,2847.6,2472.8
93762.752,40,2521.8,2831,2398.6
93762.792,40,2589.4,2799.8,2343.6
93762.832,40,2628.8,2778.6,2310.8
93762.872,40,2626.8,2768.8,2314.4
93762.912,40,2606.6,2792.2,2335.2
93762.952,40,2568.4,2813.2,2362
93762.992,40,2517.8,2832.6,2405.2
93763.032,40,2459.8,2845.4,2460.6
93763.072,40,2406.8,2839,2514.2
93763.112,40,2375.2,2833.2,2543.2
93763.152,40,2402.2,2841.2,2515
93763.192,40,2470.8,2840.6,2446.8
93763.232,40,2538.4,2828.2,2381
93763.272,40,2599,2790.4,2335.6
93763.312,40,2627.8,2772.4,2316.2
93763.352,40,2618,2783,2326.4
93763.392,40,2589.4,2797.6,2346.4
93763.432,40,2540.2,2820.4,2379.8
93763.472,40,2481.8,2838,2430.8
93763.512,40,2422.6,2844,2499.6
93763.552,40,2369.6,2830,2560.2
93763.592,40,2355,2823.2,2559.4
93763.632,40,2400.4,2839.2,2516.8
93763.672,40,2472.8,2846.2,2444.8
93763.712,40,2545,2820.4,2380.6
93763.752,40,2601,2789.8,2325.2
93763.792,40,2617.4,2779,2321.4
93763.832,40,2593.4,2797.8,2341.8
93763.872,40,2571,2810.8,2362.8
93763.912,40,2519,2830.8,2398.6
93763.952,40,2475.4,2846.6,2447.6
93763.992,40,2414.2,2846.6,2508
93764.032,40,2369.6,2829.4,2552.6
93764.072,40,2365,2829.8,2555.6
93764.112,40,2407.6,2839.4,2513
93764.152,40,2473,2846.6,2441.4
93764.192,40,2542.2,2820.6,2381.4
93764.232,40,2600.8,2788,2331.4
93764.272,40,2634.6,2765.2,2306.6
93764.312,40,2622.8,2773.2,2319.8
93764.352,40,2584.8,2796,2348
93764.392,40,2536.4,2825.4,2384.2
93764.432,40,2474.8,2843.4,2440.8
93764.472,40,2421.6,2843.8,2502.8
93764.512,40,2369.8,2831,2553.4
93764.552,40,2360.8,2823.4,2567.2
93764.592,40,2397.6,2841.2,2521.2
93764.632,40,2458.4,2846.6,2456
93764.672,40,2535,2826.4,2390
93764.712,40,2588.6,2797.2,2345
93764.752,40,2617,2781.4,2328
93764.792,40,2605.8,2791.2,2337.4
93764.832,40,2570.6,2810.4,2358.4
93764.872,40,2522.2,2824.8,2398.4
93764.912,40,2470.4,2844,2449.6
93764.952,40,2408.8,2842.8,2508.2
93764.992,40,2375,2832.6,2548.8
93765.032,40,2382.2,2835.6,2540.6
93765.072,40,2439.8,2844,2477.6
93765.112,40,2510.6,2840.8,2410.6
93765.152,40,2579.6,2810.8,2352.4
93765.192,40,2623.4,2778,2317
93765.232,40,2627.4,2771.6,2314.2
93765.272,40,2598.8,2793,2334.2
93765.312,40,2565.2,2815.2,2361.4
93765.352,40,2513.4,2829.4,2402.4
93765.392,40,2460.8,2845.8,2456.6
93765.432,40,2401.2,2838.2,2518.4
93765.472,40,2353.6,2827.2,2570.8
93765.512,40,2363.2,2834.8,2559.4
93765.552,40,2416.6,2844.4,2499.4
93765.592,40,2482.2,2844.2,2428.8
93765.632,40,2547,2826.8,2374.8
93765.672,40,2588.6,2798.4,2345.4
93765.712,40,2592.6,2797.2,2341
93765.752,40,2561,2815,2369.4
93765.792,40,2530.8,2827.2,2392
93765.832,40,2479.2,2841.2,2441.2
93765.872,40,2416.6,2847.6,2502.6
93765.912,40,2366.2,2821.2,2558
93765.952,40,2343.4,2814.6,2587.4
93765.992,40,2379.8,2835.8,2535.4
93766.032,40,2457.6,2843.2,2460.8
93766.072,40,2533.6,2827.2,2388.4
93766.112,40,2598.6,2794.8,2336
93766.152,40,2629.6,2774.6,2316.8
93766.192,40,2609.2,2780.8,2328
93766.232,40,2582.4,2803,2346.6
93766.272,40,2533.8,2821.2,2384.6
93766.312,40,2480.8,2835.6,2435.4
93766.352,40,2422.2,2844.4,2495.6
93766.392,40,2374.2,2826.2,2550.4
93766.432,40,2373,2831.4,2546
93766.472,40,2428.6,2843.6,2488.6
93766.512,40,2499.6,2837.6,2414.6
93766.552,40,2575.6,2810.2,2355.6
93766.592,40,2607,2788.8,2333.2
93766.632,40,2614.2,2785.2,2326.8
93766.672,40,2584.8,2801.6,2345.2
93766.712,40,2552.2,2814.6,2372.2
93766.752,40,2493,2836.2,2416
93766.792,40,2433.6,2845.4,2479.2
93766.832,40,2377.4,2826.4,2540.4
93766.872,40,2346.2,2819.4,2579
93766.912,40,2365.8,2830.6,2553.2
93766.952,40,2429.4,2844.4,2485.4
93766.992,40,2514,2835.6,2411
93767.032,40,2580.4,2807.2,2358.4
93767.072,40,2612,2784.8,2328.4
93767.112,40,2605.4,2783.8,2329
93767.152,40,2582.4,2800,2347.2
93767.192,40,2541.4,2820.4,2373.6
93767.232,40,2494.8,2831,2420
93767.272,40,2423.8,2843.8,2489.8
93767.312,40,2366.8,2827.6,2564.4
93767.352,40,2317.6,2804.2,2606.4
93767.392,40,2374.8,2829.4,2550.8
93767.432,40,2496.8,2842.2,2424.4
93767.472,40,2626,2769.8,2313.6
93767.512,40,2717.4,2687.6,2245.8
93767.552,40,2742.4,2646,2226.6
93767.592,40,2750.6,2641.4,2222.8
93767.632,40,2735.2,2656.4,2230.8
93767.672,40,2729,2670.8,2239.4
93767.712,40,2720.6,2677.2,2246.2
93767.752,40,2703,2695.2,2255
93767.792,40,2662,2743.4,2291.6
93767.939,147,2315.6,2799.6,2618
93767.979,40,2387.2,2839.6,2530
93768.019,40,2520,2833.4,2405.8
93768.059,40,2652,2756.6,2294
93768.099,40,2742.6,2642,2223
93768.139,40,2776.8,2583.4,2191.8
93768.179,40,2778,2567,2188.6
93768.219,40,2774.8,2579,2193.2
93768.259,40,2765.4,2602.4,2206.4
93768.299,40,2759.2,2618.8,2213.8
93768.339,40,2749.4,2636,2223.2
93768.379,40,2725.2,2673.8,2245.6
93768.419,40,2650.4,2751.6,2298.4
93768.459,40,2546.4,2820.8,2377.8
93768.499,40,2442.2,2844.8,2470.2
93768.539,40,2388.2,2842.2,2529.4
93768.579,40,2441,2845.4,2464
93768.619,40,2548.2,2823.4,2377.8
93768.659,40,2639.8,2767,2302.2
93768.699,40,2712.4,2685.2,2249.6
93768.739,40,2742.8,2646.8,2225.8
93768.779,40,2747.6,2650,2226.8
93768.819,40,2729.2,2669.2,2236.4
93768.859,40,2697.6,2706.8,2266.8
93768.899,40,2657.6,2745.4,2292.2
93768.939,40,2599,2792.8,2340.4
93768.979,40,2522.6,2831.8,2398.6
93769.019,40,2449.6,2846.4,2472.2
93769.059,40,2402,2842.4,2513.2
93769.099,40,2430.4,2846.6,2490.6
93769.139,40,2494.4,2841.8,2422.6
93769.179,40,2586.8,2802.4,2345.2
93769.219,40,2664.2,2744.6,2286.2
93769.259,40,2708.8,2694.2,2253.8
93769.299,40,2724,2681.2,2250
93769.339,40,2706.4,2704.8,2259
93769.379,40,2673.6,2728.4,2281.6
93769.419,40,2628,2771.2,2314.6
93769.459,40,2558.6,2818.8,2369.6
93769.499,40,2465.4,2843.8,2448
93769.539,40,2383.8,2836,2535.6
93769.579,40,2339.4,2816.8,2588.4
93769.619,40,2380.4,2834.6,2541
93769.659,40,2463.6,2850,2448
93769.699,40,2570.4,2809.2,2355.4
93769.739,40,2661.6,2748,2290.6
93769.779,40,2705.6,2701.2,2256.4
93769.819,40,2711,2692.2,2253.6
93769.859,40,2683.8,2716,2271.6
93769.899,40,2665.6,2739.4,2285.4
93769.939,40,2623.4,2777.2,2313.2
93769.979,40,2567.4,2812.8,2359.8
93770.019,40,2480.6,2842.6,2433.8
93770.059,40,2401,2840.2,2512.6
93770.099,40,2344.2,2817.4,2579.4
93770.139,40,2363.8,2831.8,2567.6
93770.179,40,2453,2842.8,2460
93770.219,40,2568.4,2816.2,2358.4
93770.259,40,2663.6,2739.6,2287.6
93770.299,40,2716.2,2685.8,2249.4
93770.339,40,2723.2,2675,2239.8
93770.379,40,2705,2699.4,2259.6
93770.419,40,2686.6,2722.4,2269.4
93770.459,40,2664.6,2743.8,2291.6
93770.499,40,2624,2777,2321
93770.539,40,2559.4,2816.8,2372
93770.579,40,2474.6,2846.2,2446.2
93770.619,40,2397,2841.6,2526.4
93770.659,40,2342,2813,2583.2
93770.699,40,2370,2831.8,2550.4
93770.739,40,2456.6,2846,2456.2
93770.779,40,2568.8,2809.8,2356.4
93770.819,40,2671.4,2738.8,2284.8
93770.859,40,2720.8,2680.4,2242.6
93770.899,40,2741.4,2652.6,2230.6
93770.939,40,2720.8,2677.4,2245.2
93770.979,40,2690.2,2709.6,2263.6
93771.019,40,2653.6,2759.2,2301
93771.059,40,2576.4,2807.6,2357.4
93771.099,40,2481.2,2841.2,2432
93771.139,40,2385.8,2836.8,2528
93771.179,40,2317,2802.4,2613.6
93771.219,40,2310.8,2793.8,2631.4
93771.259,40,2357,2824.2,2571.4
93771.299,40,2435,2844.4,2485.6
93771.339,40,2528.4,2829,2396.2
93771.379,40,2617.2,2777.6,2320.4
93771.419,40,2688.6,2716,2264.6
93771.459,40,2729.6,2669.8,2241.4
93771.499,40,2732.4,2668.6,2238
93771.539,40,2696,2706.6,2268.4
93771.579,40,2647.2,2752.6,2299.4
93771.619,40,2594.6,2801,2346.2
93771.659,40,2515.6,2834,2406.6
93771.699,40,2440.6,2844.8,2476.6
93771.739,40,2384.8,2837.2,2537.2
93771.779,40,2396.6,2838,2526.6
93771.819,40,2454.8,2847.6,2467.4
93771.859,40,2539.6,2829.8,2387.4
93771.899,40,2635.8,2778.6,2314.2
93771.939,40,2713.4,2690.6,2254.2
93771.979,40,2770.8,2600.8,2204.2
93772.019,40,2795.6,2527,2170
93772.059,40,2799,2478.2,2148
93772.099,40,2799.6,2455,2146.4
93772.139,40,2800.2,2471,2149.4
93772.179,40,2796.4,2495.8,2159.4
93772.219,40,2792.6,2533.4,2177.4
93772.259,40,2766.6,2612,2209.2
93772.299,40,2704.4,2698,2259.6
93772.339,40,2609,2789,2329.8
93772.379,40,2491.2,2842.2,2429
93772.419,40,2395.8,2844.2,2524.4
93772.459,40,2405,2839,2508.6
93772.499,40,2482.6,2838.2,2439.2
93772.539,40,2584.8,2800.4,2348.4
93772.579,40,2696.2,2704.4,2263.2
93772.619,40,2776.6,2583.8,2198.4
93772.659,40,2799.2,2483.4,2155.8
93772.699,40,2780,2410.6,2129.2
93772.739,40,2762.4,2362.8,2113.6
93772.779,40,2757,2357.8,2111.4
93772.819,40,2775.6,2386,2117
93772.859,40,2794.4,2425.8,2134.8
93772.899,40,2802.8,2477,2156.6
93772.939,40,2790,2548.8,2179.6
93772.979,40,2748.8,2634.2,2224.6
93773.019,40,2662.4,2741,2287
93773.059,40,2541.8,2819.8,2383.4
93773.099,40,2418.4,2842.6,2495.2
93773.139,40,2348,2820.6,2583.2
93773.179,40,2378.4,2833,2538.2
93773.219,40,2459.4,2843.4,2455.6
93773.259,40,2569.8,2809.6,2359.2
93773.299,40,2681,2724.4,2266.6
93773.339,40,2767.4,2606,2203.8
93773.379,40,2798.4,2500.4,2160.2
93773.419,40,2785.6,2419.6,2128.4
93773.459,40,2777.2,2377.8,2117.8
93773.499,40,2767.2,2368.4,2114.4
93773.539,40,2776.4,2390.6,2122.4
93773.579,40,2791,2424.6,2132.6
93773.619,40,2799.2,2463.8,2148
93773.659,40,2792.4,2518.8,2172.8
93773.699,40,2775.8,2581,2197.4
93773.739,40,2734,2657.2,2238
93773.779,40,2665,2741,2288.2
93773.819,40,2571.8,2801.8,2354.4
93773.859,40,2467.8,2843.4,2449.2
93773.899,40,2391,2845,2528.6
93773.939,40,2415.8,2842,2504.6
93773.979,40,2495.4,2838,2419.8
93774.019,40,2599.8,2790,2332.8
93774.059,40,2697.4,2708.6,2260.2
93774.099,40,2758,2614.4,2209
93774.139,40,2791,2532.6,2179.6
93774.179,40,2799.2,2478.8,2152.6
93774.219,40,2801.2,2454.8,2143.4
93774.259,40,2799.6,2448.2,2141.8
93774.299,40,2801.4,2459.6,2144
93774.339,40,2795,2476,2149.6
93774.379,40,2797.2,2492.4,2159.8
93774.419,40,2791.8,2517.8,2168.2
93774.459,40,2785,2555.4,2190
93774.499,40,2759.6,2619.6,2219.2
93774.539,40,2705.4,2693,2258.2
93774.579,40,2621.8,2772.4,2319.6
93774.619,40,2524,2828.4,2392.2
93774.659,40,2475.8,2844.4,2439.6
93774.699,40,2534.8,2821.4,2383.2
93774.739,40,2639.6,2758.2,2303.8
93774.779,40,2735,2659.8,2232.8
93774.819,40,2786.8,2551,2182
93774.859,40,2797,2472.4,2149.8
93774.899,40,2786.4,2411,2134.4
93774.939,40,2779,2392.6,2116
93774.979,40,2773.4,2391.8,2125.6
93775.019,40,2789,2415.6,2129.8
93775.059,40,2793.6,2438.4,2137.8
93775.099,40,2795.6,2451.8,2147.4
93775.139,40,2796.8,2479.8,2154.6
93775.179,40,2792.8,2513.4,2167.8
93775.219,40,2787,2567.6,2191.4
93775.259,40,2749.8,2629.8,2223
93775.299,40,2688.8,2716.4,2273.8
93775.339,40,2584.4,2796,2346.2
93775.379,40,2474.4,2841.6,2442.8
93775.419,40,2412.4,2841,2498
93775.459,40,2470.4,2840.6,2446.2
93775.499,40,2564.6,2810,2366.8
93775.539,40,2671,2738.8,2281.8
93775.579,40,2752,2632.6,2218.2
93775.619,40,2794.6,2530.2,2175.2
93775.659,40,2795.8,2452,2141
93775.699,40,2778.4,2401,2119.8
93775.739,40,2775,2376.8,2117.8
93775.779,40,2773,2379.8,2118
93775.819,40,2782,2398.6,2125.6
93775.859,40,2785.2,2414.2,2130.2
93775.899,40,2792.4,2434.4,2136.8
93775.939,40,2796.2,2450,2146.4
93775.979,40,2798,2492.6,2158.4
93776.019,40,2785,2548.4,2182.8
93776.059,40,2758.8,2616.4,2213
93776.099,40,2699.2,2692.6,2263.4
93776.139,40,2614.6,2781.6,2322.8
93776.179,40,2518.2,2832.6,2405
93776.219,40,2434.2,2843.4,2483
93776.259,40,2454.6,2843.8,2465.2
93776.299,40,2530.8,2830.6,2388.6
93776.339,40,2635.6,2763.8,2315.4
93776.379,40,2713,2680.4,2249.2
93776.419,40,2769,2592.2,2205.2
93776.459,40,2793,2526.2,2176.4
93776.499,40,2796.2,2475.2,2153.4
93776.539,40,2789.2,2443.4,2138.4
93776.579,40,2792.4,2432.2,2139.8
93776.619,40,2794,2449.4,2146.4
93776.659,40,2801.4,2470.6,2148.8
93776.699,40,2790,2498.4,2161
93776.739,40,2790.4,2534.2,2174.4
93776.779,40,2772.4,2592.2,2198.8
93776.819,40,2727.8,2658.2,2235
93776.859,40,2662.8,2735.4,2288.2
93776.899,40,2566.2,2813.6,2362.6
93776.939,40,2451.6,2842.8,2462
93776.979,40,2410,2843.2,2503.6
93777.019,40,2469.8,2844,2447.2
93777.059,40,2563.4,2812.4,2362.6
93777.099,40,2666,2740.4,2288
93777.139,40,2747.6,2642.4,2225.4
93777.179,40,2784.6,2540.2,2175.8
93777.219,40,2797.4,2474,2146
93777.259,40,2786,2418.8,2133.4
93777.299,40,2780.8,2396.8,2123.6
93777.339,40,2776.8,2393,2123.8
93777.379,40,2789.2,2419.8,2134.2
93777.419,40,2793.8,2459.6,2147.2
93777.459,40,2792.2,2507,2161.6
93777.499,40,2779.8,2582,2195.4
93777.539,40,2726.4,2672.6,2243.4
93777.579,40,2632.2,2764.2,2312.6
93777.619,40,2513.6,2832,2403.2
93777.659,40,2407.6,2841,2509.4
93777.699,40,2382.6,2835.8,2541.4
93777.739,40,2441.2,2847.8,2478.6
93777.779,40,2528.6,2827.8,2395
93777.819,40,2637,2768.8,2308.2
93777.859,40,2711.4,2685,2250.4
93777.899,40,2758,2615.6,2213.6
93777.939,40,2788.8,2554.8,2187.6
93777.979,40,2790,2526.4,2171.6
93778.019,40,2797.4,2513.6,2164.4
93778.059,40,2794.6,2525,2172.8
93778.099,40,2790.4,2548.4,2177.2
93778.139,40,2781.4,2556.2,2184
93778.179,40,2778.6,2579,2193
93778.219,40,2767.8,2601.8,2206.8
93778.259,40,2743.4,2642.6,2227.2
93778.299,40,2702.6,2705.8,2265.2
93778.339,40,2622.6,2776,2320.6
93778.379,40,2515.8,2832.4,2402.8
93778.419,40,2413.8,2842.6,2501.6
93778.459,40,2356.2,2829.8,2574
93778.499,40,2397.8,2840.2,2517.8
93778.539,40,2475.2,2846.4,2444.2
93778.579,40,2571.8,2814.2,2360
93778.619,40,2650.4,2751.8,2300.2
93778.659,40,2708.6,2693.4,2253.6
93778.699,40,2746.2,2643,2217.4
93778.739,40,2763.8,2606.2,2206.2
93778.779,40,2771.4,2585.4,2196.6
93778.819,40,2777.4,2586.4,2201
93778.859,40,2764.6,2606.6,2203.6
93778.899,40,2758,2623.8,2213
93778.939,40,2750.8,2637.8,2220.6
93778.979,40,2735.8,2648.8,2226.6
93779.019,40,2722.4,2680.6,2251
93779.059,40,2683.4,2717.2,2272.2
93779.099,40,2630,2768.6,2309.8
93779.139,40,2563.6,2810.8,2365
93779.179,40,2477.4,2841.2,2440.6
93779.219,40,2401,2842.8,2518.4
93779.259,40,2377.2,2834.8,2539.4
93779.299,40,2442.6,2846.4,2477.4
93779.339,40,2546,2825.4,2375.8
93779.379,40,2662.6,2747.6,2290
93779.419,40,2740.2,2647,2226.2
93779.459,40,2787.2,2557.2,2183.4
93779.499,40,2798.4,2491,2155.8
93779.539,40,2801,2444,2143
93779.579,40,2790.2,2431,2136.2
93779.619,40,2797.8,2440.2,2138.6
93779.659,40,2794.2,2461.6,2149.8
93779.699,40,2793.4,2476.4,2153.4
93779.739,40,2794.4,2474,2154.4
93779.779,40,2798.8,2489.8,2159.4
93779.819,40,2795.4,2517.6,2166.6
93779.859,40,2786.4,2544.8,2179.6
93779.899,40,2770.2,2594.8,2204.6
93779.939,40,2728.8,2660.2,2237.2
93779.979,40,2675.2,2733.4,2282.8
93780.019,40,2581,2796.8,2353.8
93780.059,40,2476.2,2844.4,2439.4
93780.099,40,2405.8,2841.8,2506.8
93780.139,40,2447.8,2844.6,2468.4
93780.179,40,2533.2,2828,2392.6
93780.219,40,2632,2767.6,2309.8
93780.259,40,2716.6,2686.6,2249.6
93780.299,40,2765.4,2604,2205.2
93780.339,40,2786.4,2535.8,2174.8
93780.379,40,2798.2,2491.4,2156.2
93780.419,40,2800.4,2471.6,2150.8
93780.459,40,2802.6,2463.4,2144.6
93780.499,40,2793.2,2477.2,2156
93780.539,40,2795.8,2500.6,2165.4
93780.579,40,2794,2517.6,2168.4
93780.619,40,2791.8,2526.4,2174.4
93780.659,40,2787.4,2553.8,2182.6
93780.699,40,2769.8,2594.8,2198.8
93780.739,40,2739,2647.6,2230.4
93780.779,40,2687.6,2718.6,2273.2
93780.819,40,2609,2785.8,2337.6
93780.859,40,2502.4,2838.8,2418.2
93780.899,40,2406.4,2842,2516.8
93780.939,40,2353.4,2821.8,2570.4
93780.979,40,2403.6,2839.2,2522
93781.019,40,2479.2,2838,2436
93781.059,40,2585.8,2799.8,2346.4
93781.099,40,2675.2,2725,2273.6
93781.139,40,2745.6,2644.6,2221.6
93781.179,40,2780.2,2570.2,2188.2
93781.219,40,2795.8,2524,2170
93781.259,40,2792.8,2491.2,2161.6
93781.299,40,2792.2,2490.2,2156.8
93781.339,40,2795.4,2498,2164
93781.379,40,2793.6,2522.4,2170
93781.419,40,2792.2,2529.4,2174
93781.459,40,2790,2534.4,2176.4
93781.499,40,2788.4,2550,2183.6
93781.539,40,2780.2,2580.2,2195
93781.579,40,2764.8,2610.6,2211
93781.619,40,2730.4,2665.2,2244.2
93781.659,40,2656.8,2741.2,2290.4
93781.699,40,2554.4,2814.2,2371.4
93781.739,40,2442.2,2845.2,2469.8
93781.779,40,2353.4,2830,2569
93781.819,40,2361.8,2822,2571.8
93781.859,40,2420.2,2844.8,2494.6
93781.899,40,2526,2827.4,2399
93781.939,40,2628,2766.4,2315.2
93781.979,40,2709.8,2691.4,2251.4
93782.019,40,2755.2,2616.2,2209.2
93782.059,40,2784.2,2552.6,2187.4
93782.099,40,2789.2,2524.8,2171.8
93782.139,40,2790.2,2515.4,2166.6
93782.179,40,2793,2535,2173.4
93782.219,40,2788,2553.8,2187.8
93782.259,40,2779.4,2567,2187
93782.299,40,2776.8,2573.4,2193
93782.339,40,2775.6,2584.6,2200.6
93782.379,40,2767.8,2597.6,2200.4
93782.419,40,2759,2624,2215.4
93782.459,40,2728.8,2661.4,2237.4
93782.499,40,2666.6,2740,2289
93782.539,40,2561.4,2813,2366.4
93782.579,40,2442.2,2845.6,2476
93782.619,40,2350.8,2822.2,2575.8
93782.659,40,2381.4,2838.2,2540.8
93782.699,40,2455.2,2845.6,2461
93782.739,40,2558.2,2819,2371.4
93782.779,40,2645,2755,2303.8
93782.819,40,2713.2,2689.4,2248.6
93782.859,40,2756.6,2631,2217.2
93782.899,40,2773.8,2585.6,2197.4
93782.939,40,2780.6,2565.8,2188.8
93782.979,40,2784.6,2568.8,2191
93783.019,40,2775.2,2588.6,2199.6
93783.059,40,2766.2,2610.4,2213.6
93783.099,40,2760.4,2613.4,2211.2
93783.139,40,2764,2611.6,2211.8
93783.179,40,2753.8,2629.8,2217.8
93783.219,40,2746.2,2636.6,2221.8
93783.259,40,2744.6,2646,2223.6
93783.299,40,2737,2653.4,2231
93783.339,40,2726.2,2666.4,2239
93783.379,40,2706.6,2693,2256.2
93783.419,40,2657.2,2743.4,2292.4
93783.459,40,2570.6,2807.6,2361.4
93783.499,40,2451.8,2850.2,2464.6
93783.539,40,2362.8,2826.2,2562.6
93783.579,40,2382,2837,2537.6
93783.619,40,2470.6,2845.8,2446.4
93783.659,40,2570.6,2809.8,2356.4
93783.699,40,2660.2,2748.6,2286
93783.739,40,2729.6,2672.8,2241
93783.779,40,2764.6,2607.6,2207.8
93783.819,40,2778.6,2589,2197.4
93783.859,40,2764.8,2604.8,2205.8
93783.899,40,2747,2636.6,2223.2
93783.939,40,2738.2,2647.8,2228.4
93783.979,40,2738.2,2653.4,2232.6
93784.019,40,2730.4,2658.2,2234
93784.059,40,2729.4,2659.4,2237.8
93784.099,40,2728.6,2671.6,2237.6
93784.139,40,2714.6,2677,2243.8
93784.179,40,2718.2,2683.6,2250.6
93784.219,40,2711,2688.2,2256
93784.259,40,2705.4,2699.4,2258
93784.299,40,2704.2,2705.8,2260.6
93784.339,40,2683.4,2721.6,2274.4
93784.379,40,2636.6,2765.4,2306.4
93784.419,40,2538.6,2822.4,2381.6
93784.459,40,2410.8,2843,2503.4
93784.499,40,2323.2,2803.6,2613.6
93784.539,40,2342.6,2816,2582.2
93784.579,40,2420.4,2844.4,2498.2
93784.619,40,2511.6,2837.6,2409.8
93784.659,40,2596.2,2798.2,2344
93784.699,40,2653.4,2754.2,2294
93784.739,40,2694.8,2715.2,2261.8
93784.779,40,2712.2,2691,2255.2
93784.819,40,2714.8,2683,2248.6
93784.859,40,2706.2,2702.8,2256.6
93784.899,40,2694.2,2709.6,2265.8
93784.939,40,2684.2,2717,2271.4
93784.979,40,2688.2,2722.4,2268.8
93785.019,40,2676.4,2723.8,2279.8
93785.059,40,2668.4,2736.8,2279
93785.099,40,2665.8,2741.6,2290.6
93785.139,40,2648.8,2751,2298.2
93785.179,40,2615.6,2786.2,2327.8
93785.219,40,2529.4,2829.6,2388.4
93785.259,40,2424.4,2845.4,2495.8
93785.299,40,2324.6,2808.6,2608.2
93785.339,40,2284.4,2774.6,2663.4
93785.379,40,2324.2,2804.8,2609.2
93785.419,40,2400.6,2843.6,2517
93785.459,40,2502,2834,2415.8
93785.499,40,2601.8,2791.4,2334.2
93785.539,40,2681.2,2718.2,2274.4
93785.579,40,2738.8,2657,2234.6
93785.619,40,2759,2612.8,2209.6
93785.659,40,2766.2,2608.6,2207.6
93785.699,40,2751.6,2634.2,2222.6
93785.739,40,2733.8,2673.6,2242
93785.779,40,2703,2697,2254.8
93785.819,40,2676,2735,2285.4
93785.859,40,2629.8,2767.4,2313.2
93785.899,40,2559.4,2813.6,2372.6
93785.939,40,2462.2,2838.6,2454
93785.979,40,2362.6,2828.6,2561.8
93786.019,40,2286.4,2772.8,2656.2
93786.059,40,2307,2788,2629.6
93786.099,40,2413.2,2844.6,2505
93786.139,40,2565.8,2809.2,2362.6
93786.179,40,2711,2687.4,2246.4
93786.219,40,2782.8,2558.2,2182
93786.259,40,2806,2483.4,2155.4
93786.299,40,2800.4,2462.4,2149
93786.339,40,2793.2,2471.4,2150
93786.379,40,2795.6,2482.2,2155.4
93786.419,40,2799,2487.2,2160
93786.459,40,2791.8,2501,2166.2
93786.499,40,2792.2,2527.4,2177.8
93786.539,40,2768,2598.4,2200.8
93786.579,40,2691.6,2708.8,2268.6
93786.619,40,2553.4,2815.4,2373.6
93786.659,40,2398.4,2839.6,2522.6
93786.699,40,2336.2,2812.4,2592.4
93786.739,40,2421.8,2847,2493.2
93786.779,40,2574.2,2807.6,2358
93786.819,40,2733.4,2665.2,2234.8
93786.859,40,2800,2501.4,2160.6
93786.899,40,2785.6,2420.8,2132
93786.939,40,2785,2410.4,2130
93786.979,40,2784.2,2418.8,2133.2
93787.019,40,2787,2429,2134.4
93787.059,40,2793,2428.8,2133.2
93787.099,40,2792.8,2427.6,2136.2
93787.139,40,2796.6,2441.6,2138.6
93787.179,40,2797.8,2482,2153.6
93787.219,40,2784.4,2552.4,2182.6
93787.259,40,2724.2,2669.2,2244.4
93787.299,40,2589.6,2799,2342.8
93787.339,40,2427,2842.8,2486.4
93787.379,40,2338.4,2814.4,2588
93787.419,40,2399.8,2840.6,2517.8
93787.459,40,2532.4,2824.4,2388.2
93787.499,40,2696.4,2708,2265.2
93787.539,40,2791.2,2553.8,2181.4
93787.579,40,2800.6,2474.2,2150.2
93787.619,40,2789.6,2461.6,2146.4
93787.659,40,2797.6,2452.8,2144
93787.699,40,2796.8,2444.8,2140.4
93787.739,40,2795.4,2422.2,2133.8
93787.779,40,2785.2,2416.6,2132.4
93787.819,40,2791.4,2431,2135.4
93787.859,40,2795.2,2471.6,2149.4
93787.899,40,2783.8,2555,2184
93787.939,40,2720.4,2677.4,2247.4
93787.979,40,2591.2,2795.6,2342.4
93788.019,40,2435,2846.6,2476
93788.059,40,2328.8,2807.2,2611
93788.099,40,2346,2811.8,2586
93788.139,40,2465.8,2845,2452.6
93788.179,40,2636,2772.2,2312.6
93788.219,40,2763.6,2610.2,2205.8
93788.259,40,2798.4,2491,2159.8
93788.299,40,2804.6,2459.8,2149.8
93788.339,40,2797.6,2478.8,2149.8
93788.379,40,2800.8,2479.6,2155.2
93788.419,40,2800.4,2479.6,2151.4
93788.459,40,2800.2,2475,2150.8
93788.499,40,2796.8,2491.8,2157
93788.539,40,2792,2522.8,2170.8
93788.579,40,2772.8,2584,2197.4
93788.619,40,2717.2,2678.2,2246
93788.659,40,2605.8,2786,2331.6
93788.699,40,2465.2,2846.6,2453.8
93788.739,40,2348.6,2817.8,2584.2
93788.779,40,2351.8,2823.8,2574
93788.819,40,2468.4,2847.2,2449.4
93788.859,40,2629.8,2776.6,2317.8
93788.899,40,2753,2619.8,2211.4
93788.939,40,2796.4,2497.8,2158.8
93788.979,40,2794.8,2448.8,2142.6
93789.019,40,2795.6,2446,2140.8
93789.059,40,2795.2,2451.2,2144.4
93789.099,40,2800.2,2468.8,2148.6
93789.139,40,2800.2,2479,2153.4
93789.179,40,2797.4,2504.4,2163
93789.219,40,2786.8,2545,2181.4
93789.259,40,2749.4,2634.2,2221
93789.299,40,2663,2742.2,2287.6
93789.339,40,2536.6,2827.8,2386.8
93789.379,40,2417.2,2843,2500.8
93789.419,40,2409.2,2839.2,2509.2
93789.459,40,2528.6,2822.8,2394.6
93789.499,40,2679.6,2727.6,2277.2
93789.539,40,2781,2578.8,2192
93789.579,40,2794.8,2460.6,2147.4
93789.619,40,2785.2,2410.8,2130.6
93789.659,40,2783.8,2399.4,2123.8
93789.699,40,2792.2,2414.8,2134.8
93789.739,40,2791.6,2450.6,2142.2
93789.779,40,2795.2,2493,2155.4
93789.819,40,2790.4,2541.8,2179.8
93789.859,40,2756.4,2622.6,2218
93789.899,40,2673.6,2727.6,2275.2
93789.939,40,2565.4,2811.6,2365.8
93789.979,40,2442,2845.8,2475.2
93790.019,40,2383,2836.8,2535.4
93790.059,40,2442.6,2843.6,2466.8
93790.099,40,2570.4,2813.2,2359.4
93790.139,40,2685,2715.8,2266.8
93790.179,40,2766.6,2611.8,2203.4
93790.219,40,2794.2,2521.8,2163.4
93790.259,40,2798.4,2470.4,2152.2
93790.299,40,2798.8,2475,2145.8
93790.339,40,2793,2504.6,2162.6
93790.379,40,2778.4,2562.2,2185.4
93790.419,40,2755.4,2628,2217
93790.459,40,2696.4,2706.2,2268
93790.499,40,2601.4,2792.4,2337
93790.539,40,2488.2,2842.6,2435
93790.579,40,2391.8,2838.2,2528.8
93790.619,40,2325,2809.6,2612
93790.659,40,2287.2,2771.8,2662
93790.699,40,2275.4,2762,2671.8
93790.739,40,2280.6,2771.6,2661.4
93790.779,40,2278.6,2767.8,2665.2
93790.819,40,2273,2759.4,2675.6
93790.859,40,2263.6,2752.4,2680.2
93790.899,40,2263.8,2741.2,2687
93790.939,40,2256.2,2736.2,2696.2
93790.979,40,2248.6,2732.6,2706.8
93791.019,40,2245.4,2724,2712.2
93791.059,40,2247.6,2718.2,2713.4
93791.099,40,2239.2,2712,2720.8
93791.139,40,2234.8,2705,2727
93791.179,40,2226.8,2701.6,2732.8
93791.219,40,2220.6,2691,2740.6
93791.259,40,2219.6,2685.8,2748
93791.299,40,2217,2685.6,2749.2
93791.339,40,2212,2672.6,2756.4
93791.379,40,2207,2662.4,2764.6
93791.419,40,2204.4,2653.4,2767.4
93791.459,40,2199.8,2644.4,2772
93791.499,40,2197.4,2642.6,2780
93791.539,40,2189.4,2634.8,2785.2
93791.579,40,2185.4,2622.6,2787.4
93791.619,40,2179,2618.2,2792.6
93791.659,40,2176,2605.4,2799
93791.699,40,2173.8,2597.6,2796.6
93791.739,40,2174.4,2596.4,2796.4
93791.779,40,2164.8,2582.2,2803.6
93791.819,40,2163.2,2575.8,2808.2
93791.859,40,2160.2,2564.4,2807
93791.899,40,2155.8,2557.2,2813.6
93791.939,40,2153,2543,2815.8
93791.979,40,2151.2,2539,2818
93792.019,40,2147.2,2536,2814.6
93792.059,40,2145,2524.6,2819.2
93792.099,40,2143.2,2511.8,2817.8
93792.139,40,2137.6,2508,2819.4
93792.179,40,2137.2,2500,2823
93792.219,40,2132,2497.4,2823
93792.259,40,2131.2,2484.8,2818.2
93792.299,40,2131.8,2481.2,2816.4
93792.339,40,2121,2470.2,2818.2
93792.379,40,2120.8,2463.4,2818.4
93792.419,40,2116,2449,2819.6
93792.459,40,2115,2441.8,2812.4
93792.499,40,2119.6,2458.2,2816.4
93792.539,40,2136.8,2505.2,2816
93792.579,40,2174.8,2597.4,2796
93792.619,40,2229.2,2704.2,2733.4
93792.659,40,2310.6,2787.8,2624.8
93792.699,40,2397.2,2835.4,2521
93792.739,40,2471.2,2840.8,2449
93792.779,40,2509,2837.4,2410.4
93792.819,40,2505.8,2836.8,2418.2
93792.859,40,2472.4,2842.6,2450.6
93792.899,40,2421.2,2845,2495.2
93792.939,40,2356,2819.8,2573.4
93792.979,40,2282,2761.8,2669.2
93793.019,40,2204,2654.4,2764.8
93793.059,40,2144.8,2526.8,2809.4
93793.099,40,2102.4,2415.8,2802.6
93793.139,40,2096.4,2386,2794.6
93793.179,40,2111.6,2424.8,2814.2
93793.219,40,2140.2,2505.2,2817
93793.259,40,2179.2,2605,2791.2
93793.299,40,2242,2719.4,2718.8
93793.339,40,2323.4,2806.8,2610.2
93793.379,40,2417.6,2843.8,2501
93793.419,40,2500.6,2834.4,2416.2
93793.459,40,2559.8,2816.8,2368.2
93793.499,40,2589.6,2804.8,2345.2
93793.539,40,2574,2809.8,2356.8
93793.579,40,2541,2820.6,2382.2
93793.619,40,2486.6,2841.4,2431.8
93793.659,40,2411.2,2840.8,2508.2
93793.699,40,2326.8,2802.8,2605.8
93793.739,40,2248.2,2715.2,2712.8
93793.779,40,2178.2,2602.2,2792.2
93793.819,40,2126,2479.6,2813.8
93793.859,40,2096,2382.2,2791.8
93793.899,40,2100.4,2399,2795.4
93793.939,40,2122.4,2459,2817.4
93793.979,40,2156.2,2557,2807.8
93794.019,40,2214.4,2676.2,2756
93794.059,40,2296.2,2772.8,2651.8
93794.099,40,2380.4,2837.6,2536.6
93794.139,40,2466.2,2848,2453.8
93794.179,40,2535.4,2826.6,2391.2
93794.219,40,2566.2,2811.8,2363.4
93794.259,40,2543.4,2822.8,2382.8
93794.299,40,2493.6,2836.6,2422.2
93794.339,40,2440,2846.4,2473
93794.379,40,2372.6,2832.6,2552.4
93794.419,40,2297.4,2783.8,2645.4
93794.459,40,2226.8,2686,2742.2
93794.499,40,2164.4,2573.2,2805.6
93794.539,40,2120,2459.4,2819.6
93794.579,40,2093.8,2382,2791.2
93794.619,40,2101,2406.8,2805.4
93794.659,40,2122,2471,2815.8
93794.699,40,2161.6,2569.2,2810
93794.739,40,2222.4,2683.6,2743
93794.779,40,2302.8,2783.2,2635.4
93794.819,40,2391.4,2837.8,2529.4
93794.859,40,2471,2839.8,2442.6
93794.899,40,2531.6,2828.2,2391.4
93794.939,40,2557.8,2821.6,2374.6
93794.979,40,2526.8,2834,2399.6
93795.019,40,2471.6,2844.4,2449.8
93795.059,40,2407.6,2841.2,2511.4
93795.099,40,2334.4,2811.6,2603
93795.139,40,2258.8,2740.8,2698.8
93795.179,40,2185.2,2627.8,2782.8
93795.219,40,2135.4,2510.6,2819.2
93795.259,40,2101.4,2401.2,2798.8
93795.299,40,2102.2,2388.8,2792.6
93795.339,40,2118.8,2460.6,2813.6
93795.379,40,2168.2,2582.8,2803.6
93795.419,40,2247.6,2723.8,2711.6
93795.459,40,2355.4,2823.4,2565.6
93795.499,40,2479,2836.8,2435.8
93795.539,40,2572.2,2805.6,2356.2
93795.579,40,2602.8,2783.2,2327.6
93795.619,40,2593.2,2791.8,2339.6
93795.659,40,2549,2818.2,2371.2
93795.699,40,2489,2839.6,2424.6
93795.739,40,2409.6,2843,2503.2
93795.779,40,2325.4,2801.6,2604.4
93795.819,40,2239.4,2713.6,2717.2
93795.859,40,2168.2,2587.6,2802.4
93795.899,40,2121.4,2459.8,2814.2
93795.939,40,2095.8,2383.8,2784.6
93795.979,40,2107.6,2414.8,2802.8
93796.019,40,2139,2517.4,2819
93796.059,40,2205.2,2663,2764.4
93796.099,40,2309.2,2789.6,2636.6
93796.139,40,2431.6,2842.6,2484.8
93796.179,40,2551.8,2818.6,2372
93796.219,40,2630.8,2769,2311.8
93796.259,40,2650.4,2753,2303
93796.299,40,2609.2,2778.6,2325
93796.339,40,2566.6,2811.6,2365.2
93796.379,40,2484.2,2835.8,2430.6
93796.419,40,2399.2,2844.8,2518.2
93796.459,40,2305.8,2784.4,2633.4
93796.499,40,2221.2,2681.6,2741.6
93796.539,40,2159,2551.4,2812.4
93796.579,40,2113.2,2434.6,2811
93796.619,40,2096,2384.6,2783.2
93796.659,40,2113.6,2434.6,2813.4
93796.699,40,2153.6,2544.2,2812.4
93796.739,40,2222.8,2691.2,2742.4
93796.779,40,2335.2,2805.8,2597
93796.819,40,2460.2,2841,2459.6
93796.859,40,2573.6,2808.4,2355.8
93796.899,40,2653.2,2751.8,2299
93796.939,40,2674.4,2734.4,2280.4
93796.979,40,2652,2750.4,2292.6
93797.019,40,2608.8,2787.8,2329.6
93797.059,40,2532.8,2822.6,2388
93797.099,40,2452.2,2847.8,2469.6
93797.139,40,2356.2,2824,2572.2
93797.179,40,2262.8,2744.2,2693.2
93797.219,40,2185.8,2616.4,2787.4
93797.259,40,2129.8,2481.4,2821.4
93797.299,40,2093.4,2383.8,2790.6
93797.339,40,2099.6,2400.2,2800
93797.379,40,2112,2436.2,2814
93797.419,40,2129.2,2478.8,2817
93797.459,40,2146.2,2532,2817.4
93797.499,40,2166,2568,2810
93797.539,40,2179.8,2590.6,2797.2
93797.579,40,2176.2,2609.8,2794.6
93797.619,40,2180,2607.4,2792.2
93797.659,40,2177.2,2598.4,2799.4
93797.699,40,2173,2585,2800
93797.739,40,2170.2,2578.6,2808.6
93797.779,40,2168.2,2569.2,2806.4
93797.819,40,2158.8,2559.4,2813.4
93797.859,40,2155.6,2549.2,2816.6
93797.899,40,2157.4,2539.2,2815.6
93797.939,40,2149.2,2537,2816
93797.979,40,2141.4,2528.8,2820.4
93798.019,40,2143.6,2518.8,2817.2
93798.059,40,2141.6,2519,2823.6
93798.099,40,2142,2516.4,2819.8
93798.139,40,2150.8,2538.6,2817.6
93798.179,40,2176,2588.8,2803
93798.219,40,2208.8,2666,2757.2
93798.259,40,2270.6,2752.4,2684.2
93798.299,40,2341,2818.2,2588.8
93798.339,40,2431.6,2845.6,2484.4
93798.379,40,2533.8,2826.8,2389.8
93798.419,40,2632.6,2768,2317
93798.459,40,2709.2,2695.8,2256.2
93798.499,40,2757.4,2622.8,2214
93798.539,40,2785,2564.6,2190.2
93798.579,40,2788.4,2534.8,2177.8
93798.619,40,2787.8,2551.6,2178.6
93798.659,40,2768.4,2595.8,2202.4
93798.699,40,2728.8,2662.4,2236.2
93798.739,40,2653,2751,2301
93798.779,40,2534.6,2829.6,2392.6
93798.819,40,2424.2,2844.2,2497.6
93798.859,40,2391.6,2838.8,2531.2
93798.899,40,2480.6,2838.2,2433.8
93798.939,40,2624.2,2778,2322.6
93798.979,40,2738.4,2655.4,2231.2
93799.019,40,2791.6,2544.6,2177.8
93799.059,40,2795,2493,2160.4
93799.099,40,2796.2,2482.4,2156.8
93799.139,40,2799.4,2495.4,2161.4
93799.179,40,2794.6,2511.4,2167
93799.219,40,2800.4,2513.6,2163.2
93799.259,40,2788.4,2525.6,2173
93799.299,40,2777,2570.6,2190
93799.339,40,2730.6,2664,2237
93799.379,40,2621.8,2774.6,2320.4
93799.419,40,2482.2,2841.2,2437.6
93799.459,40,2372.4,2834,2544.4
93799.499,40,2412.8,2840.4,2501.2
93799.539,40,2538,2823.8,2387.4
93799.579,40,2686.4,2718.6,2271.4
93799.619,40,2779.8,2556,2185.6
93799.659,40,2792.6,2431.6,2134.8
93799.699,40,2759,2362.2,2112.2
93799.739,40,2738.4,2331.8,2107
93799.779,40,2749.6,2342.4,2108.4
93799.819,40,2769,2375.6,2115.4
93799.859,40,2781.6,2394.2,2123
93799.899,40,2795.4,2445.6,2141.6
93799.939,40,2790,2522.4,2165.6
93799.979,40,2745.2,2639.8,2225.8
93800.019,40,2641.8,2763,2306.8
93800.059,40,2505.6,2834.6,2413.4
93800.099,40,2409.2,2844.6,2508.6
93800.139,40,2453,2843.8,2464.6
93800.179,40,2585.6,2803.8,2350.8
93800.219,40,2722.4,2679.2,2248
93800.259,40,2794.6,2511,2166.4
93800.299,40,2770.6,2381,2115.4
93800.339,40,2696.4,2293.2,2095
93800.379,40,2638.4,2255.6,2080.4
93800.419,40,2636.4,2249,2080.4
93800.459,40,2666.6,2270.4,2086
93800.499,40,2697,2294.4,2093.6
93800.539,40,2735.2,2338.8,2104
93800.579,40,2779.4,2399.6,2125.2
93800.619,40,2796.8,2501,2165
93800.659,40,2750.4,2625,2221
93800.699,40,2647.8,2758.2,2302.6
93800.739,40,2537.4,2836,2390.2
93800.779,40,2546.6,2821.2,2382
93800.819,40,2660.6,2751.4,2292.8
93800.859,40,2771.8,2603.4,2208.8
93800.899,40,2796,2452.8,2142.6
93800.939,40,2738.4,2337.4,2106.6
93800.979,40,2665.6,2265.2,2089
93801.019,40,2606.2,2229,2077
93801.059,40,2605.2,2230,2072.8
93801.099,40,2634.4,2249.4,2080.8
93801.139,40,2663.8,2268.8,2089
93801.179,40,2714,2307.8,2097.8
93801.219,40,2762.8,2368,2115.6
93801.259,40,2795.6,2462.4,2146.4
93801.299,40,2776,2584.8,2201.6
93801.339,40,2686.2,2722.6,2277
93801.379,40,2568.8,2814.8,2364.6
93801.419,40,2544.2,2824.6,2382.8
93801.459,40,2644.8,2755,2302.6
93801.499,40,2751.8,2622.8,2213.6
93801.539,40,2800.8,2471,2150.6
93801.579,40,2754,2349.6,2110.6
93801.619,40,2666.6,2266,2082.4
93801.659,40,2597.8,2230.6,2072.4
93801.699,40,2577.8,2221.6,2069.2
93801.739,40,2614.8,2236.6,2075.4
93801.779,40,2655,2263.2,2083
93801.819,40,2701.6,2298.8,2093
93801.859,40,2754.4,2352.2,2108.8
93801.899,40,2792.6,2437.8,2140
93801.939,40,2785.4,2564.2,2188.4
93801.979,40,2700,2700,2257.6
93802.019,40,2585.8,2802,2349.4
93802.059,40,2550.4,2814.6,2374.6
93802.099,40,2616.8,2775,2324
93802.139,40,2711.6,2687.6,2248.6
93802.179,40,2783.6,2554.6,2186.4
93802.219,40,2789.8,2428,2132.8
93802.259,40,2730.8,2327.4,2103.6
93802.299,40,2643.6,2261.8,2081.4
93802.339,40,2583,2222.2,2070
93802.379,40,2559.8,2214.8,2072.6
93802.419,40,2591.8,2226.8,2076.6
93802.459,40,2640.8,2252.8,2082.6
93802.499,40,2679,2283.6,2090.4
93802.539,40,2741,2333.8,2105.2
93802.579,40,2783,2410,2125.4
93802.619,40,2800.8,2513.6,2167
93802.659,40,2745.4,2641.2,2227
93802.699,40,2631.6,2770.2,2316.4
93802.739,40,2492,2840,2427.6
93802.779,40,2374,2836.4,2551
93802.819,40,2293,2775.8,2650
93802.859,40,2245,2719,2714.6
93802.899,40,2216.4,2680.6,2748.8
93802.939,40,2208.2,2667,2761.6
93802.979,40,2210.4,2672.4,2752
93803.019,40,2213,2677,2751.6
93803.059,40,2209.6,2670,2754
93803.099,40,2206.8,2658.4,2763.4
93803.139,40,2200.6,2642,2772.4
93803.179,40,2197.4,2640,2775.6
93803.219,40,2190.6,2632.6,2778.8
93803.259,40,2189.2,2626.6,2783.6
93803.299,40,2186.6,2620.6,2787.4
93803.339,40,2179.2,2611.2,2792
93803.379,40,2178.2,2603.6,2798.4
93803.419,40,2170,2592.2,2800.2
93803.459,40,2170.6,2585.4,2806.8
93803.499,40,2164.6,2579.6,2803
93803.539,40,2163.8,2579.6,2806.2
93803.579,40,2157,2564.4,2813.6
93803.619,40,2158.2,2554.2,2811.4
93803.659,40,2154,2542.6,2816
93803.699,40,2151.6,2543,2815.4
93803.739,40,2147.4,2530,2816.8
93803.779,40,2143.4,2521.2,2815
93803.819,40,2140,2517,2814.6
93803.859,40,2139.8,2507.6,2817.6
93803.899,40,2134.6,2500,2821.4
93803.939,40,2137.8,2494.4,2815.4
93803.979,40,2127.4,2490.6,2818.2
93804.019,40,2125.8,2476.2,2820.4
93804.059,40,2122.6,2465.8,2820
93804.099,40,2119.4,2461.2,2820.4
93804.139,40,2118.2,2452.6,2818.4
93804.179,40,2116.2,2450.4,2815.8
93804.219,40,2111.6,2440,2813.8
93804.259,40,2112.4,2432.4,2814.4
93804.299,40,2113.2,2431.2,2809.6
93804.339,40,2107.4,2429.6,2804.4
93804.379,40,2115.4,2443.8,2821
93804.419,40,2133.8,2496.2,2823
93804.459,40,2166,2574.4,2808.8
93804.499,40,2220.4,2688.4,2748.4
93804.539,40,2310,2796.6,2623.4
93804.579,40,2432.6,2847.4,2485.8
93804.619,40,2561,2817,2372.8
93804.659,40,2665.6,2740.2,2289.6
93804.699,40,2740.8,2652.8,2233.4
93804.739,40,2778.4,2576,2191.4
93804.779,40,2797.8,2516.8,2174.6
93804.819,40,2795.8,2491.6,2156
93804.859,40,2797.6,2506.6,2168
93804.899,40,2789,2545.2,2181.6
93804.939,40,2771.6,2598.6,2207.6
93804.979,40,2726.2,2671.8,2241.2
93805.019,40,2656.4,2749.2,2299.2
93805.059,40,2540.8,2814.8,2377.2
93805.099,40,2414,2838.2,2490.6
93805.139,40,2316.2,2797.6,2615.6
93805.179,40,2355.6,2825.8,2565
93805.219,40,2467.4,2845,2452.8
93805.259,40,2614.6,2785,2322.2
93805.299,40,2730.6,2666,2237.2
93805.339,40,2788.8,2538.8,2178.6
93805.379,40,2799,2472.6,2149.2
93805.419,40,2797.6,2458.6,2143
93805.459,40,2798.8,2480.6,2154.2
93805.499,40,2798.6,2520,2167.4
93805.539,40,2790.4,2543.8,2181.4
93805.579,40,2775.6,2584.2,2196.8
93805.619,40,2748.6,2637.4,2227.4
93805.659,40,2672.6,2727.8,2278.4
93805.699,40,2556.2,2812.2,2370
93805.739,40,2413.4,2838.2,2498
93805.779,40,2305.6,2797.4,2628.2
93805.819,40,2334.6,2809.8,2589.6
93805.859,40,2441,2846.8,2471.4
93805.899,40,2585.4,2803.2,2348.2
93805.939,40,2715,2691.6,2250
93805.979,40,2784.8,2568,2190
93806.019,40,2798,2496.4,2158.4
93806.059,40,2797.8,2473.8,2150.4
93806.099,40,2793.2,2497.4,2158.6
93806.139,40,2793.6,2535.2,2175.8
93806.179,40,2785.8,2563.8,2189.4
93806.219,40,2772,2596,2203.6
93806.259,40,2739.6,2644.4,2229.2
93806.299,40,2679,2728.6,2277.4
93806.339,40,2566,2812.4,2362.2
93806.379,40,2423,2845.2,2492.6
93806.419,40,2313.4,2798,2627.6
93806.459,40,2339.8,2816.6,2592
93806.499,40,2448.6,2844.4,2468.6
93806.539,40,2598.8,2799,2337.2
93806.579,40,2729.6,2675.8,2241.8
93806.619,40,2786.2,2547,2179.8
93806.659,40,2795.8,2477,2156.8
93806.699,40,2798,2453.8,2145.6
93806.739,40,2801.4,2470,2149.6
93806.779,40,2796.8,2512.8,2165
93806.819,40,2788.8,2543.6,2179.6
93806.859,40,2773.4,2587.6,2196.8
93806.899,40,2750,2632,2219.2
93806.939,40,2699.6,2707.6,2264.4
93806.979,40,2586.6,2792.8,2349.2
93807.019,40,2438.8,2841.6,2471.6
93807.059,40,2312.4,2796.4,2619.4
93807.099,40,2326.4,2806.2,2599.2
93807.139,40,2447,2842.4,2474.4
93807.179,40,2594.4,2798,2339.8
93807.219,40,2725.6,2671.6,2243.8
93807.259,40,2782.2,2564.2,2190.4
93807.299,40,2796.6,2517,2168.8
93807.339,40,2794.4,2519.4,2166.6
93807.379,40,2788,2544.8,2179.8
93807.419,40,2781.6,2559,2182
93807.459,40,2777.4,2582.4,2197.4
93807.499,40,2762.6,2615.4,2212
93807.539,40,2721.4,2677.2,2242.2
93807.579,40,2642.4,2756.8,2300.6
93807.619,40,2520.4,2834.2,2405.8
93807.659,40,2384.8,2838.2,2536
93807.699,40,2275.2,2759.6,2668
93807.739,40,2224,2689,2745.2
93807.779,40,2259.2,2738.6,2696
93807.819,40,2339.2,2811.4,2590
93807.859,40,2451.2,2849,2462.6
93807.899,40,2578,2806.4,2359
93807.939,40,2675.8,2729.2,2278.6
93807.979,40,2743.8,2650.6,2222.4
93808.019,40,2773.6,2587,2195.2
93808.059,40,2782.8,2556.4,2192.4
93808.099,40,2785.2,2564.8,2185.4
93808.14,41,2774.4,2595,2196.4
93808.18,40,2751.2,2628.2,2219.8
93808.22,40,2726.2,2667.2,2236.6
93808.26,40,2691.8,2707,2269.2
93808.3,40,2648,2751,2300.4
93808.34,40,2583.4,2804.8,2353.2
93808.38,40,2508.8,2837.6,2418.8
93808.42,40,2409.6,2841.8,2505.6
93808.46,40,2320,2803.2,2616
93808.5,40,2238.4,2710.2,2720.6
93808.54,40,2169.4,2594,2798.8
93808.58,40,2126.6,2471.2,2819
93808.62,40,2095.4,2381.2,2785.6
93808.66,40,2094.4,2388,2795.8
93808.7,40,2109.4,2429.6,2816
93808.74,40,2136.2,2510.8,2814
93808.78,40,2188,2628.8,2785.2
93808.82,40,2276,2755.8,2675.6
93808.86,40,2380.8,2835.4,2541.8
93808.9,40,2497.6,2840.4,2421.8
93808.94,40,2605.8,2794.6,2337.8
93808.98,40,2673.4,2736.4,2281.6
93809.02,40,2704.8,2694.8,2253.6
93809.06,40,2716.4,2688.4,2247.4
93809.1,40,2696.4,2712.2,2265.8
93809.14,40,2680.6,2730.4,2276.4
93809.18,40,2648,2754.2,2300.2
93809.22,40,2593.8,2792,2337.6
93809.26,40,2522.6,2827.6,2400.6
93809.3,40,2443.2,2844.4,2475.2
93809.34,40,2350.8,2821.6,2569.6
93809.38,40,2272.8,2757.2,2682.8
93809.42,40,2201.8,2654.6,2768.4
93809.46,40,2152.8,2532.2,2813.2
93809.5,40,2111.8,2433,2808.4
93809.54,40,2091.8,2384.2,2784.8
93809.58,40,2107.4,2419,2807.4
93809.62,40,2132.8,2493.6,2825.2
93809.66,40,2184.8,2606.4,2795.8
93809.7,40,2254.2,2730.8,2707.6
93809.74,40,2340.2,2820.6,2587
93809.78,40,2435,2850,2480.2
93809.82,40,2528,2834,2394.4
93809.86,40,2595.2,2795.2,2339
93809.9,40,2638.8,2764.2,2304.4
93809.94,40,2643,2759.8,2304.4
93809.98,40,2624.6,2773.6,2323.2
93810.02,40,2597,2796,2342.6
93810.06,40,2574.4,2808.8,2358.8
93810.1,40,2539.8,2826.4,2388
93810.14,40,2493.2,2845.8,2423.6
93810.18,40,2412.8,2843.4,2502.6
93810.22,40,2335.6,2812.4,2591.2
93810.26,40,2255.2,2736,2697.8
93810.3,40,2187.6,2621.8,2779.4
93810.34,40,2133.6,2500.4,2819.8
93810.38,40,2099.4,2396.6,2793.8
93810.42,40,2101,2396,2793
93810.46,40,2120.6,2451.2,2812.6
93810.5,40,2155.4,2551.8,2818.4
93810.54,40,2219.8,2684.6,2753.6
93810.58,40,2312.8,2793.8,2627.2
93810.62,40,2412.2,2844.2,2504.8
93810.66,40,2520.6,2833,2404.2
93810.7,40,2600.2,2793.2,2338.4
93810.74,40,2651.6,2755.8,2295.6
93810.78,40,2665,2748.2,2292.2
93810.82,40,2644,2760,2303.4
93810.86,40,2620,2775.6,2324.6
93810.9,40,2581.4,2801.8,2349.6
93810.94,40,2540.4,2819.6,2378.2
93810.98,40,2495.6,2842.6,2428.2
93811.02,40,2424.8,2844.8,2493.6
93811.06,40,2354.2,2825.6,2571.4
93811.1,40,2284.8,2769.6,2660.4
93811.14,40,2217,2677,2745.2
93811.18,40,2163.6,2573.2,2808.4
93811.22,40,2118.4,2461.2,2814.8
93811.26,40,2092.4,2380.4,2787.2
93811.3,40,2103,2403.2,2799.6
93811.34,40,2120.8,2452.6,2814.6
93811.38,40,2158.2,2553.4,2817.2
93811.42,40,2220.8,2681.6,2749.2
93811.46,40,2308.2,2790.2,2635.2
93811.5,40,2418.6,2845.2,2502
93811.54,40,2525.4,2831.8,2397
93811.58,40,2617,2784,2324.6
93811.62,40,2680.4,2729.4,2275
93811.66,40,2707.8,2692.6,2253.6
93811.7,40,2717,2686.4,2252.2
93811.74,40,2693.4,2712.6,2266.4
93811.78,40,2664.6,2739.4,2289
93811.82,40,2640.6,2765,2305.6
93811.86,40,2598,2793.2,2338
93811.9,40,2532.4,2827.6,2383.8
93811.94,40,2450.2,2842,2467
93811.98,40,2354.6,2825.6,2569
93812.02,40,2268.6,2762.8,2672.6
93812.06,40,2207.6,2656.8,2768.8
93812.1,40,2148.8,2541.8,2816.8
93812.14,40,2111,2438,2815.2
93812.18,40,2097.4,2379.4,2786
93812.22,40,2106.4,2417.2,2806
93812.26,40,2125.4,2475.2,2819.8
93812.3,40,2163.8,2566.6,2810.8
93812.34,40,2220.2,2681,2755.8
93812.38,40,2300.2,2779.4,2651.6
93812.42,40,2396,2839.2,2524.8
93812.576,156,2681.8,2719.4,2274
93812.616,40,2690,2709.8,2268.2
93812.656,40,2672.2,2739,2284
93812.696,40,2651.8,2751.2,2297.2
93812.736,40,2623.8,2776.6,2319.8
93812.776,40,2581.8,2805.8,2347
93812.816,40,2521.6,2832.2,2401.8
93812.856,40,2446,2843.8,2472.6
93812.896,40,2363.2,2824,2564.4
93812.936,40,2281,2764,2669
93812.976,40,2214,2672.6,2752.4
93813.016,40,2159.4,2558.2,2813.8
93813.056,40,2116.2,2456.8,2816.6
93813.096,40,2094.4,2385.4,2787
93813.136,40,2101.6,2398.2,2795.4
93813.176,40,2110.8,2438,2811.8
93813.216,40,2133.8,2489.6,2822.6
93813.256,40,2166.6,2582.4,2803.2
93813.296,40,2221,2685.6,2745.8
93813.336,40,2285,2773.2,2661.8
93813.376,40,2361.4,2828.8,2566.2
93813.416,40,2436.2,2848.8,2486
93813.456,40,2496.6,2838,2423.2
93813.496,40,2547,2824,2378.4
93813.536,40,2579.4,2808.2,2355.4
93813.576,40,2585.6,2804,2345.2
93813.616,40,2574.8,2809.8,2360.2
93813.656,40,2547.8,2817.6,2378.2
93813.696,40,2520.8,2833.6,2407.2
93813.736,40,2471.8,2841,2451.4
93813.776,40,2412.2,2840.4,2504.8
93813.816,40,2351,2817,2575.8
93813.856,40,2285.2,2776,2661.4
93813.896,40,2235,2704,2730
93813.936,40,2185.2,2619,2790
93813.976,40,2148,2532.8,2816.4
93814.016,40,2117.2,2454,2822
93814.056,40,2100.6,2406,2799
93814.096,40,2107.8,2413,2802.2
93814.136,40,2120.2,2460.2,2815.8
93814.176,40,2158,2554,2815.8
93814.216,40,2211.4,2661.6,2764.6
93814.256,40,2278.6,2763.4,2675.2
93814.296,40,2354.4,2825.4,2571.8
93814.336,40,2434.4,2845.4,2483
93814.376,40,2502,2841.2,2418.2
93814.416,40,2550.6,2821.4,2378
93814.456,40,2565.2,2813.8,2363.2
93814.496,40,2559.6,2818,2370.4
93814.536,40,2530.4,2831.4,2392.2
93814.576,40,2509.8,2836.8,2408
93814.616,40,2474.6,2840.4,2440.6
93814.656,40,2432.4,2838.6,2481.2
93814.696,40,2372.8,2830.4,2540.2
93814.736,40,2307.4,2787.8,2627.2
93814.776,40,2242.4,2719,2715.2
93814.816,40,2185.2,2615.2,2791.2
93814.856,40,2138.6,2500,2820.6
93814.896,40,2100.2,2404.6,2802.6
93814.936,40,2100.2,2385.6,2793.2
93814.976,40,2113.2,2427,2810.8
93815.016,40,2138.8,2505,2820.2
93815.056,40,2191,2631.6,2782.4
93815.096,40,2275.2,2761.4,2679.2
93815.136,40,2381,2841.2,2542.4
93815.176,40,2486.4,2840.8,2429.4
93815.216,40,2578.4,2814.2,2353
93815.256,40,2636.2,2772.4,2314
93815.296,40,2649.4,2759.2,2304.4
93815.336,40,2623.4,2777.4,2322.2
93815.376,40,2586,2798.2,2345.6
93815.416,40,2529.2,2828.8,2397.6
93815.456,40,2453.4,2843.2,2463.4
93815.496,40,2361.8,2822.2,2567.6
93815.536,40,2267.8,2751,2677.8
93815.576,40,2194.2,2634.2,2782.8
93815.616,40,2133.2,2489.6,2816.4
93815.656,40,2097.8,2387.4,2783.4
93815.696,40,2102,2406.4,2800.4
93815.736,40,2124.2,2461.4,2824.8
93815.776,40,2163.8,2572.4,2810.8
93815.816,40,2237.2,2704.4,2732
93815.856,40,2334.4,2808.4,2597.8
93815.896,40,2442.6,2846.2,2474.2
93815.936,40,2547.6,2821.2,2381
93815.976,40,2620.2,2778.8,2319.8
93816.016,40,2648.4,2756.6,2296.2
93816.056,40,2630,2772.6,2315.8
93816.096,40,2582,2809,2355.4
93816.136,40,2529.2,2831.8,2395
93816.176,40,2452.6,2844.6,2466
93816.216,40,2369.8,2832.6,2557.4
93816.256,40,2282.4,2765.6,2666
93816.296,40,2200.8,2654.4,2769.4
93816.336,40,2141,2520.2,2815.2
93816.376,40,2105,2411.4,2806.2
93816.416,40,2096.8,2385.4,2792.2
93816.456,40,2114.6,2438,2812.4
93816.496,40,2145.8,2532.4,2824.4
93816.536,40,2201.2,2659.4,2770
93816.576,40,2287.2,2770.6,2662
93816.616,40,2373.4,2827.4,2549.2
93816.656,40,2459.4,2849,2453.8
93816.696,40,2530.4,2827.2,2388.8
93816.736,40,2576,2812.2,2349.2
93816.776,40,2575.8,2804.4,2355.2
93816.816,40,2537.6,2825.6,2388
93816.856,40,2498.2,2834,2416.2
93816.896,40,2440.6,2845,2475.6
93816.936,40,2376.8,2834.4,2548.2
93816.976,40,2300,2777,2648.2
93817.016,40,2222,2689.8,2742.8
93817.056,40,2159.6,2571,2807.2
93817.096,40,2118.6,2457,2822.2
93817.136,40,2091.6,2379.2,2792.2
93817.176,40,2101.8,2406.8,2801.8
93817.216,40,2127.6,2470,2816.6
93817.256,40,2171.8,2590.6,2800.4
93817.296,40,2242.4,2720,2718.8
93817.336,40,2332.2,2813.8,2594
93817.376,40,2440.2,2842,2482.2
93817.416,40,2526,2827.6,2396.2
93817.456,40,2591.8,2793.6,2342.2
93817.496,40,2616.6,2779.4,2319.6
93817.536,40,2598.8,2796.2,2342
93817.576,40,2549.6,2821.4,2381.6
93817.616,40,2497.8,2839.8,2425.4
93817.656,40,2429.2,2840.2,2488.4
93817.696,40,2356.8,2825.6,2576.4
93817.736,40,2273.4,2760.2,2676.2
93817.776,40,2204.6,2656,2768
93817.816,40,2153.8,2545,2818.6
93817.856,40,2129.6,2479.8,2821
93817.896,40,2149.2,2536.2,2825.4
93817.936,40,2196.8,2643,2776
93817.976,40,2271.2,2751.2,2680.8
93818.016,40,2359.2,2822.4,2571.2
93818.056,40,2449.4,2844.2,2476.8
93818.096,40,2525.6,2831,2397.8
93818.136,40,2583.6,2804.4,2345.8
93818.176,40,2604,2786.4,2331.8
93818.216,40,2595,2795.6,2339.8
93818.256,40,2544,2823,2379.8
93818.296,40,2493.2,2842.4,2430.8
93818.336,40,2420,2840.6,2494.4
93818.376,40,2343.2,2818.8,2584.8
93818.416,40,2265,2745.4,2685.6
93818.456,40,2193,2641.8,2778.2
93818.496,40,2147.8,2533.2,2815.8
93818.536,40,2132,2479,2822
93818.576,40,2149.2,2537.8,2812.8
93818.616,40,2190,2628,2783.4
93818.656,40,2259,2738.4,2703.4
93818.696,40,2341.2,2813,2592.6
93818.736,40,2433.6,2841.2,2487.8
93818.776,40,2511.4,2835.8,2413.6
93818.816,40,2574.6,2809.4,2357.2
93818.856,40,2610.2,2784.6,2330.6
93818.896,40,2598,2792.8,2334.8
93818.936,40,2553.6,2820.6,2373.8
93818.976,40,2509.8,2831.4,2412.8
93819.016,40,2438.6,2844.2,2480.2
93819.056,40,2366.6,2821.6,2561.6
93819.096,40,2281.6,2773.4,2664.8
93819.136,40,2213.6,2672,2754.2
93819.176,40,2164,2570,2807.8
93819.216,40,2137.4,2511.2,2822.2
93819.256,40,2156,2551.2,2817.2
93819.296,40,2201.4,2650,2769.2
93819.336,40,2278.2,2758.4,2676.6
93819.376,40,2380.2,2837.6,2542.2
93819.416,40,2486,2842.8,2429.4
93819.456,40,2582.4,2804.6,2353
93819.496,40,2637.8,2765,2304
93819.536,40,2657.6,2748.4,2295.6
93819.576,40,2633,2770.6,2312.6
93819.616,40,2599.2,2793.2,2339.4
93819.656,40,2544.4,2823.8,2382.2
93819.696,40,2467.2,2845.8,2447.4
93819.736,40,2380.4,2835.2,2544.4
93819.776,40,2292.8,2770.6,2654.8
93819.816,40,2215,2673.4,2755.2
93819.856,40,2161.6,2577.2,2808.2
93819.896,40,2148.6,2529.2,2817.2
93819.936,40,2171.8,2586.2,2804
93819.976,40,2221.6,2682.2,2748
93820.016,40,2293.8,2777,2647.2
93820.056,40,2381.4,2836.8,2538
93820.096,40,2466.8,2847,2448
93820.136,40,2539.2,2826.6,2382
93820.176,40,2587.6,2802.8,2346
93820.216,40,2614,2788,2323.8
93820.256,40,2600.8,2792.2,2337
93820.296,40,2563,2815.6,2363
93820.336,40,2523.2,2826.2,2394.8
93820.376,40,2461.8,2846.8,2452.6
93820.416,40,2396.8,2837.6,2529.6
93820.456,40,2310.6,2796.2,2630.2
93820.496,40,2232.6,2702,2731.6
93820.536,40,2175.2,2599.6,2794.8
93820.576,40,2153.8,2549,2813
93820.616,40,2174.8,2609.2,2792.6
93820.656,40,2227.8,2695,2736.8
93820.696,40,2302.6,2789.6,2637.2
93820.736,40,2391.4,2840.2,2529.4
93820.776,40,2489.2,2835.6,2433.6
93820.816,40,2562.2,2814.4,2366.4
93820.856,40,2617,2783.8,2319.8
93820.896,40,2640.4,2760,2305.4
93820.936,40,2628.6,2774.8,2315.4
93820.976,40,2583.6,2802.4,2347.4
93821.016,40,2541.2,2822,2385.6
93821.056,40,2476.4,2841.2,2442.6
93821.096,40,2406.4,2841.4,2513.8
93821.136,40,2319.2,2798,2610.8
93821.176,40,2239,2719,2719.6
93821.216,40,2179.2,2613.8,2788.8
93821.256,40,2143.4,2516.6,2818.4
93821.296,40,2146.4,2531.2,2818.4
93821.336,40,2179.6,2604.4,2792.6
93821.376,40,2226.4,2698,2739
93821.416,40,2299.8,2789,2644.8
93821.456,40,2371.6,2831.2,2546.6
93821.496,40,2446.8,2843,2473.2
93821.536,40,2504.6,2836.6,2411.6
93821.576,40,2552.4,2818.6,2377
93821.616,40,2560.8,2818.4,2368.4
93821.656,40,2533.2,2829.6,2391.2
93821.696,40,2488,2841.2,2435
93821.736,40,2439.2,2846,2477.6
93821.776,40,2376.4,2832.2,2543.4
93821.816,40,2310.8,2790,2630.8
93821.856,40,2233.2,2706.8,2728.8
93821.896,40,2167.8,2588.2,2801
93821.936,40,2126.6,2469.6,2818.2
93821.976,40,2099,2385.6,2791.8
93822.016,40,2102.4,2396.4,2793.2
93822.056,40,2122.2,2459.4,2819.8
93822.096,40,2158.6,2554,2808.4
93822.136,40,2220.2,2682.2,2750.2
93822.176,40,2305.2,2787.8,2644.6
93822.216,40,2396.6,2838.8,2528.4
93822.256,40,2479.2,2845,2438.8
93822.296,40,2537.8,2830.2,2383.8
93822.336,40,2569.4,2812.6,2360.8
93822.376,40,2546.2,2821.2,2376.8
93822.416,40,2513.4,2832,2408.2
93822.456,40,2467.4,2845.8,2451.6
93822.496,40,2406.8,2840.2,2512.8
93822.536,40,2328,2807.8,2605.8
93822.576,40,2256,2736,2704.6
93822.616,40,2186.6,2630.4,2778
93822.656,40,2143,2517,2818
93822.696,40,2111,2424,2808.8
93822.736,40,2102.6,2405.2,2805
93822.776,40,2124.6,2471.6,2820.6
93822.816,40,2173.8,2590.6,2804.2
93822.856,40,2246.2,2728.2,2709.4
93822.896,40,2355.4,2824,2573
93822.936,40,2468.2,2840.2,2456.6
93822.976,40,2567.6,2808,2355.6
93823.016,40,2627.6,2772.6,2315
93823.056,40,2631.2,2766.8,2312.2
93823.096,40,2595.2,2794.2,2341.8
93823.136,40,2543.2,2820,2377.6
93823.176,40,2488.2,2838.8,2429.6
93823.216,40,2411.8,2841.2,2504.6
93823.256,40,2331,2813.8,2597.2
93823.296,40,2260,2740.4,2693.8
93823.336,40,2194.6,2638.2,2779.8
93823.376,40,2144,2525.4,2821.4
93823.416,40,2107.6,2417,2805.8
93823.456,40,2094.2,2382.6,2787.8
93823.496,40,2112.2,2432,2814.6
93823.536,40,2145.2,2526.6,2818
93823.576,40,2213.6,2673.6,2755.6
93823.616,40,2318,2799.6,2619.6
93823.656,40,2442.4,2845.2,2469.6
93823.696,40,2562.4,2810.2,2362.8
93823.736,40,2634.8,2765.8,2307.2
93823.776,40,2662,2743.4,2288.2
93823.816,40,2650.4,2755.2,2301.2
93823.856,40,2618.8,2779.8,2325.6
93823.896,40,2568,2811,2357.4
93823.936,40,2520.4,2837.4,2405
93823.976,40,2448.4,2850,2467.6
93824.016,40,2373.4,2829.4,2557.6
93824.056,40,2288.8,2769.2,2658.8
93824.096,40,2213.8,2671.6,2762.4
93824.136,40,2156.4,2544.2,2814.2
93824.176,40,2113.8,2443,2817.2
93824.216,40,2098,2381.6,2786.6
93824.256,40,2101.8,2406.6,2805
93824.296,40,2124,2461,2818.8
93824.336,40,2155.2,2544.8,2817.2
93824.376,40,2209.6,2652,2771.4
93824.416,40,2275,2758.4,2678.6
93824.456,40,2348.8,2821,2582.6
93824.496,40,2429,2844.8,2493.4
93824.536,40,2498.8,2836.8,2420.6
93824.576,40,2560.8,2815.2,2361.8
93824.616,40,2604.4,2785,2330.2
93824.656,40,2640.4,2761.4,2304.6
93824.696,40,2655.6,2752.6,2295.4
93824.736,40,2659.2,2749,2293.2
93824.776,40,2649.6,2757.2,2294.8
93824.816,40,2637,2771.8,2310.8
93824.856,40,2629,2770.8,2317
93824.896,40,2627,2772,2315
93824.936,40,2618.4,2780.2,2322.2
93824.976,40,2610.8,2786.2,2321.8
93825.016,40,2608.6,2787.6,2330.6
93825.056,40,2600.4,2790.4,2335
93825.096,40,2593.6,2794.2,2336.8
93825.136,40,2591,2798.4,2343.4
93825.176,40,2585.8,2801.4,2348.6
93825.216,40,2578.2,2803.6,2349.6
93825.256,40,2573.4,2808.2,2357.6
93825.296,40,2563.4,2810.6,2359.6
93825.336,40,2554.4,2814.8,2365.4
93825.376,40,2550.2,2817.4,2377
93825.416,40,2546.4,2819.6,2377.2
93825.456,40,2541.2,2823.4,2383.8
93825.496,40,2534,2827.8,2390.4
93825.536,40,2521.2,2827.4,2395.2
93825.576,40,2522.4,2828.6,2398.6
93825.616,40,2521.8,2832.2,2403.6
93825.656,40,2510.4,2833.8,2406.6
93825.696,40,2505.2,2834.6,2414.2
93825.736,40,2501.8,2835.8,2420
93825.776,40,2499.2,2837,2422.2
93825.816,40,2489.6,2841.8,2434.6
93825.856,40,2488.2,2841.8,2436
93825.896,40,2479.2,2843.4,2439
93825.936,40,2474.2,2844.6,2444.6
93825.976,40,2468.2,2843,2451.2
93826.016,40,2461.6,2844.4,2454.6
93826.056,40,2454.8,2852.2,2461.2
93826.096,40,2451.8,2840.4,2464.4
93826.136,40,2445,2847.2,2474.8
93826.176,40,2436.8,2845.6,2474.6
93826.216,40,2432.2,2842.8,2484.2
93826.256,40,2432.8,2841.6,2488.2
93826.296,40,2422.2,2845.6,2499.4
93826.336,40,2414,2841.8,2502.8
93826.376,40,2408,2843.8,2505.6
93826.416,40,2408,2846,2512.6
93826.456,40,2406,2839.8,2517.6
93826.496,40,2393.4,2842.4,2518
93826.536,40,2388.6,2838.4,2529.2
93826.576,40,2386.8,2835.2,2532.2
93826.616,40,2377.2,2831,2542.8
93826.656,40,2382,2831.8,2549.4
93826.696,40,2372,2830.4,2553.6
93826.736,40,2366.8,2830.2,2550.8
93826.776,40,2363.2,2823.8,2564.8
93826.816,40,2355.8,2823.6,2570
93826.856,40,2355.6,2821.2,2578.8
93826.896,40,2346.4,2821.2,2580.8
93826.936,40,2344.6,2817.4,2585.2
93826.976,40,2336,2811.2,2593.8
93827.016,40,2334.4,2814,2598.4
93827.056,40,2332,2804.2,2605.2
93827.096,40,2325.6,2808.4,2609
93827.136,40,2311.8,2799.8,2617
93827.176,40,2312.4,2799.6,2622.6
93827.216,40,2309.2,2793,2630.6
93827.256,40,2308.6,2789,2629.2
93827.296,40,2302.6,2791,2634
93827.336,40,2296.6,2783.4,2642
93827.376,40,2293.8,2776.6,2647.2
93827.416,40,2293,2772.4,2651.6
93827.456,40,2288,2773.2,2660.2
93827.496,40,2281.2,2766,2664.8
93827.536,40,2273,2759,2673.4
93827.576,40,2275,2762.8,2674.8
93827.616,40,2272.4,2755.2,2675.6
93827.656,40,2264.8,2747.8,2679.6
93827.696,40,2263,2742.2,2687
93827.736,40,2261.2,2742.8,2694.2
93827.776,40,2254.4,2735.6,2698.4
93827.816,40,2250.8,2731.6,2710.2
93827.856,40,2248.4,2727.4,2709.8
93827.896,40,2246.6,2721,2709.4
93827.936,40,2240.6,2718,2721
93827.976,40,2239.2,2709.8,2725.4
93828.016,40,2233.8,2706.6,2731.4
93828.056,40,2228.2,2701.8,2734
93828.096,40,2223.6,2692.4,2741.4
93828.136,40,2218.6,2687.6,2740
93828.176,40,2220.4,2680.4,2744.2
93828.216,40,2216.6,2678.8,2748.2
93828.256,40,2210.8,2668.8,2756.6
93828.296,40,2208,2667,2758.2
93828.336,40,2209.2,2662.6,2766.6
93828.376,40,2201,2658.4,2765.2
93828.416,40,2200.2,2649.4,2767.4
93828.456,40,2193.6,2641.6,2775.6
93828.496,40,2193.2,2635.8,2779
93828.536,40,2190.8,2628.8,2780.4
93828.576,40,2189.8,2623.6,2778.2
93828.616,40,2188.8,2616.8,2790.4
93828.656,40,2181.8,2617,2791.6
93828.696,40,2179.8,2605.2,2789.8
93828.736,40,2175.2,2599.8,2800.8
93828.776,40,2177.6,2596.8,2794.4
93828.816,40,2168.4,2589.4,2802
93828.856,40,2163.2,2581.8,2802.8
93828.896,40,2167.4,2579.2,2809
93828.936,40,2158.6,2571,2807
93828.976,40,2159,2556.8,2816.8
93829.016,40,2156.4,2553.6,2814.8
93829.056,40,2150,2547.4,2811.8
93829.096,40,2147.6,2542,2815
93829.136,40,2148.6,2535,2814.4
93829.176,40,2144.2,2525.6,2819.2
93829.216,40,2145.8,2524.8,2824
93829.256,40,2142.6,2514.8,2824.6
93829.296,40,2139.2,2502.6,2820.8
93829.336,40,2135.6,2501.8,2822.2
93829.376,40,2141.4,2495.6,2818.4
93829.416,40,2132.2,2491.8,2820.4
93829.456,40,2128.6,2486.6,2822.4
93829.496,40,2131,2480,2821.6
93829.536,40,2124.6,2475.6,2820.6
93829.576,40,2121.8,2470.2,2816
93829.616,40,2120.4,2460,2814.8
93829.656,40,2120.6,2460.6,2817.8
93829.696,40,2120.4,2454,2816.8
93829.736,40,2120.2,2444.6,2816
93829.776,40,2117.6,2438.4,2813.8
