288223.08,40,2423.8,2725,2330.8
288223.12,40,2423.4,2729.2,2335.8
288223.16,40,2414.8,2732,2343.6
288223.2,40,2412.8,2730.8,2344.8
288223.24,40,2411.2,2740.8,2342.2
288223.28,40,2405.2,2742.2,2350.6
288223.32,40,2406,2740.8,2356.2
288223.36,40,2404.4,2751.6,2362
288223.4,40,2401,2750.6,2361.6
288223.44,40,2397.4,2748.4,2364.6
288223.48,40,2395.2,2749.4,2366.8
288223.52,40,2400.2,2751.2,2360
288223.56,40,2403.2,2743.4,2353.6
288223.6,40,2412.4,2737,2349.2
288223.64,40,2415.8,2733.6,2338.2
288223.68,40,2427,2726.6,2328.2
288223.72,40,2434,2722,2319.4
288223.76,40,2445,2713.2,2310.6
288223.8,40,2452.4,2708.4,2296.6
288223.914,114,2470.6,2685.6,2282
288223.954,40,2474.2,2680.8,2275.4
288223.994,40,2478.4,2679.2,2279
288224.034,40,2471.6,2685.2,2282.2
288224.074,40,2475.4,2684.2,2283.4
288224.114,40,2468.4,2690,2283.8
288224.154,40,2464.2,2692.8,2293.4
288224.194,40,2460,2695.8,2295.6
288224.234,40,2458.2,2700.8,2296.4
288224.274,40,2455.6,2704.8,2297.6
288224.314,40,2455.8,2707,2300.6
288224.354,40,2447,2706.6,2306.2
288224.394,40,2454,2708.6,2306.8
288224.434,40,2456.6,2706.6,2303.8
288224.474,40,2460.4,2708.2,2299
288224.514,40,2470,2695,2290.8
288224.554,40,2478.8,2676.6,2277.8
288224.594,40,2496.8,2663.4,2268
288224.634,40,2506.2,2649,2251.8
288224.674,40,2526.8,2629.2,2239
288224.714,40,2533.8,2607.2,2227
288224.754,40,2537.4,2601,2222.2
288224.794,40,2542,2587.8,2218.4
288224.834,40,2548.2,2585.2,2215.2
288224.874,40,2543,2590.6,2214
288224.914,40,2543,2594.2,2217.8
288224.954,40,2540,2597.2,2220
288224.994,40,2542.2,2600.8,2221.4
288225.034,40,2535.2,2608.2,2226.6
288225.074,40,2538.2,2604.4,2225.8
288225.114,40,2532,2610,2228.4
288225.154,40,2533,2607.8,2227
288225.194,40,2534.2,2605,2224.6
288225.234,40,2534.4,2609,2219.6
288225.274,40,2534.4,2604.2,2223.4
288225.314,40,2534.8,2604.8,2226.8
288225.354,40,2531.8,2599.8,2223.2
288225.394,40,2532,2607.2,2228.8
288225.434,40,2534.8,2608.4,2226.2
288225.474,40,2533.8,2604,2224.4
288225.514,40,2538,2600.2,2223.4
288225.554,40,2541.4,2599.2,2221.8
288225.594,40,2536.6,2594.4,2218.2
288225.634,40,2541,2598.4,2221
288225.674,40,2541.6,2597,2218
288225.714,40,2545.8,2594,2219.2
288225.754,40,2542.4,2590,2219.2
288225.794,40,2544.6,2585,2214.8
288225.834,40,2545.4,2581.8,2209.2
288225.874,40,2545.2,2582.2,2213.8
288225.914,40,2547.4,2579.6,2209.4
288225.954,40,2549,2579,2206.2
288225.994,40,2549.2,2578.8,2205.6
288226.034,40,2550.2,2580.4,2208
288226.074,40,2547.8,2577.2,2209
288226.114,40,2546.6,2579.4,2205
288226.154,40,2552,2571.8,2206.2
288226.194,40,2553.8,2573.4,2204
288226.234,40,2551.4,2568,2203.2
288226.274,40,2555.6,2561.8,2197.2
288226.314,40,2558.8,2559.8,2198
288226.354,40,2557.6,2552.2,2195.4
288226.394,40,2564.8,2549.2,2192.2
288226.434,40,2563,2549.8,2192.4
288226.474,40,2568.8,2547.8,2191.8
288226.514,40,2570.2,2540.2,2189.8
288226.554,40,2572,2533.4,2182.6
288226.594,40,2573.8,2519.6,2181.4
288226.634,40,2579,2520.8,2179.8
288226.674,40,2583.2,2515,2177.8
288226.714,40,2582.4,2509.2,2169.2
288226.754,40,2586,2503.6,2167.8
288226.794,40,2588.2,2493.6,2167.4
288226.834,40,2586.6,2487,2163
288226.874,40,2593,2476.4,2160
288226.914,40,2589.4,2472,2156.8
288226.954,40,2595.2,2461.8,2154.6
288226.994,40,2596.4,2445.8,2148.4
288227.034,40,2597.8,2426.6,2136.8
288227.074,40,2599.2,2394,2127.6
288227.114,40,2597.8,2353.4,2112.6
288227.154,40,2580,2303.8,2100.2
288227.194,40,2552,2268,2087.4
288227.234,40,2510.2,2228.8,2074.4
288227.274,40,2467.2,2198,2060.6
288227.314,40,2425,2168.2,2054.2
288227.354,40,2390.6,2151.2,2048.4
288227.394,40,2359.4,2137.8,2050.2
288227.434,40,2342,2129,2048.8
288227.474,40,2339.8,2131.6,2049.6
288227.514,40,2354.8,2133.8,2046
288227.554,40,2367.2,2143,2051
288227.594,40,2371.8,2145.6,2051.6
288227.634,40,2394.8,2151.2,2048.4
288227.674,40,2416,2166.6,2056
288227.714,40,2449.2,2189.2,2060.6
288227.754,40,2497.8,2216.2,2073.2
288227.794,40,2550,2268,2088
288227.834,40,2589.2,2340.4,2106.6
288227.874,40,2594.4,2433,2144
288227.914,40,2557.2,2547.6,2196
288227.954,40,2478.2,2670.8,2273.8
288227.994,40,2384,2752.2,2378.4
288228.034,40,2307.2,2769.8,2482.6
288228.074,40,2278.6,2764.6,2532.8
288228.114,40,2306.2,2768.8,2483.6
288228.154,40,2358.8,2762,2406.8
288228.194,40,2436.6,2730,2324
288228.234,40,2518.2,2643.8,2244.4
288228.274,40,2578.8,2531.4,2182.8
288228.314,40,2601,2429.4,2139
288228.354,40,2598,2348.6,2111
288228.394,40,2565.6,2284,2090.6
288228.434,40,2536,2251.8,2082
288228.474,40,2519.4,2234.6,2074.8
288228.514,40,2527.4,2239.4,2077.4
288228.554,40,2539.8,2250.6,2080.8
288228.594,40,2553.2,2277.2,2091.8
288228.634,40,2569.6,2303.6,2097.2
288228.674,40,2592.8,2354.2,2117.8
288228.714,40,2595.4,2418.2,2139.8
288228.754,40,2576,2504.6,2177.6
288228.794,40,2527,2606.4,2222
288228.834,40,2455.8,2695.8,2301.4
288228.874,40,2366.6,2757.6,2392.8
288228.914,40,2295,2769,2496
288228.954,40,2261.4,2759.4,2547.4
288228.994,40,2298.8,2770.6,2493.6
288229.034,40,2369,2760.4,2398.6
288229.074,40,2457.8,2714.8,2302.2
288229.114,40,2534.4,2615,2228.8
288229.154,40,2589.2,2517.8,2171.4
288229.194,40,2600,2431.2,2143.2
288229.234,40,2604,2368,2116.6
288229.274,40,2595.6,2331,2107.8
288229.314,40,2587.4,2318.6,2099.8
288229.354,40,2589.6,2331.8,2106.2
288229.394,40,2590.2,2354.8,2114.6
288229.434,40,2594.8,2404.6,2132.4
288229.474,40,2589.4,2471.4,2163.6
288229.514,40,2542,2567.2,2207
288229.554,40,2480.4,2675.6,2278.2
288229.594,40,2387.8,2749.2,2370.8
288229.634,40,2304,2770.8,2481
288229.674,40,2245.4,2743.4,2580.4
288229.714,40,2228,2727.8,2611.4
288229.754,40,2260.4,2754.2,2557
288229.794,40,2319.8,2776.8,2465.8
288229.834,40,2404.6,2746.2,2358
288229.874,40,2489.8,2662.2,2259.8
288229.914,40,2560.8,2551.4,2189
288229.954,40,2591.8,2446.8,2148.4
288229.994,40,2599.8,2362.6,2117
288230.034,40,2581.8,2309.4,2094.2
288230.074,40,2567.6,2286,2092.2
288230.114,40,2570.6,2293.4,2094.2
288230.154,40,2584.2,2322.2,2104
288230.194,40,2589.8,2357,2119.6
288230.234,40,2597.2,2420.2,2142.2
288230.274,40,2581.6,2499.8,2171.6
288230.314,40,2528.6,2602.8,2221.4
288230.354,40,2456,2699.4,2301.4
288230.394,40,2369,2760.8,2400.4
288230.434,40,2290.6,2765.6,2506.4
288230.474,40,2232.8,2731.8,2602.6
288230.514,40,2210.2,2705.6,2647.2
288230.554,40,2231.2,2730.4,2611.6
288230.594,40,2282.4,2767.4,2520.4
288230.634,40,2357,2774.8,2412.4
288230.674,40,2447.4,2723.4,2317.4
288230.714,40,2521.6,2632,2240.6
288230.754,40,2573.4,2540.8,2189.4
288230.794,40,2599,2457.8,2151.4
288230.834,40,2601.6,2404,2127.8
288230.874,40,2600.8,2373.8,2118.4
288230.914,40,2599,2380.8,2125.4
288230.954,40,2596.2,2419.8,2136.8
288230.994,40,2590,2453.2,2153.8
288231.034,40,2567.8,2513.6,2177.4
288231.074,40,2545,2572.6,2214.4
288231.114,40,2490.4,2662.8,2268.4
288231.154,40,2410.4,2736.8,2346
288231.194,40,2328.8,2769,2444.8
288231.234,40,2258.6,2747,2559
288231.274,40,2210.8,2710.4,2645
288231.314,40,2206.2,2700.6,2655
288231.354,40,2238.6,2737.8,2595.2
288231.394,40,2300.8,2774.2,2498.4
288231.434,40,2374.4,2762.4,2386.4
288231.474,40,2464.8,2708.6,2297.6
288231.514,40,2531.4,2623.8,2237.2
288231.554,40,2574.8,2538.2,2187.8
288231.594,40,2590.8,2474.6,2158.2
288231.634,40,2596.2,2453,2150.2
288231.674,40,2598,2469.8,2156.6
288231.714,40,2583.4,2505.6,2178.2
288231.754,40,2550.4,2571.2,2205.2
288231.794,40,2502,2647.4,2254
288231.834,40,2428.8,2723.2,2327.4
288231.874,40,2356,2771.2,2408.8
288231.914,40,2331.8,2768,2447.6
288231.954,40,2369.2,2764.2,2400.8
288231.994,40,2427.4,2724.4,2326
288232.034,40,2507.6,2653,2258.6
288232.074,40,2570,2560,2196.8
288232.114,40,2596.4,2462.2,2151
288232.154,40,2603.4,2383.2,2125
288232.194,40,2593.2,2330,2101.6
288232.234,40,2574.6,2302,2101.8
288232.274,40,2581,2320.8,2101.6
288232.314,40,2597.8,2378.4,2120
288232.354,40,2589.8,2460.4,2154.8
288232.394,40,2547.6,2576.4,2210.8
288232.434,40,2481.6,2665,2270
288232.474,40,2463.6,2691,2287.8
288232.514,40,2528.8,2622.6,2234.8
288232.554,40,2585.6,2509.2,2171.6
288232.594,40,2601.2,2387.4,2129.8
288232.634,40,2565.8,2289.2,2095.4
288232.674,40,2503.6,2217.8,2070.4
288232.714,40,2443.6,2179.6,2064.4
288232.754,40,2445.2,2178.2,2062
288232.794,40,2482,2203.2,2067.6
288232.834,40,2523.6,2243.4,2079.6
288232.874,40,2574.4,2307.2,2099.6
288232.914,40,2600.2,2394.4,2130.6
288232.954,40,2577.4,2499.6,2174.4
288232.994,40,2538.8,2597.6,2221
288233.034,40,2542,2571.4,2209.4
288233.074,40,2598.4,2460.8,2154.6
288233.114,40,2597.8,2345.8,2113.6
288233.154,40,2540.2,2251.2,2081.6
288233.194,40,2474.4,2196,2062.6
288233.234,40,2440.2,2178.6,2054.8
288233.274,40,2453.6,2186.2,2058.4
288233.314,40,2483.6,2208.6,2069.4
288233.354,40,2530,2251.8,2082.6
288233.394,40,2572.4,2305.2,2097.8
288233.434,40,2595.8,2382.4,2125.2
288233.474,40,2586,2465.8,2157.4
288233.514,40,2561.8,2537,2192.4
288233.554,40,2570.6,2527,2192.6
288233.594,40,2599.4,2434.2,2142.8
288233.634,40,2592.8,2339,2108.4
288233.674,40,2540,2257.8,2083.2
288233.714,40,2493.2,2214,2069.8
288233.754,40,2472.6,2201.2,2067
288233.794,40,2496.2,2215,2072.8
288233.834,40,2530.8,2251.8,2079.8
288233.874,40,2575,2309.2,2100.6
288233.914,40,2595.2,2381,2123.4
288233.954,40,2591.4,2470,2158.6
288233.994,40,2553.8,2556.8,2198
288234.034,40,2521.4,2610.6,2228.2
288234.074,40,2549.2,2571.8,2209.6
288234.114,40,2599.8,2472.8,2158.8
288234.154,40,2602.6,2376,2124.6
288234.194,40,2574.4,2291,2095.2
288234.234,40,2529.2,2235.6,2081.2
288234.274,40,2500.4,2214,2070
288234.314,40,2511,2229,2074.8
288234.354,40,2548,2265.6,2084
288234.394,40,2579.4,2321.2,2102
288234.434,40,2596.6,2397.8,2133.6
288234.474,40,2584,2494,2174.6
288234.514,40,2539.8,2595.4,2220.8
288234.554,40,2508.8,2632.4,2247
288234.594,40,2548.2,2569.6,2211.6
288234.634,40,2594.6,2479.2,2158.2
288234.674,40,2606,2379.4,2124.6
288234.714,40,2573.2,2298.8,2093.6
288234.754,40,2535.2,2246.4,2081.6
288234.794,40,2516,2227.2,2072
288234.834,40,2532.6,2250.4,2082.4
288234.874,40,2567.6,2298,2096.4
288234.914,40,2593.2,2358.6,2120.2
288234.954,40,2594.4,2451.6,2150.4
288234.994,40,2558.8,2544,2196.4
288235.034,40,2511.6,2633.4,2242.2
288235.074,40,2500.6,2649.4,2254.6
288235.114,40,2554,2562.6,2203
288235.154,40,2604,2456,2150.8
288235.194,40,2596.6,2352.2,2110
288235.234,40,2549,2265.4,2084.6
288235.274,40,2501.6,2214.2,2071.4
288235.314,40,2479.6,2202.8,2066.4
288235.354,40,2517.6,2230.8,2071.2
288235.394,40,2564,2282.2,2092.2
288235.434,40,2597.2,2367.2,2123
288235.474,40,2582.8,2489.4,2164.6
288235.514,40,2523.8,2613.6,2235.4
288235.554,40,2469.8,2677,2286.2
288235.594,40,2508.8,2643,2249.6
288235.634,40,2560,2546.8,2197.4
288235.674,40,2600.6,2445.6,2145.8
288235.714,40,2596.2,2346.2,2112.6
288235.754,40,2559,2272.2,2084.6
288235.794,40,2508.4,2225,2071.2
288235.834,40,2489.6,2208.8,2070.4
288235.874,40,2524.4,2239.4,2078.2
288235.914,40,2562.2,2285,2095.2
288235.954,40,2594.8,2367.2,2120.4
288235.994,40,2587,2484.4,2166.2
288236.034,40,2529,2600.8,2226.2
288236.074,40,2483.6,2663.4,2270.6
288236.114,40,2537.2,2596.4,2222.2
288236.154,40,2593.4,2493.2,2166.4
288236.194,40,2603.2,2380,2124.4
288236.234,40,2569,2290.4,2090.2
288236.274,40,2513.4,2228,2066.2
288236.314,40,2456.4,2188.4,2060
288236.354,40,2453.6,2180,2060.4
288236.394,40,2493.2,2213.4,2063.8
288236.434,40,2538.8,2261,2085.2
288236.474,40,2588.2,2341.4,2111
288236.514,40,2592,2445,2151
288236.554,40,2545.4,2571.8,2209.6
288236.594,40,2482.2,2664.4,2270.4
288236.634,40,2510.4,2627.4,2244.4
288236.674,40,2573.2,2529,2182.2
288236.714,40,2602.4,2399,2130.4
288236.754,40,2574.4,2296,2092.8
288236.794,40,2506.2,2221.4,2073.4
288236.834,40,2451.6,2183.8,2064.6
288236.874,40,2464.6,2193.4,2061.6
288236.914,40,2513,2232.6,2073.6
288236.954,40,2564.8,2292.6,2093.8
288236.994,40,2594.4,2374.6,2122.2
288237.034,40,2587.6,2478.8,2163
288237.074,40,2538,2581.4,2214.4
288237.114,40,2491.4,2650.6,2261.8
288237.154,40,2512.8,2623.8,2241
288237.194,40,2578.4,2533.8,2185.6
288237.234,40,2603.2,2426.4,2142.2
288237.274,40,2590.6,2330.2,2107.6
288237.314,40,2542.8,2258.4,2082.6
288237.354,40,2499.6,2209.8,2070
288237.394,40,2465.8,2196.6,2063.4
288237.434,40,2478.2,2205.6,2069.4
288237.474,40,2511,2233,2075.6
288237.514,40,2558.4,2282,2094.6
288237.554,40,2586.2,2347.2,2117.8
288237.594,40,2591.8,2442.6,2148.4
288237.634,40,2564.4,2539.4,2192.2
288237.674,40,2517.4,2618,2237.6
288237.714,40,2526,2604,2225.6
288237.754,40,2579.6,2525.8,2183.8
288237.794,40,2606.4,2429.2,2144.6
288237.834,40,2594.4,2343.4,2109.6
288237.874,40,2564,2276.4,2088.8
288237.914,40,2527.2,2241.4,2074.6
288237.954,40,2506,2220.2,2069.6
288237.994,40,2520.8,2241,2077
288238.034,40,2547.4,2273.2,2089.8
288238.074,40,2586.6,2334.8,2108.8
288238.114,40,2598.2,2424.6,2139.8
288238.154,40,2569.2,2524.2,2190.2
288238.194,40,2512.8,2624.8,2244
288238.234,40,2477.6,2670.8,2274
288238.274,40,2523.8,2624.4,2235.6
288238.314,40,2570.4,2544.6,2193
288238.354,40,2600.8,2460.8,2150.4
288238.394,40,2603.6,2381.4,2120
288238.434,40,2589.8,2319.6,2103.6
288238.474,40,2563.4,2275.6,2087.6
288238.514,40,2534,2245,2078.4
288238.554,40,2528.4,2244.6,2080.6
288238.594,40,2542.6,2265.2,2083.8
288238.634,40,2569.8,2293.2,2094.8
288238.674,40,2586.4,2340.6,2113.8
288238.714,40,2593.2,2417.8,2132.8
288238.754,40,2581.6,2503,2177
288238.794,40,2524.6,2608.4,2232.2
288238.834,40,2441.4,2706.4,2309.2
288238.874,40,2357,2761.2,2413.2
288238.914,40,2273.8,2764,2526
288238.954,40,2228,2724.8,2624.6
288238.994,40,2206.4,2704,2651.8
288239.034,40,2231.8,2734.8,2609.8
288239.074,40,2282.2,2770.6,2528.4
288239.114,40,2355,2775.4,2420.8
288239.154,40,2437.4,2729.6,2322
288239.194,40,2511.8,2647.2,2246.8
288239.234,40,2564.4,2548.6,2193.4
288239.274,40,2594.8,2467.6,2155.2
288239.314,40,2600.6,2418.4,2138
288239.354,40,2603,2401.6,2127.2
288239.394,40,2600.4,2414,2134
288239.434,40,2592.6,2443.2,2153.4
288239.474,40,2579.6,2492.6,2170.8
288239.514,40,2554.8,2561.4,2200.4
288239.554,40,2512.8,2631.8,2243.6
288239.594,40,2440.2,2710.6,2309.6
288239.634,40,2371.8,2762,2391.8
288239.674,40,2296,2768.4,2486.6
288239.714,40,2246,2734.4,2591.6
288239.754,40,2202.4,2698.4,2661.8
288239.794,40,2192.6,2684.4,2678.8
288239.834,40,2216,2712.8,2646.2
288239.874,40,2250.8,2749.8,2574.4
288239.914,40,2311.8,2777.6,2478.6
288239.954,40,2373.6,2765.8,2389.8
288239.994,40,2448.4,2716.4,2314.6
288240.034,40,2511.6,2647.4,2246.8
288240.074,40,2559.2,2577.2,2205.4
288240.114,40,2582.6,2506.2,2173.8
288240.154,40,2597.4,2459.6,2154.6
288240.194,40,2603.6,2434,2141
288240.234,40,2591,2432,2138.2
288240.274,40,2590.4,2456,2152.2
288240.314,40,2576,2496.8,2172
288240.354,40,2552.8,2556.6,2203.2
288240.394,40,2511.4,2623.6,2237.6
288240.434,40,2456.2,2694.4,2296.2
288240.474,40,2389,2753.4,2370.2
288240.514,40,2319,2767,2464.6
288240.554,40,2255,2745,2569
288240.594,40,2200.6,2695.4,2659.2
288240.634,40,2170,2646.2,2716.8
288240.674,40,2162.8,2615.6,2741.4
288240.714,40,2166.4,2642.2,2726.8
288240.754,40,2196,2686.2,2676.2
288240.794,40,2235.2,2734.2,2600
288240.834,40,2300,2774,2497.8
288240.874,40,2375.2,2769,2394
288240.914,40,2451,2711.8,2311.8
288240.954,40,2519.4,2636,2237
288240.994,40,2560.4,2552.2,2195
288241.034,40,2587.2,2483,2162.4
288241.074,40,2596,2439,2145.4
288241.114,40,2596.2,2427.4,2133.8
288241.154,40,2593.4,2437.6,2147.2
288241.194,40,2586.4,2470.2,2154
288241.234,40,2575.4,2516.2,2180.4
288241.274,40,2541.8,2573.6,2207
288241.314,40,2507.2,2637.4,2248
288241.354,40,2453.6,2701.2,2303.2
288241.394,40,2385,2752.8,2374.2
288241.434,40,2323.6,2772.6,2455
288241.474,40,2268,2753.2,2544.2
288241.514,40,2215.6,2717.2,2633.4
288241.554,40,2190,2670.2,2690.4
288241.594,40,2168.4,2638.2,2729.4
288241.634,40,2159.6,2619.8,2736
288241.674,40,2162.8,2628.8,2730.8
288241.714,40,2167.2,2635.4,2730.6
288241.754,40,2169.6,2633.6,2730
288241.794,40,2165.8,2633.2,2731.4
288241.834,40,2164.6,2624.6,2739.8
288241.874,40,2156,2615,2749.6
288241.914,40,2153.8,2606.4,2755.6
288241.954,40,2150.6,2600.4,2759.4
288241.994,40,2149,2590.2,2766.2
288242.034,40,2151.2,2590.4,2769
288242.074,40,2146.8,2589.4,2772.8
288242.114,40,2144.4,2585,2773.8
288242.154,40,2146,2590.6,2769
288242.194,40,2148,2591,2766.8
288242.234,40,2156,2606.2,2756.6
288242.274,40,2170.2,2648.8,2721.6
288242.314,40,2203.6,2691.4,2667.4
288242.354,40,2236.2,2735.6,2598.2
288242.394,40,2286.8,2766,2518.6
288242.434,40,2343.2,2768.8,2439.8
288242.474,40,2393.6,2748,2362
288242.514,40,2447,2710.6,2307.4
288242.554,40,2492.6,2662.4,2261.4
288242.594,40,2536.8,2605.2,2221
288242.634,40,2557.8,2562,2198.8
288242.674,40,2570,2527.4,2183.6
288242.714,40,2573.8,2520.8,2180
288242.754,40,2569.6,2544.4,2195
288242.794,40,2543,2574.6,2209
288242.834,40,2521.6,2618.4,2231.2
288242.874,40,2486.8,2672.2,2265
288242.914,40,2437.4,2719.2,2319.4
288242.954,40,2376,2758,2389.8
288242.994,40,2314,2771.2,2473.8
288243.034,40,2248.8,2743.4,2574.6
288243.074,40,2199.8,2690.8,2667.4
288243.114,40,2164.6,2631.4,2735.6
288243.154,40,2155.4,2610.4,2752.6
288243.194,40,2174.4,2646.8,2728
288243.234,40,2210.4,2709.4,2651.6
288243.274,40,2269.6,2757.4,2550
288243.314,40,2337.2,2778.2,2447.4
288243.354,40,2407.2,2751.8,2358.6
288243.394,40,2474.6,2692.4,2285.8
288243.434,40,2524.4,2624,2236
288243.474,40,2553.8,2564,2202
288243.514,40,2563.4,2531.2,2186.6
288243.554,40,2558.4,2541.6,2191.6
288243.594,40,2549,2580.4,2210.6
288243.634,40,2520,2615,2234.8
288243.674,40,2488,2659,2265.2
288243.714,40,2445.2,2708.2,2311.4
288243.754,40,2394.8,2746.2,2369.2
288243.794,40,2336.6,2766.8,2440.4
288243.834,40,2287,2762,2522.2
288243.874,40,2232.8,2730.8,2605.6
288243.914,40,2190.4,2676,2686.4
288243.954,40,2161.8,2620.6,2745.6
288243.994,40,2148.4,2591.6,2765.4
288244.034,40,2157.4,2603.8,2753.6
288244.074,40,2180.8,2660.8,2707
288244.114,40,2226.4,2723.6,2616.2
288244.154,40,2283.6,2769,2520.8
288244.194,40,2354.8,2770.6,2420.8
288244.234,40,2427,2738.2,2333
288244.274,40,2490.4,2665.4,2267.8
288244.314,40,2535.8,2599.4,2222.8
288244.354,40,2563.6,2544,2192.4
288244.394,40,2571.8,2518.8,2181.6
288244.434,40,2571,2524.8,2181
288244.474,40,2554.6,2551.8,2194.2
288244.514,40,2539.6,2590.6,2215.4
288244.554,40,2509.4,2637.8,2245.6
288244.594,40,2465.2,2686,2291.6
288244.634,40,2415.8,2738,2343.2
288244.674,40,2358,2766.4,2412.6
288244.714,40,2292.4,2771.8,2503
288244.754,40,2244.6,2740.2,2592
288244.794,40,2194.4,2685.6,2676.8
288244.834,40,2164.8,2626,2741
288244.874,40,2147.8,2594.2,2764.4
288244.914,40,2149.2,2603.8,2764.6
288244.954,40,2166.4,2632.2,2728.2
288244.994,40,2204.4,2686.6,2663.8
288245.034,40,2246.2,2742,2579
288245.074,40,2306.4,2775,2485.2
288245.114,40,2369.4,2766.4,2396
288245.154,40,2434.8,2729.4,2319.6
288245.194,40,2485.8,2674.2,2266.8
288245.234,40,2524.6,2619.6,2235.2
288245.274,40,2541.4,2590.2,2212
288245.314,40,2545.6,2587.2,2207.8
288245.354,40,2527.2,2611,2223.8
288245.394,40,2505.8,2642.4,2245.4
288245.434,40,2474.2,2678.8,2276.8
288245.474,40,2438.2,2718.4,2315
288245.514,40,2390.6,2750.2,2370
288245.554,40,2345.4,2771.8,2428.4
288245.594,40,2294.4,2765.8,2495.4
288245.634,40,2248,2744.4,2577.6
288245.674,40,2213.2,2705.6,2649.2
288245.714,40,2179.2,2645.8,2717.2
288245.754,40,2150.2,2599.4,2763
288245.794,40,2146.6,2591.2,2769.4
288245.834,40,2157,2609.6,2751.4
288245.874,40,2179.6,2655.8,2707.2
288245.914,40,2221.4,2719.8,2628.2
288245.954,40,2283,2770.2,2523.4
288245.994,40,2349.6,2773.2,2415.6
288246.034,40,2429.4,2730,2330.4
288246.074,40,2492.4,2664,2260.8
288246.114,40,2543.8,2596.6,2213.6
288246.154,40,2571.6,2535.4,2189.2
288246.194,40,2586,2502.4,2172.2
288246.234,40,2591.2,2491.6,2168.6
288246.274,40,2578.6,2517.2,2174.2
288246.314,40,2558.4,2550.6,2194.6
288246.354,40,2534,2597.4,2220
288246.394,40,2493.2,2654.2,2261.8
288246.434,40,2449.2,2704.4,2302
288246.474,40,2395.6,2744.8,2364
288246.514,40,2340.4,2764.2,2430
288246.554,40,2285.8,2764,2507
288246.594,40,2241.2,2736.6,2593.4
288246.634,40,2200.2,2691.2,2667.4
288246.674,40,2162.8,2636.4,2729.4
288246.714,40,2148.6,2592,2765.4
288246.754,40,2149,2589.4,2765.8
288246.794,40,2157.8,2611.4,2751.6
288246.834,40,2177,2661,2708.8
288246.874,40,2216.8,2713.4,2638.6
288246.914,40,2275,2761.8,2542.2
288246.954,40,2331.2,2771.8,2449.6
288246.994,40,2396.4,2752.4,2363.2
288247.034,40,2454.4,2696.8,2297.8
288247.074,40,2510.4,2642.8,2246.2
288247.114,40,2548,2587.2,2210.6
288247.154,40,2567.2,2538,2195.2
288247.194,40,2577.4,2524.4,2178.8
288247.234,40,2573.6,2523.8,2180
288247.274,40,2560,2546.6,2195.4
288247.314,40,2543.6,2582.8,2208.6
288247.354,40,2518.2,2622.2,2237.8
288247.394,40,2482.4,2670.6,2276
288247.434,40,2432.2,2722,2328.4
288247.474,40,2364.8,2760.4,2398.8
288247.514,40,2310.2,2769.4,2476.8
288247.554,40,2248.2,2746,2574.8
288247.594,40,2201.2,2696.8,2659
288247.634,40,2166.6,2640,2730.4
288247.674,40,2144.8,2590.2,2772
288247.714,40,2147,2592.4,2761.4
288247.754,40,2164.4,2623.8,2742.6
288247.794,40,2188.4,2676.8,2687.8
288247.834,40,2238.8,2736.4,2602.8
288247.874,40,2298,2767.8,2495.8
288247.914,40,2370.4,2765.6,2399.4
288247.954,40,2443.6,2719.2,2316.4
288247.994,40,2501.6,2651.8,2253.4
288248.034,40,2545.4,2581.8,2209.6
288248.074,40,2568.4,2533.8,2187
288248.114,40,2578.4,2508,2169.8
288248.154,40,2580.6,2514.4,2175.2
288248.194,40,2568,2548,2195.2
288248.234,40,2536.8,2585.4,2211.4
288248.274,40,2506,2637,2247.8
288248.314,40,2464.4,2691.6,2291.6
288248.354,40,2408.8,2744.6,2350
288248.394,40,2352,2764,2415.8
288248.434,40,2296.2,2768.6,2498.2
288248.474,40,2243.4,2740.6,2579
288248.514,40,2202,2695.2,2665.4
288248.554,40,2174,2641.8,2723.4
288248.594,40,2144,2594.2,2765.4
288248.634,40,2146.4,2584,2772
288248.674,40,2152.4,2609,2759.8
288248.714,40,2172,2642.8,2727.2
288248.754,40,2204,2700.2,2657.8
288248.794,40,2250.4,2752.8,2574.8
288248.834,40,2311.8,2771.2,2475.6
288248.874,40,2371.4,2763.8,2398.6
288248.914,40,2423.2,2728.6,2338.6
288248.954,40,2465.8,2694.2,2287.8
288248.994,40,2498,2656.2,2257
288249.034,40,2521.4,2631.4,2237.8
288249.074,40,2517.2,2629.2,2239.8
288249.114,40,2500.6,2647.4,2250
288249.154,40,2473.4,2678.2,2278.6
288249.194,40,2438.6,2716,2317.4
288249.234,40,2390,2753.8,2371.8
288249.274,40,2338.6,2767.6,2438.4
288249.314,40,2280.8,2764.2,2520.6
288249.354,40,2233.6,2734.2,2594.8
288249.394,40,2202,2692,2668.2
288249.434,40,2174.6,2645.4,2726.4
288249.474,40,2155.4,2609.4,2749.6
288249.514,40,2146.6,2588,2774.8
288249.554,40,2155,2603.2,2757
288249.594,40,2172.2,2646.4,2719.2
288249.634,40,2210.8,2707,2648.6
288249.674,40,2268.2,2752.2,2548.2
288249.714,40,2339.8,2766,2442.8
288249.754,40,2408.8,2743.6,2354.4
288249.794,40,2473,2690.4,2282
288249.834,40,2522.4,2621.2,2234
288249.874,40,2552.2,2569,2200.6
288249.914,40,2571,2531.8,2183.4
288249.954,40,2571,2525.8,2182.4
288249.994,40,2564.6,2556,2194.8
288250.034,40,2539,2584.8,2214.2
288250.074,40,2515.6,2628.8,2240.2
288250.114,40,2475.8,2672,2280.2
288250.154,40,2430,2724.8,2329.6
288250.194,40,2373.2,2761.2,2393.4
288250.234,40,2315.8,2770,2465.6
288250.274,40,2260,2755.2,2551.4
288250.314,40,2216.8,2713.2,2634.4
288250.354,40,2182.8,2668.6,2701
288250.394,40,2161.4,2621.2,2746.4
288250.434,40,2154,2599.8,2765
288250.474,40,2159.8,2621.8,2742.8
288250.514,40,2191.8,2673.8,2689
288250.554,40,2235.4,2735.4,2603.2
288250.594,40,2300.8,2773.2,2496.4
288250.634,40,2379,2766.4,2385
288250.674,40,2459.2,2705.4,2303.2
288250.714,40,2515.6,2633,2240
288250.754,40,2566,2549.8,2191.2
288250.794,40,2584.4,2491.6,2163.8
288250.834,40,2594,2452.8,2151.6
288250.874,40,2595,2438.8,2141.2
288250.914,40,2597.2,2454.8,2151.6
288250.954,40,2587.2,2483.2,2161.6
288250.994,40,2574.4,2524,2182.2
288251.034,40,2544,2587.2,2211.4
288251.074,40,2501,2646.8,2256
288251.114,40,2445.8,2711.8,2306.4
288251.154,40,2384.8,2756.4,2379.8
288251.194,40,2320.8,2770,2462.8
288251.234,40,2266.2,2751.2,2551.4
288251.274,40,2217.8,2715.4,2628.6
288251.314,40,2181.4,2662.8,2698.6
288251.354,40,2162.8,2625.2,2737
288251.394,40,2164.6,2623.8,2738.2
288251.434,40,2179,2662.2,2705
288251.474,40,2216.4,2713.2,2639.2
288251.514,40,2267.6,2763,2543.6
288251.554,40,2330.4,2776,2447.6
288251.594,40,2398,2754,2367.6
288251.634,40,2465.2,2696.8,2293.4
288251.674,40,2516.4,2634.4,2241.6
288251.714,40,2555.8,2571,2200.2
288251.755,41,2580.8,2509.2,2179.2
288251.795,40,2587.4,2489.4,2162.4
288251.835,40,2587.2,2491.8,2164.6
288251.875,40,2584.2,2516.4,2175.6
288251.915,40,2559.4,2540.8,2187.4
288251.955,40,2539.6,2584.2,2207.4
288251.995,40,2510.4,2628.6,2239.8
288252.035,40,2476.6,2675.6,2277.8
288252.075,40,2423.2,2728.2,2327.2
288252.115,40,2371.6,2761.6,2392.8
288252.156,41,2317.4,2770.4,2472.2
288252.196,40,2262.2,2752.6,2549.4
288252.236,40,2216,2717.8,2627.8
288252.276,40,2180.6,2664.8,2701
288252.316,40,2156,2612.8,2754.6
288252.356,40,2148,2584.8,2774.4
288252.396,40,2154.8,2601.8,2753.8
288252.436,40,2169.2,2637.2,2724.8
288252.476,40,2201.6,2689.4,2662.6
288252.516,40,2248.8,2749.2,2584.4
288252.556,40,2308.6,2775,2487.8
288252.596,40,2372.2,2767.4,2394
288252.636,40,2443.2,2719.6,2316
288252.676,40,2501.8,2651.8,2255.8
288252.716,40,2548.6,2585.6,2209
288252.756,40,2577.4,2525.6,2181.8
288252.796,40,2590,2496.2,2167.2
288252.836,40,2590,2478.4,2160.4
288252.876,40,2585.4,2496.2,2170.6
288252.916,40,2569.8,2520.8,2180
288252.956,40,2555.2,2558.6,2200
288252.996,40,2524.6,2608,2233.8
288253.036,40,2483.4,2672.4,2270.6
288253.076,40,2428,2723,2324.2
288253.116,40,2369.2,2764.2,2401.4
288253.156,40,2301.4,2766.4,2493.4
288253.196,40,2240,2737,2598
288253.236,40,2187.8,2670.2,2692.4
288253.276,40,2155.4,2604.6,2755.2
288253.316,40,2142.6,2587.4,2765.4
288253.356,40,2162.8,2629,2734.2
288253.396,40,2197.8,2696.8,2669.4
288253.436,40,2262,2751.4,2556
288253.476,40,2329.4,2779.2,2453
288253.516,40,2412,2745.8,2350
288253.556,40,2485.8,2676.6,2269.8
288253.596,40,2542.2,2598.2,2220.2
288253.636,40,2574.2,2526.8,2186
288253.676,40,2587.6,2481.6,2160.4
288253.716,40,2597.6,2454,2151.2
288253.756,40,2596,2450.8,2147.8
288253.796,40,2591.2,2469.6,2160.8
288253.836,40,2577.2,2496,2164.6
288253.876,40,2564,2542.4,2195.6
288253.916,40,2535.6,2593.8,2217.8
288253.956,40,2496.2,2651.4,2257.2
288253.996,40,2445.6,2708.6,2313.6
288254.036,40,2387,2749,2384.4
288254.076,40,2314.6,2768.6,2464.8
288254.116,40,2261.6,2751.6,2566.4
288254.156,40,2202,2697.6,2659.2
288254.196,40,2165.8,2632.6,2728.4
288254.236,40,2148.4,2588,2775.2
288254.276,40,2149.8,2601.8,2762.8
288254.316,40,2176.8,2644,2721.6
288254.356,40,2214.2,2712,2636.8
288254.396,40,2277.2,2765.4,2538.6
288254.436,40,2345.6,2772.6,2432.8
288254.476,40,2413.6,2737.4,2341.4
288254.516,40,2480.2,2678.4,2274.6
288254.556,40,2527.6,2613.2,2230.2
288254.596,40,2551.6,2565.2,2200
288254.636,40,2563.6,2538.2,2187.4
288254.676,40,2560.2,2555.8,2196.8
288254.716,40,2547.2,2581.4,2213
288254.756,40,2522.8,2614.8,2232.6
288254.796,40,2492.2,2655.6,2260
288254.836,40,2459,2700,2299.6
288254.876,40,2412,2739.8,2348.4
288254.916,40,2360.8,2762.4,2405.6
288254.956,40,2312.6,2771.2,2473.2
288254.996,40,2270,2757.8,2537.2
288255.036,40,2229.8,2729.8,2609.4
288255.076,40,2195.6,2683.6,2674.6
288255.116,40,2167,2639.6,2722
288255.156,40,2152.8,2601,2758.4
288255.196,40,2149.4,2585.8,2773.6
288255.236,40,2159.6,2611,2755.2
288255.276,40,2183,2665.2,2703.8
288255.316,40,2228,2728.8,2614.2
288255.356,40,2293.4,2769.4,2506.6
288255.396,40,2362.4,2769,2406.4
288255.436,40,2432.8,2725.4,2325
288255.476,40,2493.8,2660.8,2258.2
288255.516,40,2539.4,2599.8,2220
288255.556,40,2566,2541.8,2191.6
288255.596,40,2580.6,2521.4,2179.6
288255.636,40,2577.8,2520.4,2176
288255.676,40,2567.4,2545,2192.8
288255.716,40,2544.6,2583.2,2212.8
288255.756,40,2513,2634.6,2245.8
288255.796,40,2465.8,2688.4,2288.6
288255.836,40,2407.4,2739.2,2349
288255.876,40,2345.2,2767.2,2426
288255.916,40,2279.2,2761.6,2519.6
288255.956,40,2226.2,2724.6,2612.8
288255.996,40,2181.8,2662.8,2699.4
288256.036,40,2152.8,2599.6,2760.8
288256.076,40,2148.2,2592.4,2766.4
288256.116,40,2163.6,2623,2744
288256.156,40,2194.4,2680,2692.8
288256.196,40,2237.4,2737.8,2600.8
288256.236,40,2294,2773.2,2502.2
288256.276,40,2366.8,2768.6,2401.4
288256.316,40,2434.2,2726.8,2323
288256.356,40,2494.2,2663.4,2268.4
288256.396,40,2538.4,2598.8,2217.6
288256.436,40,2558.6,2559,2198.6
288256.476,40,2567.2,2534.6,2184.2
288256.516,40,2564.4,2545.8,2191
288256.556,40,2551.8,2571.6,2205.8
288256.596,40,2535.4,2594.6,2223
288256.636,40,2505.8,2633.8,2245.2
288256.676,40,2473.4,2680,2279.4
288256.716,40,2431.2,2722,2318.8
288256.756,40,2387.4,2748.6,2373.8
288256.796,40,2339,2766.8,2438.4
288256.836,40,2284.4,2762.2,2516.2
288256.876,40,2235.2,2734.2,2598.8
288256.916,40,2198.8,2689.2,2669.2
288256.956,40,2172.4,2637.6,2729.8
288256.996,40,2146.8,2594.2,2763.4
288257.036,40,2147.4,2591,2771.8
288257.076,40,2154.4,2609,2753.8
288257.116,40,2175.2,2647.6,2725.2
288257.156,40,2203.8,2702.2,2660.4
288257.196,40,2256.4,2753.2,2569.4
288257.236,40,2311.2,2778.4,2474.6
288257.276,40,2381,2760.2,2377.8
288257.316,40,2450,2711.8,2307.2
288257.356,40,2501.8,2649.4,2251.6
288257.396,40,2535,2602.6,2222.4
288257.436,40,2553.6,2566.6,2204.8
288257.476,40,2554.2,2556.4,2196.2
288257.516,40,2542,2578.8,2207.8
288257.556,40,2525,2613.4,2228
288257.596,40,2497.8,2648.4,2251
288257.636,40,2467.2,2685.4,2284.6
288257.676,40,2432.8,2724.6,2326.2
288257.716,40,2384,2752.6,2375.2
288257.756,40,2336.8,2771,2435.2
288257.796,40,2294.2,2767.2,2502.4
288257.836,40,2249.4,2744.8,2581.6
288257.876,40,2207.4,2709,2643.4
288257.916,40,2181,2662.8,2706.8
288257.956,40,2157.6,2616.2,2748.2
288257.996,40,2150,2592.4,2765.2
288258.036,40,2149.8,2595.6,2765.4
288258.076,40,2155,2611.8,2751.4
288258.116,40,2176.8,2652.2,2714.8
288258.156,40,2208.8,2701.6,2652.6
288258.196,40,2255.2,2748.8,2578
288258.236,40,2306.8,2774,2483.6
288258.276,40,2370,2761.4,2394
288258.316,40,2433.8,2725.8,2321.8
288258.356,40,2502.2,2660.8,2259
288258.396,40,2542.2,2588.8,2214.6
288258.436,40,2577.6,2527.2,2181.6
288258.476,40,2585.2,2491.6,2165.6
288258.516,40,2589.2,2480.8,2160.2
288258.556,40,2585.2,2499,2168.6
288258.596,40,2577.6,2520.2,2178.6
288258.636,40,2551.8,2558.2,2202.2
288258.676,40,2529,2604.2,2225.8
288258.716,40,2498.4,2650,2258.4
288258.756,40,2446.6,2710.2,2308
288258.796,40,2395.6,2745,2366
288258.836,40,2345.2,2770,2433.4
288258.876,40,2292.8,2765.8,2509.6
288258.916,40,2247.6,2741.2,2585.6
288258.956,40,2211.4,2702.8,2655.6
288258.996,40,2176.2,2651.8,2710.6
288259.036,40,2152.4,2608.2,2760.4
288259.076,40,2146,2593.4,2776.8
288259.116,40,2155,2604.8,2756.2
288259.156,40,2164,2640.4,2727.8
288259.196,40,2207.2,2700,2650.2
288259.236,40,2261,2753.8,2549.2
288259.276,40,2337.8,2772,2437.6
288259.316,40,2411.6,2742,2346
288259.356,40,2484.2,2673,2271.2
288259.396,40,2534.4,2594,2217.6
288259.436,40,2575.6,2532.4,2182
288259.476,40,2589.8,2485.4,2164
288259.516,40,2595.4,2458.2,2150.8
288259.556,40,2596,2462,2156.8
288259.596,40,2586.2,2486.4,2164.6
288259.636,40,2571.6,2513,2177.4
288259.676,40,2563.6,2550.4,2197
288259.716,40,2533.2,2599,2226
288259.756,40,2500.4,2647.2,2251
288259.796,40,2457.4,2701,2299.2
288259.836,40,2409.2,2738.6,2352.4
288259.876,40,2344,2766,2431.2
288259.916,40,2286.2,2762.6,2511.2
288259.956,40,2232.8,2729.4,2604.6
288259.996,40,2190,2671.8,2691.2
288260.036,40,2161.4,2614.6,2749.2
288260.076,40,2146.8,2589.6,2774.8
288260.116,40,2154.4,2606.6,2752.6
288260.156,40,2181.4,2656.4,2714.4
288260.196,40,2214.6,2713,2637.2
288260.236,40,2267.2,2768,2547.6
288260.276,40,2326.2,2775.2,2456
288260.316,40,2386,2756,2373.2
288260.356,40,2437.6,2723.6,2315.6
288260.396,40,2476.4,2684.2,2276.4
288260.436,40,2503.4,2648.6,2253.8
288260.476,40,2508.6,2635.6,2245.2
288260.516,40,2501.6,2651.6,2257.4
288260.556,40,2482.2,2672,2270
288260.596,40,2464.6,2695,2289
288260.636,40,2439.6,2715.2,2313.4
288260.676,40,2411.4,2739.2,2348.2
288260.716,40,2371.6,2760.6,2393.4
288260.756,40,2328.2,2774.8,2456
288260.796,40,2285,2765.8,2518.8
288260.836,40,2235.2,2730,2601.4
288260.876,40,2190.2,2678.4,2673.2
288260.916,40,2159.8,2615.2,2749.6
288260.956,40,2145.4,2588.8,2775
288260.996,40,2155.2,2608.8,2757
288261.036,40,2182.6,2668,2697.2
288261.076,40,2241.2,2738.2,2591.2
288261.116,40,2324,2777.2,2464.8
288261.156,40,2414.6,2744.2,2352.2
288261.196,40,2489.2,2667.8,2265.4
288261.236,40,2548.2,2585.6,2210.4
288261.276,40,2575.2,2513.8,2177.2
288261.316,40,2580.2,2483.4,2159.6
288261.356,40,2578,2516.6,2176.2
288261.396,40,2561.6,2551.6,2195.6
288261.436,40,2531.8,2599.6,2218.6
288261.476,40,2486,2667.4,2267.6
288261.516,40,2424,2727.6,2333.2
288261.556,40,2355.8,2760.8,2419
288261.596,40,2285.2,2765.4,2517
288261.636,40,2225.4,2725.8,2617.6
288261.676,40,2189,2671,2693.2
288261.716,40,2173.2,2644.4,2725.6
288261.756,40,2183,2672.6,2698.6
288261.796,40,2218.8,2722.6,2645.8
288261.836,40,2274.4,2762,2538
288261.876,40,2340.6,2775.4,2442.6
288261.916,40,2409.2,2753.6,2350.4
288261.956,40,2466,2696.6,2289.6
288261.996,40,2513.2,2644.8,2249.6
288262.036,40,2534.6,2612,2224.2
288262.076,40,2535,2608.6,2224.8
288262.116,40,2511.2,2637.4,2242.8
288262.156,40,2487.6,2663,2268.6
288262.196,40,2452.6,2703.8,2304.6
288262.236,40,2401.6,2743.4,2361.4
288262.276,40,2338,2765.6,2443.2
288262.316,40,2274,2755.8,2536.4
288262.356,40,2213.8,2706.8,2641.4
288262.396,40,2166.6,2636.6,2729
288262.436,40,2148.4,2588.8,2773.6
288262.476,40,2156.2,2611,2755.6
288262.516,40,2184.4,2670.2,2707
288262.556,40,2229,2724.4,2627.8
288262.596,40,2275.8,2764.4,2536.2
288262.636,40,2319.8,2776.2,2456
288262.676,40,2375.2,2761.4,2395.6
288262.716,40,2418.2,2744.4,2344.2
288262.756,40,2446.8,2712.8,2308.8
288262.796,40,2458.6,2702.2,2294.4
288262.836,40,2457,2704.8,2300.2
288262.876,40,2437.8,2716.8,2317.6
288262.916,40,2412.6,2735.8,2336.8
288262.956,40,2391.6,2750.8,2371.6
288262.996,40,2358,2767.4,2411.8
288263.036,40,2329.8,2769.2,2444
288263.076,40,2311.2,2771.2,2485.8
288263.116,40,2291,2767.8,2509.6
288263.156,40,2280,2763.8,2522.6
288263.196,40,2280.2,2759.4,2516.2
288263.236,40,2281,2762.4,2515
288263.276,40,2283,2766.8,2515.6
288263.316,40,2296,2768.6,2506
288263.356,40,2296.4,2771,2490.8
288263.396,40,2313.8,2772.6,2467.4
288263.436,40,2344.2,2770.8,2431.8
288263.476,40,2379,2765.4,2390.4
288263.516,40,2409.8,2747,2349.8
288263.556,40,2451,2716.8,2304.8
288263.596,40,2491.2,2677.4,2270.6
288263.636,40,2521.4,2629.2,2238.6
288263.676,40,2549.6,2575.6,2211.6
288263.716,40,2572.8,2536.8,2182
288263.756,40,2589.2,2498.2,2169
288263.796,40,2594.2,2460.8,2154.2
288263.836,40,2596.8,2433,2143.4
288263.876,40,2600.4,2405.4,2133.4
288263.916,40,2599.4,2382.8,2126.6
288263.956,40,2600.4,2371,2121
288263.996,40,2598.8,2370.2,2118
288264.036,40,2601.4,2374.4,2121.6
288264.076,40,2597.4,2392.4,2124.8
288264.116,40,2592.8,2407.8,2134.6
288264.156,40,2598.8,2410.8,2139
288264.196,40,2595.2,2423.8,2134.4
288264.236,40,2595.6,2449.8,2150.4
288264.276,40,2584.6,2487.4,2165
288264.316,40,2567,2545,2196
288264.356,40,2526,2610.8,2233.4
288264.396,40,2479.4,2669.8,2274.4
288264.436,40,2449,2709.6,2307.6
288264.476,40,2446.8,2703.8,2309
288264.516,40,2489.6,2661.6,2261.6
288264.556,40,2539,2587.8,2211.8
288264.596,40,2583.2,2500.4,2172.4
288264.636,40,2602.6,2416.6,2134.6
288264.676,40,2594.2,2351,2111.8
288264.716,40,2579.8,2314,2100.2
288264.756,40,2577.6,2310.8,2096.8
288264.796,40,2582.6,2338.6,2110.4
288264.836,40,2599.4,2384.4,2126.4
288264.876,40,2592,2459.6,2152.2
288264.916,40,2562.2,2543.6,2192
288264.956,40,2521.4,2623,2238
288264.996,40,2484.6,2674,2277.2
288265.036,40,2477.6,2672.6,2272.8
288265.076,40,2520.8,2624.2,2238.6
288265.116,40,2573.8,2544,2191.8
288265.156,40,2595.4,2457.2,2148.4
288265.196,40,2600.4,2378,2118.8
288265.236,40,2589.8,2323.4,2101
288265.276,40,2579.6,2309.2,2099
288265.316,40,2593.8,2336.8,2108.8
288265.356,40,2597.2,2392.4,2125.8
288265.396,40,2592.4,2460,2156.6
288265.436,40,2560.4,2537.6,2193
288265.476,40,2526,2617,2232.2
288265.516,40,2480.8,2661,2272.6
288265.556,40,2484.6,2669.4,2275.8
288265.596,40,2525,2627.2,2234
288265.636,40,2555.2,2565,2202.4
288265.676,40,2587,2490.4,2169.8
288265.716,40,2606.6,2422.2,2139.8
288265.756,40,2603,2373.2,2121.6
288265.796,40,2597.2,2347.6,2111.2
288265.836,40,2596.8,2354,2116.6
288265.876,40,2593,2376,2123.2
288265.916,40,2595.4,2391.6,2129.6
288265.956,40,2598.4,2414.6,2138.8
288265.996,40,2595.4,2421.2,2140.6
288266.036,40,2597,2421,2138.8
288266.076,40,2596,2426.4,2140.8
288266.116,40,2596.2,2433.6,2148
288266.156,40,2590,2447.6,2146.8
288266.196,40,2594.8,2450.4,2148
288266.236,40,2589,2455.4,2154.4
288266.276,40,2591.4,2460,2156.8
288266.316,40,2587.8,2466.4,2158.4
288266.356,40,2586.6,2475.6,2163.8
288266.396,40,2584,2476,2162.6
288266.436,40,2584.4,2482.6,2165.8
288266.476,40,2583.6,2489.2,2168.4
288266.516,40,2583.6,2492.2,2171.2
288266.556,40,2584,2496,2172.2
288266.596,40,2580,2500.6,2171.6
288266.636,40,2580,2496.4,2168.6
288266.676,40,2586,2476.2,2161.2
288266.716,40,2590.8,2446,2146.6
288266.756,40,2598.2,2407.6,2132.6
288266.796,40,2593.8,2368.4,2120.2
288266.836,40,2586.4,2325.6,2107
288266.876,40,2568.2,2296.6,2091.4
288266.916,40,2558.2,2278.8,2088
288266.956,40,2552.2,2271.4,2091.4
288266.996,40,2562,2282.2,2092.4
288267.036,40,2576.8,2306.8,2099.6
288267.076,40,2586,2330,2103
288267.116,40,2594.2,2372.6,2121
288267.156,40,2604.4,2424.8,2142.8
288267.196,40,2580.8,2496,2173.6
288267.236,40,2548.8,2572.6,2207.8
288267.276,40,2513.8,2624,2239.6
288267.316,40,2520,2628.8,2241.6
288267.356,40,2562.4,2553.8,2198.2
288267.396,40,2600,2461,2156.2
288267.436,40,2600.8,2373.6,2121
288267.476,40,2579.4,2304.6,2098.4
288267.516,40,2550.6,2261,2082.6
288267.556,40,2540.2,2257,2086.2
288267.596,40,2563.8,2294.8,2090.2
288267.636,40,2589.4,2337.8,2109.4
288267.676,40,2598.8,2410.6,2135.6
288267.716,40,2585.4,2486.6,2166.2
288267.756,40,2547.8,2560.2,2204.6
288267.796,40,2524.6,2615.6,2234.4
288267.836,40,2544.4,2597.2,2222.8
288267.876,40,2582.6,2522,2182
288267.916,40,2602.8,2430.2,2144.2
288267.956,40,2602,2352.6,2110.8
288267.996,40,2571.2,2290.4,2096
288268.036,40,2537.6,2252.6,2080
288268.076,40,2519,2233,2073.8
288268.116,40,2526.2,2242.2,2076.6
288268.156,40,2544.2,2268,2089
288268.196,40,2570.6,2297.2,2095.4
288268.236,40,2589.2,2355.2,2112.6
288268.276,40,2595,2421,2138.2
288268.316,40,2582.4,2490,2171.2
288268.356,40,2556.4,2547.6,2197
288268.396,40,2549.2,2579,2202.8
288268.436,40,2574.8,2534.2,2189
288268.602,166,2560.6,2276.8,2086.8
288268.642,40,2544.6,2253.4,2082.6
288268.682,40,2537.8,2253.4,2080
288268.722,40,2549.2,2277.2,2088
288268.762,40,2574.2,2306.6,2100.4
288268.802,40,2590.8,2360.4,2118.8
288268.842,40,2597,2423.2,2141.2
288268.882,40,2579.2,2499.4,2173.4
288268.922,40,2556.8,2557.8,2202.2
288268.962,40,2549.6,2567.4,2206.8
288269.002,40,2574.6,2512,2176
288269.042,40,2600.8,2431.8,2142.6
288269.082,40,2598,2360.2,2115
288269.122,40,2575.2,2303.2,2098.8
288269.162,40,2549.4,2264.6,2086
288269.202,40,2540.4,2256,2077.4
288269.242,40,2552.4,2267.4,2085
288269.282,40,2573.6,2302.6,2097.2
288269.322,40,2589.2,2350,2115
288269.362,40,2597.6,2409.8,2135.2
288269.402,40,2585,2480.8,2164.2
288269.442,40,2561.6,2542.4,2191.4
288269.482,40,2544.4,2575,2210.4
288269.522,40,2564.6,2538.2,2193.8
288269.562,40,2596.4,2464.8,2154.8
288269.602,40,2600.4,2380.6,2122.8
288269.642,40,2581.6,2309.2,2098.6
288269.682,40,2543.6,2263,2082.8
288269.722,40,2524,2237.2,2079
288269.762,40,2527.4,2242.8,2078.2
288269.802,40,2555.8,2277.8,2088
288269.842,40,2585.4,2331.8,2106
288269.882,40,2596.4,2396.8,2129.6
288269.922,40,2583.2,2481,2159.2
288269.962,40,2555.8,2556.8,2203.4
288270.002,40,2539.6,2589.2,2219.2
288270.042,40,2574.2,2531.2,2184.2
288270.082,40,2602.4,2436.2,2144
288270.122,40,2595.8,2344,2112.2
288270.162,40,2553.2,2270.4,2085.6
288270.202,40,2514.2,2228.2,2071
288270.242,40,2510,2224.4,2077
288270.282,40,2542.8,2251.6,2080.8
288270.322,40,2562,2291.4,2091.2
288270.362,40,2588.8,2343.4,2114
288270.402,40,2596.6,2405.4,2130.2
288270.442,40,2585.4,2473.8,2162.8
288270.482,40,2569.2,2531,2189.6
288270.522,40,2562.2,2542,2191.6
288270.562,40,2588.6,2473.2,2165.6
288270.602,40,2603,2393.6,2126.8
288270.642,40,2580,2307,2099
288270.682,40,2540.2,2257.8,2079
288270.722,40,2517.2,2233.2,2076.4
288270.762,40,2531.4,2243.2,2080
288270.802,40,2549,2268.6,2086.2
288270.842,40,2573.4,2305.2,2101
288270.882,40,2590.8,2373.2,2117.4
288270.922,40,2594.4,2446.6,2147.6
288270.962,40,2567.8,2526.6,2184
288271.002,40,2537.2,2587.4,2220.6
288271.042,40,2543.8,2576.6,2212.6
288271.082,40,2582,2496.4,2171.6
288271.122,40,2605.6,2407.2,2131.6
288271.162,40,2586.6,2321.8,2104.6
288271.202,40,2549.2,2259.4,2086.2
288271.242,40,2519.4,2234.6,2078.6
288271.282,40,2515.2,2232,2073.2
288271.322,40,2529.2,2240.4,2077.8
288271.362,40,2545.8,2262,2079.4
288271.402,40,2565.4,2289.8,2093.8
288271.442,40,2579.2,2312.8,2102.4
288271.482,40,2585,2336.2,2109.2
288271.522,40,2587.2,2346,2113.4
288271.562,40,2590.2,2347.4,2110.6
288271.602,40,2591,2342.8,2115.8
288271.642,40,2589.8,2349.8,2113.4
288271.682,40,2593,2359.6,2114.2
288271.722,40,2597.2,2364,2113
288271.762,40,2592.4,2370.4,2121.6
288271.802,40,2592.4,2369.8,2121.8
288271.842,40,2598.8,2375.4,2122.4
288271.882,40,2596.6,2387.6,2129.8
288271.922,40,2595.6,2390.4,2128.2
288271.962,40,2601,2396.2,2129.8
288272.002,40,2594.4,2395.4,2132.8
288272.042,40,2594.6,2401.4,2133.6
288272.082,40,2595.6,2404.6,2131.6
288272.122,40,2597.6,2408,2136.6
288272.162,40,2596.6,2419.6,2143
288272.202,40,2597,2425.2,2141
288272.242,40,2595.6,2425.2,2142.8
288272.282,40,2594.8,2427.4,2144
288272.322,40,2597.4,2432.2,2143.8
288272.362,40,2599,2431.8,2146.2
288272.402,40,2596.6,2444.4,2146.4
288272.442,40,2593.4,2452,2147.6
288272.482,40,2586,2458,2156.6
288272.522,40,2590.8,2466.2,2159.4
288272.562,40,2590,2470,2155.6
288272.602,40,2591.8,2474.6,2163
288272.642,40,2587.8,2487.4,2165.2
288272.682,40,2587.6,2488.2,2168.4
288272.722,40,2585,2497.2,2173.8
288272.762,40,2584.6,2504.6,2178.8
288272.802,40,2579.2,2505.4,2173.6
288272.842,40,2578,2513.8,2177.8
288272.882,40,2578.2,2515.8,2181.2
288272.922,40,2578,2515,2181.8
288272.962,40,2578.4,2518.6,2182.2
288273.002,40,2574.6,2520,2184.8
288273.042,40,2579,2512.2,2178
288273.082,40,2583.2,2504.4,2173.6
288273.122,40,2582.8,2490.8,2171.8
288273.162,40,2588,2476.8,2162.2
288273.202,40,2591.4,2456,2153.2
288273.242,40,2595,2433.4,2146.8
288273.282,40,2599.4,2405,2135
288273.322,40,2599.4,2377.2,2122.2
288273.362,40,2591.4,2352,2111.8
288273.402,40,2579,2322.4,2099.6
288273.442,40,2564.4,2293.6,2098
288273.482,40,2551.2,2273.2,2085.6
288273.522,40,2544.8,2258.4,2082.2
288273.562,40,2538,2254.2,2082
288273.602,40,2546.4,2261.6,2083.6
288273.642,40,2558,2271.6,2087.8
288273.682,40,2567.4,2292.4,2096.2
288273.722,40,2587.2,2316,2101.6
288273.762,40,2593,2356,2116.6
288273.802,40,2594,2405,2136.6
288273.842,40,2592,2464.8,2159.4
288273.882,40,2569,2518,2182.2
288273.922,40,2553.2,2564.6,2205.2
288273.962,40,2543.4,2576.8,2206
288274.002,40,2553.8,2556,2199
288274.042,40,2572,2518.8,2182.8
288274.082,40,2592.2,2475.8,2160.2
288274.122,40,2604,2419.8,2135.6
288274.162,40,2602,2361.2,2117.8
288274.202,40,2580.6,2311.8,2095.6
288274.242,40,2559.8,2275.6,2084.2
288274.282,40,2536.8,2249.6,2081.2
288274.322,40,2520.6,2240.4,2075.2
288274.362,40,2531.6,2243.2,2081
288274.402,40,2542.4,2268.4,2084.8
288274.442,40,2559.6,2287.4,2094.8
288274.482,40,2576.6,2314.8,2103
288274.522,40,2593.4,2361.2,2118
288274.562,40,2593.6,2423.8,2146.4
288274.602,40,2573.8,2515.6,2178.6
288274.642,40,2533.8,2596,2223.2
288274.682,40,2486.8,2662,2271.6
288274.722,40,2471.6,2676.4,2282.2
288274.762,40,2521.6,2618.8,2234.2
288274.802,40,2586.2,2524.2,2181.6
288274.842,40,2599.8,2421,2135.6
288274.882,40,2593.6,2334.6,2107
288274.922,40,2552.6,2268,2086.8
288274.962,40,2538.6,2251.4,2081.2
288275.002,40,2547.8,2263.6,2084.4
288275.042,40,2571.4,2298.8,2096.4
288275.082,40,2591.6,2351.2,2113.6
288275.122,40,2594.8,2419,2141.6
288275.162,40,2577.6,2497.2,2174.8
288275.202,40,2546,2571.4,2208
288275.242,40,2521.2,2614,2235.6
288275.282,40,2542.8,2589,2216.8
288275.322,40,2583.8,2498.4,2174
288275.362,40,2602.6,2397.4,2129.6
288275.402,40,2583.8,2310.4,2100
288275.442,40,2530,2245.8,2074.8
288275.482,40,2500.4,2216.8,2066.6
288275.522,40,2502.2,2226.4,2072.6
288275.562,40,2529.6,2250.6,2080.2
288275.602,40,2561.2,2289,2092.2
288275.642,40,2590.6,2347,2112.2
288275.682,40,2595.8,2413.2,2137.4
288275.722,40,2584.4,2485.2,2162
288275.762,40,2567.8,2534.8,2191.8
288275.802,40,2576,2516,2175.4
288275.842,40,2602,2431.8,2145
288275.882,40,2587.2,2338.2,2108.6
288275.922,40,2550,2268.8,2086.4
288275.962,40,2506.2,2222,2072
288276.002,40,2476.8,2201.6,2063.8
288276.042,40,2491.2,2217.4,2070.2
288276.082,40,2519.4,2238.8,2076.4
288276.122,40,2550.6,2273.8,2093
288276.162,40,2583.4,2341.6,2112.4
288276.202,40,2595,2410.2,2140.8
288276.242,40,2577.8,2495,2169.4
288276.282,40,2558.8,2549.6,2190.2
288276.322,40,2584,2500.8,2172.8
288276.362,40,2607.8,2408.2,2139.6
288276.402,40,2590.4,2323.2,2099.8
288276.442,40,2536.8,2249.2,2078.8
288276.482,40,2485.4,2207.4,2065.2
288276.522,40,2465.8,2193.8,2063
288276.562,40,2491.6,2209.4,2072
288276.602,40,2524.2,2252.4,2077.8
288276.642,40,2566,2293.6,2097.6
288276.682,40,2596.4,2357.4,2113.8
288276.722,40,2596.8,2439,2146.6
288276.762,40,2574.2,2505,2179
288276.802,40,2558.4,2552,2192.8
288276.842,40,2577.2,2519.4,2185.2
288276.882,40,2595,2443.4,2149.8
288276.922,40,2595.4,2354.8,2115
288276.962,40,2565.4,2286.6,2090.4
288277.002,40,2516.2,2230.6,2077.6
288277.042,40,2487.4,2207.4,2066.4
288277.082,40,2495.4,2213,2071.4
288277.122,40,2525.6,2243,2080.4
288277.162,40,2563,2291,2093.4
288277.202,40,2590,2353.6,2115.4
288277.242,40,2592.8,2432.4,2148.6
288277.282,40,2579,2501.4,2174.6
288277.322,40,2563.6,2536.8,2194.2
288277.362,40,2582.4,2509.4,2180.2
288277.402,40,2605.4,2439,2146.4
288277.442,40,2597.8,2358,2117.4
288277.482,40,2568,2291.2,2095.6
288277.522,40,2531.8,2247,2080
288277.562,40,2509.6,2225.2,2071.2
288277.602,40,2518.8,2233.2,2078.8
288277.642,40,2549.2,2268.6,2083
288277.682,40,2576.8,2311.4,2106.6
288277.722,40,2590.4,2375,2122.2
288277.762,40,2592,2448,2148
288277.802,40,2571,2519.6,2186.8
288277.842,40,2542.6,2582.4,2215.4
288277.882,40,2518.4,2622,2238.8
288277.922,40,2530.4,2603.2,2227.2
288277.962,40,2547,2570.6,2208.8
288278.002,40,2566.8,2536.4,2187.8
288278.042,40,2582.8,2493.8,2168
288278.082,40,2597,2449.4,2153
288278.122,40,2601.8,2407.4,2133.2
288278.162,40,2600,2363.6,2117.4
288278.202,40,2585.4,2323.6,2102.2
288278.242,40,2570.4,2292.2,2096
288278.282,40,2550.2,2269.2,2088.8
288278.322,40,2542.2,2253.8,2082.4
288278.362,40,2537,2254.4,2076.2
288278.402,40,2540.6,2263.2,2085.4
288278.442,40,2547.2,2271,2088.8
288278.482,40,2557.2,2283.8,2090.2
288278.522,40,2568,2285.4,2093.8
288278.562,40,2568.4,2307.6,2095.2
288278.602,40,2584.8,2321.4,2105.8
288278.642,40,2592.2,2356.8,2115
288278.682,40,2593,2396.2,2134.8
288278.722,40,2588.4,2461,2154.8
288278.762,40,2564.4,2534.4,2190.2
288278.802,40,2523.4,2612.8,2232.4
288278.842,40,2465.8,2683.4,2289.4
288278.882,40,2404.4,2742,2348.8
288278.922,40,2359.2,2764.2,2402.6
288278.962,40,2341.4,2769.4,2432
288279.002,40,2357.8,2761,2409.8
288279.042,40,2389.8,2753.2,2368.4
288279.082,40,2441,2720.8,2312
288279.122,40,2494.4,2661.6,2262.8
288279.162,40,2535.8,2597.4,2219.2
288279.202,40,2571,2537,2191
288279.242,40,2584,2498.4,2167.6
288279.282,40,2592.4,2466.2,2153.4
288279.322,40,2592,2468.4,2159.6
288279.362,40,2579,2488.2,2166.2
288279.402,40,2573.6,2516.2,2175.8
288279.442,40,2557.8,2556,2194.2
288279.482,40,2533.6,2597.2,2219
288279.522,40,2499,2650.8,2258.8
288279.562,40,2447.4,2709.4,2306
288279.602,40,2384,2752,2371.2
288279.642,40,2328.8,2771.6,2454.4
288279.682,40,2265.8,2755,2545
288279.722,40,2223.2,2716,2637.8
288279.762,40,2178.8,2656,2705.4
288279.802,40,2155.4,2612.6,2748.4
288279.842,40,2146.8,2586.8,2773.8
288279.882,40,2154.4,2597.2,2761.2
288279.922,40,2166.4,2638.6,2729.8
288279.962,40,2199.6,2696.8,2665.6
288280.002,40,2253.6,2748.2,2573.2
288280.042,40,2320.2,2778.8,2465.4
288280.082,40,2394.6,2756,2364.8
288280.122,40,2468,2701,2292.8
288280.162,40,2514.4,2635.6,2241.4
288280.202,40,2544,2580.6,2213.6
288280.242,40,2557.8,2553,2198.6
288280.282,40,2549,2569,2205
288280.322,40,2533.2,2594.6,2220.8
288280.362,40,2513.4,2627.8,2243.8
288280.402,40,2480.2,2665.6,2272.8
288280.442,40,2442.4,2712.8,2313.8
288280.482,40,2395.8,2745.6,2356.2
288280.522,40,2352.6,2768.2,2416.4
288280.562,40,2298.4,2765.8,2496.4
288280.602,40,2250.6,2747.2,2567
288280.642,40,2212.4,2702.4,2649.4
288280.682,40,2178.4,2654,2714.6
288280.722,40,2153.6,2600.6,2760.6
288280.762,40,2145.2,2584.4,2780.4
288280.802,40,2152,2609,2764.6
288280.842,40,2170.6,2637,2738.6
288280.882,40,2192.4,2679.2,2686
288280.922,40,2235.6,2735,2610.2
288280.962,40,2290,2764.4,2516.2
288281.002,40,2352.2,2771.6,2415.6
288281.042,40,2419.6,2738.6,2340
288281.082,40,2478.2,2687.6,2282.2
288281.122,40,2516,2632.6,2240
288281.162,40,2534.6,2596.8,2219.6
288281.202,40,2536,2592,2215.6
288281.242,40,2523.6,2621.2,2234.4
288281.282,40,2500.8,2648.6,2255.4
288281.322,40,2460.6,2697,2295.6
288281.362,40,2405.6,2740.2,2350
288281.402,40,2351.8,2767.4,2419.4
288281.442,40,2292.6,2769.2,2502.8
288281.482,40,2238,2735.4,2596.8
288281.522,40,2191,2686.2,2682.4
288281.562,40,2163,2621.6,2737.8
288281.602,40,2145,2592,2767.6
288281.642,40,2153.6,2604.2,2754.2
288281.682,40,2177.2,2651.6,2712.6
288281.722,40,2220.8,2718.2,2633.6
288281.762,40,2280.2,2767,2521.2
288281.802,40,2357,2770.2,2413.8
288281.842,40,2441.4,2723.2,2317.8
288281.882,40,2502.4,2651.6,2254.4
288281.922,40,2541,2583.6,2212.8
288281.962,40,2565.4,2537.4,2183.8
288282.002,40,2577.6,2530.2,2184.2
288282.042,40,2560.6,2547,2193
288282.082,40,2539.6,2586.2,2212.8
288282.122,40,2513.4,2631.2,2245.2
288282.162,40,2470.6,2689.8,2287.6
288282.202,40,2411,2732.8,2343.6
288282.242,40,2349,2765.6,2421.4
288282.282,40,2285,2762.6,2516.4
288282.322,40,2225.6,2724.6,2616.8
288282.362,40,2183.6,2661.8,2702.4
288282.402,40,2150.4,2587,2766.4
288282.442,40,2145.4,2588.2,2763.4
288282.482,40,2167.8,2638.8,2727.8
288282.522,40,2204.2,2696.4,2660.2
288282.562,40,2254,2752.6,2571.4
288282.602,40,2318.4,2778,2474.8
288282.642,40,2383.4,2762,2383
288282.682,40,2446.4,2712.4,2307.8
288282.722,40,2498,2648,2251.6
288282.762,40,2531.2,2602,2219
288282.802,40,2545,2577.8,2204.8
288282.842,40,2540,2591,2216.8
288282.882,40,2521.8,2619.2,2232.2
288282.922,40,2494.4,2654.6,2257.8
288282.962,40,2462.6,2693.8,2296.4
288283.002,40,2422,2734.2,2340
288283.042,40,2370,2761,2398
288283.082,40,2317.8,2772,2468
288283.122,40,2267.2,2756.2,2540.4
288283.162,40,2218.6,2720,2620.4
288283.202,40,2186.6,2667.8,2696
288283.242,40,2156.8,2621,2743.8
288283.282,40,2150.8,2603,2754.2
288283.322,40,2165.8,2638.8,2730.4
288283.362,40,2201.2,2695.8,2672.2
288283.402,40,2248,2744.6,2586.4
288283.442,40,2314.8,2775.6,2478.2
288283.482,40,2382.4,2758.4,2382.4
288283.522,40,2456.8,2705.8,2303.6
288283.562,40,2517.2,2632,2242.2
288283.602,40,2551.2,2574.4,2207.2
288283.642,40,2564.6,2537.2,2189.4
288283.682,40,2576.6,2534.4,2188.4
288283.722,40,2557.8,2564.8,2199.8
288283.762,40,2530,2597,2215.8
288283.802,40,2500,2648,2257.8
288283.842,40,2446.4,2708.6,2311
288283.882,40,2390.2,2750.6,2374.6
288283.922,40,2324.8,2773.2,2455.4
288283.962,40,2268.4,2753.4,2548.4
288284.002,40,2217.4,2713.6,2637.4
288284.042,40,2180.4,2656.8,2708
288284.082,40,2157.6,2616.2,2744.4
288284.122,40,2160.2,2624,2740.2
288284.162,40,2186,2659.8,2704.8
288284.202,40,2214.8,2716.4,2643
288284.242,40,2264.6,2758.4,2545.8
288284.282,40,2337.2,2779.6,2449
288284.322,40,2404,2749.4,2355.8
288284.362,40,2474,2695.4,2282.4
288284.402,40,2527,2617.4,2232.8
288284.442,40,2553.6,2561.6,2199
288284.482,40,2559.2,2542.2,2189.4
288284.522,40,2553.6,2560.4,2198.8
288284.562,40,2535.4,2601,2216.4
288284.602,40,2508.2,2635.6,2241.8
288284.642,40,2468,2690.6,2289.4
288284.682,40,2410.6,2739.8,2348.4
288284.722,40,2348,2768.8,2421
288284.762,40,2292.6,2768.6,2504.8
288284.802,40,2241.2,2736.2,2602
288284.842,40,2195.2,2686.6,2681.8
288284.882,40,2160.8,2623,2741.8
288284.922,40,2147,2584.4,2777.8
288284.962,40,2152,2604.6,2753.4
288285.002,40,2172.4,2648.8,2723
288285.042,40,2209.6,2712,2643.2
288285.082,40,2269.6,2763.2,2548.8
288285.122,40,2339,2770.8,2436.2
288285.162,40,2418.4,2739.8,2342.6
288285.202,40,2484.2,2670.6,2267.6
288285.242,40,2536.4,2601.8,2221.2
288285.282,40,2567.6,2542.6,2191.4
288285.322,40,2578.2,2516.6,2179.4
288285.362,40,2577.2,2521.2,2182.4
288285.402,40,2563.2,2546,2191.8
288285.442,40,2541.6,2581.2,2212.4
288285.482,40,2516.4,2631.8,2242.4
288285.522,40,2466.6,2686.4,2282
288285.562,40,2415,2732.2,2342.2
288285.602,40,2353.4,2765.4,2412
288285.642,40,2297.6,2765,2488.4
288285.682,40,2246,2745.6,2578.4
288285.722,40,2202.4,2697.2,2663.8
288285.762,40,2169.6,2643.2,2725.6
288285.802,40,2149,2593.2,2762.8
288285.842,40,2145,2597.4,2766.2
288285.882,40,2171.6,2641.2,2731.2
288285.922,40,2207.4,2703.2,2655.2
288285.962,40,2264.2,2761.8,2551.4
288286.002,40,2334.8,2774,2447.8
288286.042,40,2408.2,2743.2,2358.2
288286.082,40,2473,2679.8,2278.2
288286.122,40,2519,2614.4,2228.4
288286.162,40,2558.8,2563.4,2199.4
288286.202,40,2568,2532.6,2185.6
288286.242,40,2566.8,2535.8,2183.8
288286.282,40,2546,2573.6,2202.6
288286.322,40,2519,2614,2233.8
288286.362,40,2477,2678.2,2275.2
288286.402,40,2417.4,2732.2,2337.8
288286.442,40,2349,2768.6,2423.4
288286.482,40,2280.8,2761.6,2517.4
288286.522,40,2223.2,2720.2,2620.2
288286.562,40,2176.2,2655.6,2709.8
288286.602,40,2150.2,2593.6,2764.8
288286.642,40,2150.6,2593.6,2760.8
288286.682,40,2178.6,2650.2,2717.6
288286.722,40,2218.4,2724,2632.8
288286.762,40,2292,2771.2,2514.6
288286.802,40,2367.6,2771.2,2399.4
288286.842,40,2448.4,2711.8,2304.2
288286.882,40,2516.4,2629.8,2241.2
288286.922,40,2558.2,2559,2200
288286.962,40,2577.4,2512.8,2174.6
288287.002,40,2576.4,2502.8,2170
288287.042,40,2569.4,2530.6,2186
288287.082,40,2554.4,2563.8,2199.8
288287.122,40,2526.2,2609.4,2229.2
288287.162,40,2482.4,2663.4,2267.4
288287.202,40,2433.2,2722.6,2319.6
288287.242,40,2379.2,2754.2,2386.4
288287.282,40,2314.4,2770,2464
288287.322,40,2261.4,2753.8,2556.4
288287.362,40,2209.2,2704.6,2647.4
288287.402,40,2170.8,2643.8,2725.2
288287.442,40,2148.2,2584.4,2775.4
288287.482,40,2151,2596,2754.8
288287.522,40,2167.8,2632,2736.2
288287.562,40,2194.2,2683,2679.6
288287.602,40,2236.6,2737.2,2597.8
288287.642,40,2301.4,2775.8,2502.6
288287.682,40,2373.2,2766.6,2399.2
288287.722,40,2446.8,2712.4,2315
288287.762,40,2503,2648.6,2250.4
288287.802,40,2544.6,2583.8,2213.2
288287.842,40,2565,2539.2,2190.6
288287.882,40,2574.6,2520.4,2180
288287.922,40,2567.2,2534.4,2184.8
288287.962,40,2550.8,2570,2203
288288.002,40,2519.2,2612.8,2230.6
288288.042,40,2472.2,2679.8,2280.4
288288.082,40,2406,2738.4,2345
288288.122,40,2338.6,2768.8,2433.6
288288.162,40,2274.4,2760.4,2535
288288.202,40,2215.2,2711.6,2643
288288.242,40,2170.2,2639,2725.6
288288.282,40,2145.6,2583.6,2776.4
288288.322,40,2151.4,2602.8,2759.8
288288.362,40,2178.8,2658.6,2710
288288.402,40,2228.8,2727.2,2617.2
288288.442,40,2291.4,2769,2504
288288.482,40,2365.6,2762.6,2399.4
288288.522,40,2448.8,2714.8,2312
288288.562,40,2500.2,2646,2254.4
288288.602,40,2542.4,2585.4,2213.4
288288.642,40,2571.6,2541,2190.6
288288.682,40,2576.8,2516.8,2176
288288.722,40,2572.6,2523.6,2181.2
288288.762,40,2559.4,2557.8,2196.2
288288.802,40,2537.8,2588.6,2216.2
288288.842,40,2507.4,2640.2,2246.6
288288.882,40,2463.8,2695.8,2296
288288.922,40,2401.4,2744.2,2356.8
288288.962,40,2338.8,2768,2435.2
288289.002,40,2269.4,2758.6,2541.6
288289.042,40,2209,2703.8,2649.2
288289.082,40,2167.6,2632.2,2736
288289.122,40,2145.6,2582,2773.8
288289.162,40,2160,2612.2,2748
288289.202,40,2194.2,2679.6,2679.8
288289.242,40,2252.6,2753.6,2575.6
288289.282,40,2328.8,2780.2,2453.6
288289.322,40,2410.6,2744.4,2352.6
288289.362,40,2480,2672.4,2271
288289.402,40,2533,2594.2,2217
288289.442,40,2569.2,2540.2,2187.8
288289.482,40,2586,2491.4,2170.4
288289.522,40,2582.2,2491.8,2162.6
288289.562,40,2579.8,2518.8,2178.4
288289.602,40,2552,2560.2,2200.8
288289.642,40,2522,2607.2,2229.6
288289.682,40,2481.6,2669.4,2273.6
288289.722,40,2425.8,2725,2332.6
288289.762,40,2356.2,2760,2412
288289.802,40,2290.2,2764,2502.4
288289.842,40,2231.8,2730.8,2604.6
288289.882,40,2189.6,2668.2,2697.2
288289.922,40,2155,2606.8,2755.4
288289.962,40,2146.4,2586,2771.2
288290.002,40,2163.6,2633.4,2732.4
288290.042,40,2211.8,2707,2652.6
288290.082,40,2281.2,2770.6,2523.8
288290.122,40,2368.2,2770,2403.4
288290.162,40,2454.8,2706.2,2302.2
288290.202,40,2527.4,2611.6,2231.6
288290.242,40,2565.6,2531.6,2189.6
288290.282,40,2586,2473.6,2158.4
288290.322,40,2600.8,2434.2,2137.6
288290.362,40,2598,2429.8,2140.4
288290.402,40,2599.2,2452,2152.2
288290.442,40,2590,2482.8,2161.8
288290.482,40,2567.6,2536.2,2187.6
288290.522,40,2531,2599.8,2220.8
288290.562,40,2481.6,2667.6,2270.2
288290.602,40,2419.4,2727.2,2343
288290.642,40,2348.2,2768,2420.6
288290.682,40,2279.4,2763.2,2524.6
288290.722,40,2222.2,2712.8,2627.8
288290.762,40,2173.4,2649.8,2710.8
288290.802,40,2155.8,2602.2,2755.4
288290.842,40,2159.2,2613.4,2745.2
288290.882,40,2189.4,2674.6,2686.8
288290.922,40,2239,2740.2,2594.6
288290.962,40,2313,2772.4,2477.4
288291.002,40,2389.4,2760,2380.8
288291.042,40,2466,2695.8,2290.8
288291.082,40,2521.6,2613.6,2233
288291.122,40,2563.6,2548.2,2193.2
288291.162,40,2584.2,2502,2169.4
288291.202,40,2592.4,2487.2,2161.6
288291.242,40,2585,2504.4,2175
288291.282,40,2564.8,2534.2,2187.6
288291.322,40,2539,2587,2219.6
288291.362,40,2496.8,2648.8,2260
288291.402,40,2449.2,2703.4,2306.8
288291.442,40,2385.4,2752.8,2374.6
288291.482,40,2323.6,2770.4,2460.4
288291.522,40,2261.2,2753.6,2556.6
288291.562,40,2207.8,2704.8,2649.4
288291.602,40,2170,2638.4,2722.8
288291.642,40,2145.4,2586.4,2775.2
288291.682,40,2149.2,2595.8,2764.4
288291.722,40,2161.4,2623.4,2742.6
288291.762,40,2192.6,2679.8,2679.4
288291.802,40,2243.8,2742.2,2591.6
288291.842,40,2312.2,2776.4,2477.2
288291.882,40,2388,2758.4,2379.6
288291.922,40,2460.2,2695.4,2296.2
288291.962,40,2522,2618.2,2231.4
288292.002,40,2566.4,2552.8,2194.4
288292.042,40,2582.8,2505.2,2169.4
288292.082,40,2589,2485.6,2161.2
288292.122,40,2586.2,2492.6,2166.6
288292.162,40,2570.8,2517.6,2180.4
288292.202,40,2553.4,2565.6,2205.2
288292.242,40,2520.6,2615.8,2230.6
288292.282,40,2484.2,2673.4,2274.2
288292.322,40,2427,2724.2,2327.2
288292.362,40,2369.8,2758.4,2395
288292.402,40,2305.8,2768.2,2486
288292.442,40,2252.2,2748.2,2571.8
288292.482,40,2204.8,2701.8,2659
288292.522,40,2166.6,2639,2730.4
288292.562,40,2147.2,2592.2,2765.4
288292.602,40,2146,2596,2763.8
288292.642,40,2174.2,2642.8,2723.2
288292.682,40,2212.2,2707,2644
288292.722,40,2272.4,2765.4,2537.8
288292.762,40,2344,2779,2436
288292.802,40,2423.4,2740.6,2344.4
288292.842,40,2487.2,2668,2265.2
288292.882,40,2531,2595.2,2217.8
288292.922,40,2566.6,2542,2187
288292.962,40,2586.8,2503.4,2170.4
288293.002,40,2590.8,2498.6,2167.4
288293.042,40,2584.4,2513,2175.6
288293.082,40,2564.2,2540.4,2190.4
288293.122,40,2543.6,2587.8,2212
288293.162,40,2506.6,2636.6,2248.8
288293.202,40,2467.2,2690.6,2288.2
288293.242,40,2411.2,2735.4,2346.4
288293.282,40,2356,2766,2415.2
288293.322,40,2297.6,2767.2,2495.4
288293.362,40,2242,2741.8,2588.8
288293.402,40,2197.4,2689.2,2675.4
288293.442,40,2165,2625.8,2735.2
288293.482,40,2145,2587.6,2774.2
288293.522,40,2151.8,2600.6,2760.6
288293.562,40,2169.6,2641,2725
288293.602,40,2204.4,2702.2,2656.8
288293.642,40,2255.2,2754.2,2571.8
288293.682,40,2319,2778.4,2473
288293.722,40,2383.2,2760.2,2376
288293.762,40,2454.8,2704.6,2299.2
288293.802,40,2504.4,2642.8,2246.8
288293.842,40,2539.4,2583.8,2210.2
288293.882,40,2563.6,2545.6,2190.6
288293.922,40,2572.4,2527.4,2186.8
288293.962,40,2569.2,2533.8,2185.8
288294.002,40,2556,2558,2197.4
288294.042,40,2532.8,2591,2217.4
288294.082,40,2500.2,2637.6,2252
288294.122,40,2467.6,2687,2287.8
288294.162,40,2418.8,2732,2339.2
288294.202,40,2354.2,2762.4,2410.2
288294.242,40,2301.2,2767.6,2489.6
288294.282,40,2247.6,2743.2,2579.4
288294.322,40,2205,2698,2663.2
288294.362,40,2169,2632.8,2725.4
288294.402,40,2149.4,2589.2,2768.8
288294.442,40,2148.2,2591.8,2765.6
288294.482,40,2154.6,2619.2,2746.8
288294.522,40,2183.4,2664.2,2697.6
288294.562,40,2228.2,2726.2,2619.8
288294.602,40,2282,2767.8,2524
288294.642,40,2355.4,2771.6,2419.6
288294.682,40,2431.4,2729.8,2330.4
288294.722,40,2490,2666.4,2269.2
288294.762,40,2532.2,2598.2,2218.6
288294.802,40,2565.6,2543.6,2193.6
288294.842,40,2574.4,2516.6,2181.8
288294.882,40,2579.6,2522,2179.6
288294.922,40,2565.6,2547.8,2192.4
288294.962,40,2538.4,2582.6,2211.6
288295.002,40,2514.4,2627.2,2240.4
288295.042,40,2472.2,2681,2282.2
288295.082,40,2423.2,2724.2,2334.6
288295.122,40,2367.2,2759.4,2393
288295.162,40,2311.8,2770.8,2470.2
288295.202,40,2260.8,2754.2,2555.2
288295.242,40,2211.2,2715.8,2633.2
288295.282,40,2177.6,2650,2711.4
288295.322,40,2151.6,2597.2,2762
288295.362,40,2147.4,2590.2,2769.4
288295.402,40,2157,2618,2752.6
288295.442,40,2186.2,2669,2694.2
288295.482,40,2231.4,2732,2610.6
288295.522,40,2296.8,2769,2498.8
288295.562,40,2377.4,2764.6,2388.8
288295.602,40,2455.8,2704.6,2299.6
288295.642,40,2514,2628,2238
288295.682,40,2552.8,2558.8,2199.8
288295.722,40,2579.8,2517.6,2175.2
288295.762,40,2580.8,2493,2162.6
288295.802,40,2578.2,2512.2,2178
288295.842,40,2569.2,2540.4,2192.2
288295.882,40,2542.6,2581.8,2210.6
288295.922,40,2513.6,2633.4,2240.6
288295.962,40,2469.4,2683.6,2285.8
288296.002,40,2427.2,2729.2,2334.8
288296.042,40,2377.6,2758.6,2388.4
288296.082,40,2324.8,2766.4,2449
288296.122,40,2281.2,2756.4,2515.8
288296.162,40,2241,2741,2594
288296.202,40,2207.4,2696.2,2662.2
288296.242,40,2172.2,2640.4,2721.4
288296.282,40,2147,2598.6,2766.8
288296.322,40,2146.4,2587.6,2764
288296.362,40,2155,2604.4,2763
288296.402,40,2172,2643.2,2723.8
288296.442,40,2208.4,2698.8,2662.2
288296.482,40,2257,2749,2570.8
288296.522,40,2320.8,2774.4,2467.8
288296.562,40,2389,2758.8,2374.8
288296.602,40,2451.8,2707.6,2298.8
288296.642,40,2514,2638.8,2247.2
288296.682,40,2554,2570,2201.2
288296.722,40,2580.8,2515.6,2174.8
288296.762,40,2591.2,2490.2,2166
288296.802,40,2585.2,2503,2169.2
288296.842,40,2569.2,2533.2,2182.6
288296.882,40,2544.4,2575.6,2214.6
288296.922,40,2504.8,2651.2,2257.8
288296.962,40,2434.4,2716.6,2322.4
288297.002,40,2351.6,2755.8,2412.8
288297.042,40,2278.4,2758.8,2526.8
288297.082,40,2211.2,2697.4,2658.6
288297.122,40,2156.4,2612.4,2741.4
288297.162,40,2147.8,2586.2,2766.6
288297.202,40,2181.2,2646.8,2726.4
288297.242,40,2234.4,2734,2612.2
288297.282,40,2316,2776,2471.4
288297.322,40,2417.4,2737,2338.8
288297.362,40,2502.2,2642.4,2246.4
288297.402,40,2570.8,2537.6,2186
288297.442,40,2589,2455.4,2152.2
288297.482,40,2598.4,2408.8,2132.4
288297.522,40,2597,2410.6,2131.2
288297.562,40,2590.2,2447.2,2152
288297.602,40,2577.8,2503,2170.6
288297.642,40,2539.8,2587,2215.8
288297.682,40,2482,2673.4,2275.2
288297.722,40,2398.8,2744.2,2365.8
288297.762,40,2315.2,2773.4,2476.8
288297.802,40,2233,2729.4,2600.4
288297.842,40,2173.4,2646.2,2713.4
288297.882,40,2144.6,2584,2762.6
288297.922,40,2162.8,2620,2738.8
288297.962,40,2210.8,2703.4,2649.4
288298.002,40,2282.4,2768.2,2530
288298.042,40,2372.2,2770.2,2395
288298.082,40,2463.6,2703.6,2293.6
288298.122,40,2530.6,2600.4,2219
288298.162,40,2581,2505.6,2175
288298.202,40,2599.6,2458,2145.2
288298.242,40,2602,2432.6,2140.4
288298.282,40,2601.6,2459.4,2151.6
288298.322,40,2586.2,2480.2,2163
288298.362,40,2563,2527.4,2189.4
288298.402,40,2528.2,2601.4,2222
288298.442,40,2479.6,2673.4,2274.4
288298.482,40,2411,2734.6,2347.2
288298.522,40,2331.6,2771,2445.8
288298.562,40,2254.4,2755,2565
288298.602,40,2193.6,2681.8,2681
288298.642,40,2149.8,2592.4,2755.4
288298.682,40,2149,2587.4,2759.2
288298.722,40,2174.4,2648.2,2717.8
288298.762,40,2224.2,2724.2,2619.6
288298.802,40,2298,2769,2498.8
288298.842,40,2384.4,2762.4,2387.4
288298.882,40,2455.4,2698.6,2294.4
288298.922,40,2520,2612.8,2231.2
288298.962,40,2565.4,2538.4,2187.8
288299.002,40,2589.2,2485,2165.4
288299.042,40,2598,2472.8,2157.2
288299.082,40,2590.2,2487.2,2162.6
288299.122,40,2576,2519.8,2180.2
288299.162,40,2547.2,2569,2201.4
288299.202,40,2513.6,2627,2241.6
288299.242,40,2459.2,2694.4,2294.6
288299.282,40,2386.8,2745.4,2366
288299.322,40,2323.4,2769.8,2457.4
288299.362,40,2258.6,2747,2565.8
288299.402,40,2199.4,2695.6,2658
288299.442,40,2159.8,2627.4,2738.2
288299.482,40,2142.6,2586.6,2768.4
288299.522,40,2152.2,2605.2,2759
288299.562,40,2178.8,2653.2,2710.4
288299.602,40,2226,2719.4,2622.4
288299.642,40,2290.2,2770.8,2509.4
288299.682,40,2368.4,2765.2,2399.2
288299.722,40,2449,2715.4,2302
288299.762,40,2511.2,2635.2,2243.6
288299.802,40,2558.6,2570,2204.8
288299.842,40,2578.6,2527.4,2178.2
288299.882,40,2582.4,2520,2175.6
288299.922,40,2573.4,2540.6,2186
288299.962,40,2541.4,2578.2,2209.4
288300.002,40,2506,2636.8,2247
288300.042,40,2455.2,2699.8,2300.6
288300.082,40,2395,2748.4,2369
288300.122,40,2332.2,2770.2,2450
288300.162,40,2267.6,2755.8,2539.4
288300.202,40,2218.4,2714.8,2633.8
288300.242,40,2174.2,2651.8,2707
288300.282,40,2144.2,2589.8,2757.2
288300.322,40,2151.4,2591.4,2770.6
288300.362,40,2159,2621.8,2752
288300.402,40,2189.4,2681.6,2690.6
288300.442,40,2239.8,2739.8,2596.6
288300.482,40,2308,2772,2484
288300.522,40,2393.4,2754,2371.4
288300.562,40,2467.8,2694.8,2291.4
288300.602,40,2526.4,2619.6,2232.4
288300.642,40,2557.4,2560.4,2200
288300.682,40,2572,2520.2,2182.4
288300.722,40,2573.8,2520.8,2176.8
288300.762,40,2552.6,2558,2201.4
288300.802,40,2527.2,2604.4,2231.2
288300.842,40,2484.4,2667.6,2270
288300.882,40,2432.4,2727.6,2328
288300.922,40,2356.8,2763.6,2409.4
288300.962,40,2287.6,2765.4,2507
288301.002,40,2224.2,2722.4,2620.6
288301.042,40,2177.4,2647,2712.8
288301.082,40,2147.6,2584.2,2767.8
288301.122,40,2155.2,2609.4,2758.8
288301.162,40,2183.6,2667,2698.6
288301.202,40,2236.4,2732.6,2604
288301.242,40,2306.2,2775.2,2493.2
288301.282,40,2386.4,2761,2377.8
288301.322,40,2460.4,2697.8,2291.8
288301.362,40,2525.4,2619.6,2231
288301.402,40,2567.6,2538.2,2184.4
288301.442,40,2579.8,2494,2169.6
288301.482,40,2584.4,2491.4,2168.8
288301.522,40,2575.4,2518.4,2182.2
288301.562,40,2552.2,2554.8,2200.4
288301.602,40,2523,2614,2227.4
288301.642,40,2483.6,2670.2,2269
288301.682,40,2437,2716.8,2323.2
288301.722,40,2375.8,2758.8,2386.4
288301.762,40,2317.8,2770.4,2468.4
288301.802,40,2260.8,2753.2,2552.4
288301.842,40,2213.4,2711,2640.8
288301.882,40,2178.6,2648.6,2716.2
288301.922,40,2150,2593.2,2757.4
288301.962,40,2147.2,2589.8,2762.2
288302.002,40,2159.8,2618.8,2739.2
288302.042,40,2186.6,2672.4,2693.2
288302.082,40,2232.8,2727.6,2611
288302.122,40,2290.2,2767,2521.8
288302.162,40,2351.2,2773.2,2421.2
288302.202,40,2422,2739.2,2338.6
288302.242,40,2482.4,2677.6,2276.4
288302.282,40,2518.8,2623.2,2236.4
288302.322,40,2544,2580.2,2212
288302.362,40,2548.6,2561.8,2201.4
288302.402,40,2546.2,2576.4,2206.6
288302.442,40,2527.8,2601.8,2219.8
288302.482,40,2509.6,2635.6,2246
288302.522,40,2481.8,2673.2,2273
288302.562,40,2451.6,2705.8,2306.4
288302.602,40,2415.2,2735,2338.8
288302.642,40,2380.8,2755,2378.8
288302.682,40,2352.4,2766.4,2415.6
288302.722,40,2321.6,2769.8,2455.2
288302.762,40,2290.2,2764.6,2498.6
288302.802,40,2268.2,2758.6,2538.6
288302.842,40,2245.4,2742.6,2583.2
288302.882,40,2224.4,2722.2,2618.2
288302.922,40,2205.8,2701.6,2656.2
288302.962,40,2191.6,2683.6,2680.2
288303.002,40,2181.8,2661.2,2702
288303.042,40,2172.4,2651.8,2716.8
288303.082,40,2171,2640.2,2725.8
