168806.53,40.0,2311.4,2798.4,2638.4
168806.57,40.0,2222.8,2697.8,2744.0
168806.61,40.0,2171.8,2598.0,2812.2
168806.65,40.0,2143.6,2524.6,2829.6
168806.69,40.0,2137.2,2499.0,2832.2
168806.73,40.0,2140.8,2516.6,2826.2
168806.77,40.0,2151.4,2553.0,2823.4
168806.81,40.0,2175.0,2605.4,2806.4
168806.85,40.0,2202.6,2668.2,2771.0
168806.89,40.0,2253.4,2739.2,2720.0
168806.93,40.0,2305.8,2797.4,2640.6
168806.97,40.0,2379.8,2842.2,2550.8
168807.01,40.0,2467.2,2854.2,2457.8
168807.05,40.0,2548.2,2832.6,2386.4
168807.09,40.0,2625.6,2789.2,2321.4
168807.13,40.0,2695.4,2726.4,2267.8
168807.17,40.0,2751.2,2656.8,2230.0
168807.21,40.0,2777.6,2602.0,2202.8
168807.25,40.0,2792.2,2559.4,2183.4
168807.29,40.0,2792.6,2550.2,2183.0
168807.33,40.0,2793.8,2571.4,2192.2
168807.37,40.0,2778.8,2590.2,2198.8
168807.41,40.0,2768.6,2614.8,2208.8
168807.45,40.0,2752.4,2639.8,2223.8
168807.49,40.0,2736.8,2663.8,2232.6
168807.53,40.0,2728.2,2689.0,2248.4
168807.57,40.0,2715.4,2700.6,2260.4
168807.61,40.0,2704.4,2714.2,2262.8
168807.65,40.0,2703.4,2715.6,2270.0
168807.69,40.0,2704.8,2717.6,2270.4
168807.73,40.0,2698.2,2722.4,2270.8
168807.77,40.0,2691.2,2732.2,2276.4
168807.81,40.0,2686.0,2733.4,2285.2
168807.85,40.0,2681.2,2738.0,2286.0
168807.89,40.0,2676.0,2742.2,2288.6
168807.93,40.0,2669.0,2749.4,2290.4
168807.97,40.0,2666.8,2756.0,2292.2
168808.01,40.0,2656.0,2760.4,2301.8
168808.05,40.0,2650.8,2766.6,2301.2
168808.09,40.0,2644.8,2770.0,2307.2
168808.13,40.0,2640.0,2777.4,2313.2
168808.17,40.0,2632.6,2779.6,2319.4
168808.21,40.0,2626.6,2784.8,2321.0
168808.25,40.0,2624.0,2785.0,2328.0
168808.29,40.0,2621.4,2788.6,2328.0
168808.33,40.0,2613.4,2791.4,2334.4
168808.37,40.0,2611.2,2794.4,2338.8
168808.41,40.0,2605.8,2798.4,2339.6
168808.45,40.0,2598.8,2802.8,2339.4
168808.49,40.0,2605.8,2801.8,2341.2
168808.53,40.0,2614.0,2792.6,2333.6
168808.57,40.0,2636.8,2776.6,2320.6
168808.61,40.0,2665.4,2752.4,2294.6
168808.65,40.0,2696.6,2715.6,2264.6
168808.69,40.0,2737.4,2674.4,2241.4
168808.73,40.0,2760.2,2628.2,2215.6
168808.77,40.0,2783.2,2590.6,2201.6
168808.81,40.0,2795.2,2561.6,2183.4
168808.85,40.0,2789.8,2548.6,2184.0
168808.89,40.0,2793.8,2566.4,2187.8
168808.93,40.0,2777.6,2597.4,2204.2
168808.97,40.0,2751.0,2640.2,2224.6
168809.01,40.0,2709.8,2709.4,2266.6
168809.05,40.0,2631.0,2779.6,2324.4
168809.09,40.0,2525.4,2837.2,2405.8
168809.13,40.0,2412.6,2848.6,2512.8
168809.17,40.0,2298.8,2794.8,2645.2
168809.21,40.0,2209.2,2677.6,2769.8
168809.25,40.0,2148.8,2535.8,2823.2
168809.29,40.0,2107.0,2414.8,2809.4
168809.33,40.0,2098.8,2393.8,2801.4
168809.37,40.0,2119.8,2461.4,2827.2
168809.41,40.0,2142.8,2517.4,2829.0
168809.45,40.0,2164.8,2573.0,2820.0
168809.49,40.0,2182.2,2620.2,2802.2
168809.53,40.0,2200.2,2648.0,2782.8
168809.57,40.0,2212.4,2675.4,2768.2
168809.61,40.0,2219.2,2683.6,2763.2
168809.65,40.0,2219.4,2681.8,2760.2
168809.69,40.0,2210.2,2678.0,2768.2
168809.73,40.0,2205.4,2666.6,2773.0
168809.77,40.0,2205.8,2655.0,2782.0
168809.81,40.0,2198.2,2652.0,2785.2
168809.85,40.0,2192.2,2641.8,2788.6
168809.89,40.0,2190.4,2632.0,2795.4
168809.93,40.0,2188.4,2629.2,2797.4
168809.97,40.0,2186.0,2616.6,2800.8
168810.01,40.0,2180.0,2608.2,2807.0
168810.05,40.0,2175.4,2603.4,2812.2
168810.09,40.0,2171.2,2597.0,2813.4
168810.13,40.0,2168.6,2588.8,2812.2
168810.17,40.0,2163.4,2580.6,2819.4
168810.21,40.0,2164.8,2575.0,2820.4
168810.25,40.0,2158.6,2566.6,2822.0
168810.29,40.0,2158.4,2556.6,2822.6
168810.33,40.0,2153.8,2552.8,2827.0
168810.37,40.0,2152.8,2540.6,2823.6
168810.41,40.0,2144.4,2537.2,2827.2
168810.45,40.0,2146.8,2532.6,2830.4
168810.49,40.0,2147.2,2521.2,2832.2
168810.53,40.0,2138.8,2515.2,2828.0
168810.57,40.0,2136.4,2508.6,2830.4
168810.61,40.0,2137.8,2505.6,2830.0
168810.65,40.0,2130.6,2501.4,2826.0
168810.69,40.0,2129.8,2495.8,2828.8
168810.73,40.0,2130.8,2491.2,2833.0
168810.77,40.0,2123.2,2483.6,2830.0
168810.81,40.0,2125.8,2477.4,2824.4
168810.85,40.0,2120.8,2474.4,2833.2
168810.89,40.0,2122.6,2465.4,2829.6
168810.93,40.0,2118.4,2460.6,2826.2
168810.97,40.0,2118.8,2456.8,2825.0
168811.01,40.0,2117.8,2451.8,2824.8
168811.05,40.0,2113.0,2445.6,2822.4
168811.09,40.0,2113.6,2443.2,2816.8
168811.13,40.0,2106.4,2432.4,2815.0
168811.17,40.0,2108.4,2425.6,2811.2
168811.21,40.0,2107.6,2419.8,2817.6
168811.25,40.0,2105.0,2414.8,2812.6
168811.29,40.0,2102.0,2406.2,2805.6
168811.33,40.0,2101.0,2399.6,2808.4
168811.37,40.0,2100.4,2400.6,2797.8
168811.41,40.0,2097.2,2391.0,2796.4
168811.45,40.0,2094.4,2388.0,2795.6
168811.49,40.0,2096.4,2386.2,2799.0
168811.53,40.0,2097.4,2385.4,2800.4
168811.57,40.0,2096.4,2390.8,2799.0
168811.61,40.0,2106.8,2422.2,2814.2
168811.65,40.0,2132.0,2497.2,2830.2
168811.69,40.0,2181.2,2608.6,2799.8
168811.73,40.0,2258.2,2740.0,2704.4
168811.77,40.0,2377.0,2838.2,2553.4
168811.81,40.0,2531.0,2838.0,2397.2
168811.85,40.0,2681.8,2731.0,2279.4
168811.89,40.0,2784.8,2579.2,2196.0
168811.93,40.0,2795.2,2451.2,2144.6
168811.97,40.0,2757.4,2358.0,2109.2
168812.01,40.0,2695.0,2298.6,2092.2
168812.05,40.0,2664.0,2274.6,2085.6
168812.09,40.0,2687.0,2288.6,2093.4
168812.13,40.0,2733.8,2335.2,2105.6
168812.17,40.0,2787.8,2418.6,2130.0
168812.21,40.0,2789.4,2541.2,2179.6
168812.25,40.0,2713.0,2692.0,2255.6
168812.29,40.0,2567.8,2818.2,2368.4
168812.33,40.0,2414.4,2849.0,2509.2
168812.37,40.0,2326.8,2805.6,2607.2
168812.41,40.0,2346.6,2823.0,2583.0
168812.45,40.0,2447.8,2856.4,2480.0
168812.49,40.0,2588.4,2812.8,2356.2
168812.53,40.0,2729.2,2685.6,2246.2
168812.57,40.0,2801.2,2528.6,2173.8
168812.61,40.0,2781.4,2399.0,2128.4
168812.65,40.0,2709.8,2305.6,2092.0
168812.69,40.0,2624.4,2248.0,2077.0
168812.73,40.0,2570.8,2215.0,2069.6
168812.77,40.0,2578.2,2225.0,2075.6
168812.81,40.0,2619.0,2243.6,2075.6
168812.85,40.0,2681.0,2280.4,2089.4
168812.89,40.0,2742.6,2348.4,2106.6
168812.93,40.0,2797.6,2450.6,2147.2
168812.97,40.0,2774.4,2601.0,2206.2
168813.01,40.0,2662.0,2753.6,2298.8
168813.05,40.0,2501.6,2842.6,2423.4
168813.09,40.0,2363.2,2833.4,2571.0
168813.13,40.0,2275.4,2766.4,2671.8
168813.17,40.0,2287.6,2777.4,2653.2
168813.21,40.0,2360.6,2831.2,2560.8
168813.25,40.0,2486.8,2844.2,2441.6
168813.29,40.0,2647.6,2768.2,2306.0
168813.33,40.0,2769.0,2610.0,2209.0
168813.37,40.0,2802.8,2457.6,2142.8
168813.41,40.0,2742.2,2341.6,2106.0
168813.45,40.0,2652.2,2267.2,2081.0
168813.49,40.0,2592.8,2230.0,2072.8
168813.53,40.0,2584.8,2223.4,2072.4
168813.57,40.0,2624.2,2245.2,2076.6
168813.61,40.0,2684.4,2285.4,2090.4
168813.65,40.0,2759.6,2357.4,2116.2
168813.69,40.0,2797.4,2453.0,2144.0
168813.73,40.0,2776.2,2593.6,2200.2
168813.77,40.0,2674.4,2739.0,2288.4
168813.81,40.0,2528.8,2838.2,2401.4
168813.85,40.0,2393.0,2845.0,2531.0
168813.89,40.0,2304.6,2786.6,2637.8
168813.93,40.0,2305.2,2790.2,2633.6
168813.97,40.0,2377.0,2839.0,2556.6
168814.01,40.0,2498.2,2843.0,2428.2
168814.05,40.0,2651.8,2763.4,2301.0
168814.09,40.0,2772.4,2609.2,2205.2
168814.13,40.0,2802.0,2455.4,2145.2
168814.17,40.0,2745.8,2338.6,2105.0
168814.21,40.0,2651.0,2264.0,2081.8
168814.25,40.0,2582.0,2220.4,2073.0
168814.29,40.0,2575.2,2218.0,2067.8
168814.33,40.0,2608.8,2239.0,2075.6
168814.37,40.0,2661.6,2273.0,2088.0
168814.41,40.0,2743.6,2338.6,2106.2
168814.45,40.0,2797.0,2436.6,2137.4
168814.49,40.0,2785.2,2581.0,2196.6
168814.53,40.0,2680.2,2730.8,2279.6
168814.57,40.0,2537.6,2835.4,2398.6
168814.61,40.0,2397.0,2848.0,2527.2
168814.65,40.0,2309.6,2794.4,2636.4
168814.69,40.0,2306.8,2792.6,2637.0
168814.73,40.0,2366.0,2835.0,2558.2
168814.77,40.0,2482.6,2846.6,2440.2
168814.81,40.0,2633.0,2778.6,2312.4
168814.85,40.0,2759.8,2627.4,2212.8
168814.89,40.0,2801.6,2482.2,2153.2
168814.93,40.0,2759.6,2365.8,2115.2
168814.97,40.0,2682.8,2287.0,2090.8
168815.01,40.0,2608.0,2238.0,2071.4
168815.05,40.0,2587.0,2224.4,2070.8
168815.09,40.0,2609.2,2240.2,2078.8
168815.13,40.0,2664.0,2266.2,2084.6
168815.17,40.0,2729.8,2328.0,2102.4
168815.21,40.0,2793.0,2414.6,2128.6
168815.25,40.0,2796.8,2537.0,2175.2
168815.29,40.0,2728.6,2677.2,2246.6
168815.33,40.0,2606.2,2796.8,2342.2
168815.37,40.0,2474.0,2855.0,2459.2
168815.41,40.0,2357.8,2829.2,2572.6
168815.45,40.0,2326.4,2804.2,2610.4
168815.49,40.0,2370.6,2837.2,2557.6
168815.53,40.0,2466.0,2849.2,2454.4
168815.57,40.0,2606.4,2793.0,2335.8
168815.61,40.0,2739.4,2662.0,2236.0
168815.65,40.0,2798.8,2512.8,2163.0
168815.69,40.0,2782.2,2393.0,2121.4
168815.73,40.0,2701.8,2299.8,2093.8
168815.77,40.0,2624.2,2245.6,2078.0
168815.81,40.0,2580.6,2223.0,2071.6
168815.85,40.0,2583.8,2220.8,2071.6
168815.89,40.0,2628.2,2246.6,2079.4
168815.93,40.0,2690.4,2291.4,2093.8
168815.97,40.0,2756.8,2358.0,2113.6
168816.01,40.0,2800.0,2458.8,2142.8
168816.05,40.0,2787.8,2581.8,2200.6
168816.09,40.0,2697.8,2717.8,2271.4
168816.13,40.0,2573.0,2818.8,2365.6
168816.17,40.0,2442.8,2852.2,2481.2
168816.21,40.0,2353.4,2823.6,2588.4
168816.25,40.0,2329.8,2807.0,2612.4
168816.29,40.0,2378.6,2841.6,2543.4
168816.33,40.0,2484.6,2850.8,2445.6
168816.37,40.0,2616.0,2787.2,2324.0
168816.41,40.0,2741.4,2655.0,2231.6
168816.45,40.0,2801.0,2513.4,2167.4
168816.49,40.0,2776.0,2394.4,2126.0
168816.53,40.0,2707.8,2312.6,2097.0
168816.57,40.0,2635.4,2256.4,2082.6
168816.61,40.0,2597.6,2230.4,2077.0
168816.65,40.0,2597.8,2224.6,2071.2
168816.69,40.0,2640.4,2255.0,2082.8
168816.73,40.0,2694.4,2297.4,2094.8
168816.77,40.0,2762.4,2362.8,2112.8
168816.81,40.0,2799.8,2457.0,2147.8
168816.85,40.0,2786.4,2581.4,2197.0
168816.89,40.0,2695.0,2715.6,2275.8
168816.93,40.0,2565.2,2826.0,2369.2
168816.97,40.0,2434.4,2853.2,2492.4
168817.01,40.0,2347.6,2817.8,2587.2
168817.05,40.0,2354.2,2822.6,2576.6
168817.09,40.0,2439.2,2847.6,2484.2
168817.155,65.0,2656.4,2758.0,2299.2
168817.195,40.0,2767.0,2615.8,2208.0
168817.235,40.0,2805.4,2472.2,2153.8
168817.275,40.0,2760.0,2359.8,2113.4
168817.315,40.0,2691.0,2290.6,2090.2
168817.355,40.0,2634.2,2250.6,2077.4
168817.395,40.0,2609.4,2241.6,2074.8
168817.435,40.0,2641.4,2255.8,2081.2
168817.475,40.0,2680.6,2280.8,2087.8
168817.515,40.0,2732.8,2331.4,2103.8
168817.555,40.0,2779.6,2397.0,2129.2
168817.595,40.0,2805.6,2489.2,2157.6
168817.635,40.0,2776.2,2601.8,2204.0
168817.675,40.0,2699.6,2714.8,2271.0
168817.715,40.0,2588.4,2811.4,2358.8
168817.755,40.0,2474.0,2849.6,2447.6
168817.795,40.0,2390.8,2842.4,2535.6
168817.835,40.0,2384.0,2838.6,2541.6
168817.875,40.0,2447.6,2850.4,2478.4
168817.915,40.0,2546.6,2831.2,2383.8
168817.955,40.0,2662.8,2748.2,2290.0
168817.995,40.0,2769.0,2622.4,2216.2
168818.035,40.0,2803.2,2499.4,2158.8
168818.075,40.0,2785.4,2398.8,2123.4
168818.115,40.0,2729.6,2324.6,2098.6
168818.155,40.0,2668.2,2266.6,2089.8
168818.195,40.0,2644.6,2256.2,2079.4
168818.235,40.0,2664.6,2273.4,2090.6
168818.275,40.0,2712.6,2311.4,2095.2
168818.315,40.0,2762.2,2362.4,2114.0
168818.355,40.0,2799.4,2442.8,2144.2
168818.395,40.0,2796.6,2549.2,2183.2
168818.435,40.0,2734.6,2668.2,2242.0
168818.475,40.0,2631.4,2773.6,2323.2
168818.515,40.0,2514.8,2842.8,2411.0
168818.562,47.0,2406.0,2846.6,2515.6
168818.602,40.0,2394.6,2841.2,2523.2
168818.642,40.0,2463.4,2850.0,2456.8
168818.682,40.0,2586.2,2812.6,2350.6
168818.722,40.0,2710.8,2704.4,2263.2
168818.762,40.0,2788.4,2567.0,2188.4
168818.802,40.0,2800.6,2443.2,2138.0
168818.842,40.0,2755.2,2349.8,2108.0
168818.882,40.0,2696.8,2300.8,2089.8
168818.922,40.0,2671.4,2274.6,2086.2
168818.962,40.0,2687.0,2287.2,2092.0
168819.002,40.0,2722.0,2320.6,2098.2
168819.042,40.0,2762.0,2357.6,2112.2
168819.082,40.0,2796.4,2424.0,2134.0
168819.122,40.0,2801.0,2505.6,2166.4
168819.162,40.0,2772.4,2618.2,2213.4
168819.202,40.0,2695.0,2719.8,2273.2
168819.242,40.0,2601.0,2806.2,2347.8
168819.282,40.0,2512.4,2835.4,2407.8
168819.322,40.0,2524.2,2834.0,2407.8
168819.362,40.0,2601.4,2798.8,2339.4
168819.402,40.0,2694.6,2717.2,2269.4
168819.442,40.0,2774.2,2602.6,2205.0
168819.482,40.0,2800.6,2486.8,2155.6
168819.522,40.0,2781.2,2392.2,2123.6
168819.562,40.0,2739.0,2337.4,2101.8
168819.602,40.0,2699.4,2301.2,2093.2
168819.642,40.0,2699.4,2301.2,2096.0
168819.682,40.0,2720.2,2319.8,2100.8
168819.722,40.0,2743.6,2345.8,2110.8
168819.762,40.0,2775.8,2398.4,2126.2
168819.802,40.0,2793.2,2446.0,2138.0
168819.842,40.0,2802.8,2503.0,2163.0
168819.882,40.0,2794.2,2559.0,2184.8
168819.922,40.0,2773.0,2599.6,2204.4
168819.969,47.0,2765.8,2614.8,2216.4
168820.009,40.0,2765.0,2607.0,2208.0
168820.049,40.0,2769.2,2617.2,2215.8
168820.089,40.0,2761.4,2625.4,2218.2
168820.129,40.0,2753.0,2637.6,2228.8
168820.169,40.0,2744.4,2653.8,2234.2
168820.209,40.0,2728.8,2678.0,2244.2
168820.249,40.0,2703.0,2707.4,2264.4
168820.289,40.0,2671.6,2740.2,2285.2
168820.329,40.0,2640.8,2768.0,2310.8
168820.369,40.0,2636.6,2772.6,2317.6
168820.409,40.0,2672.0,2738.6,2283.4
168820.449,40.0,2743.4,2658.0,2232.0
168820.489,40.0,2796.6,2536.6,2176.4
168820.529,40.0,2787.4,2417.2,2136.4
168820.569,40.0,2728.8,2323.0,2097.4
168820.609,40.0,2644.0,2261.4,2079.8
168820.649,40.0,2575.8,2219.2,2069.8
168820.689,40.0,2573.4,2219.8,2070.4
168820.729,40.0,2613.2,2241.6,2076.4
168820.769,40.0,2665.2,2269.4,2084.2
168820.809,40.0,2733.6,2327.2,2100.8
168820.849,40.0,2788.4,2403.2,2129.2
168820.889,40.0,2801.4,2508.0,2166.2
168820.929,40.0,2758.6,2639.8,2226.2
168820.969,40.0,2651.2,2764.8,2308.6
168821.009,40.0,2506.6,2845.4,2414.8
168821.049,40.0,2382.0,2842.4,2546.8
168821.089,40.0,2300.8,2786.2,2642.4
168821.129,40.0,2306.0,2794.0,2633.2
168821.169,40.0,2381.2,2842.2,2551.2
168821.209,40.0,2499.8,2845.2,2425.2
168821.249,40.0,2657.6,2766.6,2299.2
168821.289,40.0,2772.8,2613.4,2211.2
168821.329,40.0,2802.4,2464.2,2147.8
168821.375,46.0,2743.4,2341.6,2102.0
168821.415,40.0,2665.4,2274.4,2085.8
168821.455,40.0,2596.6,2236.4,2077.0
168821.495,40.0,2586.8,2223.6,2073.0
168821.535,40.0,2614.4,2238.6,2073.2
168821.575,40.0,2666.8,2274.8,2085.8
168821.615,40.0,2741.6,2336.8,2103.8
168821.655,40.0,2794.2,2421.2,2132.0
168821.695,40.0,2792.2,2539.6,2186.6
168821.735,40.0,2728.8,2683.4,2248.0
168821.775,40.0,2605.6,2794.2,2337.6
168821.815,40.0,2482.2,2850.4,2447.4
168821.855,40.0,2375.4,2837.8,2558.8
168821.895,40.0,2344.8,2817.6,2594.8
168821.935,40.0,2379.2,2834.8,2552.2
168821.975,40.0,2463.2,2849.0,2463.2
168822.015,40.0,2585.6,2807.4,2351.2
168822.055,40.0,2713.0,2695.8,2254.4
168822.095,40.0,2790.2,2552.2,2181.6
168822.135,40.0,2793.0,2429.0,2135.6
168822.175,40.0,2737.6,2337.6,2102.6
168822.215,40.0,2677.6,2281.0,2086.4
168822.255,40.0,2632.8,2255.8,2080.2
168822.295,40.0,2645.4,2257.8,2084.4
168822.335,40.0,2682.4,2286.0,2087.6
168822.375,40.0,2733.6,2327.6,2104.4
168822.415,40.0,2779.8,2390.6,2125.4
168822.455,40.0,2803.0,2476.0,2156.2
168822.495,40.0,2776.6,2592.2,2200.4
168822.535,40.0,2702.4,2711.4,2267.0
168822.575,40.0,2585.4,2810.0,2354.2
168822.615,40.0,2472.8,2848.4,2451.8
168822.655,40.0,2384.2,2838.8,2540.8
168822.695,40.0,2385.2,2836.6,2538.6
168822.735,40.0,2460.4,2852.4,2461.2
168822.78,45.0,2586.8,2810.2,2352.6
168822.82,40.0,2699.2,2713.6,2258.0
168822.86,40.0,2784.6,2573.6,2188.6
168822.9,40.0,2799.6,2446.6,2143.6
168822.94,40.0,2757.0,2354.8,2107.2
168822.98,40.0,2686.6,2286.0,2091.4
168823.02,40.0,2632.6,2251.0,2080.6
168823.06,40.0,2613.0,2241.4,2074.4
168823.1,40.0,2634.8,2254.4,2079.8
168823.14,40.0,2687.4,2289.6,2093.8
168823.18,40.0,2744.2,2342.4,2107.6
168823.22,40.0,2794.4,2435.0,2134.2
168823.26,40.0,2791.6,2543.2,2182.6
168823.3,40.0,2726.6,2684.8,2249.6
168823.34,40.0,2603.0,2802.0,2342.6
168823.38,40.0,2468.6,2849.4,2462.8
168823.42,40.0,2351.8,2828.8,2579.6
168823.46,40.0,2312.0,2795.2,2631.0
168823.5,40.0,2350.8,2824.6,2587.2
168823.54,40.0,2429.6,2846.6,2494.8
168823.58,40.0,2553.4,2824.4,2378.6
168823.62,40.0,2689.6,2726.4,2271.0
168823.66,40.0,2776.0,2589.6,2197.2
168823.7,40.0,2800.6,2463.0,2147.2
168823.74,40.0,2763.8,2364.6,2113.4
168823.78,40.0,2694.4,2285.4,2087.0
168823.82,40.0,2623.0,2247.0,2075.8
168823.86,40.0,2587.6,2227.8,2071.6
168823.9,40.0,2586.0,2225.8,2072.0
168823.94,40.0,2614.8,2240.0,2076.2
168823.98,40.0,2648.0,2262.0,2084.8
168824.02,40.0,2693.2,2293.4,2094.8
168824.06,40.0,2742.8,2342.4,2110.0
168824.1,40.0,2783.6,2408.2,2129.2
168824.14,40.0,2797.8,2492.2,2159.8
168824.19,50.0,2759.0,2631.4,2222.6
168824.23,40.0,2678.8,2740.4,2288.2
168824.27,40.0,2572.6,2815.4,2367.0
168824.31,40.0,2468.8,2854.8,2461.4
168824.35,40.0,2405.4,2844.0,2514.4
168824.39,40.0,2422.8,2851.0,2500.2
168824.43,40.0,2486.8,2850.2,2440.0
168824.47,40.0,2586.4,2809.2,2354.8
168824.51,40.0,2696.0,2719.0,2271.8
168824.55,40.0,2771.4,2600.6,2205.0
168824.59,40.0,2800.2,2483.0,2153.8
168824.63,40.0,2778.4,2390.2,2121.0
168824.67,40.0,2718.8,2322.4,2101.0
168824.71,40.0,2668.2,2268.8,2085.0
168824.75,40.0,2622.8,2241.0,2074.0
168824.79,40.0,2594.8,2228.6,2076.8
168824.83,40.0,2588.6,2225.8,2071.8
168824.87,40.0,2603.2,2231.6,2071.0
168824.91,40.0,2623.2,2243.6,2080.4
168824.95,40.0,2630.4,2251.0,2076.2
168824.99,40.0,2637.4,2247.8,2079.4
168825.03,40.0,2643.2,2258.4,2083.2
168825.07,40.0,2646.4,2260.2,2081.2
168825.11,40.0,2656.2,2261.0,2084.8
168825.15,40.0,2661.4,2269.6,2087.8
168825.19,40.0,2667.4,2271.2,2087.4
168825.23,40.0,2673.4,2277.6,2089.0
168825.27,40.0,2676.4,2279.2,2087.0
168825.31,40.0,2678.4,2283.8,2087.8
168825.35,40.0,2691.4,2291.6,2090.8
168825.39,40.0,2693.8,2294.2,2090.8
168825.43,40.0,2694.4,2297.0,2090.6
168825.47,40.0,2701.6,2300.4,2094.8
168825.51,40.0,2707.4,2303.0,2098.8
168825.556,46.0,2708.6,2315.2,2091.8
168825.596,40.0,2722.4,2314.0,2096.8
168825.636,40.0,2725.8,2314.6,2100.4
168825.676,40.0,2722.4,2320.8,2103.4
168825.716,40.0,2733.6,2326.0,2098.8
168825.756,40.0,2739.4,2325.6,2104.8
168825.796,40.0,2735.0,2333.2,2105.4
168825.836,40.0,2744.0,2337.8,2106.0
168825.876,40.0,2746.2,2344.2,2113.8
168825.916,40.0,2749.2,2349.2,2108.6
168825.956,40.0,2756.6,2354.0,2110.0
168825.996,40.0,2760.0,2362.0,2116.2
168826.036,40.0,2758.0,2364.4,2116.2
168826.076,40.0,2764.4,2366.4,2114.0
168826.116,40.0,2771.0,2371.0,2120.2
168826.156,40.0,2769.6,2375.0,2120.2
168826.196,40.0,2771.8,2386.8,2127.0
168826.236,40.0,2780.0,2390.2,2124.2
168826.276,40.0,2779.6,2390.0,2122.8
168826.316,40.0,2782.2,2400.6,2126.4
168826.356,40.0,2789.2,2406.0,2126.2
168826.396,40.0,2785.4,2410.4,2131.8
168826.436,40.0,2787.0,2418.6,2131.0
168826.476,40.0,2791.8,2421.2,2132.0
168826.516,40.0,2795.0,2428.8,2130.2
168826.556,40.0,2791.6,2429.8,2134.2
168826.596,40.0,2797.0,2444.2,2140.2
168826.636,40.0,2793.8,2444.2,2142.6
168826.676,40.0,2798.0,2449.6,2146.0
168826.716,40.0,2796.2,2455.0,2139.6
168826.756,40.0,2803.0,2462.2,2145.2
168826.796,40.0,2799.8,2470.6,2151.6
168826.836,40.0,2805.4,2476.6,2151.8
168826.876,40.0,2802.0,2482.2,2156.4
168826.916,40.0,2801.4,2488.4,2156.0
168826.962,46.0,2801.0,2496.2,2165.0
168827.002,40.0,2801.0,2503.0,2167.6
168827.042,40.0,2801.4,2513.6,2170.4
168827.082,40.0,2804.4,2513.2,2168.8
168827.122,40.0,2800.2,2519.6,2172.2
168827.162,40.0,2801.2,2523.6,2178.2
168827.202,40.0,2801.8,2527.0,2176.6
168827.242,40.0,2795.2,2537.0,2174.8
168827.282,40.0,2794.4,2540.8,2179.8
168827.322,40.0,2794.4,2551.6,2180.0
168827.362,40.0,2795.4,2556.2,2182.4
168827.402,40.0,2795.2,2555.2,2187.6
168827.442,40.0,2785.2,2564.6,2192.0
168827.482,40.0,2786.2,2576.0,2193.6
168827.522,40.0,2786.4,2578.4,2197.0
168827.562,40.0,2784.2,2585.4,2201.6
168827.602,40.0,2783.8,2590.2,2202.6
168827.642,40.0,2776.0,2595.6,2205.4
168827.682,40.0,2773.8,2603.2,2208.8
168827.722,40.0,2769.2,2612.6,2208.8
168827.762,40.0,2762.4,2615.6,2213.8
168827.802,40.0,2763.2,2625.2,2218.4
168827.842,40.0,2762.0,2628.4,2217.6
168827.882,40.0,2757.0,2630.8,2224.4
168827.922,40.0,2753.8,2640.8,2225.6
168827.962,40.0,2755.2,2642.0,2228.4
168828.002,40.0,2747.2,2647.2,2233.8
168828.042,40.0,2745.2,2659.0,2234.2
168828.082,40.0,2742.4,2663.0,2235.4
168828.122,40.0,2735.6,2666.6,2240.8
168828.162,40.0,2733.2,2672.2,2243.8
168828.202,40.0,2732.4,2679.0,2247.0
168828.242,40.0,2726.2,2685.8,2256.4
168828.282,40.0,2720.2,2687.2,2254.4
168828.322,40.0,2714.6,2695.0,2255.8
168828.367,45.0,2711.2,2703.0,2265.0
168828.407,40.0,2705.4,2708.0,2266.2
168828.447,40.0,2704.0,2712.2,2266.8
168828.487,40.0,2699.0,2715.0,2273.6
168828.527,40.0,2692.0,2719.6,2273.0
168828.567,40.0,2686.0,2729.6,2279.4
168828.607,40.0,2679.4,2733.0,2284.2
168828.647,40.0,2673.6,2739.2,2285.8
168828.687,40.0,2666.0,2743.6,2293.2
168828.727,40.0,2659.6,2750.2,2295.0
168828.767,40.0,2660.2,2758.8,2300.8
168828.807,40.0,2655.4,2758.8,2302.4
168828.847,40.0,2646.0,2765.8,2311.0
168828.887,40.0,2637.0,2767.4,2311.0
168828.927,40.0,2639.6,2772.8,2318.0
168828.967,40.0,2635.4,2778.2,2318.2
168829.007,40.0,2627.8,2781.4,2322.0
168829.047,40.0,2619.6,2781.2,2325.6
168829.087,40.0,2619.6,2792.0,2332.4
168829.127,40.0,2610.2,2793.0,2334.8
168829.167,40.0,2609.0,2798.0,2339.6
168829.207,40.0,2602.2,2800.2,2342.8
168829.247,40.0,2599.4,2806.4,2348.2
168829.287,40.0,2586.8,2808.8,2358.2
168829.327,40.0,2581.6,2809.8,2358.6
168829.367,40.0,2576.4,2815.0,2363.4
168829.407,40.0,2573.6,2819.2,2366.4
168829.447,40.0,2566.6,2819.2,2374.2
168829.487,40.0,2559.8,2827.0,2376.6
168829.527,40.0,2553.0,2829.0,2382.6
168829.567,40.0,2543.4,2828.0,2387.0
168829.607,40.0,2539.8,2831.6,2394.0
168829.647,40.0,2533.0,2835.6,2397.6
168829.687,40.0,2525.8,2837.8,2404.4
168829.727,40.0,2522.4,2837.8,2407.0
168829.774,47.0,2520.2,2841.8,2414.8
168829.814,40.0,2511.6,2847.4,2414.6
168829.854,40.0,2503.2,2843.2,2423.6
168829.894,40.0,2496.0,2847.2,2424.8
168829.934,40.0,2491.0,2848.6,2429.6
168829.974,40.0,2492.8,2849.6,2434.4
168830.014,40.0,2486.8,2847.6,2439.0
168830.054,40.0,2485.4,2851.6,2443.4
168830.094,40.0,2475.4,2848.8,2447.4
168830.134,40.0,2470.6,2852.2,2453.2
168830.174,40.0,2470.2,2851.6,2467.4
168830.214,40.0,2457.2,2852.6,2470.4
168830.254,40.0,2458.6,2858.4,2468.8
168830.294,40.0,2453.2,2851.2,2472.2
168830.334,40.0,2450.8,2855.4,2474.6
168830.374,40.0,2449.8,2852.8,2477.4
168830.414,40.0,2456.4,2850.8,2468.2
168830.454,40.0,2474.0,2851.4,2449.8
168830.494,40.0,2505.2,2847.6,2422.8
168830.534,40.0,2552.6,2825.6,2383.6
168830.574,40.0,2610.6,2797.0,2336.2
168830.614,40.0,2681.4,2733.6,2283.8
168830.654,40.0,2744.6,2656.4,2229.8
168830.694,40.0,2790.8,2557.6,2185.4
168830.734,40.0,2797.6,2459.0,2146.2
168830.774,40.0,2766.8,2377.2,2117.8
168830.814,40.0,2713.8,2309.6,2097.8
168830.854,40.0,2648.0,2262.0,2079.6
168830.894,40.0,2602.8,2234.0,2078.6
168830.934,40.0,2568.6,2216.0,2068.4
168830.974,40.0,2574.8,2221.4,2072.2
168831.014,40.0,2597.6,2229.4,2072.0
168831.054,40.0,2606.6,2237.8,2075.8
168831.094,40.0,2613.2,2238.2,2076.4
168831.134,40.0,2618.2,2248.2,2083.0
168831.179,45.0,2629.2,2251.6,2078.6
168831.219,40.0,2638.6,2251.6,2083.4
168831.259,40.0,2642.6,2257.4,2083.0
168831.299,40.0,2651.4,2264.8,2083.0
168831.339,40.0,2653.8,2263.8,2083.6
168831.379,40.0,2659.6,2268.8,2085.0
168831.419,40.0,2670.6,2272.8,2085.6
168831.459,40.0,2674.0,2278.4,2089.0
168831.499,40.0,2683.4,2280.0,2091.8
168831.539,40.0,2687.2,2289.8,2090.4
168831.579,40.0,2694.4,2293.8,2088.8
168831.619,40.0,2702.2,2295.4,2096.0
168831.659,40.0,2703.8,2302.4,2093.2
168831.699,40.0,2708.8,2305.6,2095.8
168831.739,40.0,2715.6,2313.0,2096.4
168831.779,40.0,2715.4,2313.2,2100.4
168831.819,40.0,2724.2,2315.8,2095.8
168831.859,40.0,2729.2,2327.0,2102.8
168831.899,40.0,2731.6,2327.6,2101.6
168831.939,40.0,2741.6,2331.4,2104.2
168831.979,40.0,2741.2,2339.2,2108.6
168832.019,40.0,2748.6,2348.6,2110.6
168832.059,40.0,2752.8,2350.8,2109.4
168832.099,40.0,2757.2,2354.6,2111.8
168832.139,40.0,2760.0,2359.2,2112.8
168832.179,40.0,2766.6,2364.8,2117.4
168832.219,40.0,2768.0,2373.0,2116.8
168832.259,40.0,2772.2,2380.0,2118.8
168832.299,40.0,2773.6,2385.0,2119.2
168832.339,40.0,2776.2,2385.2,2126.8
168832.379,40.0,2776.8,2390.6,2123.0
168832.419,40.0,2779.6,2399.6,2124.4
168832.459,40.0,2787.2,2404.0,2124.0
168832.499,40.0,2788.0,2410.2,2128.0
168832.539,40.0,2788.6,2417.0,2128.0
168832.584,45.0,2792.6,2420.4,2134.4
168832.624,40.0,2790.2,2423.6,2134.2
168832.664,40.0,2796.0,2424.2,2133.2
168832.704,40.0,2795.2,2425.2,2136.4
168832.744,40.0,2795.6,2429.6,2140.0
168832.784,40.0,2793.4,2430.2,2136.4
168832.824,40.0,2793.2,2437.2,2139.4
168832.864,40.0,2795.0,2439.0,2140.4
168832.904,40.0,2796.0,2432.2,2143.6
168832.944,40.0,2794.6,2436.6,2139.6
168832.984,40.0,2800.4,2435.4,2137.4
168833.024,40.0,2796.8,2436.6,2136.4
168833.064,40.0,2797.2,2437.2,2138.2
168833.104,40.0,2800.8,2442.4,2141.0
168833.144,40.0,2796.0,2441.8,2142.2
168833.184,40.0,2793.4,2440.8,2141.0
168833.224,40.0,2793.0,2440.8,2141.2
168833.264,40.0,2796.8,2440.8,2139.4
168833.304,40.0,2793.8,2445.2,2144.0
168833.344,40.0,2797.0,2442.4,2138.6
168833.384,40.0,2794.8,2451.4,2143.6
168833.424,40.0,2798.6,2451.4,2145.6
168833.464,40.0,2804.0,2454.6,2147.6
168833.504,40.0,2800.2,2458.6,2150.2
168833.544,40.0,2799.4,2458.6,2150.6
168833.584,40.0,2799.4,2458.8,2148.8
168833.624,40.0,2801.4,2463.4,2143.8
168833.664,40.0,2801.0,2463.2,2146.8
168833.704,40.0,2803.4,2460.2,2148.2
168833.744,40.0,2799.0,2459.8,2151.4
168833.784,40.0,2801.4,2461.0,2152.4
168833.824,40.0,2800.8,2465.8,2153.8
168833.864,40.0,2798.8,2459.4,2152.0
168833.904,40.0,2799.6,2461.0,2150.0
168833.944,40.0,2797.6,2460.2,2149.6
168833.989,45.0,2798.4,2463.8,2148.6
168834.029,40.0,2799.4,2459.2,2150.0
168834.069,40.0,2801.6,2465.0,2151.8
168834.109,40.0,2797.4,2464.4,2151.8
168834.149,40.0,2796.2,2465.0,2152.8
168834.189,40.0,2800.8,2468.2,2152.2
168834.229,40.0,2799.8,2471.0,2152.4
168834.269,40.0,2802.8,2465.8,2150.8
168834.309,40.0,2802.6,2466.8,2152.8
168834.349,40.0,2800.6,2470.6,2151.6
168834.389,40.0,2801.0,2469.0,2152.6
168834.429,40.0,2806.8,2471.4,2151.6
168834.469,40.0,2801.2,2476.8,2150.8
168834.509,40.0,2803.2,2475.8,2155.2
168834.549,40.0,2801.4,2474.4,2155.4
168834.589,40.0,2798.4,2471.6,2154.2
168834.629,40.0,2799.2,2470.6,2155.0
168834.669,40.0,2801.8,2473.6,2151.8
168834.709,40.0,2801.2,2473.8,2153.8
168834.749,40.0,2804.2,2475.8,2152.6
168834.789,40.0,2803.4,2475.8,2153.6
168834.829,40.0,2802.6,2477.6,2149.6
168834.869,40.0,2798.4,2477.2,2154.8
168834.909,40.0,2804.8,2480.0,2157.4
168834.949,40.0,2797.4,2484.2,2157.0
168834.989,40.0,2800.6,2490.0,2156.4
168835.029,40.0,2806.6,2497.6,2161.6
168835.069,40.0,2804.0,2504.8,2167.0
168835.109,40.0,2802.4,2518.0,2171.0
168835.149,40.0,2794.4,2529.4,2177.2
168835.189,40.0,2797.4,2540.6,2183.4
168835.229,40.0,2791.0,2549.4,2188.6
168835.269,40.0,2793.6,2555.8,2186.8
168835.309,40.0,2787.2,2568.6,2191.6
168835.349,40.0,2782.2,2579.6,2198.6
168835.397,48.0,2781.6,2592.0,2203.0
168835.437,40.0,2776.6,2596.6,2204.2
168835.477,40.0,2771.8,2608.0,2212.4
168835.517,40.0,2769.4,2616.8,2212.8
168835.557,40.0,2766.0,2623.0,2219.8
168835.597,40.0,2761.2,2634.8,2225.0
168835.637,40.0,2756.4,2639.6,2225.8
168835.677,40.0,2750.6,2648.8,2230.2
168835.717,40.0,2746.2,2651.8,2234.8
168835.757,40.0,2742.2,2656.8,2233.2
168835.797,40.0,2748.2,2655.6,2234.4
168835.837,40.0,2753.0,2646.0,2229.4
168835.877,40.0,2766.6,2624.8,2211.2
168835.917,40.0,2781.0,2583.0,2197.0
168835.957,40.0,2789.2,2531.4,2174.2
168835.997,40.0,2804.6,2477.0,2154.0
168836.037,40.0,2791.0,2414.4,2130.4
168836.077,40.0,2759.6,2366.0,2116.6
168836.117,40.0,2720.8,2316.0,2097.4
168836.157,40.0,2683.8,2284.4,2091.0
168836.197,40.0,2646.4,2261.8,2079.8
168836.237,40.0,2637.4,2252.6,2082.2
168836.277,40.0,2637.6,2256.6,2078.4
168836.317,40.0,2656.2,2270.2,2083.6
168836.357,40.0,2678.8,2279.6,2087.0
168836.397,40.0,2694.2,2293.0,2093.4
168836.437,40.0,2713.2,2313.0,2096.2
168836.477,40.0,2737.6,2337.6,2105.0
168836.517,40.0,2775.2,2378.2,2119.2
168836.557,40.0,2792.2,2426.8,2133.2
168836.597,40.0,2804.8,2490.2,2155.2
168836.637,40.0,2790.2,2556.8,2190.4
168836.677,40.0,2751.4,2639.8,2229.0
168836.717,40.0,2697.8,2714.8,2271.2
168836.762,45.0,2617.2,2790.2,2328.4
168836.802,40.0,2556.6,2827.8,2379.0
168836.842,40.0,2494.4,2849.6,2426.2
168836.882,40.0,2485.2,2846.6,2442.6
168836.922,40.0,2526.0,2837.6,2403.2
168836.962,40.0,2601.4,2803.6,2343.4
168837.002,40.0,2691.2,2729.8,2271.6
168837.042,40.0,2769.8,2616.4,2211.4
168837.082,40.0,2802.8,2497.2,2157.6
168837.122,40.0,2783.4,2396.6,2122.2
168837.162,40.0,2725.4,2324.4,2099.8
168837.202,40.0,2663.4,2268.2,2084.6
168837.242,40.0,2603.6,2238.0,2073.2
168837.282,40.0,2579.6,2219.2,2071.8
168837.322,40.0,2576.8,2221.4,2072.0
168837.362,40.0,2610.4,2241.8,2076.4
168837.402,40.0,2660.0,2269.2,2082.8
168837.442,40.0,2716.4,2309.0,2098.6
168837.482,40.0,2769.0,2374.8,2115.0
168837.522,40.0,2798.4,2460.2,2147.6
168837.562,40.0,2795.4,2561.0,2192.0
168837.602,40.0,2722.0,2677.6,2245.2
168837.642,40.0,2637.0,2775.2,2319.0
168837.682,40.0,2536.2,2836.2,2401.8
168837.722,40.0,2445.4,2853.2,2482.6
168837.762,40.0,2405.6,2844.6,2520.6
168837.802,40.0,2433.0,2848.4,2491.8
168837.842,40.0,2494.2,2845.8,2427.2
168837.882,40.0,2589.4,2811.8,2351.4
168837.922,40.0,2694.8,2718.8,2271.8
168837.962,40.0,2770.8,2603.4,2204.2
168838.002,40.0,2798.8,2481.4,2155.6
168838.042,40.0,2780.2,2389.4,2121.2
168838.082,40.0,2722.2,2317.8,2100.2
168838.122,40.0,2653.8,2264.2,2081.2
168838.168,46.0,2590.2,2229.0,2071.6
168838.208,40.0,2571.6,2217.2,2071.8
168838.248,40.0,2580.2,2224.6,2071.0
168838.288,40.0,2602.0,2233.2,2073.6
168838.328,40.0,2632.4,2252.8,2080.4
168838.368,40.0,2676.2,2275.0,2089.4
168838.408,40.0,2717.0,2308.8,2100.0
168838.448,40.0,2763.2,2360.6,2114.0
168838.488,40.0,2789.8,2422.8,2134.4
168838.528,40.0,2803.8,2503.6,2167.0
168838.568,40.0,2780.8,2594.6,2205.2
168838.608,40.0,2721.6,2686.0,2252.6
168838.648,40.0,2637.6,2771.4,2316.0
168838.688,40.0,2553.4,2825.4,2380.2
168838.728,40.0,2483.4,2844.8,2444.6
168838.768,40.0,2437.6,2849.0,2488.6
168838.808,40.0,2439.2,2850.6,2484.4
168838.848,40.0,2483.8,2846.8,2440.2
168838.888,40.0,2544.8,2830.2,2387.0
168838.928,40.0,2631.6,2778.8,2318.6
168838.968,40.0,2718.8,2691.4,2250.2
168839.008,40.0,2782.4,2576.8,2191.6
168839.048,40.0,2798.4,2466.4,2149.8
168839.088,40.0,2769.2,2371.0,2114.6
168839.128,40.0,2710.8,2305.0,2092.2
168839.168,40.0,2641.8,2256.0,2078.2
168839.208,40.0,2587.0,2226.8,2070.2
168839.248,40.0,2572.8,2220.8,2071.6
168839.288,40.0,2592.4,2229.2,2074.0
168839.328,40.0,2609.6,2242.6,2075.6
168839.368,40.0,2644.6,2263.2,2084.8
168839.408,40.0,2696.0,2297.8,2092.4
168839.448,40.0,2755.2,2353.2,2114.2
168839.488,40.0,2794.2,2428.2,2136.8
168839.528,40.0,2798.8,2525.4,2175.2
168839.574,46.0,2746.2,2652.8,2232.2
168839.614,40.0,2649.8,2760.8,2308.8
168839.654,40.0,2542.4,2833.6,2393.0
168839.694,40.0,2441.8,2853.8,2484.0
168839.734,40.0,2377.0,2828.2,2551.6
168839.774,40.0,2387.2,2844.4,2540.4
168839.814,40.0,2458.0,2856.2,2468.0
168839.854,40.0,2571.0,2825.2,2371.8
168839.894,40.0,2689.2,2724.8,2271.6
168839.934,40.0,2782.2,2593.2,2198.4
168839.974,40.0,2803.6,2466.4,2151.8
168840.014,40.0,2768.2,2369.2,2115.4
168840.054,40.0,2695.2,2295.6,2094.8
168840.094,40.0,2632.2,2248.8,2080.2
168840.134,40.0,2590.6,2224.8,2070.2
168840.174,40.0,2583.0,2220.6,2073.0
168840.214,40.0,2613.2,2243.0,2079.0
168840.254,40.0,2669.2,2268.0,2088.2
168840.294,40.0,2718.2,2317.0,2102.6
168840.334,40.0,2778.2,2384.4,2120.8
168840.374,40.0,2803.6,2480.0,2154.4
168840.414,40.0,2780.4,2594.0,2202.6
168840.454,40.0,2698.2,2717.4,2273.4
168840.494,40.0,2585.4,2814.0,2359.4
168840.534,40.0,2472.4,2852.2,2457.4
168840.574,40.0,2381.8,2842.2,2541.6
168840.614,40.0,2370.0,2835.0,2551.0
168840.654,40.0,2428.8,2851.6,2491.6
168840.694,40.0,2533.6,2833.6,2399.2
168840.734,40.0,2657.0,2759.4,2296.2
168840.774,40.0,2767.8,2621.2,2217.0
168840.814,40.0,2802.4,2490.4,2158.0
168840.854,40.0,2775.0,2379.6,2121.6
168840.894,40.0,2705.8,2304.2,2095.0
168840.934,40.0,2631.0,2250.0,2077.8
168840.98,46.0,2571.8,2214.6,2068.0
168841.02,40.0,2581.4,2222.8,2070.0
168841.06,40.0,2620.0,2239.6,2077.0
168841.1,40.0,2673.4,2276.4,2088.4
168841.14,40.0,2736.8,2335.0,2109.4
168841.18,40.0,2789.8,2420.0,2136.4
168841.22,40.0,2798.6,2542.6,2182.0
168841.26,40.0,2721.2,2684.0,2250.2
168841.3,40.0,2595.0,2804.8,2352.4
168841.34,40.0,2455.6,2854.0,2467.2
168841.38,40.0,2347.8,2822.0,2588.8
168841.42,40.0,2296.2,2785.6,2654.6
168841.46,40.0,2322.2,2805.2,2620.6
168841.5,40.0,2386.8,2845.6,2538.0
168841.54,40.0,2505.8,2845.4,2419.0
168841.58,40.0,2650.6,2767.4,2303.0
168841.62,40.0,2757.0,2634.6,2220.0
168841.66,40.0,2800.6,2497.2,2159.8
168841.7,40.0,2780.2,2392.4,2119.4
168841.74,40.0,2715.0,2316.0,2098.8
168841.78,40.0,2652.8,2266.4,2080.4
168841.82,40.0,2617.2,2242.6,2077.6
168841.86,40.0,2616.8,2238.0,2077.8
168841.9,40.0,2651.8,2261.6,2083.4
168841.94,40.0,2692.4,2291.8,2094.2
168841.98,40.0,2740.0,2342.0,2109.8
168842.02,40.0,2787.0,2409.6,2131.2
168842.06,40.0,2806.6,2506.8,2164.2
168842.1,40.0,2763.0,2626.0,2218.8
168842.14,40.0,2672.6,2741.4,2290.2
168842.18,40.0,2552.0,2823.2,2377.6
168842.22,40.0,2440.0,2851.6,2484.0
168842.26,40.0,2349.4,2827.0,2586.4
168842.3,40.0,2325.0,2802.2,2616.6
168842.349,49.0,2377.6,2841.6,2549.8
168842.389,40.0,2473.6,2854.4,2455.4
168842.429,40.0,2601.6,2798.6,2340.6
168842.469,40.0,2725.8,2681.4,2246.0
168842.509,40.0,2800.4,2545.4,2179.0
168842.549,40.0,2793.4,2421.6,2129.6
168842.589,40.0,2740.4,2333.4,2105.4
168842.629,40.0,2662.8,2272.6,2085.6
168842.669,40.0,2610.0,2238.4,2076.0
168842.709,40.0,2607.2,2237.8,2075.8
168842.749,40.0,2633.2,2254.6,2080.4
168842.789,40.0,2678.4,2283.4,2088.8
168842.829,40.0,2739.8,2334.8,2105.4
168842.869,40.0,2788.4,2406.0,2127.4
168842.909,40.0,2802.8,2504.6,2165.6
168842.949,40.0,2761.4,2630.0,2221.2
168842.989,40.0,2660.6,2750.0,2296.2
168843.029,40.0,2534.6,2838.8,2396.6
168843.069,40.0,2420.2,2849.2,2506.6
168843.109,40.0,2343.2,2820.0,2595.4
168843.149,40.0,2339.0,2817.2,2596.4
168843.189,40.0,2388.4,2843.6,2531.6
168843.229,40.0,2489.0,2848.4,2436.8
168843.269,40.0,2625.8,2785.8,2318.4
168843.309,40.0,2749.0,2652.6,2228.6
168843.349,40.0,2803.0,2511.0,2166.6
168843.389,40.0,2783.8,2394.0,2121.4
168843.429,40.0,2711.4,2313.8,2098.4
168843.469,40.0,2647.6,2260.0,2081.2
168843.509,40.0,2605.2,2235.6,2076.2
168843.549,40.0,2604.2,2233.6,2075.4
168843.589,40.0,2634.8,2255.8,2084.0
168843.629,40.0,2681.6,2283.4,2090.8
168843.669,40.0,2743.4,2344.2,2106.6
168843.709,40.0,2791.8,2417.6,2133.0
168843.755,46.0,2795.8,2547.2,2178.8
168843.795,40.0,2733.4,2672.8,2244.2
168843.835,40.0,2619.4,2785.8,2328.2
168843.875,40.0,2493.8,2845.8,2434.0
168843.915,40.0,2387.0,2843.0,2539.6
168843.955,40.0,2335.0,2817.8,2598.4
168843.995,40.0,2367.8,2835.0,2569.8
168844.035,40.0,2437.6,2848.8,2487.0
168844.075,40.0,2548.6,2826.8,2387.6
168844.115,40.0,2676.6,2738.8,2286.6
168844.155,40.0,2772.2,2601.0,2199.8
168844.195,40.0,2801.4,2468.0,2151.4
168844.235,40.0,2760.0,2361.0,2113.6
168844.275,40.0,2685.4,2285.2,2086.4
168844.315,40.0,2623.4,2242.6,2079.0
168844.355,40.0,2586.8,2226.0,2074.6
168844.395,40.0,2602.2,2236.6,2074.6
168844.435,40.0,2642.6,2254.6,2081.6
168844.475,40.0,2695.8,2296.0,2095.0
168844.515,40.0,2754.0,2352.4,2108.2
168844.555,40.0,2795.4,2437.0,2139.4
168844.595,40.0,2790.6,2545.2,2184.0
168844.635,40.0,2734.6,2673.6,2245.0
168844.675,40.0,2627.8,2780.4,2322.6
168844.715,40.0,2514.4,2842.6,2417.2
168844.755,40.0,2407.6,2852.4,2513.2
168844.795,40.0,2366.6,2828.6,2566.6
168844.835,40.0,2396.2,2846.2,2528.2
168844.875,40.0,2466.4,2852.6,2455.8
168844.915,40.0,2578.2,2812.4,2361.2
168844.955,40.0,2691.6,2721.6,2267.6
168844.995,40.0,2784.0,2586.8,2197.4
168845.035,40.0,2804.4,2472.4,2148.8
168845.075,40.0,2770.4,2371.0,2115.0
168845.115,40.0,2708.8,2306.0,2095.4
168845.161,46.0,2641.8,2252.6,2075.4
168845.201,40.0,2607.2,2236.8,2075.8
168845.241,40.0,2615.0,2238.8,2078.2
168845.281,40.0,2645.6,2262.4,2078.0
168845.321,40.0,2688.6,2288.6,2088.2
168845.361,40.0,2732.0,2329.2,2104.0
168845.401,40.0,2770.6,2382.0,2122.8
168845.441,40.0,2805.4,2460.0,2147.0
168845.481,40.0,2793.6,2546.4,2180.8
168845.521,40.0,2745.4,2654.2,2234.8
168845.561,40.0,2657.8,2757.8,2299.2
168845.601,40.0,2553.4,2828.2,2383.0
168845.641,40.0,2462.0,2858.4,2467.2
168845.681,40.0,2408.4,2843.0,2508.4
168845.721,40.0,2455.6,2853.2,2468.0
168845.761,40.0,2547.8,2833.6,2386.4
168845.801,40.0,2665.8,2757.6,2305.6
168845.841,40.0,2755.2,2637.0,2221.0
168845.881,40.0,2800.2,2507.6,2166.2
168845.921,40.0,2784.6,2400.2,2122.8
168845.961,40.0,2728.6,2323.8,2102.6
168846.001,40.0,2674.4,2272.6,2085.4
168846.041,40.0,2635.2,2255.2,2082.2
168846.081,40.0,2635.2,2253.2,2079.6
168846.121,40.0,2664.0,2272.0,2085.0
168846.161,40.0,2699.4,2300.0,2094.8
168846.201,40.0,2754.8,2350.2,2110.8
168846.241,40.0,2788.2,2416.4,2135.4
168846.281,40.0,2802.0,2512.0,2171.2
168846.321,40.0,2761.2,2630.0,2217.0
168846.361,40.0,2676.0,2739.4,2289.6
168846.401,40.0,2569.0,2817.2,2367.8
168846.441,40.0,2469.6,2852.8,2456.0
168846.481,40.0,2415.2,2836.2,2507.2
168846.521,40.0,2436.8,2850.8,2481.4
168846.567,46.0,2532.4,2829.6,2394.6
168846.607,40.0,2645.6,2765.6,2306.0
168846.647,40.0,2744.4,2656.0,2226.8
168846.687,40.0,2797.6,2533.6,2176.6
168846.727,40.0,2792.2,2433.4,2140.0
168846.767,40.0,2760.2,2362.6,2112.2
168846.807,40.0,2722.0,2318.4,2104.6
168846.847,40.0,2719.8,2315.4,2094.6
168846.887,40.0,2742.2,2336.4,2104.8
168846.927,40.0,2767.2,2374.0,2116.8
168846.967,40.0,2795.6,2433.4,2139.0
168847.007,40.0,2800.2,2513.8,2166.0
168847.047,40.0,2763.2,2617.0,2214.4
168847.087,40.0,2686.8,2728.2,2278.6
168847.127,40.0,2578.2,2817.6,2366.0
168847.167,40.0,2467.8,2855.0,2459.2
168847.207,40.0,2393.8,2837.6,2529.0
168847.247,40.0,2412.2,2844.0,2512.0
168847.287,40.0,2490.8,2839.6,2436.0
168847.327,40.0,2609.0,2794.8,2335.6
168847.367,40.0,2723.0,2681.0,2244.4
168847.407,40.0,2796.2,2545.2,2181.8
168847.447,40.0,2791.8,2421.2,2135.0
168847.487,40.0,2746.6,2337.0,2102.8
168847.527,40.0,2679.4,2279.8,2085.4
168847.567,40.0,2634.0,2246.0,2078.6
168847.607,40.0,2615.4,2236.4,2076.6
168847.647,40.0,2637.8,2258.2,2081.4
168847.687,40.0,2689.4,2284.6,2096.0
168847.727,40.0,2736.0,2329.4,2106.4
168847.767,40.0,2771.8,2394.4,2125.0
168847.807,40.0,2799.0,2479.4,2157.6
168847.847,40.0,2777.8,2595.8,2196.4
168847.887,40.0,2698.0,2714.4,2267.0
168847.927,40.0,2582.4,2810.8,2357.6
168847.973,46.0,2443.4,2853.4,2475.6
168848.013,40.0,2366.6,2836.2,2567.2
168848.053,40.0,2355.6,2828.4,2573.6
168848.093,40.0,2412.2,2847.8,2512.4
168848.133,40.0,2496.6,2849.2,2428.8
168848.173,40.0,2628.2,2780.2,2318.8
168848.213,40.0,2741.6,2652.2,2229.6
168848.253,40.0,2796.8,2511.4,2170.2
168848.293,40.0,2784.8,2396.8,2125.6
168848.333,40.0,2715.6,2310.6,2096.6
168848.373,40.0,2642.2,2251.2,2080.0
168848.413,40.0,2586.4,2221.4,2073.4
168848.453,40.0,2572.2,2214.4,2067.6
168848.493,40.0,2597.4,2229.4,2071.2
168848.533,40.0,2645.4,2260.2,2079.4
168848.573,40.0,2707.0,2305.8,2095.6
168848.613,40.0,2765.8,2371.4,2115.6
168848.653,40.0,2802.6,2467.2,2151.4
168848.693,40.0,2781.0,2587.8,2200.0
168848.733,40.0,2697.6,2715.6,2271.4
168848.773,40.0,2581.4,2811.0,2357.4
168848.813,40.0,2462.2,2853.2,2463.2
168848.853,40.0,2370.4,2836.2,2557.4
168848.893,40.0,2360.2,2830.0,2566.2
168848.933,40.0,2416.6,2850.2,2506.8
168848.973,40.0,2516.6,2836.4,2412.0
168849.013,40.0,2648.4,2764.4,2304.4
168849.053,40.0,2758.8,2634.6,2220.8
168849.093,40.0,2802.8,2492.6,2157.6
168849.133,40.0,2770.0,2381.2,2119.4
168849.173,40.0,2700.6,2295.4,2089.2
168849.213,40.0,2625.4,2244.4,2073.6
168849.253,40.0,2582.2,2222.6,2068.4
168849.293,40.0,2580.6,2221.6,2074.4
168849.333,40.0,2622.4,2242.6,2076.0
168849.38,47.0,2684.2,2288.2,2091.6
168849.42,40.0,2754.0,2350.6,2109.2
168849.46,40.0,2800.2,2442.8,2140.6
168849.5,40.0,2794.2,2559.8,2189.8
168849.54,40.0,2715.2,2693.2,2254.2
168849.58,40.0,2599.8,2803.8,2345.2
168849.62,40.0,2479.2,2855.2,2447.0
168849.66,40.0,2379.4,2839.2,2542.4
168849.7,40.0,2363.4,2827.4,2560.4
168849.74,40.0,2420.4,2844.2,2502.8
168849.78,40.0,2517.8,2840.2,2412.8
168849.82,40.0,2653.2,2765.2,2302.0
168849.86,40.0,2761.4,2625.2,2212.8
168849.9,40.0,2801.8,2489.2,2156.6
168849.94,40.0,2773.2,2378.6,2122.0
168849.98,40.0,2701.8,2299.4,2092.2
168850.02,40.0,2628.6,2247.4,2077.6
168850.06,40.0,2585.8,2226.2,2068.8
168850.1,40.0,2586.8,2220.6,2072.0
168850.14,40.0,2632.2,2248.8,2078.2
168850.18,40.0,2685.8,2289.0,2089.6
168850.22,40.0,2756.2,2358.6,2111.8
168850.26,40.0,2796.4,2450.2,2147.2
168850.3,40.0,2788.2,2574.6,2194.0
168850.34,40.0,2707.4,2702.8,2259.4
168850.38,40.0,2588.6,2808.2,2353.6
168850.42,40.0,2465.8,2851.2,2460.4
168850.46,40.0,2371.6,2834.0,2560.4
168850.5,40.0,2353.0,2831.4,2570.6
168850.54,40.0,2422.6,2848.2,2507.0
168850.58,40.0,2529.8,2834.4,2401.6
168850.62,40.0,2665.0,2754.2,2291.6
168850.66,40.0,2771.2,2613.8,2209.6
168850.7,40.0,2799.4,2476.8,2153.2
168850.74,40.0,2761.0,2364.0,2112.6
168850.78,40.0,2694.0,2291.0,2092.2
168850.82,40.0,2621.8,2243.8,2078.4
168850.86,40.0,2592.4,2226.4,2071.6
168850.9,40.0,2605.8,2236.8,2076.0
168850.94,40.0,2654.8,2264.4,2079.6
168850.98,40.0,2722.0,2318.6,2100.4
168851.02,40.0,2779.8,2400.2,2128.8
168851.06,40.0,2793.0,2517.2,2169.2
168851.1,40.0,2743.0,2652.2,2233.6
168851.14,40.0,2629.6,2777.4,2321.0
168851.18,40.0,2506.8,2846.0,2428.0
168851.22,40.0,2392.0,2839.2,2529.4
168851.26,40.0,2361.8,2830.6,2570.2
168851.3,40.0,2409.8,2848.0,2520.0
168851.34,40.0,2500.8,2839.0,2420.0
168851.38,40.0,2631.8,2779.4,2317.2
168851.42,40.0,2747.2,2647.0,2226.2
168851.46,40.0,2806.2,2506.6,2163.0
168851.5,40.0,2777.0,2395.0,2125.4
168851.54,40.0,2711.6,2305.4,2094.8
168851.58,40.0,2636.6,2253.2,2080.2
168851.62,40.0,2591.6,2230.0,2068.6
168851.66,40.0,2607.0,2234.2,2074.2
168851.7,40.0,2647.8,2258.2,2081.2
168851.74,40.0,2703.4,2304.0,2096.4
168851.78,40.0,2766.6,2368.6,2113.8
168851.82,40.0,2799.6,2462.6,2148.6
168851.86,40.0,2780.0,2581.2,2198.4
168851.9,40.0,2702.6,2711.4,2266.4
168851.94,40.0,2583.8,2813.8,2359.2
168851.98,40.0,2461.8,2853.6,2461.6
168852.02,40.0,2369.4,2837.2,2556.6
168852.06,40.0,2360.2,2826.2,2566.8
168852.1,40.0,2422.2,2845.2,2503.4
168852.14,40.0,2531.6,2838.0,2398.8
168852.18,40.0,2661.8,2748.2,2290.6
168852.22,40.0,2765.6,2612.8,2207.6
168852.26,40.0,2806.0,2475.0,2150.2
168852.3,40.0,2765.8,2365.8,2115.2
168852.34,40.0,2690.6,2294.4,2092.8
168852.38,40.0,2627.4,2247.8,2080.4
168852.42,40.0,2592.8,2230.0,2071.6
168852.46,40.0,2604.2,2232.0,2073.8
168852.5,40.0,2654.0,2268.2,2082.8
168852.54,40.0,2721.6,2317.8,2103.6
168852.58,40.0,2782.4,2392.4,2126.2
168852.62,40.0,2800.0,2498.4,2165.8
168852.66,40.0,2762.0,2626.6,2215.4
168852.7,40.0,2666.8,2746.6,2293.4
168852.74,40.0,2547.0,2831.6,2389.2
168852.78,40.0,2436.8,2855.0,2492.2
168852.82,40.0,2373.2,2833.4,2554.2
168852.86,40.0,2405.6,2842.6,2518.2
168852.9,40.0,2485.4,2851.4,2430.4
168852.94,40.0,2608.0,2798.0,2329.8
168852.98,40.0,2727.6,2677.0,2242.6
168853.02,40.0,2797.6,2535.4,2175.0
168853.06,40.0,2785.8,2413.2,2131.4
168853.1,40.0,2721.4,2322.0,2101.6
168853.14,40.0,2650.4,2261.4,2080.4
168853.18,40.0,2597.6,2230.4,2072.4
168853.22,40.0,2579.4,2221.0,2072.0
168853.26,40.0,2611.4,2235.0,2073.8
168853.3,40.0,2664.8,2272.8,2085.2
168853.34,40.0,2728.4,2320.8,2101.0
168853.38,40.0,2777.8,2402.6,2126.2
168853.42,40.0,2801.6,2501.8,2166.2
168853.46,40.0,2757.8,2632.0,2218.6
168853.5,40.0,2664.6,2751.6,2294.4
168853.54,40.0,2547.6,2830.8,2387.4
168853.58,40.0,2442.0,2855.2,2486.2
168853.62,40.0,2388.6,2836.4,2536.2
168853.66,40.0,2422.6,2854.4,2496.6
168853.7,40.0,2509.2,2839.6,2411.8
168853.74,40.0,2632.2,2773.2,2316.0
168853.78,40.0,2744.0,2656.6,2232.2
168853.82,40.0,2795.2,2516.6,2164.8
168853.86,40.0,2781.6,2394.8,2121.2
168853.9,40.0,2715.6,2309.8,2096.8
168853.94,40.0,2635.6,2249.8,2080.6
168853.98,40.0,2582.2,2223.2,2072.4
168854.02,40.0,2582.6,2227.8,2073.2
168854.06,40.0,2625.0,2251.4,2081.4
168854.1,40.0,2688.8,2291.4,2094.6
168854.14,40.0,2755.8,2360.4,2108.8
168854.18,40.0,2789.2,2445.8,2147.0
168854.22,40.0,2786.8,2563.6,2189.4
168854.26,40.0,2718.2,2688.6,2254.0
168854.3,40.0,2605.6,2798.2,2337.4
168854.34,40.0,2481.6,2852.2,2451.0
168854.38,40.0,2393.4,2842.6,2530.2
168854.42,40.0,2378.6,2833.6,2551.6
168854.46,40.0,2446.0,2851.2,2482.2
168854.5,40.0,2548.2,2824.4,2380.0
168854.54,40.0,2680.2,2735.0,2285.4
168854.58,40.0,2776.6,2596.6,2198.8
168854.62,40.0,2797.2,2464.2,2145.8
168854.66,40.0,2763.0,2355.6,2107.2
168854.7,40.0,2683.8,2283.6,2087.6
168854.74,40.0,2615.6,2243.6,2075.2
168854.78,40.0,2591.4,2224.0,2071.2
168854.82,40.0,2600.2,2233.8,2074.8
168854.86,40.0,2651.2,2263.2,2082.0
168854.9,40.0,2710.6,2310.0,2100.0
168854.94,40.0,2769.0,2380.2,2119.0
168854.98,40.0,2802.8,2476.4,2153.6
168855.02,40.0,2779.0,2594.8,2202.8
168855.06,40.0,2688.0,2718.0,2273.6
168855.1,40.0,2577.8,2813.8,2364.0
168855.14,40.0,2458.8,2851.4,2466.8
168855.18,40.0,2378.4,2835.4,2543.8
168855.22,40.0,2391.4,2841.8,2529.4
168855.26,40.0,2470.8,2849.8,2451.8
168855.3,40.0,2585.8,2811.6,2353.0
168855.34,40.0,2709.2,2708.8,2261.6
168855.38,40.0,2786.0,2567.6,2188.0
168855.42,40.0,2799.0,2444.2,2142.4
168855.46,40.0,2748.8,2347.8,2108.8
168855.5,40.0,2675.4,2277.6,2086.8
168855.54,40.0,2617.0,2242.6,2078.2
168855.58,40.0,2590.2,2225.2,2069.6
168855.62,40.0,2600.8,2230.4,2072.6
168855.66,40.0,2641.4,2255.0,2084.2
168855.7,40.0,2696.6,2290.4,2091.2
168855.74,40.0,2751.6,2349.0,2105.8
168855.78,40.0,2791.0,2431.8,2140.4
168855.82,40.0,2797.4,2536.8,2179.8
168855.86,40.0,2742.6,2661.2,2240.4
168855.9,40.0,2641.0,2772.2,2316.8
168855.94,40.0,2519.8,2838.4,2413.4
168855.98,40.0,2423.4,2851.0,2502.4
168856.02,40.0,2401.2,2840.8,2524.2
168856.06,40.0,2456.2,2852.4,2462.4
168856.1,40.0,2557.8,2826.4,2374.8
168856.14,40.0,2679.4,2735.4,2281.4
168856.18,40.0,2777.6,2608.2,2207.2
168856.22,40.0,2797.8,2474.6,2150.0
168856.26,40.0,2766.4,2372.4,2115.6
168856.3,40.0,2692.0,2290.0,2092.6
168856.34,40.0,2619.2,2243.2,2076.0
168856.38,40.0,2570.2,2220.0,2067.2
168856.42,40.0,2574.4,2219.0,2070.2
168856.46,40.0,2608.2,2241.4,2075.6
168856.5,40.0,2665.8,2272.2,2086.4
168856.54,40.0,2731.4,2323.6,2101.2
168856.58,40.0,2785.2,2407.4,2129.6
168856.62,40.0,2801.8,2511.0,2170.8
168856.66,40.0,2754.8,2647.8,2222.2
168856.7,40.0,2650.8,2761.2,2306.8
168856.74,40.0,2519.2,2839.0,2408.0
168856.78,40.0,2418.2,2859.8,2509.2
168856.82,40.0,2362.2,2830.2,2565.0
168856.86,40.0,2398.0,2846.4,2531.4
168856.9,40.0,2480.8,2847.0,2443.2
168856.94,40.0,2595.6,2804.4,2341.0
168856.98,40.0,2720.2,2689.0,2251.6
168857.02,40.0,2793.0,2545.2,2180.8
168857.06,40.0,2789.6,2419.8,2135.4
168857.1,40.0,2731.4,2330.4,2098.2
168857.14,40.0,2655.4,2261.0,2082.8
168857.18,40.0,2592.2,2227.8,2072.2
168857.22,40.0,2568.2,2213.8,2069.2
168857.26,40.0,2592.0,2226.4,2075.6
168857.3,40.0,2634.2,2252.2,2083.8
168857.34,40.0,2697.2,2290.6,2091.2
168857.38,40.0,2763.4,2364.2,2111.4
168857.42,40.0,2798.6,2456.6,2144.0
168857.46,40.0,2783.0,2579.8,2195.4
168857.5,40.0,2698.8,2713.0,2268.8
168857.54,40.0,2580.8,2818.8,2358.8
168857.58,40.0,2453.6,2855.0,2471.6
168857.62,40.0,2362.8,2825.6,2562.0
168857.66,40.0,2356.6,2828.8,2568.0
168857.7,40.0,2416.2,2848.2,2500.4
168857.74,40.0,2527.4,2834.2,2398.0
168857.78,40.0,2662.6,2753.8,2294.6
168857.82,40.0,2769.2,2621.6,2212.0
168857.86,40.0,2800.8,2483.4,2153.0
168857.9,40.0,2767.6,2374.2,2115.6
168857.94,40.0,2693.4,2295.0,2095.4
168857.98,40.0,2621.2,2246.4,2076.4
168858.02,40.0,2575.8,2219.6,2067.8
168858.06,40.0,2576.6,2220.8,2070.2
168858.1,40.0,2622.2,2243.8,2077.6
168858.14,40.0,2678.4,2277.8,2086.6
168858.18,40.0,2747.2,2342.6,2109.2
168858.22,40.0,2785.4,2427.2,2135.4
168858.26,40.0,2799.0,2537.8,2179.8
168858.3,40.0,2742.4,2668.6,2244.8
168858.34,40.0,2621.4,2787.0,2331.4
168858.38,40.0,2490.8,2848.2,2434.0
168858.42,40.0,2400.2,2845.6,2529.4
168858.46,40.0,2353.8,2825.0,2572.4
168858.5,40.0,2398.4,2844.8,2526.8
168858.54,40.0,2494.0,2844.6,2428.6
168858.58,40.0,2631.4,2776.0,2322.0
168858.62,40.0,2741.2,2653.0,2233.2
168858.66,40.0,2798.0,2517.8,2167.2
168858.7,40.0,2783.4,2394.2,2121.6
168858.74,40.0,2716.8,2307.2,2095.0
168858.78,40.0,2628.4,2247.6,2078.8
168858.82,40.0,2579.0,2219.6,2067.6
168858.86,40.0,2575.6,2221.8,2072.0
168858.9,40.0,2607.2,2236.6,2076.0
168858.94,40.0,2659.4,2266.8,2085.2
168858.98,40.0,2723.6,2317.0,2098.8
168859.02,40.0,2774.8,2393.4,2125.2
168859.06,40.0,2800.8,2496.2,2161.2
168859.1,40.0,2759.8,2623.8,2215.6
168859.14,40.0,2669.6,2746.2,2294.6
168859.18,40.0,2545.6,2832.2,2390.0
168859.22,40.0,2430.8,2850.2,2492.4
168859.26,40.0,2374.8,2828.2,2551.0
168859.3,40.0,2409.6,2853.2,2512.0
168859.34,40.0,2496.0,2845.6,2433.0
168859.38,40.0,2616.2,2786.8,2330.0
168859.42,40.0,2731.6,2670.8,2239.2
168859.46,40.0,2795.0,2534.6,2173.4
168859.5,40.0,2787.8,2409.8,2128.8
168859.54,40.0,2729.2,2317.2,2099.4
168859.58,40.0,2641.4,2252.8,2084.0
168859.62,40.0,2578.4,2224.6,2070.6
168859.66,40.0,2574.6,2218.6,2068.0
168859.7,40.0,2604.6,2231.2,2074.4
168859.74,40.0,2648.6,2261.0,2082.4
168859.78,40.0,2707.0,2308.6,2094.2
168859.82,40.0,2764.6,2370.0,2118.0
168859.86,40.0,2799.6,2466.8,2149.4
168859.9,40.0,2780.6,2587.4,2197.2
168859.94,40.0,2700.8,2716.8,2265.6
168859.98,40.0,2580.6,2814.2,2363.4
168860.02,40.0,2462.4,2854.0,2465.2
168860.06,40.0,2376.4,2832.8,2547.0
168860.1,40.0,2384.8,2841.8,2544.8
168860.14,40.0,2453.2,2849.4,2469.6
168860.18,40.0,2560.0,2823.0,2370.0
168860.22,40.0,2692.4,2723.2,2275.6
168860.26,40.0,2782.8,2591.0,2198.2
168860.3,40.0,2802.8,2461.2,2144.8
168860.34,40.0,2758.8,2355.8,2112.2
168860.38,40.0,2682.0,2282.2,2090.4
168860.42,40.0,2621.2,2242.2,2076.0
168860.46,40.0,2580.8,2222.6,2072.4
168860.5,40.0,2588.8,2224.8,2074.8
168860.54,40.0,2630.6,2248.8,2081.8
168860.58,40.0,2683.2,2289.4,2091.0
168860.62,40.0,2750.6,2348.0,2107.0
168860.66,40.0,2795.6,2433.4,2139.2
168860.7,40.0,2794.2,2546.0,2179.6
168860.74,40.0,2726.8,2676.6,2246.4
168860.78,40.0,2619.6,2791.8,2331.0
168860.82,40.0,2492.2,2850.0,2431.6
168860.86,40.0,2395.4,2848.2,2531.0
168860.9,40.0,2355.2,2822.6,2572.8
168860.94,40.0,2394.0,2845.8,2530.6
168860.98,40.0,2486.8,2845.8,2438.8
168861.02,40.0,2612.4,2794.4,2329.4
168861.06,40.0,2735.8,2678.4,2241.0
168861.1,40.0,2797.8,2535.4,2177.2
168861.14,40.0,2786.2,2417.2,2129.8
168861.18,40.0,2733.0,2327.8,2102.6
168861.22,40.0,2662.8,2274.0,2084.6
168861.26,40.0,2609.8,2237.0,2077.0
168861.3,40.0,2592.8,2232.2,2073.6
168861.34,40.0,2619.2,2246.4,2077.0
168861.38,40.0,2668.8,2277.8,2088.6
168861.42,40.0,2729.8,2326.0,2101.6
168861.46,40.0,2787.4,2408.8,2130.6
168861.5,40.0,2802.2,2512.2,2165.0
168861.54,40.0,2753.2,2635.4,2222.6
168861.58,40.0,2663.2,2757.2,2298.6
168861.62,40.0,2541.6,2831.2,2393.2
168861.66,40.0,2433.0,2856.6,2489.4
168861.7,40.0,2381.2,2838.4,2543.4
168861.74,40.0,2424.2,2848.2,2497.6
168861.78,40.0,2527.4,2834.4,2401.6
168861.82,40.0,2652.0,2759.8,2299.0
168861.86,40.0,2758.8,2626.4,2216.4
168861.9,40.0,2804.8,2493.2,2165.0
168862.072,172.0,2589.4,2228.6,2070.8
168862.112,40.0,2596.8,2234.0,2075.4
168862.152,40.0,2642.2,2259.4,2079.2
168862.192,40.0,2698.0,2302.4,2094.2
168862.232,40.0,2758.0,2364.4,2112.4
168862.272,40.0,2794.4,2451.6,2144.0
168862.312,40.0,2785.2,2571.0,2192.2
168862.352,40.0,2720.8,2688.6,2252.0
168862.392,40.0,2602.2,2795.2,2344.0
168862.432,40.0,2488.4,2849.4,2442.8
168862.472,40.0,2391.4,2843.4,2535.4
168862.512,40.0,2381.2,2837.2,2542.6
168862.552,40.0,2444.2,2856.0,2480.4
168862.592,40.0,2544.6,2831.2,2386.2
168862.632,40.0,2674.8,2745.6,2285.0
168862.672,40.0,2768.8,2611.8,2207.2
168862.712,40.0,2804.8,2479.6,2155.2
168862.752,40.0,2774.0,2381.6,2118.8
168862.792,40.0,2710.8,2306.6,2094.0
168862.832,40.0,2654.4,2260.8,2083.6
168862.872,40.0,2611.8,2238.6,2076.0
168862.912,40.0,2609.4,2237.0,2075.4
168862.952,40.0,2643.2,2262.2,2082.4
168862.992,40.0,2689.2,2289.2,2094.6
168863.032,40.0,2746.4,2349.2,2110.2
168863.072,40.0,2790.0,2430.6,2133.0
168863.112,40.0,2801.0,2532.8,2178.6
168863.152,40.0,2744.6,2661.8,2236.4
168863.192,40.0,2637.8,2770.0,2314.2
168863.232,40.0,2519.4,2840.0,2411.6
168863.272,40.0,2414.0,2846.2,2509.2
168863.312,40.0,2376.2,2832.4,2544.2
168863.352,40.0,2433.0,2852.4,2488.0
168863.392,40.0,2523.4,2834.6,2398.0
168863.432,40.0,2653.2,2765.8,2299.6
168863.472,40.0,2754.6,2631.6,2219.6
168863.512,40.0,2801.8,2501.8,2162.4
168863.552,40.0,2780.8,2392.4,2123.8
168863.592,40.0,2722.0,2319.0,2100.8
168863.632,40.0,2656.8,2266.4,2082.8
168863.672,40.0,2611.0,2241.8,2072.4
168863.712,40.0,2613.8,2238.8,2077.8
168863.752,40.0,2643.8,2258.8,2083.8
168863.792,40.0,2692.6,2286.4,2092.6
168863.832,40.0,2744.2,2344.2,2105.6
168863.872,40.0,2786.4,2423.2,2138.4
168863.912,40.0,2801.8,2525.8,2176.0
168863.952,40.0,2750.2,2651.6,2235.0
168863.992,40.0,2652.8,2764.6,2307.4
168864.032,40.0,2533.2,2833.0,2397.0
168864.072,40.0,2435.8,2859.0,2489.4
168864.112,40.0,2391.0,2835.0,2532.8
168864.152,40.0,2428.8,2850.6,2500.4
168864.192,40.0,2516.8,2842.0,2409.6
168864.232,40.0,2639.0,2775.0,2313.4
168864.272,40.0,2745.8,2655.4,2230.4
168864.312,40.0,2799.0,2521.4,2165.6
168864.352,40.0,2787.4,2407.6,2129.0
168864.392,40.0,2726.2,2318.2,2096.6
168864.432,40.0,2660.2,2267.4,2083.6
168864.472,40.0,2611.0,2244.2,2078.2
168864.512,40.0,2602.6,2235.0,2076.2
168864.552,40.0,2633.2,2250.0,2081.4
168864.592,40.0,2669.6,2274.8,2086.4
168864.632,40.0,2721.0,2316.2,2099.4
168864.672,40.0,2775.6,2385.4,2122.2
168864.712,40.0,2803.4,2480.0,2153.8
168864.752,40.0,2776.0,2601.2,2207.8
168864.792,40.0,2690.2,2724.8,2281.0
168864.832,40.0,2572.8,2817.8,2365.8
168864.872,40.0,2462.8,2850.6,2466.4
168864.912,40.0,2398.6,2838.8,2528.4
168864.952,40.0,2424.8,2850.2,2493.6
168864.992,40.0,2506.2,2837.0,2415.0
168865.032,40.0,2615.2,2783.6,2327.2
168865.072,40.0,2727.2,2676.0,2244.6
168865.112,40.0,2794.4,2549.0,2181.2
168865.152,40.0,2790.8,2433.4,2139.6
168865.192,40.0,2752.4,2348.8,2107.2
168865.232,40.0,2688.6,2290.0,2090.4
168865.272,40.0,2638.2,2253.0,2080.6
168865.312,40.0,2617.2,2239.2,2077.6
168865.352,40.0,2629.4,2245.8,2081.2
168865.392,40.0,2660.6,2269.0,2085.2
168865.432,40.0,2703.8,2305.8,2094.6
168865.472,40.0,2762.0,2359.2,2114.4
168865.512,40.0,2802.8,2438.4,2140.2
168865.552,40.0,2794.0,2542.2,2184.4
168865.592,40.0,2735.6,2668.0,2243.8
168865.632,40.0,2632.8,2774.6,2320.6
168865.672,40.0,2509.0,2842.6,2414.6
168865.712,40.0,2414.2,2848.4,2506.8
168865.752,40.0,2370.6,2828.4,2551.6
168865.792,40.0,2416.0,2856.0,2510.2
168865.832,40.0,2504.6,2841.4,2421.4
168865.872,40.0,2630.4,2785.2,2319.4
168865.912,40.0,2748.0,2663.6,2234.0
168865.952,40.0,2797.6,2527.0,2175.8
168865.992,40.0,2784.4,2411.6,2128.0
168866.032,40.0,2733.6,2323.6,2100.2
168866.072,40.0,2661.4,2265.8,2085.2
168866.112,40.0,2606.4,2234.4,2075.6
168866.152,40.0,2587.4,2224.8,2069.6
168866.192,40.0,2604.6,2237.2,2076.6
168866.232,40.0,2639.4,2257.2,2079.6
168866.272,40.0,2695.0,2292.0,2090.2
168866.312,40.0,2746.2,2346.4,2111.6
168866.352,40.0,2792.6,2420.6,2135.6
168866.392,40.0,2799.4,2523.2,2173.2
168866.432,40.0,2756.0,2636.8,2227.8
168866.472,40.0,2664.4,2750.4,2297.2
168866.512,40.0,2554.0,2823.6,2379.8
168866.552,40.0,2459.4,2849.6,2470.2
168866.592,40.0,2412.4,2846.6,2510.2
168866.632,40.0,2456.6,2853.4,2468.0
168866.672,40.0,2545.0,2825.4,2380.0
168866.712,40.0,2660.2,2763.2,2299.8
168866.752,40.0,2752.4,2639.8,2226.6
168866.792,40.0,2802.8,2519.0,2171.0
168866.832,40.0,2785.6,2412.8,2132.0
168866.872,40.0,2732.8,2336.0,2102.6
168866.912,40.0,2681.0,2282.8,2090.2
168866.952,40.0,2625.8,2250.0,2075.6
168866.992,40.0,2619.6,2243.2,2077.0
168867.032,40.0,2650.0,2261.4,2084.4
168867.072,40.0,2696.2,2286.2,2094.8
168867.112,40.0,2737.2,2338.8,2106.6
168867.152,40.0,2792.0,2412.6,2126.4
168867.192,40.0,2801.2,2507.4,2164.8
168867.232,40.0,2758.8,2625.2,2220.2
168867.272,40.0,2676.8,2741.6,2289.0
168867.312,40.0,2563.2,2828.8,2380.8
168867.352,40.0,2447.2,2854.0,2475.4
168867.392,40.0,2371.0,2832.6,2563.2
168867.432,40.0,2350.4,2825.6,2580.2
168867.472,40.0,2406.6,2850.0,2516.8
168867.512,40.0,2507.8,2841.6,2421.4
168867.552,40.0,2627.8,2785.4,2320.6
168867.592,40.0,2736.6,2665.4,2233.0
168867.632,40.0,2799.2,2526.0,2169.8
168867.672,40.0,2792.0,2411.4,2131.6
168867.712,40.0,2732.4,2334.0,2106.4
168867.752,40.0,2667.8,2275.8,2081.8
168867.792,40.0,2610.0,2235.8,2073.0
168867.832,40.0,2592.4,2229.6,2073.6
168867.872,40.0,2608.4,2234.0,2074.4
168867.912,40.0,2650.8,2263.6,2084.0
168867.952,40.0,2706.6,2304.8,2092.4
168867.992,40.0,2761.0,2364.2,2121.2
168868.032,40.0,2796.8,2447.4,2143.0
168868.072,40.0,2794.2,2562.0,2188.6
168868.112,40.0,2726.4,2682.6,2251.2
168868.152,40.0,2613.8,2786.2,2333.2
168868.192,40.0,2497.0,2844.8,2430.4
168868.232,40.0,2399.4,2846.8,2522.0
168868.272,40.0,2373.0,2828.4,2550.4
168868.312,40.0,2426.2,2849.0,2496.6
168868.352,40.0,2516.4,2838.2,2407.6
168868.392,40.0,2638.0,2771.8,2308.0
168868.432,40.0,2745.2,2652.8,2231.4
168868.472,40.0,2799.8,2519.4,2168.2
168868.512,40.0,2786.4,2414.0,2130.6
168868.552,40.0,2726.8,2323.0,2102.8
168868.592,40.0,2663.4,2268.8,2084.2
168868.632,40.0,2604.4,2234.6,2075.8
168868.672,40.0,2585.8,2217.2,2071.2
168868.712,40.0,2597.2,2226.4,2073.0
168868.752,40.0,2626.8,2246.2,2081.8
168868.792,40.0,2680.4,2281.2,2087.4
168868.832,40.0,2740.0,2341.8,2100.4
168868.872,40.0,2785.8,2415.2,2133.0
168868.912,40.0,2801.8,2520.6,2176.6
168868.952,40.0,2751.6,2644.4,2225.8
168868.992,40.0,2653.2,2760.2,2299.6
168869.032,40.0,2545.0,2833.0,2393.4
168869.072,40.0,2436.0,2854.0,2485.6
168869.112,40.0,2397.6,2840.0,2525.6
168869.152,40.0,2444.6,2849.2,2477.4
168869.192,40.0,2532.4,2832.4,2399.0
168869.232,40.0,2645.6,2766.0,2308.4
168869.272,40.0,2749.4,2648.8,2227.8
168869.312,40.0,2800.6,2521.0,2169.6
168869.352,40.0,2785.4,2411.4,2128.0
168869.392,40.0,2730.6,2328.6,2103.2
168869.432,40.0,2660.0,2265.0,2083.8
168869.472,40.0,2601.4,2231.0,2071.2
168869.512,40.0,2563.8,2219.0,2067.2
168869.552,40.0,2573.8,2218.6,2074.4
168869.592,40.0,2615.2,2238.0,2075.8
168869.632,40.0,2669.2,2276.0,2087.8
168869.672,40.0,2733.0,2337.4,2107.8
168869.712,40.0,2790.2,2416.4,2134.0
168869.752,40.0,2797.8,2529.8,2177.6
168869.792,40.0,2740.6,2664.2,2239.8
168869.832,40.0,2634.0,2777.2,2317.0
168869.872,40.0,2510.6,2844.6,2420.4
168869.912,40.0,2410.6,2846.8,2518.8
168869.952,40.0,2370.2,2832.2,2550.6
168869.992,40.0,2428.4,2852.4,2496.6
168870.032,40.0,2520.0,2841.0,2404.6
168870.072,40.0,2645.6,2767.6,2307.2
168870.112,40.0,2755.2,2645.2,2227.0
168870.152,40.0,2802.4,2512.6,2169.8
168870.192,40.0,2782.6,2405.4,2126.8
168870.232,40.0,2725.4,2322.0,2098.6
168870.272,40.0,2658.4,2260.8,2084.2
168870.312,40.0,2601.0,2233.4,2079.0
168870.352,40.0,2578.6,2219.6,2072.2
168870.392,40.0,2585.8,2223.2,2067.8
168870.432,40.0,2619.4,2243.8,2078.8
168870.472,40.0,2661.0,2277.4,2087.8
168870.512,40.0,2726.0,2323.0,2100.0
168870.552,40.0,2778.8,2389.0,2126.0
168870.592,40.0,2798.4,2483.0,2154.8
168870.632,40.0,2774.8,2600.4,2207.6
168870.672,40.0,2699.4,2717.2,2273.2
168870.712,40.0,2592.0,2802.4,2355.0
168870.752,40.0,2482.6,2851.6,2447.2
168870.792,40.0,2428.0,2843.0,2496.0
168870.832,40.0,2464.6,2849.6,2459.2
168870.872,40.0,2553.8,2822.8,2376.0
168870.912,40.0,2663.8,2748.0,2290.2
168870.952,40.0,2766.0,2628.0,2215.2
168870.992,40.0,2803.0,2507.4,2166.8
168871.032,40.0,2784.0,2402.0,2126.2
168871.072,40.0,2730.2,2322.6,2101.6
168871.112,40.0,2660.4,2268.6,2085.2
168871.152,40.0,2607.0,2236.4,2073.6
168871.192,40.0,2575.4,2216.8,2071.8
168871.232,40.0,2598.6,2228.6,2073.2
168871.272,40.0,2633.6,2250.0,2082.2
168871.312,40.0,2686.2,2291.4,2090.4
168871.352,40.0,2749.4,2345.8,2111.8
168871.392,40.0,2795.4,2424.4,2135.6
168871.432,40.0,2799.2,2536.4,2182.0
168871.472,40.0,2746.4,2659.6,2240.8
168871.512,40.0,2640.6,2773.2,2317.6
168871.552,40.0,2526.4,2839.2,2406.6
168871.592,40.0,2431.8,2844.4,2493.6
168871.632,40.0,2416.4,2843.8,2508.4
168871.672,40.0,2474.6,2848.4,2454.4
168871.712,40.0,2563.2,2819.0,2371.8
168871.752,40.0,2672.8,2746.4,2283.2
168871.792,40.0,2766.0,2622.4,2213.0
168871.832,40.0,2801.4,2503.6,2162.8
168871.872,40.0,2783.2,2398.6,2127.2
168871.912,40.0,2732.2,2325.0,2104.8
168871.952,40.0,2666.6,2270.2,2085.2
168871.992,40.0,2613.8,2238.2,2072.6
168872.032,40.0,2596.2,2228.2,2076.0
168872.072,40.0,2616.6,2240.2,2076.2
168872.112,40.0,2658.6,2266.2,2087.2
168872.152,40.0,2713.2,2316.4,2097.2
168872.192,40.0,2773.0,2384.4,2122.4
168872.232,40.0,2797.4,2482.0,2151.0
168872.272,40.0,2773.6,2601.4,2204.8
168872.312,40.0,2689.8,2725.0,2275.4
168872.352,40.0,2577.6,2810.8,2362.4
168872.392,40.0,2473.4,2859.0,2454.0
168872.432,40.0,2413.6,2844.4,2509.6
168872.472,40.0,2438.0,2853.0,2490.8
168872.512,40.0,2511.0,2841.0,2418.8
168872.552,40.0,2616.0,2793.2,2331.0
168872.592,40.0,2717.8,2690.0,2249.8
168872.632,40.0,2791.2,2570.6,2185.6
168872.672,40.0,2797.6,2449.6,2144.8
168872.712,40.0,2759.2,2360.8,2114.8
168872.752,40.0,2691.8,2293.2,2092.6
168872.792,40.0,2622.4,2243.2,2080.0
168872.832,40.0,2578.8,2223.6,2071.2
168872.872,40.0,2582.8,2217.8,2074.8
168872.912,40.0,2613.6,2245.0,2075.4
168872.952,40.0,2663.6,2274.2,2088.2
168872.992,40.0,2727.2,2326.2,2104.4
168873.032,40.0,2783.2,2408.8,2129.8
168873.072,40.0,2800.6,2519.8,2170.4
168873.112,40.0,2747.2,2645.8,2229.6
168873.152,40.0,2644.4,2769.0,2307.0
168873.192,40.0,2531.6,2842.2,2398.0
168873.232,40.0,2452.8,2845.8,2466.0
168873.272,40.0,2483.0,2846.6,2444.2
168873.312,40.0,2561.4,2822.4,2371.4
168873.352,40.0,2671.0,2749.2,2291.4
168873.392,40.0,2765.0,2624.4,2213.6
168873.432,40.0,2808.6,2498.8,2159.6
168873.472,40.0,2775.8,2386.0,2118.0
168873.512,40.0,2708.0,2309.0,2093.2
168873.552,40.0,2633.6,2252.0,2081.2
168873.592,40.0,2576.0,2221.0,2069.4
168873.632,40.0,2579.0,2215.4,2073.4
168873.672,40.0,2594.8,2229.6,2078.2
168873.712,40.0,2640.2,2256.4,2082.2
168873.752,40.0,2696.8,2298.2,2092.0
168873.792,40.0,2761.2,2361.2,2111.0
168873.832,40.0,2800.8,2453.0,2144.4
168873.872,40.0,2788.0,2574.2,2193.0
168873.912,40.0,2716.0,2696.2,2256.8
168873.952,40.0,2607.8,2792.0,2338.8
168873.992,40.0,2489.2,2847.4,2430.8
168874.032,40.0,2397.2,2848.2,2529.6
168874.072,40.0,2352.4,2824.4,2574.0
168874.112,40.0,2390.0,2845.4,2537.8
168874.152,40.0,2468.8,2848.6,2458.8
168874.192,40.0,2588.2,2812.6,2354.0
168874.232,40.0,2709.8,2704.2,2259.6
168874.272,40.0,2781.4,2579.2,2191.0
168874.312,40.0,2799.8,2452.0,2145.4
168874.352,40.0,2761.6,2357.4,2113.4
168874.392,40.0,2693.2,2293.8,2095.8
168874.432,40.0,2631.6,2249.0,2079.0
168874.472,40.0,2600.2,2229.8,2074.0
168874.512,40.0,2602.8,2239.0,2076.4
168874.552,40.0,2638.4,2258.6,2082.4
168874.592,40.0,2691.4,2294.0,2089.4
168874.632,40.0,2754.0,2350.2,2110.8
168874.672,40.0,2795.8,2435.0,2137.4
168874.712,40.0,2798.4,2547.6,2187.8
168874.752,40.0,2735.0,2671.6,2240.8
168874.792,40.0,2630.6,2783.8,2319.8
168874.832,40.0,2505.6,2847.6,2419.6
168874.872,40.0,2407.2,2850.6,2521.6
168874.912,40.0,2350.2,2822.2,2581.8
168874.952,40.0,2371.4,2837.4,2553.4
168874.992,40.0,2441.0,2852.4,2478.6
168875.032,40.0,2554.4,2828.2,2378.2
168875.072,40.0,2684.0,2739.2,2283.0
168875.112,40.0,2771.6,2610.0,2206.8
168875.152,40.0,2805.0,2480.6,2153.8
168875.192,40.0,2775.2,2380.4,2121.0
168875.232,40.0,2712.4,2306.6,2096.8
168875.272,40.0,2649.4,2257.4,2083.0
168875.312,40.0,2605.4,2233.8,2074.6
168875.352,40.0,2598.6,2234.0,2076.4
168875.392,40.0,2629.2,2250.4,2080.2
168875.432,40.0,2669.6,2278.2,2086.2
168875.472,40.0,2725.0,2320.2,2101.0
168875.512,40.0,2781.0,2385.4,2127.8
168875.552,40.0,2802.2,2480.2,2154.4
168875.592,40.0,2781.4,2602.6,2203.6
168875.632,40.0,2696.2,2717.0,2275.6
168875.672,40.0,2578.4,2812.6,2359.6
168875.712,40.0,2466.8,2854.8,2457.6
168875.752,40.0,2386.4,2838.6,2540.6
168875.792,40.0,2381.8,2839.0,2544.0
168875.832,40.0,2438.6,2854.8,2488.8
168875.872,40.0,2532.4,2832.4,2406.0
168875.912,40.0,2643.2,2770.4,2311.0
168875.952,40.0,2745.6,2655.8,2229.4
168875.992,40.0,2797.4,2528.2,2171.0
168876.032,40.0,2790.6,2418.6,2132.8
168876.072,40.0,2738.4,2334.0,2107.0
168876.112,40.0,2670.0,2277.4,2086.6
168876.152,40.0,2614.0,2239.2,2077.4
168876.192,40.0,2587.2,2223.2,2071.0
168876.232,40.0,2598.2,2228.2,2076.0
168876.272,40.0,2637.0,2255.4,2082.8
168876.312,40.0,2690.4,2291.2,2094.6
168876.352,40.0,2748.2,2348.2,2108.0
168876.392,40.0,2795.6,2425.6,2128.0
168876.432,40.0,2801.6,2525.0,2172.8
168876.472,40.0,2749.0,2644.6,2226.8
168876.512,40.0,2657.4,2756.2,2296.4
168876.552,40.0,2545.4,2830.2,2384.8
168876.592,40.0,2449.2,2854.4,2477.4
168876.632,40.0,2398.6,2845.6,2520.8
168876.672,40.0,2441.4,2854.4,2489.6
168876.712,40.0,2515.4,2845.6,2410.8
168876.752,40.0,2624.8,2787.0,2322.2
168876.792,40.0,2735.4,2677.4,2244.2
168876.832,40.0,2796.2,2547.4,2176.2
168876.872,40.0,2796.4,2429.4,2137.4
168876.912,40.0,2744.0,2344.6,2111.4
168876.952,40.0,2675.8,2276.6,2088.8
168876.992,40.0,2623.6,2247.0,2076.8
168877.032,40.0,2582.4,2224.4,2070.6
168877.072,40.0,2582.4,2219.8,2070.8
168877.112,40.0,2607.6,2235.4,2075.2
168877.152,40.0,2642.4,2254.4,2083.2
168877.192,40.0,2683.0,2287.2,2093.6
168877.232,40.0,2742.6,2336.4,2107.4
168877.272,40.0,2785.0,2400.6,2128.2
168877.312,40.0,2805.2,2487.0,2153.0
168877.352,40.0,2781.6,2590.6,2204.8
168877.392,40.0,2710.8,2701.6,2262.8
168877.432,40.0,2613.4,2796.4,2334.0
168877.472,40.0,2517.0,2842.2,2416.0
168877.512,40.0,2437.2,2854.6,2490.8
168877.552,40.0,2417.4,2840.8,2504.0
168877.592,40.0,2466.4,2852.4,2456.0
168877.632,40.0,2553.2,2830.0,2377.2
168877.672,40.0,2663.2,2753.6,2297.8
168877.712,40.0,2759.0,2637.6,2219.4
168877.752,40.0,2803.2,2512.0,2163.4
168877.792,40.0,2786.6,2404.4,2126.2
168877.832,40.0,2730.4,2328.4,2100.2
168877.872,40.0,2665.0,2270.8,2083.8
168877.912,40.0,2606.6,2236.8,2076.6
168877.952,40.0,2580.8,2225.2,2069.0
168877.992,40.0,2589.6,2227.2,2071.2
168878.032,40.0,2622.6,2247.2,2077.8
168878.072,40.0,2660.8,2271.2,2086.2
168878.112,40.0,2720.2,2317.8,2101.8
168878.152,40.0,2765.0,2376.4,2115.8
168878.192,40.0,2799.8,2467.0,2150.2
168878.232,40.0,2786.6,2573.8,2196.2
168878.272,40.0,2716.6,2696.0,2258.2
168878.312,40.0,2614.4,2787.0,2333.2
168878.352,40.0,2513.2,2843.6,2413.0
168878.392,40.0,2439.4,2849.6,2486.0
168878.432,40.0,2433.4,2850.4,2491.0
168878.472,40.0,2488.4,2842.6,2428.2
168878.512,40.0,2587.8,2809.2,2347.0
168878.552,40.0,2695.0,2718.4,2269.0
168878.592,40.0,2780.2,2602.2,2203.2
168878.632,40.0,2803.4,2477.6,2152.0
168878.672,40.0,2771.8,2377.2,2114.8
168878.712,40.0,2708.2,2305.2,2096.8
168878.752,40.0,2640.6,2252.0,2080.4
168878.792,40.0,2585.4,2220.2,2068.8
168878.832,40.0,2567.8,2217.6,2071.4
168878.872,40.0,2601.2,2229.0,2069.0
168878.912,40.0,2640.4,2255.2,2082.6
168878.952,40.0,2694.6,2293.8,2092.4
168878.992,40.0,2751.4,2350.0,2110.2
168879.032,40.0,2793.2,2434.2,2137.0
168879.072,40.0,2797.2,2542.6,2182.8
168879.112,40.0,2740.8,2664.8,2240.2
168879.152,40.0,2641.6,2773.0,2315.0
168879.192,40.0,2524.0,2838.2,2405.8
168879.232,40.0,2421.0,2851.2,2501.2
168879.272,40.0,2374.6,2834.8,2548.4
168879.312,40.0,2421.0,2852.2,2501.6
168879.352,40.0,2501.0,2840.4,2420.0
168879.392,40.0,2618.0,2787.4,2323.6
168879.432,40.0,2733.8,2670.0,2241.6
168879.472,40.0,2792.8,2535.4,2177.0
168879.512,40.0,2790.6,2417.2,2129.6
168879.552,40.0,2733.4,2329.6,2104.4
168879.592,40.0,2658.4,2272.6,2082.2
168879.632,40.0,2599.0,2230.2,2075.2
168879.672,40.0,2567.6,2213.4,2072.6
168879.712,40.0,2585.8,2220.8,2070.0
168879.752,40.0,2619.2,2245.2,2080.6
168879.792,40.0,2667.6,2268.8,2087.4
168879.832,40.0,2726.4,2323.6,2104.4
168879.872,40.0,2781.0,2392.8,2123.2
168879.912,40.0,2807.4,2498.6,2165.0
168879.952,40.0,2767.4,2621.4,2221.2
168879.992,40.0,2673.2,2735.4,2285.8
168880.032,40.0,2564.6,2826.6,2375.0
168880.072,40.0,2457.6,2854.8,2467.2
168880.112,40.0,2392.4,2834.2,2527.8
168880.152,40.0,2417.2,2851.6,2509.0
168880.192,40.0,2488.8,2844.8,2437.2
168880.232,40.0,2599.8,2803.2,2343.6
168880.272,40.0,2710.8,2699.4,2255.0
168880.312,40.0,2791.2,2573.2,2193.8
168880.352,40.0,2800.4,2452.2,2143.4
168880.392,40.0,2760.4,2356.8,2111.2
168880.432,40.0,2691.0,2289.2,2087.4
168880.472,40.0,2626.4,2244.6,2080.8
168880.512,40.0,2584.6,2229.0,2074.0
168880.552,40.0,2579.8,2224.0,2070.0
168880.592,40.0,2611.0,2237.6,2078.0
168880.632,40.0,2658.0,2264.4,2084.0
168880.672,40.0,2709.4,2304.6,2090.2
168880.712,40.0,2764.8,2374.4,2119.0
168880.752,40.0,2800.0,2451.4,2145.0
168880.792,40.0,2787.6,2566.4,2190.0
168880.832,40.0,2727.2,2679.4,2247.2
168880.872,40.0,2628.4,2783.4,2327.2
168880.912,40.0,2520.8,2837.8,2406.6
168880.952,40.0,2433.2,2847.2,2488.8
168880.992,40.0,2426.2,2849.6,2500.4
168881.032,40.0,2484.6,2847.6,2438.4
168881.072,40.0,2583.0,2816.8,2358.0
168881.112,40.0,2694.2,2727.0,2274.8
168881.152,40.0,2772.2,2606.6,2202.8
168881.192,40.0,2803.8,2485.8,2159.0
168881.232,40.0,2773.4,2385.4,2121.8
168881.272,40.0,2718.8,2305.4,2095.8
168881.312,40.0,2648.2,2259.6,2084.6
168881.352,40.0,2601.2,2231.8,2072.4
168881.392,40.0,2586.0,2224.4,2074.4
168881.432,40.0,2612.0,2240.2,2072.2
168881.472,40.0,2662.6,2266.2,2086.4
168881.512,40.0,2712.0,2309.2,2097.0
168881.552,40.0,2768.8,2371.8,2117.8
168881.592,40.0,2800.8,2458.4,2146.2
168881.632,40.0,2791.8,2567.2,2191.2
168881.672,40.0,2724.0,2685.2,2249.4
168881.712,40.0,2619.8,2790.8,2332.4
168881.752,40.0,2508.8,2843.6,2425.2
168881.792,40.0,2410.6,2849.6,2520.2
168881.832,40.0,2381.4,2832.8,2547.4
168881.872,40.0,2430.4,2855.0,2494.2
168881.912,40.0,2525.4,2837.0,2405.8
168881.952,40.0,2648.8,2774.4,2307.2
168881.992,40.0,2748.6,2653.6,2226.4
168882.032,40.0,2798.6,2518.0,2168.0
168882.072,40.0,2787.6,2403.8,2127.0
168882.112,40.0,2732.6,2325.0,2100.2
168882.152,40.0,2659.0,2267.0,2089.8
168882.192,40.0,2602.4,2235.8,2075.8
168882.232,40.0,2584.0,2230.4,2072.8
168882.272,40.0,2602.4,2232.0,2074.8
168882.312,40.0,2641.0,2256.2,2080.8
168882.352,40.0,2696.2,2295.0,2093.0
168882.392,40.0,2750.4,2351.6,2108.4
168882.432,40.0,2794.0,2437.2,2141.6
168882.472,40.0,2795.8,2542.4,2178.0
168882.512,40.0,2738.0,2662.4,2241.2
168882.552,40.0,2640.2,2774.0,2311.8
168882.592,40.0,2527.6,2840.0,2409.2
168882.632,40.0,2426.4,2853.2,2506.2
168882.672,40.0,2374.4,2836.6,2542.6
168882.712,40.0,2426.4,2847.6,2502.4
168882.752,40.0,2508.2,2841.2,2413.4
168882.792,40.0,2639.6,2771.6,2313.6
168882.832,40.0,2751.0,2647.4,2227.2
168882.872,40.0,2800.2,2512.4,2168.0
168882.912,40.0,2784.6,2396.4,2125.0
168882.952,40.0,2720.6,2310.2,2097.0
168882.992,40.0,2641.8,2257.6,2082.0
168883.032,40.0,2593.2,2226.0,2074.0
168883.072,40.0,2581.4,2224.4,2071.6
168883.112,40.0,2602.2,2235.6,2073.8
168883.152,40.0,2641.6,2256.8,2084.0
168883.192,40.0,2700.4,2294.6,2091.8
168883.232,40.0,2759.4,2358.6,2114.2
168883.272,40.0,2800.2,2443.4,2144.6
168883.312,40.0,2792.2,2553.6,2187.4
168883.352,40.0,2723.6,2678.0,2247.2
168883.392,40.0,2622.0,2784.4,2326.2
168883.432,40.0,2506.2,2845.8,2422.0
168883.472,40.0,2408.0,2850.0,2519.8
168883.512,40.0,2350.4,2820.6,2579.8
168883.552,40.0,2369.0,2832.0,2563.4
168883.592,40.0,2435.0,2853.8,2487.8
168883.632,40.0,2551.2,2825.2,2377.0
168883.672,40.0,2681.0,2728.4,2279.6
168883.712,40.0,2777.0,2597.8,2200.2
168883.752,40.0,2802.8,2466.4,2149.6
168883.792,40.0,2767.6,2368.8,2117.2
168883.832,40.0,2687.2,2291.6,2090.0
168883.872,40.0,2622.4,2242.0,2070.8
168883.912,40.0,2585.8,2225.8,2072.8
168883.952,40.0,2590.0,2226.8,2075.2
168883.992,40.0,2630.0,2249.0,2076.0
168884.032,40.0,2693.0,2294.6,2094.4
168884.072,40.0,2754.0,2361.6,2112.4
168884.112,40.0,2791.4,2446.0,2144.6
168884.152,40.0,2789.8,2570.8,2190.4
168884.192,40.0,2716.2,2697.4,2260.2
168884.232,40.0,2597.6,2801.0,2346.2
168884.272,40.0,2478.8,2854.0,2452.0
168884.312,40.0,2376.8,2841.6,2554.8
168884.352,40.0,2336.0,2809.4,2599.0
168884.392,40.0,2367.8,2834.0,2560.0
168884.432,40.0,2450.2,2850.4,2469.2
168884.472,40.0,2571.2,2819.4,2365.4
168884.512,40.0,2693.4,2723.6,2270.4
168884.552,40.0,2781.2,2593.8,2198.8
168884.592,40.0,2798.2,2468.6,2147.8
168884.632,40.0,2771.0,2370.8,2115.6
168884.672,40.0,2699.8,2298.2,2094.4
168884.712,40.0,2637.2,2249.6,2081.8
168884.752,40.0,2599.4,2233.0,2075.8
168884.792,40.0,2616.6,2239.4,2074.2
168884.832,40.0,2647.2,2260.6,2081.2
168884.872,40.0,2694.4,2295.4,2093.8
168884.912,40.0,2749.6,2348.6,2111.4
168884.952,40.0,2793.8,2425.4,2137.2
168884.992,40.0,2802.6,2526.2,2174.0
168885.032,40.0,2756.4,2640.4,2226.8
168885.072,40.0,2663.4,2751.4,2296.4
168885.112,40.0,2548.8,2827.6,2386.0
168885.152,40.0,2447.8,2858.8,2477.0
168885.192,40.0,2377.8,2834.6,2543.8
168885.232,40.0,2396.0,2843.6,2529.2
168885.272,40.0,2463.6,2850.6,2459.6
168885.312,40.0,2565.8,2823.4,2367.0
168885.352,40.0,2679.2,2737.0,2278.6
168885.392,40.0,2768.0,2612.2,2209.2
168885.432,40.0,2804.8,2495.6,2157.4
168885.472,40.0,2781.8,2388.8,2122.0
168885.512,40.0,2717.0,2315.2,2100.0
168885.552,40.0,2654.0,2264.0,2084.8
168885.592,40.0,2600.2,2236.0,2075.0
168885.632,40.0,2584.6,2227.8,2071.8
168885.672,40.0,2608.8,2236.8,2075.2
168885.712,40.0,2656.2,2262.6,2083.4
168885.752,40.0,2705.0,2294.2,2098.4
168885.792,40.0,2754.6,2355.4,2116.4
168885.832,40.0,2789.8,2431.2,2138.0
168885.872,40.0,2798.8,2531.0,2176.4
168885.912,40.0,2745.6,2650.8,2234.0
168885.952,40.0,2653.4,2758.8,2304.2
168885.992,40.0,2541.0,2831.8,2394.8
168886.032,40.0,2440.6,2857.8,2488.6
168886.072,40.0,2389.4,2836.6,2530.8
168886.112,40.0,2430.0,2855.0,2498.2
168886.152,40.0,2509.4,2848.4,2419.4
168886.192,40.0,2624.8,2792.4,2320.8
168886.232,40.0,2733.6,2677.0,2245.6
168886.272,40.0,2791.6,2552.8,2183.8
168886.312,40.0,2796.4,2439.2,2132.2
168886.352,40.0,2749.0,2350.4,2110.6
168886.392,40.0,2687.2,2284.0,2092.4
168886.432,40.0,2623.2,2240.6,2075.8
168886.472,40.0,2583.6,2220.8,2071.0
168886.512,40.0,2582.6,2224.0,2069.0
168886.552,40.0,2613.0,2239.2,2080.2
168886.592,40.0,2656.6,2266.0,2082.6
168886.632,40.0,2707.6,2307.4,2100.0
168886.672,40.0,2764.6,2368.2,2115.0
168886.712,40.0,2802.2,2442.4,2149.4
168886.752,40.0,2797.2,2542.4,2178.6
168886.792,40.0,2744.8,2657.6,2236.0
168886.832,40.0,2651.0,2761.8,2300.8
168886.872,40.0,2545.0,2827.2,2384.0
168886.912,40.0,2461.4,2850.6,2472.4
168886.952,40.0,2424.6,2842.8,2500.0
168886.992,40.0,2469.2,2854.0,2457.2
168887.032,40.0,2555.0,2829.0,2380.8
168887.072,40.0,2660.8,2753.2,2297.2
168887.112,40.0,2756.6,2640.2,2223.6
168887.152,40.0,2800.8,2523.4,2168.0
168887.192,40.0,2790.6,2413.8,2133.0
168887.232,40.0,2741.8,2335.4,2108.4
168887.272,40.0,2684.4,2285.4,2086.6
168887.312,40.0,2635.0,2247.8,2077.4
168887.352,40.0,2614.8,2243.6,2076.4
168887.392,40.0,2632.8,2251.2,2077.2
168887.432,40.0,2666.0,2272.8,2086.0
168887.472,40.0,2715.4,2312.4,2100.6
168887.512,40.0,2769.0,2376.4,2115.8
168887.552,40.0,2798.8,2457.8,2145.4
168887.592,40.0,2786.4,2568.6,2187.8
168887.632,40.0,2724.2,2681.8,2251.6
168887.672,40.0,2627.0,2783.6,2330.8
168887.712,40.0,2513.4,2845.4,2418.8
168887.752,40.0,2416.8,2854.6,2509.2
168887.792,40.0,2389.8,2840.4,2536.4
168887.832,40.0,2440.6,2851.6,2486.2
168887.872,40.0,2529.6,2838.0,2402.8
168887.912,40.0,2647.2,2766.4,2308.4
168887.952,40.0,2749.0,2652.4,2228.0
168887.992,40.0,2799.8,2524.2,2174.4
168888.032,40.0,2790.0,2418.4,2132.4
168888.072,40.0,2743.2,2338.6,2105.4
168888.112,40.0,2680.4,2283.4,2088.8
168888.152,40.0,2623.2,2242.0,2077.6
168888.192,40.0,2596.0,2231.2,2070.4
168888.232,40.0,2603.6,2234.4,2076.8
168888.272,40.0,2638.6,2258.4,2083.0
168888.312,40.0,2682.6,2285.2,2089.4
168888.352,40.0,2732.2,2324.6,2103.2
168888.392,40.0,2775.6,2384.8,2117.2
168888.432,40.0,2797.2,2456.2,2150.0
168888.472,40.0,2793.0,2547.4,2185.4
168888.512,40.0,2744.4,2654.6,2235.4
168888.552,40.0,2667.0,2752.6,2297.2
168888.592,40.0,2567.4,2823.0,2371.4
168888.632,40.0,2487.8,2846.6,2448.0
168888.672,40.0,2456.0,2844.8,2463.4
168888.712,40.0,2501.4,2849.0,2427.6
168888.752,40.0,2577.8,2816.0,2361.0
168888.792,40.0,2673.8,2742.4,2284.0
168888.832,40.0,2758.8,2637.4,2223.0
168888.872,40.0,2803.2,2525.2,2171.6
168888.912,40.0,2795.4,2425.4,2137.0
168888.952,40.0,2758.0,2347.0,2116.0
168888.992,40.0,2692.8,2293.0,2091.4
168889.032,40.0,2640.4,2255.8,2083.4
168889.072,40.0,2599.2,2227.4,2075.6
168889.112,40.0,2584.8,2224.4,2074.6
168889.152,40.0,2593.4,2225.6,2071.4
168889.192,40.0,2621.6,2239.2,2076.0
168889.232,40.0,2637.0,2256.4,2083.2
168889.272,40.0,2663.4,2272.0,2085.6
168889.312,40.0,2690.0,2291.0,2092.2
168889.352,40.0,2720.0,2316.0,2102.2
168889.392,40.0,2748.6,2342.2,2109.0
168889.432,40.0,2773.6,2383.6,2121.6
168889.472,40.0,2792.2,2434.4,2138.4
168889.512,40.0,2801.0,2493.0,2158.0
168889.552,40.0,2790.4,2573.6,2195.6
168889.592,40.0,2739.6,2661.4,2235.8
168889.632,40.0,2663.2,2757.0,2297.2
168889.672,40.0,2566.8,2819.4,2373.8
168889.712,40.0,2476.4,2857.6,2449.8
168889.752,40.0,2409.0,2846.4,2514.6
168889.792,40.0,2418.4,2847.0,2505.4
168889.832,40.0,2488.0,2851.0,2439.4
168889.872,40.0,2585.6,2813.2,2358.0
168889.912,40.0,2691.8,2723.6,2274.0
168889.952,40.0,2769.8,2607.4,2207.4
168889.992,40.0,2807.0,2493.0,2160.2
168890.032,40.0,2779.4,2389.0,2126.0
168890.072,40.0,2722.4,2314.4,2101.0
168890.112,40.0,2652.6,2263.0,2083.4
168890.152,40.0,2600.6,2234.0,2071.6
168890.192,40.0,2567.4,2217.6,2072.4
168890.232,40.0,2577.4,2222.0,2073.6
168890.272,40.0,2608.0,2235.8,2077.8
168890.312,40.0,2649.2,2263.0,2082.8
168890.352,40.0,2705.8,2304.0,2098.6
168890.392,40.0,2758.4,2358.8,2115.2
168890.432,40.0,2796.8,2434.8,2140.4
168890.472,40.0,2801.2,2533.4,2180.8
168890.512,40.0,2749.4,2650.0,2230.4
168890.552,40.0,2654.2,2757.6,2300.2
168890.592,40.0,2544.0,2831.4,2385.4
168890.632,40.0,2444.6,2851.4,2480.2
168890.672,40.0,2369.8,2834.4,2556.8
168890.712,40.0,2379.0,2837.4,2549.2
168890.752,40.0,2447.0,2851.0,2473.8
168890.792,40.0,2560.2,2825.4,2373.0
168890.832,40.0,2680.2,2732.2,2277.8
168890.872,40.0,2779.0,2604.2,2207.6
168890.912,40.0,2806.2,2472.2,2152.2
168890.952,40.0,2768.8,2370.4,2117.8
168890.992,40.0,2706.2,2297.2,2099.0
168891.032,40.0,2626.4,2253.2,2078.0
168891.072,40.0,2582.2,2224.2,2071.2
168891.112,40.0,2572.4,2219.6,2065.6
168891.152,40.0,2600.2,2231.0,2071.8
168891.192,40.0,2647.6,2261.6,2082.6
168891.232,40.0,2705.6,2306.0,2099.0
168891.272,40.0,2769.2,2378.8,2118.4
168891.312,40.0,2803.8,2468.0,2153.6
168891.352,40.0,2778.4,2589.0,2202.6
168891.392,40.0,2696.8,2717.0,2270.6
168891.432,40.0,2585.0,2813.2,2361.6
168891.472,40.0,2468.0,2849.6,2462.6
168891.512,40.0,2376.8,2835.6,2552.2
168891.552,40.0,2363.6,2830.2,2566.0
168891.592,40.0,2422.4,2852.0,2503.0
168891.632,40.0,2519.4,2839.0,2407.6
168891.672,40.0,2646.6,2764.2,2304.4
168891.712,40.0,2753.2,2646.0,2224.2
168891.752,40.0,2796.8,2506.8,2166.2
168891.792,40.0,2785.8,2395.2,2127.6
168891.832,40.0,2720.6,2315.6,2099.6
168891.872,40.0,2648.4,2260.2,2085.0
168891.912,40.0,2592.6,2231.8,2071.2
168891.952,40.0,2573.2,2218.8,2070.4
168891.992,40.0,2594.6,2238.0,2075.2
168892.032,40.0,2632.2,2251.0,2079.0
168892.072,40.0,2690.0,2286.6,2092.6
168892.112,40.0,2753.2,2347.2,2107.6
168892.152,40.0,2792.4,2433.2,2136.6
168892.192,40.0,2796.8,2541.0,2177.6
168892.232,40.0,2742.2,2662.2,2238.4
168892.272,40.0,2638.0,2778.6,2319.4
168892.312,40.0,2520.4,2843.0,2408.8
168892.352,40.0,2413.6,2853.8,2511.0
168892.392,40.0,2358.8,2827.2,2572.8
168892.432,40.0,2390.8,2844.4,2533.4
168892.472,40.0,2470.4,2847.4,2448.4
168892.512,40.0,2591.0,2805.4,2344.4
168892.552,40.0,2716.2,2700.4,2253.8
168892.592,40.0,2792.2,2566.8,2189.4
168892.632,40.0,2799.2,2443.2,2139.4
168892.672,40.0,2753.6,2351.8,2108.6
168892.712,40.0,2684.0,2286.6,2086.6
168892.752,40.0,2615.8,2241.6,2076.6
168892.792,40.0,2581.4,2222.2,2070.4
168892.832,40.0,2586.2,2227.4,2070.4
168892.872,40.0,2612.2,2240.4,2076.6
168892.912,40.0,2661.6,2269.6,2086.4
168892.952,40.0,2730.8,2329.4,2102.8
168892.992,40.0,2780.0,2403.8,2128.4
168893.032,40.0,2801.0,2514.0,2168.6
168893.072,40.0,2756.6,2645.2,2227.8
168893.112,40.0,2646.6,2763.6,2308.8
168893.152,40.0,2521.4,2839.8,2411.6
168893.192,40.0,2405.8,2851.2,2520.0
168893.232,40.0,2337.2,2818.0,2591.6
168893.272,40.0,2363.2,2831.2,2570.4
168893.312,40.0,2430.2,2851.4,2485.6
168893.352,40.0,2552.0,2827.4,2382.0
168893.392,40.0,2675.0,2732.6,2270.2
168893.432,40.0,2775.6,2604.8,2204.0
168893.472,40.0,2802.2,2473.8,2148.8
168893.512,40.0,2763.8,2369.0,2114.8
168893.552,40.0,2697.4,2296.2,2094.2
168893.592,40.0,2627.4,2244.4,2078.2
168893.632,40.0,2589.4,2223.8,2067.8
168893.672,40.0,2592.2,2230.2,2073.0
168893.712,40.0,2623.6,2247.4,2079.0
168893.752,40.0,2667.8,2274.0,2085.0
168893.792,40.0,2730.2,2324.4,2102.8
168893.832,40.0,2779.4,2396.2,2123.4
168893.872,40.0,2805.8,2497.0,2159.2
168893.912,40.0,2759.2,2627.0,2220.0
168893.952,40.0,2663.2,2752.4,2293.0
168893.992,40.0,2538.6,2833.4,2390.0
168894.032,40.0,2428.2,2854.4,2499.6
168894.072,40.0,2358.0,2826.2,2571.6
168894.112,40.0,2366.6,2832.6,2569.0
168894.152,40.0,2431.4,2852.4,2496.2
168894.192,40.0,2537.6,2836.4,2391.8
168894.232,40.0,2679.0,2744.0,2290.6
168894.272,40.0,2771.4,2608.2,2208.6
168894.312,40.0,2803.8,2468.4,2150.0
168894.352,40.0,2760.2,2370.0,2115.0
168894.392,40.0,2688.8,2287.6,2092.4
168894.432,40.0,2612.2,2240.8,2075.6
168894.472,40.0,2568.0,2216.2,2069.0
168894.512,40.0,2576.6,2219.2,2070.0
168894.552,40.0,2610.6,2239.8,2076.6
168894.592,40.0,2663.4,2270.0,2086.6
168894.632,40.0,2724.2,2325.4,2096.0
168894.672,40.0,2784.4,2400.6,2127.4
168894.712,40.0,2804.4,2506.6,2169.4
168894.752,40.0,2761.8,2638.2,2222.8
168894.792,40.0,2659.2,2757.2,2305.2
168894.832,40.0,2531.6,2836.8,2400.0
168894.872,40.0,2419.2,2850.6,2512.6
168894.912,40.0,2350.8,2821.4,2578.6
168894.952,40.0,2373.0,2837.2,2560.0
168894.992,40.0,2448.2,2852.6,2473.4
168895.032,40.0,2569.4,2820.4,2369.8
168895.072,40.0,2696.2,2721.0,2274.0
168895.112,40.0,2782.6,2585.8,2194.2
168895.152,40.0,2802.6,2458.4,2146.6
168895.192,40.0,2757.2,2357.2,2111.0
168895.232,40.0,2686.6,2286.0,2091.4
168895.272,40.0,2620.2,2242.6,2078.0
168895.312,40.0,2587.0,2224.8,2070.8
168895.352,40.0,2601.6,2232.2,2075.2
168895.392,40.0,2639.4,2254.6,2079.8
168895.432,40.0,2688.8,2293.8,2093.0
168895.472,40.0,2753.0,2349.4,2113.4
168895.512,40.0,2795.4,2428.0,2139.2
168895.552,40.0,2800.8,2540.0,2178.2
168895.592,40.0,2732.8,2665.0,2237.2
168895.632,40.0,2636.6,2778.0,2323.0
168895.672,40.0,2513.2,2845.0,2416.2
168895.712,40.0,2416.8,2851.0,2513.6
168895.752,40.0,2374.4,2831.8,2550.8
168895.792,40.0,2421.2,2850.4,2505.0
168895.832,40.0,2514.4,2837.8,2416.0
168895.872,40.0,2638.0,2777.8,2308.8
168895.912,40.0,2752.8,2648.6,2227.0
168895.952,40.0,2801.0,2508.0,2162.4
168895.992,40.0,2781.0,2397.4,2121.6
168896.032,40.0,2714.6,2307.0,2096.6
168896.072,40.0,2639.4,2252.0,2077.8
168896.112,40.0,2586.4,2224.2,2071.8
168896.152,40.0,2572.2,2221.8,2069.2
168896.192,40.0,2609.0,2231.2,2072.8
168896.232,40.0,2647.8,2264.0,2085.2
168896.272,40.0,2715.2,2307.4,2095.6
168896.312,40.0,2768.6,2373.6,2122.0
168896.352,40.0,2800.4,2468.6,2149.4
168896.392,40.0,2782.0,2589.8,2201.8
168896.432,40.0,2697.6,2716.2,2271.8
168896.472,40.0,2577.6,2814.4,2362.2
168896.512,40.0,2461.4,2855.4,2466.8
168896.552,40.0,2373.0,2835.6,2554.4
168896.592,40.0,2371.4,2834.0,2558.6
168896.632,40.0,2439.8,2854.6,2489.0
168896.672,40.0,2543.2,2833.4,2388.0
168896.712,40.0,2671.0,2746.2,2290.2
168896.752,40.0,2770.6,2614.4,2211.4
168896.792,40.0,2802.0,2484.6,2153.2
168896.832,40.0,2769.8,2375.8,2118.4
168896.872,40.0,2703.0,2300.4,2092.2
168896.912,40.0,2627.2,2249.6,2080.6
168896.952,40.0,2588.0,2224.6,2075.2
168896.992,40.0,2581.4,2224.0,2071.8
168897.032,40.0,2618.2,2239.4,2077.8
168897.072,40.0,2658.6,2264.8,2087.4
168897.112,40.0,2724.0,2316.0,2097.2
168897.152,40.0,2775.8,2389.2,2125.0
168897.192,40.0,2802.0,2492.6,2160.0
168897.232,40.0,2767.0,2618.2,2211.4
168897.272,40.0,2682.4,2747.0,2286.4
168897.312,40.0,2555.4,2823.0,2378.8
168897.352,40.0,2443.6,2854.6,2487.4
168897.392,40.0,2373.4,2830.2,2553.0
168897.432,40.0,2392.6,2845.4,2534.6
168897.472,40.0,2475.4,2850.0,2448.8
168897.512,40.0,2592.6,2807.2,2350.6
168897.552,40.0,2715.6,2700.4,2251.0
168897.592,40.0,2788.6,2557.4,2183.0
168897.632,40.0,2795.4,2431.2,2143.0
168897.672,40.0,2741.0,2336.0,2107.0
168897.712,40.0,2663.8,2272.2,2080.0
168897.752,40.0,2601.0,2231.0,2074.8
168897.792,40.0,2564.4,2216.4,2068.6
168897.832,40.0,2589.4,2226.0,2071.8
168897.872,40.0,2634.8,2249.8,2078.0
168897.912,40.0,2691.4,2291.4,2089.8
168897.952,40.0,2748.2,2353.6,2109.0
168897.992,40.0,2796.0,2434.2,2139.2
168898.032,40.0,2799.2,2546.8,2181.8
168898.072,40.0,2737.2,2676.2,2247.2
168898.112,40.0,2622.0,2787.8,2327.4
168898.152,40.0,2500.4,2851.2,2428.2
168898.192,40.0,2400.6,2849.4,2525.4
168898.232,40.0,2360.6,2829.6,2570.6
168898.272,40.0,2408.0,2851.0,2522.2
168898.312,40.0,2498.8,2847.4,2436.6
168898.352,40.0,2620.6,2789.0,2325.8
168898.392,40.0,2737.8,2668.0,2238.4
168898.432,40.0,2800.2,2532.0,2167.4
168898.472,40.0,2787.2,2411.8,2128.0
168898.512,40.0,2727.8,2321.2,2102.0
168898.552,40.0,2650.8,2261.8,2084.0
168898.592,40.0,2597.2,2230.4,2074.6
168898.632,40.0,2584.4,2222.4,2071.0
168898.672,40.0,2600.0,2232.6,2073.6
168898.712,40.0,2639.0,2254.4,2085.2
168898.752,40.0,2699.8,2296.8,2092.8
168898.792,40.0,2759.0,2354.6,2110.2
168898.832,40.0,2796.4,2441.2,2140.8
168898.872,40.0,2796.2,2547.8,2182.8
168898.912,40.0,2733.6,2671.6,2243.4
168898.952,40.0,2624.2,2782.4,2325.2
168898.992,40.0,2514.6,2847.0,2418.6
168899.032,40.0,2412.4,2853.4,2512.0
168899.072,40.0,2372.2,2834.4,2556.4
168899.112,40.0,2414.4,2848.6,2509.4
168899.152,40.0,2505.4,2845.0,2422.0
168899.192,40.0,2626.6,2786.8,2321.8
168899.232,40.0,2737.8,2663.6,2237.4
168899.272,40.0,2793.0,2542.0,2172.6
168899.312,40.0,2789.8,2420.2,2135.2
168899.352,40.0,2738.6,2332.6,2105.2
168899.392,40.0,2668.4,2272.8,2087.0
168899.432,40.0,2615.2,2241.4,2077.0
168899.472,40.0,2598.4,2236.8,2075.0
168899.512,40.0,2617.0,2242.6,2075.4
168899.552,40.0,2658.6,2267.4,2084.4
168899.592,40.0,2707.6,2307.6,2094.4
168899.632,40.0,2769.0,2366.4,2116.2
168899.672,40.0,2804.6,2459.0,2143.4
168899.712,40.0,2787.2,2567.6,2191.6
168899.752,40.0,2718.2,2688.6,2251.2
168899.792,40.0,2616.0,2796.8,2334.4
168899.832,40.0,2501.4,2848.8,2425.6
168899.872,40.0,2409.6,2851.2,2518.2
168899.912,40.0,2382.4,2840.2,2537.4
168899.952,40.0,2435.2,2854.8,2484.6
168899.992,40.0,2521.8,2838.2,2402.8
168900.032,40.0,2641.8,2771.0,2310.0
168900.072,40.0,2748.2,2654.4,2226.8
168900.112,40.0,2795.0,2524.8,2165.6
168900.152,40.0,2786.0,2410.2,2128.2
168900.192,40.0,2728.8,2323.4,2100.4
168900.232,40.0,2656.0,2267.8,2086.8
168900.272,40.0,2596.6,2230.0,2073.0
168900.312,40.0,2578.8,2216.6,2074.2
168900.352,40.0,2596.0,2231.2,2072.6
168900.392,40.0,2642.0,2259.0,2083.2
168900.432,40.0,2702.4,2300.0,2093.4
168900.472,40.0,2764.4,2357.0,2113.8
168900.512,40.0,2795.2,2454.2,2146.2
168900.552,40.0,2789.6,2568.4,2191.6
168900.592,40.0,2722.6,2687.2,2255.0
168900.632,40.0,2616.6,2788.8,2331.2
168900.672,40.0,2499.8,2845.0,2426.0
168900.712,40.0,2410.6,2846.8,2513.4
168900.752,40.0,2389.8,2838.2,2535.4
168900.792,40.0,2446.2,2853.6,2475.6
168900.832,40.0,2537.8,2834.8,2391.6
168900.872,40.0,2655.8,2758.4,2297.8
168900.912,40.0,2755.8,2633.4,2224.0
168900.952,40.0,2798.0,2507.4,2162.8
168900.992,40.0,2780.6,2396.4,2123.8
168901.032,40.0,2725.6,2317.2,2098.0
168901.072,40.0,2645.6,2260.0,2082.0
168901.112,40.0,2596.0,2231.4,2072.8
168901.152,40.0,2580.2,2221.2,2072.2
168901.192,40.0,2599.0,2233.6,2072.2
168901.232,40.0,2635.0,2256.2,2083.8
168901.272,40.0,2690.0,2290.8,2090.6
168901.312,40.0,2748.4,2346.6,2110.2
168901.352,40.0,2792.2,2425.0,2138.0
168901.392,40.0,2799.6,2526.0,2176.0
168901.432,40.0,2753.0,2649.6,2232.2
168901.472,40.0,2655.8,2762.0,2301.2
168901.512,40.0,2544.6,2837.8,2393.2
168901.552,40.0,2442.0,2854.4,2484.0
168901.592,40.0,2385.2,2839.0,2538.4
168901.632,40.0,2415.4,2848.2,2512.0
168901.672,40.0,2486.8,2850.4,2436.0
168901.712,40.0,2599.6,2806.0,2345.0
168901.752,40.0,2718.6,2695.0,2252.2
168901.792,40.0,2787.2,2567.2,2186.6
168901.832,40.0,2800.2,2444.6,2138.2
168901.872,40.0,2755.2,2360.0,2106.0
168901.912,40.0,2690.6,2290.6,2093.6
168901.952,40.0,2631.2,2252.6,2076.2
168901.992,40.0,2602.2,2234.4,2074.6
168902.032,40.0,2610.2,2237.0,2076.0
168902.072,40.0,2640.2,2261.6,2080.6
168902.112,40.0,2688.8,2288.2,2093.2
168902.152,40.0,2743.0,2340.2,2105.4
168902.192,40.0,2786.4,2408.4,2128.6
168902.232,40.0,2802.2,2499.8,2164.2
168902.272,40.0,2773.8,2616.8,2214.2
168902.312,40.0,2691.6,2726.2,2274.6
168902.352,40.0,2589.4,2810.2,2347.0
168902.392,40.0,2491.4,2849.4,2433.2
168902.432,40.0,2434.4,2847.6,2487.8
168902.472,40.0,2457.2,2848.0,2467.6
168902.512,40.0,2533.6,2838.6,2400.8
168902.552,40.0,2636.2,2773.0,2310.6
168902.592,40.0,2746.4,2662.6,2230.0
168902.632,40.0,2797.6,2540.4,2175.8
168902.672,40.0,2786.2,2421.4,2135.2
168902.712,40.0,2743.2,2339.0,2106.0
168902.752,40.0,2675.8,2280.8,2090.8
168902.792,40.0,2616.0,2240.4,2077.0
168902.832,40.0,2588.6,2231.8,2071.2
168902.872,40.0,2595.0,2233.0,2072.6
168902.912,40.0,2633.6,2251.8,2078.2
168902.952,40.0,2685.8,2289.4,2091.8
168902.992,40.0,2744.8,2334.6,2107.6
168903.032,40.0,2790.8,2411.4,2133.0
168903.072,40.0,2809.0,2504.6,2168.2
168903.112,40.0,2769.2,2625.0,2216.8
168903.152,40.0,2681.4,2737.8,2280.8
168903.192,40.0,2576.0,2812.4,2359.0
168903.232,40.0,2483.6,2852.6,2440.6
168903.272,40.0,2441.2,2846.0,2474.6
168903.312,40.0,2494.2,2847.8,2437.4
168903.352,40.0,2580.0,2814.0,2361.4
168903.392,40.0,2689.0,2729.0,2276.8
168903.432,40.0,2774.8,2605.8,2209.0
168903.472,40.0,2804.4,2481.2,2156.2
168903.512,40.0,2777.2,2385.6,2123.2
168903.552,40.0,2719.2,2314.8,2096.4
168903.592,40.0,2656.6,2266.4,2084.8
168903.632,40.0,2616.2,2240.0,2072.6
168903.672,40.0,2607.0,2234.2,2077.2
168903.712,40.0,2626.0,2245.6,2074.2
168903.752,40.0,2662.4,2272.8,2087.6
168903.792,40.0,2717.6,2319.2,2096.2
168903.832,40.0,2773.2,2381.0,2123.2
168903.872,40.0,2804.0,2469.2,2148.0
168903.912,40.0,2789.2,2576.4,2191.8
168903.952,40.0,2721.2,2688.4,2256.8
168903.992,40.0,2622.8,2781.6,2329.6
168904.032,40.0,2520.8,2838.4,2410.2
168904.072,40.0,2436.0,2854.8,2484.6
168904.112,40.0,2426.8,2848.8,2483.2
168904.152,40.0,2494.8,2847.2,2429.0
168904.192,40.0,2591.8,2810.8,2346.8
168904.232,40.0,2702.4,2709.8,2268.0
168904.272,40.0,2784.0,2583.8,2197.8
168904.312,40.0,2804.4,2465.0,2152.0
168904.352,40.0,2769.4,2370.6,2113.4
168904.392,40.0,2704.8,2302.6,2088.8
168904.432,40.0,2636.6,2256.2,2082.2
168904.472,40.0,2602.2,2230.8,2069.4
168904.512,40.0,2590.8,2228.0,2074.2
168904.552,40.0,2619.2,2241.0,2080.0
168904.592,40.0,2662.8,2273.4,2087.8
168904.632,40.0,2710.6,2314.4,2099.4
168904.672,40.0,2766.6,2370.4,2115.8
168904.712,40.0,2800.6,2445.8,2144.8
168904.752,40.0,2790.6,2548.6,2180.6
168904.792,40.0,2741.2,2659.8,2238.0
168904.832,40.0,2652.8,2761.8,2307.4
168904.872,40.0,2544.8,2828.4,2386.2
168904.912,40.0,2462.6,2854.4,2465.6
168904.952,40.0,2437.2,2849.8,2483.4
168904.992,40.0,2494.4,2842.2,2429.0
168905.032,40.0,2587.8,2805.8,2346.0
168905.072,40.0,2700.8,2717.8,2266.4
168905.112,40.0,2776.8,2591.8,2201.4
168905.152,40.0,2802.6,2469.0,2148.8
168905.192,40.0,2769.2,2377.8,2118.2
168905.232,40.0,2704.0,2301.8,2095.0
168905.272,40.0,2639.6,2255.6,2082.8
168905.312,40.0,2596.8,2226.0,2072.4
168905.352,40.0,2587.2,2225.6,2073.6
168905.392,40.0,2611.0,2238.2,2077.2
168905.432,40.0,2650.4,2264.4,2083.2
168905.472,40.0,2706.0,2302.8,2097.8
168905.512,40.0,2760.2,2364.2,2117.0
168905.552,40.0,2795.0,2443.6,2145.8
168905.592,40.0,2794.6,2547.4,2185.0
168905.632,40.0,2734.0,2670.8,2237.4
168905.672,40.0,2642.2,2768.4,2315.6
168905.712,40.0,2541.8,2830.8,2392.2
168905.752,40.0,2459.6,2849.0,2469.2
168905.792,40.0,2451.8,2847.4,2467.4
168905.832,40.0,2518.0,2831.4,2408.6
168905.872,40.0,2616.4,2792.4,2333.0
168905.912,40.0,2722.2,2685.4,2244.6
168905.952,40.0,2792.0,2559.8,2184.8
168905.992,40.0,2794.0,2442.6,2140.6
168906.032,40.0,2753.0,2351.2,2109.2
168906.072,40.0,2684.0,2279.2,2089.8
168906.112,40.0,2616.0,2238.6,2076.6
168906.152,40.0,2582.2,2222.4,2070.0
168906.192,40.0,2587.4,2227.2,2078.2
168906.339,147.0,2759.2,2358.8,2112.0
168906.379,40.0,2796.2,2440.8,2143.8
168906.419,40.0,2794.2,2541.6,2178.4
168906.459,40.0,2741.2,2656.4,2235.0
168906.499,40.0,2641.4,2768.2,2306.6
168906.539,40.0,2544.2,2832.4,2388.0
168906.579,40.0,2451.0,2852.6,2471.6
168906.619,40.0,2434.8,2845.0,2493.4
168906.659,40.0,2491.0,2845.2,2432.4
168906.699,40.0,2590.0,2805.0,2348.4
168906.739,40.0,2703.4,2706.8,2262.0
168906.779,40.0,2784.0,2582.0,2195.2
168906.819,40.0,2801.8,2451.2,2144.2
168906.859,40.0,2755.4,2355.0,2112.0
168906.899,40.0,2689.2,2288.8,2088.6
168906.939,40.0,2618.6,2248.4,2075.6
168906.979,40.0,2581.0,2224.4,2071.0
168907.019,40.0,2579.8,2220.0,2068.6
168907.059,40.0,2604.0,2233.2,2075.8
168907.099,40.0,2645.8,2261.0,2082.2
168907.139,40.0,2707.4,2304.4,2097.2
168907.179,40.0,2758.6,2364.8,2115.2
168907.219,40.0,2800.0,2451.8,2145.0
168907.259,40.0,2789.2,2560.0,2189.2
168907.299,40.0,2726.8,2680.8,2249.4
168907.339,40.0,2625.8,2785.2,2327.4
168907.379,40.0,2511.4,2842.2,2415.4
168907.419,40.0,2419.2,2846.8,2499.8
168907.459,40.0,2408.8,2845.6,2510.4
168907.499,40.0,2463.2,2852.4,2454.8
168907.539,40.0,2565.8,2818.8,2370.0
168907.579,40.0,2679.4,2735.2,2285.4
168907.619,40.0,2771.8,2613.8,2210.4
168907.659,40.0,2802.6,2486.4,2159.6
168907.699,40.0,2773.0,2385.6,2123.6
168907.739,40.0,2716.4,2310.0,2094.0
168907.779,40.0,2650.4,2260.2,2085.0
168907.819,40.0,2607.0,2234.6,2075.2
168907.859,40.0,2594.0,2226.6,2069.6
168907.899,40.0,2622.0,2243.6,2073.4
168907.939,40.0,2660.4,2268.6,2086.2
168907.979,40.0,2721.0,2319.2,2097.6
168908.019,40.0,2770.0,2383.2,2119.8
168908.059,40.0,2801.6,2471.2,2152.6
168908.099,40.0,2780.2,2589.2,2200.0
168908.139,40.0,2705.0,2711.4,2265.8
168908.179,40.0,2596.0,2802.6,2347.0
168908.219,40.0,2488.0,2852.2,2437.4
168908.259,40.0,2407.2,2841.6,2518.2
168908.299,40.0,2421.4,2848.0,2500.6
168908.339,40.0,2496.2,2845.8,2425.4
168908.379,40.0,2615.6,2791.4,2329.8
168908.419,40.0,2736.8,2672.4,2240.0
168908.459,40.0,2800.8,2525.6,2173.6
168908.499,40.0,2790.6,2408.8,2127.2
168908.539,40.0,2727.0,2319.0,2098.8
168908.579,40.0,2644.6,2263.4,2083.8
168908.619,40.0,2588.4,2226.4,2071.8
168908.659,40.0,2561.4,2218.8,2066.4
168908.699,40.0,2593.2,2225.0,2073.0
168908.739,40.0,2644.0,2259.4,2082.0
168908.779,40.0,2707.8,2299.4,2094.6
168908.819,40.0,2769.2,2378.2,2117.6
168908.859,40.0,2800.8,2473.4,2154.0
168908.899,40.0,2774.8,2607.6,2211.8
168908.939,40.0,2681.8,2734.4,2282.6
168908.979,40.0,2558.6,2821.0,2377.6
168909.019,40.0,2441.6,2848.4,2485.4
168909.059,40.0,2385.8,2835.2,2532.0
168909.099,40.0,2423.4,2847.4,2496.4
168909.139,40.0,2508.8,2841.4,2417.4
168909.179,40.0,2626.0,2778.8,2321.0
168909.219,40.0,2744.4,2663.4,2234.8
168909.259,40.0,2795.4,2526.6,2174.6
168909.299,40.0,2794.6,2414.2,2129.4
168909.339,40.0,2737.0,2332.2,2104.4
168909.379,40.0,2669.0,2277.8,2086.4
168909.419,40.0,2614.0,2236.2,2076.2
168909.459,40.0,2594.0,2222.6,2073.8
168909.499,40.0,2602.2,2236.8,2074.4
168909.539,40.0,2650.6,2261.4,2081.2
168909.579,40.0,2700.6,2301.0,2094.6
168909.619,40.0,2754.0,2368.8,2117.2
168909.659,40.0,2796.8,2450.0,2144.2
168909.699,40.0,2793.2,2569.6,2188.2
168909.739,40.0,2717.6,2693.2,2255.2
168909.779,40.0,2607.6,2797.4,2341.2
168909.819,40.0,2492.6,2849.6,2429.8
168909.859,40.0,2405.0,2841.6,2520.6
168909.899,40.0,2402.2,2839.4,2519.8
168909.939,40.0,2461.4,2844.6,2454.4
168909.979,40.0,2572.2,2815.6,2365.0
168910.019,40.0,2689.6,2721.6,2267.4
168910.059,40.0,2777.8,2591.0,2192.6
168910.099,40.0,2802.6,2457.8,2144.2
168910.139,40.0,2753.4,2356.2,2113.4
168910.179,40.0,2682.2,2289.8,2089.6
168910.219,40.0,2608.4,2240.6,2076.8
168910.259,40.0,2569.4,2214.6,2070.0
168910.299,40.0,2580.8,2224.0,2073.6
168910.339,40.0,2615.8,2241.8,2077.6
168910.379,40.0,2674.8,2281.0,2085.8
168910.419,40.0,2734.0,2331.2,2106.6
168910.459,40.0,2788.4,2411.0,2131.2
168910.499,40.0,2802.4,2510.8,2165.6
168910.539,40.0,2752.6,2635.6,2221.6
168910.579,40.0,2663.2,2751.8,2294.8
168910.619,40.0,2546.6,2827.4,2383.2
168910.659,40.0,2446.0,2857.0,2482.4
168910.699,40.0,2377.4,2834.8,2547.0
168910.739,40.0,2398.8,2845.4,2525.4
168910.779,40.0,2471.2,2844.8,2454.6
168910.819,40.0,2578.2,2814.4,2355.4
168910.859,40.0,2697.4,2715.8,2267.4
168910.899,40.0,2780.0,2583.2,2194.2
168910.939,40.0,2796.6,2458.4,2147.4
168910.979,40.0,2760.2,2362.6,2114.2
168911.019,40.0,2695.8,2297.0,2089.0
168911.059,40.0,2622.8,2242.8,2080.8
168911.099,40.0,2581.2,2221.0,2069.4
168911.139,40.0,2575.2,2219.6,2072.6
168911.179,40.0,2600.6,2232.8,2070.4
168911.219,40.0,2652.6,2262.6,2083.6
168911.259,40.0,2715.4,2312.0,2098.8
168911.299,40.0,2776.6,2387.0,2119.0
168911.339,40.0,2799.6,2480.6,2160.6
168911.379,40.0,2771.4,2604.6,2207.2
168911.419,40.0,2684.0,2730.0,2280.8
168911.459,40.0,2571.0,2816.0,2364.6
168911.499,40.0,2459.6,2852.0,2463.2
168911.539,40.0,2386.8,2840.0,2537.0
168911.579,40.0,2397.2,2845.6,2522.0
168911.619,40.0,2474.0,2846.8,2448.2
168911.659,40.0,2591.0,2812.6,2349.6
168911.699,40.0,2706.6,2702.2,2258.0
168911.739,40.0,2787.6,2568.8,2186.4
168911.779,40.0,2797.2,2436.6,2141.2
168911.819,40.0,2751.6,2349.0,2108.8
168911.859,40.0,2673.8,2281.8,2089.2
168911.899,40.0,2613.0,2238.4,2075.6
168911.939,40.0,2573.4,2218.2,2068.2
168911.979,40.0,2583.2,2221.6,2075.0
168912.019,40.0,2616.8,2245.4,2075.6
168912.059,40.0,2670.4,2277.6,2086.6
168912.099,40.0,2730.4,2330.6,2101.2
168912.139,40.0,2784.8,2401.4,2125.0
168912.179,40.0,2801.8,2504.4,2168.6
168912.219,40.0,2760.8,2627.8,2221.0
168912.259,40.0,2665.6,2743.8,2292.4
168912.299,40.0,2547.4,2829.0,2387.0
168912.339,40.0,2443.8,2855.0,2481.8
168912.379,40.0,2380.2,2834.4,2541.0
168912.419,40.0,2411.0,2850.6,2514.4
168912.459,40.0,2488.6,2842.0,2434.0
168912.499,40.0,2610.8,2796.6,2333.2
168912.539,40.0,2724.0,2676.0,2242.4
168912.579,40.0,2792.4,2539.2,2177.8
168912.619,40.0,2789.0,2420.4,2135.2
168912.659,40.0,2739.6,2331.8,2101.0
168912.699,40.0,2656.0,2266.0,2082.0
168912.739,40.0,2594.6,2229.8,2072.6
168912.779,40.0,2569.2,2215.0,2070.0
168912.819,40.0,2579.6,2221.0,2071.4
168912.859,40.0,2623.6,2242.0,2074.4
168912.899,40.0,2670.6,2277.6,2086.4
168912.939,40.0,2737.0,2333.6,2107.2
168912.979,40.0,2788.0,2409.4,2130.0
168913.019,40.0,2801.2,2518.0,2172.2
168913.059,40.0,2752.4,2645.6,2230.4
168913.099,40.0,2651.2,2763.4,2307.2
168913.139,40.0,2529.4,2841.6,2404.2
168913.179,40.0,2423.2,2854.8,2503.6
168913.219,40.0,2364.8,2829.2,2565.2
168913.259,40.0,2399.6,2845.6,2530.0
168913.299,40.0,2480.8,2845.2,2441.4
168913.339,40.0,2601.8,2801.8,2335.2
168913.379,40.0,2730.2,2677.2,2246.8
168913.419,40.0,2797.2,2540.8,2181.0
168913.459,40.0,2789.6,2425.0,2133.0
168913.499,40.0,2740.2,2332.0,2101.8
168913.539,40.0,2661.8,2269.0,2086.6
168913.579,40.0,2605.4,2236.6,2073.2
168913.619,40.0,2579.8,2220.6,2071.0
168913.659,40.0,2598.6,2232.4,2070.0
168913.699,40.0,2631.0,2250.0,2078.6
168913.739,40.0,2676.8,2277.8,2092.4
168913.779,40.0,2734.6,2330.8,2105.6
168913.819,40.0,2786.4,2406.0,2129.4
168913.859,40.0,2801.2,2509.6,2166.6
168913.899,40.0,2757.4,2633.8,2224.6
168913.939,40.0,2658.6,2753.2,2294.2
168913.979,40.0,2541.0,2830.0,2395.6
168914.019,40.0,2432.2,2853.2,2497.4
168914.059,40.0,2376.2,2830.8,2547.8
168914.099,40.0,2410.2,2849.8,2513.0
168914.139,40.0,2497.2,2840.8,2430.6
168914.179,40.0,2616.0,2788.8,2328.6
168914.219,40.0,2729.8,2681.2,2239.8
168914.259,40.0,2793.8,2547.4,2182.4
168914.299,40.0,2792.2,2430.0,2133.0
168914.339,40.0,2742.6,2338.6,2107.0
168914.379,40.0,2673.2,2280.8,2086.2
168914.419,40.0,2618.8,2242.2,2075.0
168914.459,40.0,2593.6,2226.4,2068.0
168914.499,40.0,2606.2,2231.2,2074.4
168914.539,40.0,2633.0,2252.2,2079.0
168914.579,40.0,2680.6,2284.4,2089.2
168914.619,40.0,2738.6,2337.6,2106.6
168914.659,40.0,2790.2,2412.8,2130.2
168914.699,40.0,2801.8,2514.4,2165.8
168914.739,40.0,2762.8,2634.0,2223.8
168914.779,40.0,2664.2,2748.0,2296.0
168914.819,40.0,2549.2,2828.0,2389.4
168914.859,40.0,2447.4,2855.0,2480.8
168914.899,40.0,2378.6,2836.4,2542.6
168914.939,40.0,2402.2,2848.6,2518.0
168914.979,40.0,2479.4,2848.4,2442.6
168915.025,46.0,2609.0,2796.8,2336.4
168915.065,40.0,2714.6,2697.8,2255.8
168915.105,40.0,2785.6,2581.4,2189.4
168915.145,40.0,2795.6,2461.2,2143.2
168915.185,40.0,2767.4,2373.0,2116.8
168915.225,40.0,2709.8,2307.0,2092.8
168915.265,40.0,2648.2,2264.0,2084.8
168915.305,40.0,2604.0,2240.6,2072.8
168915.345,40.0,2582.8,2224.0,2072.4
168915.385,40.0,2587.2,2227.4,2068.4
168915.425,40.0,2610.2,2237.6,2078.6
168915.465,40.0,2629.2,2246.4,2078.8
168915.505,40.0,2642.8,2257.8,2081.2
168915.545,40.0,2653.4,2264.8,2082.2
168915.585,40.0,2654.8,2268.2,2081.8
168915.625,40.0,2662.4,2267.6,2089.6
168915.665,40.0,2671.6,2275.0,2091.8
168915.705,40.0,2677.8,2285.4,2089.6
168915.745,40.0,2684.4,2290.8,2087.4
168915.785,40.0,2683.2,2285.2,2087.4
168915.825,40.0,2699.0,2296.8,2095.8
168915.865,40.0,2702.6,2307.6,2097.2
168915.905,40.0,2712.2,2310.0,2096.4
168915.945,40.0,2714.8,2319.8,2100.6
168915.985,40.0,2736.8,2333.8,2105.4
168916.025,40.0,2754.2,2355.6,2110.2
168916.065,40.0,2775.8,2388.0,2126.2
168916.105,40.0,2793.6,2430.0,2139.0
168916.145,40.0,2805.2,2491.0,2160.0
168916.185,40.0,2786.0,2566.2,2194.2
168916.225,40.0,2743.2,2654.2,2233.0
168916.265,40.0,2675.4,2739.4,2291.0
168916.305,40.0,2589.6,2805.2,2350.6
168916.345,40.0,2509.2,2843.6,2418.8
168916.385,40.0,2445.6,2848.4,2481.6
168916.425,40.0,2440.6,2851.2,2475.4
168916.465,40.0,2496.0,2847.4,2428.8
168916.505,40.0,2581.6,2813.0,2355.8
168916.545,40.0,2683.4,2733.2,2280.2
168916.585,40.0,2766.2,2616.6,2212.8
168916.625,40.0,2802.2,2505.4,2160.0
168916.665,40.0,2783.8,2401.6,2124.2
168916.705,40.0,2735.6,2327.2,2103.4
168916.745,40.0,2664.4,2279.6,2085.8
168916.785,40.0,2617.0,2240.4,2074.4
168916.825,40.0,2596.6,2229.4,2068.6
168916.865,40.0,2604.4,2235.0,2071.6
168916.905,40.0,2633.6,2254.4,2081.6
168916.945,40.0,2681.0,2285.4,2086.6
168916.985,40.0,2734.2,2328.4,2106.0
168917.025,40.0,2783.0,2398.0,2128.6
168917.065,40.0,2797.0,2500.2,2162.8
168917.105,40.0,2766.6,2618.0,2213.6
168917.145,40.0,2677.8,2739.6,2284.6
168917.185,40.0,2567.8,2818.4,2370.0
168917.225,40.0,2461.8,2854.6,2463.8
168917.265,40.0,2386.2,2834.2,2532.2
168917.305,40.0,2398.0,2842.2,2524.0
168917.345,40.0,2469.8,2848.4,2455.0
168917.385,40.0,2570.4,2819.0,2367.6
168917.425,40.0,2688.0,2729.8,2279.6
168917.465,40.0,2773.8,2602.4,2201.8
168917.505,40.0,2800.2,2485.0,2155.8
168917.545,40.0,2773.6,2383.2,2118.4
168917.585,40.0,2717.2,2311.0,2097.8
168917.625,40.0,2650.2,2259.2,2082.4
168917.665,40.0,2596.6,2230.8,2071.4
168917.705,40.0,2577.2,2218.8,2070.0
168917.745,40.0,2594.0,2226.2,2071.4
168917.785,40.0,2636.2,2253.4,2079.2
168917.825,40.0,2691.2,2288.4,2090.4
168917.865,40.0,2745.0,2344.4,2103.8
168917.905,40.0,2791.6,2415.8,2134.2
168917.945,40.0,2801.4,2514.2,2171.0
168917.985,40.0,2761.8,2615.4,2222.4
168918.025,40.0,2685.8,2731.6,2279.6
168918.065,40.0,2586.6,2812.2,2357.4
168918.105,40.0,2490.6,2848.4,2434.0
168918.145,40.0,2429.0,2852.6,2494.6
168918.185,40.0,2426.4,2847.0,2494.2
168918.225,40.0,2481.2,2853.2,2442.6
168918.265,40.0,2552.0,2823.6,2376.6
168918.305,40.0,2645.2,2764.4,2308.0
168918.345,40.0,2727.8,2682.8,2242.8
168918.385,40.0,2788.6,2578.8,2192.0
168918.425,40.0,2801.4,2474.4,2152.4
168918.465,40.0,2777.8,2387.6,2121.6
168918.505,40.0,2734.2,2327.6,2102.8
168918.545,40.0,2676.0,2281.2,2086.2
168918.585,40.0,2634.6,2249.4,2081.0
168918.625,40.0,2600.2,2237.6,2077.8
168918.665,40.0,2599.2,2233.0,2073.4
168918.705,40.0,2610.0,2240.6,2074.0
168918.745,40.0,2630.6,2247.2,2079.4
168918.785,40.0,2636.8,2257.0,2078.6
168918.825,40.0,2641.4,2264.4,2080.4
168918.865,40.0,2646.8,2260.6,2081.4
168918.905,40.0,2658.4,2266.6,2085.0
168918.945,40.0,2670.6,2274.8,2085.4
168918.985,40.0,2668.0,2278.4,2086.4
168919.025,40.0,2680.8,2284.8,2088.0
168919.065,40.0,2686.2,2289.8,2090.6
168919.105,40.0,2693.8,2293.8,2091.0
168919.145,40.0,2703.4,2301.8,2094.8
168919.185,40.0,2710.6,2309.8,2099.4
168919.225,40.0,2719.2,2319.4,2099.4
168919.265,40.0,2727.4,2322.6,2106.2
168919.305,40.0,2735.6,2329.8,2102.8
168919.345,40.0,2739.6,2337.0,2106.6
168919.385,40.0,2748.0,2344.0,2105.2
168919.425,40.0,2756.4,2351.2,2111.6
168919.465,40.0,2760.2,2370.6,2115.2
168919.505,40.0,2774.0,2382.2,2119.6
168919.545,40.0,2789.2,2403.4,2130.6
168919.585,40.0,2795.2,2432.8,2139.4
168919.625,40.0,2798.8,2462.6,2150.8
168919.665,40.0,2804.6,2500.0,2165.8
168919.705,40.0,2796.0,2540.0,2182.0
168919.745,40.0,2781.0,2589.0,2205.2
168919.785,40.0,2758.8,2637.0,2222.0
168919.825,40.0,2728.0,2675.8,2249.8
168919.865,40.0,2701.6,2715.8,2271.6
168919.905,40.0,2672.8,2742.4,2288.6
168919.945,40.0,2656.0,2758.0,2303.6
168919.985,40.0,2651.6,2762.0,2303.8
168920.025,40.0,2646.8,2763.8,2303.6
168920.065,40.0,2647.8,2767.0,2306.0
168920.105,40.0,2642.6,2768.2,2309.6
168920.145,40.0,2658.2,2759.2,2301.0
168920.185,40.0,2683.8,2734.8,2279.6
168920.225,40.0,2724.8,2688.4,2244.8
168920.265,40.0,2763.6,2622.0,2215.0
168920.305,40.0,2800.0,2544.6,2182.6
168920.345,40.0,2800.2,2465.4,2150.2
168920.385,40.0,2777.8,2396.6,2125.4
168920.425,40.0,2738.4,2338.4,2104.4
168920.465,40.0,2689.2,2289.4,2091.0
168920.505,40.0,2651.8,2262.0,2083.0
168920.545,40.0,2622.0,2246.8,2078.2
168920.585,40.0,2621.0,2246.4,2077.0
168920.625,40.0,2640.2,2256.6,2081.0
168920.665,40.0,2668.6,2273.2,2085.6
168920.705,40.0,2701.2,2302.2,2095.8
168920.745,40.0,2748.0,2346.2,2108.4
168920.785,40.0,2782.8,2411.0,2129.6
168920.825,40.0,2801.2,2501.6,2160.0
168920.865,40.0,2770.8,2615.4,2213.0
168920.905,40.0,2684.8,2733.2,2283.4
168920.945,40.0,2573.6,2819.4,2371.4
168920.985,40.0,2449.6,2852.4,2472.4
168921.025,40.0,2368.6,2831.4,2556.0
168921.065,40.0,2381.6,2837.4,2547.4
168921.105,40.0,2453.2,2849.8,2472.4
168921.145,40.0,2562.8,2819.0,2369.8
168921.185,40.0,2688.4,2722.8,2272.8
168921.225,40.0,2781.2,2594.8,2198.6
168921.265,40.0,2802.0,2462.4,2147.0
168921.305,40.0,2760.2,2359.8,2113.8
168921.345,40.0,2690.2,2289.4,2091.2
168921.385,40.0,2615.2,2241.6,2078.2
168921.425,40.0,2577.4,2217.4,2069.2
168921.465,40.0,2578.2,2220.2,2068.4
168921.505,40.0,2620.2,2239.6,2076.4
168921.545,40.0,2676.8,2278.2,2089.2
168921.585,40.0,2744.2,2341.8,2107.8
168921.625,40.0,2798.6,2439.2,2147.8
168921.665,40.0,2793.4,2561.2,2186.4
168921.705,40.0,2706.0,2702.8,2263.0
168921.745,40.0,2587.0,2810.2,2358.8
168921.785,40.0,2457.4,2855.0,2468.4
168921.825,40.0,2368.0,2830.4,2553.8
168921.865,40.0,2373.6,2838.2,2553.2
168921.905,40.0,2444.0,2850.2,2479.6
168921.945,40.0,2548.4,2825.8,2383.0
168921.985,40.0,2674.2,2740.0,2281.0
168922.025,40.0,2772.6,2611.2,2208.8
168922.065,40.0,2801.2,2474.0,2151.0
168922.105,40.0,2765.2,2367.2,2115.0
168922.145,40.0,2691.0,2295.4,2099.4
168922.185,40.0,2615.4,2243.2,2073.8
168922.225,40.0,2569.6,2215.0,2068.2
168922.265,40.0,2575.6,2218.2,2072.2
168922.305,40.0,2605.8,2237.0,2074.0
168922.345,40.0,2654.2,2263.0,2082.2
168922.385,40.0,2715.4,2312.8,2096.6
168922.425,40.0,2775.6,2382.4,2118.8
168922.465,40.0,2804.8,2482.4,2155.6
168922.505,40.0,2773.4,2606.4,2210.4
168922.545,40.0,2683.6,2733.2,2282.2
168922.585,40.0,2564.8,2823.2,2375.2
168922.625,40.0,2452.4,2852.6,2473.2
168922.665,40.0,2389.6,2836.8,2531.6
168922.705,40.0,2416.0,2852.6,2507.4
168922.745,40.0,2498.0,2845.6,2427.8
168922.785,40.0,2607.8,2792.6,2330.6
168922.825,40.0,2729.4,2681.4,2246.0
168922.865,40.0,2791.2,2552.4,2181.0
168922.905,40.0,2801.2,2428.2,2138.2
168922.945,40.0,2742.8,2344.6,2108.8
168922.985,40.0,2676.6,2276.4,2086.8
168923.025,40.0,2616.4,2239.8,2075.6
168923.065,40.0,2579.6,2222.2,2074.8
168923.105,40.0,2586.6,2223.4,2072.2
168923.145,40.0,2621.8,2241.0,2074.2
168923.185,40.0,2672.4,2279.6,2085.6
168923.225,40.0,2728.6,2329.4,2103.8
168923.265,40.0,2782.8,2399.0,2128.0
168923.305,40.0,2802.0,2495.2,2166.0
168923.345,40.0,2767.4,2621.8,2215.0
168923.385,40.0,2678.4,2736.0,2286.8
168923.425,40.0,2557.0,2828.4,2380.6
168923.465,40.0,2449.4,2854.8,2477.4
168923.505,40.0,2384.0,2839.0,2538.8
168923.545,40.0,2416.4,2847.0,2509.6
168923.585,40.0,2502.6,2848.4,2422.6
168923.625,40.0,2623.6,2788.8,2326.8
168923.665,40.0,2740.0,2672.6,2238.0
168923.705,40.0,2799.8,2534.2,2175.8
168923.745,40.0,2789.8,2418.6,2130.4
168923.785,40.0,2732.4,2327.6,2103.8
168923.825,40.0,2659.8,2266.6,2082.8
168923.865,40.0,2601.6,2234.0,2074.8
168923.905,40.0,2586.6,2222.8,2071.0
168923.945,40.0,2601.4,2235.2,2074.4
168923.985,40.0,2642.2,2254.8,2083.8
168924.025,40.0,2705.6,2300.8,2097.0
168924.065,40.0,2770.0,2380.0,2117.2
168924.105,40.0,2801.2,2477.0,2153.2
168924.145,40.0,2773.2,2612.6,2213.8
168924.185,40.0,2673.8,2745.0,2289.0
168924.225,40.0,2540.4,2834.0,2397.6
168924.265,40.0,2419.0,2855.2,2511.0
168924.305,40.0,2336.0,2808.0,2598.8
168924.345,40.0,2342.0,2820.6,2594.4
168924.385,40.0,2414.6,2851.8,2512.8
168924.425,40.0,2527.0,2836.8,2398.2
168924.465,40.0,2662.6,2752.8,2289.0
168924.505,40.0,2773.2,2615.0,2212.8
168924.545,40.0,2799.8,2478.4,2147.2
168924.585,40.0,2766.6,2365.4,2117.0
168924.625,40.0,2693.0,2294.8,2089.2
168924.665,40.0,2626.4,2246.6,2080.2
168924.705,40.0,2598.0,2229.6,2074.2
168924.745,40.0,2607.4,2239.6,2072.8
168924.785,40.0,2658.6,2266.6,2083.2
168924.825,40.0,2717.4,2313.2,2097.4
168924.865,40.0,2781.6,2398.0,2125.0
168924.905,40.0,2799.4,2503.0,2165.6
168924.945,40.0,2754.4,2640.6,2226.6
168924.985,40.0,2639.8,2775.6,2313.2
168925.025,40.0,2493.8,2851.4,2431.4
168925.065,40.0,2374.8,2838.0,2553.0
168925.105,40.0,2313.4,2799.2,2627.8
168925.145,40.0,2343.0,2825.2,2593.2
168925.185,40.0,2426.8,2853.2,2499.0
168925.225,40.0,2560.0,2824.2,2375.2
168925.265,40.0,2693.0,2725.2,2271.2
168925.305,40.0,2788.6,2580.2,2194.6
168925.345,40.0,2798.0,2443.4,2141.8
168925.385,40.0,2742.8,2341.4,2106.2
168925.425,40.0,2669.0,2270.2,2089.0
168925.465,40.0,2599.4,2231.4,2071.0
168925.505,40.0,2577.0,2218.4,2068.2
168925.545,40.0,2600.4,2230.8,2072.4
168925.585,40.0,2656.8,2267.4,2086.6
168925.625,40.0,2723.2,2322.4,2099.0
168925.665,40.0,2782.0,2398.8,2123.2
168925.705,40.0,2801.2,2504.2,2165.8
168925.745,40.0,2755.4,2636.4,2225.6
168925.785,40.0,2657.2,2759.8,2301.0
168925.825,40.0,2529.6,2839.2,2403.2
168925.865,40.0,2410.6,2849.6,2513.4
168925.905,40.0,2345.0,2823.0,2581.0
168925.945,40.0,2370.6,2832.4,2560.4
168925.985,40.0,2449.8,2854.4,2466.8
168926.025,40.0,2564.4,2818.6,2363.6
168926.065,40.0,2702.2,2721.8,2269.4
168926.105,40.0,2786.0,2578.8,2197.0
168926.145,40.0,2799.2,2448.0,2140.6
168926.185,40.0,2749.8,2352.0,2109.4
168926.225,40.0,2676.2,2276.0,2086.4
168926.265,40.0,2620.8,2241.2,2080.8
168926.305,40.0,2591.6,2227.2,2072.0
168926.345,40.0,2609.0,2239.0,2074.2
168926.385,40.0,2652.0,2262.2,2083.6
168926.425,40.0,2702.2,2304.4,2093.8
168926.465,40.0,2762.4,2358.0,2116.2
168926.505,40.0,2798.6,2443.4,2141.8
168926.545,40.0,2793.2,2552.2,2186.0
168926.585,40.0,2730.2,2681.0,2248.6
168926.625,40.0,2615.8,2789.4,2326.8
168926.665,40.0,2500.2,2849.2,2430.4
168926.705,40.0,2394.8,2851.2,2526.0
168926.745,40.0,2357.4,2822.6,2580.0
168926.785,40.0,2394.2,2845.6,2537.4
168926.825,40.0,2470.8,2851.4,2451.4
168926.865,40.0,2587.8,2813.4,2354.4
168926.905,40.0,2697.8,2713.0,2266.0
168926.945,40.0,2780.4,2592.8,2198.2
168926.985,40.0,2803.4,2476.4,2152.2
168927.025,40.0,2776.8,2380.4,2119.6
168927.065,40.0,2723.8,2315.0,2099.0
168927.105,40.0,2679.0,2278.6,2087.4
168927.145,40.0,2677.6,2278.2,2090.0
168927.185,40.0,2705.4,2301.2,2093.8
168927.225,40.0,2736.0,2333.6,2105.4
168927.265,40.0,2777.4,2384.6,2124.6
168927.305,40.0,2801.6,2456.4,2147.0
168927.345,40.0,2794.2,2562.8,2187.6
168927.385,40.0,2729.6,2673.2,2247.4
168927.425,40.0,2633.4,2779.6,2321.2
168927.465,40.0,2524.4,2844.0,2411.8
168927.505,40.0,2423.6,2853.0,2499.8
168927.545,40.0,2398.4,2843.4,2527.8
168927.585,40.0,2454.0,2855.2,2475.6
168927.625,40.0,2554.6,2826.4,2380.0
168927.665,40.0,2682.4,2737.2,2285.4
168927.705,40.0,2775.0,2604.0,2205.2
168927.745,40.0,2801.0,2469.0,2149.8
168927.785,40.0,2762.2,2370.2,2113.2
168927.825,40.0,2697.8,2296.2,2094.0
168927.865,40.0,2633.4,2255.2,2076.2
168927.905,40.0,2601.6,2232.8,2074.2
168927.945,40.0,2618.2,2240.0,2076.4
168927.985,40.0,2650.4,2262.6,2083.6
168928.025,40.0,2690.2,2288.6,2088.4
168928.065,40.0,2742.2,2340.2,2104.4
168928.105,40.0,2783.6,2403.4,2128.6
168928.145,40.0,2803.8,2500.0,2166.4
168928.185,40.0,2765.0,2620.0,2211.6
168928.225,40.0,2679.6,2737.4,2286.2
168928.265,40.0,2554.2,2827.6,2379.4
168928.305,40.0,2441.0,2853.4,2482.4
168928.345,40.0,2368.8,2830.4,2559.0
168928.385,40.0,2381.0,2844.0,2543.0
168928.425,40.0,2464.2,2856.0,2459.8
168928.465,40.0,2570.0,2821.8,2365.0
168928.505,40.0,2688.2,2724.0,2272.6
168928.545,40.0,2777.4,2596.4,2203.0
168928.585,40.0,2801.8,2474.8,2154.0
168928.625,40.0,2774.2,2378.2,2120.0
168928.665,40.0,2711.8,2312.6,2095.0
168928.705,40.0,2652.0,2258.0,2082.4
168928.745,40.0,2616.6,2238.8,2072.2
168928.785,40.0,2617.2,2241.6,2079.4
168928.825,40.0,2648.6,2260.8,2080.6
168928.865,40.0,2704.6,2297.2,2095.4
168928.905,40.0,2758.0,2356.8,2110.8
168928.945,40.0,2797.0,2444.8,2141.8
168928.985,40.0,2788.4,2560.4,2191.2
168929.025,40.0,2712.8,2707.8,2262.8
168929.065,40.0,2581.0,2814.0,2360.4
168929.105,40.0,2450.4,2853.4,2479.4
168929.145,40.0,2352.4,2826.0,2578.8
168929.185,40.0,2341.2,2819.4,2591.8
168929.225,40.0,2409.2,2848.0,2519.0
168929.265,40.0,2524.8,2838.6,2405.6
168929.305,40.0,2666.8,2746.4,2287.2
168929.345,40.0,2770.8,2607.2,2205.0
168929.385,40.0,2800.8,2469.8,2150.0
168929.425,40.0,2754.4,2360.2,2113.2
168929.465,40.0,2683.6,2286.0,2088.0
168929.505,40.0,2621.8,2244.2,2078.4
168929.545,40.0,2585.8,2221.8,2069.2
168929.585,40.0,2594.0,2226.6,2073.0
168929.625,40.0,2634.4,2252.4,2079.8
168929.665,40.0,2692.0,2292.4,2094.0
168929.705,40.0,2756.2,2358.6,2117.2
168929.745,40.0,2797.6,2449.4,2142.8
168929.785,40.0,2790.6,2569.2,2190.0
168929.825,40.0,2712.8,2702.2,2260.4
168929.865,40.0,2593.6,2803.0,2350.6
168929.905,40.0,2469.8,2855.6,2454.2
168929.945,40.0,2383.8,2839.4,2540.6
168929.985,40.0,2378.8,2836.4,2548.4
168930.025,40.0,2449.8,2847.8,2471.2
168930.065,40.0,2560.4,2823.4,2371.0
168930.105,40.0,2684.6,2728.2,2276.4
168930.145,40.0,2776.0,2597.0,2200.6
168930.185,40.0,2804.0,2464.0,2148.0
168930.225,40.0,2762.8,2365.8,2115.0
168930.265,40.0,2695.0,2295.2,2088.4
168930.305,40.0,2627.0,2243.8,2077.8
168930.345,40.0,2597.0,2227.2,2073.8
168930.385,40.0,2608.4,2231.6,2073.2
168930.425,40.0,2645.4,2253.6,2081.2
168930.465,40.0,2694.4,2293.6,2091.4
168930.505,40.0,2760.0,2351.6,2110.0
168930.545,40.0,2793.2,2436.6,2141.6
168930.585,40.0,2794.0,2550.4,2182.0
168930.625,40.0,2736.0,2675.6,2249.4
168930.665,40.0,2624.8,2788.4,2326.8
168930.705,40.0,2501.2,2846.0,2424.0
168930.745,40.0,2396.2,2848.6,2525.2
168930.785,40.0,2351.0,2816.6,2581.0
168930.825,40.0,2391.0,2843.0,2538.6
168930.865,40.0,2483.2,2849.8,2446.0
168930.905,40.0,2608.2,2794.0,2332.4
168930.945,40.0,2732.0,2679.2,2245.4
168930.985,40.0,2797.6,2535.4,2173.2
168931.025,40.0,2791.4,2412.8,2129.2
168931.065,40.0,2727.6,2328.2,2101.4
168931.105,40.0,2651.2,2257.0,2082.4
168931.145,40.0,2595.4,2228.4,2072.0
168931.185,40.0,2577.8,2220.0,2068.8
168931.225,40.0,2608.6,2238.4,2076.8
168931.265,40.0,2651.8,2262.0,2084.4
168931.305,40.0,2713.8,2306.2,2097.6
168931.345,40.0,2767.8,2377.0,2116.0
168931.385,40.0,2799.2,2468.6,2148.6
168931.425,40.0,2781.0,2584.2,2195.2
168931.465,40.0,2706.4,2701.8,2264.4
168931.505,40.0,2598.6,2804.6,2341.2
168931.545,40.0,2490.8,2851.4,2442.0
168931.585,40.0,2399.2,2847.4,2523.6
168931.625,40.0,2389.6,2839.6,2532.8
168931.665,40.0,2458.4,2855.8,2466.8
168931.705,40.0,2569.8,2822.2,2370.0
168931.745,40.0,2693.6,2724.4,2271.6
168931.785,40.0,2782.4,2591.2,2196.6
168931.825,40.0,2806.0,2459.2,2146.0
168931.865,40.0,2753.0,2355.6,2105.6
168931.905,40.0,2681.8,2285.0,2088.6
168931.945,40.0,2607.8,2233.2,2073.6
168931.985,40.0,2569.6,2215.6,2072.4
168932.025,40.0,2579.6,2225.6,2073.4
168932.065,40.0,2615.6,2243.0,2074.2
168932.105,40.0,2672.4,2275.2,2084.6
168932.145,40.0,2741.8,2338.0,2106.8
168932.185,40.0,2796.6,2427.8,2139.4
168932.225,40.0,2795.2,2556.4,2185.6
168932.265,40.0,2715.2,2694.6,2255.0
168932.305,40.0,2591.0,2811.0,2352.6
168932.345,40.0,2447.8,2857.6,2473.0
168932.385,40.0,2343.8,2820.4,2592.2
168932.425,40.0,2304.0,2786.8,2635.2
168932.465,40.0,2350.8,2828.4,2586.6
168932.505,40.0,2438.6,2848.6,2482.4
168932.545,40.0,2572.8,2814.6,2362.6
168932.585,40.0,2707.4,2704.0,2258.6
168932.625,40.0,2787.8,2560.2,2187.4
168932.665,40.0,2795.4,2433.4,2137.8
168932.705,40.0,2740.0,2335.4,2103.6
168932.745,40.0,2665.6,2277.0,2084.0
168932.785,40.0,2617.0,2243.6,2077.6
168932.825,40.0,2611.4,2233.4,2071.6
168932.865,40.0,2640.6,2258.4,2083.0
168932.905,40.0,2693.8,2296.6,2093.6
168932.945,40.0,2759.6,2353.2,2111.4
168932.985,40.0,2796.8,2452.2,2144.4
168933.025,40.0,2782.4,2581.6,2192.6
168933.065,40.0,2686.2,2724.4,2276.4
168933.105,40.0,2542.8,2824.4,2384.2
168933.145,40.0,2411.8,2851.2,2514.0
168933.185,40.0,2312.4,2795.4,2627.4
168933.225,40.0,2297.4,2781.0,2645.2
168933.265,40.0,2346.8,2827.2,2589.4
168933.305,40.0,2444.8,2849.8,2477.8
168933.345,40.0,2579.4,2809.6,2355.4
168933.385,40.0,2707.6,2700.0,2264.6
168933.425,40.0,2794.2,2562.0,2185.6
168933.465,40.0,2792.8,2426.4,2136.8
168933.505,40.0,2731.6,2331.0,2104.4
168933.545,40.0,2658.6,2263.6,2085.8
168933.585,40.0,2600.0,2234.0,2074.2
168933.625,40.0,2586.6,2227.2,2072.8
168933.665,40.0,2631.8,2248.4,2077.4
168933.705,40.0,2684.6,2285.6,2090.6
168933.745,40.0,2755.8,2352.4,2110.2
168933.785,40.0,2800.0,2449.0,2147.0
168933.825,40.0,2787.0,2579.4,2194.8
168933.865,40.0,2689.0,2725.2,2276.2
168933.905,40.0,2549.4,2824.8,2378.6
168933.945,40.0,2414.4,2852.0,2508.0
168933.985,40.0,2320.4,2803.8,2620.0
168934.025,40.0,2303.2,2790.6,2635.4
168934.065,40.0,2346.8,2822.8,2583.6
168934.105,40.0,2435.4,2855.4,2484.8
168934.145,40.0,2570.2,2820.2,2367.0
168934.185,40.0,2699.0,2711.6,2262.6
168934.225,40.0,2784.8,2572.2,2191.8
168934.265,40.0,2801.6,2439.8,2138.0
168934.305,40.0,2750.8,2347.0,2109.0
168934.345,40.0,2685.0,2281.2,2090.6
168934.385,40.0,2630.4,2254.6,2081.0
168934.425,40.0,2620.0,2244.0,2077.6
168934.465,40.0,2662.0,2265.6,2090.0
168934.505,40.0,2711.6,2307.2,2097.4
168934.545,40.0,2768.2,2370.2,2113.6
168934.585,40.0,2800.2,2469.8,2149.2
168934.625,40.0,2780.8,2590.2,2200.2
168934.665,40.0,2696.0,2722.6,2273.0
168934.705,40.0,2561.0,2823.2,2378.6
168934.745,40.0,2433.2,2852.2,2494.8
168934.785,40.0,2334.2,2813.8,2600.4
168934.825,40.0,2314.8,2800.8,2619.0
168934.865,40.0,2362.4,2834.8,2570.6
168934.905,40.0,2456.8,2849.8,2468.4
168934.945,40.0,2586.0,2812.4,2355.6
168934.985,40.0,2710.8,2707.4,2259.2
168935.025,40.0,2787.8,2576.8,2191.4
168935.065,40.0,2802.4,2448.4,2143.2
168935.105,40.0,2756.0,2358.0,2114.2
168935.145,40.0,2694.4,2293.6,2094.4
168935.185,40.0,2647.0,2260.0,2079.4
168935.225,40.0,2628.4,2248.4,2080.6
168935.265,40.0,2657.8,2265.6,2084.6
168935.305,40.0,2705.8,2300.4,2091.2
168935.345,40.0,2760.0,2357.8,2111.6
168935.385,40.0,2802.6,2450.4,2143.0
168935.425,40.0,2785.6,2567.4,2184.8
168935.465,40.0,2711.8,2705.4,2265.8
168935.505,40.0,2578.6,2816.0,2363.2
168935.545,40.0,2450.4,2855.0,2477.6
168935.585,40.0,2350.8,2827.8,2587.0
168935.625,40.0,2331.0,2809.0,2602.6
168935.665,40.0,2377.4,2842.8,2550.2
168935.705,40.0,2469.6,2858.4,2454.6
168935.745,40.0,2599.8,2805.4,2347.6
168935.785,40.0,2724.6,2690.4,2245.2
168935.825,40.0,2793.0,2546.6,2176.8
168935.865,40.0,2794.4,2418.0,2135.2
168935.905,40.0,2736.4,2329.2,2104.6
168935.945,40.0,2663.0,2273.4,2086.2
168935.985,40.0,2619.2,2245.0,2076.6
168936.025,40.0,2613.6,2236.4,2075.6
168936.065,40.0,2645.6,2262.2,2081.6
168936.105,40.0,2694.0,2293.8,2095.0
168936.145,40.0,2753.4,2356.8,2111.6
168936.185,40.0,2797.6,2447.0,2139.8
168936.225,40.0,2789.8,2572.8,2196.4
168936.265,40.0,2701.8,2712.2,2268.0
168936.305,40.0,2568.4,2821.0,2369.2
168936.345,40.0,2436.4,2854.2,2489.0
168936.385,40.0,2335.8,2814.4,2602.6
168936.425,40.0,2313.8,2795.2,2629.4
168936.465,40.0,2359.4,2829.2,2570.0
168936.505,40.0,2455.0,2846.4,2471.0
168936.545,40.0,2593.6,2806.0,2350.0
168936.585,40.0,2722.6,2689.0,2248.6
168936.625,40.0,2799.2,2545.0,2178.4
168936.665,40.0,2792.8,2416.8,2137.0
168936.705,40.0,2732.2,2330.2,2102.6
168936.745,40.0,2656.2,2263.6,2087.0
168936.785,40.0,2598.6,2232.8,2073.4
168936.825,40.0,2579.8,2226.6,2073.2
168936.865,40.0,2612.2,2240.2,2079.2
168936.905,40.0,2657.4,2269.4,2082.6
168936.945,40.0,2719.6,2316.6,2102.8
168936.985,40.0,2777.8,2396.2,2119.2
168937.025,40.0,2798.4,2500.0,2164.8
168937.065,40.0,2757.8,2631.2,2221.6
168937.105,40.0,2656.6,2756.4,2304.2
168937.145,40.0,2523.2,2841.6,2404.6
168937.185,40.0,2405.2,2850.0,2520.6
168937.225,40.0,2337.6,2817.2,2591.0
168937.265,40.0,2356.4,2831.6,2571.0
168937.305,40.0,2433.4,2849.0,2486.6
168937.345,40.0,2553.0,2828.8,2376.4
168937.385,40.0,2680.2,2733.2,2275.0
168937.425,40.0,2781.8,2589.8,2198.2
168937.465,40.0,2800.6,2465.4,2148.8
168937.505,40.0,2759.6,2352.2,2112.8
168937.545,40.0,2683.6,2284.6,2092.4
168937.585,40.0,2619.4,2243.6,2075.6
168937.625,40.0,2593.8,2232.4,2073.4
168937.665,40.0,2618.8,2236.2,2075.6
168937.705,40.0,2662.0,2270.4,2087.2
168937.745,40.0,2716.8,2317.4,2101.4
168937.785,40.0,2776.4,2380.8,2117.6
168937.825,40.0,2801.6,2482.6,2156.2
168937.865,40.0,2773.4,2603.8,2209.6
168937.905,40.0,2689.2,2728.6,2283.6
168937.945,40.0,2562.6,2820.8,2373.8
168937.985,40.0,2446.0,2856.4,2483.6
168938.025,40.0,2370.6,2827.8,2558.6
168938.065,40.0,2384.4,2840.2,2540.2
168938.105,40.0,2461.0,2852.8,2459.8
168938.145,40.0,2578.4,2813.8,2357.4
168938.185,40.0,2708.0,2711.0,2266.6
168938.225,40.0,2786.4,2571.8,2191.2
168938.265,40.0,2796.2,2444.8,2137.2
168938.305,40.0,2754.4,2350.8,2109.2
168938.345,40.0,2681.0,2285.2,2091.2
168938.385,40.0,2626.2,2251.6,2076.6
168938.425,40.0,2608.4,2241.6,2073.6
168938.465,40.0,2636.4,2249.6,2076.4
168938.505,40.0,2685.2,2285.8,2089.8
168938.545,40.0,2743.2,2340.6,2103.2
168938.585,40.0,2789.8,2421.6,2132.0
168938.625,40.0,2797.6,2527.6,2173.4
168938.665,40.0,2745.4,2659.2,2234.4
168938.705,40.0,2637.4,2774.6,2317.4
168938.745,40.0,2515.6,2845.4,2414.8
168938.785,40.0,2406.8,2847.6,2522.6
168938.825,40.0,2354.2,2820.0,2573.4
168938.865,40.0,2400.6,2841.4,2527.2
168938.905,40.0,2483.4,2843.2,2436.4
168938.945,40.0,2610.8,2789.8,2330.6
168938.985,40.0,2733.6,2674.0,2237.8
168939.025,40.0,2800.4,2537.2,2173.0
168939.065,40.0,2789.2,2415.8,2130.4
168939.105,40.0,2736.2,2331.2,2102.0
168939.145,40.0,2665.2,2271.4,2083.6
168939.185,40.0,2616.0,2243.2,2074.8
168939.225,40.0,2606.6,2239.8,2071.2
168939.265,40.0,2650.2,2261.4,2082.8
168939.305,40.0,2703.0,2301.4,2092.6
168939.345,40.0,2766.4,2371.2,2114.0
168939.385,40.0,2800.0,2460.0,2148.2
168939.425,40.0,2782.8,2581.6,2203.4
168939.465,40.0,2697.0,2716.8,2270.2
168939.505,40.0,2571.2,2815.4,2366.2
168939.545,40.0,2450.4,2855.8,2475.4
168939.585,40.0,2352.8,2823.4,2581.0
168939.625,40.0,2335.8,2812.8,2603.4
168939.665,40.0,2377.8,2837.0,2545.6
168939.705,40.0,2475.8,2849.0,2450.8
168939.745,40.0,2605.2,2797.4,2334.0
168939.785,40.0,2727.4,2685.4,2247.6
168939.825,40.0,2797.2,2547.0,2180.0
168939.865,40.0,2792.4,2421.4,2134.0
168939.905,40.0,2744.2,2338.2,2100.6
168939.945,40.0,2676.0,2280.4,2090.6
168939.985,40.0,2618.8,2240.6,2077.6
168940.025,40.0,2605.6,2234.0,2073.0
168940.065,40.0,2631.8,2248.2,2073.8
168940.105,40.0,2672.4,2277.6,2085.2
168940.145,40.0,2727.4,2326.0,2099.8
168940.185,40.0,2778.0,2391.6,2122.6
168940.225,40.0,2808.8,2487.2,2158.6
168940.265,40.0,2774.0,2610.6,2207.6
168940.305,40.0,2684.4,2731.0,2282.0
168940.345,40.0,2571.4,2813.6,2368.4
168940.385,40.0,2456.6,2852.0,2467.2
168940.425,40.0,2371.6,2837.6,2557.6
168940.465,40.0,2354.6,2823.6,2572.8
168940.505,40.0,2414.8,2848.0,2504.8
168940.545,40.0,2519.6,2838.6,2403.4
168940.585,40.0,2658.2,2761.2,2298.4
168940.625,40.0,2761.8,2627.4,2216.4
168940.665,40.0,2802.6,2489.4,2157.6
168940.705,40.0,2772.0,2382.0,2118.4
168940.745,40.0,2703.8,2302.4,2095.4
168940.785,40.0,2634.4,2251.6,2076.6
168940.825,40.0,2595.8,2228.4,2072.2
168940.865,40.0,2604.4,2237.6,2074.6
168940.905,40.0,2642.4,2255.8,2083.0
168940.945,40.0,2695.2,2293.4,2092.6
168940.985,40.0,2750.2,2350.0,2106.4
168941.025,40.0,2794.6,2432.8,2135.0
168941.065,40.0,2796.2,2535.2,2178.2
168941.105,40.0,2741.0,2659.2,2237.4
168941.145,40.0,2638.0,2767.0,2314.6
168941.185,40.0,2522.0,2839.2,2404.8
168941.225,40.0,2424.0,2853.0,2503.4
168941.265,40.0,2370.8,2835.0,2554.4
168941.305,40.0,2425.0,2851.8,2502.2
168941.345,40.0,2514.4,2842.2,2412.8
168941.385,40.0,2637.6,2772.2,2307.8
168941.425,40.0,2751.0,2647.8,2220.8
168941.465,40.0,2798.0,2517.0,2163.6
168941.505,40.0,2782.2,2404.6,2125.6
168941.545,40.0,2727.2,2323.8,2103.0
168941.585,40.0,2659.0,2265.6,2082.6
168941.625,40.0,2601.8,2237.8,2071.4
168941.665,40.0,2579.4,2218.0,2073.8
168941.705,40.0,2578.8,2224.6,2077.2
168941.745,40.0,2603.4,2235.6,2073.8
168941.785,40.0,2657.0,2265.4,2085.6
168941.825,40.0,2714.0,2310.4,2098.8
168941.865,40.0,2774.4,2383.6,2119.2
168941.905,40.0,2798.6,2488.4,2160.0
168941.945,40.0,2768.2,2621.4,2218.2
168941.985,40.0,2664.2,2751.2,2296.0
168942.025,40.0,2528.2,2836.6,2406.0
168942.065,40.0,2410.2,2852.2,2517.0
168942.105,40.0,2336.0,2810.6,2603.0
168942.145,40.0,2350.6,2826.2,2579.8
168942.185,40.0,2423.8,2849.4,2498.2
168942.225,40.0,2541.6,2830.8,2384.6
168942.265,40.0,2669.8,2736.8,2286.2
168942.305,40.0,2775.2,2608.2,2208.8
168942.345,40.0,2803.8,2479.0,2151.6
168942.385,40.0,2772.0,2370.6,2114.4
168942.425,40.0,2696.0,2296.8,2090.4
168942.465,40.0,2631.2,2246.0,2077.0
168942.505,40.0,2586.0,2224.6,2071.4
168942.545,40.0,2584.0,2225.4,2075.4
168942.585,40.0,2628.6,2250.8,2077.8
168942.625,40.0,2679.6,2284.6,2090.8
168942.665,40.0,2744.2,2339.6,2108.4
168942.705,40.0,2793.8,2430.6,2139.4
168942.745,40.0,2795.8,2544.0,2182.2
168942.785,40.0,2731.4,2673.6,2244.4
168942.825,40.0,2619.2,2788.6,2328.6
168942.865,40.0,2493.6,2848.2,2428.0
168942.905,40.0,2394.2,2849.2,2532.2
168942.945,40.0,2363.4,2831.0,2569.8
168942.985,40.0,2403.8,2851.8,2517.8
168943.025,40.0,2492.0,2843.2,2429.0
168943.065,40.0,2626.8,2785.8,2321.0
168943.105,40.0,2744.8,2660.2,2233.2
168943.145,40.0,2799.4,2515.4,2169.0
168943.185,40.0,2781.2,2398.2,2127.4
168943.225,40.0,2721.2,2311.4,2101.4
168943.265,40.0,2640.0,2257.6,2080.0
168943.305,40.0,2584.4,2226.4,2070.4
168943.345,40.0,2577.4,2217.4,2071.2
168943.385,40.0,2614.0,2240.6,2077.2
168943.425,40.0,2666.2,2266.4,2087.0
168943.465,40.0,2726.2,2325.6,2100.2
168943.505,40.0,2783.2,2398.6,2126.0
168943.545,40.0,2804.2,2516.2,2167.8
168943.585,40.0,2748.4,2644.4,2231.8
168943.625,40.0,2645.4,2767.2,2310.6
168943.665,40.0,2512.8,2846.6,2418.4
168943.705,40.0,2399.2,2848.8,2529.8
168943.745,40.0,2322.8,2813.2,2610.0
168943.785,40.0,2336.0,2816.0,2604.4
168943.825,40.0,2397.0,2843.4,2527.8
168943.865,40.0,2501.8,2844.2,2423.0
168943.905,40.0,2631.8,2780.4,2317.8
168943.945,40.0,2748.6,2657.2,2233.0
168943.985,40.0,2797.8,2520.2,2170.0
168944.025,40.0,2787.8,2402.4,2129.8
168944.065,40.0,2725.2,2321.0,2097.6
168944.105,40.0,2654.2,2266.0,2085.4
168944.145,40.0,2606.2,2239.6,2077.4
168944.185,40.0,2596.0,2231.8,2075.0
168944.225,40.0,2622.0,2248.0,2078.4
168944.265,40.0,2666.6,2272.8,2085.6
168944.305,40.0,2727.2,2324.0,2101.6
168944.345,40.0,2779.6,2394.0,2124.6
168944.385,40.0,2801.8,2497.6,2164.6
168944.425,40.0,2759.8,2638.2,2226.8
168944.465,40.0,2657.0,2765.0,2303.2
168944.505,40.0,2519.8,2841.0,2408.0
168944.545,40.0,2408.8,2847.6,2515.0
168944.585,40.0,2344.0,2820.8,2584.6
168944.625,40.0,2364.0,2832.8,2561.4
168944.665,40.0,2442.6,2848.4,2476.2
168944.705,40.0,2559.4,2818.4,2368.8
168944.745,40.0,2689.8,2720.4,2269.0
168944.785,40.0,2782.6,2588.0,2199.6
168944.825,40.0,2799.8,2457.8,2145.8
168944.865,40.0,2760.2,2360.4,2115.8
168944.905,40.0,2687.0,2288.0,2089.4
168944.945,40.0,2621.4,2248.8,2076.0
168944.985,40.0,2587.4,2224.0,2075.4
168945.025,40.0,2590.4,2227.2,2069.6
168945.065,40.0,2633.2,2249.6,2076.8
168945.105,40.0,2694.4,2301.2,2093.2
168945.145,40.0,2766.4,2376.2,2117.8
168945.185,40.0,2794.8,2480.2,2161.8
168945.225,40.0,2762.8,2623.6,2219.2
168945.265,40.0,2655.2,2752.6,2301.8
168945.305,40.0,2524.0,2835.4,2404.2
168945.345,40.0,2401.6,2850.8,2525.2
168945.385,40.0,2334.6,2814.0,2599.4
168945.425,40.0,2344.2,2824.6,2588.8
168945.465,40.0,2417.0,2847.6,2505.6
168945.505,40.0,2524.0,2836.4,2399.6
168945.545,40.0,2656.2,2759.4,2304.6
168945.585,40.0,2757.2,2631.4,2218.0
168945.625,40.0,2800.4,2504.4,2164.4
168945.665,40.0,2780.6,2395.2,2125.2
168945.705,40.0,2723.4,2318.2,2101.4
168945.745,40.0,2663.2,2269.4,2082.6
168945.785,40.0,2619.0,2242.0,2074.8
168945.825,40.0,2606.6,2235.0,2073.2
168945.865,40.0,2632.4,2250.6,2081.4
168945.905,40.0,2668.0,2276.6,2087.6
168945.945,40.0,2721.4,2322.4,2101.2
168945.985,40.0,2777.6,2396.4,2122.4
168946.025,40.0,2806.8,2488.4,2158.4
168946.065,40.0,2770.8,2611.8,2210.8
168946.105,40.0,2683.0,2736.4,2283.8
168946.145,40.0,2560.4,2820.8,2371.6
168946.185,40.0,2459.6,2853.0,2467.2
168946.225,40.0,2425.6,2838.8,2491.4
168946.265,40.0,2489.0,2848.2,2436.0
168946.305,40.0,2585.8,2805.6,2352.6
168946.345,40.0,2698.8,2712.4,2269.2
168946.385,40.0,2777.0,2585.2,2197.6
168946.425,40.0,2802.4,2468.6,2152.2
168946.465,40.0,2771.8,2370.2,2116.2
168946.505,40.0,2710.4,2309.4,2095.8
168946.545,40.0,2657.2,2265.8,2085.8
168946.585,40.0,2633.2,2250.0,2079.2
168946.625,40.0,2646.8,2260.6,2082.4
168946.665,40.0,2671.8,2280.6,2087.8
168946.705,40.0,2715.0,2312.6,2097.4
168946.745,40.0,2758.2,2360.2,2112.4
168946.785,40.0,2790.8,2430.8,2136.4
168946.825,40.0,2810.2,2528.0,2174.6
168946.865,40.0,2753.4,2646.6,2229.4
168946.905,40.0,2659.6,2758.2,2299.4
168946.945,40.0,2538.4,2836.0,2393.2
168946.985,40.0,2470.8,2843.8,2448.0
168947.025,40.0,2510.0,2840.4,2416.2
168947.065,40.0,2600.4,2805.8,2343.2
168947.105,40.0,2705.2,2718.6,2269.6
168947.145,40.0,2773.2,2597.0,2202.8
168947.185,40.0,2801.4,2476.2,2150.8
168947.225,40.0,2775.2,2376.2,2117.2
168947.265,40.0,2710.8,2304.0,2095.8
168947.305,40.0,2646.6,2262.0,2081.2
168947.345,40.0,2603.0,2229.8,2074.8
168947.385,40.0,2602.0,2231.0,2074.0
168947.425,40.0,2639.0,2254.2,2076.4
168947.465,40.0,2699.2,2296.4,2089.8
168947.505,40.0,2759.2,2358.8,2114.6
168947.545,40.0,2800.4,2459.2,2143.6
168947.585,40.0,2784.4,2584.4,2202.6
168947.625,40.0,2688.4,2724.8,2274.8
168947.665,40.0,2555.0,2823.2,2376.6
168947.705,40.0,2427.2,2850.4,2501.0
168947.745,40.0,2336.0,2817.8,2595.6
168947.785,40.0,2341.8,2819.8,2594.4
168947.825,40.0,2403.8,2843.2,2522.0
168947.865,40.0,2503.8,2845.4,2416.0
168947.905,40.0,2641.2,2769.4,2312.2
168947.945,40.0,2750.0,2649.6,2226.6
168947.985,40.0,2801.4,2509.6,2168.0
168948.025,40.0,2789.4,2398.0,2130.8
168948.065,40.0,2720.8,2319.4,2096.6
168948.105,40.0,2655.8,2267.2,2084.2
168948.145,40.0,2606.8,2235.2,2074.4
168948.185,40.0,2592.8,2234.2,2075.4
168948.225,40.0,2621.0,2240.2,2077.4
168948.265,40.0,2660.2,2271.6,2087.8
168948.305,40.0,2716.8,2314.0,2102.2
168948.345,40.0,2774.0,2379.6,2120.0
168948.385,40.0,2802.2,2470.8,2150.6
168948.425,40.0,2779.0,2587.2,2199.0
168948.465,40.0,2710.4,2700.6,2261.8
168948.505,40.0,2615.0,2787.8,2324.8
168948.545,40.0,2557.2,2815.2,2375.8
168948.585,40.0,2592.4,2799.0,2347.6
168948.625,40.0,2669.6,2745.6,2286.4
168948.665,40.0,2750.2,2645.4,2224.2
168948.705,40.0,2804.0,2527.0,2169.8
168948.745,40.0,2791.2,2413.4,2130.8
168948.785,40.0,2733.4,2324.8,2103.2
168948.825,40.0,2663.6,2266.4,2085.2
168948.865,40.0,2602.2,2234.2,2069.4
168948.905,40.0,2566.8,2213.0,2066.4
168948.945,40.0,2582.6,2222.6,2071.2
168948.985,40.0,2627.0,2243.4,2081.0
168949.025,40.0,2682.2,2284.8,2090.6
168949.065,40.0,2756.0,2355.6,2112.8
168949.105,40.0,2798.4,2454.2,2144.4
168949.145,40.0,2780.6,2589.4,2197.4
168949.185,40.0,2692.6,2724.2,2275.6
168949.225,40.0,2564.8,2822.6,2372.6
168949.265,40.0,2455.0,2850.8,2465.6
168949.305,40.0,2438.2,2846.0,2487.0
168949.345,40.0,2495.4,2848.0,2430.2
168949.385,40.0,2594.8,2805.4,2350.0
168949.425,40.0,2694.4,2720.2,2268.0
168949.465,40.0,2776.4,2601.6,2203.2
168949.505,40.0,2799.8,2480.8,2152.6
168949.545,40.0,2777.0,2381.6,2122.4
168949.585,40.0,2720.2,2315.0,2096.2
168949.625,40.0,2674.4,2275.0,2086.4
168949.665,40.0,2649.0,2261.6,2081.0
168949.705,40.0,2670.6,2273.6,2085.8
168949.745,40.0,2703.4,2297.0,2092.4
168949.785,40.0,2751.8,2350.2,2112.8
168949.825,40.0,2792.8,2418.6,2138.8
168949.865,40.0,2801.2,2528.2,2176.6
168949.905,40.0,2744.6,2661.0,2237.2
168949.945,40.0,2628.6,2780.0,2318.2
168949.985,40.0,2500.8,2846.6,2427.2
168950.025,40.0,2399.8,2843.0,2526.4
168950.065,40.0,2393.8,2834.8,2529.8
168950.105,40.0,2463.8,2848.6,2461.0
168950.145,40.0,2563.8,2820.6,2369.4
168950.185,40.0,2692.0,2723.0,2271.6
168950.225,40.0,2783.2,2583.8,2198.6
168950.265,40.0,2800.0,2450.2,2143.0
168950.305,40.0,2756.0,2352.8,2111.0
168950.345,40.0,2682.2,2283.2,2087.8
168950.385,40.0,2612.8,2240.0,2073.0
168950.425,40.0,2579.2,2222.6,2072.6
168950.465,40.0,2587.0,2224.2,2073.8
168950.505,40.0,2622.0,2246.2,2074.2
168950.545,40.0,2673.2,2277.8,2087.8
168950.585,40.0,2732.6,2330.4,2102.8
168950.625,40.0,2785.8,2404.4,2128.0
168950.665,40.0,2801.6,2501.4,2161.0
168950.705,40.0,2768.8,2616.6,2218.6
168950.745,40.0,2677.4,2743.6,2292.0
168950.785,40.0,2545.2,2827.6,2387.4
168950.825,40.0,2429.8,2851.6,2493.4
168950.865,40.0,2348.2,2818.4,2585.2
168950.905,40.0,2351.6,2827.6,2583.6
168951.051,146.0,2750.8,2646.6,2223.4
168951.091,40.0,2804.6,2510.2,2164.8
168951.131,40.0,2777.2,2387.4,2118.8
168951.171,40.0,2710.8,2309.4,2094.0
168951.211,40.0,2635.2,2253.2,2081.8
168951.251,40.0,2591.8,2223.0,2071.4
168951.291,40.0,2581.8,2221.6,2070.0
168951.331,40.0,2608.2,2237.2,2075.6
168951.371,40.0,2654.4,2263.8,2085.0
168951.411,40.0,2714.4,2311.4,2100.0
168951.451,40.0,2771.0,2380.6,2118.6
168951.491,40.0,2801.4,2474.2,2151.0
168951.531,40.0,2774.6,2599.4,2208.8
168951.571,40.0,2692.6,2728.0,2277.8
168951.611,40.0,2563.2,2827.0,2374.0
168951.651,40.0,2445.2,2852.8,2478.4
168951.691,40.0,2353.6,2830.0,2579.6
168951.731,40.0,2352.2,2823.2,2579.0
168951.771,40.0,2415.4,2851.8,2507.4
168951.811,40.0,2522.4,2839.6,2406.4
168951.851,40.0,2652.6,2763.4,2297.4
168951.891,40.0,2761.0,2628.6,2217.8
168951.931,40.0,2803.2,2493.2,2160.8
168951.971,40.0,2779.4,2383.0,2119.2
168952.011,40.0,2706.8,2305.8,2093.0
168952.051,40.0,2641.8,2251.2,2078.8
168952.091,40.0,2594.4,2230.0,2072.4
168952.131,40.0,2583.6,2227.2,2072.6
168952.171,40.0,2622.2,2241.2,2077.4
168952.211,40.0,2664.8,2273.2,2086.0
168952.251,40.0,2730.0,2322.0,2100.6
168952.291,40.0,2782.0,2394.6,2126.2
168952.331,40.0,2801.8,2491.0,2158.2
168952.371,40.0,2773.0,2614.6,2211.6
168952.411,40.0,2678.0,2740.6,2284.0
168952.451,40.0,2562.4,2822.2,2379.6
168952.491,40.0,2444.2,2853.6,2481.0
168952.531,40.0,2366.8,2829.8,2554.6
168952.571,40.0,2382.0,2843.6,2542.0
168952.611,40.0,2461.8,2851.0,2465.6
168952.651,40.0,2577.6,2818.0,2363.8
168952.691,40.0,2697.4,2718.8,2266.0
168952.731,40.0,2785.8,2584.8,2196.0
168952.771,40.0,2801.6,2461.8,2146.8
168952.811,40.0,2762.0,2366.8,2110.8
168952.851,40.0,2686.8,2288.8,2088.2
168952.891,40.0,2619.6,2239.0,2080.6
168952.931,40.0,2582.4,2219.2,2073.2
168952.971,40.0,2585.6,2220.4,2076.0
168953.011,40.0,2613.6,2236.6,2079.0
168953.051,40.0,2652.8,2267.2,2084.2
168953.091,40.0,2720.8,2317.8,2102.0
168953.131,40.0,2775.8,2389.8,2127.2
168953.171,40.0,2799.0,2489.6,2162.8
168953.211,40.0,2766.4,2617.8,2216.8
168953.251,40.0,2672.0,2742.4,2285.2
168953.291,40.0,2550.6,2830.4,2381.8
168953.331,40.0,2439.2,2849.6,2487.0
168953.371,40.0,2362.6,2827.8,2569.4
168953.411,40.0,2373.0,2837.6,2555.2
168953.451,40.0,2448.2,2852.8,2475.4
168953.491,40.0,2556.8,2830.2,2378.4
168953.531,40.0,2686.2,2732.6,2274.8
168953.571,40.0,2777.0,2599.4,2200.4
168953.611,40.0,2801.2,2466.6,2147.6
168953.651,40.0,2760.8,2366.0,2114.6
168953.691,40.0,2694.6,2290.8,2090.2
168953.731,40.0,2632.4,2251.6,2082.6
168953.771,40.0,2590.8,2228.6,2074.6
168953.811,40.0,2603.2,2230.4,2072.2
168953.851,40.0,2639.6,2255.4,2079.8
168953.891,40.0,2691.8,2290.4,2093.0
168953.931,40.0,2754.6,2353.0,2113.8
168953.971,40.0,2795.4,2439.4,2138.6
168954.011,40.0,2792.6,2557.4,2185.0
168954.051,40.0,2719.6,2693.6,2251.8
168954.091,40.0,2601.4,2805.8,2345.4
168954.131,40.0,2473.6,2853.2,2450.6
168954.171,40.0,2370.8,2836.8,2556.4
168954.211,40.0,2333.4,2821.8,2596.4
168954.251,40.0,2385.8,2844.8,2538.4
168954.291,40.0,2479.4,2851.0,2441.6
168954.331,40.0,2609.2,2795.4,2336.8
168954.371,40.0,2728.8,2677.4,2242.2
168954.411,40.0,2799.0,2530.4,2173.6
168954.451,40.0,2790.6,2415.6,2127.8
168954.491,40.0,2732.2,2322.4,2101.4
168954.531,40.0,2653.4,2264.0,2083.4
168954.571,40.0,2599.4,2231.4,2073.2
168954.611,40.0,2580.6,2224.2,2069.2
168954.651,40.0,2608.0,2231.8,2071.8
168954.691,40.0,2642.6,2262.4,2080.0
168954.731,40.0,2705.6,2296.4,2094.4
168954.771,40.0,2761.8,2370.0,2113.8
168954.811,40.0,2806.6,2456.8,2146.6
168954.851,40.0,2784.0,2582.6,2203.0
168954.891,40.0,2705.2,2717.6,2267.2
168954.931,40.0,2580.6,2813.2,2361.6
168954.971,40.0,2458.6,2854.8,2470.4
168955.011,40.0,2358.8,2830.4,2574.0
168955.051,40.0,2335.8,2817.6,2595.6
168955.091,40.0,2391.2,2844.0,2530.2
168955.131,40.0,2487.2,2847.4,2432.0
168955.171,40.0,2620.8,2785.6,2327.8
168955.211,40.0,2739.2,2665.4,2234.0
168955.251,40.0,2799.6,2527.4,2170.8
168955.291,40.0,2783.4,2404.8,2130.4
168955.331,40.0,2728.6,2316.8,2098.4
168955.371,40.0,2651.6,2264.4,2084.2
168955.411,40.0,2605.6,2234.8,2074.2
168955.451,40.0,2597.4,2230.0,2073.6
168955.491,40.0,2632.6,2248.2,2076.4
168955.531,40.0,2674.6,2279.6,2088.2
168955.571,40.0,2729.2,2329.8,2104.0
168955.611,40.0,2782.8,2404.8,2126.8
168955.651,40.0,2798.0,2504.4,2168.2
168955.691,40.0,2763.0,2630.8,2223.0
168955.731,40.0,2665.0,2752.4,2298.6
168955.771,40.0,2533.0,2834.8,2394.0
168955.811,40.0,2426.6,2846.0,2500.0
168955.851,40.0,2350.8,2823.2,2577.6
168955.891,40.0,2370.0,2838.4,2555.6
168955.931,40.0,2448.4,2852.0,2476.4
168955.971,40.0,2565.8,2822.4,2372.8
168956.011,40.0,2691.8,2725.6,2272.8
168956.051,40.0,2782.6,2594.6,2197.2
168956.091,40.0,2803.4,2469.4,2146.4
168956.131,40.0,2768.0,2371.6,2118.6
168956.171,40.0,2704.2,2302.2,2095.2
168956.211,40.0,2647.2,2261.4,2080.6
168956.251,40.0,2614.6,2244.0,2074.8
168956.291,40.0,2629.0,2248.6,2076.0
168956.331,40.0,2670.4,2280.0,2086.4
168956.371,40.0,2726.2,2322.8,2102.6
168956.411,40.0,2780.8,2401.4,2125.4
168956.451,40.0,2801.2,2498.8,2158.4
168956.491,40.0,2763.6,2619.4,2213.4
168956.531,40.0,2671.2,2744.2,2294.0
168956.571,40.0,2544.2,2832.4,2385.2
168956.611,40.0,2428.0,2853.4,2497.2
168956.651,40.0,2350.0,2824.0,2581.8
168956.691,40.0,2359.0,2831.6,2573.2
168956.731,40.0,2428.0,2848.0,2493.0
168956.771,40.0,2538.2,2834.8,2394.8
168956.811,40.0,2662.4,2748.0,2291.2
168956.851,40.0,2767.6,2620.2,2208.6
168956.891,40.0,2803.4,2485.8,2154.8
168956.931,40.0,2769.2,2375.2,2114.6
168956.971,40.0,2702.4,2302.4,2093.8
168957.011,40.0,2635.4,2255.6,2082.4
168957.051,40.0,2598.8,2225.8,2075.8
168957.091,40.0,2603.2,2235.0,2074.8
168957.131,40.0,2641.0,2255.6,2080.6
168957.171,40.0,2689.6,2288.0,2091.4
168957.211,40.0,2752.6,2352.6,2113.2
168957.251,40.0,2789.0,2429.8,2139.0
168957.291,40.0,2797.4,2547.0,2183.8
168957.331,40.0,2727.4,2679.6,2251.2
168957.371,40.0,2615.2,2787.6,2330.4
168957.411,40.0,2492.4,2846.0,2438.6
168957.451,40.0,2386.0,2841.0,2543.2
168957.491,40.0,2332.2,2807.8,2599.0
168957.531,40.0,2363.0,2832.8,2568.4
168957.571,40.0,2440.4,2852.2,2479.0
168957.611,40.0,2573.6,2817.8,2363.2
168957.651,40.0,2705.8,2711.2,2262.6
168957.691,40.0,2785.2,2572.4,2189.4
168957.731,40.0,2798.6,2444.6,2136.6
168957.771,40.0,2747.8,2344.0,2107.8
168957.811,40.0,2675.2,2276.4,2089.8
168957.851,40.0,2610.6,2239.8,2075.6
168957.891,40.0,2582.6,2226.2,2069.4
168957.931,40.0,2592.4,2231.2,2072.6
168957.971,40.0,2627.6,2246.6,2082.2
168958.011,40.0,2682.4,2292.4,2091.2
168958.051,40.0,2744.4,2343.8,2105.6
168958.091,40.0,2792.4,2425.6,2133.0
168958.131,40.0,2795.4,2530.8,2177.4
168958.171,40.0,2743.2,2662.4,2237.4
168958.211,40.0,2638.2,2774.2,2311.8
168958.251,40.0,2520.8,2840.6,2409.2
168958.291,40.0,2423.2,2854.2,2503.0
168958.331,40.0,2393.6,2837.0,2526.6
168958.371,40.0,2449.0,2856.6,2474.8
168958.411,40.0,2544.2,2834.0,2392.0
168958.451,40.0,2663.2,2755.0,2296.2
168958.491,40.0,2758.6,2632.4,2215.8
168958.531,40.0,2806.4,2501.8,2162.8
168958.571,40.0,2780.0,2392.0,2119.6
168958.611,40.0,2716.2,2311.4,2096.8
168958.651,40.0,2645.4,2254.8,2080.4
168958.691,40.0,2587.0,2222.2,2070.2
168958.731,40.0,2568.6,2212.2,2067.4
168958.771,40.0,2589.2,2231.2,2074.4
168958.811,40.0,2634.8,2250.2,2081.0
168958.851,40.0,2694.2,2288.8,2091.4
168958.891,40.0,2748.6,2348.8,2111.2
168958.931,40.0,2791.0,2434.0,2140.4
168958.971,40.0,2794.0,2547.0,2183.6
168959.011,40.0,2732.4,2671.2,2242.0
168959.051,40.0,2618.4,2783.4,2326.4
168959.091,40.0,2504.6,2843.2,2425.0
168959.131,40.0,2402.4,2846.4,2524.0
168959.171,40.0,2362.8,2826.6,2562.2
168959.211,40.0,2408.2,2847.2,2513.8
168959.251,40.0,2494.0,2846.8,2429.6
168959.291,40.0,2611.2,2793.0,2331.4
168959.331,40.0,2729.2,2685.6,2246.8
168959.371,40.0,2795.6,2558.4,2184.2
168959.411,40.0,2793.2,2437.2,2139.6
168959.451,40.0,2753.4,2352.2,2112.6
168959.491,40.0,2686.2,2286.8,2092.0
168959.531,40.0,2627.6,2250.2,2078.4
168959.571,40.0,2592.8,2229.0,2072.0
168959.611,40.0,2608.0,2234.4,2077.8
168959.651,40.0,2648.4,2258.6,2084.4
168959.691,40.0,2700.2,2298.2,2095.0
168959.731,40.0,2753.6,2353.8,2112.6
168959.771,40.0,2795.4,2434.6,2135.4
168959.811,40.0,2797.0,2531.8,2176.4
168959.851,40.0,2744.2,2651.0,2231.2
168959.891,40.0,2654.2,2760.4,2302.6
168959.931,40.0,2545.6,2829.2,2389.6
168959.971,40.0,2443.8,2853.8,2478.0
168960.011,40.0,2386.8,2837.6,2538.4
168960.051,40.0,2412.0,2848.4,2515.0
168960.091,40.0,2493.2,2848.4,2437.4
168960.131,40.0,2600.4,2800.2,2345.4
168960.171,40.0,2712.8,2704.4,2256.8
168960.211,40.0,2788.6,2576.0,2192.8
168960.251,40.0,2800.6,2447.2,2147.0
168960.291,40.0,2755.8,2360.0,2111.2
168960.331,40.0,2696.0,2293.6,2092.8
168960.371,40.0,2634.0,2255.4,2079.8
168960.411,40.0,2598.0,2228.6,2074.2
168960.451,40.0,2600.0,2232.0,2073.8
168960.491,40.0,2633.4,2254.4,2081.8
168960.531,40.0,2687.6,2290.2,2088.2
168960.571,40.0,2743.0,2340.8,2107.2
168960.611,40.0,2789.8,2410.4,2130.8
168960.651,40.0,2798.6,2504.6,2166.2
168960.691,40.0,2760.8,2628.6,2216.2
168960.731,40.0,2679.2,2736.0,2287.0
168960.771,40.0,2570.8,2818.8,2369.2
168960.811,40.0,2474.2,2851.8,2460.8
168960.851,40.0,2404.8,2840.4,2511.4
168960.891,40.0,2436.6,2849.0,2490.4
168960.931,40.0,2512.6,2838.2,2409.8
168960.971,40.0,2628.0,2783.0,2322.0
168961.011,40.0,2736.2,2674.2,2240.0
168961.051,40.0,2800.4,2542.6,2177.4
168961.091,40.0,2802.0,2427.6,2136.8
168961.131,40.0,2749.6,2345.8,2108.6
168961.171,40.0,2682.2,2282.6,2089.6
168961.211,40.0,2626.8,2248.6,2078.4
168961.251,40.0,2600.6,2231.6,2073.4
168961.291,40.0,2618.8,2240.8,2079.2
168961.331,40.0,2649.0,2265.8,2082.8
168961.371,40.0,2711.0,2307.8,2100.0
168961.411,40.0,2768.8,2381.6,2122.0
168961.451,40.0,2800.6,2464.6,2148.6
168961.491,40.0,2782.6,2584.0,2197.8
168961.531,40.0,2707.4,2704.2,2260.8
168961.571,40.0,2601.2,2803.0,2341.0
168961.611,40.0,2492.8,2852.8,2437.2
168961.651,40.0,2398.4,2850.8,2525.4
168961.691,40.0,2367.2,2834.4,2564.8
168961.731,40.0,2416.4,2846.2,2512.4
168961.771,40.0,2496.6,2848.8,2423.6
168961.811,40.0,2620.8,2787.6,2327.2
168961.851,40.0,2733.8,2675.4,2240.2
168961.891,40.0,2797.8,2544.2,2178.0
168961.931,40.0,2798.4,2429.2,2136.0
168961.971,40.0,2742.0,2339.2,2106.4
168962.011,40.0,2676.8,2277.8,2086.8
168962.051,40.0,2617.0,2238.4,2077.8
168962.091,40.0,2598.8,2235.4,2072.4
168962.131,40.0,2614.8,2242.0,2073.8
168962.171,40.0,2666.2,2267.4,2084.4
168962.211,40.0,2717.2,2315.2,2098.2
168962.251,40.0,2770.2,2376.0,2123.2
168962.291,40.0,2803.0,2462.6,2149.4
168962.331,40.0,2789.8,2567.8,2193.6
168962.371,40.0,2725.2,2688.2,2250.4
168962.411,40.0,2617.4,2792.8,2334.8
168962.451,40.0,2507.2,2844.0,2420.4
168962.491,40.0,2419.6,2847.2,2510.2
168962.531,40.0,2397.4,2841.2,2527.0
168962.571,40.0,2454.0,2853.0,2470.0
168962.611,40.0,2552.6,2831.8,2384.2
168962.651,40.0,2656.8,2756.0,2294.8
168962.691,40.0,2755.2,2641.6,2226.2
168962.731,40.0,2800.0,2520.8,2167.6
168962.771,40.0,2785.6,2408.0,2127.4
168962.811,40.0,2738.4,2334.0,2107.4
168962.851,40.0,2679.6,2277.4,2086.2
168962.891,40.0,2627.8,2250.0,2077.8
168962.931,40.0,2615.4,2237.8,2079.2
168962.971,40.0,2637.4,2258.2,2085.0
168963.011,40.0,2682.6,2285.6,2089.2
168963.051,40.0,2740.0,2331.0,2105.2
168963.091,40.0,2784.2,2400.6,2125.0
168963.131,40.0,2801.6,2493.4,2155.2
168963.171,40.0,2774.0,2607.6,2206.8
168963.211,40.0,2688.2,2723.8,2276.4
168963.251,40.0,2579.2,2811.8,2363.4
168963.291,40.0,2465.8,2853.4,2458.4
168963.331,40.0,2382.8,2838.8,2541.4
168963.371,40.0,2385.2,2845.6,2537.6
168963.411,40.0,2449.8,2850.6,2471.8
168963.451,40.0,2546.8,2831.6,2386.2
168963.491,40.0,2666.4,2754.0,2294.6
168963.531,40.0,2761.6,2635.0,2223.2
168963.571,40.0,2801.2,2513.4,2164.0
168963.611,40.0,2792.2,2408.2,2128.8
168963.651,40.0,2734.6,2327.8,2101.4
168963.691,40.0,2659.2,2269.8,2086.2
168963.731,40.0,2604.4,2235.4,2076.4
168963.771,40.0,2583.2,2224.8,2068.8
168963.811,40.0,2605.4,2236.6,2078.4
168963.851,40.0,2650.4,2261.0,2083.8
168963.891,40.0,2703.6,2302.6,2095.0
168963.931,40.0,2759.8,2360.8,2114.6
168963.971,40.0,2797.4,2448.4,2144.8
168964.011,40.0,2791.8,2566.6,2191.6
168964.051,40.0,2724.0,2683.2,2250.6
168964.091,40.0,2620.4,2783.4,2330.4
168964.131,40.0,2509.4,2844.4,2419.8
168964.171,40.0,2416.2,2848.0,2506.6
168964.211,40.0,2391.0,2838.8,2533.4
168964.251,40.0,2447.8,2857.0,2477.2
168964.291,40.0,2544.2,2828.6,2385.8
168964.331,40.0,2667.2,2745.4,2291.8
168964.371,40.0,2768.4,2619.8,2209.2
168964.411,40.0,2804.0,2489.4,2158.6
168964.451,40.0,2773.8,2381.2,2120.4
168964.491,40.0,2706.0,2298.2,2097.2
168964.531,40.0,2628.0,2251.2,2074.2
168964.571,40.0,2587.0,2226.6,2073.6
168964.611,40.0,2577.4,2223.2,2071.8
168964.651,40.0,2607.6,2235.6,2076.8
168964.691,40.0,2650.4,2264.6,2085.0
168964.731,40.0,2711.2,2310.4,2097.0
168964.771,40.0,2768.8,2373.0,2118.8
168964.811,40.0,2801.8,2467.2,2150.4
168964.851,40.0,2776.8,2588.6,2201.8
168964.891,40.0,2702.4,2713.2,2270.4
168964.931,40.0,2589.2,2806.2,2354.2
168964.971,40.0,2480.0,2852.8,2448.4
168965.011,40.0,2391.6,2843.0,2533.0
168965.051,40.0,2381.6,2837.2,2545.6
168965.091,40.0,2436.0,2855.6,2486.8
168965.131,40.0,2531.2,2838.2,2396.4
168965.171,40.0,2657.8,2760.2,2296.6
168965.211,40.0,2758.0,2633.4,2220.4
168965.251,40.0,2804.0,2504.2,2158.4
168965.291,40.0,2780.2,2392.6,2123.6
168965.331,40.0,2724.0,2309.8,2098.8
168965.371,40.0,2645.2,2257.0,2086.4
168965.411,40.0,2598.0,2229.6,2076.2
168965.451,40.0,2593.4,2230.0,2069.8
168965.491,40.0,2617.2,2240.2,2073.2
168965.531,40.0,2667.2,2273.0,2083.2
168965.571,40.0,2723.6,2325.4,2103.8
168965.611,40.0,2781.6,2394.2,2122.8
168965.651,40.0,2801.4,2488.2,2160.6
168965.691,40.0,2770.0,2617.6,2212.6
168965.731,40.0,2680.6,2735.2,2288.4
168965.771,40.0,2566.6,2822.6,2369.0
168965.811,40.0,2456.6,2852.2,2469.0
168965.851,40.0,2378.0,2841.8,2548.8
168965.891,40.0,2381.2,2836.0,2547.0
168965.931,40.0,2449.0,2852.8,2473.2
168965.971,40.0,2560.2,2825.2,2377.6
168966.011,40.0,2687.2,2731.0,2280.4
168966.051,40.0,2777.0,2603.2,2206.8
168966.091,40.0,2804.8,2470.0,2150.0
168966.131,40.0,2772.4,2372.6,2113.6
168966.171,40.0,2698.4,2298.6,2095.0
168966.211,40.0,2629.2,2249.4,2074.0
168966.251,40.0,2589.4,2225.8,2076.4
168966.291,40.0,2585.8,2223.8,2073.6
168966.331,40.0,2621.6,2243.0,2081.4
168966.371,40.0,2671.4,2277.4,2088.0
168966.411,40.0,2733.4,2331.2,2106.0
168966.451,40.0,2785.6,2408.0,2127.0
168966.491,40.0,2801.4,2505.8,2165.8
168966.531,40.0,2762.2,2630.8,2222.6
168966.571,40.0,2665.4,2750.0,2295.6
168966.611,40.0,2545.2,2829.0,2390.6
168966.651,40.0,2437.0,2856.2,2492.8
168966.691,40.0,2361.0,2827.0,2570.4
168966.731,40.0,2373.6,2836.6,2561.0
168966.771,40.0,2442.0,2850.4,2480.6
168966.811,40.0,2552.2,2827.6,2382.6
168966.851,40.0,2679.8,2740.0,2287.6
168966.891,40.0,2777.6,2606.6,2204.0
168966.931,40.0,2801.8,2477.8,2155.0
168966.971,40.0,2770.8,2376.8,2116.8
168967.011,40.0,2705.8,2306.8,2098.4
168967.051,40.0,2642.4,2259.6,2079.0
168967.091,40.0,2608.8,2232.0,2073.2
168967.131,40.0,2603.4,2235.2,2071.8
168967.171,40.0,2633.2,2253.2,2080.6
168967.211,40.0,2675.4,2278.2,2089.2
168967.251,40.0,2731.6,2327.0,2103.8
168967.291,40.0,2779.0,2393.0,2124.8
168967.331,40.0,2801.0,2478.6,2157.8
168967.371,40.0,2778.6,2595.2,2202.6
168967.411,40.0,2704.6,2711.8,2265.4
168967.451,40.0,2599.4,2805.2,2348.0
168967.491,40.0,2495.4,2851.4,2434.4
168967.531,40.0,2419.4,2852.2,2508.6
168967.571,40.0,2428.0,2851.0,2495.8
168967.611,40.0,2500.8,2843.4,2419.4
168967.651,40.0,2617.2,2792.4,2331.6
168967.691,40.0,2733.0,2683.6,2241.2
168967.731,40.0,2796.6,2550.2,2178.0
168967.771,40.0,2792.4,2430.2,2135.8
168967.811,40.0,2746.4,2342.6,2104.4
168967.851,40.0,2673.2,2276.0,2087.0
168967.891,40.0,2615.4,2236.0,2075.0
168967.931,40.0,2581.8,2223.4,2067.4
168967.971,40.0,2593.4,2230.6,2078.0
168968.011,40.0,2626.6,2250.4,2081.6
168968.051,40.0,2674.0,2279.6,2091.4
168968.091,40.0,2733.0,2330.2,2102.4
168968.131,40.0,2785.4,2398.2,2129.0
168968.171,40.0,2800.8,2501.6,2162.8
168968.211,40.0,2770.0,2615.2,2213.6
168968.251,40.0,2688.6,2729.0,2280.0
168968.291,40.0,2580.4,2815.4,2364.2
168968.331,40.0,2472.2,2854.0,2452.8
168968.371,40.0,2399.2,2844.4,2519.4
168968.411,40.0,2410.4,2847.8,2513.0
168968.451,40.0,2486.0,2850.4,2443.2
168968.491,40.0,2590.4,2804.0,2353.8
168968.531,40.0,2701.6,2715.2,2269.0
168968.571,40.0,2785.4,2587.2,2203.2
168968.611,40.0,2802.8,2467.2,2147.6
168968.651,40.0,2771.6,2369.8,2116.8
168968.691,40.0,2702.8,2299.4,2091.4
168968.731,40.0,2641.2,2259.6,2081.2
168968.771,40.0,2604.8,2233.6,2075.2
168968.811,40.0,2606.4,2236.2,2074.8
168968.851,40.0,2638.2,2257.2,2083.0
168968.891,40.0,2694.4,2291.2,2091.0
168968.931,40.0,2748.0,2349.8,2105.6
168968.971,40.0,2793.8,2435.4,2140.4
168969.011,40.0,2796.6,2540.2,2183.4
168969.051,40.0,2741.6,2664.8,2238.8
168969.091,40.0,2636.0,2770.4,2313.0
168969.131,40.0,2526.8,2847.4,2405.2
168969.171,40.0,2428.8,2854.0,2496.4
168969.211,40.0,2389.2,2839.0,2529.0
168969.251,40.0,2450.2,2852.6,2477.8
168969.291,40.0,2543.6,2833.2,2386.4
168969.331,40.0,2663.4,2750.4,2296.2
168969.371,40.0,2761.2,2631.2,2216.2
168969.411,40.0,2807.2,2502.4,2160.4
168969.451,40.0,2780.4,2395.8,2122.8
168969.491,40.0,2722.0,2316.0,2096.0
168969.531,40.0,2639.6,2251.8,2082.8
168969.571,40.0,2590.6,2227.2,2072.8
168969.611,40.0,2577.0,2217.2,2068.2
168969.651,40.0,2602.6,2233.6,2073.2
168969.691,40.0,2643.8,2256.2,2082.2
168969.731,40.0,2703.2,2306.6,2094.0
168969.771,40.0,2764.2,2373.2,2120.0
168969.811,40.0,2799.2,2465.6,2148.6
168969.851,40.0,2788.4,2591.6,2202.2
168969.891,40.0,2697.6,2725.0,2277.2
168969.931,40.0,2579.4,2819.8,2362.8
168969.971,40.0,2463.4,2855.6,2462.4
168970.011,40.0,2380.0,2842.6,2547.0
168970.051,40.0,2380.6,2840.0,2553.2
168970.091,40.0,2443.4,2850.0,2482.2
168970.131,40.0,2551.6,2829.8,2380.2
168970.171,40.0,2682.4,2736.8,2280.2
168970.211,40.0,2778.4,2598.8,2200.0
168970.251,40.0,2801.4,2467.6,2152.4
168970.291,40.0,2763.4,2358.2,2116.2
168970.331,40.0,2684.2,2282.8,2088.0
168970.371,40.0,2615.6,2241.6,2075.2
168970.411,40.0,2569.6,2216.2,2068.4
168970.451,40.0,2573.4,2222.6,2070.4
168970.491,40.0,2610.2,2237.2,2079.0
168970.531,40.0,2651.8,2267.4,2086.2
168970.571,40.0,2717.8,2316.8,2099.0
168970.611,40.0,2775.8,2387.2,2124.4
168970.651,40.0,2804.4,2495.2,2159.2
168970.691,40.0,2765.0,2621.2,2212.0
168970.731,40.0,2670.0,2749.6,2293.0
168970.771,40.0,2545.8,2831.2,2387.2
168970.811,40.0,2433.8,2853.2,2490.4
168970.851,40.0,2361.4,2827.2,2567.0
168970.891,40.0,2372.6,2838.0,2555.0
168970.931,40.0,2447.4,2852.2,2472.8
168970.971,40.0,2575.2,2817.4,2363.8
168971.011,40.0,2701.0,2711.6,2266.0
168971.051,40.0,2788.0,2572.2,2191.4
168971.091,40.0,2799.8,2453.2,2142.6
168971.131,40.0,2759.0,2354.6,2110.0
168971.171,40.0,2689.0,2291.4,2090.6
168971.211,40.0,2632.2,2256.4,2081.8
168971.251,40.0,2615.6,2236.2,2074.0
168971.291,40.0,2630.2,2251.2,2080.6
168971.331,40.0,2686.0,2284.8,2091.2
168971.371,40.0,2741.4,2344.2,2107.0
168971.411,40.0,2791.0,2413.6,2131.6
168971.451,40.0,2800.0,2524.8,2175.2
168971.491,40.0,2741.6,2658.0,2233.6
168971.531,40.0,2632.8,2774.2,2315.0
168971.571,40.0,2505.0,2847.0,2420.4
168971.611,40.0,2396.6,2851.4,2533.6
168971.651,40.0,2346.4,2819.0,2583.8
168971.691,40.0,2378.8,2844.0,2548.6
168971.731,40.0,2465.4,2855.4,2460.6
168971.771,40.0,2584.2,2814.6,2352.8
168971.811,40.0,2711.2,2702.0,2258.6
168971.851,40.0,2791.8,2569.8,2187.8
168971.891,40.0,2801.6,2440.0,2141.2
168971.931,40.0,2751.0,2346.6,2108.8
168971.971,40.0,2675.6,2277.6,2087.4
168972.011,40.0,2619.8,2241.4,2076.8
168972.051,40.0,2594.8,2226.6,2074.2
168972.091,40.0,2610.2,2234.0,2076.6
168972.131,40.0,2655.6,2269.0,2083.6
168972.171,40.0,2708.4,2312.4,2098.6
168972.211,40.0,2774.4,2385.0,2118.8
168972.251,40.0,2800.6,2473.6,2156.0
168972.291,40.0,2780.6,2603.4,2203.0
168972.331,40.0,2691.4,2724.6,2277.0
168972.371,40.0,2576.0,2817.8,2366.6
168972.411,40.0,2459.8,2854.8,2469.2
168972.451,40.0,2377.0,2842.0,2544.6
168972.491,40.0,2390.0,2845.2,2543.2
168972.531,40.0,2461.6,2851.4,2459.4
168972.571,40.0,2572.6,2817.6,2368.0
168972.611,40.0,2689.6,2726.6,2271.8
168972.651,40.0,2777.8,2599.4,2200.0
168972.691,40.0,2802.6,2471.6,2153.4
168972.731,40.0,2771.6,2374.0,2113.8
168972.771,40.0,2710.4,2305.6,2095.2
168972.811,40.0,2639.8,2260.6,2084.8
168972.851,40.0,2609.2,2239.4,2074.2
168972.891,40.0,2624.0,2244.8,2080.2
168972.931,40.0,2666.0,2274.6,2087.8
168972.971,40.0,2725.6,2321.2,2100.2
168973.011,40.0,2783.2,2400.0,2122.6
168973.051,40.0,2804.0,2500.4,2162.0
168973.091,40.0,2765.0,2616.8,2215.8
168973.131,40.0,2675.8,2740.2,2288.6
168973.171,40.0,2557.0,2824.6,2377.0
168973.211,40.0,2449.8,2856.4,2479.4
168973.251,40.0,2382.6,2831.4,2542.6
168973.291,40.0,2409.0,2849.0,2516.6
168973.331,40.0,2498.2,2845.6,2428.8
168973.371,40.0,2625.0,2787.0,2326.8
168973.411,40.0,2738.6,2664.4,2238.4
168973.451,40.0,2794.2,2535.8,2175.6
168973.491,40.0,2791.2,2416.2,2132.8
168973.531,40.0,2732.8,2331.8,2105.0
168973.571,40.0,2671.4,2272.6,2081.4
168973.611,40.0,2613.8,2235.2,2073.2
168973.651,40.0,2606.4,2233.2,2079.0
168973.691,40.0,2630.8,2245.4,2081.8
168973.731,40.0,2686.4,2287.0,2092.2
168973.771,40.0,2741.2,2339.8,2103.2
168973.811,40.0,2789.4,2419.0,2132.0
168973.851,40.0,2802.4,2524.4,2171.4
168973.891,40.0,2746.6,2660.2,2239.6
168973.931,40.0,2638.2,2778.0,2317.6
168973.971,40.0,2514.0,2844.0,2419.6
168974.011,40.0,2407.4,2851.0,2518.0
168974.051,40.0,2366.8,2829.4,2555.8
168974.091,40.0,2419.8,2848.8,2511.8
168974.131,40.0,2508.2,2841.8,2414.0
168974.171,40.0,2633.6,2777.6,2316.6
168974.211,40.0,2750.0,2657.8,2230.8
168974.251,40.0,2802.6,2523.2,2172.8
168974.291,40.0,2784.0,2410.4,2129.4
168974.331,40.0,2732.6,2325.6,2099.6
168974.371,40.0,2667.8,2266.0,2084.6
168974.411,40.0,2620.6,2243.6,2078.2
168974.451,40.0,2608.2,2235.2,2071.4
168974.491,40.0,2630.4,2252.6,2081.2
168974.531,40.0,2680.0,2283.4,2091.6
168974.571,40.0,2730.4,2328.0,2101.4
168974.611,40.0,2774.0,2390.8,2124.4
168974.651,40.0,2804.0,2486.4,2158.6
168974.691,40.0,2773.4,2606.6,2205.6
168974.731,40.0,2692.6,2725.8,2278.6
168974.771,40.0,2577.4,2816.6,2363.2
168974.811,40.0,2465.4,2857.2,2462.2
168974.851,40.0,2375.8,2842.2,2548.4
168974.891,40.0,2378.6,2835.2,2549.4
168974.931,40.0,2457.0,2850.6,2472.4
168974.971,40.0,2568.4,2822.6,2373.6
168975.011,40.0,2691.8,2723.6,2274.8
168975.051,40.0,2783.4,2591.6,2195.8
168975.091,40.0,2804.2,2461.2,2145.8
168975.131,40.0,2757.8,2360.8,2113.8
168975.171,40.0,2690.0,2289.2,2090.8
168975.211,40.0,2618.4,2245.2,2079.0
168975.251,40.0,2581.8,2221.4,2071.8
168975.291,40.0,2589.8,2224.0,2068.2
168975.331,40.0,2632.0,2252.6,2080.2
168975.371,40.0,2680.6,2285.6,2087.6
168975.411,40.0,2747.2,2341.8,2107.8
168975.451,40.0,2793.2,2423.4,2136.0
168975.491,40.0,2799.0,2525.2,2174.4
168975.531,40.0,2749.6,2652.2,2232.4
168975.571,40.0,2646.8,2767.6,2310.0
168975.611,40.0,2531.6,2839.0,2405.6
168975.651,40.0,2429.6,2852.8,2496.4
168975.691,40.0,2385.6,2834.2,2537.4
168975.731,40.0,2427.6,2846.6,2501.0
168975.771,40.0,2517.4,2842.6,2410.0
168975.811,40.0,2640.8,2772.6,2309.2
168975.851,40.0,2750.6,2648.2,2227.8
168975.891,40.0,2804.0,2509.6,2165.4
168975.931,40.0,2780.8,2395.0,2126.6
168975.971,40.0,2709.2,2306.2,2093.4
168976.011,40.0,2647.2,2254.0,2079.8
168976.051,40.0,2594.8,2224.8,2073.4
168976.091,40.0,2576.0,2219.0,2070.2
168976.131,40.0,2605.2,2230.4,2075.0
168976.171,40.0,2653.0,2256.2,2078.4
168976.211,40.0,2706.8,2308.2,2095.6
168976.251,40.0,2764.2,2358.6,2111.2
168976.291,40.0,2796.4,2444.4,2144.2
168976.331,40.0,2793.6,2567.4,2191.8
168976.371,40.0,2719.6,2688.0,2253.0
168976.411,40.0,2615.0,2793.6,2334.0
168976.451,40.0,2494.8,2844.2,2431.6
168976.491,40.0,2402.2,2846.2,2520.0
168976.531,40.0,2381.2,2837.2,2540.2
168976.571,40.0,2433.4,2852.4,2489.4
168976.611,40.0,2524.0,2838.0,2395.6
168976.651,40.0,2654.0,2761.8,2303.8
168976.691,40.0,2754.2,2635.4,2217.6
168976.731,40.0,2803.4,2508.4,2164.2
168976.771,40.0,2779.0,2397.6,2120.6
168976.811,40.0,2715.6,2309.6,2097.0
168976.851,40.0,2638.8,2249.8,2083.6
168976.891,40.0,2590.4,2225.4,2070.6
168976.931,40.0,2571.6,2217.8,2065.2
168976.971,40.0,2594.8,2229.6,2079.4
168977.011,40.0,2643.4,2258.0,2075.2
168977.051,40.0,2690.0,2296.0,2092.4
168977.091,40.0,2753.2,2356.8,2111.0
168977.131,40.0,2803.2,2440.6,2139.6
168977.171,40.0,2798.4,2548.2,2187.2
168977.211,40.0,2735.8,2674.2,2246.2
168977.251,40.0,2631.2,2781.8,2322.0
168977.291,40.0,2514.6,2846.6,2413.8
168977.331,40.0,2427.8,2848.4,2497.4
168977.371,40.0,2410.2,2843.2,2511.8
168977.411,40.0,2465.8,2852.2,2460.6
168977.451,40.0,2555.0,2828.6,2381.2
168977.491,40.0,2668.8,2752.0,2291.2
168977.531,40.0,2757.6,2632.6,2216.4
168977.571,40.0,2807.2,2506.8,2163.4
168977.611,40.0,2783.4,2403.6,2126.8
168977.651,40.0,2731.0,2324.2,2098.0
168977.691,40.0,2663.8,2270.6,2082.2
168977.731,40.0,2608.2,2236.0,2075.2
168977.771,40.0,2587.8,2229.2,2071.6
168977.811,40.0,2615.8,2237.4,2077.0
168977.851,40.0,2661.2,2270.2,2083.2
168977.891,40.0,2720.2,2322.4,2099.8
168977.931,40.0,2775.2,2387.8,2122.6
168977.971,40.0,2804.6,2487.4,2154.6
168978.011,40.0,2773.6,2608.4,2205.6
168978.051,40.0,2687.6,2726.0,2275.6
168978.091,40.0,2574.6,2820.0,2365.4
168978.131,40.0,2462.2,2855.2,2467.8
168978.171,40.0,2385.0,2843.6,2537.6
168978.211,40.0,2388.0,2841.6,2532.6
168978.251,40.0,2463.0,2857.8,2463.2
168978.291,40.0,2571.2,2819.6,2371.6
168978.331,40.0,2693.0,2727.8,2275.0
168978.371,40.0,2780.8,2603.6,2201.6
168978.411,40.0,2804.6,2472.6,2151.2
168978.451,40.0,2770.4,2370.2,2114.4
168978.491,40.0,2705.8,2299.6,2092.0
168978.531,40.0,2631.8,2250.6,2080.2
168978.571,40.0,2585.4,2226.6,2072.2
168978.611,40.0,2583.4,2226.2,2072.8
168978.651,40.0,2614.4,2241.6,2078.4
168978.691,40.0,2657.8,2267.4,2086.0
168978.731,40.0,2725.8,2320.4,2100.2
168978.771,40.0,2780.0,2394.0,2122.2
168978.811,40.0,2804.2,2498.6,2163.0
168978.851,40.0,2763.8,2622.6,2217.8
168978.891,40.0,2663.4,2750.8,2293.0
168978.931,40.0,2541.4,2832.8,2391.0
168978.971,40.0,2430.4,2855.4,2497.2
168979.011,40.0,2356.4,2824.4,2573.4
168979.051,40.0,2363.2,2833.4,2564.6
168979.091,40.0,2442.0,2852.8,2486.8
168979.131,40.0,2551.4,2827.2,2377.6
168979.171,40.0,2685.2,2732.6,2276.2
168979.211,40.0,2783.0,2594.4,2205.8
168979.251,40.0,2804.2,2460.4,2148.2
168979.291,40.0,2757.4,2353.2,2108.6
168979.331,40.0,2681.8,2285.4,2088.0
168979.371,40.0,2617.0,2239.6,2078.2
168979.411,40.0,2587.2,2224.4,2071.2
168979.451,40.0,2593.0,2234.6,2074.6
168979.491,40.0,2630.6,2251.8,2083.2
168979.531,40.0,2684.2,2294.2,2090.6
168979.571,40.0,2755.8,2348.4,2113.0
168979.611,40.0,2797.2,2442.6,2141.4
168979.651,40.0,2790.2,2568.0,2189.0
168979.691,40.0,2713.2,2703.8,2260.8
168979.731,40.0,2584.4,2809.2,2358.4
168979.771,40.0,2450.4,2855.0,2471.2
168979.811,40.0,2353.4,2824.4,2583.0
168979.851,40.0,2325.4,2805.8,2609.2
168979.891,40.0,2386.4,2839.0,2546.2
168979.931,40.0,2482.4,2847.2,2444.0
168979.971,40.0,2617.0,2793.6,2330.6
168980.011,40.0,2736.0,2675.2,2240.0
168980.051,40.0,2802.2,2531.0,2176.2
168980.091,40.0,2789.6,2413.2,2128.6
168980.131,40.0,2728.4,2321.2,2099.8
168980.171,40.0,2661.6,2268.0,2087.8
168980.211,40.0,2611.2,2235.0,2071.4
168980.251,40.0,2602.0,2233.0,2077.6
168980.291,40.0,2630.0,2250.6,2078.2
168980.331,40.0,2684.0,2283.8,2088.4
168980.371,40.0,2740.6,2339.4,2105.2
168980.411,40.0,2791.2,2417.6,2133.2
168980.451,40.0,2802.2,2515.0,2167.0
168980.491,40.0,2762.0,2633.8,2219.4
168980.531,40.0,2665.4,2749.8,2296.4
168980.571,40.0,2547.4,2829.6,2384.0
168980.611,40.0,2445.4,2854.8,2479.2
168980.651,40.0,2371.8,2834.4,2552.4
168980.691,40.0,2390.6,2843.0,2539.2
168980.731,40.0,2469.0,2852.4,2457.2
168980.771,40.0,2578.2,2814.6,2353.4
168980.811,40.0,2700.2,2711.0,2264.0
168980.851,40.0,2783.4,2583.4,2195.4
168980.891,40.0,2801.0,2460.8,2148.6
168980.931,40.0,2759.4,2357.2,2108.6
168980.971,40.0,2689.6,2289.0,2089.8
168981.011,40.0,2620.2,2245.8,2073.2
168981.051,40.0,2591.0,2225.4,2074.4
168981.091,40.0,2588.6,2226.6,2069.0
168981.131,40.0,2620.8,2245.2,2078.8
168981.171,40.0,2668.2,2271.0,2086.4
168981.211,40.0,2720.2,2314.2,2099.8
168981.251,40.0,2777.0,2384.2,2123.8
168981.291,40.0,2805.8,2486.2,2157.2
168981.331,40.0,2774.4,2608.0,2209.2
168981.371,40.0,2677.4,2738.2,2285.4
168981.411,40.0,2552.0,2825.0,2381.8
168981.451,40.0,2442.0,2852.4,2485.2
168981.491,40.0,2398.0,2839.2,2526.6
168981.531,40.0,2452.8,2857.0,2475.0
168981.571,40.0,2548.4,2828.2,2383.8
168981.611,40.0,2676.2,2745.0,2285.4
168981.651,40.0,2769.2,2613.2,2215.6
168981.691,40.0,2799.6,2484.8,2155.2
168981.731,40.0,2769.0,2375.6,2118.4
168981.771,40.0,2705.8,2303.4,2096.6
168981.811,40.0,2649.2,2258.6,2081.4
168981.851,40.0,2626.8,2242.2,2076.0
168981.891,40.0,2647.4,2259.0,2084.0
168981.931,40.0,2685.8,2285.8,2087.4
168981.971,40.0,2745.8,2339.4,2107.6
168982.011,40.0,2788.4,2424.2,2133.8
168982.051,40.0,2794.2,2548.8,2186.6
168982.091,40.0,2718.0,2694.0,2256.0
168982.131,40.0,2588.8,2805.6,2349.2
168982.171,40.0,2464.0,2852.0,2467.0
168982.211,40.0,2409.0,2844.0,2514.0
168982.251,40.0,2456.4,2851.6,2468.6
168982.291,40.0,2544.8,2820.4,2378.4
168982.331,40.0,2670.6,2746.0,2288.8
168982.371,40.0,2763.8,2622.0,2211.2
168982.411,40.0,2800.2,2489.2,2156.8
168982.451,40.0,2780.4,2390.4,2121.0
168982.491,40.0,2717.8,2313.8,2098.8
168982.531,40.0,2653.4,2268.6,2085.4
168982.571,40.0,2615.2,2235.8,2073.6
168982.611,40.0,2627.8,2246.0,2079.6
168982.651,40.0,2660.8,2267.2,2086.2
168982.691,40.0,2715.4,2312.4,2100.4
168982.731,40.0,2762.2,2369.2,2114.6
168982.771,40.0,2798.8,2454.6,2146.8
168982.811,40.0,2786.6,2573.0,2193.4
168982.851,40.0,2705.6,2707.6,2264.4
168982.891,40.0,2583.6,2815.0,2365.6
168982.931,40.0,2455.8,2851.0,2469.4
168982.971,40.0,2408.2,2843.6,2512.0
168983.011,40.0,2463.2,2849.4,2467.0
168983.051,40.0,2556.6,2823.2,2379.0
168983.091,40.0,2677.0,2741.6,2284.2
168983.131,40.0,2763.8,2611.0,2210.6
168983.171,40.0,2804.2,2484.8,2155.0
168983.211,40.0,2774.0,2377.4,2117.8
168983.251,40.0,2704.6,2299.2,2090.0
168983.291,40.0,2629.4,2249.6,2076.6
168983.331,40.0,2584.4,2225.0,2070.2
168983.371,40.0,2564.6,2216.2,2068.4
168983.411,40.0,2590.4,2226.8,2069.8
168983.451,40.0,2642.0,2259.0,2083.0
168983.491,40.0,2708.6,2300.4,2094.0
168983.531,40.0,2773.2,2383.0,2116.6
168983.571,40.0,2800.6,2497.8,2162.4
168983.611,40.0,2753.6,2647.2,2228.6
168983.651,40.0,2633.2,2775.4,2319.6
168983.691,40.0,2488.6,2849.8,2437.6
168983.731,40.0,2369.2,2841.8,2565.2
168983.771,40.0,2299.8,2789.2,2637.6
168983.811,40.0,2329.8,2809.0,2605.4
168983.851,40.0,2403.4,2845.8,2521.6
168983.891,40.0,2521.0,2839.8,2405.4
168983.931,40.0,2663.4,2751.4,2291.2
168983.971,40.0,2767.6,2614.0,2209.4
168984.011,40.0,2799.2,2472.6,2148.6
168984.051,40.0,2759.6,2363.4,2113.4
168984.091,40.0,2686.0,2285.0,2090.2
168984.131,40.0,2612.6,2241.0,2077.4
168984.171,40.0,2569.6,2213.2,2069.8
168984.211,40.0,2584.0,2219.6,2073.0
168984.251,40.0,2616.0,2242.0,2075.6
168984.291,40.0,2665.4,2275.8,2087.4
168984.331,40.0,2729.6,2323.4,2099.8
168984.371,40.0,2781.0,2406.6,2128.2
168984.411,40.0,2799.2,2505.0,2166.0
168984.451,40.0,2756.4,2637.2,2225.8
168984.491,40.0,2657.0,2758.2,2301.6
168984.531,40.0,2536.0,2838.8,2397.8
168984.571,40.0,2427.2,2852.4,2500.0
168984.611,40.0,2371.8,2832.2,2554.6
168984.651,40.0,2409.2,2850.4,2516.0
168984.691,40.0,2494.6,2845.2,2427.2
168984.731,40.0,2626.4,2787.6,2327.4
168984.771,40.0,2743.2,2658.0,2234.2
168984.811,40.0,2799.4,2522.8,2164.2
168984.851,40.0,2788.8,2403.2,2127.6
168984.891,40.0,2730.8,2320.2,2101.4
168984.931,40.0,2652.8,2259.4,2083.8
168984.971,40.0,2596.6,2230.8,2076.8
168985.011,40.0,2583.0,2224.6,2075.6
168985.051,40.0,2597.2,2228.8,2071.8
168985.091,40.0,2652.2,2259.4,2083.4
168985.131,40.0,2702.6,2303.4,2095.0
168985.171,40.0,2767.8,2374.0,2117.8
168985.211,40.0,2802.8,2467.2,2152.2
168985.251,40.0,2781.2,2588.6,2198.4
168985.291,40.0,2700.2,2710.8,2271.2
168985.331,40.0,2584.6,2813.2,2360.6
168985.371,40.0,2469.4,2858.8,2462.0
168985.411,40.0,2382.8,2835.8,2546.0
168985.451,40.0,2382.6,2835.8,2541.6
168985.491,40.0,2456.0,2853.6,2470.4
168985.531,40.0,2564.4,2822.4,2370.4
168985.571,40.0,2685.8,2727.2,2274.0
168985.611,40.0,2779.6,2596.4,2198.6
168985.651,40.0,2803.0,2467.8,2154.6
168985.691,40.0,2763.2,2366.2,2119.4
168985.731,40.0,2701.4,2297.2,2092.6
168985.771,40.0,2637.4,2254.4,2080.8
168985.811,40.0,2597.4,2228.4,2074.8
168985.851,40.0,2605.2,2234.8,2075.2
168985.891,40.0,2649.2,2259.8,2080.6
168985.931,40.0,2699.2,2295.8,2092.6
168985.971,40.0,2754.0,2356.8,2117.2
168986.011,40.0,2795.6,2439.8,2142.0
168986.051,40.0,2793.4,2557.6,2187.8
168986.091,40.0,2731.6,2677.6,2252.6
168986.131,40.0,2622.0,2788.8,2326.2
168986.171,40.0,2496.8,2849.4,2426.2
168986.211,40.0,2395.4,2850.4,2532.6
168986.251,40.0,2376.8,2838.2,2554.2
168986.291,40.0,2425.6,2849.8,2502.4
168986.331,40.0,2520.0,2841.4,2405.8
168986.371,40.0,2643.6,2769.4,2306.2
168986.411,40.0,2753.4,2642.0,2228.0
168986.451,40.0,2799.4,2516.6,2168.4
168986.491,40.0,2787.4,2402.8,2127.0
168986.531,40.0,2728.2,2327.4,2101.2
168986.571,40.0,2670.2,2274.8,2086.4
168986.611,40.0,2624.0,2247.2,2079.2
168986.651,40.0,2611.8,2242.2,2081.0
168986.691,40.0,2640.6,2262.2,2081.8
168986.731,40.0,2686.2,2291.4,2089.6
168986.771,40.0,2742.8,2342.0,2104.4
168986.811,40.0,2787.2,2409.2,2132.8
168986.851,40.0,2800.0,2500.6,2164.8
168986.891,40.0,2768.4,2618.8,2216.2
168986.931,40.0,2678.4,2739.8,2286.0
168986.971,40.0,2561.2,2823.6,2378.8
168987.011,40.0,2447.8,2854.6,2478.8
168987.051,40.0,2379.0,2832.8,2547.4
168987.091,40.0,2391.6,2841.2,2535.2
168987.131,40.0,2474.4,2848.8,2455.0
168987.171,40.0,2585.6,2810.2,2349.8
168987.211,40.0,2707.6,2703.8,2256.2
168987.251,40.0,2793.4,2567.6,2191.8
168987.291,40.0,2802.0,2446.8,2142.6
168987.331,40.0,2760.0,2354.8,2110.2
168987.371,40.0,2692.4,2290.2,2089.8
168987.411,40.0,2629.6,2244.4,2079.4
168987.451,40.0,2597.6,2236.2,2075.6
168987.491,40.0,2612.4,2240.2,2077.2
168987.531,40.0,2647.4,2265.4,2081.8
168987.571,40.0,2695.8,2295.6,2089.8
168987.611,40.0,2754.8,2345.6,2107.8
168987.651,40.0,2793.6,2425.6,2138.2
168987.691,40.0,2798.0,2525.6,2176.4
168987.731,40.0,2745.4,2649.0,2228.8
168987.771,40.0,2653.0,2761.6,2305.6
168987.811,40.0,2540.6,2833.6,2397.4
168987.851,40.0,2436.2,2853.8,2492.2
168987.891,40.0,2385.4,2836.6,2538.8
168987.931,40.0,2418.6,2851.0,2502.8
168987.971,40.0,2514.2,2842.2,2412.8
168988.011,40.0,2631.0,2783.0,2320.0
168988.051,40.0,2739.6,2664.6,2232.2
168988.091,40.0,2797.8,2532.8,2174.8
168988.131,40.0,2791.8,2418.2,2132.4
168988.171,40.0,2736.0,2333.2,2104.8
168988.211,40.0,2671.0,2273.6,2087.6
168988.251,40.0,2622.6,2242.2,2076.8
168988.291,40.0,2606.6,2240.2,2075.6
168988.331,40.0,2638.8,2251.6,2076.0
168988.371,40.0,2674.4,2280.4,2089.2
168988.411,40.0,2729.6,2325.0,2099.4
168988.451,40.0,2780.2,2387.2,2122.6
168988.491,40.0,2801.8,2473.0,2154.0
168988.531,40.0,2783.6,2584.0,2199.8
168988.571,40.0,2712.2,2696.2,2260.4
168988.611,40.0,2604.8,2796.4,2336.6
168988.651,40.0,2503.8,2845.6,2424.2
168988.691,40.0,2415.6,2846.4,2512.2
168988.731,40.0,2393.2,2841.0,2529.2
168988.771,40.0,2452.2,2857.4,2471.6
168988.811,40.0,2554.4,2825.8,2382.0
168988.851,40.0,2675.0,2741.2,2284.0
168988.891,40.0,2771.6,2615.6,2210.4
168988.931,40.0,2804.4,2491.4,2156.2
168988.971,40.0,2776.8,2384.4,2120.0
168989.011,40.0,2712.6,2309.4,2096.8
168989.051,40.0,2643.6,2256.0,2081.4
168989.091,40.0,2601.2,2230.2,2070.8
168989.131,40.0,2597.6,2230.6,2073.8
168989.171,40.0,2629.4,2254.8,2081.2
168989.211,40.0,2681.4,2286.2,2086.4
168989.251,40.0,2745.6,2336.8,2105.8
168989.291,40.0,2789.0,2406.8,2134.0
168989.331,40.0,2801.2,2509.8,2167.6
168989.371,40.0,2760.4,2629.6,2222.0
168989.411,40.0,2668.0,2747.8,2293.8
168989.451,40.0,2544.4,2831.2,2384.4
168989.491,40.0,2441.8,2853.0,2483.4
168989.531,40.0,2377.4,2829.6,2551.2
168989.571,40.0,2403.6,2850.6,2526.6
168989.611,40.0,2485.2,2847.6,2436.4
168989.651,40.0,2608.4,2797.0,2336.6
168989.691,40.0,2727.4,2686.0,2245.2
168989.731,40.0,2794.6,2549.0,2179.8
168989.771,40.0,2799.8,2432.0,2140.6
168989.811,40.0,2742.0,2338.2,2104.2
168989.851,40.0,2665.6,2279.0,2091.6
168989.891,40.0,2609.8,2238.2,2069.6
168989.931,40.0,2575.8,2223.8,2071.2
168989.971,40.0,2598.8,2231.2,2074.4
168990.011,40.0,2639.0,2247.8,2078.6
168990.051,40.0,2687.8,2292.6,2096.4
168990.091,40.0,2751.4,2349.2,2109.4
168990.131,40.0,2794.2,2442.4,2142.2
168990.171,40.0,2786.0,2558.4,2186.8
168990.211,40.0,2719.0,2687.8,2255.0
168990.251,40.0,2611.0,2799.8,2336.2
168990.291,40.0,2486.0,2848.4,2439.2
168990.331,40.0,2385.4,2842.6,2541.4
168990.371,40.0,2352.2,2825.6,2572.2
168990.411,40.0,2411.0,2845.2,2511.6
168990.451,40.0,2517.0,2839.6,2411.4
168990.491,40.0,2645.6,2766.0,2306.6
168990.531,40.0,2754.8,2637.2,2219.2
168990.571,40.0,2800.8,2497.6,2162.2
168990.611,40.0,2783.2,2384.4,2122.0
168990.651,40.0,2710.4,2306.2,2098.0
168990.691,40.0,2634.0,2252.0,2077.8
168990.731,40.0,2593.0,2226.2,2074.6
168990.771,40.0,2586.6,2223.4,2069.0
168990.811,40.0,2619.2,2239.8,2074.4
168990.851,40.0,2662.8,2268.4,2089.2
168990.891,40.0,2720.0,2318.8,2101.0
168990.931,40.0,2776.6,2382.0,2124.8
168990.971,40.0,2799.6,2480.4,2158.0
168991.011,40.0,2778.0,2601.0,2206.8
168991.051,40.0,2690.0,2724.2,2274.0
168991.091,40.0,2572.4,2818.4,2369.4
168991.131,40.0,2452.8,2856.8,2477.0
168991.171,40.0,2360.6,2832.4,2566.2
168991.211,40.0,2354.4,2823.2,2573.6
168991.251,40.0,2417.0,2851.2,2507.8
168991.291,40.0,2526.0,2839.0,2403.4
168991.331,40.0,2661.2,2760.8,2303.6
168991.371,40.0,2759.4,2632.8,2222.2
168991.411,40.0,2802.2,2506.8,2163.6
168991.451,40.0,2779.4,2395.2,2125.8
168991.491,40.0,2722.8,2312.4,2099.0
168991.531,40.0,2649.4,2263.4,2083.2
168991.571,40.0,2612.4,2234.8,2077.4
168991.611,40.0,2605.0,2236.8,2079.0
168991.651,40.0,2637.6,2253.2,2080.4
168991.691,40.0,2677.6,2282.0,2088.6
168991.731,40.0,2739.2,2334.4,2107.4
168991.771,40.0,2785.8,2412.0,2131.8
168991.811,40.0,2802.8,2517.6,2172.0
168991.851,40.0,2760.0,2640.4,2224.8
168991.891,40.0,2652.2,2762.8,2304.0
168991.931,40.0,2532.6,2833.6,2400.2
168991.971,40.0,2422.4,2854.6,2509.0
168992.011,40.0,2344.8,2822.6,2589.0
168992.051,40.0,2344.8,2824.0,2591.6
168992.091,40.0,2412.2,2852.2,2513.2
168992.131,40.0,2515.0,2841.0,2407.8
168992.171,40.0,2650.0,2768.2,2304.8
168992.211,40.0,2754.4,2633.8,2223.0
168992.251,40.0,2798.4,2506.6,2167.6
168992.291,40.0,2782.6,2390.4,2123.8
168992.331,40.0,2723.2,2316.4,2100.0
168992.371,40.0,2646.0,2255.8,2081.4
168992.411,40.0,2610.0,2238.8,2076.6
168992.451,40.0,2606.6,2230.4,2077.8
168992.491,40.0,2643.4,2260.0,2084.2
168992.531,40.0,2690.4,2291.8,2094.2
168992.571,40.0,2747.0,2347.0,2113.6
168992.611,40.0,2792.0,2426.6,2132.8
168992.651,40.0,2803.8,2526.8,2173.8
168992.691,40.0,2750.2,2653.0,2233.0
168992.731,40.0,2651.4,2764.0,2306.2
168992.771,40.0,2529.8,2836.8,2403.4
168992.811,40.0,2420.2,2849.4,2512.8
168992.851,40.0,2337.6,2817.6,2590.2
168992.891,40.0,2353.8,2826.2,2581.8
168992.931,40.0,2415.4,2851.2,2509.4
168992.971,40.0,2523.8,2839.8,2401.8
168993.011,40.0,2652.0,2761.2,2302.6
168993.051,40.0,2756.0,2639.0,2225.6
168993.091,40.0,2801.2,2509.2,2163.6
168993.131,40.0,2783.6,2395.6,2126.2
168993.171,40.0,2719.8,2315.8,2101.6
168993.211,40.0,2657.6,2266.8,2082.8
168993.251,40.0,2605.2,2230.0,2072.2
168993.291,40.0,2601.6,2230.2,2075.0
168993.331,40.0,2622.6,2246.8,2079.6
168993.371,40.0,2665.0,2273.4,2085.8
168993.411,40.0,2725.0,2323.2,2102.8
168993.451,40.0,2772.6,2382.4,2118.6
168993.491,40.0,2801.4,2471.6,2153.2
168993.531,40.0,2784.0,2580.0,2198.2
168993.571,40.0,2704.6,2704.6,2262.4
168993.611,40.0,2586.0,2813.2,2355.4
168993.651,40.0,2468.8,2856.8,2459.8
168993.691,40.0,2365.6,2837.0,2566.4
168993.731,40.0,2315.6,2799.0,2626.8
168993.771,40.0,2338.2,2819.0,2592.0
168993.811,40.0,2411.2,2849.8,2512.6
168993.851,40.0,2527.2,2837.6,2405.2
168993.891,40.0,2650.2,2767.8,2299.8
168993.931,40.0,2755.0,2636.6,2225.2
168993.971,40.0,2799.6,2510.8,2166.4
168994.011,40.0,2780.2,2398.0,2125.2
168994.051,40.0,2730.0,2322.4,2102.0
168994.091,40.0,2666.2,2275.6,2079.8
168994.131,40.0,2630.4,2250.2,2081.4
168994.171,40.0,2632.0,2251.6,2080.2
168994.211,40.0,2666.4,2271.2,2088.0
168994.251,40.0,2702.0,2302.0,2097.8
168994.291,40.0,2759.0,2356.4,2108.8
168994.331,40.0,2795.6,2428.2,2137.4
168994.371,40.0,2799.8,2527.8,2175.4
168994.411,40.0,2750.4,2647.2,2230.8
168994.451,40.0,2653.0,2760.6,2307.0
168994.491,40.0,2528.2,2839.0,2408.0
168994.531,40.0,2419.2,2852.0,2508.0
168994.571,40.0,2336.8,2820.6,2594.2
168994.611,40.0,2340.2,2817.8,2593.2
168994.651,40.0,2394.4,2846.6,2532.2
168994.691,40.0,2489.8,2850.0,2434.4
168994.731,40.0,2614.4,2800.0,2334.8
168994.771,40.0,2726.4,2683.2,2245.8
168994.811,40.0,2793.6,2552.8,2182.4
168994.851,40.0,2796.4,2432.2,2132.2
168994.891,40.0,2747.6,2342.6,2109.0
168994.931,40.0,2686.0,2281.4,2086.8
168994.971,40.0,2631.6,2250.0,2077.0
168995.011,40.0,2612.0,2240.4,2073.6
168995.051,40.0,2619.0,2247.2,2076.2
168995.091,40.0,2654.0,2270.8,2086.2
168995.131,40.0,2706.4,2306.6,2095.6
168995.25,119.0,2791.4,2554.0,2189.8
168995.29,40.0,2734.0,2671.2,2244.6
168995.33,40.0,2621.0,2789.0,2331.0
168995.37,40.0,2486.6,2849.4,2436.2
168995.41,40.0,2379.2,2843.0,2548.0
168995.45,40.0,2308.8,2793.0,2632.6
168995.49,40.0,2311.0,2804.4,2626.2
168995.53,40.0,2380.4,2844.4,2551.4
168995.57,40.0,2482.4,2852.6,2448.4
168995.61,40.0,2615.4,2795.6,2329.0
168995.65,40.0,2735.2,2680.0,2246.2
168995.69,40.0,2796.6,2540.6,2177.8
168995.73,40.0,2795.4,2425.0,2135.2
168995.77,40.0,2737.8,2333.4,2104.0
168995.81,40.0,2668.4,2280.0,2089.4
168995.85,40.0,2618.0,2242.8,2075.6
168995.89,40.0,2603.4,2231.2,2076.6
168995.93,40.0,2628.8,2246.8,2080.4
168995.97,40.0,2664.0,2269.4,2084.4
168996.01,40.0,2721.6,2318.8,2097.2
168996.05,40.0,2773.6,2381.8,2119.4
168996.09,40.0,2800.4,2475.8,2155.4
168996.13,40.0,2781.2,2595.0,2200.4
168996.17,40.0,2697.2,2716.4,2268.4
168996.21,40.0,2587.2,2810.6,2356.2
168996.25,40.0,2468.4,2852.0,2454.6
168996.29,40.0,2380.2,2841.2,2548.6
168996.33,40.0,2348.6,2820.6,2581.4
168996.37,40.0,2402.6,2848.0,2524.0
168996.41,40.0,2494.2,2843.8,2424.8
168996.45,40.0,2622.8,2780.2,2326.4
168996.49,40.0,2736.6,2661.4,2234.6
168996.53,40.0,2799.0,2524.8,2174.0
168996.57,40.0,2790.2,2413.8,2131.6
168996.61,40.0,2736.0,2335.2,2103.4
168996.65,40.0,2672.6,2274.8,2085.6
168996.69,40.0,2624.2,2244.6,2079.4
168996.73,40.0,2609.2,2239.8,2075.0
168996.77,40.0,2639.6,2252.0,2077.4
168996.81,40.0,2678.6,2280.0,2086.4
168996.85,40.0,2732.4,2328.8,2101.4
168996.89,40.0,2780.6,2396.6,2125.4
168996.93,40.0,2801.8,2487.4,2158.2
168996.97,40.0,2778.0,2598.8,2209.0
168997.01,40.0,2699.8,2719.6,2274.6
168997.05,40.0,2582.0,2815.0,2359.0
168997.09,40.0,2469.0,2855.2,2453.6
168997.13,40.0,2381.6,2841.6,2546.4
168997.17,40.0,2358.0,2823.0,2570.4
168997.21,40.0,2404.2,2852.2,2511.2
168997.25,40.0,2509.0,2843.4,2420.0
168997.29,40.0,2637.0,2775.6,2318.0
168997.33,40.0,2749.0,2652.0,2226.4
168997.37,40.0,2800.8,2517.6,2168.8
168997.41,40.0,2786.0,2400.4,2125.6
168997.45,40.0,2729.2,2325.0,2100.6
168997.49,40.0,2657.4,2267.0,2083.0
168997.53,40.0,2610.4,2239.4,2074.0
168997.57,40.0,2603.4,2238.2,2074.8
168997.61,40.0,2630.6,2249.2,2077.6
168997.65,40.0,2677.2,2277.4,2083.4
168997.69,40.0,2732.8,2322.0,2100.8
168997.73,40.0,2779.6,2392.4,2123.2
168997.77,40.0,2803.4,2490.6,2160.2
168997.81,40.0,2777.2,2608.8,2210.2
168997.85,40.0,2691.2,2724.2,2276.6
168997.89,40.0,2575.8,2810.4,2358.0
168997.93,40.0,2467.0,2850.6,2459.4
168997.97,40.0,2376.2,2842.2,2558.6
168998.01,40.0,2354.4,2821.4,2581.4
168998.05,40.0,2401.2,2849.8,2523.2
168998.09,40.0,2492.4,2850.6,2422.4
168998.13,40.0,2621.8,2783.8,2322.8
168998.17,40.0,2736.0,2670.4,2232.8
168998.21,40.0,2800.0,2535.4,2177.2
168998.25,40.0,2794.4,2424.6,2129.4
168998.29,40.0,2747.2,2338.2,2105.4
168998.33,40.0,2678.8,2282.4,2091.0
168998.37,40.0,2630.8,2249.8,2082.0
168998.41,40.0,2619.2,2243.2,2075.8
168998.45,40.0,2645.0,2258.4,2084.0
168998.49,40.0,2677.8,2286.4,2090.4
168998.53,40.0,2735.8,2332.8,2106.0
168998.57,40.0,2778.8,2401.2,2125.8
168998.61,40.0,2799.2,2497.4,2160.0
168998.65,40.0,2772.4,2609.4,2210.2
168998.69,40.0,2684.2,2724.6,2279.2
168998.73,40.0,2574.4,2817.4,2362.6
168998.77,40.0,2455.6,2860.2,2465.2
168998.81,40.0,2370.4,2840.0,2565.6
168998.85,40.0,2332.2,2815.4,2605.8
168998.89,40.0,2367.0,2837.0,2566.8
168998.93,40.0,2447.6,2852.0,2475.8
168998.97,40.0,2569.2,2825.0,2367.6
168999.01,40.0,2691.6,2721.6,2271.8
168999.05,40.0,2779.6,2597.6,2202.6
168999.09,40.0,2803.2,2466.0,2150.4
168999.13,40.0,2770.0,2372.4,2119.0
168999.17,40.0,2704.8,2305.2,2096.4
168999.21,40.0,2650.0,2262.6,2079.8
168999.25,40.0,2624.8,2243.2,2076.8
168999.29,40.0,2636.2,2248.6,2077.8
168999.33,40.0,2675.8,2279.4,2087.2
168999.37,40.0,2730.4,2325.2,2098.0
168999.41,40.0,2779.4,2392.0,2124.0
168999.45,40.0,2802.0,2481.4,2158.0
168999.49,40.0,2777.0,2597.4,2206.8
168999.53,40.0,2698.0,2707.0,2267.0
168999.57,40.0,2589.2,2812.4,2352.6
168999.61,40.0,2471.4,2851.6,2453.0
168999.65,40.0,2379.8,2841.8,2548.8
168999.69,40.0,2339.8,2814.6,2595.2
168999.73,40.0,2375.6,2839.4,2550.6
168999.77,40.0,2464.4,2849.2,2456.0
168999.81,40.0,2591.0,2808.2,2346.6
168999.85,40.0,2715.6,2702.4,2254.6
168999.89,40.0,2791.6,2562.8,2185.6
168999.93,40.0,2798.8,2440.8,2143.8
168999.97,40.0,2755.0,2349.0,2108.6
169000.01,40.0,2685.8,2286.6,2090.2
169000.05,40.0,2621.0,2245.2,2073.6
169000.09,40.0,2592.2,2228.0,2071.8
169000.13,40.0,2608.4,2240.4,2074.0
169000.17,40.0,2651.0,2264.6,2077.4
169000.21,40.0,2710.4,2307.6,2095.8
169000.25,40.0,2772.0,2370.4,2116.4
169000.29,40.0,2799.0,2458.8,2147.0
169000.33,40.0,2790.6,2575.8,2190.4
169000.37,40.0,2714.6,2693.8,2257.0
169000.41,40.0,2614.8,2793.8,2335.6
169000.45,40.0,2501.2,2850.4,2425.8
169000.49,40.0,2404.8,2851.4,2518.8
169000.53,40.0,2365.2,2830.2,2567.0
169000.57,40.0,2405.8,2847.4,2521.8
169000.61,40.0,2484.2,2845.0,2436.8
169000.65,40.0,2611.8,2795.2,2338.2
169000.69,40.0,2728.0,2691.0,2251.0
169000.73,40.0,2792.6,2552.8,2185.0
169000.77,40.0,2797.6,2433.8,2136.0
169000.81,40.0,2747.4,2348.2,2105.6
169000.85,40.0,2682.0,2278.6,2086.8
169000.89,40.0,2623.4,2247.2,2078.0
169000.93,40.0,2603.2,2230.2,2072.0
169000.97,40.0,2614.6,2241.6,2078.0
169001.01,40.0,2649.2,2266.0,2083.0
169001.05,40.0,2709.4,2304.4,2097.6
169001.09,40.0,2764.0,2362.4,2116.0
169001.13,40.0,2799.2,2444.8,2144.8
169001.17,40.0,2795.8,2554.6,2183.6
169001.21,40.0,2733.4,2673.6,2242.4
169001.25,40.0,2637.4,2774.2,2318.6
169001.29,40.0,2523.8,2841.8,2400.6
169001.33,40.0,2433.2,2853.2,2495.8
169001.37,40.0,2384.8,2838.8,2536.2
169001.41,40.0,2424.4,2859.4,2499.2
169001.45,40.0,2514.8,2841.2,2415.6
169001.49,40.0,2628.0,2781.6,2320.2
169001.53,40.0,2737.0,2660.4,2232.6
169001.57,40.0,2797.4,2535.4,2173.6
169001.61,40.0,2788.6,2417.6,2138.2
169001.65,40.0,2744.4,2338.4,2106.0
169001.69,40.0,2675.6,2279.6,2090.0
169001.73,40.0,2630.6,2248.4,2081.2
169001.77,40.0,2613.6,2242.4,2076.8
169001.81,40.0,2631.8,2250.2,2079.8
169001.85,40.0,2667.8,2276.6,2087.6
169001.89,40.0,2717.6,2312.6,2098.0
169001.93,40.0,2763.0,2369.4,2116.6
169001.97,40.0,2800.2,2443.0,2142.2
169002.01,40.0,2796.8,2547.8,2183.2
169002.05,40.0,2736.0,2661.4,2237.6
169002.09,40.0,2643.2,2772.8,2313.6
169002.13,40.0,2529.2,2836.8,2403.2
169002.17,40.0,2427.8,2854.6,2502.0
169002.21,40.0,2361.6,2830.2,2562.6
169002.25,40.0,2395.4,2842.2,2532.0
169002.29,40.0,2476.2,2853.8,2446.6
169002.33,40.0,2593.6,2808.0,2347.0
169002.37,40.0,2711.4,2700.8,2254.2
169002.41,40.0,2787.6,2569.8,2192.6
169002.45,40.0,2792.4,2453.0,2147.8
169002.49,40.0,2760.0,2362.0,2113.6
169002.53,40.0,2700.0,2300.2,2093.8
169002.57,40.0,2641.0,2257.0,2081.2
169002.61,40.0,2612.0,2239.6,2077.4
169002.65,40.0,2624.4,2247.2,2075.8
169002.69,40.0,2658.0,2263.6,2082.8
169002.73,40.0,2702.0,2299.4,2096.2
169002.77,40.0,2760.6,2356.8,2114.0
169002.81,40.0,2795.8,2429.2,2134.8
169002.85,40.0,2802.6,2524.0,2172.8
169002.89,40.0,2756.2,2636.2,2222.8
169002.93,40.0,2670.6,2748.4,2293.2
169002.97,40.0,2559.0,2826.6,2376.4
169003.01,40.0,2461.8,2854.4,2470.4
169003.05,40.0,2383.0,2836.8,2550.8
169003.09,40.0,2374.4,2835.6,2551.2
169003.13,40.0,2436.2,2853.8,2490.4
169003.17,40.0,2538.6,2835.0,2389.2
169003.21,40.0,2665.6,2750.6,2294.0
169003.25,40.0,2765.4,2631.6,2215.0
169003.29,40.0,2804.8,2498.4,2161.2
169003.33,40.0,2780.4,2393.4,2121.8
169003.37,40.0,2724.6,2317.4,2098.4
169003.41,40.0,2662.8,2268.8,2085.8
169003.45,40.0,2626.4,2250.0,2077.6
169003.49,40.0,2629.8,2248.6,2076.4
169003.53,40.0,2658.2,2267.2,2083.8
169003.57,40.0,2698.8,2300.8,2094.2
169003.61,40.0,2749.0,2353.2,2109.4
169003.65,40.0,2791.4,2421.4,2137.8
169003.69,40.0,2805.4,2518.8,2172.0
169003.73,40.0,2760.6,2633.8,2222.6
169003.77,40.0,2671.2,2745.0,2292.2
169003.81,40.0,2563.8,2821.4,2374.4
169003.85,40.0,2456.8,2853.2,2467.4
169003.89,40.0,2382.4,2840.4,2549.4
169003.93,40.0,2374.2,2837.0,2550.6
169003.97,40.0,2439.2,2853.4,2483.8
169004.01,40.0,2541.2,2829.2,2390.0
169004.05,40.0,2665.4,2749.2,2291.0
169004.09,40.0,2763.0,2625.4,2214.6
169004.13,40.0,2802.6,2500.4,2161.6
169004.17,40.0,2784.2,2398.0,2125.0
169004.21,40.0,2727.8,2326.6,2103.2
169004.25,40.0,2668.6,2276.2,2084.8
169004.29,40.0,2624.6,2245.2,2081.0
169004.33,40.0,2620.6,2243.4,2077.6
169004.37,40.0,2642.2,2260.4,2078.0
169004.41,40.0,2692.2,2292.0,2092.8
169004.45,40.0,2745.8,2341.0,2105.8
169004.49,40.0,2789.4,2407.6,2132.2
169004.53,40.0,2800.2,2508.0,2165.4
169004.57,40.0,2769.0,2620.0,2216.8
169004.61,40.0,2680.8,2736.0,2287.6
169004.65,40.0,2567.2,2818.6,2370.2
169004.69,40.0,2460.2,2853.4,2459.8
169004.73,40.0,2375.6,2836.2,2547.4
169004.77,40.0,2363.6,2831.6,2565.0
169004.81,40.0,2427.0,2850.4,2497.4
169004.85,40.0,2526.2,2838.0,2396.8
169004.89,40.0,2651.8,2755.8,2301.8
169004.93,40.0,2762.2,2630.2,2219.8
169004.97,40.0,2801.4,2501.8,2162.2
169005.01,40.0,2781.0,2395.6,2116.4
169005.05,40.0,2722.0,2314.4,2101.0
169005.09,40.0,2657.2,2264.6,2085.6
169005.13,40.0,2606.2,2238.8,2075.8
169005.17,40.0,2600.2,2232.6,2075.2
169005.21,40.0,2628.8,2253.2,2079.4
169005.25,40.0,2675.2,2278.8,2089.2
169005.29,40.0,2728.4,2327.6,2105.6
169005.33,40.0,2779.6,2394.6,2127.0
169005.37,40.0,2803.2,2489.2,2159.8
169005.41,40.0,2774.0,2601.2,2205.2
169005.45,40.0,2692.6,2720.6,2276.6
169005.49,40.0,2581.2,2814.0,2364.8
169005.53,40.0,2460.8,2855.0,2466.8
169005.57,40.0,2369.2,2840.8,2563.0
169005.61,40.0,2332.0,2808.4,2601.4
169005.65,40.0,2369.0,2840.0,2557.4
169005.69,40.0,2462.6,2848.2,2463.4
169005.73,40.0,2585.8,2810.4,2353.2
169005.77,40.0,2714.2,2704.8,2258.0
169005.81,40.0,2795.4,2566.8,2188.0
169005.85,40.0,2798.0,2442.2,2141.0
169005.89,40.0,2756.2,2350.2,2108.4
169005.93,40.0,2684.0,2286.6,2089.8
169005.97,40.0,2630.2,2247.8,2075.0
169006.01,40.0,2603.8,2236.4,2078.6
169006.05,40.0,2624.4,2247.4,2080.4
169006.09,40.0,2661.8,2270.2,2083.6
169006.13,40.0,2727.0,2316.0,2103.0
169006.17,40.0,2775.4,2384.6,2125.2
169006.21,40.0,2809.8,2471.0,2151.4
169006.25,40.0,2783.2,2577.4,2197.8
169006.29,40.0,2713.4,2695.2,2255.0
169006.33,40.0,2606.8,2796.2,2341.8
169006.37,40.0,2495.0,2847.2,2436.0
169006.41,40.0,2401.2,2843.8,2527.8
169006.45,40.0,2367.8,2830.6,2555.6
169006.49,40.0,2420.4,2848.0,2505.0
169006.53,40.0,2514.6,2840.8,2409.8
169006.57,40.0,2633.6,2774.6,2313.2
169006.61,40.0,2739.2,2662.2,2234.0
169006.65,40.0,2801.4,2532.6,2172.2
169006.69,40.0,2791.4,2424.8,2131.8
169006.73,40.0,2741.6,2335.4,2107.8
169006.77,40.0,2682.8,2283.4,2092.0
169006.81,40.0,2626.6,2246.8,2078.6
169006.85,40.0,2606.0,2237.8,2075.2
169006.89,40.0,2622.4,2246.4,2077.2
169006.93,40.0,2665.2,2269.2,2082.0
169006.97,40.0,2718.4,2313.4,2100.4
169007.01,40.0,2769.8,2377.4,2116.6
169007.05,40.0,2797.2,2469.6,2151.0
169007.09,40.0,2781.8,2584.2,2199.8
169007.13,40.0,2703.2,2708.6,2263.2
169007.17,40.0,2587.8,2813.0,2356.2
169007.21,40.0,2467.2,2855.4,2460.8
169007.25,40.0,2367.4,2836.6,2563.0
169007.29,40.0,2324.2,2805.2,2611.2
169007.33,40.0,2366.2,2835.8,2565.8
169007.37,40.0,2450.6,2848.4,2470.2
169007.41,40.0,2571.8,2816.6,2367.0
169007.45,40.0,2694.2,2718.0,2266.8
169007.49,40.0,2785.0,2580.0,2194.8
169007.53,40.0,2797.4,2457.2,2146.4
169007.57,40.0,2758.2,2357.2,2115.4
169007.61,40.0,2688.2,2287.8,2088.4
169007.65,40.0,2618.0,2242.2,2081.8
169007.69,40.0,2586.4,2225.8,2073.0
169007.73,40.0,2588.4,2231.2,2072.4
169007.77,40.0,2626.2,2245.0,2079.8
169007.81,40.0,2669.8,2277.2,2087.2
169007.85,40.0,2724.4,2323.0,2101.2
169007.89,40.0,2774.2,2398.2,2125.8
169007.93,40.0,2801.6,2498.0,2162.6
169007.97,40.0,2765.6,2609.4,2207.4
169008.01,40.0,2684.6,2729.8,2282.6
169008.05,40.0,2574.0,2819.0,2365.8
169008.09,40.0,2465.4,2853.6,2461.4
169008.13,40.0,2383.6,2841.2,2549.0
169008.17,40.0,2356.8,2826.4,2575.4
169008.21,40.0,2408.0,2846.4,2516.8
169008.25,40.0,2509.4,2845.6,2418.8
169008.29,40.0,2632.6,2776.0,2319.6
169008.33,40.0,2740.6,2661.4,2237.6
169008.37,40.0,2797.4,2527.6,2175.6
169008.41,40.0,2790.4,2421.8,2131.6
169008.45,40.0,2739.8,2337.0,2107.4
169008.49,40.0,2676.8,2278.4,2087.0
169008.53,40.0,2629.0,2247.6,2081.0
169008.57,40.0,2607.4,2237.2,2073.2
169008.61,40.0,2629.4,2245.2,2080.0
169008.65,40.0,2660.4,2272.4,2086.4
169008.69,40.0,2710.2,2303.8,2095.8
169008.73,40.0,2756.8,2361.0,2114.8
169008.77,40.0,2792.0,2434.8,2139.0
169008.81,40.0,2801.2,2533.6,2176.4
169008.85,40.0,2746.0,2647.4,2235.8
169008.89,40.0,2652.8,2758.2,2301.4
169008.93,40.0,2535.6,2833.2,2397.2
169008.97,40.0,2433.4,2851.0,2490.8
169009.01,40.0,2367.4,2829.4,2558.0
169009.05,40.0,2385.0,2838.6,2538.2
169009.09,40.0,2465.6,2851.2,2456.4
169009.13,40.0,2572.6,2818.4,2365.4
169009.17,40.0,2689.4,2722.6,2270.4
169009.21,40.0,2775.6,2599.0,2202.8
169009.25,40.0,2803.8,2477.4,2151.2
169009.29,40.0,2775.8,2383.2,2124.2
169009.33,40.0,2717.0,2310.4,2096.2
169009.37,40.0,2645.8,2261.6,2077.6
169009.41,40.0,2606.0,2233.8,2075.0
169009.45,40.0,2606.0,2232.8,2075.4
169009.49,40.0,2643.4,2258.2,2081.4
169009.53,40.0,2689.0,2294.0,2090.2
169009.57,40.0,2750.0,2342.4,2105.8
169009.61,40.0,2792.6,2424.6,2138.4
169009.65,40.0,2800.6,2532.6,2175.2
169009.69,40.0,2747.2,2650.4,2235.6
169009.73,40.0,2646.0,2766.8,2307.0
169009.77,40.0,2526.4,2836.6,2406.4
169009.81,40.0,2419.2,2855.8,2500.6
169009.85,40.0,2347.8,2827.0,2577.6
169009.89,40.0,2361.6,2831.8,2567.4
169009.93,40.0,2429.8,2849.6,2493.2
169009.97,40.0,2530.4,2836.2,2399.0
169010.01,40.0,2651.6,2758.6,2303.8
169010.05,40.0,2755.4,2636.2,2222.8
169010.09,40.0,2798.6,2504.2,2158.8
169010.13,40.0,2784.8,2397.2,2122.8
169010.17,40.0,2719.2,2315.0,2099.4
169010.21,40.0,2648.4,2259.0,2080.8
169010.25,40.0,2601.8,2234.4,2075.2
169010.29,40.0,2580.2,2229.0,2073.4
169010.33,40.0,2607.8,2233.4,2073.0
169010.37,40.0,2656.4,2264.8,2083.4
169010.41,40.0,2714.8,2309.2,2097.8
169010.45,40.0,2772.8,2382.8,2122.4
