15706.0194129508,40,2174.4,2656,2764.8,0.0969288128934189,0,738684.495717818,1146,1,0
15706.0594120172,40,2176.8,2655.4,2759,0.0931441654375258,0,738684.49571828,1146,1,0
15706.0994110836,40,2178.6,2656,2766.4,0.0969288128934189,0,738684.495718743,1146,1,0
15706.13941015,40,2176.8,2655.6,2764.6,0.0969288128934189,0,738684.495719206,1146,1,0
15706.1794092164,40,2177,2653.8,2763,0.0969288128934189,0,738684.495719669,1146,1,0
15706.2194082828,40,2179,2652.8,2755.8,0.0931441654375258,0,738684.495720132,1146,1,0
15706.2594073492,40,2177.4,2643.8,2745.6,0.0857534108851557,0,738684.495720595,1146,1,0
15706.2994064156,40,2177.8,2652.4,2731,0.0820981935517319,0,738684.495721058,1146,1,0
15706.339405482,40,2194.2,2668.2,2690.2,0.0747690666690938,0,738684.495721521,1146,1,0
15706.3794045484,40,2221.8,2698.4,2637.4,0.224441015262353,0,738684.495721984,1146,1,0
15706.4194036148,40,2278.2,2742,2544.4,0.293663819679541,0,738684.495722447,1146,1,0
15706.4594026812,40,2357.8,2745.6,2419.6,0.38135234540336,0,738684.49572291,1146,1,0
15706.4994017476,40,2461.4,2666.2,2290.8,0.522126052443221,0,738684.495723373,1146,1,0
15706.539400814,40,2550.6,2525.2,2192,0.661398248029182,0,738684.495723836,1146,1,0
15706.5793998804,40,2569.6,2375.2,2125,0.786278650390616,0,738684.495724299,1146,1,0
15706.6193989468,40,2517.8,2268.8,2087,0.864724653185449,0,738684.495724762,1146,1,0
15706.6593980132,40,2439.8,2196,2064.6,0.928397096983629,0,738684.495725225,1146,1,0
15706.6993970796,40,2369.6,2156.2,2052.6,0.975376895053477,0,738684.495725688,1146,1,0
15706.739396146,40,2323,2128.4,2044.8,1,0,738684.495726151,1146,1,0
15706.7793952124,40,2303.6,2118,2040,1,0,738684.495726614,1146,1,0
15706.8193942788,40,2295.8,2121,2040.4,1,0,738684.495727077,1146,1,0
15706.8593933452,40,2309.2,2123.6,2043.2,1,0,738684.49572754,1146,1,0
15706.8993924116,40,2330.2,2135.6,2045.4,1,0,738684.495728003,1146,1,0
15706.939391478,40,2364.4,2158.6,2055.4,0.975376895053477,0,738684.495728465,1146,1,0
15706.9793905444,40,2411,2201.2,2071.6,0.939909252434471,0,738684.495728928,1146,1,0
15707.0193896108,40,2464,2268.2,2096,0.889926901112563,0,738684.495729391,1146,1,0
15707.0593886772,40,2520.4,2383,2138.6,0.797274419786194,0,738684.495729854,1146,1,0
15707.0993877436,40,2528,2537.8,2206.6,0.648129975506603,0,738684.495730317,1146,1,0
15707.13938681,40,2479.4,2712.8,2311.4,0.499855013752571,0,738684.49573078,1146,1,0
15707.1793858764,40,2377.8,2832.2,2455.8,0.373555726838669,0,738684.495731243,1146,1,0
15707.2193849428,40,2290.4,2793.2,2567.6,0.293663819679541,0,738684.495731706,1146,1,0
15707.2593840092,40,2263,2718.4,2550.2,0.293663819679541,0,738684.495732169,1146,1,0
15707.2993830756,40,2303.2,2737.2,2491,0.333857759187155,0,738684.495732632,1146,1,0
15707.339382142,40,2390,2734.2,2383,0.437743532746865,0,738684.495733095,1146,1,0
15707.3793812084,40,2506,2658.6,2271.8,0.544405753883346,0,738684.495733558,1146,1,0
15707.4193802748,40,2595.8,2484.8,2167.2,0.697122148361531,0,738684.495734021,1146,1,0
15707.4593793412,40,2570.2,2323.8,2107.4,0.816378308563394,0,738684.495734484,1146,1,0
15707.4993784076,40,2476.6,2224.8,2069.2,0.900451621459986,0,738684.495734947,1146,1,0
15707.539377474,40,2384.6,2157.8,2052.6,0.969330739042227,0,738684.49573541,1146,1,0
15707.5793765404,40,2315.4,2134.6,2047.2,1,0,738684.495735873,1146,1,0
15707.6193756068,40,2271.4,2114,2039.8,1,0,738684.495736336,1146,1,0
15707.6593746732,40,2279,2118.8,2043.4,1,0,738684.495736799,1146,1,0
15707.6993737396,40,2309.2,2136,2048.4,1,0,738684.495737261,1146,1,0
15707.739372806,40,2351,2154,2053.8,0.98760735140419,0,738684.495737724,1146,1,0
15707.7793718724,40,2421.6,2206.8,2072.2,0.934145162156038,0,738684.495738187,1146,1,0
15707.8193709388,40,2487.2,2282,2101.6,0.869646511663396,0,738684.49573865,1146,1,0
15707.8593700052,40,2527.6,2402.6,2146.2,0.772233014043569,0,738684.495739113,1146,1,0
15707.8993690716,40,2512,2551,2221.2,0.624241290397594,0,738684.495739576,1146,1,0
15707.939368138,40,2438.4,2686.4,2318.2,0.495740077303994,0,738684.495740039,1146,1,0
15707.9793672044,40,2340.6,2749.6,2443.8,0.36546342842044,0,738684.495740502,1146,1,0
15708.0193662708,40,2277.4,2727.4,2532.8,0.30735679854272,0,738684.495740965,1146,1,0
15708.0593653372,40,2275.6,2723.8,2528.4,0.30735679854272,0,738684.495741428,1146,1,0
15708.0993644036,40,2332.4,2741.2,2455.2,0.356497976346759,0,738684.495741891,1146,1,0
15708.13936347,40,2404,2707.4,2350.4,0.473941473653243,0,738684.495742354,1146,1,0
15708.1793625364,40,2486.2,2588.2,2241.2,0.576956288034028,0,738684.495742817,1146,1,0
15708.2193616028,40,2536.6,2436,2157.8,0.738923200384679,0,738684.49574328,1146,1,0
15708.2593606692,40,2506.8,2303.2,2104,0.850530689995972,0,738684.495743743,1146,1,0
15708.2993597356,40,2436.2,2217.8,2074.2,0.922681122048444,0,738684.495744206,1146,1,0
15708.339358802,40,2362.6,2165,2063.2,0.975376895053477,0,738684.495744669,1146,1,0
15708.3793578684,40,2305.6,2141.4,2049.4,1,0,738684.495745132,1146,1,0
15708.4193569348,40,2270.6,2123.2,2046,1,0,738684.495745595,1146,1,0
15708.4593560012,40,2273.4,2118.2,2045.2,1,0,738684.495746058,1146,1,0
15708.4993550676,40,2299.4,2132,2047.2,1,0,738684.495746521,1146,1,0
15708.539354134,40,2342,2156.4,2055,0.98760735140419,0,738684.495746984,1146,1,0
15708.5793532004,40,2411.8,2199.6,2069.8,0.939909252434471,0,738684.495747446,1146,1,0
15708.6193522668,40,2488,2272.2,2095.6,0.874641614251024,0,738684.495747909,1146,1,0
15708.6593513332,40,2544.4,2386.4,2136.4,0.786278650390616,0,738684.495748372,1146,1,0
15708.6993503996,40,2529,2531.6,2206.2,0.65145812481641,0,738684.495748835,1146,1,0
15708.739349466,40,2456.4,2672.2,2302.6,0.512624500175845,0,738684.495749298,1146,1,0
15708.7793485324,40,2361.2,2740,2423,0.38135234540336,0,738684.495749761,1146,1,0
15708.8193475988,40,2291.6,2725.2,2508.8,0.320891404714916,0,738684.495750224,1146,1,0
15708.8593466652,40,2288.8,2714.4,2502.8,0.320891404714916,0,738684.495750687,1146,1,0
15708.8993457316,40,2338.6,2729.4,2432.6,0.373555726838669,0,738684.49575115,1146,1,0
15708.939344798,40,2409.4,2690.6,2341.4,0.478648808335904,0,738684.495751613,1146,1,0
15708.9793438644,40,2486.8,2568.8,2229.6,0.591669078597459,0,738684.495752076,1146,1,0
15709.0193429308,40,2526,2410.4,2152.4,0.76545499769829,0,738684.495752539,1146,1,0
15709.0593419972,40,2500.4,2284.6,2097.8,0.864724653185449,0,738684.495753002,1146,1,0
15709.0993410636,40,2422.2,2208.4,2076.4,0.934145162156038,0,738684.495753465,1146,1,0
15709.13934013,40,2350.2,2158,2053.6,0.981470191009929,0,738684.495753928,1146,1,0
15709.1793391964,40,2297.4,2132.2,2049.2,1,0,738684.495754391,1146,1,0
15709.2193382628,40,2268.6,2119.6,2047,1,0,738684.495754854,1146,1,0
15709.2593373292,40,2278.2,2121,2047.8,1,0,738684.495755317,1146,1,0
15709.2993363956,40,2303.2,2132.8,2047,1,0,738684.49575578,1146,1,0
15709.339335462,40,2353.2,2160.2,2057.4,0.981470191009929,0,738684.495756243,1146,1,0
15709.3793345284,40,2422.2,2207.4,2072.4,0.934145162156038,0,738684.495756706,1146,1,0
15709.4193335948,40,2497.8,2291.2,2102,0.864724653185449,0,738684.495757169,1146,1,0
15709.4593326612,40,2550,2419.2,2152.8,0.755350806424959,0,738684.495757631,1146,1,0
15709.4993317276,40,2520.8,2573,2231.8,0.600935927986466,0,738684.495758094,1146,1,0
15709.539330794,40,2437.4,2711.8,2334.4,0.483127937558863,0,738684.495758557,1146,1,0
15709.5793298604,40,2337,2758.6,2462.6,0.356497976346759,0,738684.49575902,1146,1,0
15709.6193289268,40,2266.4,2713.8,2539.2,0.293663819679541,0,738684.495759483,1146,1,0
15709.6593279932,40,2277.4,2722,2529.4,0.30735679854272,0,738684.495759946,1146,1,0
15709.6993270596,40,2330,2738.6,2459.8,0.356497976346759,0,738684.495760409,1146,1,0
15709.739326126,40,2403,2691.8,2346.2,0.478648808335904,0,738684.495760872,1146,1,0
15709.7793251924,40,2482.6,2578.4,2239.8,0.581917536525862,0,738684.495761335,1146,1,0
15709.8193242588,40,2530.6,2417.6,2152.4,0.762074286926242,0,738684.495761798,1146,1,0
15709.8593233252,40,2494.2,2289.2,2102,0.864724653185449,0,738684.495762261,1146,1,0
15709.8993223916,40,2422.4,2208.2,2072.2,0.934145162156038,0,738684.495762724,1146,1,0
15709.939321458,40,2347.6,2161.6,2056.4,0.981470191009929,0,738684.495763187,1146,1,0
15709.9793205244,40,2292.8,2129.4,2048.8,1,0,738684.49576365,1146,1,0
15710.0193195908,40,2269.8,2125.6,2045,1,0,738684.495764113,1146,1,0
15710.0593186572,40,2273.8,2119.8,2049.8,1,0,738684.495764576,1146,1,0
15710.0993177236,40,2304.6,2136,2051.6,1,0,738684.495765039,1146,1,0
15710.13931679,40,2353.4,2162.2,2057,0.981470191009929,0,738684.495765502,1146,1,0
15710.1793158564,40,2428.4,2213.4,2069.6,0.928397096983629,0,738684.495765965,1146,1,0
15710.2193149228,40,2509.8,2299.6,2103.2,0.855154006574624,0,738684.495766427,1146,1,0
15710.2593139892,40,2552.4,2427.2,2153.8,0.745419432004827,0,738684.49576689,1146,1,0
15710.2993130556,40,2517.6,2571.2,2226.8,0.605299016202904,0,738684.495767353,1146,1,0
15710.339312122,40,2430.4,2699.2,2330,0.487427987606295,0,738684.495767816,1146,1,0
15710.3793111884,40,2337.8,2747.2,2452.8,0.36546342842044,0,738684.495768279,1146,1,0
15710.4193102548,40,2272,2724.6,2544.2,0.293663819679541,0,738684.495768742,1146,1,0
15710.4593093212,40,2265,2715.4,2543.4,0.293663819679541,0,738684.495769205,1146,1,0
15710.4993083876,40,2314.8,2737.8,2482.4,0.345854372631172,0,738684.495769668,1146,1,0
15710.539307454,40,2376.8,2716.4,2387.2,0.415835616278058,0,738684.495770131,1146,1,0
15710.5793065204,40,2467,2616.6,2262.4,0.544405753883346,0,738684.495770594,1146,1,0
15710.6193055868,40,2531,2464.4,2172.2,0.713170366876487,0,738684.495771057,1146,1,0
15710.6593046532,40,2516.6,2322.6,2110.8,0.837305347240683,0,738684.49577152,1146,1,0
15710.6993037196,40,2448.8,2227.6,2074.8,0.91140871723736,0,738684.495771983,1146,1,0
15710.739302786,40,2370.8,2171.6,2057.4,0.969330739042227,0,738684.495772446,1146,1,0
15710.7793018524,40,2306.2,2133.8,2048.8,1,0,738684.495772909,1146,1,0
15710.8193009188,40,2271.8,2123,2048.8,1,0,738684.495773372,1146,1,0
15710.8592999852,40,2276,2122.2,2044,1,0,738684.495773835,1146,1,0
15710.8992990516,40,2298.4,2132.2,2046,1,0,738684.495774298,1146,1,0
15710.939298118,40,2343.2,2154.6,2054.6,0.98760735140419,0,738684.495774761,1146,1,0
15710.9792971844,40,2411,2198.4,2067.8,0.939909252434471,0,738684.495775224,1146,1,0
15711.0192962508,40,2489.2,2273,2093,0.874641614251024,0,738684.495775687,1146,1,0
15711.0592953172,40,2546.4,2386.2,2138.4,0.782692588654786,0,738684.495776149,1146,1,0
15711.0992943836,40,2535.6,2531.4,2202.6,0.65145812481641,0,738684.495776612,1146,1,0
15711.13929345,40,2464.4,2672.2,2298.2,0.517222600490522,0,738684.495777075,1146,1,0
15711.1792925164,40,2369.6,2751,2410.6,0.396076922961512,0,738684.495777538,1146,1,0
15711.2192915828,40,2287.8,2741.6,2516.6,0.320891404714916,0,738684.495778001,1146,1,0
15711.2592906492,40,2277.4,2721.2,2528.8,0.30735679854272,0,738684.495778464,1146,1,0
15711.2992897156,40,2312.4,2744.4,2477.6,0.345854372631172,0,738684.495778927,1146,1,0
15711.339288782,40,2378.4,2719.6,2381.6,0.443015536937748,0,738684.49577939,1146,1,0
15711.3792878484,40,2468,2621,2265.4,0.544405753883346,0,738684.495779853,1146,1,0
15711.4192869148,40,2526.6,2459.4,2171.6,0.719586640122297,0,738684.495780316,1146,1,0
15711.4592859812,40,2518.2,2322.8,2113,0.837305347240683,0,738684.495780779,1146,1,0
15711.4992850476,40,2451.6,2230.4,2077.8,0.91140871723736,0,738684.495781242,1146,1,0
15711.539284114,40,2379.8,2174.6,2060,0.963334962218702,0,738684.495781705,1146,1,0
15711.5792831804,40,2318.4,2140.8,2051,1,0,738684.495782168,1146,1,0
15711.6192822468,40,2273.6,2120.2,2049.2,1,0,738684.495782631,1146,1,0
15711.6592813132,40,2263.6,2119.4,2044.2,1,0,738684.495783094,1146,1,0
15711.6992803796,40,2291,2131,2046.2,1,0,738684.495783557,1146,1,0
15711.739279446,40,2339.2,2153.2,2054.6,0.993785067485734,0,738684.49578402,1146,1,0
15711.7792785124,40,2408.6,2197,2066.8,0.939909252434471,0,738684.495784483,1146,1,0
15711.8192775788,40,2489.6,2269,2093.6,0.874641614251024,0,738684.495784946,1146,1,0
15711.8592766452,40,2546.8,2388.8,2137.6,0.782692588654786,0,738684.495785409,1146,1,0
15711.8992757116,40,2530.6,2530.4,2203.2,0.65145812481641,0,738684.495785872,1146,1,0
15711.939274778,40,2460.2,2666.8,2299.6,0.517222600490522,0,738684.495786335,1146,1,0
15711.9792738444,40,2366.4,2742.8,2415,0.38886050242203,0,738684.495786797,1146,1,0
15712.0192729108,40,2292,2725,2502.4,0.320891404714916,0,738684.49578726,1146,1,0
15712.0592719772,40,2289.2,2723,2508.6,0.320891404714916,0,738684.495787723,1146,1,0
15712.0992710436,40,2328.4,2728.2,2454.6,0.356497976346759,0,738684.495788186,1146,1,0
15712.13927011,40,2398.4,2689.6,2355,0.473941473653243,0,738684.495788649,1146,1,0
15712.1792691764,40,2487.2,2592.2,2246.4,0.571991559090702,0,738684.495789112,1146,1,0
15712.2192682428,40,2547.6,2442.8,2159.8,0.73246794223773,0,738684.495789575,1146,1,0
15712.2592673092,40,2524.6,2309.6,2104.6,0.841648031306038,0,738684.495790038,1146,1,0
15712.2992663756,40,2447,2219,2073,0.917013117136947,0,738684.495790501,1146,1,0
15712.339265442,40,2373.2,2168.2,2061,0.969330739042227,0,738684.495790964,1146,1,0
15712.3792645084,40,2316.4,2134.8,2047.6,1,0,738684.495791427,1146,1,0
15712.4192635748,40,2271.4,2121.4,2045.6,1,0,738684.49579189,1146,1,0
15712.4592626412,40,2266.6,2118,2042.8,1,0,738684.495792353,1146,1,0
15712.4992617076,40,2292.6,2127.8,2048.4,1,0,738684.495792816,1146,1,0
15712.539260774,40,2331,2146.2,2052.6,1,0,738684.495793279,1146,1,0
15712.5792598404,40,2388.4,2180.6,2063.4,0.957392764220256,0,738684.495793742,1146,1,0
15712.6192589068,40,2464,2243,2084,0.900451621459986,0,738684.495794205,1146,1,0
15712.6592579732,40,2529,2343.4,2121.8,0.820429400219418,0,738684.495794668,1146,1,0
15712.6992570396,40,2547.6,2472.6,2179.8,0.703551912933977,0,738684.49579513,1146,1,0
15712.739256106,40,2494.2,2615.2,2254.4,0.561591735227539,0,738684.495795593,1146,1,0
15712.7792551724,40,2412.6,2717.2,2357,0.469043195516147,0,738684.495796056,1146,1,0
15712.8192542388,40,2329.8,2742.8,2452.8,0.356497976346759,0,738684.495796519,1146,1,0
15712.8592533052,40,2304.4,2718,2486,0.333857759187155,0,738684.495796982,1146,1,0
15712.8992523716,40,2333.6,2732.4,2451,0.356497976346759,0,738684.495797445,1146,1,0
15712.939251438,40,2391.8,2703.8,2366,0.463991214758112,0,738684.495797908,1146,1,0
15712.9792505044,40,2462.6,2608.4,2264.4,0.544405753883346,0,738684.495798371,1146,1,0
15713.0192495708,40,2518.6,2466,2175.4,0.709966050179064,0,738684.495798834,1146,1,0
15713.0592486372,40,2520.6,2337.4,2123.2,0.828749855133686,0,738684.495799297,1146,1,0
15713.0992477036,40,2467.8,2245.2,2086,0.895128281408961,0,738684.49579976,1146,1,0
15713.13924677,40,2388.6,2183.6,2065.8,0.957392764220256,0,738684.495800223,1146,1,0
15713.1792458364,40,2331.2,2146.6,2053.8,0.993785067485734,0,738684.495800686,1146,1,0
15713.2192449028,40,2288.2,2126.4,2049.6,1,0,738684.495801149,1146,1,0
15713.2592439692,40,2273.4,2121.8,2047.2,1,0,738684.495801612,1146,1,0
15713.2992430356,40,2280.4,2125.2,2046.6,1,0,738684.495802075,1146,1,0
15713.339242102,40,2319.8,2142.6,2051.6,1,0,738684.495802538,1146,1,0
15713.3792411684,40,2375.6,2171.8,2057.4,0.969330739042227,0,738684.495803001,1146,1,0
15713.4192402348,40,2456,2229.2,2080.8,0.90588324353745,0,738684.495803464,1146,1,0
15713.4592393012,40,2530.2,2314.2,2110.6,0.837305347240683,0,738684.495803927,1146,1,0
15713.4992383676,40,2548.2,2442,2164.2,0.73246794223773,0,738684.49580439,1146,1,0
15713.539237434,40,2508.4,2579,2232,0.596381495302282,0,738684.495804853,1146,1,0
15713.5792365004,40,2437.2,2692.8,2327.2,0.491613825047665,0,738684.495805315,1146,1,0
15713.6192355668,40,2349.2,2742.6,2427.8,0.373555726838669,0,738684.495805778,1146,1,0
15713.6592346332,40,2310.8,2721.8,2477.4,0.345854372631172,0,738684.495806241,1146,1,0
15713.6992336996,40,2337,2732.6,2449.2,0.36546342842044,0,738684.495806704,1146,1,0
15713.739232766,40,2388.6,2712.4,2372,0.458824823815669,0,738684.495807167,1146,1,0
15713.7792318324,40,2465.6,2631,2275.8,0.538592179709432,0,738684.49580763,1146,1,0
15713.8192308988,40,2526.4,2491,2186,0.687448072586759,0,738684.495808093,1146,1,0
15713.8592299652,40,2533.4,2352.6,2121.6,0.812409570046606,0,738684.495808556,1146,1,0
15713.8992290316,40,2471.8,2253.2,2090.4,0.889926901112563,0,738684.495809019,1146,1,0
15713.939228098,40,2402.8,2188,2069.6,0.945681682617138,0,738684.495809482,1146,1,0
15713.9792271644,40,2342,2146.8,2053.8,0.993785067485734,0,738684.495809945,1146,1,0
15714.0192262308,40,2295.8,2131,2048.4,1,0,738684.495810408,1146,1,0
15714.0592252972,40,2270.4,2123,2046.2,1,0,738684.495810871,1146,1,0
15714.0992243636,40,2276.2,2123,2047.6,1,0,738684.495811334,1146,1,0
15714.13922343,40,2307.8,2137,2054.8,1,0,738684.495811797,1146,1,0
15714.1792224964,40,2359,2164.4,2060,0.975376895053477,0,738684.49581226,1146,1,0
15714.2192215628,40,2434.8,2211.8,2073.8,0.922681122048444,0,738684.495812723,1146,1,0
15714.2592206292,40,2509.6,2293.4,2100.6,0.855154006574624,0,738684.495813186,1146,1,0
15714.2992196956,40,2549.2,2410.6,2149,0.762074286926242,0,738684.495813649,1146,1,0
15714.339218762,40,2521.2,2555.4,2217.6,0.624241290397594,0,738684.495814112,1146,1,0
15714.3792178284,40,2449.6,2683,2312.2,0.504005523414082,0,738684.495814575,1146,1,0
15714.4192168948,40,2362.6,2749.8,2420,0.38886050242203,0,738684.495815038,1146,1,0
15714.4592159612,40,2303.8,2718.6,2483.4,0.333857759187155,0,738684.4958155,1146,1,0
15714.4992150276,40,2308.2,2715.8,2469.2,0.345854372631172,0,738684.495815963,1146,1,0
15714.539214094,40,2353.6,2713.8,2403.2,0.38886050242203,0,738684.495816426,1146,1,0
15714.5792131604,40,2420.4,2656.6,2316.6,0.504005523414082,0,738684.495816889,1146,1,0
15714.6192122268,40,2491.4,2545.2,2224,0.624241290397594,0,738684.495817352,1146,1,0
15714.6592112932,40,2536,2412,2149.8,0.76545499769829,0,738684.495817815,1146,1,0
15714.6992103596,40,2507.8,2294,2102.2,0.855154006574624,0,738684.495818278,1146,1,0
15714.739209426,40,2440.4,2214,2074.4,0.922681122048444,0,738684.495818741,1146,1,0
15714.7792084924,40,2374.8,2168,2057.8,0.969330739042227,0,738684.495819204,1146,1,0
15714.8192075588,40,2314.6,2139,2048,1,0,738684.495819667,1146,1,0
15714.8592066252,40,2277,2126.2,2046.8,1,0,738684.49582013,1146,1,0
15714.8992056916,40,2273.4,2123.4,2046.8,1,0,738684.495820593,1146,1,0
15714.939204758,40,2301.8,2134.4,2049.4,1,0,738684.495821056,1146,1,0
15714.9792038244,40,2344.8,2155.8,2055.4,0.98760735140419,0,738684.495821519,1146,1,0
15715.0192028908,40,2414,2196,2066.4,0.939909252434471,0,738684.495821982,1146,1,0
15715.0592019572,40,2494.4,2262.8,2089.6,0.874641614251024,0,738684.495822445,1146,1,0
15715.0992010236,40,2548.4,2368.2,2130,0.797274419786194,0,738684.495822908,1146,1,0
15715.13920009,40,2545,2499,2188.4,0.680981033552426,0,738684.495823371,1146,1,0
15715.1791991564,40,2480.6,2629,2265.4,0.544405753883346,0,738684.495823834,1146,1,0
15715.2191982228,40,2400.2,2718,2367.4,0.463991214758112,0,738684.495824296,1146,1,0
15715.2591972892,40,2327.4,2728.4,2453,0.356497976346759,0,738684.495824759,1146,1,0
15715.2991963556,40,2309.8,2716,2476.8,0.345854372631172,0,738684.495825222,1146,1,0
15715.339195422,40,2344,2724.8,2429.6,0.373555726838669,0,738684.495825685,1146,1,0
15715.3791944884,40,2402.2,2682,2341,0.483127937558863,0,738684.495826148,1146,1,0
15715.4191935548,40,2478.4,2583.8,2247.2,0.571991559090702,0,738684.495826611,1146,1,0
15715.4591926212,40,2533,2452.4,2167.6,0.72601963564692,0,738684.495827074,1146,1,0
15715.4991916876,40,2523.8,2320.8,2111.4,0.837305347240683,0,738684.495827537,1146,1,0
15715.539190754,40,2465.4,2234.4,2083,0.900451621459986,0,738684.495828,1146,1,0
15715.5791898204,40,2392,2180.6,2063.6,0.957392764220256,0,738684.495828463,1146,1,0
15715.6191888868,40,2332.8,2146.2,2053.2,0.993785067485734,0,738684.495828926,1146,1,0
15715.6591879532,40,2290.2,2127.8,2048.6,1,0,738684.495829389,1146,1,0
15715.6991870196,40,2278.2,2126.6,2046.8,1,0,738684.495829852,1146,1,0
15715.739186086,40,2292.8,2130.4,2049.8,1,0,738684.495830315,1146,1,0
15715.7791851524,40,2323.8,2140.2,2054,1,0,738684.495830778,1146,1,0
15715.8191842188,40,2376,2179,2065.8,0.963334962218702,0,738684.495831241,1146,1,0
15715.8591832852,40,2447,2239.2,2080,0.91140871723736,0,738684.495831704,1146,1,0
15715.8991823516,40,2524,2328,2113,0.833002741240853,0,738684.495832167,1146,1,0
15715.939181418,40,2560.6,2455.6,2166.8,0.722800925966807,0,738684.49583263,1146,1,0
15715.9791804844,40,2530.6,2616.8,2244,0.576956288034028,0,738684.495833093,1146,1,0
15716.0191795508,40,2445.6,2748.8,2341.2,0.473941473653243,0,738684.495833556,1146,1,0
15716.0591786172,40,2354,2790.6,2451.6,0.36546342842044,0,738684.495834019,1146,1,0
15716.0991776836,40,2297.6,2717.2,2481.8,0.333857759187155,0,738684.495834481,1146,1,0
15716.13917675,40,2324.4,2725.6,2453.8,0.356497976346759,0,738684.495834944,1146,1,0
15716.1791758164,40,2393.6,2747.6,2386,0.421730440329805,0,738684.495835407,1146,1,0
15716.2191748828,40,2472,2676.6,2292.4,0.517222600490522,0,738684.49583587,1146,1,0
15716.2591739492,40,2541.4,2528.6,2201,0.654780064308406,0,738684.495836333,1146,1,0
15716.2991730156,40,2547.8,2374.6,2130.2,0.793575316906683,0,738684.495836796,1146,1,0
15716.339172082,40,2493,2264.2,2088.6,0.874641614251024,0,738684.495837259,1146,1,0
15716.4221701447,83,2338,2153.6,2051.8,0.993785067485734,0,738684.49583822,1146,1,0
15716.4621692111,40,2286.4,2125.2,2050.2,1,0,738684.495838683,1146,1,0
15716.5021682775,40,2269.4,2122.4,2043.4,1,0,738684.495839146,1146,1,0
15716.5421673439,40,2273.2,2123.2,2046.2,1,0,738684.495839609,1146,1,0
15716.5821664103,40,2295.8,2126,2046.4,1,0,738684.495840072,1146,1,0
15716.6221654767,40,2309.8,2134.8,2045.8,1,0,738684.495840535,1146,1,0
15716.6621645431,40,2325.6,2138.2,2046.4,1,0,738684.495840998,1146,1,0
15716.7021636095,40,2331.6,2142.2,2051.6,1,0,738684.49584146,1146,1,0
15716.7421626759,40,2335.4,2145.2,2053.6,0.993785067485734,0,738684.495841923,1146,1,0
15716.7821617423,40,2337.2,2142.4,2052.4,0.993785067485734,0,738684.495842386,1146,1,0
15716.8221608087,40,2341.8,2144.2,2054.2,0.993785067485734,0,738684.495842849,1146,1,0
15716.8621598751,40,2346.4,2150,2052,0.98760735140419,0,738684.495843312,1146,1,0
15716.9021589415,40,2349.4,2149.2,2052.4,0.98760735140419,0,738684.495843775,1146,1,0
15716.9421580079,40,2350.6,2153.6,2050.6,0.98760735140419,0,738684.495844238,1146,1,0
15716.9821570743,40,2352.2,2152,2056,0.981470191009929,0,738684.495844701,1146,1,0
15717.0221561407,40,2353,2153.2,2056.4,0.981470191009929,0,738684.495845164,1146,1,0
15717.0621552071,40,2359.4,2157,2056,0.981470191009929,0,738684.495845627,1146,1,0
15717.1021542735,40,2361,2159.4,2051.6,0.975376895053477,0,738684.49584609,1146,1,0
15717.1421533399,40,2370.4,2154.4,2056.4,0.975376895053477,0,738684.495846553,1146,1,0
15717.1821524063,40,2378.8,2158.4,2055,0.969330739042227,0,738684.495847016,1146,1,0
15717.2221514727,40,2389.8,2162.4,2056.6,0.963334962218702,0,738684.495847479,1146,1,0
15717.2621505391,40,2394.8,2168.2,2054,0.957392764220256,0,738684.495847942,1146,1,0
15717.3021496055,40,2403.4,2163.6,2053,0.957392764220256,0,738684.495848405,1146,1,0
15717.3421486719,40,2415.8,2166.2,2053.6,0.945681682617138,0,738684.495848868,1146,1,0
15717.3821477383,40,2423.6,2171.8,2055.6,0.945681682617138,0,738684.495849331,1146,1,0
15717.4221468047,40,2434.8,2174.4,2056.6,0.934145162156038,0,738684.495849794,1146,1,0
15717.4621458711,40,2433.8,2177.4,2057.8,0.934145162156038,0,738684.495850257,1146,1,0
15717.5021449375,40,2435.4,2179,2060.2,0.934145162156038,0,738684.49585072,1146,1,0
15717.5421440039,40,2439.4,2187,2062.4,0.928397096983629,0,738684.495851182,1146,1,0
15717.5821430703,40,2441,2189.4,2064,0.928397096983629,0,738684.495851645,1146,1,0
15717.6221421367,40,2434.6,2188,2061.4,0.934145162156038,0,738684.495852108,1146,1,0
15717.6621412031,40,2428,2183.4,2060.6,0.939909252434471,0,738684.495852571,1146,1,0
15717.7021402695,40,2409.4,2173,2057.8,0.951507301379275,0,738684.495853034,1146,1,0
15717.7421393359,40,2378.6,2157.2,2052,0.969330739042227,0,738684.495853497,1146,1,0
15717.7821384023,40,2351.2,2141.6,2049.2,0.98760735140419,0,738684.49585396,1146,1,0
15717.8221374687,40,2326.6,2130.2,2044.2,1,0,738684.495854423,1146,1,0
15717.8621365351,40,2302.6,2120.2,2042.8,1,0,738684.495854886,1146,1,0
15717.9021356015,40,2295,2114,2039.8,1,0,738684.495855349,1146,1,0
15717.9421346679,40,2294.2,2113.2,2040.4,1,0,738684.495855812,1146,1,0
15717.9821337343,40,2309.6,2114.6,2039.8,1,0,738684.495856275,1146,1,0
15718.0221328007,40,2353.2,2130.2,2042.2,0.98760735140419,0,738684.495856738,1146,1,0
15718.0621318671,40,2409.6,2153.8,2049.8,0.957392764220256,0,738684.495857201,1146,1,0
15718.1021309335,40,2479.2,2188.2,2056.4,0.91140871723736,0,738684.495857664,1146,1,0
15718.1421299999,40,2574,2249.6,2075.4,0.850530689995972,0,738684.495858127,1146,1,0
15718.1821290663,40,2660.6,2354.4,2108.4,0.775667113969294,0,738684.49585859,1146,1,0
15718.2221281327,40,2691.2,2489.6,2155.4,0.700339035669991,0,738684.495859053,1146,1,0
15718.2621271991,40,2626,2627.6,2214.4,0.609441754663018,0,738684.495859516,1146,1,0
15718.3021262655,40,2548.4,2714.2,2280.2,0.538592179709432,0,738684.495859979,1146,1,0
15718.3421253319,40,2476.4,2721.6,2315.8,0.495740077303994,0,738684.495860441,1146,1,0
15718.3821243983,40,2474.8,2677.6,2297,0.517222600490522,0,738684.495860904,1146,1,0
15718.4221234647,40,2516,2620.6,2247.8,0.571991559090702,0,738684.495861367,1146,1,0
15718.4621225311,40,2544.2,2530.4,2200.8,0.654780064308406,0,738684.49586183,1146,1,0
15718.5021215975,40,2563,2425,2153.8,0.745419432004827,0,738684.495862293,1146,1,0
15718.5421206639,40,2548.8,2333.8,2117.2,0.816378308563394,0,738684.495862756,1146,1,0
15718.5821197303,40,2507.4,2254.8,2087.8,0.874641614251024,0,738684.495863219,1146,1,0
15718.6221187967,40,2447.2,2198.8,2070,0.922681122048444,0,738684.495863682,1146,1,0
15718.6621178631,40,2390.2,2163.4,2055.2,0.963334962218702,0,738684.495864145,1146,1,0
15718.7021169295,40,2356.8,2144.4,2049,0.981470191009929,0,738684.495864608,1146,1,0
15718.7421159959,40,2338.6,2130,2048.2,1,0,738684.495865071,1146,1,0
15718.7821150623,40,2338.8,2129,2045.2,1,0,738684.495865534,1146,1,0
15718.8221141287,40,2367.2,2135.8,2042.6,0.981470191009929,0,738684.495865997,1146,1,0
15718.8621131951,40,2416.4,2155.6,2049.4,0.951507301379275,0,738684.49586646,1146,1,0
15718.9021122615,40,2471.6,2181.2,2058.6,0.917013117136947,0,738684.495866923,1146,1,0
15718.9421113279,40,2548.2,2236.2,2072.6,0.864724653185449,0,738684.495867386,1146,1,0
15718.9821103943,40,2615,2324,2101.4,0.800998633917584,0,738684.495867849,1146,1,0
15719.0221094607,40,2657,2451.6,2143.8,0.719586640122297,0,738684.495868312,1146,1,0
15719.0621085271,40,2616.2,2600.2,2207,0.624241290397594,0,738684.495868775,1146,1,0
15719.1021075935,40,2533,2731.2,2291.8,0.522126052443221,0,738684.495869238,1146,1,0
15719.1421066599,40,2440.8,2791.6,2377.8,0.443015536937748,0,738684.495869701,1146,1,0
15719.1821057263,40,2375,2789.8,2436.2,0.38135234540336,0,738684.495870164,1146,1,0
15719.2221047927,40,2389.6,2788.6,2415,0.396076922961512,0,738684.495870626,1146,1,0
15719.2621038591,40,2454.8,2795.2,2366.6,0.44830310725817,0,738684.495871089,1146,1,0
15719.3021029255,40,2540.8,2759.4,2301.4,0.504005523414082,0,738684.495871552,1146,1,0
15719.3421019919,40,2628.8,2654.4,2229.4,0.596381495302282,0,738684.495872015,1146,1,0
15719.3821010583,40,2674.4,2507.2,2157.6,0.69067652983471,0,738684.495872478,1146,1,0
15719.4221001247,40,2659.8,2365.6,2114,0.768841674721193,0,738684.495872941,1146,1,0
15719.4620991911,40,2576.8,2261.6,2081.8,0.841648031306038,0,738684.495873404,1146,1,0
15719.5020982575,40,2484.2,2199.2,2060.6,0.90588324353745,0,738684.495873867,1146,1,0
15719.5420973239,40,2404.6,2154.8,2050,0.957392764220256,0,738684.49587433,1146,1,0
15719.5820963903,40,2361,2130.4,2044.8,0.98760735140419,0,738684.495874793,1146,1,0
15719.6220954567,40,2332.8,2122,2041,1,0,738684.495875256,1146,1,0
15719.6620945231,40,2336.6,2124.4,2039.4,1,0,738684.495875719,1146,1,0
15719.7020935895,40,2360.4,2132.6,2044.2,0.98760735140419,0,738684.495876182,1146,1,0
15719.7420926559,40,2416.6,2156.8,2048,0.951507301379275,0,738684.495876645,1146,1,0
15719.7820917223,40,2491.8,2197.2,2057.6,0.900451621459986,0,738684.495877108,1146,1,0
15719.8220907887,40,2594.4,2265.6,2081.2,0.833002741240853,0,738684.495877571,1146,1,0
15719.8620898551,40,2686.2,2382.8,2113.8,0.755350806424959,0,738684.495878034,1146,1,0
15719.9020889215,40,2690.8,2540.6,2174.2,0.671241250044602,0,738684.495878497,1146,1,0
15719.9420879879,40,2606.2,2703.8,2252.8,0.56694533960948,0,738684.49587896,1146,1,0
15719.9820870543,40,2499.2,2811.4,2349.6,0.458824823815669,0,738684.495879423,1146,1,0
15720.0220861207,40,2389.4,2819.4,2438.8,0.38886050242203,0,738684.495879886,1146,1,0
15720.0620851871,40,2379,2798.4,2439.6,0.38135234540336,0,738684.495880348,1146,1,0
15720.1020842535,40,2430.2,2805.2,2391.4,0.421730440329805,0,738684.495880811,1146,1,0
15720.1420833199,40,2508.6,2781.8,2329.4,0.478648808335904,0,738684.495881274,1146,1,0
15720.1820823863,40,2579,2701,2252.2,0.561591735227539,0,738684.495881737,1146,1,0
15720.2220814527,40,2666,2562.6,2183.4,0.654780064308406,0,738684.4958822,1146,1,0
15720.2620805191,40,2669.2,2418.8,2129.2,0.738923200384679,0,738684.495882663,1146,1,0
15720.3020795855,40,2620.4,2301.8,2092.4,0.808529044605241,0,738684.495883126,1146,1,0
15720.3420786519,40,2521.2,2225.4,2068.2,0.879696155832112,0,738684.495883589,1146,1,0
15720.3820777183,40,2446,2176.6,2054,0.928397096983629,0,738684.495884052,1146,1,0
15720.4220767847,40,2390,2144.8,2045.4,0.969330739042227,0,738684.495884515,1146,1,0
15720.4620758511,40,2363.2,2131,2043,0.98760735140419,0,738684.495884978,1146,1,0
15720.5020749175,40,2348,2123.2,2040.2,0.993785067485734,0,738684.495885441,1146,1,0
15720.5420739839,40,2367.2,2129.2,2041.8,0.981470191009929,0,738684.495885904,1146,1,0
15720.5820730503,40,2413.2,2151.4,2044.4,0.957392764220256,0,738684.495886367,1146,1,0
15720.6220721167,40,2480.8,2181.4,2057.4,0.91140871723736,0,738684.49588683,1146,1,0
15720.6620711831,40,2579.8,2251.8,2077.4,0.846031337148546,0,738684.495887293,1146,1,0
15720.7020702495,40,2667,2353.6,2110.8,0.772233014043569,0,738684.495887756,1146,1,0
15720.7420693159,40,2690.8,2511.4,2162.8,0.687448072586759,0,738684.495888219,1146,1,0
15720.7820683823,40,2649,2689.4,2234.8,0.586834992766542,0,738684.495888682,1146,1,0
15720.8220674487,40,2542.6,2833.2,2328.6,0.469043195516147,0,738684.495889145,1146,1,0
15720.8620665151,40,2451.2,2895.6,2427.2,0.409582826119754,0,738684.495889607,1146,1,0
15720.9020655815,40,2403.6,2884.2,2460.2,0.38135234540336,0,738684.49589007,1146,1,0
15720.9420646479,40,2445.4,2869.4,2414.6,0.409582826119754,0,738684.495890533,1146,1,0
15720.9820637143,40,2509.8,2841.8,2354,0.453583270865973,0,738684.495890996,1146,1,0
15721.0220627807,40,2577.2,2761.2,2285.4,0.527369038802404,0,738684.495891459,1146,1,0
15721.0620618471,40,2650.2,2632,2213.4,0.61334157805252,0,738684.495891922,1146,1,0
15721.1020609135,40,2667.6,2483,2158.8,0.700339035669991,0,738684.495892385,1146,1,0
15721.1420599799,40,2635,2356.8,2105.4,0.77915429777298,0,738684.495892848,1146,1,0
15721.1820590463,40,2552.6,2265,2079.4,0.850530689995972,0,738684.495893311,1146,1,0
15721.2220581127,40,2483.2,2208,2065.2,0.900451621459986,0,738684.495893774,1146,1,0
15721.2620571791,40,2421.2,2166.6,2051.8,0.945681682617138,0,738684.495894237,1146,1,0
15721.3020562455,40,2375,2147,2048.2,0.975376895053477,0,738684.4958947,1146,1,0
15721.3420553119,40,2356,2130.4,2042.8,0.98760735140419,0,738684.495895163,1146,1,0
15721.3820543783,40,2363.8,2131.8,2044.6,0.981470191009929,0,738684.495895626,1146,1,0
15721.4220534447,40,2395.8,2142.6,2045.4,0.963334962218702,0,738684.495896089,1146,1,0
15721.4620525111,40,2438.4,2162.2,2048,0.939909252434471,0,738684.495896552,1146,1,0
15721.5020515775,40,2496,2197.4,2061.6,0.900451621459986,0,738684.495897015,1146,1,0
15721.5420506439,40,2581,2263.2,2080.4,0.841648031306038,0,738684.495897478,1146,1,0
15721.5820497103,40,2635.4,2362.4,2114.8,0.775667113969294,0,738684.495897941,1146,1,0
15721.6220487767,40,2647.4,2505.4,2165.4,0.687448072586759,0,738684.495898404,1146,1,0
15721.6620478431,40,2596.4,2659.8,2236.2,0.586834992766542,0,738684.495898867,1146,1,0
15721.7020469095,40,2505.8,2769.8,2325.8,0.483127937558863,0,738684.49589933,1146,1,0
15721.7420459759,40,2410,2811.2,2413.8,0.402990075718856,0,738684.495899792,1146,1,0
15721.7820450423,40,2375.2,2811.6,2454.8,0.373555726838669,0,738684.495900255,1146,1,0
15721.8220441087,40,2419.8,2840.8,2426,0.402990075718856,0,738684.495900718,1146,1,0
15721.8620431751,40,2487.4,2846,2373,0.443015536937748,0,738684.495901181,1146,1,0
15721.9020422415,40,2571,2795,2296.8,0.499855013752571,0,738684.495901644,1146,1,0
15721.9420413079,40,2657.8,2666.8,2218.8,0.600935927986466,0,738684.495902107,1146,1,0
15721.9820403743,40,2691.8,2501.2,2154.6,0.693901278940445,0,738684.49590257,1146,1,0
15722.0220394407,40,2670.4,2365.8,2111.8,0.768841674721193,0,738684.495903033,1146,1,0
15722.0620385071,40,2587.6,2267.2,2082.6,0.837305347240683,0,738684.495903496,1146,1,0
15722.1020375735,40,2489.6,2206,2062.6,0.900451621459986,0,738684.495903959,1146,1,0
15722.1420366399,40,2413.8,2161.8,2052.8,0.951507301379275,0,738684.495904422,1146,1,0
15722.1820357063,40,2370,2137,2046.4,0.981470191009929,0,738684.495904885,1146,1,0
15722.2220347727,40,2349.2,2130,2043.6,0.993785067485734,0,738684.495905348,1146,1,0
15722.2620338391,40,2350.4,2129.2,2042,0.993785067485734,0,738684.495905811,1146,1,0
15722.3020329055,40,2379.4,2135.8,2043,0.975376895053477,0,738684.495906274,1146,1,0
15722.3420319719,40,2425.4,2157,2049,0.945681682617138,0,738684.495906737,1146,1,0
15722.3820310383,40,2491.4,2192.2,2059,0.90588324353745,0,738684.4959072,1146,1,0
15722.4220301047,40,2571.2,2255.8,2080,0.846031337148546,0,738684.495907663,1146,1,0
15722.4620291711,40,2654.6,2358.8,2108.6,0.775667113969294,0,738684.495908126,1146,1,0
15722.5020282375,40,2672.4,2500.4,2161.4,0.69067652983471,0,738684.495908589,1146,1,0
15722.5420273039,40,2627.8,2664,2231,0.591669078597459,0,738684.495909052,1146,1,0
15722.5820263703,40,2523.8,2788.2,2317.8,0.483127937558863,0,738684.495909514,1146,1,0
15722.6220254367,40,2439.4,2847.6,2409.8,0.415835616278058,0,738684.495909977,1146,1,0
15722.6620245031,40,2399.8,2849.6,2448.8,0.38135234540336,0,738684.49591044,1146,1,0
15722.7020235695,40,2437,2844,2411.6,0.409582826119754,0,738684.495910903,1146,1,0
15722.7420226359,40,2497.8,2819.2,2348.8,0.458824823815669,0,738684.495911366,1146,1,0
15722.7820217023,40,2571.2,2738.4,2275,0.538592179709432,0,738684.495911829,1146,1,0
15722.8220207687,40,2651.8,2596.4,2195,0.63467128498077,0,738684.495912292,1146,1,0
15722.8620198351,40,2658.2,2441.8,2140.4,0.72601963564692,0,738684.495912755,1146,1,0
15722.9020189015,40,2614.4,2311.4,2096.2,0.808529044605241,0,738684.495913218,1146,1,0
15722.9420179679,40,2517.8,2233,2071.4,0.879696155832112,0,738684.495913681,1146,1,0
15722.9820170343,40,2439,2176.2,2055.8,0.934145162156038,0,738684.495914144,1146,1,0
15723.0220161007,40,2376,2147.8,2048,0.975376895053477,0,738684.495914607,1146,1,0
15723.0620151671,40,2342.4,2130.8,2042,0.993785067485734,0,738684.49591507,1146,1,0
15723.1020142335,40,2332.8,2121,2036.8,1,0,738684.495915533,1146,1,0
15723.1420132999,40,2347.6,2124.2,2041.2,0.993785067485734,0,738684.495915996,1146,1,0
15723.1820123663,40,2395.2,2145.6,2045.6,0.963334962218702,0,738684.495916459,1146,1,0
15723.2220114327,40,2452.4,2175.8,2051.8,0.928397096983629,0,738684.495916922,1146,1,0
15723.2620104991,40,2529.8,2234,2071.4,0.874641614251024,0,738684.495917385,1146,1,0
15723.3020095655,40,2624.8,2331.4,2104,0.793575316906683,0,738684.495917848,1146,1,0
15723.3420086319,40,2658,2475.8,2151.8,0.706760832147339,0,738684.49591831,1146,1,0
15723.3820076983,40,2618.8,2648.8,2224.6,0.596381495302282,0,738684.495918773,1146,1,0
15723.4220067647,40,2525.6,2790.4,2320.4,0.483127937558863,0,738684.495919236,1146,1,0
15723.4620058311,40,2426.6,2858.4,2422,0.402990075718856,0,738684.495919699,1146,1,0
15723.5020048975,40,2381,2872,2484,0.36546342842044,0,738684.495920162,1146,1,0
15723.5420039639,40,2408.4,2866.8,2453.6,0.38135234540336,0,738684.495920625,1146,1,0
15723.5820030303,40,2471,2862.2,2394.6,0.427256089976996,0,738684.495921088,1146,1,0
15723.6220020967,40,2548.6,2803.2,2312.8,0.487427987606295,0,738684.495921551,1146,1,0
15723.6620011631,40,2634.8,2673.4,2232.2,0.591669078597459,0,738684.495922014,1146,1,0
15723.7020002295,40,2681.4,2509.4,2157,0.687448072586759,0,738684.495922477,1146,1,0
15723.7419992959,40,2647.8,2367.4,2115.6,0.768841674721193,0,738684.49592294,1146,1,0
15723.7819983623,40,2568.2,2266.4,2083.4,0.841648031306038,0,738684.495923403,1146,1,0
15723.8219974287,40,2480,2200.8,2062.6,0.90588324353745,0,738684.495923866,1146,1,0
15723.8619964951,40,2403,2158.2,2049.2,0.957392764220256,0,738684.495924329,1146,1,0
15723.9019955615,40,2355.2,2135.6,2046.4,0.98760735140419,0,738684.495924792,1146,1,0
15723.9419946279,40,2334.8,2124.6,2041,1,0,738684.495925255,1146,1,0
15723.9819936943,40,2337.4,2124.2,2038.4,1,0,738684.495925718,1146,1,0
15724.0219927607,40,2360,2131.4,2041,0.98760735140419,0,738684.495926181,1146,1,0
15724.0619918271,40,2395.2,2142.6,2048.8,0.963334962218702,0,738684.495926644,1146,1,0
15724.1019908935,40,2456.4,2174,2055.4,0.928397096983629,0,738684.495927107,1146,1,0
15724.1419899599,40,2535.8,2227.8,2071.2,0.869646511663396,0,738684.49592757,1146,1,0
15724.1819890263,40,2640,2318.6,2101,0.797274419786194,0,738684.495928033,1146,1,0
15724.2219880927,40,2697.4,2460.4,2139,0.716376706440077,0,738684.495928495,1146,1,0
15724.2619871591,40,2686.8,2633.2,2205.2,0.620670210669844,0,738684.495928958,1146,1,0
15724.3019862255,40,2608,2805.4,2292.2,0.517222600490522,0,738684.495929421,1146,1,0
15724.3419852919,40,2503,2923.2,2395.8,0.427256089976996,0,738684.495929884,1146,1,0
15724.3819843583,40,2425.2,2953,2477.4,0.38135234540336,0,738684.495930347,1146,1,0
15724.4219834247,40,2420.8,2922,2458.2,0.38886050242203,0,738684.49593081,1146,1,0
15724.4619824911,40,2482.6,2892.2,2398,0.427256089976996,0,738684.495931273,1146,1,0
15724.5019815575,40,2542.6,2814.8,2321.4,0.478648808335904,0,738684.495931736,1146,1,0
15724.5419806239,40,2626,2687.6,2239.2,0.581917536525862,0,738684.495932199,1146,1,0
15724.5819796903,40,2660.4,2518.2,2173.4,0.680981033552426,0,738684.495932662,1146,1,0
15724.6219787567,40,2608.6,2373.2,2118.8,0.775667113969294,0,738684.495933125,1146,1,0
15724.6619778231,40,2534.4,2268.4,2090,0.855154006574624,0,738684.495933588,1146,1,0
15724.7019768895,40,2450.8,2208.2,2066.2,0.917013117136947,0,738684.495934051,1146,1,0
15724.7419759559,40,2384.8,2166.8,2053.6,0.963334962218702,0,738684.495934514,1146,1,0
15724.7819750223,40,2343.6,2142.8,2050.8,0.993785067485734,0,738684.495934977,1146,1,0
15724.8219740887,40,2320.2,2127.6,2042.4,1,0,738684.49593544,1146,1,0
15724.8619731551,40,2318.8,2120.6,2039.4,1,0,738684.495935903,1146,1,0
15724.9019722215,40,2333,2128,2043.8,1,0,738684.495936366,1146,1,0
15724.9419712879,40,2386.6,2139.4,2045.2,0.969330739042227,0,738684.495936829,1146,1,0
15724.9819703543,40,2448.2,2164.8,2049.8,0.934145162156038,0,738684.495937292,1146,1,0
15725.0219694207,40,2514,2208.8,2061.6,0.889926901112563,0,738684.495937755,1146,1,0
15725.0619684871,40,2585,2284,2086.4,0.828749855133686,0,738684.495938218,1146,1,0
15725.1019675535,40,2615.4,2399.6,2129.8,0.758704666363614,0,738684.49593868,1146,1,0
15725.1419666199,40,2598,2539.2,2191.8,0.658093992718842,0,738684.495939143,1146,1,0
15725.1819656863,40,2514.4,2669.8,2273.8,0.538592179709432,0,738684.495939606,1146,1,0
15725.2219647527,40,2427.2,2752.6,2365.2,0.458824823815669,0,738684.495940069,1146,1,0
15725.2619638191,40,2364.6,2797,2448.6,0.373555726838669,0,738684.495940532,1146,1,0
15725.3019628855,40,2375.2,2822,2453.8,0.373555726838669,0,738684.495940995,1146,1,0
15725.3419619519,40,2453.4,2854,2402.6,0.421730440329805,0,738684.495941458,1146,1,0
15725.3819610183,40,2537.4,2842,2335.4,0.463991214758112,0,738684.495941921,1146,1,0
15725.4219600847,40,2640.6,2741.6,2255,0.56694533960948,0,738684.495942384,1146,1,0
15725.4619591511,40,2716.4,2579.6,2179.8,0.654780064308406,0,738684.495942847,1146,1,0
15725.5019582175,40,2699,2414,2124.6,0.738923200384679,0,738684.49594331,1146,1,0
15725.5419572839,40,2621,2292.8,2084.8,0.812409570046606,0,738684.495943773,1146,1,0
15725.5819563503,40,2517,2214.6,2066.2,0.884796034058834,0,738684.495944236,1146,1,0
15725.6219554167,40,2423.6,2171,2054,0.945681682617138,0,738684.495944699,1146,1,0
15725.6619544831,40,2367,2143.6,2044.2,0.981470191009929,0,738684.495945162,1146,1,0
15725.7019535495,40,2337.2,2129.8,2043.2,1,0,738684.495945625,1146,1,0
15725.7419526159,40,2332,2119,2042.2,1,0,738684.495946088,1146,1,0
15725.7819516823,40,2350,2125.2,2042,0.993785067485734,0,738684.495946551,1146,1,0
15725.8219507487,40,2402.4,2141.4,2047.6,0.963334962218702,0,738684.495947014,1146,1,0
15725.8619498151,40,2461.6,2174.2,2056.6,0.922681122048444,0,738684.495947476,1146,1,0
15725.9019488815,40,2560.2,2237.6,2072.8,0.859889483197649,0,738684.495947939,1146,1,0
15725.9419479479,40,2631.8,2341.2,2103.8,0.786278650390616,0,738684.495948402,1146,1,0
15725.9819470143,40,2655.6,2487.4,2158.6,0.700339035669991,0,738684.495948865,1146,1,0
15726.0219460807,40,2599.8,2660.8,2234.4,0.586834992766542,0,738684.495949328,1146,1,0
15726.0619451471,40,2499.6,2792.4,2335.8,0.473941473653243,0,738684.495949791,1146,1,0
15726.1019442135,40,2392.2,2823.6,2439.4,0.38886050242203,0,738684.495950254,1146,1,0
15726.1419432799,40,2358,2817.6,2474.6,0.356497976346759,0,738684.495950717,1146,1,0
15726.1819423463,40,2401.4,2842.2,2438.8,0.38886050242203,0,738684.49595118,1146,1,0
15726.2219414127,40,2480.2,2838.6,2372.8,0.443015536937748,0,738684.495951643,1146,1,0
15726.2619404791,40,2568.4,2758,2286.8,0.527369038802404,0,738684.495952106,1146,1,0
15726.3019395455,40,2639.2,2600.6,2202.2,0.627761211066945,0,738684.495952569,1146,1,0
15726.3419386119,40,2652.4,2435.8,2140,0.729242281466222,0,738684.495953032,1146,1,0
15726.3819376783,40,2613.2,2318,2100.6,0.804740833678851,0,738684.495953495,1146,1,0
15726.4219367447,40,2526.2,2234,2071.4,0.874641614251024,0,738684.495953958,1146,1,0
15726.4619358111,40,2443.4,2181.2,2055.8,0.928397096983629,0,738684.495954421,1146,1,0
15726.5019348775,40,2380.4,2145.8,2046.6,0.969330739042227,0,738684.495954884,1146,1,0
15726.5419339439,40,2344.4,2129,2041.6,0.993785067485734,0,738684.495955347,1146,1,0
15726.5819330103,40,2332,2121.2,2040.8,1,0,738684.49595581,1146,1,0
15726.6219320767,40,2341.6,2123.4,2040.8,1,0,738684.495956273,1146,1,0
15726.6619311431,40,2381.2,2135,2044.6,0.975376895053477,0,738684.495956736,1146,1,0
15726.7019302095,40,2433.6,2159.8,2052.2,0.939909252434471,0,738684.495957199,1146,1,0
15726.7419292759,40,2507.6,2206,2067.8,0.889926901112563,0,738684.495957661,1146,1,0
15726.7819283423,40,2603.8,2287,2086.4,0.820429400219418,0,738684.495958124,1146,1,0
15726.8219274087,40,2694.6,2418.8,2125.6,0.738923200384679,0,738684.495958587,1146,1,0
15726.8619264751,40,2698,2601,2189.8,0.641445129325003,0,738684.49595905,1146,1,0
15726.9019255415,40,2616.6,2783.2,2276.8,0.538592179709432,0,738684.495959513,1146,1,0
15726.9419246079,40,2504.4,2916.6,2390,0.427256089976996,0,738684.495959976,1146,1,0
15726.9819236743,40,2404.2,2925,2481.4,0.373555726838669,0,738684.495960439,1146,1,0
15727.0219227407,40,2412.4,2912,2469.6,0.38135234540336,0,738684.495960902,1146,1,0
15727.0619218071,40,2461,2897,2409,0.415835616278058,0,738684.495961365,1146,1,0
15727.1019208735,40,2551,2862.2,2338.4,0.458824823815669,0,738684.495961828,1146,1,0
15727.1419199399,40,2644.4,2740.4,2253.6,0.56694533960948,0,738684.495962291,1146,1,0
15727.1819190063,40,2698.4,2570,2178,0.658093992718842,0,738684.495962754,1146,1,0
15727.2219180727,40,2675.6,2407,2124.2,0.745419432004827,0,738684.495963217,1146,1,0
15727.2619171391,40,2601,2293.4,2087.6,0.820429400219418,0,738684.49596368,1146,1,0
15727.3019162055,40,2507.4,2216.4,2068.2,0.889926901112563,0,738684.495964143,1146,1,0
15727.3419152719,40,2420.8,2168.4,2054.8,0.945681682617138,0,738684.495964606,1146,1,0
15727.3819143383,40,2367.4,2145.2,2050,0.981470191009929,0,738684.495965069,1146,1,0
15727.4219134047,40,2336,2128.4,2042.6,1,0,738684.495965532,1146,1,0
15727.4619124711,40,2326.6,2120.4,2035.8,1,0,738684.495965995,1146,1,0
15727.5019115375,40,2352.4,2126,2042.2,0.993785067485734,0,738684.495966458,1146,1,0
15727.5419106039,40,2402.4,2143.2,2048,0.963334962218702,0,738684.495966921,1146,1,0
15727.5819096703,40,2466.6,2176,2052,0.922681122048444,0,738684.495967383,1146,1,0
15727.6219087367,40,2544.6,2232.8,2068.2,0.864724653185449,0,738684.495967846,1146,1,0
15727.6619078031,40,2625.8,2326.8,2101.8,0.797274419786194,0,738684.495968309,1146,1,0
15727.7019068695,40,2655.4,2462.6,2151.4,0.713170366876487,0,738684.495968772,1146,1,0
15727.7419059359,40,2609.4,2630.8,2224.6,0.600935927986466,0,738684.495969235,1146,1,0
15727.7819050023,40,2516.6,2763.2,2314,0.491613825047665,0,738684.495969698,1146,1,0
15727.8219040687,40,2415.8,2819.8,2412.2,0.409582826119754,0,738684.495970161,1146,1,0
15727.8619031351,40,2363.8,2804,2458,0.36546342842044,0,738684.495970624,1146,1,0
15727.9019022015,40,2418,2854,2428,0.396076922961512,0,738684.495971087,1146,1,0
15727.9419012679,40,2503.8,2842,2363.8,0.44830310725817,0,738684.49597155,1146,1,0
15727.9819003343,40,2586.4,2778.4,2287.6,0.527369038802404,0,738684.495972013,1146,1,0
15728.0218994007,40,2696.4,2644.2,2207.2,0.617041238659818,0,738684.495972476,1146,1,0
15728.0618984671,40,2692.6,2468.6,2139,0.713170366876487,0,738684.495972939,1146,1,0
15728.1018975335,40,2645.2,2330.8,2100.2,0.789908020549802,0,738684.495973402,1146,1,0
15728.1418965999,40,2564.6,2240.6,2074,0.855154006574624,0,738684.495973865,1146,1,0
15728.1818956663,40,2459.2,2182.4,2057.4,0.922681122048444,0,738684.495974328,1146,1,0
15728.2218947327,40,2392,2147.6,2050.8,0.963334962218702,0,738684.495974791,1146,1,0
15728.2618937991,40,2340.6,2130.8,2043.4,0.993785067485734,0,738684.495975254,1146,1,0
15728.3018928655,40,2323.4,2114.8,2038.8,1,0,738684.495975717,1146,1,0
15728.3418919319,40,2320.4,2113.2,2039,1,0,738684.49597618,1146,1,0
15728.3818909983,40,2345.6,2122,2039.6,0.993785067485734,0,738684.495976642,1146,1,0
15728.4218900647,40,2389.2,2145,2043.6,0.969330739042227,0,738684.495977105,1146,1,0
15728.4618891311,40,2450.6,2168.8,2054,0.928397096983629,0,738684.495977568,1146,1,0
15728.5018881975,40,2523.6,2224,2067.4,0.879696155832112,0,738684.495978031,1146,1,0
15728.5418872639,40,2615.6,2307.4,2097.4,0.808529044605241,0,738684.495978494,1146,1,0
15728.5818863303,40,2665.4,2444,2140.8,0.72601963564692,0,738684.495978957,1146,1,0
15728.6218853967,40,2635.4,2615,2207,0.620670210669844,0,738684.49597942,1146,1,0
15728.6618844631,40,2551.4,2777,2302,0.499855013752571,0,738684.495979883,1146,1,0
15728.7018835295,40,2446,2857,2405.8,0.415835616278058,0,738684.495980346,1146,1,0
15728.7418825959,40,2382.6,2862,2470.8,0.373555726838669,0,738684.495980809,1146,1,0
15728.7818816623,40,2411.2,2877.2,2449,0.38886050242203,0,738684.495981272,1146,1,0
15728.8218807287,40,2472.2,2853,2385.2,0.432498570591717,0,738684.495981735,1146,1,0
15728.8618797951,40,2545.8,2794.6,2310,0.487427987606295,0,738684.495982198,1146,1,0
15728.9018788615,40,2633,2670.4,2230,0.591669078597459,0,738684.495982661,1146,1,0
15728.9418779279,40,2659.8,2502.8,2160.4,0.69067652983471,0,738684.495983124,1146,1,0
15728.9818769943,40,2631,2373,2116.8,0.772233014043569,0,738684.495983587,1146,1,0
15729.0218760607,40,2568,2274.8,2087.4,0.841648031306038,0,738684.49598405,1146,1,0
15729.0618751271,40,2484.4,2209.6,2061.8,0.900451621459986,0,738684.495984513,1146,1,0
15729.1018741935,40,2417,2165.8,2054,0.945681682617138,0,738684.495984976,1146,1,0
15729.1418732599,40,2369.2,2142.4,2044.6,0.981470191009929,0,738684.495985439,1146,1,0
15729.1818723263,40,2336.6,2125.4,2044.8,1,0,738684.495985902,1146,1,0
15729.2218713927,40,2329.4,2119.8,2039.2,1,0,738684.495986365,1146,1,0
15729.2618704591,40,2347.4,2126,2039.6,0.993785067485734,0,738684.495986827,1146,1,0
15729.3018695255,40,2384.6,2135.6,2046.2,0.975376895053477,0,738684.49598729,1146,1,0
15729.3418685919,40,2435.8,2161.2,2049.8,0.939909252434471,0,738684.495987753,1146,1,0
15729.3818676583,40,2504.2,2201.6,2060.8,0.895128281408961,0,738684.495988216,1146,1,0
15729.4218667247,40,2572,2269.8,2083,0.841648031306038,0,738684.495988679,1146,1,0
15729.4618657911,40,2630.4,2378,2118.6,0.768841674721193,0,738684.495989142,1146,1,0
15729.5018648575,40,2620.2,2514.2,2173.4,0.680981033552426,0,738684.495989605,1146,1,0
15729.5418639239,40,2557.2,2655.4,2250.4,0.571991559090702,0,738684.495990068,1146,1,0
15729.5818629903,40,2473.4,2767.4,2344.6,0.469043195516147,0,738684.495990531,1146,1,0
15729.6218620567,40,2388.8,2808,2430.6,0.38886050242203,0,738684.495990994,1146,1,0
15729.6618611231,40,2392,2835.2,2446.6,0.38135234540336,0,738684.495991457,1146,1,0
15729.7018601895,40,2456,2846.2,2390.8,0.427256089976996,0,738684.49599192,1146,1,0
15729.7418592559,40,2554,2822,2322,0.478648808335904,0,738684.495992383,1146,1,0
15729.7818583223,40,2660,2716.6,2241.4,0.581917536525862,0,738684.495992846,1146,1,0
15729.8218573887,40,2715.4,2543,2171.4,0.671241250044602,0,738684.495993309,1146,1,0
15729.8618564551,40,2682.6,2389.2,2117.4,0.752016725630693,0,738684.495993772,1146,1,0
15729.9018555215,40,2601.4,2278.2,2083.6,0.824555873811782,0,738684.495994235,1146,1,0
15729.9418545879,40,2491.8,2202.2,2062.2,0.900451621459986,0,738684.495994698,1146,1,0
15729.9818536543,40,2402.6,2160.2,2051.8,0.957392764220256,0,738684.495995161,1146,1,0
15730.0218527207,40,2351.2,2136.4,2047,0.98760735140419,0,738684.495995624,1146,1,0
15730.0618517871,40,2331.4,2124.4,2042.4,1,0,738684.495996087,1146,1,0
15730.1018508535,40,2318.6,2118.2,2039.2,1,0,738684.495996549,1146,1,0
15730.1418499199,40,2334,2122.4,2042,1,0,738684.495997012,1146,1,0
15730.1818489863,40,2388,2137.6,2044.8,0.969330739042227,0,738684.495997475,1146,1,0
15730.2218480527,40,2463.2,2174,2052.4,0.922681122048444,0,738684.495997938,1146,1,0
15730.2618471191,40,2544,2228.8,2066.8,0.869646511663396,0,738684.495998401,1146,1,0
15730.3018461855,40,2648,2316,2094.8,0.797274419786194,0,738684.495998864,1146,1,0
15730.3418452519,40,2663.6,2441.4,2137.8,0.72601963564692,0,738684.495999327,1146,1,0
15730.3818443183,40,2621,2589.8,2206,0.631236010455004,0,738684.49599979,1146,1,0
15730.4218433847,40,2547.4,2731.8,2287.8,0.527369038802404,0,738684.496000253,1146,1,0
15730.4618424511,40,2446,2809,2383,0.432498570591717,0,738684.496000716,1146,1,0
15730.5018415175,40,2373,2819,2455.6,0.373555726838669,0,738684.496001179,1146,1,0
15730.5418405839,40,2393,2846,2444.2,0.38135234540336,0,738684.496001642,1146,1,0
15730.5818396503,40,2468.4,2854.8,2388.8,0.427256089976996,0,738684.496002105,1146,1,0
15730.6218387167,40,2544.4,2817.6,2318.8,0.478648808335904,0,738684.496002568,1146,1,0
15730.6618377831,40,2657.2,2711.8,2240.8,0.581917536525862,0,738684.496003031,1146,1,0
15730.7018368495,40,2716.4,2544.6,2167.6,0.671241250044602,0,738684.496003494,1146,1,0
15730.7418359159,40,2705.6,2391.4,2115.6,0.748705579178257,0,738684.496003957,1146,1,0
15730.7818349823,40,2616.4,2278.6,2082.6,0.820429400219418,0,738684.49600442,1146,1,0
15730.8218340487,40,2511.2,2206.8,2062.8,0.889926901112563,0,738684.496004883,1146,1,0
15730.8618331151,40,2420.6,2162.2,2051.6,0.945681682617138,0,738684.496005345,1146,1,0
15730.9018321815,40,2355.2,2135.6,2042,0.98760735140419,0,738684.496005808,1146,1,0
15730.9418312479,40,2326.8,2122,2042.4,1,0,738684.496006271,1146,1,0
15730.9818303143,40,2318.6,2119.6,2040.4,1,0,738684.496006734,1146,1,0
15731.0218293807,40,2330.6,2125,2041,1,0,738684.496007197,1146,1,0
15731.0618284471,40,2384.2,2135.4,2045.4,0.975376895053477,0,738684.49600766,1146,1,0
15731.1018275135,40,2440.2,2162.4,2052,0.939909252434471,0,738684.496008123,1146,1,0
15731.1418265799,40,2521.4,2203,2065,0.884796034058834,0,738684.496008586,1146,1,0
15731.1818256463,40,2624.4,2278.2,2082.6,0.820429400219418,0,738684.496009049,1146,1,0
15731.2218247127,40,2684.6,2397.6,2123,0.748705579178257,0,738684.496009512,1146,1,0
15731.2618237791,40,2661.6,2557.6,2180,0.658093992718842,0,738684.496009975,1146,1,0
15731.3018228455,40,2590,2735,2269.2,0.550236263228431,0,738684.496010438,1146,1,0
15731.3418219119,40,2476.6,2845.4,2373.8,0.437743532746865,0,738684.496010901,1146,1,0
15731.3818209783,40,2377.6,2865.4,2478.6,0.36546342842044,0,738684.496011364,1146,1,0
15731.4218200447,40,2361.8,2854.4,2497.6,0.356497976346759,0,738684.496011827,1146,1,0
15731.4618191111,40,2413.4,2886.2,2454.2,0.38886050242203,0,738684.49601229,1146,1,0
15731.5018181775,40,2507.6,2890.8,2381,0.432498570591717,0,738684.496012753,1146,1,0
15731.5418172439,40,2627.2,2815,2286.4,0.527369038802404,0,738684.496013216,1146,1,0
15731.5818163103,40,2718,2626.2,2194.6,0.631236010455004,0,738684.496013679,1146,1,0
15731.6218153767,40,2721.6,2448.2,2132.6,0.719586640122297,0,738684.496014142,1146,1,0
15731.6618144431,40,2648,2310.2,2092.4,0.797274419786194,0,738684.496014605,1146,1,0
15731.7018135095,40,2546.2,2222.6,2067.6,0.869646511663396,0,738684.496015068,1146,1,0
15731.7418125759,40,2441.6,2166.6,2057,0.934145162156038,0,738684.49601553,1146,1,0
15731.7818116423,40,2367,2139.6,2048.4,0.981470191009929,0,738684.496015993,1146,1,0
15731.8218107087,40,2335,2122.6,2042.2,1,0,738684.496016456,1146,1,0
15731.8618097751,40,2321.8,2114.6,2038.4,1,0,738684.496016919,1146,1,0
15731.9018088415,40,2329,2116.2,2037.2,1,0,738684.496017382,1146,1,0
15731.9418079079,40,2364.8,2127.2,2045,0.98760735140419,0,738684.496017845,1146,1,0
15731.9818069743,40,2421.6,2154.6,2049.6,0.951507301379275,0,738684.496018308,1146,1,0
15732.0218060407,40,2517.6,2204.8,2064.4,0.889926901112563,0,738684.496018771,1146,1,0
15732.0618051071,40,2611.2,2280,2084.4,0.820429400219418,0,738684.496019234,1146,1,0
15732.1018041735,40,2679.4,2410.4,2125.4,0.742159015519958,0,738684.496019697,1146,1,0
15732.1418032399,40,2668.4,2578.4,2186,0.648129975506603,0,738684.49602016,1146,1,0
15732.1818023063,40,2592.2,2759,2279.4,0.538592179709432,0,738684.496020623,1146,1,0
15732.2218013727,40,2481.8,2872.6,2390.2,0.427256089976996,0,738684.496021086,1146,1,0
15732.2618004391,40,2394.2,2900,2487.8,0.36546342842044,0,738684.496021549,1146,1,0
15732.3017995055,40,2406.2,2924,2486.6,0.373555726838669,0,738684.496022012,1146,1,0
15732.3417985719,40,2474,2931.4,2422.6,0.409582826119754,0,738684.496022475,1146,1,0
15732.3817976383,40,2577,2883.6,2333.4,0.458824823815669,0,738684.496022938,1146,1,0
15732.4217967047,40,2685.4,2737.8,2239.2,0.581917536525862,0,738684.496023401,1146,1,0
15732.4617957711,40,2728.2,2536.8,2167.2,0.674497686432619,0,738684.496023864,1146,1,0
15732.5017948375,40,2696.6,2375.2,2113.8,0.758704666363614,0,738684.496024327,1146,1,0
15732.5417939039,40,2601.6,2258.8,2078.2,0.833002741240853,0,738684.49602479,1146,1,0
15732.5817929703,40,2487,2196.4,2060.2,0.90588324353745,0,738684.496025253,1146,1,0
15732.6217920367,40,2400.6,2158.4,2051.8,0.957392764220256,0,738684.496025715,1146,1,0
15732.6617911031,40,2345.8,2132,2042.6,0.993785067485734,0,738684.496026178,1146,1,0
15732.7017901695,40,2320.6,2118.2,2037.6,1,0,738684.496026641,1146,1,0
15732.7417892359,40,2320.8,2114.2,2040.8,1,0,738684.496027104,1146,1,0
15732.7817883023,40,2343.2,2118,2041,1,0,738684.496027567,1146,1,0
15732.8217873687,40,2395.6,2140.8,2047.4,0.963334962218702,0,738684.49602803,1146,1,0
15732.8617864351,40,2468.6,2181,2052,0.917013117136947,0,738684.496028493,1146,1,0
15732.9017855015,40,2546.2,2244.6,2072.4,0.859889483197649,0,738684.496028956,1146,1,0
15732.9417845679,40,2638.4,2341.2,2109.6,0.786278650390616,0,738684.496029419,1146,1,0
15732.9817836343,40,2652.6,2494.4,2159.4,0.693901278940445,0,738684.496029882,1146,1,0
15733.0217827007,40,2601,2659.4,2237.8,0.586834992766542,0,738684.496030345,1146,1,0
15733.0617817671,40,2501.4,2793,2332.6,0.473941473653243,0,738684.496030808,1146,1,0
15733.1057807402,44,2399,2862,2450.8,0.38135234540336,0,738684.496031317,1146,1,0
15733.1457798066,40,2387.4,2892.4,2487,0.36546342842044,0,738684.49603178,1146,1,0
15733.185778873,40,2445,2921,2442.2,0.396076922961512,0,738684.496032243,1146,1,0
15733.2257779394,40,2548,2918.6,2363.4,0.443015536937748,0,738684.496032706,1146,1,0
15733.2657770058,40,2660.4,2787.8,2266.4,0.55599419909927,0,738684.496033169,1146,1,0
15733.3057760722,40,2729,2594,2183.8,0.648129975506603,0,738684.496033632,1146,1,0
15733.3457751386,40,2712,2406.4,2120.8,0.742159015519958,0,738684.496034095,1146,1,0
15733.385774205,40,2618.8,2290.2,2088,0.816378308563394,0,738684.496034558,1146,1,0
15733.4257732714,40,2510.6,2209,2065.6,0.889926901112563,0,738684.496035021,1146,1,0
15733.4657723378,40,2413.4,2163.4,2054.8,0.951507301379275,0,738684.496035484,1146,1,0
15733.5057714042,40,2355.8,2137.4,2043.4,0.98760735140419,0,738684.496035947,1146,1,0
15733.5457704706,40,2322.2,2126.4,2047.4,1,0,738684.49603641,1146,1,0
15733.585769537,40,2320.8,2119,2042.4,1,0,738684.496036873,1146,1,0
15733.6257686034,40,2334.4,2121,2039.8,1,0,738684.496037335,1146,1,0
15733.6657676698,40,2392.6,2140,2046,0.969330739042227,0,738684.496037798,1146,1,0
15733.7057667362,40,2477.8,2179.2,2056.6,0.917013117136947,0,738684.496038261,1146,1,0
15733.7457658026,40,2573.4,2234,2073,0.855154006574624,0,738684.496038724,1146,1,0
15733.785764869,40,2672.6,2334.2,2101.2,0.782692588654786,0,738684.496039187,1146,1,0
15733.8257639354,40,2681.8,2483.8,2152.4,0.703551912933977,0,738684.49603965,1146,1,0
15733.8657630018,40,2633.8,2656.8,2228.6,0.596381495302282,0,738684.496040113,1146,1,0
15733.9057620682,40,2529.8,2802,2325,0.478648808335904,0,738684.496040576,1146,1,0
15733.9457611346,40,2419.6,2849.2,2427.6,0.396076922961512,0,738684.496041039,1146,1,0
15733.985760201,40,2390.6,2851.6,2458.2,0.373555726838669,0,738684.496041502,1146,1,0
15734.0257592674,40,2447,2870.6,2414.4,0.409582826119754,0,738684.496041965,1146,1,0
15734.0657583338,40,2542,2857.2,2345.2,0.458824823815669,0,738684.496042428,1146,1,0
15734.1057574002,40,2658,2783.2,2264.4,0.55599419909927,0,738684.496042891,1146,1,0
15734.1457564666,40,2740.8,2607.2,2184.4,0.641445129325003,0,738684.496043354,1146,1,0
15734.185755533,40,2720.2,2425,2126,0.73246794223773,0,738684.496043817,1146,1,0
15734.2257545994,40,2646.8,2299.4,2090.8,0.804740833678851,0,738684.49604428,1146,1,0
15734.2657536658,40,2538.8,2215.2,2065.8,0.874641614251024,0,738684.496044743,1146,1,0
15734.3057527322,40,2435.4,2165.4,2052.8,0.939909252434471,0,738684.496045206,1146,1,0
15734.3457517986,40,2369.6,2135.4,2045.8,0.981470191009929,0,738684.496045669,1146,1,0
15734.385750865,40,2334.8,2124.4,2041.4,1,0,738684.496046132,1146,1,0
15734.4257499314,40,2321.2,2117.6,2037.8,1,0,738684.496046595,1146,1,0
15734.4657489978,40,2333.6,2120,2040.4,1,0,738684.496047058,1146,1,0
15734.5057480642,40,2378,2136.6,2042,0.975376895053477,0,738684.49604752,1146,1,0
15734.5457471306,40,2455.6,2168.2,2051.6,0.928397096983629,0,738684.496047983,1146,1,0
15734.585746197,40,2556.4,2225.8,2071.2,0.864724653185449,0,738684.496048446,1146,1,0
15734.6257452634,40,2668.8,2326.8,2099.2,0.786278650390616,0,738684.496048909,1146,1,0
15734.6657443298,40,2710.8,2488.6,2151.4,0.700339035669991,0,738684.496049372,1146,1,0
15734.7057433962,40,2657.8,2689.2,2232.6,0.591669078597459,0,738684.496049835,1146,1,0
15734.7457424626,40,2532.4,2839.6,2337.2,0.463991214758112,0,738684.496050298,1146,1,0
15734.785741529,40,2415.6,2890.2,2458.8,0.38135234540336,0,738684.496050761,1146,1,0
15734.8257405954,40,2373.6,2879.8,2498.2,0.356497976346759,0,738684.496051224,1146,1,0
15734.8657396618,40,2424.6,2894,2448,0.38886050242203,0,738684.496051687,1146,1,0
15734.9057387282,40,2504.8,2879.2,2376.2,0.437743532746865,0,738684.49605215,1146,1,0
15734.9457377946,40,2599.4,2799.4,2289.4,0.517222600490522,0,738684.496052613,1146,1,0
15734.985736861,40,2698,2641,2204.2,0.620670210669844,0,738684.496053076,1146,1,0
15735.0257359274,40,2697.8,2454.8,2139.6,0.716376706440077,0,738684.496053539,1146,1,0
15735.0657349938,40,2646.8,2318.8,2097.2,0.793575316906683,0,738684.496054002,1146,1,0
15735.1057340602,40,2547.6,2227.6,2071.8,0.864724653185449,0,738684.496054465,1146,1,0
15735.1457331266,40,2453.2,2177.2,2054.6,0.928397096983629,0,738684.496054928,1146,1,0
15735.185732193,40,2377.8,2143.2,2047,0.975376895053477,0,738684.496055391,1146,1,0
15735.2257312594,40,2350.8,2126.4,2042.6,0.993785067485734,0,738684.496055854,1146,1,0
15735.2657303258,40,2334.8,2122.6,2040.6,1,0,738684.496056317,1146,1,0
15735.3057293922,40,2355.2,2125.4,2042.2,0.98760735140419,0,738684.49605678,1146,1,0
15735.3457284586,40,2394.6,2142.6,2047.6,0.963334962218702,0,738684.496057243,1146,1,0
15735.385727525,40,2464.6,2173.4,2055.4,0.922681122048444,0,738684.496057705,1146,1,0
15735.4257265914,40,2552.2,2235.6,2071.8,0.859889483197649,0,738684.496058168,1146,1,0
15735.4657256578,40,2660.6,2340.4,2101.4,0.782692588654786,0,738684.496058631,1146,1,0
15735.5057247242,40,2698.6,2496.2,2155,0.697122148361531,0,738684.496059094,1146,1,0
15735.5457237906,40,2657.2,2689.2,2232.2,0.591669078597459,0,738684.496059557,1146,1,0
15735.585722857,40,2558.4,2856.8,2334.6,0.463991214758112,0,738684.49606002,1146,1,0
15735.6257219234,40,2449.2,2935.2,2444.8,0.396076922961512,0,738684.496060483,1146,1,0
15735.6657209898,40,2398.6,2951.8,2509.6,0.356497976346759,0,738684.496060946,1146,1,0
15735.7057200562,40,2438,2971.6,2479.4,0.38135234540336,0,738684.496061409,1146,1,0
15735.7457191226,40,2523.6,2966.6,2403,0.427256089976996,0,738684.496061872,1146,1,0
15735.785718189,40,2621.4,2871.6,2310.4,0.483127937558863,0,738684.496062335,1146,1,0
15735.8257172554,40,2709.8,2692.8,2217,0.605299016202904,0,738684.496062798,1146,1,0
15735.8657163218,40,2741.4,2505.6,2150.4,0.693901278940445,0,738684.496063261,1146,1,0
15735.9057153882,40,2687.4,2350.2,2103.2,0.772233014043569,0,738684.496063724,1146,1,0
15735.9457144546,40,2585.4,2252.8,2075.2,0.841648031306038,0,738684.496064187,1146,1,0
15735.985713521,40,2479.8,2188.6,2063,0.91140871723736,0,738684.49606465,1146,1,0
15736.0257125874,40,2401,2152.4,2049,0.957392764220256,0,738684.496065113,1146,1,0
15736.0657116538,40,2352.2,2130.6,2043.2,0.993785067485734,0,738684.496065576,1146,1,0
15736.1057107202,40,2334.4,2123.4,2041.6,1,0,738684.496066039,1146,1,0
15736.1457097866,40,2340.2,2122.8,2042.8,1,0,738684.496066501,1146,1,0
15736.185708853,40,2368.2,2132.4,2042.4,0.981470191009929,0,738684.496066964,1146,1,0
15736.2257079194,40,2426.2,2156.4,2049.4,0.945681682617138,0,738684.496067427,1146,1,0
15736.2657069858,40,2508.6,2199,2061.8,0.895128281408961,0,738684.49606789,1146,1,0
15736.3057060522,40,2606.4,2269.4,2079.4,0.828749855133686,0,738684.496068353,1146,1,0
15736.3457051186,40,2682,2382,2116.8,0.755350806424959,0,738684.496068816,1146,1,0
15736.385704185,40,2679.8,2539.6,2171.6,0.671241250044602,0,738684.496069279,1146,1,0
15736.4257032514,40,2621,2707.4,2248.4,0.571991559090702,0,738684.496069742,1146,1,0
15736.4657023178,40,2518.2,2842.6,2347.6,0.453583270865973,0,738684.496070205,1146,1,0
15736.5057013842,40,2422,2885.4,2447.6,0.38886050242203,0,738684.496070668,1146,1,0
15736.5457004506,40,2393.8,2886.4,2479.6,0.373555726838669,0,738684.496071131,1146,1,0
15736.585699517,40,2439.6,2893.2,2435.4,0.402990075718856,0,738684.496071594,1146,1,0
15736.6256985834,40,2502,2882.8,2373,0.437743532746865,0,738684.496072057,1146,1,0
15736.6656976498,40,2597,2813.6,2294.2,0.499855013752571,0,738684.49607252,1146,1,0
15736.7056967162,40,2686,2671,2214.8,0.605299016202904,0,738684.496072983,1146,1,0
15736.7456957826,40,2712.8,2507,2156.8,0.69067652983471,0,738684.496073446,1146,1,0
15736.785694849,40,2696,2372.4,2113.6,0.758704666363614,0,738684.496073909,1146,1,0
15736.8256939154,40,2618.8,2275,2079,0.820429400219418,0,738684.496074372,1146,1,0
15736.8656929818,40,2525.8,2213.2,2065.4,0.879696155832112,0,738684.496074835,1146,1,0
15736.9056920482,40,2453,2173,2052.4,0.928397096983629,0,738684.496075298,1146,1,0
15736.9456911146,40,2403.4,2148.8,2046.6,0.957392764220256,0,738684.496075761,1146,1,0
15736.985690181,40,2383.2,2142.6,2045.4,0.969330739042227,0,738684.496076224,1146,1,0
15737.0256892474,40,2391.6,2145.2,2047.2,0.969330739042227,0,738684.496076686,1146,1,0
15737.0656883138,40,2415.6,2151.6,2047.8,0.951507301379275,0,738684.496077149,1146,1,0
15737.1056873802,40,2459.6,2169,2053.4,0.928397096983629,0,738684.496077612,1146,1,0
15737.1456864466,40,2529.8,2210,2062.2,0.879696155832112,0,738684.496078075,1146,1,0
15737.185685513,40,2623.6,2273.4,2083,0.820429400219418,0,738684.496078538,1146,1,0
15737.2256845794,40,2702.2,2385.8,2117,0.752016725630693,0,738684.496079001,1146,1,0
15737.2656836458,40,2698.8,2537.6,2168.6,0.674497686432619,0,738684.496079464,1146,1,0
15737.3056827122,40,2624.2,2705,2245,0.571991559090702,0,738684.496079927,1146,1,0
15737.3456817786,40,2519,2825.8,2341.8,0.463991214758112,0,738684.49608039,1146,1,0
15737.385680845,40,2417.2,2862.4,2440.6,0.396076922961512,0,738684.496080853,1146,1,0
15737.4256799114,40,2366.8,2847.8,2483.2,0.356497976346759,0,738684.496081316,1146,1,0
15737.4656789778,40,2397.4,2844.6,2443.6,0.38886050242203,0,738684.496081779,1146,1,0
15737.5056780442,40,2471,2855.6,2389.2,0.432498570591717,0,738684.496082242,1146,1,0
15737.5456771106,40,2558.6,2808.8,2314,0.487427987606295,0,738684.496082705,1146,1,0
15737.585676177,40,2652.6,2688.4,2230.8,0.591669078597459,0,738684.496083168,1146,1,0
15737.6256752434,40,2702.2,2526.4,2168.2,0.677742985086675,0,738684.496083631,1146,1,0
15737.6656743098,40,2687.6,2383.2,2119.6,0.755350806424959,0,738684.496084094,1146,1,0
15737.7056733762,40,2610.2,2281.8,2086.8,0.820429400219418,0,738684.496084557,1146,1,0
15737.7456724426,40,2519,2210.6,2066,0.884796034058834,0,738684.49608502,1146,1,0
15737.785671509,40,2428.2,2165,2054.2,0.939909252434471,0,738684.496085483,1146,1,0
15737.8256705754,40,2380.2,2143.8,2048.8,0.975376895053477,0,738684.496085946,1146,1,0
15737.8656696418,40,2349.4,2128.2,2042.2,0.993785067485734,0,738684.496086409,1146,1,0
15737.9056687082,40,2341.6,2125.4,2040.6,1,0,738684.496086871,1146,1,0
15737.9456677746,40,2356,2127.6,2042.2,0.98760735140419,0,738684.496087334,1146,1,0
15737.985666841,40,2398.2,2140.6,2043.2,0.963334962218702,0,738684.496087797,1146,1,0
15738.0256659074,40,2448.8,2166,2051,0.934145162156038,0,738684.49608826,1146,1,0
15738.0656649738,40,2529.8,2213.8,2067,0.879696155832112,0,738684.496088723,1146,1,0
15738.1056640402,40,2624,2290.4,2089,0.812409570046606,0,738684.496089186,1146,1,0
15738.1456631066,40,2695,2412,2124.4,0.742159015519958,0,738684.496089649,1146,1,0
15738.185662173,40,2679.4,2561.6,2182,0.658093992718842,0,738684.496090112,1146,1,0
15738.2256612394,40,2611.2,2726.2,2259.2,0.561591735227539,0,738684.496090575,1146,1,0
15738.2656603058,40,2516.2,2850,2354.6,0.453583270865973,0,738684.496091038,1146,1,0
15738.3056593722,40,2426.6,2894.8,2447.6,0.38886050242203,0,738684.496091501,1146,1,0
15738.3456584386,40,2392.6,2909.4,2482.2,0.36546342842044,0,738684.496091964,1146,1,0
15738.385657505,40,2436.6,2915.2,2446.2,0.396076922961512,0,738684.496092427,1146,1,0
15738.4256565714,40,2504.2,2910.8,2382.4,0.432498570591717,0,738684.49609289,1146,1,0
15738.4656556378,40,2618,2844.4,2301,0.491613825047665,0,738684.496093353,1146,1,0
15738.5056547042,40,2700.2,2687.8,2218.6,0.600935927986466,0,738684.496093816,1146,1,0
15738.5456537706,40,2735,2517.8,2156.4,0.684216142532836,0,738684.496094279,1146,1,0
15738.585652837,40,2705.4,2368.6,2108.8,0.758704666363614,0,738684.496094742,1146,1,0
15738.6256519034,40,2618,2270.6,2080.4,0.824555873811782,0,738684.496095205,1146,1,0
15738.6656509698,40,2509.8,2205.8,2062.2,0.889926901112563,0,738684.496095667,1146,1,0
15738.7486490326,83,2372,2136.8,2047.6,0.981470191009929,0,738684.496096628,1146,1,0
15738.788648099,40,2352.6,2129.2,2043.8,0.993785067485734,0,738684.496097091,1146,1,0
15738.8286471654,40,2348,2122.8,2043,0.993785067485734,0,738684.496097554,1146,1,0
15738.8686462318,40,2381,2135.8,2046,0.975376895053477,0,738684.496098017,1146,1,0
15738.9086452982,40,2428.6,2152.4,2048.4,0.945681682617138,0,738684.49609848,1146,1,0
15738.9486443646,40,2501.2,2192.6,2059.4,0.900451621459986,0,738684.496098943,1146,1,0
15738.988643431,40,2589.6,2255,2075.6,0.841648031306038,0,738684.496099406,1146,1,0
15739.0286424974,40,2673.4,2359.4,2107.6,0.768841674721193,0,738684.496099869,1146,1,0
15739.0686415638,40,2685.8,2496.2,2159.2,0.693901278940445,0,738684.496100332,1146,1,0
15739.1086406302,40,2641.4,2676.4,2230.4,0.591669078597459,0,738684.496100795,1146,1,0
15739.1486396966,40,2544,2817.4,2324.4,0.478648808335904,0,738684.496101258,1146,1,0
15739.188638763,40,2449,2885,2422.6,0.409582826119754,0,738684.496101721,1146,1,0
15739.2286378294,40,2403.4,2901,2476,0.373555726838669,0,738684.496102184,1146,1,0
15739.2686368958,40,2431.4,2917.4,2451.8,0.38886050242203,0,738684.496102646,1146,1,0
15739.3086359622,40,2511.2,2918,2391.6,0.427256089976996,0,738684.496103109,1146,1,0
15739.3486350286,40,2609.8,2859.4,2312.2,0.483127937558863,0,738684.496103572,1146,1,0
15739.388634095,40,2699.8,2699.2,2220,0.600935927986466,0,738684.496104035,1146,1,0
15739.4286331614,40,2740,2515.8,2157,0.687448072586759,0,738684.496104498,1146,1,0
15739.4686322278,40,2703.8,2366.2,2109.4,0.762074286926242,0,738684.496104961,1146,1,0
15739.5086312942,40,2614.2,2264.8,2080.2,0.828749855133686,0,738684.496105424,1146,1,0
15739.5486303606,40,2512,2197.6,2060,0.895128281408961,0,738684.496105887,1146,1,0
15739.588629427,40,2427.2,2159.4,2050.4,0.945681682617138,0,738684.49610635,1146,1,0
15739.6286284934,40,2375.2,2137.4,2042.2,0.975376895053477,0,738684.496106813,1146,1,0
15739.6686275598,40,2349.8,2125.4,2042.8,0.993785067485734,0,738684.496107276,1146,1,0
15739.7086266262,40,2359.6,2125.4,2040,0.98760735140419,0,738684.496107739,1146,1,0
15739.7486256926,40,2383.6,2135.6,2045.4,0.975376895053477,0,738684.496108202,1146,1,0
15739.788624759,40,2434,2159.6,2048,0.939909252434471,0,738684.496108665,1146,1,0
15739.8286238254,40,2513.2,2199,2061.6,0.889926901112563,0,738684.496109128,1146,1,0
15739.8686228918,40,2618.4,2271,2084.8,0.824555873811782,0,738684.496109591,1146,1,0
15739.9086219582,40,2707.6,2387.4,2120.2,0.748705579178257,0,738684.496110054,1146,1,0
15739.9486210246,40,2695.2,2556.8,2174.6,0.664691440014781,0,738684.496110517,1146,1,0
15739.988620091,40,2623,2729.2,2257,0.561591735227539,0,738684.49611098,1146,1,0
15740.0286191574,40,2508,2866.6,2363,0.443015536937748,0,738684.496111443,1146,1,0
15740.0686182238,40,2406.4,2906.8,2469.8,0.373555726838669,0,738684.496111906,1146,1,0
15740.1086172902,40,2390,2909,2487.2,0.36546342842044,0,738684.496112369,1146,1,0
15740.1486163566,40,2446.8,2915.6,2433.2,0.402990075718856,0,738684.496112831,1146,1,0
15740.188615423,40,2519.6,2883.8,2363.6,0.443015536937748,0,738684.496113294,1146,1,0
15740.2286144894,40,2619.8,2796.8,2281.2,0.532884543384682,0,738684.496113757,1146,1,0
15740.2686135558,40,2698.8,2638.4,2202.4,0.620670210669844,0,738684.49611422,1146,1,0
15740.3086126222,40,2712.6,2465.2,2140.2,0.713170366876487,0,738684.496114683,1146,1,0
15740.3486116886,40,2668.4,2337.8,2099,0.782692588654786,0,738684.496115146,1146,1,0
15740.388610755,40,2573.6,2245,2070.4,0.850530689995972,0,738684.496115609,1146,1,0
15740.4286098214,40,2477,2188.2,2058.6,0.91140871723736,0,738684.496116072,1146,1,0
15740.4686088878,40,2410.8,2156,2049.2,0.951507301379275,0,738684.496116535,1146,1,0
15740.5086079542,40,2363,2132.6,2044,0.98760735140419,0,738684.496116998,1146,1,0
15740.5486070206,40,2349.8,2122.8,2044.2,0.993785067485734,0,738684.496117461,1146,1,0
15740.588606087,40,2357.2,2128,2040,0.98760735140419,0,738684.496117924,1146,1,0
15740.6286051534,40,2397.4,2142.8,2045.8,0.963334962218702,0,738684.496118387,1146,1,0
15740.6686042198,40,2466.8,2171.2,2053.2,0.922681122048444,0,738684.49611885,1146,1,0
15740.7086032862,40,2553,2226.8,2070.2,0.864724653185449,0,738684.496119313,1146,1,0
15740.7486023526,40,2644.4,2322.8,2094.6,0.793575316906683,0,738684.496119776,1146,1,0
15740.788601419,40,2696,2462.6,2142.2,0.713170366876487,0,738684.496120239,1146,1,0
15740.8286004854,40,2654.4,2643.8,2214.4,0.609441754663018,0,738684.496120702,1146,1,0
15740.8685995518,40,2557.8,2813.6,2313.4,0.487427987606295,0,738684.496121165,1146,1,0
15740.9085986182,40,2444.4,2898.2,2425.4,0.402990075718856,0,738684.496121628,1146,1,0
15740.9485976846,40,2381.6,2903.6,2498.8,0.356497976346759,0,738684.49612209,1146,1,0
15740.988596751,40,2414.6,2921.4,2470.2,0.38135234540336,0,738684.496122553,1146,1,0
15741.0285958174,40,2495.6,2921.8,2397.4,0.427256089976996,0,738684.496123016,1146,1,0
15741.0685948838,40,2604.8,2870.4,2316.2,0.478648808335904,0,738684.496123479,1146,1,0
15741.1085939502,40,2707.8,2718.8,2224.4,0.596381495302282,0,738684.496123942,1146,1,0
15741.1485930166,40,2742,2529.6,2159.6,0.680981033552426,0,738684.496124405,1146,1,0
15741.188592083,40,2702.6,2375.2,2110.4,0.758704666363614,0,738684.496124868,1146,1,0
15741.2285911494,40,2617.4,2270.8,2083.2,0.824555873811782,0,738684.496125331,1146,1,0
15741.2685902158,40,2506.6,2201.4,2060.4,0.895128281408961,0,738684.496125794,1146,1,0
15741.3085892822,40,2426,2164,2052,0.945681682617138,0,738684.496126257,1146,1,0
15741.3485883486,40,2380.4,2148,2047.4,0.969330739042227,0,738684.49612672,1146,1,0
15741.388587415,40,2349.2,2129,2042,0.993785067485734,0,738684.496127183,1146,1,0
15741.4285864814,40,2351.8,2126.4,2041,0.993785067485734,0,738684.496127646,1146,1,0
15741.4685855478,40,2395,2141.6,2046.4,0.963334962218702,0,738684.496128109,1146,1,0
15741.5085846142,40,2449.2,2166.4,2051.6,0.934145162156038,0,738684.496128572,1146,1,0
15741.5485836806,40,2539.6,2212.2,2065.6,0.874641614251024,0,738684.496129035,1146,1,0
15741.588582747,40,2647.8,2293.2,2088.4,0.804740833678851,0,738684.496129498,1146,1,0
15741.6285818134,40,2716.6,2427,2129.2,0.73246794223773,0,738684.496129961,1146,1,0
15741.6685808798,40,2681,2593.2,2191.8,0.641445129325003,0,738684.496130424,1146,1,0
15741.7085799462,40,2589.8,2761.2,2278.4,0.538592179709432,0,738684.496130887,1146,1,0
15741.7485790126,40,2470.2,2850.6,2387,0.432498570591717,0,738684.49613135,1146,1,0
15741.788578079,40,2383.8,2844.2,2465.6,0.373555726838669,0,738684.496131812,1146,1,0
15741.8285771454,40,2408.4,2864.4,2445.2,0.38886050242203,0,738684.496132275,1146,1,0
15741.8685762118,40,2487.2,2865.6,2381,0.432498570591717,0,738684.496132738,1146,1,0
15741.9085752782,40,2593,2819.4,2297.8,0.495740077303994,0,738684.496133201,1146,1,0
15741.9485743446,40,2694.2,2680.6,2218.4,0.605299016202904,0,738684.496133664,1146,1,0
15741.988573411,40,2739,2513,2153.8,0.687448072586759,0,738684.496134127,1146,1,0
15742.0285724774,40,2705.4,2370.2,2107.6,0.758704666363614,0,738684.49613459,1146,1,0
15742.0685715438,40,2616,2268,2082,0.824555873811782,0,738684.496135053,1146,1,0
15742.1085706102,40,2509.4,2201.6,2061.2,0.895128281408961,0,738684.496135516,1146,1,0
15742.1485696766,40,2430.6,2161.4,2050.8,0.945681682617138,0,738684.496135979,1146,1,0
15742.188568743,40,2384.4,2141.2,2046.6,0.969330739042227,0,738684.496136442,1146,1,0
15742.2285678094,40,2361.6,2129,2045.2,0.98760735140419,0,738684.496136905,1146,1,0
15742.2685668758,40,2363.4,2127.2,2040.6,0.98760735140419,0,738684.496137368,1146,1,0
15742.3085659422,40,2395,2144.4,2043.6,0.963334962218702,0,738684.496137831,1146,1,0
15742.3485650086,40,2454.4,2169,2051.6,0.928397096983629,0,738684.496138294,1146,1,0
15742.388564075,40,2544.8,2218.4,2065.6,0.869646511663396,0,738684.496138757,1146,1,0
15742.4285631414,40,2636,2310.6,2091.8,0.800998633917584,0,738684.49613922,1146,1,0
15742.4685622078,40,2715.2,2458.4,2138.2,0.716376706440077,0,738684.496139683,1146,1,0
15742.5085612742,40,2667.4,2649.4,2215.8,0.609441754663018,0,738684.496140146,1146,1,0
15742.5485603406,40,2562,2824.8,2319.8,0.483127937558863,0,738684.496140609,1146,1,0
15742.588559407,40,2439.4,2902.4,2436.4,0.396076922961512,0,738684.496141072,1146,1,0
15742.6285584734,40,2377.6,2908,2511,0.356497976346759,0,738684.496141535,1146,1,0
15742.6685575398,40,2414.6,2927.4,2477.4,0.373555726838669,0,738684.496141997,1146,1,0
15742.7085566062,40,2510.2,2935,2398.6,0.427256089976996,0,738684.49614246,1146,1,0
15742.7485556726,40,2627,2856.2,2307.2,0.491613825047665,0,738684.496142923,1146,1,0
15742.788554739,40,2719.6,2674.2,2210.6,0.609441754663018,0,738684.496143386,1146,1,0
15742.8285538054,40,2738.6,2475.2,2143,0.706760832147339,0,738684.496143849,1146,1,0
15742.8685528718,40,2677.8,2327.8,2093.2,0.782692588654786,0,738684.496144312,1146,1,0
15742.9085519382,40,2565.4,2233.2,2070.8,0.859889483197649,0,738684.496144775,1146,1,0
15742.9485510046,40,2459.4,2173,2060.2,0.922681122048444,0,738684.496145238,1146,1,0
15742.988550071,40,2391,2141.6,2047.2,0.969330739042227,0,738684.496145701,1146,1,0
15743.0285491374,40,2355.4,2128.6,2041.4,0.98760735140419,0,738684.496146164,1146,1,0
15743.0685482038,40,2339.2,2121.2,2039.2,1,0,738684.496146627,1146,1,0
15743.1085472702,40,2350.8,2125.2,2042.2,0.993785067485734,0,738684.49614709,1146,1,0
15743.1485463366,40,2388.2,2139.4,2046.8,0.969330739042227,0,738684.496147553,1146,1,0
15743.188545403,40,2452.6,2167.6,2051.8,0.928397096983629,0,738684.496148016,1146,1,0
15743.2285444694,40,2531.2,2222.2,2066.6,0.874641614251024,0,738684.496148479,1146,1,0
15743.2685435358,40,2626.8,2304.4,2094.8,0.808529044605241,0,738684.496148942,1146,1,0
15743.3085426022,40,2685.6,2437,2138,0.72601963564692,0,738684.496149405,1146,1,0
15743.3485416686,40,2670,2618.2,2200.8,0.627761211066945,0,738684.496149868,1146,1,0
15743.388540735,40,2580.6,2800.6,2298.4,0.499855013752571,0,738684.496150331,1146,1,0
15743.4285398014,40,2469,2906,2418,0.415835616278058,0,738684.496150794,1146,1,0
15743.4685388678,40,2378,2923.8,2521.2,0.345854372631172,0,738684.496151256,1146,1,0
15743.5085379342,40,2390.4,2943.8,2519.4,0.356497976346759,0,738684.496151719,1146,1,0
15743.5485370006,40,2460.6,2968,2453.2,0.396076922961512,0,738684.496152182,1146,1,0
15743.588536067,40,2560,2948,2368.4,0.437743532746865,0,738684.496152645,1146,1,0
15743.6285351334,40,2660.6,2808.2,2273,0.550236263228431,0,738684.496153108,1146,1,0
15743.6685341998,40,2729.6,2613.4,2188.4,0.638072468361496,0,738684.496153571,1146,1,0
15743.7085332662,40,2731.8,2433.4,2134,0.72601963564692,0,738684.496154034,1146,1,0
15743.7485323326,40,2645.6,2304.4,2093.6,0.800998633917584,0,738684.496154497,1146,1,0
15743.788531399,40,2520.8,2220.2,2070.6,0.879696155832112,0,738684.49615496,1146,1,0
15743.8285304654,40,2430.2,2172,2056.6,0.939909252434471,0,738684.496155423,1146,1,0
15743.8685295318,40,2375.8,2145.4,2048.4,0.975376895053477,0,738684.496155886,1146,1,0
15743.9085285982,40,2339.6,2126.4,2043,1,0,738684.496156349,1146,1,0
15743.9485276646,40,2327.8,2123.4,2039,1,0,738684.496156812,1146,1,0
15743.988526731,40,2341.4,2122.6,2040.4,1,0,738684.496157275,1146,1,0
15744.0285257974,40,2399.2,2144,2045.6,0.963334962218702,0,738684.496157738,1146,1,0
15744.0685248638,40,2481.4,2177.4,2057,0.91140871723736,0,738684.496158201,1146,1,0
15744.1085239302,40,2580.6,2239.2,2072.8,0.850530689995972,0,738684.496158664,1146,1,0
15744.1485229966,40,2668.4,2342.6,2109,0.77915429777298,0,738684.496159127,1146,1,0
15744.188522063,40,2675.6,2498.4,2158.6,0.693901278940445,0,738684.49615959,1146,1,0
15744.2285211294,40,2618.4,2672,2238.2,0.586834992766542,0,738684.496160053,1146,1,0
15744.2685201958,40,2505.2,2807,2339.6,0.469043195516147,0,738684.496160516,1146,1,0
15744.3085192622,40,2394.6,2849.8,2449.4,0.38135234540336,0,738684.496160978,1146,1,0
15744.3485183286,40,2379,2864.4,2482.4,0.36546342842044,0,738684.496161441,1146,1,0
15744.388517395,40,2442.6,2896.4,2436,0.402990075718856,0,738684.496161904,1146,1,0
15744.4285164614,40,2538.8,2879.4,2353,0.44830310725817,0,738684.496162367,1146,1,0
15744.4685155278,40,2649.2,2776,2263.6,0.55599419909927,0,738684.49616283,1146,1,0
15744.5085145942,40,2730.6,2592,2182.2,0.648129975506603,0,738684.496163293,1146,1,0
15744.5485136606,40,2731,2419.8,2127.4,0.73246794223773,0,738684.496163756,1146,1,0
15744.588512727,40,2650.8,2296.8,2085.2,0.804740833678851,0,738684.496164219,1146,1,0
15744.6285117934,40,2540.6,2217.4,2065.8,0.874641614251024,0,738684.496164682,1146,1,0
15744.6685108598,40,2441.2,2168.8,2051,0.934145162156038,0,738684.496165145,1146,1,0
15744.7085099262,40,2375.6,2137.4,2048.4,0.975376895053477,0,738684.496165608,1146,1,0
15744.7485089926,40,2342.2,2129.2,2043.2,0.993785067485734,0,738684.496166071,1146,1,0
15744.788508059,40,2334.4,2120.6,2042.2,1,0,738684.496166534,1146,1,0
15744.8285071254,40,2348.6,2125.6,2042.4,0.993785067485734,0,738684.496166997,1146,1,0
15744.8685061918,40,2393.4,2143.8,2045.4,0.969330739042227,0,738684.49616746,1146,1,0
15744.9085052582,40,2468,2176.6,2057.6,0.917013117136947,0,738684.496167923,1146,1,0
15744.9485043246,40,2573.8,2236.6,2070,0.855154006574624,0,738684.496168386,1146,1,0
15744.988503391,40,2678.8,2337.4,2102,0.77915429777298,0,738684.496168849,1146,1,0
15745.0285024574,40,2716.8,2493.4,2151.6,0.697122148361531,0,738684.496169312,1146,1,0
15745.0685015238,40,2663,2682.4,2227.2,0.596381495302282,0,738684.496169775,1146,1,0
15745.1085005902,40,2548.6,2840.4,2328.2,0.469043195516147,0,738684.496170238,1146,1,0
15745.1484996566,40,2445,2892.8,2433.6,0.402990075718856,0,738684.496170701,1146,1,0
15745.188498723,40,2410.8,2894.8,2463.6,0.38135234540336,0,738684.496171163,1146,1,0
15745.2284977894,40,2472.8,2891.8,2404.4,0.421730440329805,0,738684.496171626,1146,1,0
15745.2684968558,40,2566.6,2854,2327.8,0.469043195516147,0,738684.496172089,1146,1,0
15745.3084959222,40,2665.2,2749.8,2247,0.571991559090702,0,738684.496172552,1146,1,0
15745.3484949886,40,2734.2,2577.8,2176.2,0.658093992718842,0,738684.496173015,1146,1,0
15745.388494055,40,2724.8,2417.2,2124.8,0.735695387533812,0,738684.496173478,1146,1,0
15745.4284931214,40,2651.6,2297,2088.8,0.804740833678851,0,738684.496173941,1146,1,0
15745.4684921878,40,2549,2222,2067.6,0.869646511663396,0,738684.496174404,1146,1,0
15745.5084912542,40,2456,2173.2,2056.4,0.928397096983629,0,738684.496174867,1146,1,0
15745.5484903206,40,2396.6,2148.2,2045.6,0.963334962218702,0,738684.49617533,1146,1,0
15745.588489387,40,2363.2,2136,2043.8,0.981470191009929,0,738684.496175793,1146,1,0
15745.6284884534,40,2349.4,2125.6,2044.2,0.993785067485734,0,738684.496176256,1146,1,0
15745.6684875198,40,2362.6,2130.8,2043,0.98760735140419,0,738684.496176719,1146,1,0
15745.7084865862,40,2412,2151,2048.2,0.957392764220256,0,738684.496177182,1146,1,0
15745.7484856526,40,2485.8,2185.2,2057.4,0.91140871723736,0,738684.496177645,1146,1,0
15745.788484719,40,2585.4,2249,2073.8,0.846031337148546,0,738684.496178108,1146,1,0
15745.8284837854,40,2682.2,2354.2,2107.8,0.772233014043569,0,738684.496178571,1146,1,0
15745.8684828518,40,2715.6,2518.6,2159.2,0.684216142532836,0,738684.496179034,1146,1,0
15745.9084819182,40,2659.2,2704.2,2236.2,0.586834992766542,0,738684.496179497,1146,1,0
15745.9484809846,40,2556.4,2872.4,2342.4,0.458824823815669,0,738684.49617996,1146,1,0
15745.988480051,40,2449.4,2935.8,2445.4,0.396076922961512,0,738684.496180422,1146,1,0
15746.0284791174,40,2425.6,2943.6,2477.2,0.38135234540336,0,738684.496180885,1146,1,0
15746.0684781838,40,2475.6,2937,2422.4,0.409582826119754,0,738684.496181348,1146,1,0
15746.1084772502,40,2557,2898,2348.6,0.44830310725817,0,738684.496181811,1146,1,0
15746.1484763166,40,2649.2,2785,2267.2,0.55599419909927,0,738684.496182274,1146,1,0
15746.188475383,40,2724.8,2611.6,2188.8,0.638072468361496,0,738684.496182737,1146,1,0
15746.2284744494,40,2719.4,2437.2,2133.4,0.72601963564692,0,738684.4961832,1146,1,0
15746.2684735158,40,2644.4,2307.8,2093.4,0.800998633917584,0,738684.496183663,1146,1,0
15746.3084725822,40,2531,2224.4,2068,0.874641614251024,0,738684.496184126,1146,1,0
15746.3484716486,40,2452.2,2171.4,2057.4,0.928397096983629,0,738684.496184589,1146,1,0
15746.388470715,40,2395.2,2148.6,2047.2,0.963334962218702,0,738684.496185052,1146,1,0
15746.4284697814,40,2359.6,2130.8,2044.8,0.98760735140419,0,738684.496185515,1146,1,0
15746.4684688478,40,2346,2121.4,2040,0.993785067485734,0,738684.496185978,1146,1,0
15746.5084679142,40,2360.8,2125.6,2043.8,0.98760735140419,0,738684.496186441,1146,1,0
15746.5484669806,40,2401.2,2145.2,2045.6,0.963334962218702,0,738684.496186904,1146,1,0
15746.588466047,40,2466.8,2178,2057,0.922681122048444,0,738684.496187367,1146,1,0
15746.6284651134,40,2544.8,2239.6,2075,0.864724653185449,0,738684.49618783,1146,1,0
15746.6684641798,40,2638.2,2343,2106,0.786278650390616,0,738684.496188293,1146,1,0
15746.7084632462,40,2672,2494,2155.8,0.697122148361531,0,738684.496188756,1146,1,0
15746.7484623126,40,2625.8,2664,2233.6,0.591669078597459,0,738684.496189219,1146,1,0
15746.788461379,40,2526.4,2815,2332.4,0.473941473653243,0,738684.496189681,1146,1,0
15746.8284604454,40,2420.6,2879.4,2438.4,0.396076922961512,0,738684.496190144,1146,1,0
15746.8684595118,40,2392.8,2892.4,2488.2,0.36546342842044,0,738684.496190607,1146,1,0
15746.9084585782,40,2442.2,2920.8,2446.2,0.396076922961512,0,738684.49619107,1146,1,0
15746.9484576446,40,2530.8,2918,2378.4,0.437743532746865,0,738684.496191533,1146,1,0
15746.988456711,40,2633.2,2843.6,2293.6,0.499855013752571,0,738684.496191996,1146,1,0
15747.0284557774,40,2722,2677.6,2213,0.609441754663018,0,738684.496192459,1146,1,0
15747.0684548438,40,2745.2,2494.6,2149,0.697122148361531,0,738684.496192922,1146,1,0
15747.1084539102,40,2702.4,2353.2,2104.8,0.768841674721193,0,738684.496193385,1146,1,0
15747.1484529766,40,2604.6,2258.2,2078.6,0.833002741240853,0,738684.496193848,1146,1,0
15747.188452043,40,2497,2195.2,2060.8,0.900451621459986,0,738684.496194311,1146,1,0
15747.2284511094,40,2414.6,2157.4,2049.6,0.951507301379275,0,738684.496194774,1146,1,0
15747.2684501758,40,2369.6,2137.4,2046.2,0.981470191009929,0,738684.496195237,1146,1,0
15747.3084492422,40,2347,2132.4,2042,0.993785067485734,0,738684.4961957,1146,1,0
15747.3484483086,40,2357,2128,2043.4,0.98760735140419,0,738684.496196163,1146,1,0
15747.388447375,40,2405.6,2145.6,2047,0.957392764220256,0,738684.496196626,1146,1,0
15747.4284464414,40,2479.8,2182.4,2056.8,0.91140871723736,0,738684.496197089,1146,1,0
15747.4684455078,40,2579.4,2241.4,2074.2,0.850530689995972,0,738684.496197552,1146,1,0
15747.5084445742,40,2660,2345.4,2108,0.77915429777298,0,738684.496198015,1146,1,0
15747.5484436406,40,2692.6,2495.2,2155,0.697122148361531,0,738684.496198478,1146,1,0
15747.588442707,40,2645.6,2672,2230.4,0.596381495302282,0,738684.496198941,1146,1,0
15747.6284417734,40,2543.6,2829.8,2321.2,0.473941473653243,0,738684.496199404,1146,1,0
15747.6684408398,40,2448.4,2906.4,2426.8,0.402990075718856,0,738684.496199866,1146,1,0
15747.7084399062,40,2425,2920.4,2457,0.38886050242203,0,738684.496200329,1146,1,0
15747.7484389726,40,2471.6,2907.6,2412,0.415835616278058,0,738684.496200792,1146,1,0
15747.788438039,40,2559.6,2867.6,2337.6,0.458824823815669,0,738684.496201255,1146,1,0
15747.8284371054,40,2648.2,2752.4,2255.2,0.561591735227539,0,738684.496201718,1146,1,0
15747.8684361718,40,2725.8,2588,2181.4,0.648129975506603,0,738684.496202181,1146,1,0
15747.9084352382,40,2717,2424.4,2126.4,0.73246794223773,0,738684.496202644,1146,1,0
15747.9484343046,40,2646.6,2309.6,2090,0.800998633917584,0,738684.496203107,1146,1,0
15747.988433371,40,2539.8,2227,2067.2,0.869646511663396,0,738684.49620357,1146,1,0
15748.0284324374,40,2452,2173,2055,0.928397096983629,0,738684.496204033,1146,1,0
15748.0684315038,40,2388.2,2141.2,2045,0.969330739042227,0,738684.496204496,1146,1,0
15748.1084305702,40,2352.4,2129.2,2043,0.993785067485734,0,738684.496204959,1146,1,0
15748.1484296366,40,2336.6,2122,2040.4,1,0,738684.496205422,1146,1,0
15748.188428703,40,2341.2,2120.4,2038.2,1,0,738684.496205885,1146,1,0
15748.2284277694,40,2381.2,2139,2045,0.975376895053477,0,738684.496206348,1146,1,0
15748.2684268358,40,2441.8,2162.2,2050.4,0.939909252434471,0,738684.496206811,1146,1,0
15748.3084259022,40,2524,2212.4,2067.4,0.884796034058834,0,738684.496207274,1146,1,0
15748.3484249686,40,2635.6,2304.4,2092,0.804740833678851,0,738684.496207737,1146,1,0
15748.388424035,40,2704.2,2439,2136.4,0.72601963564692,0,738684.4962082,1146,1,0
15748.4284231014,40,2683,2631,2205.2,0.620670210669844,0,738684.496208663,1146,1,0
15748.4684221678,40,2596.4,2820.8,2300.8,0.495740077303994,0,738684.496209126,1146,1,0
15748.5084212342,40,2476.8,2919,2412.2,0.415835616278058,0,738684.496209588,1146,1,0
15748.5484203006,40,2409.8,2920.8,2480,0.373555726838669,0,738684.496210051,1146,1,0
15748.588419367,40,2438.8,2916.6,2443.8,0.396076922961512,0,738684.496210514,1146,1,0
15748.6284184334,40,2506,2884.4,2379,0.437743532746865,0,738684.496210977,1146,1,0
15748.6684174998,40,2583,2799.6,2300,0.499855013752571,0,738684.49621144,1146,1,0
15748.7084165662,40,2657.2,2649.6,2218.4,0.609441754663018,0,738684.496211903,1146,1,0
15748.7484156326,40,2658.6,2474.2,2154.4,0.706760832147339,0,738684.496212366,1146,1,0
15748.788414699,40,2615.2,2347.4,2110.4,0.789908020549802,0,738684.496212829,1146,1,0
15748.8284137654,40,2534.4,2258.2,2081.8,0.859889483197649,0,738684.496213292,1146,1,0
15748.8684128318,40,2452,2197,2065.6,0.922681122048444,0,738684.496213755,1146,1,0
15748.9084118982,40,2391.2,2165.6,2054.8,0.963334962218702,0,738684.496214218,1146,1,0
15748.9484109646,40,2347,2143.4,2049.2,0.98760735140419,0,738684.496214681,1146,1,0
15748.988410031,40,2325.2,2129.6,2045.4,1,0,738684.496215144,1146,1,0
15749.0284090974,40,2326,2124.2,2045.2,1,0,738684.496215607,1146,1,0
15749.0684081638,40,2365,2132.8,2042.4,0.981470191009929,0,738684.49621607,1146,1,0
15749.1084072302,40,2434.2,2159.8,2053,0.939909252434471,0,738684.496216533,1146,1,0
15749.1484062966,40,2529,2212.4,2064.8,0.879696155832112,0,738684.496216996,1146,1,0
15749.188405363,40,2618.2,2288.2,2088,0.816378308563394,0,738684.496217459,1146,1,0
15749.2284044294,40,2663.8,2404.8,2129.8,0.745419432004827,0,738684.496217922,1146,1,0
15749.2684034958,40,2636.2,2565.2,2193.4,0.648129975506603,0,738684.496218385,1146,1,0
15749.3084025622,40,2549,2717.4,2282.2,0.532884543384682,0,738684.496218847,1146,1,0
15749.3484016286,40,2441.6,2804.4,2383.6,0.432498570591717,0,738684.49621931,1146,1,0
15749.388400695,40,2371,2830.2,2466.2,0.36546342842044,0,738684.496219773,1146,1,0
15749.4283997614,40,2402.4,2880.8,2460.8,0.38135234540336,0,738684.496220236,1146,1,0
15749.4683988278,40,2486.8,2916,2406.4,0.421730440329805,0,738684.496220699,1146,1,0
15749.5083978942,40,2590.8,2888.2,2330,0.463991214758112,0,738684.496221162,1146,1,0
15749.5483969606,40,2698.8,2754.8,2243.2,0.576956288034028,0,738684.496221625,1146,1,0
15749.588396027,40,2746.2,2565.2,2170.2,0.664691440014781,0,738684.496222088,1146,1,0
15749.6283950934,40,2724.4,2404.6,2118.2,0.742159015519958,0,738684.496222551,1146,1,0
15749.6683941598,40,2637,2286.6,2082,0.812409570046606,0,738684.496223014,1146,1,0
15749.7083932262,40,2519.2,2212,2065.8,0.884796034058834,0,738684.496223477,1146,1,0
15749.7483922926,40,2427.6,2169.6,2053.2,0.939909252434471,0,738684.49622394,1146,1,0
15749.788391359,40,2371.8,2145,2049,0.975376895053477,0,738684.496224403,1146,1,0
15749.8283904254,40,2339.8,2130.8,2043,1,0,738684.496224866,1146,1,0
15749.9113884881,83,2362.8,2129.6,2045,0.98760735140419,0,738684.496225827,1146,1,0
15749.9513875545,40,2419.2,2152.4,2047.8,0.951507301379275,0,738684.496226289,1146,1,0
15749.9913866209,40,2490.8,2190.2,2060.8,0.90588324353745,0,738684.496226752,1146,1,0
15750.0313856873,40,2592,2252.8,2078.2,0.841648031306038,0,738684.496227215,1146,1,0
15750.0713847537,40,2676.2,2369.8,2114.2,0.76545499769829,0,738684.496227678,1146,1,0
15750.1113838201,40,2681.6,2527.2,2170.8,0.677742985086675,0,738684.496228141,1146,1,0
15750.1513828865,40,2626.4,2714.4,2253.2,0.56694533960948,0,738684.496228604,1146,1,0
15750.1913819529,40,2518.8,2858.4,2357.4,0.44830310725817,0,738684.496229067,1146,1,0
15750.2313810193,40,2413.6,2897.6,2460.4,0.38135234540336,0,738684.49622953,1146,1,0
15750.2713800857,40,2409.2,2904.6,2465.8,0.38135234540336,0,738684.496229993,1146,1,0
15750.3113791521,40,2469.2,2897.6,2407.8,0.415835616278058,0,738684.496230456,1146,1,0
15750.3513782185,40,2558.6,2851.4,2332,0.469043195516147,0,738684.496230919,1146,1,0
15750.3913772849,40,2643,2738.6,2252,0.56694533960948,0,738684.496231382,1146,1,0
15750.4313763513,40,2702.4,2570.8,2177.6,0.658093992718842,0,738684.496231845,1146,1,0
15750.4713754177,40,2695,2415.2,2127.2,0.738923200384679,0,738684.496232308,1146,1,0
15750.5113744841,40,2623,2300,2091.8,0.808529044605241,0,738684.496232771,1146,1,0
15750.5513735505,40,2524.6,2221.8,2067.6,0.879696155832112,0,738684.496233234,1146,1,0
15750.5913726169,40,2447.8,2176.8,2061,0.928397096983629,0,738684.496233697,1146,1,0
15750.6313716833,40,2382.6,2147,2049.6,0.969330739042227,0,738684.49623416,1146,1,0
15750.6713707497,40,2359.2,2128.6,2045,0.98760735140419,0,738684.496234623,1146,1,0
15750.7113698161,40,2340.8,2122.2,2041.6,1,0,738684.496235086,1146,1,0
15750.7513688825,40,2365.8,2131,2046.4,0.981470191009929,0,738684.496235549,1146,1,0
15750.7913679489,40,2404.8,2148.2,2048.8,0.957392764220256,0,738684.496236012,1146,1,0
15750.8313670153,40,2477.4,2184.4,2055.6,0.91140871723736,0,738684.496236474,1146,1,0
15750.8713660817,40,2568.2,2251,2076.2,0.850530689995972,0,738684.496236937,1146,1,0
15750.9113651481,40,2660,2358.6,2112.2,0.772233014043569,0,738684.4962374,1146,1,0
15750.9513642145,40,2686.6,2508.6,2161.8,0.687448072586759,0,738684.496237863,1146,1,0
15750.9913632809,40,2638.8,2707.6,2243.4,0.576956288034028,0,738684.496238326,1146,1,0
15751.0313623473,40,2544.6,2877.8,2348.6,0.453583270865973,0,738684.496238789,1146,1,0
15751.0713614137,40,2439.6,2943,2455.4,0.38886050242203,0,738684.496239252,1146,1,0
15751.1113604801,40,2427,2959.2,2481.8,0.38135234540336,0,738684.496239715,1146,1,0
15751.1513595465,40,2476.8,2933.8,2420.2,0.415835616278058,0,738684.496240178,1146,1,0
15751.1913586129,40,2575.2,2905.8,2344,0.453583270865973,0,738684.496240641,1146,1,0
15751.2313576793,40,2664,2783,2264.4,0.55599419909927,0,738684.496241104,1146,1,0
15751.2713567457,40,2727.4,2604.6,2186.2,0.641445129325003,0,738684.496241567,1146,1,0
15751.3113558121,40,2709.8,2430.6,2131.4,0.729242281466222,0,738684.49624203,1146,1,0
15751.3513548785,40,2637.4,2306.8,2091.6,0.804740833678851,0,738684.496242493,1146,1,0
15751.3913539449,40,2533,2224.2,2068,0.874641614251024,0,738684.496242956,1146,1,0
15751.4313530113,40,2440.4,2173.6,2053.8,0.934145162156038,0,738684.496243419,1146,1,0
15751.4713520777,40,2382.8,2146.4,2047.2,0.969330739042227,0,738684.496243882,1146,1,0
15751.5113511441,40,2339.2,2126,2043.6,1,0,738684.496244345,1146,1,0
15751.5513502105,40,2329,2124.2,2041.6,1,0,738684.496244807,1146,1,0
15751.5913492769,40,2344,2123.4,2040.8,1,0,738684.49624527,1146,1,0
15751.6313483433,40,2389.8,2142.4,2046.8,0.969330739042227,0,738684.496245733,1146,1,0
15751.6713474097,40,2444.4,2168.6,2051.6,0.934145162156038,0,738684.496246196,1146,1,0
15751.7113464761,40,2535,2229.8,2069.2,0.869646511663396,0,738684.496246659,1146,1,0
15751.7513455425,40,2632.4,2323.8,2099.4,0.797274419786194,0,738684.496247122,1146,1,0
15751.7913446089,40,2667.8,2466.6,2150.2,0.709966050179064,0,738684.496247585,1146,1,0
15751.8313436753,40,2628.8,2645.6,2228.4,0.600935927986466,0,738684.496248048,1146,1,0
15751.8713427417,40,2529.6,2801,2327.4,0.478648808335904,0,738684.496248511,1146,1,0
15751.9113418081,40,2426.8,2881.8,2440.8,0.396076922961512,0,738684.496248974,1146,1,0
15751.9513408745,40,2374.2,2865.2,2489.6,0.356497976346759,0,738684.496249437,1146,1,0
15751.9913399409,40,2434.6,2938,2469.2,0.38886050242203,0,738684.4962499,1146,1,0
15752.0313390073,40,2520.8,2941.2,2395.6,0.427256089976996,0,738684.496250363,1146,1,0
15752.0713380737,40,2623.4,2886.8,2312.2,0.478648808335904,0,738684.496250826,1146,1,0
15752.1113371401,40,2718,2728,2228,0.591669078597459,0,738684.496251289,1146,1,0
15752.1513362065,40,2751,2551.4,2165.6,0.671241250044602,0,738684.496251752,1146,1,0
15752.1913352729,40,2730,2407.6,2120.8,0.742159015519958,0,738684.496252215,1146,1,0
15752.2313343393,40,2657.2,2312.2,2092,0.793575316906683,0,738684.496252678,1146,1,0
15752.2713334057,40,2559.6,2242.4,2073.2,0.855154006574624,0,738684.496253141,1146,1,0
15752.3113324721,40,2479,2197,2061.6,0.90588324353745,0,738684.496253604,1146,1,0
15752.3513315385,40,2416.8,2166.4,2054.8,0.945681682617138,0,738684.496254067,1146,1,0
15752.3913306049,40,2371.2,2148.4,2048.6,0.975376895053477,0,738684.49625453,1146,1,0
15752.4313296713,40,2331.6,2132.6,2045.4,1,0,738684.496254992,1146,1,0
15752.4713287377,40,2305.4,2123.8,2048.6,1,0,738684.496255455,1146,1,0
15752.5113278041,40,2291,2122.2,2044.4,1,0,738684.496255918,1146,1,0
15752.5513268705,40,2284.6,2115.8,2042.4,1,0,738684.496256381,1146,1,0
15752.5913259369,40,2283.4,2116.2,2043.2,1,0,738684.496256844,1146,1,0
15752.6313250033,40,2288.6,2117.2,2045,1,0,738684.496257307,1146,1,0
15752.6713240697,40,2295.6,2118.2,2043.2,1,0,738684.49625777,1146,1,0
15752.7113231361,40,2303.8,2119.6,2043.2,1,0,738684.496258233,1146,1,0
15752.7513222025,40,2310.8,2121.6,2042.6,1,0,738684.496258696,1146,1,0
15752.7913212689,40,2311,2121.2,2041.8,1,0,738684.496259159,1146,1,0
15752.8313203353,40,2323.4,2127.4,2043,1,0,738684.496259622,1146,1,0
15752.8713194017,40,2330.6,2129.6,2047.4,1,0,738684.496260085,1146,1,0
15752.9113184681,40,2334.8,2135.4,2046.6,1,0,738684.496260548,1146,1,0
15752.9513175345,40,2338.2,2133.6,2046.4,1,0,738684.496261011,1146,1,0
15752.9913166009,40,2341.8,2135.2,2048.4,0.993785067485734,0,738684.496261474,1146,1,0
15753.0313156673,40,2344.6,2140.6,2048,0.993785067485734,0,738684.496261937,1146,1,0
15753.0713147337,40,2345.2,2142,2052.6,0.993785067485734,0,738684.4962624,1146,1,0
15753.1113138001,40,2354.4,2146.4,2052.4,0.98760735140419,0,738684.496262863,1146,1,0
15753.1513128665,40,2362.8,2154.4,2052,0.981470191009929,0,738684.496263326,1146,1,0
15753.1913119329,40,2375.6,2157.6,2055.2,0.969330739042227,0,738684.496263789,1146,1,0
15753.2313109993,40,2400.8,2176.2,2062.6,0.951507301379275,0,738684.496264252,1146,1,0
15753.2713100657,40,2451.2,2207.4,2070.2,0.917013117136947,0,738684.496264715,1146,1,0
15753.3113091321,40,2516.6,2261,2089,0.864724653185449,0,738684.496265177,1146,1,0
15753.3513081985,40,2585.4,2356.6,2122.4,0.789908020549802,0,738684.49626564,1146,1,0
15753.3913072649,40,2593.4,2488.2,2173.4,0.693901278940445,0,738684.496266103,1146,1,0
15753.4313063313,40,2546.6,2639.4,2248,0.571991559090702,0,738684.496266566,1146,1,0
15753.4713053977,40,2463.2,2771.2,2348,0.463991214758112,0,738684.496267029,1146,1,0
15753.5113044641,40,2376.6,2829.4,2458.2,0.373555726838669,0,738684.496267492,1146,1,0
15753.5513035305,40,2340.6,2810.4,2492,0.345854372631172,0,738684.496267955,1146,1,0
15753.5913025969,40,2371.2,2788.6,2437.6,0.38135234540336,0,738684.496268418,1146,1,0
15753.6313016633,40,2458.4,2767.8,2352,0.463991214758112,0,738684.496268881,1146,1,0
15753.6713007297,40,2562.2,2651.4,2245.2,0.576956288034028,0,738684.496269344,1146,1,0
15753.7112997961,40,2634,2487.4,2158.8,0.700339035669991,0,738684.496269807,1146,1,0
15753.7512988625,40,2602.8,2331.4,2103.6,0.800998633917584,0,738684.49627027,1146,1,0
15753.7912979289,40,2518.6,2239.4,2079.4,0.874641614251024,0,738684.496270733,1146,1,0
15753.8312969953,40,2436.4,2185.2,2059.4,0.934145162156038,0,738684.496271196,1146,1,0
15753.8712960617,40,2369.4,2149.4,2053.6,0.975376895053477,0,738684.496271659,1146,1,0
15753.9112951281,40,2322.8,2135.8,2048,1,0,738684.496272122,1146,1,0
15753.9512941945,40,2293,2120,2047.2,1,0,738684.496272585,1146,1,0
15753.9912932609,40,2290,2124,2043.4,1,0,738684.496273048,1146,1,0
15754.0312923273,40,2312.8,2132.2,2048.4,1,0,738684.496273511,1146,1,0
15754.0712913937,40,2359.2,2155.6,2056.6,0.981470191009929,0,738684.496273973,1146,1,0
15754.1112904601,40,2418.8,2192,2068,0.939909252434471,0,738684.496274436,1146,1,0
15754.1512895265,40,2487.6,2250.8,2086.4,0.884796034058834,0,738684.496274899,1146,1,0
15754.1912885929,40,2556.4,2350.2,2125.4,0.804740833678851,0,738684.496275362,1146,1,0
15754.2312876593,40,2575.8,2489.2,2177.6,0.693901278940445,0,738684.496275825,1146,1,0
15754.2712867257,40,2531,2661.8,2263,0.55599419909927,0,738684.496276288,1146,1,0
15754.3112857921,40,2451.2,2800.6,2374.8,0.443015536937748,0,738684.496276751,1146,1,0
15754.3512848585,40,2361,2819.4,2477,0.356497976346759,0,738684.496277214,1146,1,0
15754.3912839249,40,2352.6,2808,2475.4,0.356497976346759,0,738684.496277677,1146,1,0
15754.4312829913,40,2394.4,2772.8,2412,0.402990075718856,0,738684.49627814,1146,1,0
15754.4712820577,40,2475.6,2724.2,2319,0.491613825047665,0,738684.496278603,1146,1,0
15754.5112811241,40,2581.4,2605,2222.8,0.609441754663018,0,738684.496279066,1146,1,0
15754.5512801905,40,2622.8,2430.8,2145.8,0.735695387533812,0,738684.496279529,1146,1,0
15754.5912792569,40,2588,2303.8,2099,0.820429400219418,0,738684.496279992,1146,1,0
15754.6312783233,40,2496.8,2226.2,2072.6,0.889926901112563,0,738684.496280455,1146,1,0
15754.6712773897,40,2414.6,2173.2,2055.4,0.945681682617138,0,738684.496280918,1146,1,0
15754.7112764561,40,2361.2,2143.6,2050.8,0.981470191009929,0,738684.496281381,1146,1,0
15754.7512755225,40,2321.2,2130.4,2049.8,1,0,738684.496281844,1146,1,0
15754.7912745889,40,2291.8,2123.8,2047,1,0,738684.496282307,1146,1,0
15754.8312736553,40,2292.2,2130.4,2048.6,1,0,738684.49628277,1146,1,0
15754.8712727217,40,2331.8,2142.8,2054,1,0,738684.496283233,1146,1,0
15754.9112717881,40,2376.4,2161.6,2057.4,0.969330739042227,0,738684.496283696,1146,1,0
15754.9512708545,40,2429.8,2203.6,2068.8,0.928397096983629,0,738684.496284158,1146,1,0
15754.9912699209,40,2494.6,2267.6,2091.6,0.874641614251024,0,738684.496284621,1146,1,0
15755.0312689873,40,2560.6,2374.8,2133.4,0.786278650390616,0,738684.496285084,1146,1,0
15755.0712680537,40,2575.6,2524.4,2194.2,0.664691440014781,0,738684.496285547,1146,1,0
15755.1112671201,40,2534.8,2710.2,2282,0.532884543384682,0,738684.49628601,1146,1,0
15755.1512661865,40,2439.4,2808.2,2390.8,0.427256089976996,0,738684.496286473,1146,1,0
15755.1912652529,40,2362.4,2829.2,2475.4,0.36546342842044,0,738684.496286936,1146,1,0
15755.2312643193,40,2362,2811.4,2459.8,0.36546342842044,0,738684.496287399,1146,1,0
15755.2712633857,40,2413.2,2761.8,2380.2,0.437743532746865,0,738684.496287862,1146,1,0
15755.3112624521,40,2504.6,2694,2287,0.527369038802404,0,738684.496288325,1146,1,0
15755.3512615185,40,2591.2,2550.6,2193.8,0.65145812481641,0,738684.496288788,1146,1,0
15755.3912605849,40,2616.4,2392.6,2132.8,0.762074286926242,0,738684.496289251,1146,1,0
15755.4312596513,40,2548.4,2272.8,2087.6,0.850530689995972,0,738684.496289714,1146,1,0
15755.4712587177,40,2456,2202.4,2065,0.917013117136947,0,738684.496290177,1146,1,0
15755.5112577841,40,2380,2158.6,2056.4,0.969330739042227,0,738684.49629064,1146,1,0
15755.5512568505,40,2325.4,2132.8,2048.2,1,0,738684.496291103,1146,1,0
15755.5912559169,40,2288.4,2121.8,2046.6,1,0,738684.496291566,1146,1,0
15755.6312549833,40,2275.8,2114.6,2043.8,1,0,738684.496292029,1146,1,0
15755.6712540497,40,2296.8,2125,2049.2,1,0,738684.496292492,1146,1,0
15755.7112531161,40,2324,2134.4,2048.6,1,0,738684.496292955,1146,1,0
15755.7512521825,40,2362.6,2164,2057.4,0.975376895053477,0,738684.496293418,1146,1,0
15755.7912512489,40,2421.8,2201.2,2071.4,0.934145162156038,0,738684.496293881,1146,1,0
15755.8312503153,40,2505.2,2273,2096.8,0.864724653185449,0,738684.496294343,1146,1,0
15755.8712493817,40,2577.2,2393.4,2137.2,0.768841674721193,0,738684.496294806,1146,1,0
15755.9112484481,40,2590.2,2555.6,2201.2,0.648129975506603,0,738684.496295269,1146,1,0
15755.9512475145,40,2521.6,2712.8,2289.2,0.522126052443221,0,738684.496295732,1146,1,0
15755.9912465809,40,2425,2812,2400.6,0.415835616278058,0,738684.496296195,1146,1,0
15756.0312456473,40,2353.6,2792.4,2470,0.356497976346759,0,738684.496296658,1146,1,0
15756.0712447137,40,2370.4,2787.2,2442.2,0.38135234540336,0,738684.496297121,1146,1,0
15756.1112437801,40,2435.6,2754.8,2365.2,0.458824823815669,0,738684.496297584,1146,1,0
15756.1512428465,40,2509.4,2653.6,2269,0.544405753883346,0,738684.496298047,1146,1,0
15756.1912419129,40,2580.6,2505.6,2180,0.680981033552426,0,738684.49629851,1146,1,0
15756.2312409793,40,2576.6,2358,2120.4,0.793575316906683,0,738684.496298973,1146,1,0
15756.2712400457,40,2513.2,2261.2,2082.2,0.869646511663396,0,738684.496299436,1146,1,0
15756.3112391121,40,2431.2,2199.6,2068.2,0.928397096983629,0,738684.496299899,1146,1,0
15756.3512381785,40,2364.2,2158.8,2056.4,0.975376895053477,0,738684.496300362,1146,1,0
15756.3912372449,40,2315.4,2134.8,2050.4,1,0,738684.496300825,1146,1,0
15756.4312363113,40,2289,2124,2048.8,1,0,738684.496301288,1146,1,0
15756.4712353777,40,2285.2,2122.2,2046.4,1,0,738684.496301751,1146,1,0
15756.5112344441,40,2300,2127.4,2049.2,1,0,738684.496302214,1146,1,0
15756.5512335105,40,2328.4,2140.4,2051.2,1,0,738684.496302677,1146,1,0
15756.5912325769,40,2383.6,2169.2,2058.8,0.963334962218702,0,738684.496303139,1146,1,0
15756.6312316433,40,2451,2216,2078.8,0.917013117136947,0,738684.496303602,1146,1,0
15756.6712307097,40,2521.8,2298.2,2107.2,0.846031337148546,0,738684.496304065,1146,1,0
15756.7112297761,40,2584,2426.6,2145.4,0.742159015519958,0,738684.496304528,1146,1,0
15756.7512288425,40,2573.2,2580,2214.8,0.624241290397594,0,738684.496304991,1146,1,0
15756.7912279089,40,2504.2,2730.4,2309.4,0.504005523414082,0,738684.496305454,1146,1,0
15756.8312269753,40,2409.2,2812.8,2417.2,0.402990075718856,0,738684.496305917,1146,1,0
15756.8712260417,40,2344,2800,2487,0.345854372631172,0,738684.49630638,1146,1,0
15756.9112251081,40,2356.6,2791.6,2467.2,0.36546342842044,0,738684.496306843,1146,1,0
15756.9512241745,40,2414.8,2785.8,2396,0.415835616278058,0,738684.496307306,1146,1,0
15756.9912232409,40,2490.4,2710.2,2305.4,0.508242322241532,0,738684.496307769,1146,1,0
15757.0312223073,40,2562.4,2565.4,2208.2,0.631236010455004,0,738684.496308232,1146,1,0
15757.0712213737,40,2588.4,2408.8,2138.4,0.755350806424959,0,738684.496308695,1146,1,0
15757.1112204401,40,2553.8,2293.4,2097.2,0.837305347240683,0,738684.496309158,1146,1,0
15757.1512195065,40,2472.2,2219.4,2071.6,0.90588324353745,0,738684.496309621,1146,1,0
15757.1912185729,40,2390.4,2167.8,2062.2,0.957392764220256,0,738684.496310084,1146,1,0
15757.2312176393,40,2332.8,2140.6,2051,1,0,738684.496310547,1146,1,0
15757.2712167057,40,2295.6,2126,2049.4,1,0,738684.49631101,1146,1,0
15757.3112157721,40,2288.4,2126,2044.6,1,0,738684.496311473,1146,1,0
15757.3512148385,40,2301.8,2128.8,2048.6,1,0,738684.496311936,1146,1,0
15757.3912139049,40,2334,2142.4,2050.2,0.993785067485734,0,738684.496312399,1146,1,0
15757.4312129713,40,2382.4,2165.8,2059,0.963334962218702,0,738684.496312862,1146,1,0
15757.4712120377,40,2446.8,2215.6,2076.2,0.917013117136947,0,738684.496313324,1146,1,0
15757.5112111041,40,2524,2297.4,2101.8,0.846031337148546,0,738684.496313787,1146,1,0
15757.5512101705,40,2577.2,2417.8,2144.8,0.752016725630693,0,738684.49631425,1146,1,0
15757.5912092369,40,2570,2570,2213.8,0.627761211066945,0,738684.496314713,1146,1,0
15757.6312083033,40,2511.4,2729.2,2305.2,0.508242322241532,0,738684.496315176,1146,1,0
15757.6712073697,40,2420.4,2823.8,2415.2,0.409582826119754,0,738684.496315639,1146,1,0
15757.7112064361,40,2361.4,2802.6,2460,0.36546342842044,0,738684.496316102,1146,1,0
15757.7512055025,40,2386.4,2765.2,2411.8,0.396076922961512,0,738684.496316565,1146,1,0
15757.7912045689,40,2466.8,2753.2,2338.2,0.473941473653243,0,738684.496317028,1146,1,0
15757.8312036353,40,2553.4,2660.6,2251.8,0.56694533960948,0,738684.496317491,1146,1,0
15757.8712027017,40,2633,2513.2,2174,0.680981033552426,0,738684.496317954,1146,1,0
15757.9112017681,40,2608,2360.6,2116,0.782692588654786,0,738684.496318417,1146,1,0
15757.9512008345,40,2547.6,2257.8,2085.2,0.855154006574624,0,738684.49631888,1146,1,0
15757.9911999009,40,2456.4,2203.4,2063.4,0.917013117136947,0,738684.496319343,1146,1,0
15758.0311989673,40,2397.8,2165.8,2052.6,0.957392764220256,0,738684.496319806,1146,1,0
15758.0711980337,40,2338.4,2141.4,2050.4,0.993785067485734,0,738684.496320269,1146,1,0
15758.1111971001,40,2305,2130.2,2047.4,1,0,738684.496320732,1146,1,0
15758.1511961665,40,2303.8,2132.2,2049.4,1,0,738684.496321195,1146,1,0
15758.1911952329,40,2331.8,2141.2,2049.4,1,0,738684.496321658,1146,1,0
15758.2311942993,40,2371.6,2159.4,2057,0.975376895053477,0,738684.496322121,1146,1,0
15758.2711933657,40,2424.8,2189.2,2067.2,0.934145162156038,0,738684.496322584,1146,1,0
15758.3111924321,40,2485,2247.4,2085.4,0.884796034058834,0,738684.496323047,1146,1,0
15758.3511914985,40,2547.8,2335.4,2119.2,0.816378308563394,0,738684.496323509,1146,1,0
15758.3911905649,40,2585.6,2472.2,2164.6,0.706760832147339,0,738684.496323972,1146,1,0
15758.4311896313,40,2554,2629.2,2238.8,0.581917536525862,0,738684.496324435,1146,1,0
15758.4711886977,40,2474,2758.8,2340.4,0.473941473653243,0,738684.496324898,1146,1,0
15758.5111877641,40,2388,2810,2438.2,0.38886050242203,0,738684.496325361,1146,1,0
15758.5511868305,40,2376.6,2781.4,2431.4,0.38886050242203,0,738684.496325824,1146,1,0
15758.5911858969,40,2434.4,2766.6,2365.4,0.453583270865973,0,738684.496326287,1146,1,0
15758.6311849633,40,2497,2679.4,2282.2,0.527369038802404,0,738684.49632675,1146,1,0
15758.6711840297,40,2559.2,2546.6,2201.8,0.648129975506603,0,738684.496327213,1146,1,0
15758.7111830961,40,2598.8,2403.8,2138,0.758704666363614,0,738684.496327676,1146,1,0
15758.7511821625,40,2543.8,2285,2093.6,0.846031337148546,0,738684.496328139,1146,1,0
15758.7911812289,40,2463.2,2214,2071.6,0.91140871723736,0,738684.496328602,1146,1,0
15758.8311802953,40,2403,2170,2061,0.951507301379275,0,738684.496329065,1146,1,0
15758.8711793617,40,2343.2,2144,2049.8,0.993785067485734,0,738684.496329528,1146,1,0
15758.9111784281,40,2304.2,2130.8,2048.6,1,0,738684.496329991,1146,1,0
15758.9511774945,40,2293.4,2127.2,2046,1,0,738684.496330454,1146,1,0
15758.9911765609,40,2307.4,2131,2045.6,1,0,738684.496330917,1146,1,0
15759.0311756273,40,2340.4,2144,2052,0.993785067485734,0,738684.49633138,1146,1,0
15759.0711746937,40,2375.4,2160.6,2057,0.969330739042227,0,738684.496331842,1146,1,0
15759.1111737601,40,2426.2,2198.6,2064.2,0.934145162156038,0,738684.496332305,1146,1,0
15759.1511728265,40,2496.6,2252.2,2086.6,0.879696155832112,0,738684.496332768,1146,1,0
15759.1911718929,40,2565.6,2349,2120.4,0.800998633917584,0,738684.496333231,1146,1,0
15759.2311709593,40,2588.2,2490.2,2173,0.693901278940445,0,738684.496333694,1146,1,0
15759.2711700257,40,2551,2644.8,2248.4,0.571991559090702,0,738684.496334157,1146,1,0
15759.3111690921,40,2465.4,2761.8,2347.8,0.469043195516147,0,738684.49633462,1146,1,0
15759.3511681585,40,2395,2783,2417.2,0.396076922961512,0,738684.496335083,1146,1,0
15759.3911672249,40,2399.8,2760,2397.2,0.415835616278058,0,738684.496335546,1146,1,0
15759.4311662913,40,2461.4,2724.2,2324,0.487427987606295,0,738684.496336009,1146,1,0
15759.4711653577,40,2531,2631.2,2248.8,0.571991559090702,0,738684.496336472,1146,1,0
15759.5111644241,40,2590.4,2501.2,2180.6,0.684216142532836,0,738684.496336935,1146,1,0
15759.5511634905,40,2583.8,2365.6,2120.2,0.786278650390616,0,738684.496337398,1146,1,0
15759.5911625569,40,2540.6,2268,2088.2,0.855154006574624,0,738684.496337861,1146,1,0
15759.6311616233,40,2464.2,2203.6,2068.2,0.91140871723736,0,738684.496338324,1146,1,0
15759.6711606897,40,2394.8,2163.8,2054.8,0.957392764220256,0,738684.496338787,1146,1,0
15759.7111597561,40,2345,2143.8,2048.6,0.98760735140419,0,738684.49633925,1146,1,0
15759.7511588225,40,2310.8,2130.2,2047.4,1,0,738684.496339713,1146,1,0
15759.7911578889,40,2289.2,2123.4,2045.8,1,0,738684.496340176,1146,1,0
15759.8311569553,40,2301.6,2126.6,2048.2,1,0,738684.496340639,1146,1,0
15759.8711560217,40,2328,2137.2,2048.2,1,0,738684.496341102,1146,1,0
15759.9111550881,40,2369.6,2157,2053.6,0.975376895053477,0,738684.496341565,1146,1,0
15759.9511541545,40,2419.4,2185.2,2063.8,0.939909252434471,0,738684.496342027,1146,1,0
15759.9911532209,40,2485.8,2245.2,2085,0.884796034058834,0,738684.49634249,1146,1,0
15760.0311522873,40,2556.4,2337.6,2116.8,0.812409570046606,0,738684.496342953,1146,1,0
15760.0711513537,40,2586,2467.6,2168.2,0.709966050179064,0,738684.496343416,1146,1,0
15760.1111504201,40,2566.4,2630.6,2238.6,0.586834992766542,0,738684.496343879,1146,1,0
15760.1511494865,40,2490.4,2765.6,2334,0.478648808335904,0,738684.496344342,1146,1,0
15760.1911485529,40,2403.6,2782.2,2401.2,0.409582826119754,0,738684.496344805,1146,1,0
15760.2311476193,40,2421,2777.4,2381.8,0.437743532746865,0,738684.496345268,1146,1,0
15760.2711466857,40,2470.4,2699.4,2313,0.504005523414082,0,738684.496345731,1146,1,0
15760.3111457521,40,2552.6,2612.8,2235.8,0.591669078597459,0,738684.496346194,1146,1,0
15760.3511448185,40,2610,2477.2,2163.2,0.703551912933977,0,738684.496346657,1146,1,0
15760.3911438849,40,2586.8,2339.2,2111.6,0.800998633917584,0,738684.49634712,1146,1,0
15760.4311429513,40,2521.4,2248.8,2084.8,0.869646511663396,0,738684.496347583,1146,1,0
15760.4711420177,40,2437.4,2190.4,2063,0.928397096983629,0,738684.496348046,1146,1,0
15760.5111410841,40,2378.4,2153.4,2049.2,0.969330739042227,0,738684.496348509,1146,1,0
15760.5511401505,40,2329.4,2138.4,2047.4,1,0,738684.496348972,1146,1,0
15760.5911392169,40,2298.4,2118.6,2045.4,1,0,738684.496349435,1146,1,0
15760.6311382833,40,2283.4,2122.6,2049.6,1,0,738684.496349898,1146,1,0
15760.6711373497,40,2295.2,2129,2047.6,1,0,738684.496350361,1146,1,0
15760.7111364161,40,2337.6,2146.6,2049.4,0.993785067485734,0,738684.496350824,1146,1,0
15760.7511354825,40,2392.8,2173.2,2062.4,0.957392764220256,0,738684.496351287,1146,1,0
15760.7911345489,40,2463.8,2225.4,2077.8,0.90588324353745,0,738684.49635175,1146,1,0
15760.8311336153,40,2527.4,2307.8,2111.2,0.841648031306038,0,738684.496352212,1146,1,0
15760.8711326817,40,2564.8,2432.4,2153.6,0.738923200384679,0,738684.496352675,1146,1,0
15760.9111317481,40,2547.2,2588.6,2223.4,0.605299016202904,0,738684.496353138,1146,1,0
15760.9631305345,52,2451,2764,2353.6,0.463991214758112,0,738684.49635374,1146,1,0
15761.0031296009,40,2385.4,2799.6,2435.2,0.38886050242203,0,738684.496354203,1146,1,0
15761.0431286673,40,2392.8,2782.8,2414.4,0.396076922961512,0,738684.496354666,1146,1,0
15761.0831277337,40,2442.2,2725.4,2345.4,0.478648808335904,0,738684.496355129,1146,1,0
15761.1231268001,40,2537.8,2660.4,2261,0.55599419909927,0,738684.496355592,1146,1,0
15761.1631258665,40,2602,2512,2180.4,0.677742985086675,0,738684.496356055,1146,1,0
15761.2031249329,40,2599.6,2361.8,2119.4,0.782692588654786,0,738684.496356518,1146,1,0
15761.2431239993,40,2540.8,2260,2081.2,0.855154006574624,0,738684.496356981,1146,1,0
15761.2831230657,40,2448.6,2197.4,2065.4,0.922681122048444,0,738684.496357444,1146,1,0
15761.3231221321,40,2379.4,2155.4,2052.6,0.969330739042227,0,738684.496357907,1146,1,0
15761.3631211985,40,2329.4,2133,2048.6,1,0,738684.49635837,1146,1,0
15761.4031202649,40,2288.2,2121.2,2043,1,0,738684.496358833,1146,1,0
15761.4431193313,40,2280.6,2116.2,2042,1,0,738684.496359296,1146,1,0
15761.4831183977,40,2292.4,2123.6,2047.8,1,0,738684.496359759,1146,1,0
15761.5231174641,40,2308.8,2130.8,2051.4,1,0,738684.496360222,1146,1,0
15761.5631165305,40,2351.8,2153.6,2054.8,0.981470191009929,0,738684.496360685,1146,1,0
15761.6031155969,40,2409.4,2188.6,2068.6,0.945681682617138,0,738684.496361147,1146,1,0
15761.6431146633,40,2484.6,2250.4,2086.8,0.884796034058834,0,738684.49636161,1146,1,0
15761.6831137297,40,2557,2357,2123.6,0.800998633917584,0,738684.496362073,1146,1,0
15761.7231127961,40,2580.6,2495.2,2180,0.687448072586759,0,738684.496362536,1146,1,0
15761.7631118625,40,2536,2652,2257,0.561591735227539,0,738684.496362999,1146,1,0
15761.8031109289,40,2442.8,2765.4,2362,0.458824823815669,0,738684.496363462,1146,1,0
15761.8431099953,40,2371.8,2764.6,2424.8,0.38886050242203,0,738684.496363925,1146,1,0
15761.8831090617,40,2393,2753.4,2392.8,0.415835616278058,0,738684.496364388,1146,1,0
15761.9231081281,40,2453.6,2730.2,2334,0.483127937558863,0,738684.496364851,1146,1,0
15761.9631071945,40,2523.8,2663.6,2267.8,0.550236263228431,0,738684.496365314,1146,1,0
15762.0031062609,40,2577,2573.4,2208,0.631236010455004,0,738684.496365777,1146,1,0
15762.0431053273,40,2588,2471.6,2163,0.706760832147339,0,738684.49636624,1146,1,0
15762.0831043937,40,2613.2,2404.4,2137.6,0.755350806424959,0,738684.496366703,1146,1,0
15762.1231034601,40,2617.8,2355,2116.4,0.782692588654786,0,738684.496367166,1146,1,0
15762.1631025265,40,2606.4,2317.4,2099,0.808529044605241,0,738684.496367629,1146,1,0
15762.2031015929,40,2606.8,2292.4,2090.2,0.816378308563394,0,738684.496368092,1146,1,0
15762.2431006593,40,2600.4,2273.6,2085.6,0.828749855133686,0,738684.496368555,1146,1,0
15762.2830997257,40,2598,2263.8,2079.4,0.833002741240853,0,738684.496369018,1146,1,0
15762.3230987921,40,2610,2270.6,2079.6,0.828749855133686,0,738684.496369481,1146,1,0
15762.3630978585,40,2615.6,2276.2,2080.4,0.824555873811782,0,738684.496369943,1146,1,0
15762.4030969249,40,2624.6,2283.4,2086.2,0.816378308563394,0,738684.496370406,1146,1,0
15762.4430959913,40,2613.8,2284.2,2090.4,0.820429400219418,0,738684.496370869,1146,1,0
15762.4830950577,40,2602.2,2286.6,2089.4,0.820429400219418,0,738684.496371332,1146,1,0
15762.5230941241,40,2594.4,2292.6,2090.6,0.820429400219418,0,738684.496371795,1146,1,0
15762.5630931905,40,2586.8,2295.4,2093,0.824555873811782,0,738684.496372258,1146,1,0
15762.6030922569,40,2577,2301,2096.4,0.824555873811782,0,738684.496372721,1146,1,0
15762.6430913233,40,2568.4,2300.2,2096.4,0.828749855133686,0,738684.496373184,1146,1,0
15762.6830903897,40,2572.4,2306,2101,0.824555873811782,0,738684.496373647,1146,1,0
15762.7230894561,40,2577.8,2308.4,2104,0.820429400219418,0,738684.49637411,1146,1,0
15762.7630885225,40,2579.6,2315.6,2103.6,0.816378308563394,0,738684.496374573,1146,1,0
15762.8030875889,40,2588.6,2318,2103,0.812409570046606,0,738684.496375036,1146,1,0
15762.8430866553,40,2600.2,2326.6,2107.2,0.804740833678851,0,738684.496375499,1146,1,0
15762.8830857217,40,2610.6,2333,2107.6,0.797274419786194,0,738684.496375962,1146,1,0
15762.9230847881,40,2615,2340.2,2106.4,0.793575316906683,0,738684.496376425,1146,1,0
15762.9630838545,40,2614.8,2336.6,2106.4,0.793575316906683,0,738684.496376888,1146,1,0
15763.0030829209,40,2617.6,2336,2104.8,0.793575316906683,0,738684.496377351,1146,1,0
15763.0430819873,40,2602.6,2315,2103,0.808529044605241,0,738684.496377814,1146,1,0
15763.0830810537,40,2579.6,2295.8,2098.2,0.824555873811782,0,738684.496378277,1146,1,0
15763.1230801201,40,2550.4,2266.8,2083.2,0.850530689995972,0,738684.49637874,1146,1,0
15763.1630791865,40,2509,2237,2075.4,0.879696155832112,0,738684.496379203,1146,1,0
15763.2030782529,40,2452.8,2209.2,2068.2,0.917013117136947,0,738684.496379665,1146,1,0
15763.2430773193,40,2426,2185.4,2063.8,0.939909252434471,0,738684.496380128,1146,1,0
15763.2830763857,40,2391.8,2167.6,2057,0.957392764220256,0,738684.496380591,1146,1,0
15763.3230754521,40,2368.2,2152.2,2051,0.975376895053477,0,738684.496381054,1146,1,0
15763.3630745185,40,2354,2145,2048.4,0.98760735140419,0,738684.496381517,1146,1,0
15763.4030735849,40,2351.6,2143.4,2048,0.98760735140419,0,738684.49638198,1146,1,0
15763.4430726513,40,2374.4,2149,2050.4,0.975376895053477,0,738684.496382443,1146,1,0
15763.4830717177,40,2412.2,2157,2052.8,0.951507301379275,0,738684.496382906,1146,1,0
15763.5230707841,40,2475.4,2182.2,2058.2,0.917013117136947,0,738684.496383369,1146,1,0
15763.5630698505,40,2564.4,2228.2,2070,0.859889483197649,0,738684.496383832,1146,1,0
15763.6030689169,40,2649.6,2305.2,2091.6,0.800998633917584,0,738684.496384295,1146,1,0
15763.6430679833,40,2687.2,2424.6,2132.8,0.735695387533812,0,738684.496384758,1146,1,0
15763.6830670497,40,2639.2,2561.8,2191.4,0.65145812481641,0,738684.496385221,1146,1,0
15763.7230661161,40,2546.6,2685,2267,0.550236263228431,0,738684.496385684,1146,1,0
15763.7630651825,40,2449,2763,2359.2,0.463991214758112,0,738684.496386147,1146,1,0
15763.8030642489,40,2391.2,2802.2,2428.8,0.38886050242203,0,738684.49638661,1146,1,0
15763.8430633153,40,2422,2851.6,2426.8,0.402990075718856,0,738684.496387073,1146,1,0
15763.8830623817,40,2500,2870.2,2375.6,0.437743532746865,0,738684.496387536,1146,1,0
15763.9230614481,40,2615.8,2825.8,2294.6,0.499855013752571,0,738684.496387999,1146,1,0
15763.9630605145,40,2707.8,2668.6,2211,0.609441754663018,0,738684.496388462,1146,1,0
15764.0030595809,40,2733,2483,2144.2,0.703551912933977,0,738684.496388925,1146,1,0
15764.0430586473,40,2679.4,2340.4,2102.4,0.77915429777298,0,738684.496389388,1146,1,0
15764.0830577137,40,2578.2,2244.8,2072.2,0.850530689995972,0,738684.496389851,1146,1,0
15764.1230567801,40,2464.2,2183,2059.8,0.917013117136947,0,738684.496390313,1146,1,0
15764.1630558465,40,2390.2,2146,2052,0.969330739042227,0,738684.496390776,1146,1,0
15764.2030549129,40,2352.6,2133.4,2042.8,0.98760735140419,0,738684.496391239,1146,1,0
15764.2430539793,40,2327.4,2120.6,2042.2,1,0,738684.496391702,1146,1,0
15764.2830530457,40,2328.2,2113,2041.4,1,0,738684.496392165,1146,1,0
15764.3230521121,40,2354.4,2128,2042.2,0.98760735140419,0,738684.496392628,1146,1,0
15764.3630511785,40,2412.8,2148.2,2048.6,0.957392764220256,0,738684.496393091,1146,1,0
15764.4030502449,40,2479.4,2185,2058.6,0.91140871723736,0,738684.496393554,1146,1,0
15764.4430493113,40,2580,2249.8,2077.6,0.846031337148546,0,738684.496394017,1146,1,0
15764.4830483777,40,2665.6,2355.2,2110.2,0.772233014043569,0,738684.49639448,1146,1,0
15764.5230474441,40,2678,2500.4,2160.8,0.69067652983471,0,738684.496394943,1146,1,0
15764.5630465105,40,2636.8,2674.4,2228,0.591669078597459,0,738684.496395406,1146,1,0
15764.6030455769,40,2551.2,2838,2328.8,0.473941473653243,0,738684.496395869,1146,1,0
15764.6430446433,40,2451.4,2910.4,2429.8,0.402990075718856,0,738684.496396332,1146,1,0
15764.6830437097,40,2447.6,2934.4,2451.4,0.396076922961512,0,738684.496396795,1146,1,0
15764.7230427761,40,2513.2,2919.2,2394.6,0.427256089976996,0,738684.496397258,1146,1,0
15764.7630418425,40,2604.4,2843.2,2308,0.487427987606295,0,738684.496397721,1146,1,0
15764.8030409089,40,2686,2704.4,2229.6,0.591669078597459,0,738684.496398184,1146,1,0
15764.8430399753,40,2722.4,2518.8,2160.8,0.684216142532836,0,738684.496398647,1146,1,0
15764.8830390417,40,2688.4,2368.8,2112.8,0.762074286926242,0,738684.496399109,1146,1,0
15764.9230381081,40,2587.8,2271.4,2082.8,0.833002741240853,0,738684.496399572,1146,1,0
15764.9630371745,40,2487.8,2201,2062.2,0.900451621459986,0,738684.496400035,1146,1,0
15765.0030362409,40,2413,2159.8,2052.8,0.951507301379275,0,738684.496400498,1146,1,0
15765.0430353073,40,2364,2137.2,2048,0.981470191009929,0,738684.496400961,1146,1,0
15765.0830343737,40,2330.6,2124.4,2045,1,0,738684.496401424,1146,1,0
15765.1230334401,40,2314.2,2118.6,2038.2,1,0,738684.496401887,1146,1,0
15765.1630325065,40,2336.6,2121.2,2043,1,0,738684.49640235,1146,1,0
15765.2030315729,40,2389.6,2138.4,2046.6,0.969330739042227,0,738684.496402813,1146,1,0
15765.2430306393,40,2463.8,2174,2055,0.922681122048444,0,738684.496403276,1146,1,0
15765.2830297057,40,2558.8,2236.4,2072.8,0.859889483197649,0,738684.496403739,1146,1,0
15765.3230287721,40,2648,2339.6,2104.2,0.782692588654786,0,738684.496404202,1146,1,0
15765.3630278385,40,2669.8,2488.4,2154.4,0.700339035669991,0,738684.496404665,1146,1,0
15765.4030269049,40,2623.6,2667.2,2236,0.586834992766542,0,738684.496405128,1146,1,0
15765.4430259713,40,2522.6,2828.4,2341.4,0.463991214758112,0,738684.496405591,1146,1,0
15765.4830250377,40,2416.2,2903.6,2459,0.38135234540336,0,738684.496406054,1146,1,0
15765.5230241041,40,2397.2,2916.2,2494.8,0.36546342842044,0,738684.496406517,1146,1,0
15765.5630231705,40,2456.4,2934,2438,0.402990075718856,0,738684.49640698,1146,1,0
15765.6030222369,40,2559.2,2898.6,2354,0.44830310725817,0,738684.496407443,1146,1,0
15765.6430213033,40,2651,2765.2,2261.6,0.561591735227539,0,738684.496407906,1146,1,0
15765.6830203697,40,2723,2586,2181,0.65145812481641,0,738684.496408369,1146,1,0
15765.7230194361,40,2701.4,2404,2122,0.745419432004827,0,738684.496408831,1146,1,0
15765.7630185025,40,2619.6,2283.4,2086.4,0.816378308563394,0,738684.496409294,1146,1,0
15765.8030175689,40,2506.4,2205.6,2066.2,0.895128281408961,0,738684.496409757,1146,1,0
15765.8430166353,40,2412.6,2155.6,2050.4,0.951507301379275,0,738684.49641022,1146,1,0
15765.8830157017,40,2351.2,2130.2,2044.4,0.993785067485734,0,738684.496410683,1146,1,0
15765.9230147681,40,2312,2115,2039.8,1,0,738684.496411146,1146,1,0
15765.9630138345,40,2301.8,2107.2,2036.4,1,0,738684.496411609,1146,1,0
15766.0030129009,40,2316,2114.6,2040.8,1,0,738684.496412072,1146,1,0
15766.0430119673,40,2366.2,2131.2,2041.4,0.981470191009929,0,738684.496412535,1146,1,0
15766.0830110337,40,2438.8,2164,2054.4,0.939909252434471,0,738684.496412998,1146,1,0
15766.1230101001,40,2549.2,2221.6,2068.6,0.869646511663396,0,738684.496413461,1146,1,0
15766.1630091665,40,2666.6,2332,2103.4,0.782692588654786,0,738684.496413924,1146,1,0
15766.2030082329,40,2699,2491.6,2154.6,0.697122148361531,0,738684.496414387,1146,1,0
15766.2430072993,40,2664.6,2700.8,2234.8,0.586834992766542,0,738684.49641485,1146,1,0
15766.2830063657,40,2553.8,2885.2,2346.6,0.453583270865973,0,738684.496415313,1146,1,0
15766.3230054321,40,2434.2,2950,2461.2,0.38886050242203,0,738684.496415776,1146,1,0
15766.3630044985,40,2426.8,2964,2481,0.38135234540336,0,738684.496416239,1146,1,0
15766.4030035649,40,2504.8,2958.2,2411.2,0.421730440329805,0,738684.496416702,1146,1,0
15766.4430026313,40,2598.6,2873.4,2322.2,0.473941473653243,0,738684.496417165,1146,1,0
15766.4830016977,40,2690.4,2705,2228.6,0.591669078597459,0,738684.496417628,1146,1,0
15766.5230007641,40,2720,2497.4,2150.8,0.697122148361531,0,738684.496418091,1146,1,0
15766.5629998305,40,2663.8,2340.4,2105.2,0.77915429777298,0,738684.496418554,1146,1,0
15766.6029988969,40,2552.8,2245.6,2076.4,0.859889483197649,0,738684.496419016,1146,1,0
15766.6429979633,40,2454.6,2182,2056.6,0.922681122048444,0,738684.496419479,1146,1,0
15766.6829970297,40,2383,2142.2,2046.8,0.969330739042227,0,738684.496419942,1146,1,0
15766.7229960961,40,2333.6,2124.6,2040.8,1,0,738684.496420405,1146,1,0
15766.7629951625,40,2309,2107.8,2040,1,0,738684.496420868,1146,1,0
15766.8029942289,40,2312.6,2109.6,2035.8,1,0,738684.496421331,1146,1,0
15766.8429932953,40,2353,2125.6,2042.6,0.993785067485734,0,738684.496421794,1146,1,0
15766.8829923617,40,2407.4,2153.2,2051,0.957392764220256,0,738684.496422257,1146,1,0
15766.9229914281,40,2503.6,2199,2062.6,0.895128281408961,0,738684.49642272,1146,1,0
15766.9629904945,40,2615.6,2283.4,2088.4,0.820429400219418,0,738684.496423183,1146,1,0
15767.0029895609,40,2701.8,2419,2126.4,0.735695387533812,0,738684.496423646,1146,1,0
15767.0429886273,40,2699.8,2607.6,2194.2,0.638072468361496,0,738684.496424109,1146,1,0
15767.0829876937,40,2619.4,2811.6,2289.4,0.522126052443221,0,738684.496424572,1146,1,0
15767.1229867601,40,2496.4,2942,2408.2,0.421730440329805,0,738684.496425035,1146,1,0
15767.1629858265,40,2428.8,2970.2,2477,0.38135234540336,0,738684.496425498,1146,1,0
15767.2029848929,40,2487,2976.4,2429.4,0.409582826119754,0,738684.496425961,1146,1,0
15767.2429839593,40,2579.2,2912.8,2349.4,0.44830310725817,0,738684.496426424,1146,1,0
15767.2829830257,40,2669.8,2780.2,2260.2,0.561591735227539,0,738684.496426887,1146,1,0
15767.3229820921,40,2728,2581.8,2179.8,0.654780064308406,0,738684.49642735,1146,1,0
15767.3629811585,40,2698.2,2406.8,2123.6,0.742159015519958,0,738684.496427812,1146,1,0
15767.4029802249,40,2607.8,2286,2087,0.820429400219418,0,738684.496428275,1146,1,0
15767.4429792913,40,2502.8,2205.8,2062,0.895128281408961,0,738684.496428738,1146,1,0
15767.4829783577,40,2415.8,2161.2,2053.6,0.951507301379275,0,738684.496429201,1146,1,0
15767.5229774241,40,2355.2,2135.4,2044.6,0.98760735140419,0,738684.496429664,1146,1,0
15767.5629764905,40,2325,2118,2042.4,1,0,738684.496430127,1146,1,0
15767.6029755569,40,2306.4,2112,2039.4,1,0,738684.49643059,1146,1,0
15767.6429746233,40,2324.8,2115.2,2042.8,1,0,738684.496431053,1146,1,0
15767.6829736897,40,2378.6,2137.6,2044.4,0.975376895053477,0,738684.496431516,1146,1,0
15767.7229727561,40,2454.8,2175.6,2054.6,0.928397096983629,0,738684.496431979,1146,1,0
15767.7629718225,40,2563,2242.8,2076.4,0.855154006574624,0,738684.496432442,1146,1,0
15767.8029708889,40,2676.4,2360.6,2110.2,0.768841674721193,0,738684.496432905,1146,1,0
15767.8429699553,40,2708.2,2535.4,2168,0.674497686432619,0,738684.496433368,1146,1,0
15767.8829690217,40,2647.6,2749.2,2257.4,0.561591735227539,0,738684.496433831,1146,1,0
15767.9229680881,40,2528.2,2910.8,2370.4,0.437743532746865,0,738684.496434294,1146,1,0
15767.9629671545,40,2431,2955.2,2473.2,0.38135234540336,0,738684.496434757,1146,1,0
15768.0029662209,40,2459.8,2970.2,2452.8,0.396076922961512,0,738684.49643522,1146,1,0
15768.0429652873,40,2547.4,2940.4,2378.6,0.437743532746865,0,738684.496435683,1146,1,0
15768.0829643537,40,2643.2,2819.8,2283,0.538592179709432,0,738684.496436146,1146,1,0
15768.1229634201,40,2720.2,2635.2,2195.4,0.627761211066945,0,738684.496436609,1146,1,0
15768.1629624865,40,2714.6,2453.6,2136.2,0.716376706440077,0,738684.496437072,1146,1,0
15768.2029615529,40,2648.8,2314.8,2099,0.793575316906683,0,738684.496437535,1146,1,0
15768.2429606193,40,2535.6,2220.4,2069.2,0.874641614251024,0,738684.496437997,1146,1,0
15768.2829596857,40,2428.6,2166.2,2053.8,0.939909252434471,0,738684.49643846,1146,1,0
15768.3229587521,40,2366.2,2134.4,2046.6,0.981470191009929,0,738684.496438923,1146,1,0
15768.3629578185,40,2320.2,2119.6,2041,1,0,738684.496439386,1146,1,0
15768.4029568849,40,2306.8,2108.8,2037,1,0,738684.496439849,1146,1,0
15768.4429559513,40,2323.2,2113.8,2039.4,1,0,738684.496440312,1146,1,0
15768.4829550177,40,2365.4,2128.2,2043.8,0.98760735140419,0,738684.496440775,1146,1,0
15768.5229540841,40,2426.2,2159.8,2051.8,0.945681682617138,0,738684.496441238,1146,1,0
15768.5629531505,40,2531,2215.8,2063.2,0.879696155832112,0,738684.496441701,1146,1,0
15768.6029522169,40,2643.6,2320.4,2097.6,0.793575316906683,0,738684.496442164,1146,1,0
15768.6429512833,40,2690.4,2477.2,2148,0.706760832147339,0,738684.496442627,1146,1,0
15768.6829503497,40,2653.4,2673.8,2228.6,0.596381495302282,0,738684.49644309,1146,1,0
15768.7229494161,40,2555,2854.6,2336,0.463991214758112,0,738684.496443553,1146,1,0
15768.7629484825,40,2446.4,2940.6,2446.2,0.396076922961512,0,738684.496444016,1146,1,0
15768.8029475489,40,2449.8,2972.6,2463.2,0.38886050242203,0,738684.496444479,1146,1,0
15768.8429466153,40,2531.8,2956.4,2388.4,0.427256089976996,0,738684.496444942,1146,1,0
15768.8829456817,40,2636.2,2850,2296.6,0.495740077303994,0,738684.496445405,1146,1,0
15768.9229447481,40,2716.2,2667.2,2210.8,0.61334157805252,0,738684.496445868,1146,1,0
15768.9629438145,40,2727.4,2458.8,2138.6,0.716376706440077,0,738684.496446331,1146,1,0
15769.0029428809,40,2632,2305,2092.4,0.804740833678851,0,738684.496446794,1146,1,0
15769.0429419473,40,2516.2,2215,2065.8,0.884796034058834,0,738684.496447257,1146,1,0
15769.0829410137,40,2425.6,2163.4,2050.6,0.945681682617138,0,738684.49644772,1146,1,0
15769.1229400801,40,2360,2132.4,2046.2,0.98760735140419,0,738684.496448182,1146,1,0
15769.1629391465,40,2318.2,2117.8,2042.8,1,0,738684.496448645,1146,1,0
15769.2029382129,40,2302.2,2113.6,2040.8,1,0,738684.496449108,1146,1,0
15769.2429372793,40,2330,2120,2039.2,1,0,738684.496449571,1146,1,0
15769.2829363457,40,2379.6,2135,2045.8,0.975376895053477,0,738684.496450034,1146,1,0
15769.3229354121,40,2438,2168,2051.4,0.939909252434471,0,738684.496450497,1146,1,0
15769.3629344785,40,2546.2,2223.8,2068,0.869646511663396,0,738684.49645096,1146,1,0
15769.4029335449,40,2649,2325.2,2097.2,0.789908020549802,0,738684.496451423,1146,1,0
15769.4429326113,40,2678.4,2476.8,2154.4,0.706760832147339,0,738684.496451886,1146,1,0
15769.4829316777,40,2642.8,2669.8,2228.8,0.596381495302282,0,738684.496452349,1146,1,0
15769.5229307441,40,2532.4,2831.2,2336,0.469043195516147,0,738684.496452812,1146,1,0
15769.5629298105,40,2423.4,2888.2,2440.8,0.396076922961512,0,738684.496453275,1146,1,0
15769.6029288769,40,2429,2907.2,2450.2,0.38886050242203,0,738684.496453738,1146,1,0
15769.6429279433,40,2499.4,2903.6,2386.6,0.432498570591717,0,738684.496454201,1146,1,0
15769.6829270097,40,2607.2,2822.2,2296.6,0.499855013752571,0,738684.496454664,1146,1,0
15769.7229260761,40,2700.6,2664.8,2213.4,0.609441754663018,0,738684.496455127,1146,1,0
15769.7629251425,40,2699.4,2467.8,2140.8,0.713170366876487,0,738684.49645559,1146,1,0
15769.8029242089,40,2649.6,2327.4,2101.2,0.789908020549802,0,738684.496456053,1146,1,0
15769.8429232753,40,2557.6,2236.6,2073,0.859889483197649,0,738684.496456516,1146,1,0
15769.8829223417,40,2457,2173.4,2056.4,0.928397096983629,0,738684.496456978,1146,1,0
15769.9229214081,40,2379.8,2139.8,2045.8,0.975376895053477,0,738684.496457441,1146,1,0
15769.9629204745,40,2330.6,2117.2,2041.6,1,0,738684.496457904,1146,1,0
15770.0029195409,40,2313.6,2112,2040.4,1,0,738684.496458367,1146,1,0
15770.0429186073,40,2317.2,2112,2037.6,1,0,738684.49645883,1146,1,0
15770.0829176737,40,2347.2,2128.2,2042,0.993785067485734,0,738684.496459293,1146,1,0
15770.1229167401,40,2405,2148,2048,0.957392764220256,0,738684.496459756,1146,1,0
15770.1629158065,40,2500,2193.8,2061.8,0.900451621459986,0,738684.496460219,1146,1,0
15770.2029148729,40,2615,2276.8,2083.4,0.820429400219418,0,738684.496460682,1146,1,0
15770.2429139393,40,2705.2,2415,2129,0.738923200384679,0,738684.496461145,1146,1,0
15770.2829130057,40,2701.6,2606.8,2189,0.638072468361496,0,738684.496461608,1146,1,0
15770.3229120721,40,2607.8,2789,2284.6,0.532884543384682,0,738684.496462071,1146,1,0
15770.3629111385,40,2486.2,2893.4,2394.8,0.427256089976996,0,738684.496462534,1146,1,0
15770.4029102049,40,2435,2922.4,2450.2,0.38886050242203,0,738684.496462997,1146,1,0
15770.4429092713,40,2477.4,2908.4,2410.2,0.415835616278058,0,738684.49646346,1146,1,0
15770.4829083377,40,2576.4,2877.6,2329.2,0.463991214758112,0,738684.496463923,1146,1,0
15770.5229074041,40,2680.6,2738.2,2243.8,0.576956288034028,0,738684.496464386,1146,1,0
15770.5629064705,40,2741,2530.2,2164,0.677742985086675,0,738684.496464849,1146,1,0
15770.6029055369,40,2686.6,2357.2,2108,0.768841674721193,0,738684.496465312,1146,1,0
15770.6429046033,40,2575.8,2242.6,2073,0.850530689995972,0,738684.496465775,1146,1,0
15770.6829036697,40,2466.8,2182,2057.8,0.917013117136947,0,738684.496466238,1146,1,0
15770.7229027361,40,2386.8,2140.6,2047.4,0.969330739042227,0,738684.4964667,1146,1,0
15770.7629018025,40,2326.8,2118.8,2042,1,0,738684.496467163,1146,1,0
15770.8029008689,40,2305.4,2109.6,2037.6,1,0,738684.496467626,1146,1,0
15770.8428999353,40,2305.2,2108.8,2037.2,1,0,738684.496468089,1146,1,0
15770.8828990017,40,2344.2,2121.6,2041.6,1,0,738684.496468552,1146,1,0
15770.9228980681,40,2401,2147.2,2050.8,0.963334962218702,0,738684.496469015,1146,1,0
15770.9628971345,40,2485.2,2190.2,2056.4,0.90588324353745,0,738684.496469478,1146,1,0
15771.0028962009,40,2602.6,2261.6,2078,0.833002741240853,0,738684.496469941,1146,1,0
15771.0428952673,40,2691.4,2385.4,2116.8,0.755350806424959,0,738684.496470404,1146,1,0
15771.0828943337,40,2692.8,2565.4,2183.2,0.658093992718842,0,738684.496470867,1146,1,0
15771.1228934001,40,2619.6,2764,2271.6,0.550236263228431,0,738684.49647133,1146,1,0
15771.1628924665,40,2499.2,2883.4,2380.4,0.432498570591717,0,738684.496471793,1146,1,0
15771.2028915329,40,2435.2,2907.4,2445.2,0.396076922961512,0,738684.496472256,1146,1,0
15771.2428905993,40,2471.2,2887.4,2409.4,0.421730440329805,0,738684.496472719,1146,1,0
15771.2828896657,40,2545.8,2838.2,2331.4,0.469043195516147,0,738684.496473182,1146,1,0
15771.3228887321,40,2622.6,2728.4,2258.8,0.561591735227539,0,738684.496473645,1146,1,0
15771.3628877985,40,2679.6,2560.6,2177.6,0.658093992718842,0,738684.496474108,1146,1,0
15771.4028868649,40,2662.6,2401.2,2124.6,0.748705579178257,0,738684.496474571,1146,1,0
15771.4428859313,40,2588.6,2286.6,2087.2,0.828749855133686,0,738684.496475034,1146,1,0
15771.4828849977,40,2496,2208.4,2064,0.895128281408961,0,738684.496475497,1146,1,0
15771.5228840641,40,2408.4,2165,2052.6,0.951507301379275,0,738684.49647596,1146,1,0
15771.5628831305,40,2351.2,2134.8,2045.8,0.98760735140419,0,738684.496476423,1146,1,0
15771.6028821969,40,2320,2119.4,2043.2,1,0,738684.496476886,1146,1,0
15771.6428812633,40,2315.4,2112,2037.4,1,0,738684.496477348,1146,1,0
15771.6828803297,40,2336.6,2118,2039.2,1,0,738684.496477811,1146,1,0
15771.7228793961,40,2384.2,2134.4,2044.8,0.975376895053477,0,738684.496478274,1146,1,0
15771.7628784625,40,2441.6,2167.6,2054.2,0.934145162156038,0,738684.496478737,1146,1,0
15771.8028775289,40,2542,2223.8,2067.6,0.869646511663396,0,738684.4964792,1146,1,0
15771.8428765953,40,2628.8,2318.4,2098.8,0.800998633917584,0,738684.496479663,1146,1,0
15771.8828756617,40,2657.4,2448.4,2145.4,0.722800925966807,0,738684.496480126,1146,1,0
15771.9228747281,40,2626,2614.8,2214.8,0.617041238659818,0,738684.496480589,1146,1,0
15771.9628737945,40,2532.8,2765,2307,0.495740077303994,0,738684.496481052,1146,1,0
15772.0028728609,40,2439.4,2842.6,2404.8,0.415835616278058,0,738684.496481515,1146,1,0
15772.0428719273,40,2431,2873.8,2426.8,0.402990075718856,0,738684.496481978,1146,1,0
15772.0828709937,40,2512.4,2885,2369.2,0.437743532746865,0,738684.496482441,1146,1,0
15772.1228700601,40,2622,2840.2,2301.4,0.495740077303994,0,738684.496482904,1146,1,0
15772.1628691265,40,2710.2,2689,2219.8,0.605299016202904,0,738684.496483367,1146,1,0
15772.2458671892,83,2669.8,2338.6,2101,0.77915429777298,0,738684.496484327,1146,1,0
15772.2858662556,40,2570.2,2241.2,2073.8,0.855154006574624,0,738684.49648479,1146,1,0
15772.325865322,40,2470.4,2181,2056,0.917013117136947,0,738684.496485253,1146,1,0
15772.3658643884,40,2379.8,2140,2046,0.975376895053477,0,738684.496485716,1146,1,0
15772.4058634548,40,2339.6,2127.6,2043.8,1,0,738684.496486179,1146,1,0
15772.4458625212,40,2314.8,2113,2040.2,1,0,738684.496486642,1146,1,0
15772.4858615876,40,2320.8,2116.2,2038,1,0,738684.496487105,1146,1,0
15772.525860654,40,2354.8,2126.8,2044,0.98760735140419,0,738684.496487568,1146,1,0
15772.5658597204,40,2416.2,2154,2049.6,0.951507301379275,0,738684.496488031,1146,1,0
15772.6058587868,40,2509,2200.2,2061.8,0.895128281408961,0,738684.496488494,1146,1,0
15772.6458578532,40,2621,2285.6,2087.8,0.816378308563394,0,738684.496488957,1146,1,0
15772.6858569196,40,2686.2,2418.6,2129.6,0.738923200384679,0,738684.49648942,1146,1,0
15772.725855986,40,2680.4,2606.2,2195.6,0.63467128498077,0,738684.496489883,1146,1,0
15772.7658550524,40,2588.8,2790.6,2289.6,0.517222600490522,0,738684.496490346,1146,1,0
15772.8058541188,40,2483.8,2911.6,2403,0.421730440329805,0,738684.496490809,1146,1,0
15772.8458531852,40,2441.4,2947.2,2459.8,0.38886050242203,0,738684.496491272,1146,1,0
15772.8858522516,40,2493.8,2948.4,2412.8,0.415835616278058,0,738684.496491735,1146,1,0
15772.925851318,40,2593.8,2893.8,2329.6,0.463991214758112,0,738684.496492198,1146,1,0
15772.9658503844,40,2684.6,2748.8,2244.6,0.576956288034028,0,738684.496492661,1146,1,0
15773.0058494508,40,2730.6,2556.2,2167.6,0.667972585956668,0,738684.496493123,1146,1,0
15773.0458485172,40,2705.8,2390.8,2114.2,0.748705579178257,0,738684.496493586,1146,1,0
15773.0858475836,40,2606.4,2275.4,2081.6,0.824555873811782,0,738684.496494049,1146,1,0
15773.12584665,40,2485.6,2197.4,2060.4,0.90588324353745,0,738684.496494512,1146,1,0
15773.1658457164,40,2405.4,2158.2,2051.2,0.957392764220256,0,738684.496494975,1146,1,0
15773.2058447828,40,2339,2130.4,2043,1,0,738684.496495438,1146,1,0
15773.2458438492,40,2312.2,2117.4,2040.2,1,0,738684.496495901,1146,1,0
15773.2858429156,40,2313.4,2113,2042,1,0,738684.496496364,1146,1,0
15773.325841982,40,2344.2,2122.6,2044,0.993785067485734,0,738684.496496827,1146,1,0
15773.3658410484,40,2401.4,2144.6,2046.4,0.963334962218702,0,738684.49649729,1146,1,0
15773.4058401148,40,2482.8,2185,2056.6,0.91140871723736,0,738684.496497753,1146,1,0
15773.4458391812,40,2592.8,2258.6,2077.8,0.837305347240683,0,738684.496498216,1146,1,0
15773.4858382476,40,2689.2,2383.8,2113.2,0.755350806424959,0,738684.496498679,1146,1,0
15773.525837314,40,2701.2,2561.4,2178,0.661398248029182,0,738684.496499142,1146,1,0
15773.5658363804,40,2643,2770.6,2267,0.55599419909927,0,738684.496499605,1146,1,0
15773.6058354468,40,2524,2917.4,2378.4,0.432498570591717,0,738684.496500068,1146,1,0
15773.6458345132,40,2442.2,2963.6,2464.2,0.38886050242203,0,738684.496500531,1146,1,0
15773.6858335796,40,2483.4,2970.4,2432.4,0.409582826119754,0,738684.496500994,1146,1,0
15773.725832646,40,2568.2,2918.4,2352.6,0.44830310725817,0,738684.496501457,1146,1,0
15773.7658317124,40,2654.4,2802.2,2270,0.550236263228431,0,738684.49650192,1146,1,0
15773.8058307788,40,2707.2,2623.2,2193.2,0.631236010455004,0,738684.496502383,1146,1,0
15773.8458298452,40,2699.6,2448,2135,0.722800925966807,0,738684.496502846,1146,1,0
15773.8858289116,40,2618.2,2310.6,2098.8,0.804740833678851,0,738684.496503308,1146,1,0
15773.925827978,40,2518,2228.2,2073.8,0.879696155832112,0,738684.496503771,1146,1,0
15773.9658270444,40,2426.8,2176.2,2058.6,0.939909252434471,0,738684.496504234,1146,1,0
15774.0058261108,40,2359.2,2143.2,2047.2,0.981470191009929,0,738684.496504697,1146,1,0
15774.0458251772,40,2323,2123.6,2044.2,1,0,738684.49650516,1146,1,0
15774.0858242436,40,2312.4,2114.6,2042.8,1,0,738684.496505623,1146,1,0
15774.12582331,40,2322.8,2120,2040.6,1,0,738684.496506086,1146,1,0
15774.1658223764,40,2366.4,2133,2046.2,0.981470191009929,0,738684.496506549,1146,1,0
15774.2058214428,40,2442.8,2166,2052,0.934145162156038,0,738684.496507012,1146,1,0
15774.2458205092,40,2538.6,2223.4,2068.2,0.874641614251024,0,738684.496507475,1146,1,0
15774.2858195756,40,2635.8,2318.4,2096.6,0.797274419786194,0,738684.496507938,1146,1,0
15774.325818642,40,2675.4,2462.8,2147.2,0.713170366876487,0,738684.496508401,1146,1,0
15774.3658177084,40,2632.2,2633.4,2216.8,0.609441754663018,0,738684.496508864,1146,1,0
15774.4058167748,40,2535,2783.8,2316.4,0.487427987606295,0,738684.496509327,1146,1,0
15774.4458158412,40,2432.8,2828,2402,0.415835616278058,0,738684.49650979,1146,1,0
15774.4858149076,40,2446.6,2851.2,2405.6,0.415835616278058,0,738684.496510253,1146,1,0
15774.525813974,40,2520.8,2848.6,2350.2,0.453583270865973,0,738684.496510716,1146,1,0
15774.5658130404,40,2608.4,2778.6,2279.4,0.538592179709432,0,738684.496511179,1146,1,0
15774.6058121068,40,2672.2,2627,2205.6,0.620670210669844,0,738684.496511642,1146,1,0
15774.6458111732,40,2696.6,2465.4,2143.8,0.713170366876487,0,738684.496512105,1146,1,0
15774.6858102396,40,2648.4,2334.4,2099.4,0.786278650390616,0,738684.496512568,1146,1,0
15774.725809306,40,2550.4,2234.2,2071.2,0.864724653185449,0,738684.49651303,1146,1,0
15774.7658083724,40,2443.4,2178.6,2057.2,0.928397096983629,0,738684.496513493,1146,1,0
15774.8058074388,40,2380.8,2146.4,2047.6,0.969330739042227,0,738684.496513956,1146,1,0
15774.8458065052,40,2338.4,2126.8,2041.2,1,0,738684.496514419,1146,1,0
15774.8858055716,40,2312.2,2116.6,2040.6,1,0,738684.496514882,1146,1,0
15774.925804638,40,2325.4,2118.2,2037.8,1,0,738684.496515345,1146,1,0
15774.9658037044,40,2357.4,2129.2,2046.2,0.98760735140419,0,738684.496515808,1146,1,0
15775.0058027708,40,2424.4,2158.4,2048,0.945681682617138,0,738684.496516271,1146,1,0
15775.0458018372,40,2517.4,2210,2066.4,0.884796034058834,0,738684.496516734,1146,1,0
15775.0858009036,40,2636.6,2301.2,2090.6,0.804740833678851,0,738684.496517197,1146,1,0
15775.12579997,40,2702.2,2443.4,2136,0.722800925966807,0,738684.49651766,1146,1,0
15775.1657990364,40,2686.2,2628.2,2197.8,0.624241290397594,0,738684.496518123,1146,1,0
15775.2057981028,40,2601.6,2809.8,2297.6,0.504005523414082,0,738684.496518586,1146,1,0
15775.2457971692,40,2492.2,2914.6,2397.6,0.427256089976996,0,738684.496519049,1146,1,0
15775.2857962356,40,2466.4,2932,2425.2,0.409582826119754,0,738684.496519512,1146,1,0
15775.325795302,40,2534.2,2924.8,2373.2,0.437743532746865,0,738684.496519975,1146,1,0
15775.3657943684,40,2624.4,2834.8,2294,0.499855013752571,0,738684.496520438,1146,1,0
15775.4057934348,40,2705.4,2684.4,2217.4,0.605299016202904,0,738684.496520901,1146,1,0
15775.4457925012,40,2736.4,2502.6,2152.4,0.693901278940445,0,738684.496521364,1146,1,0
15775.4857915676,40,2689,2356.6,2105.2,0.768841674721193,0,738684.496521826,1146,1,0
15775.525790634,40,2592.2,2256,2074.8,0.837305347240683,0,738684.496522289,1146,1,0
15775.5657897004,40,2485.4,2188.6,2058,0.90588324353745,0,738684.496522752,1146,1,0
15775.6057887668,40,2401.8,2147.2,2046.4,0.963334962218702,0,738684.496523215,1146,1,0
15775.6457878332,40,2346.4,2126.2,2041.8,0.993785067485734,0,738684.496523678,1146,1,0
15775.6857868996,40,2312.6,2112.6,2038,1,0,738684.496524141,1146,1,0
15775.725785966,40,2306.4,2108,2038.4,1,0,738684.496524604,1146,1,0
15775.7657850324,40,2326.8,2116.6,2041,1,0,738684.496525067,1146,1,0
15775.8057840988,40,2377.6,2138.4,2043.6,0.975376895053477,0,738684.49652553,1146,1,0
15775.8457831652,40,2450.4,2172,2053.6,0.928397096983629,0,738684.496525993,1146,1,0
15775.8857822316,40,2566.8,2232.6,2070,0.855154006574624,0,738684.496526456,1146,1,0
15775.925781298,40,2683.8,2336.8,2102.2,0.77915429777298,0,738684.496526919,1146,1,0
15775.9657803644,40,2729,2495.8,2149,0.697122148361531,0,738684.496527382,1146,1,0
15776.0057794308,40,2688.4,2689.2,2222.6,0.600935927986466,0,738684.496527845,1146,1,0
15776.0457784972,40,2575.4,2843.6,2320.4,0.478648808335904,0,738684.496528308,1146,1,0
15776.0857775636,40,2474.4,2904.8,2404.8,0.421730440329805,0,738684.496528771,1146,1,0
15776.12577663,40,2482.4,2912,2402.8,0.421730440329805,0,738684.496529234,1146,1,0
15776.1657756964,40,2545,2870.2,2340,0.458824823815669,0,738684.496529697,1146,1,0
15776.2057747628,40,2625.8,2775.4,2275.2,0.544405753883346,0,738684.49653016,1146,1,0
15776.2457738292,40,2687,2630.6,2197.4,0.624241290397594,0,738684.496530623,1146,1,0
15776.2857728956,40,2712.8,2463.4,2140.6,0.713170366876487,0,738684.496531086,1146,1,0
15776.325771962,40,2655.8,2328.4,2098,0.786278650390616,0,738684.496531549,1146,1,0
15776.3657710284,40,2552.4,2239.4,2076.8,0.859889483197649,0,738684.496532012,1146,1,0
15776.4057700948,40,2450,2178.8,2057.6,0.928397096983629,0,738684.496532474,1146,1,0
15776.4457691612,40,2380.2,2141.2,2047.6,0.975376895053477,0,738684.496532937,1146,1,0
15776.4857682276,40,2327.4,2120.6,2040.2,1,0,738684.4965334,1146,1,0
15776.525767294,40,2303.6,2111,2039.2,1,0,738684.496533863,1146,1,0
15776.5657663604,40,2309,2114.4,2040.4,1,0,738684.496534326,1146,1,0
15776.6057654268,40,2343.4,2123,2042,1,0,738684.496534789,1146,1,0
15776.6457644932,40,2396.8,2147.2,2046,0.963334962218702,0,738684.496535252,1146,1,0
15776.6857635596,40,2490.2,2187.4,2060.2,0.90588324353745,0,738684.496535715,1146,1,0
15776.725762626,40,2592.4,2258,2080,0.837305347240683,0,738684.496536178,1146,1,0
15776.7657616924,40,2682,2380.2,2117,0.758704666363614,0,738684.496536641,1146,1,0
15776.8057607588,40,2691.8,2538,2172.2,0.671241250044602,0,738684.496537104,1146,1,0
15776.8457598252,40,2624.4,2705.6,2249.6,0.571991559090702,0,738684.496537567,1146,1,0
15776.8857588916,40,2534.4,2837.8,2339.2,0.463991214758112,0,738684.49653803,1146,1,0
15776.925757958,40,2456.8,2864.6,2407.8,0.415835616278058,0,738684.496538493,1146,1,0
15776.9657570244,40,2485.6,2869.6,2384,0.432498570591717,0,738684.496538956,1146,1,0
15777.0057560908,40,2550.6,2821.2,2322.8,0.478648808335904,0,738684.496539419,1146,1,0
15777.0457551572,40,2636.8,2743.2,2255,0.561591735227539,0,738684.496539882,1146,1,0
15777.0857542236,40,2711.8,2597.2,2186.8,0.644795282192648,0,738684.496540345,1146,1,0
15777.12575329,40,2722.4,2436.2,2132,0.72601963564692,0,738684.496540808,1146,1,0
15777.1657523564,40,2651,2314.2,2098,0.793575316906683,0,738684.496541271,1146,1,0
15777.2057514228,40,2551.6,2226.4,2070,0.864724653185449,0,738684.496541734,1146,1,0
15777.2457504892,40,2453,2171,2053.2,0.928397096983629,0,738684.496542196,1146,1,0
15777.2857495556,40,2374,2136.6,2048.6,0.975376895053477,0,738684.496542659,1146,1,0
15777.325748622,40,2328.8,2117.8,2042.2,1,0,738684.496543122,1146,1,0
15777.3657476884,40,2312,2113.4,2036.4,1,0,738684.496543585,1146,1,0
15777.4057467548,40,2327.2,2118,2042.6,1,0,738684.496544048,1146,1,0
15777.4457458212,40,2373,2135.2,2044.6,0.981470191009929,0,738684.496544511,1146,1,0
15777.4857448876,40,2442.2,2167.2,2052.4,0.934145162156038,0,738684.496544974,1146,1,0
15777.525743954,40,2532,2222.8,2069.6,0.874641614251024,0,738684.496545437,1146,1,0
15777.5657430204,40,2640.8,2305.2,2096.2,0.800998633917584,0,738684.4965459,1146,1,0
15777.6057420868,40,2702.8,2440.8,2139.6,0.722800925966807,0,738684.496546363,1146,1,0
15777.6457411532,40,2682,2615.8,2201.8,0.627761211066945,0,738684.496546826,1146,1,0
15777.6857402196,40,2595.2,2780.4,2284.2,0.532884543384682,0,738684.496547289,1146,1,0
15777.725739286,40,2491.8,2881.4,2386.2,0.432498570591717,0,738684.496547752,1146,1,0
15777.7657383524,40,2439.2,2892.2,2433.4,0.402990075718856,0,738684.496548215,1146,1,0
15777.8057374188,40,2476,2876.2,2395.6,0.427256089976996,0,738684.496548678,1146,1,0
15777.8457364852,40,2553.6,2851,2330.8,0.469043195516147,0,738684.496549141,1146,1,0
15777.8857355516,40,2633.2,2756,2263.2,0.55599419909927,0,738684.496549604,1146,1,0
15777.925734618,40,2703.6,2607.2,2187.8,0.638072468361496,0,738684.496550067,1146,1,0
15777.9657336844,40,2714.2,2444.8,2135.2,0.722800925966807,0,738684.49655053,1146,1,0
15778.0057327508,40,2653.2,2319.6,2095.8,0.793575316906683,0,738684.496550992,1146,1,0
15778.0457318172,40,2548.2,2234,2071.6,0.864724653185449,0,738684.496551455,1146,1,0
15778.0857308836,40,2458.4,2176.8,2054.4,0.922681122048444,0,738684.496551918,1146,1,0
15778.12572995,40,2378.4,2142,2047.6,0.975376895053477,0,738684.496552381,1146,1,0
15778.1657290164,40,2335.4,2123.2,2040.4,1,0,738684.496552844,1146,1,0
15778.2057280828,40,2311.8,2111,2039.4,1,0,738684.496553307,1146,1,0
15778.2457271492,40,2330,2117.2,2039.8,1,0,738684.49655377,1146,1,0
15778.2857262156,40,2374.4,2136.8,2042.6,0.975376895053477,0,738684.496554233,1146,1,0
15778.325725282,40,2446,2165,2050.6,0.934145162156038,0,738684.496554696,1146,1,0
15778.3657243484,40,2541.2,2225,2068.8,0.869646511663396,0,738684.496555159,1146,1,0
15778.4057234148,40,2644.8,2316.4,2099.4,0.797274419786194,0,738684.496555622,1146,1,0
15778.4457224812,40,2697.2,2455,2137.4,0.716376706440077,0,738684.496556085,1146,1,0
15778.4857215476,40,2667.6,2618.6,2201.4,0.624241290397594,0,738684.496556548,1146,1,0
15778.525720614,40,2581.8,2776,2289,0.522126052443221,0,738684.496557011,1146,1,0
15778.5657196804,40,2479.8,2858.6,2377.4,0.432498570591717,0,738684.496557474,1146,1,0
15778.6057187468,40,2483,2878.2,2395.2,0.427256089976996,0,738684.496557937,1146,1,0
15778.6457178132,40,2543,2819.4,2325.2,0.478648808335904,0,738684.4965584,1146,1,0
15778.6857168796,40,2615.8,2731.6,2258,0.561591735227539,0,738684.496558863,1146,1,0
15778.725715946,40,2669,2588.2,2190.2,0.641445129325003,0,738684.496559326,1146,1,0
15778.7657150124,40,2684.2,2438.4,2137.2,0.72601963564692,0,738684.496559789,1146,1,0
15778.8057140788,40,2634,2319.2,2094.8,0.797274419786194,0,738684.496560252,1146,1,0
15778.8457131452,40,2531.8,2228.4,2069.8,0.874641614251024,0,738684.496560715,1146,1,0
15778.8857122116,40,2445.8,2174.8,2057.2,0.928397096983629,0,738684.496561177,1146,1,0
15778.925711278,40,2373.8,2137.4,2049,0.975376895053477,0,738684.49656164,1146,1,0
15778.9657103444,40,2328.8,2119.4,2040.8,1,0,738684.496562103,1146,1,0
15779.0057094108,40,2311,2112.2,2036,1,0,738684.496562566,1146,1,0
15779.0457084772,40,2320,2113.8,2041.4,1,0,738684.496563029,1146,1,0
15779.0857075436,40,2357.6,2126.4,2047.8,0.98760735140419,0,738684.496563492,1146,1,0
15779.12570661,40,2420.8,2153.4,2051.2,0.951507301379275,0,738684.496563955,1146,1,0
15779.1657056764,40,2515.4,2201.2,2060.8,0.889926901112563,0,738684.496564418,1146,1,0
15779.2057047428,40,2630.6,2287.4,2087.8,0.812409570046606,0,738684.496564881,1146,1,0
15779.2457038092,40,2708.8,2421,2126.4,0.735695387533812,0,738684.496565344,1146,1,0
15779.2857028756,40,2698,2592.8,2189,0.644795282192648,0,738684.496565807,1146,1,0
15779.325701942,40,2615.2,2765.6,2272.2,0.544405753883346,0,738684.49656627,1146,1,0
15779.3657010084,40,2505.8,2865.4,2369.2,0.443015536937748,0,738684.496566733,1146,1,0
15779.4057000748,40,2463.8,2890.2,2409.6,0.415835616278058,0,738684.496567196,1146,1,0
15779.4456991412,40,2515.4,2870.8,2365.6,0.443015536937748,0,738684.496567659,1146,1,0
15779.4856982076,40,2609.2,2818.8,2294.8,0.504005523414082,0,738684.496568122,1146,1,0
15779.525697274,40,2681,2689.6,2226.4,0.596381495302282,0,738684.496568585,1146,1,0
15779.5656963404,40,2722.4,2524.8,2158.6,0.680981033552426,0,738684.496569048,1146,1,0
15779.6056954068,40,2687.2,2376.8,2110.8,0.758704666363614,0,738684.496569511,1146,1,0
15779.6456944732,40,2596.2,2269,2082.2,0.833002741240853,0,738684.496569974,1146,1,0
15779.6856935396,40,2493.6,2201,2063.8,0.900451621459986,0,738684.496570437,1146,1,0
15779.725692606,40,2407.8,2154.2,2050.6,0.957392764220256,0,738684.4965709,1146,1,0
15779.7656916724,40,2347.6,2128.6,2044.2,0.993785067485734,0,738684.496571362,1146,1,0
15779.8056907388,40,2317,2116.8,2040.2,1,0,738684.496571825,1146,1,0
15779.8456898052,40,2320,2114.8,2041.6,1,0,738684.496572288,1146,1,0
15779.8856888716,40,2343.6,2125.2,2043.8,0.993785067485734,0,738684.496572751,1146,1,0
15779.925687938,40,2392.2,2142.2,2043.2,0.969330739042227,0,738684.496573214,1146,1,0
15779.9656870044,40,2458.4,2181.8,2057,0.922681122048444,0,738684.496573677,1146,1,0
15780.0056860708,40,2554.2,2242.4,2075.8,0.859889483197649,0,738684.49657414,1146,1,0
15780.0456851372,40,2644,2344,2104.4,0.782692588654786,0,738684.496574603,1146,1,0
15780.0856842036,40,2671.2,2485.4,2156.4,0.700339035669991,0,738684.496575066,1146,1,0
15780.12568327,40,2628.4,2648.8,2228,0.600935927986466,0,738684.496575529,1146,1,0
15780.1656823364,40,2532,2772.2,2316,0.491613825047665,0,738684.496575992,1146,1,0
15780.2056814028,40,2453,2821.8,2384.2,0.432498570591717,0,738684.496576455,1146,1,0
15780.2456804692,40,2489.6,2836.8,2364.2,0.44830310725817,0,738684.496576918,1146,1,0
15780.2856795356,40,2577.8,2803.2,2305.8,0.495740077303994,0,738684.496577381,1146,1,0
15780.325678602,40,2656.4,2714.8,2240.4,0.581917536525862,0,738684.496577844,1146,1,0
15780.3656776684,40,2716.2,2567.8,2175.2,0.661398248029182,0,738684.496578307,1146,1,0
15780.4056767348,40,2713.4,2417,2127,0.735695387533812,0,738684.49657877,1146,1,0
15780.4456758012,40,2643.2,2299.4,2091.2,0.804740833678851,0,738684.496579233,1146,1,0
15780.4856748676,40,2537.6,2219.4,2068.2,0.874641614251024,0,738684.496579696,1146,1,0
15780.525673934,40,2438.4,2168.8,2051,0.934145162156038,0,738684.496580158,1146,1,0
15780.5656730004,40,2374.2,2137.4,2047,0.975376895053477,0,738684.496580621,1146,1,0
15780.6056720668,40,2335.2,2121.2,2043.4,1,0,738684.496581084,1146,1,0
15780.6456711332,40,2319.2,2114.2,2038.4,1,0,738684.496581547,1146,1,0
15780.6856701996,40,2331,2117.8,2038,1,0,738684.49658201,1146,1,0
15780.725669266,40,2366.6,2135.4,2049,0.981470191009929,0,738684.496582473,1146,1,0
15780.7656683324,40,2423.6,2156.4,2050,0.945681682617138,0,738684.496582936,1146,1,0
15780.8056673988,40,2512.6,2205.6,2060.4,0.889926901112563,0,738684.496583399,1146,1,0
15780.8456664652,40,2616.2,2271.8,2080.2,0.824555873811782,0,738684.496583862,1146,1,0
15780.8856655316,40,2694.8,2389.8,2121.8,0.752016725630693,0,738684.496584325,1146,1,0
15780.925664598,40,2709.4,2540.4,2166.2,0.674497686432619,0,738684.496584788,1146,1,0
15780.9656636644,40,2645.2,2706.6,2240.8,0.581917536525862,0,738684.496585251,1146,1,0
15781.0056627308,40,2547.2,2818.4,2325.4,0.478648808335904,0,738684.496585714,1146,1,0
15781.0456617972,40,2478.8,2858.6,2385,0.432498570591717,0,738684.496586177,1146,1,0
15781.0856608636,40,2528.4,2853.2,2350.2,0.453583270865973,0,738684.49658664,1146,1,0
15781.12565993,40,2610.8,2790.4,2286,0.532884543384682,0,738684.496587103,1146,1,0
15781.1656589964,40,2665,2670.6,2219.4,0.600935927986466,0,738684.496587566,1146,1,0
15781.2056580628,40,2714.2,2521.2,2163,0.680981033552426,0,738684.496588029,1146,1,0
15781.2456571292,40,2696.4,2384,2117.6,0.752016725630693,0,738684.496588492,1146,1,0
15781.2856561956,40,2622.8,2283.8,2086,0.816378308563394,0,738684.496588955,1146,1,0
15781.325655262,40,2521.4,2213.8,2066.2,0.884796034058834,0,738684.496589418,1146,1,0
15781.3656543284,40,2438.8,2167.8,2052.2,0.934145162156038,0,738684.496589881,1146,1,0
15781.4056533948,40,2373.8,2138.2,2045.2,0.975376895053477,0,738684.496590343,1146,1,0
15781.4456524612,40,2337,2121.2,2041,1,0,738684.496590806,1146,1,0
15781.4856515276,40,2328.2,2113,2039.4,1,0,738684.496591269,1146,1,0
15781.525650594,40,2345.8,2127.6,2043.4,0.993785067485734,0,738684.496591732,1146,1,0
15781.5656496604,40,2393.8,2143.4,2047.2,0.963334962218702,0,738684.496592195,1146,1,0
15781.6056487268,40,2466.8,2176.4,2056.8,0.922681122048444,0,738684.496592658,1146,1,0
15781.6456477932,40,2546.6,2233.8,2077.8,0.864724653185449,0,738684.496593121,1146,1,0
15781.6856468596,40,2635.8,2335,2103.2,0.789908020549802,0,738684.496593584,1146,1,0
15781.725645926,40,2660.8,2465.2,2150,0.713170366876487,0,738684.496594047,1146,1,0
15781.7656449924,40,2619,2626.8,2219.4,0.609441754663018,0,738684.49659451,1146,1,0
15781.8056440588,40,2524.6,2746,2304.2,0.504005523414082,0,738684.496594973,1146,1,0
15781.8456431252,40,2441.6,2813,2386.8,0.432498570591717,0,738684.496595436,1146,1,0
15781.8856421916,40,2459.2,2840.6,2388.8,0.427256089976996,0,738684.496595899,1146,1,0
15781.925641258,40,2536,2821.2,2329.6,0.473941473653243,0,738684.496596362,1146,1,0
15781.9656403244,40,2625.2,2767.8,2267.6,0.550236263228431,0,738684.496596825,1146,1,0
15782.0056393908,40,2709,2637,2204,0.624241290397594,0,738684.496597288,1146,1,0
15782.0456384572,40,2730.8,2483.6,2143.2,0.703551912933977,0,738684.496597751,1146,1,0
15782.0856375236,40,2694.8,2347.4,2101.6,0.772233014043569,0,738684.496598214,1146,1,0
15782.12563659,40,2603,2259.6,2079.8,0.833002741240853,0,738684.496598677,1146,1,0
15782.1656356564,40,2497.4,2195.4,2060.2,0.900451621459986,0,738684.49659914,1146,1,0
15782.2056347228,40,2414.4,2152.2,2050.4,0.951507301379275,0,738684.496599603,1146,1,0
15782.2456337892,40,2354.8,2129,2044.8,0.98760735140419,0,738684.496600065,1146,1,0
15782.2856328556,40,2325.6,2116.2,2037.6,1,0,738684.496600528,1146,1,0
15782.325631922,40,2326,2117.8,2037.8,1,0,738684.496600991,1146,1,0
15782.3656309884,40,2346.2,2125.2,2045.6,0.993785067485734,0,738684.496601454,1146,1,0
15782.4056300548,40,2400.6,2145.2,2045.8,0.963334962218702,0,738684.496601917,1146,1,0
15782.4456291212,40,2476.6,2184.6,2057.6,0.91140871723736,0,738684.49660238,1146,1,0
15782.4856281876,40,2571,2248.8,2076.6,0.850530689995972,0,738684.496602843,1146,1,0
15782.525627254,40,2656.2,2351.6,2111.8,0.775667113969294,0,738684.496603306,1146,1,0
15782.5656263204,40,2684,2497.8,2161.8,0.693901278940445,0,738684.496603769,1146,1,0
15782.6056253868,40,2624.2,2662.4,2227.8,0.591669078597459,0,738684.496604232,1146,1,0
15782.6456244532,40,2538.2,2799.8,2322.6,0.483127937558863,0,738684.496604695,1146,1,0
15782.6856235196,40,2450,2844.6,2400.2,0.421730440329805,0,738684.496605158,1146,1,0
15782.725622586,40,2483.8,2880.4,2393,0.427256089976996,0,738684.496605621,1146,1,0
15782.7656216524,40,2563,2859.6,2337.4,0.463991214758112,0,738684.496606084,1146,1,0
15782.8056207188,40,2654.6,2787.8,2265.8,0.55599419909927,0,738684.496606547,1146,1,0
15782.8456197852,40,2730.8,2636.2,2194.2,0.627761211066945,0,738684.49660701,1146,1,0
15782.8856188516,40,2740.2,2466.8,2138.6,0.709966050179064,0,738684.496607473,1146,1,0
15782.925617918,40,2688.2,2336.6,2099.4,0.77915429777298,0,738684.496607936,1146,1,0
15782.9656169844,40,2588.2,2247.8,2076,0.841648031306038,0,738684.496608399,1146,1,0
15783.0056160508,40,2482.2,2187.2,2061,0.91140871723736,0,738684.496608861,1146,1,0
15783.0456151172,40,2395,2148.2,2049.4,0.963334962218702,0,738684.496609324,1146,1,0
15783.0856141836,40,2350.2,2127.2,2039,0.993785067485734,0,738684.496609787,1146,1,0
15783.12561325,40,2325.4,2121.2,2037.8,1,0,738684.49661025,1146,1,0
15783.1656123164,40,2327.8,2117.8,2039,1,0,738684.496610713,1146,1,0
15783.2056113828,40,2351,2127.6,2042.2,0.993785067485734,0,738684.496611176,1146,1,0
15783.2456104492,40,2404.6,2148,2048.4,0.957392764220256,0,738684.496611639,1146,1,0
15783.2856095156,40,2486.8,2189.6,2058.4,0.90588324353745,0,738684.496612102,1146,1,0
15783.325608582,40,2577.6,2255.4,2080.4,0.846031337148546,0,738684.496612565,1146,1,0
15783.3656076484,40,2660.6,2370.6,2114.4,0.76545499769829,0,738684.496613028,1146,1,0
15783.4486057112,83,2604.2,2689.6,2253,0.571991559090702,0,738684.496613989,1146,1,0
15783.4886047776,40,2504.8,2801.4,2338.2,0.469043195516147,0,738684.496614452,1146,1,0
15783.528603844,40,2441.2,2814.6,2392.8,0.427256089976996,0,738684.496614915,1146,1,0
15783.5686029104,40,2505.8,2853.4,2363.4,0.44830310725817,0,738684.496615378,1146,1,0
15783.6086019768,40,2592.6,2807,2296.8,0.499855013752571,0,738684.496615841,1146,1,0
15783.6486010432,40,2690.8,2697.8,2224.2,0.596381495302282,0,738684.496616303,1146,1,0
15783.6886001096,40,2744.2,2532,2159.8,0.677742985086675,0,738684.496616766,1146,1,0
15783.728599176,40,2716,2381.2,2111.6,0.752016725630693,0,738684.496617229,1146,1,0
15783.7685982424,40,2624.4,2274,2080.6,0.820429400219418,0,738684.496617692,1146,1,0
15783.8085973088,40,2516.2,2203,2061.8,0.889926901112563,0,738684.496618155,1146,1,0
15783.8485963752,40,2425,2160,2052.6,0.945681682617138,0,738684.496618618,1146,1,0
15783.8885954416,40,2359.6,2131.2,2045.2,0.98760735140419,0,738684.496619081,1146,1,0
15783.928594508,40,2325.6,2114.6,2039.4,1,0,738684.496619544,1146,1,0
15783.9685935744,40,2311.4,2113.2,2036.8,1,0,738684.496620007,1146,1,0
15784.0085926408,40,2327.2,2117.4,2041,1,0,738684.49662047,1146,1,0
15784.0485917072,40,2361.4,2126.8,2044.4,0.98760735140419,0,738684.496620933,1146,1,0
15784.0885907736,40,2415.2,2155.4,2050.4,0.951507301379275,0,738684.496621396,1146,1,0
15784.12858984,40,2498.4,2199.4,2060,0.900451621459986,0,738684.496621859,1146,1,0
15784.1685889064,40,2598.4,2278.4,2086,0.828749855133686,0,738684.496622322,1146,1,0
15784.2085879728,40,2665.4,2396.8,2124.4,0.752016725630693,0,738684.496622785,1146,1,0
15784.2485870392,40,2667.4,2551.2,2182.2,0.661398248029182,0,738684.496623248,1146,1,0
15784.2885861056,40,2592,2704,2259.4,0.561591735227539,0,738684.496623711,1146,1,0
15784.328585172,40,2493.4,2818.8,2353.8,0.453583270865973,0,738684.496624174,1146,1,0
15784.3685842384,40,2425,2861.2,2427.8,0.402990075718856,0,738684.496624637,1146,1,0
15784.4085833048,40,2465.2,2887.2,2409.2,0.415835616278058,0,738684.4966251,1146,1,0
15784.4485823712,40,2557.4,2897.6,2353.2,0.44830310725817,0,738684.496625563,1146,1,0
15784.4885814376,40,2640.2,2800.6,2273.8,0.544405753883346,0,738684.496626026,1146,1,0
15784.528580504,40,2729,2642.2,2201,0.624241290397594,0,738684.496626488,1146,1,0
15784.5685795704,40,2741.6,2469.4,2139.8,0.709966050179064,0,738684.496626951,1146,1,0
15784.6085786368,40,2686.2,2335.6,2099.2,0.77915429777298,0,738684.496627414,1146,1,0
15784.6485777032,40,2590,2247.2,2073.4,0.841648031306038,0,738684.496627877,1146,1,0
15784.6885767696,40,2485.4,2187.2,2057.2,0.90588324353745,0,738684.49662834,1146,1,0
15784.728575836,40,2403.6,2149,2048.4,0.957392764220256,0,738684.496628803,1146,1,0
15784.7685749024,40,2356.4,2128.4,2041.6,0.98760735140419,0,738684.496629266,1146,1,0
15784.8085739688,40,2334.2,2121.2,2041.6,1,0,738684.496629729,1146,1,0
15784.8485730352,40,2335.4,2120.6,2039,1,0,738684.496630192,1146,1,0
15784.8885721016,40,2368.2,2134.8,2045,0.981470191009929,0,738684.496630655,1146,1,0
15784.928571168,40,2428.6,2157.2,2046,0.945681682617138,0,738684.496631118,1146,1,0
15784.9685702344,40,2508,2203,2063.2,0.895128281408961,0,738684.496631581,1146,1,0
15785.0085693008,40,2611.6,2284.6,2088.2,0.820429400219418,0,738684.496632044,1146,1,0
15785.0485683672,40,2677.4,2409.4,2125.8,0.742159015519958,0,738684.496632507,1146,1,0
15785.0885674336,40,2660.4,2555.8,2185,0.658093992718842,0,738684.49663297,1146,1,0
15785.1285665,40,2593.6,2715,2259.2,0.55599419909927,0,738684.496633433,1146,1,0
15785.1685655664,40,2503.4,2830.8,2352.2,0.453583270865973,0,738684.496633896,1146,1,0
15785.2085646328,40,2445,2846.2,2402.6,0.415835616278058,0,738684.496634359,1146,1,0
15785.2485636992,40,2503.2,2867,2373,0.437743532746865,0,738684.496634822,1146,1,0
15785.2885627656,40,2591.6,2833.2,2310.4,0.487427987606295,0,738684.496635285,1146,1,0
15785.328561832,40,2672.4,2716.2,2236.8,0.581917536525862,0,738684.496635747,1146,1,0
15785.3685608984,40,2727.4,2550.4,2168,0.671241250044602,0,738684.49663621,1146,1,0
15785.4085599648,40,2715.2,2400.6,2123.4,0.745419432004827,0,738684.496636673,1146,1,0
15785.4485590312,40,2632.6,2290.8,2087.4,0.812409570046606,0,738684.496637136,1146,1,0
15785.4885580976,40,2529.8,2216.2,2068.2,0.879696155832112,0,738684.496637599,1146,1,0
15785.528557164,40,2438.4,2166.6,2054.4,0.939909252434471,0,738684.496638062,1146,1,0
15785.5685562304,40,2371,2138.8,2045.2,0.981470191009929,0,738684.496638525,1146,1,0
15785.6085552968,40,2328.4,2125,2040.4,1,0,738684.496638988,1146,1,0
15785.6485543632,40,2321.4,2112,2037.6,1,0,738684.496639451,1146,1,0
15785.6885534296,40,2317.6,2111,2038.8,1,0,738684.496639914,1146,1,0
15785.728552496,40,2353.8,2128.8,2042.8,0.98760735140419,0,738684.496640377,1146,1,0
15785.7685515624,40,2415,2151.4,2046.8,0.951507301379275,0,738684.49664084,1146,1,0
15785.8085506288,40,2497.2,2195.4,2059.6,0.900451621459986,0,738684.496641303,1146,1,0
15785.8485496952,40,2602,2275.2,2084.6,0.828749855133686,0,738684.496641766,1146,1,0
15785.8885487616,40,2687,2397,2121,0.748705579178257,0,738684.496642229,1146,1,0
15785.928547828,40,2689.8,2560,2182.8,0.658093992718842,0,738684.496642692,1146,1,0
15785.9685468944,40,2616.8,2731.2,2259.2,0.561591735227539,0,738684.496643155,1146,1,0
15786.0085459608,40,2526.2,2856,2349.8,0.453583270865973,0,738684.496643618,1146,1,0
15786.0485450272,40,2492.6,2876.4,2384.6,0.432498570591717,0,738684.496644081,1146,1,0
15786.0885440936,40,2532.6,2826,2338.4,0.469043195516147,0,738684.496644544,1146,1,0
15786.12854316,40,2607.4,2765,2274.6,0.544405753883346,0,738684.496645007,1146,1,0
15786.1685422264,40,2661.4,2662.6,2218.6,0.605299016202904,0,738684.496645469,1146,1,0
15786.2085412928,40,2689.6,2530.2,2168.8,0.674497686432619,0,738684.496645932,1146,1,0
15786.2485403592,40,2673.2,2410.4,2130.8,0.742159015519958,0,738684.496646395,1146,1,0
15786.2885394256,40,2621.4,2326.8,2102,0.797274419786194,0,738684.496646858,1146,1,0
15786.328538492,40,2573.4,2266.2,2083.2,0.841648031306038,0,738684.496647321,1146,1,0
15786.3685375584,40,2527,2232.4,2074.2,0.874641614251024,0,738684.496647784,1146,1,0
15786.4085366248,40,2478,2198.4,2063,0.90588324353745,0,738684.496648247,1146,1,0
15786.4485356912,40,2452.2,2184,2060,0.922681122048444,0,738684.49664871,1146,1,0
15786.4885347576,40,2440.2,2174.8,2061,0.934145162156038,0,738684.496649173,1146,1,0
15786.528533824,40,2438.6,2173.4,2055.8,0.934145162156038,0,738684.496649636,1146,1,0
15786.5685328904,40,2440.8,2173.6,2055.4,0.934145162156038,0,738684.496650099,1146,1,0
15786.6085319568,40,2453,2176.6,2053.2,0.928397096983629,0,738684.496650562,1146,1,0
15786.6485310232,40,2461,2180.2,2056.2,0.922681122048444,0,738684.496651025,1146,1,0
15786.6885300896,40,2469.6,2183.4,2057.2,0.917013117136947,0,738684.496651488,1146,1,0
15786.728529156,40,2472,2190.2,2058.4,0.91140871723736,0,738684.496651951,1146,1,0
15786.7685282224,40,2475.8,2192.6,2057.8,0.91140871723736,0,738684.496652414,1146,1,0
15786.8085272888,40,2480.6,2193.6,2056.2,0.91140871723736,0,738684.496652877,1146,1,0
15786.8485263552,40,2483.8,2199.8,2062.6,0.90588324353745,0,738684.49665334,1146,1,0
15786.8885254216,40,2478.4,2200.6,2065.4,0.90588324353745,0,738684.496653803,1146,1,0
15786.928524488,40,2487,2201.2,2061.8,0.90588324353745,0,738684.496654266,1146,1,0
15786.9685235544,40,2483.4,2204.6,2064.6,0.90588324353745,0,738684.496654729,1146,1,0
15787.0085226208,40,2494,2211,2067,0.895128281408961,0,738684.496655192,1146,1,0
15787.0485216872,40,2495.8,2211,2066.6,0.895128281408961,0,738684.496655654,1146,1,0
15787.0885207536,40,2498.8,2213.8,2072.6,0.895128281408961,0,738684.496656117,1146,1,0
15787.12851982,40,2509,2215.4,2071.2,0.889926901112563,0,738684.49665658,1146,1,0
15787.1685188864,40,2513.6,2222.4,2070.6,0.884796034058834,0,738684.496657043,1146,1,0
15787.2085179528,40,2515.8,2223.6,2071.2,0.879696155832112,0,738684.496657506,1146,1,0
15787.2485170192,40,2518.6,2228.4,2076.2,0.879696155832112,0,738684.496657969,1146,1,0
15787.2885160856,40,2534.4,2235,2072.6,0.869646511663396,0,738684.496658432,1146,1,0
15787.328515152,40,2536.6,2236.2,2074.6,0.869646511663396,0,738684.496658895,1146,1,0
15787.3685142184,40,2544.6,2239.4,2075.2,0.864724653185449,0,738684.496659358,1146,1,0
15787.4085132848,40,2546.2,2245.2,2076.4,0.859889483197649,0,738684.496659821,1146,1,0
15787.4485123512,40,2557,2247.6,2077.8,0.855154006574624,0,738684.496660284,1146,1,0
15787.4885114176,40,2565.8,2254.2,2076.8,0.850530689995972,0,738684.496660747,1146,1,0
15787.528510484,40,2574.6,2254.8,2081.4,0.846031337148546,0,738684.49666121,1146,1,0
15787.5685095504,40,2576.2,2257,2081.8,0.846031337148546,0,738684.496661673,1146,1,0
15787.6085086168,40,2575.4,2264.8,2085.6,0.841648031306038,0,738684.496662136,1146,1,0
15787.6485076832,40,2581.6,2265.6,2084.2,0.837305347240683,0,738684.496662599,1146,1,0
15787.6885067496,40,2584.4,2267,2082.8,0.837305347240683,0,738684.496663062,1146,1,0
15787.728505816,40,2586.2,2277.4,2085.6,0.833002741240853,0,738684.496663525,1146,1,0
15787.7685048824,40,2590.4,2277.8,2087.2,0.828749855133686,0,738684.496663988,1146,1,0
15787.8085039488,40,2593.4,2282,2091.6,0.828749855133686,0,738684.496664451,1146,1,0
15787.8485030152,40,2593.4,2286,2088.2,0.824555873811782,0,738684.496664913,1146,1,0
15787.8885020816,40,2597.6,2291.8,2093.8,0.820429400219418,0,738684.496665376,1146,1,0
15787.928501148,40,2602.4,2296.4,2088.8,0.816378308563394,0,738684.496665839,1146,1,0
15787.9685002144,40,2605.4,2300.6,2095.2,0.816378308563394,0,738684.496666302,1146,1,0
15788.0084992808,40,2610.8,2302.4,2093,0.812409570046606,0,738684.496666765,1146,1,0
15788.0484983472,40,2615.6,2309.4,2093.2,0.808529044605241,0,738684.496667228,1146,1,0
15788.0884974136,40,2614.8,2313.2,2094,0.808529044605241,0,738684.496667691,1146,1,0
15788.12849648,40,2624,2321,2102.2,0.800998633917584,0,738684.496668154,1146,1,0
15788.1684955464,40,2623.6,2323.4,2102.8,0.797274419786194,0,738684.496668617,1146,1,0
15788.2084946128,40,2631.4,2329.8,2102.4,0.793575316906683,0,738684.49666908,1146,1,0
15788.2484936792,40,2628.2,2331,2106.2,0.793575316906683,0,738684.496669543,1146,1,0
15788.2884927456,40,2635.4,2339,2107.2,0.786278650390616,0,738684.496670006,1146,1,0
15788.328491812,40,2638.8,2343.8,2105.6,0.782692588654786,0,738684.496670469,1146,1,0
15788.3684908784,40,2642.2,2348.6,2108,0.782692588654786,0,738684.496670932,1146,1,0
15788.4084899448,40,2647.4,2353.4,2107.8,0.77915429777298,0,738684.496671395,1146,1,0
15788.4484890112,40,2649.2,2358.2,2112.2,0.775667113969294,0,738684.496671858,1146,1,0
15788.4884880776,40,2650.6,2361.4,2111.6,0.772233014043569,0,738684.496672321,1146,1,0
15788.528487144,40,2654,2368.4,2115,0.768841674721193,0,738684.496672784,1146,1,0
15788.5684862104,40,2659.8,2374,2116.8,0.76545499769829,0,738684.496673247,1146,1,0
15788.6084852768,40,2660.6,2380,2119.8,0.762074286926242,0,738684.49667371,1146,1,0
15788.6484843432,40,2656,2381.4,2120.2,0.762074286926242,0,738684.496674172,1146,1,0
15788.6884834096,40,2662.4,2392.4,2122.8,0.755350806424959,0,738684.496674635,1146,1,0
15788.728482476,40,2662.6,2391.2,2122.2,0.755350806424959,0,738684.496675098,1146,1,0
15788.7684815424,40,2664.4,2399.2,2124.4,0.748705579178257,0,738684.496675561,1146,1,0
15788.8084806088,40,2666.2,2403.2,2126,0.748705579178257,0,738684.496676024,1146,1,0
15788.8484796752,40,2669,2406.8,2127.2,0.745419432004827,0,738684.496676487,1146,1,0
15788.8884787416,40,2666.8,2414.8,2128.8,0.742159015519958,0,738684.49667695,1146,1,0
15788.928477808,40,2672.6,2417.2,2134.2,0.738923200384679,0,738684.496677413,1146,1,0
15788.9684768744,40,2667.2,2422.6,2136.2,0.735695387533812,0,738684.496677876,1146,1,0
15789.0084759408,40,2672.2,2426.8,2132.6,0.735695387533812,0,738684.496678339,1146,1,0
15789.0484750072,40,2668.4,2433.2,2138,0.729242281466222,0,738684.496678802,1146,1,0
15789.0884740736,40,2670.8,2440.8,2139.4,0.72601963564692,0,738684.496679265,1146,1,0
15789.12847314,40,2673.8,2446.2,2137,0.722800925966807,0,738684.496679728,1146,1,0
15789.1684722064,40,2669.4,2449.6,2141.2,0.722800925966807,0,738684.496680191,1146,1,0
15789.2084712728,40,2670.4,2454.6,2145.2,0.719586640122297,0,738684.496680654,1146,1,0
15789.2484703392,40,2671.4,2459.8,2145.8,0.716376706440077,0,738684.496681117,1146,1,0
15789.2884694056,40,2672.2,2466.2,2147.2,0.713170366876487,0,738684.49668158,1146,1,0
15789.328468472,40,2672.4,2467.8,2150.8,0.709966050179064,0,738684.496682043,1146,1,0
15789.3684675384,40,2670,2473.2,2151.8,0.706760832147339,0,738684.496682506,1146,1,0
15789.4084666048,40,2671.8,2480.4,2151.6,0.703551912933977,0,738684.496682969,1146,1,0
15789.4484656712,40,2669.4,2489.4,2158.4,0.697122148361531,0,738684.496683432,1146,1,0
15789.4884647376,40,2668.6,2492.6,2160.4,0.697122148361531,0,738684.496683895,1146,1,0
15789.528463804,40,2667,2492.4,2161,0.697122148361531,0,738684.496684358,1146,1,0
15789.5684628704,40,2665.8,2503.2,2167.8,0.687448072586759,0,738684.49668482,1146,1,0
15789.6084619368,40,2660.4,2505.8,2166.8,0.687448072586759,0,738684.496685283,1146,1,0
15789.6484610032,40,2661,2507.4,2172.2,0.684216142532836,0,738684.496685746,1146,1,0
15789.6884600696,40,2657,2512,2172,0.684216142532836,0,738684.496686209,1146,1,0
15789.728459136,40,2655.4,2518.6,2170.4,0.680981033552426,0,738684.496686672,1146,1,0
15789.7684582024,40,2650.6,2523.2,2174.4,0.677742985086675,0,738684.496687135,1146,1,0
15789.8084572688,40,2650.4,2530.8,2177.4,0.671241250044602,0,738684.496687598,1146,1,0
15789.8484563352,40,2650.8,2532.8,2179.2,0.671241250044602,0,738684.496688061,1146,1,0
15789.8884554016,40,2651.8,2542.8,2181,0.664691440014781,0,738684.496688524,1146,1,0
15789.928454468,40,2648,2543.8,2184.6,0.664691440014781,0,738684.496688987,1146,1,0
15789.9684535344,40,2651,2554.4,2186.4,0.658093992718842,0,738684.49668945,1146,1,0
15790.0084526008,40,2650.6,2563.2,2188.4,0.65145812481641,0,738684.496689913,1146,1,0
15790.0484516672,40,2649.4,2565.4,2189.4,0.65145812481641,0,738684.496690376,1146,1,0
15790.0884507336,40,2644.4,2574.4,2194.2,0.644795282192648,0,738684.496690839,1146,1,0
15790.1284498,40,2646.6,2584.2,2195.8,0.638072468361496,0,738684.496691302,1146,1,0
15790.1684488664,40,2639.2,2585,2201.8,0.638072468361496,0,738684.496691765,1146,1,0
15790.2084479328,40,2641.4,2590.4,2204.8,0.63467128498077,0,738684.496692228,1146,1,0
15790.2484469992,40,2637.4,2596,2205.4,0.631236010455004,0,738684.496692691,1146,1,0
15790.2884460656,40,2633.2,2598.4,2208,0.627761211066945,0,738684.496693154,1146,1,0
15790.328445132,40,2631.4,2603.4,2207.8,0.624241290397594,0,738684.496693617,1146,1,0
15790.3684441984,40,2630.2,2609.8,2211,0.620670210669844,0,738684.496694079,1146,1,0
15790.4084432648,40,2630.2,2616.4,2213.2,0.617041238659818,0,738684.496694542,1146,1,0
15790.4484423312,40,2625.2,2622.2,2215.2,0.61334157805252,0,738684.496695005,1146,1,0
15790.4884413976,40,2629.4,2627.4,2221,0.609441754663018,0,738684.496695468,1146,1,0
15790.528440464,40,2624,2634.8,2223.8,0.605299016202904,0,738684.496695931,1146,1,0
15790.5684395304,40,2625.6,2637.6,2224.6,0.605299016202904,0,738684.496696394,1146,1,0
15790.6084385968,40,2622.6,2648.8,2225.4,0.596381495302282,0,738684.496696857,1146,1,0
15790.6484376632,40,2616.2,2652.2,2233.6,0.591669078597459,0,738684.49669732,1146,1,0
15790.6884367296,40,2614.6,2653.2,2232.8,0.591669078597459,0,738684.496697783,1146,1,0
15790.728435796,40,2608.8,2664.2,2237,0.586834992766542,0,738684.496698246,1146,1,0
15790.7684348624,40,2608.2,2668,2239,0.581917536525862,0,738684.496698709,1146,1,0
15790.8084339288,40,2608.2,2674.6,2242.4,0.581917536525862,0,738684.496699172,1146,1,0
15790.8484329952,40,2607.6,2675,2243.2,0.581917536525862,0,738684.496699635,1146,1,0
15790.8884320616,40,2606.4,2685.8,2247.6,0.571991559090702,0,738684.496700098,1146,1,0
15790.928431128,40,2602,2690.8,2252.2,0.571991559090702,0,738684.496700561,1146,1,0
15790.9684301944,40,2600.2,2701.2,2253.4,0.56694533960948,0,738684.496701024,1146,1,0
15791.0084292608,40,2597.6,2707.6,2255,0.561591735227539,0,738684.496701487,1146,1,0
15791.0484283272,40,2598,2712.6,2260.4,0.561591735227539,0,738684.49670195,1146,1,0
15791.0884273936,40,2593.4,2719.2,2261.2,0.55599419909927,0,738684.496702413,1146,1,0
15791.12842646,40,2591,2724.8,2268.6,0.550236263228431,0,738684.496702876,1146,1,0
15791.1684255264,40,2584.6,2727.8,2270,0.550236263228431,0,738684.496703338,1146,1,0
15791.2084245928,40,2583.2,2734,2275,0.544405753883346,0,738684.496703801,1146,1,0
15791.2484236592,40,2583.8,2738.6,2277,0.544405753883346,0,738684.496704264,1146,1,0
15791.2884227256,40,2580,2749,2280.2,0.538592179709432,0,738684.496704727,1146,1,0
15791.328421792,40,2581.2,2753.4,2284.6,0.532884543384682,0,738684.49670519,1146,1,0
15791.3684208584,40,2573.4,2758.2,2287.8,0.527369038802404,0,738684.496705653,1146,1,0
15791.4084199248,40,2572.8,2764.4,2288,0.527369038802404,0,738684.496706116,1146,1,0
15791.4484189912,40,2572.6,2769.2,2294.4,0.517222600490522,0,738684.496706579,1146,1,0
15791.4884180576,40,2563,2769.8,2297.4,0.508242322241532,0,738684.496707042,1146,1,0
15791.528417124,40,2565.2,2781.4,2301.2,0.504005523414082,0,738684.496707505,1146,1,0
15791.5684161904,40,2559.8,2784.4,2306.4,0.495740077303994,0,738684.496707968,1146,1,0
15791.6084152568,40,2553.6,2789.6,2310.4,0.491613825047665,0,738684.496708431,1146,1,0
15791.6484143232,40,2552,2792.2,2314.6,0.491613825047665,0,738684.496708894,1146,1,0
15791.6884133896,40,2545.8,2805,2317.8,0.483127937558863,0,738684.496709357,1146,1,0
15791.728412456,40,2546.6,2804.2,2319.4,0.483127937558863,0,738684.49670982,1146,1,0
15791.7684115224,40,2540.6,2810.4,2322.6,0.478648808335904,0,738684.496710283,1146,1,0
15791.8084105888,40,2536.6,2812.8,2326,0.478648808335904,0,738684.496710746,1146,1,0
15791.8484096552,40,2533.8,2819.2,2329,0.473941473653243,0,738684.496711209,1146,1,0
15791.8884087216,40,2527.8,2824.4,2334.6,0.469043195516147,0,738684.496711672,1146,1,0
15791.928407788,40,2524.8,2826,2337.4,0.463991214758112,0,738684.496712135,1146,1,0
15791.9684068544,40,2518.6,2829.6,2342.8,0.463991214758112,0,738684.496712598,1146,1,0
15792.0084059208,40,2515.8,2836.2,2349.6,0.458824823815669,0,738684.496713061,1146,1,0
15792.0484049872,40,2515,2837.4,2351.8,0.453583270865973,0,738684.496713523,1146,1,0
15792.0884040536,40,2511,2840.2,2359.2,0.453583270865973,0,738684.496713986,1146,1,0
15792.12840312,40,2508.4,2846.4,2362.2,0.44830310725817,0,738684.496714449,1146,1,0
15792.1684021864,40,2499.2,2848.4,2363.8,0.443015536937748,0,738684.496714912,1146,1,0
15792.2084012528,40,2499.4,2856.4,2369,0.443015536937748,0,738684.496715375,1146,1,0
15792.2484003192,40,2491.6,2859.2,2375.2,0.437743532746865,0,738684.496715838,1146,1,0
15792.2883993856,40,2493.2,2862.8,2376.4,0.437743532746865,0,738684.496716301,1146,1,0
15792.328398452,40,2486.6,2865.4,2381.4,0.432498570591717,0,738684.496716764,1146,1,0
15792.3683975184,40,2482,2870.6,2387,0.432498570591717,0,738684.496717227,1146,1,0
15792.4083965848,40,2479.4,2874,2394.4,0.427256089976996,0,738684.49671769,1146,1,0
15792.4483956512,40,2477.4,2876.6,2391.4,0.427256089976996,0,738684.496718153,1146,1,0
15792.4883947176,40,2473.6,2880,2401.8,0.421730440329805,0,738684.496718616,1146,1,0
15792.528393784,40,2467.2,2883.2,2407,0.421730440329805,0,738684.496719079,1146,1,0
15792.5683928504,40,2463.6,2884.4,2409.6,0.415835616278058,0,738684.496719542,1146,1,0
15792.6083919168,40,2461.6,2888,2407.8,0.415835616278058,0,738684.496720005,1146,1,0
15792.6483909832,40,2457,2891.4,2417,0.409582826119754,0,738684.496720468,1146,1,0
15792.6883900496,40,2449.6,2894.4,2425,0.409582826119754,0,738684.496720931,1146,1,0
15792.728389116,40,2449.4,2898.8,2425,0.409582826119754,0,738684.496721394,1146,1,0
15792.7683881824,40,2447,2899.6,2430.6,0.402990075718856,0,738684.496721857,1146,1,0
15792.8083872488,40,2436.4,2905.8,2435.6,0.396076922961512,0,738684.49672232,1146,1,0
15792.8483863152,40,2436,2906.6,2441.2,0.396076922961512,0,738684.496722782,1146,1,0
15792.8883853816,40,2431,2908.8,2445.8,0.396076922961512,0,738684.496723245,1146,1,0
15792.928384448,40,2427.8,2911,2453.8,0.38886050242203,0,738684.496723708,1146,1,0
15792.9683835144,40,2424.2,2913,2458.2,0.38886050242203,0,738684.496724171,1146,1,0
15793.0083825808,40,2421.6,2913.2,2460.6,0.38886050242203,0,738684.496724634,1146,1,0
15793.0483816472,40,2416.4,2917.4,2465.2,0.38135234540336,0,738684.496725097,1146,1,0
15793.0883807136,40,2409.2,2917,2469.2,0.38135234540336,0,738684.49672556,1146,1,0
15793.12837978,40,2409.6,2918.2,2478.2,0.373555726838669,0,738684.496726023,1146,1,0
15793.1683788464,40,2406.4,2920.6,2483.2,0.373555726838669,0,738684.496726486,1146,1,0
15793.2083779128,40,2398.4,2922.6,2488,0.36546342842044,0,738684.496726949,1146,1,0
15793.2483769792,40,2398.6,2923,2491.2,0.36546342842044,0,738684.496727412,1146,1,0
15793.2883760456,40,2396,2922,2494,0.36546342842044,0,738684.496727875,1146,1,0
15793.328375112,40,2391.2,2923.2,2504,0.356497976346759,0,738684.496728338,1146,1,0
15793.3683741784,40,2385.2,2924.2,2505.8,0.356497976346759,0,738684.496728801,1146,1,0
15793.4153730814,47,2384.2,2929.4,2513.2,0.356497976346759,0,738684.496729345,1146,1,0
15793.4553721478,40,2382.6,2926.8,2518.8,0.345854372631172,0,738684.496729808,1146,1,0
15793.4953712142,40,2376,2926.8,2527.6,0.345854372631172,0,738684.496730271,1146,1,0
15793.5353702806,40,2371.8,2932.6,2534,0.345854372631172,0,738684.496730734,1146,1,0
15793.575369347,40,2374,2930.4,2534.8,0.345854372631172,0,738684.496731197,1146,1,0
15793.6153684134,40,2365.6,2932,2543.2,0.333857759187155,0,738684.49673166,1146,1,0
15793.6553674798,40,2363.6,2932,2545.6,0.333857759187155,0,738684.496732123,1146,1,0
15793.6953665462,40,2347.8,2932.6,2557.8,0.320891404714916,0,738684.496732585,1146,1,0
15793.7353656126,40,2353.4,2934.4,2565.4,0.320891404714916,0,738684.496733048,1146,1,0
15793.775364679,40,2352.4,2934.2,2569.8,0.320891404714916,0,738684.496733511,1146,1,0
15793.8153637454,40,2347.6,2933,2576.4,0.30735679854272,0,738684.496733974,1146,1,0
15793.8553628118,40,2346.2,2934,2586,0.30735679854272,0,738684.496734437,1146,1,0
15793.8953618782,40,2342,2934,2582.6,0.30735679854272,0,738684.4967349,1146,1,0
15793.9353609446,40,2337.8,2929.8,2594,0.30735679854272,0,738684.496735363,1146,1,0
15793.975360011,40,2330.2,2927.6,2601.4,0.293663819679541,0,738684.496735826,1146,1,0
15794.0153590774,40,2329.8,2928,2604.2,0.293663819679541,0,738684.496736289,1146,1,0
15794.0553581438,40,2320.4,2925.6,2612.6,0.293663819679541,0,738684.496736752,1146,1,0
15794.0953572102,40,2316,2924,2620.6,0.280225485675689,0,738684.496737215,1146,1,0
15794.1353562766,40,2314.8,2924.4,2618.2,0.280225485675689,0,738684.496737678,1146,1,0
15794.175355343,40,2306.6,2916.2,2626.2,0.280225485675689,0,738684.496738141,1146,1,0
15794.2153544094,40,2308.4,2912.4,2635,0.280225485675689,0,738684.496738604,1146,1,0
15794.2553534758,40,2306.6,2911.8,2638.8,0.267454031666399,0,738684.496739067,1146,1,0
15794.2953525422,40,2301.2,2912.8,2650,0.267454031666399,0,738684.49673953,1146,1,0
15794.3353516086,40,2298.6,2908.2,2654.8,0.267454031666399,0,738684.496739993,1146,1,0
15794.375350675,40,2292,2904,2655.2,0.255756287945557,0,738684.496740456,1146,1,0
15794.4153497414,40,2292.4,2897.2,2666,0.255756287945557,0,738684.496740919,1146,1,0
15794.4553488078,40,2283,2897,2665.6,0.255756287945557,0,738684.496741382,1146,1,0
15794.4953478742,40,2283.2,2895.4,2676.8,0.245364309135595,0,738684.496741845,1146,1,0
15794.5353469406,40,2277.6,2890.8,2683,0.245364309135595,0,738684.496742308,1146,1,0
15794.575346007,40,2276,2889.2,2688.8,0.234983263052677,0,738684.49674277,1146,1,0
15794.6583440698,83,2268.4,2879.2,2703.8,0.234983263052677,0,738684.496743731,1146,1,0
15794.6983431362,40,2264.4,2878.8,2705.6,0.224441015262353,0,738684.496744194,1146,1,0
15794.7383422026,40,2260,2873.8,2715.4,0.224441015262353,0,738684.496744657,1146,1,0
15794.778341269,40,2257,2871.4,2720.6,0.224441015262353,0,738684.49674512,1146,1,0
15794.8183403354,40,2249.2,2867,2728.6,0.213978682965753,0,738684.496745583,1146,1,0
15794.8583394018,40,2249.2,2863.2,2735.2,0.213978682965753,0,738684.496746046,1146,1,0
15794.8983384682,40,2246.6,2860.2,2741,0.203833551304077,0,738684.496746509,1146,1,0
15794.9383375346,40,2241.8,2854.4,2749,0.203833551304077,0,738684.496746972,1146,1,0
15794.978336601,40,2241.2,2851,2753.2,0.203833551304077,0,738684.496747435,1146,1,0
15795.0183356674,40,2235.4,2842.8,2760.8,0.194236343756907,0,738684.496747898,1146,1,0
15795.0583347338,40,2234.8,2839,2768.2,0.194236343756907,0,738684.496748361,1146,1,0
15795.0983338002,40,2231.4,2833.8,2769.8,0.185406273233558,0,738684.496748824,1146,1,0
15795.1383328666,40,2226.2,2828,2777,0.185406273233558,0,738684.496749287,1146,1,0
15795.178331933,40,2225.2,2830.4,2781.8,0.185406273233558,0,738684.496749749,1146,1,0
15795.2183309994,40,2223,2819.4,2787.2,0.177541111596337,0,738684.496750212,1146,1,0
15795.2583300658,40,2218.4,2811.8,2793.2,0.177541111596337,0,738684.496750675,1146,1,0
15795.2983291322,40,2216,2811,2803.4,0.170795133136517,0,738684.496751138,1146,1,0
15795.3383281986,40,2212.4,2807,2801,0.170795133136517,0,738684.496751601,1146,1,0
15795.378327265,40,2209.6,2797.2,2812.2,0.165224977079992,0,738684.496752064,1146,1,0
15795.4183263314,40,2206.6,2796.8,2813,0.165224977079992,0,738684.496752527,1146,1,0
15795.4583253978,40,2208,2785.6,2820.4,0.165224977079992,0,738684.49675299,1146,1,0
15795.4983244642,40,2204,2779.6,2830,0.159951052274987,0,738684.496753453,1146,1,0
15795.5383235306,40,2202.4,2776.2,2832.2,0.159951052274987,0,738684.496753916,1146,1,0
15795.578322597,40,2195.6,2773.4,2837.6,0.153950978837115,0,738684.496754379,1146,1,0
15795.6183216634,40,2191.8,2764.4,2840.8,0.153950978837115,0,738684.496754842,1146,1,0
15795.6583207298,40,2195,2760,2846.4,0.147406507431546,0,738684.496755305,1146,1,0
15795.6983197962,40,2188,2753.6,2849.6,0.147406507431546,0,738684.496755768,1146,1,0
15795.7383188626,40,2186.8,2747.4,2855.2,0.147406507431546,0,738684.496756231,1146,1,0
15795.778317929,40,2182.2,2735.4,2846.8,0.140534678237315,0,738684.496756694,1146,1,0
15795.8183169954,40,2185.2,2730.6,2844,0.140534678237315,0,738684.496757157,1146,1,0
15795.8583160618,40,2184.8,2733.6,2845.8,0.140534678237315,0,738684.49675762,1146,1,0
15795.8983151282,40,2185.4,2730.6,2843.4,0.140534678237315,0,738684.496758083,1146,1,0
15795.9383141946,40,2183.8,2729.2,2845.6,0.133563885985904,0,738684.496758546,1146,1,0
15795.978313261,40,2187,2729.8,2845.2,0.140534678237315,0,738684.496759008,1146,1,0
15796.0183123274,40,2184.4,2728,2842.8,0.133563885985904,0,738684.496759471,1146,1,0
15796.0583113938,40,2187,2729.2,2844.8,0.140534678237315,0,738684.496759934,1146,1,0
15796.0983104602,40,2183.6,2729.2,2844.6,0.133563885985904,0,738684.496760397,1146,1,0
15796.1383095266,40,2185,2727.2,2844.4,0.133563885985904,0,738684.49676086,1146,1,0
15796.178308593,40,2185.2,2728.8,2841.2,0.133563885985904,0,738684.496761323,1146,1,0
15796.2183076594,40,2183,2727,2843.4,0.133563885985904,0,738684.496761786,1146,1,0
15796.2583067258,40,2185.6,2731.4,2844.4,0.140534678237315,0,738684.496762249,1146,1,0
15796.2983057922,40,2184.6,2730.8,2845.2,0.140534678237315,0,738684.496762712,1146,1,0
15796.3383048586,40,2185,2729.4,2840,0.140534678237315,0,738684.496763175,1146,1,0
15796.378303925,40,2182.4,2726.4,2844.2,0.133563885985904,0,738684.496763638,1146,1,0
15796.4183029914,40,2183.4,2727.8,2844,0.133563885985904,0,738684.496764101,1146,1,0
15796.4583020578,40,2183.6,2730.8,2839.8,0.140534678237315,0,738684.496764564,1146,1,0
15796.4983011242,40,2182.6,2728.4,2841.4,0.133563885985904,0,738684.496765027,1146,1,0
15796.5383001906,40,2186.8,2725.8,2842.8,0.133563885985904,0,738684.49676549,1146,1,0
15796.578299257,40,2185,2725.6,2841.6,0.133563885985904,0,738684.496765953,1146,1,0
15796.6182983234,40,2186,2725.8,2842.4,0.133563885985904,0,738684.496766416,1146,1,0
15796.6582973898,40,2185.8,2729.8,2847.2,0.140534678237315,0,738684.496766879,1146,1,0
15796.6982964562,40,2182.6,2724.8,2841,0.133563885985904,0,738684.496767342,1146,1,0
15796.7382955226,40,2182.4,2725.4,2844.4,0.133563885985904,0,738684.496767805,1146,1,0
15796.778294589,40,2183,2728,2844.8,0.133563885985904,0,738684.496768268,1146,1,0
15796.8182936554,40,2186.2,2726.4,2843.6,0.133563885985904,0,738684.49676873,1146,1,0
15796.8582927218,40,2183.8,2729.6,2843.6,0.140534678237315,0,738684.496769193,1146,1,0
15796.8982917882,40,2183.8,2726.4,2840.6,0.133563885985904,0,738684.496769656,1146,1,0
15796.9382908546,40,2184.8,2731,2844,0.140534678237315,0,738684.496770119,1146,1,0
15796.978289921,40,2184,2723.6,2844.6,0.133563885985904,0,738684.496770582,1146,1,0
15797.0182889874,40,2183,2726.4,2841.6,0.133563885985904,0,738684.496771045,1146,1,0
15797.0582880538,40,2181.6,2730.8,2844.6,0.140534678237315,0,738684.496771508,1146,1,0
15797.0982871202,40,2183.4,2725.6,2843.8,0.133563885985904,0,738684.496771971,1146,1,0
15797.1382861866,40,2181,2727.8,2841.6,0.133563885985904,0,738684.496772434,1146,1,0
15797.178285253,40,2179,2725,2844,0.133563885985904,0,738684.496772897,1146,1,0
15797.2182843194,40,2181.4,2728,2841.8,0.133563885985904,0,738684.49677336,1146,1,0
15797.2582833858,40,2183.4,2725,2841.4,0.133563885985904,0,738684.496773823,1146,1,0
15797.2982824522,40,2184,2728.6,2845.2,0.133563885985904,0,738684.496774286,1146,1,0
15797.3382815186,40,2181.2,2725.4,2839.8,0.133563885985904,0,738684.496774749,1146,1,0
15797.378280585,40,2180.2,2726.8,2843.8,0.133563885985904,0,738684.496775212,1146,1,0
15797.4182796514,40,2185.4,2728.2,2842.2,0.133563885985904,0,738684.496775675,1146,1,0
15797.4582787178,40,2184.6,2726.2,2842.8,0.133563885985904,0,738684.496776138,1146,1,0
15797.4982777842,40,2187.6,2729.4,2840.6,0.140534678237315,0,738684.496776601,1146,1,0
15797.5382768506,40,2188,2722.2,2843,0.133563885985904,0,738684.496777064,1146,1,0
15797.578275917,40,2184.6,2729.4,2845.2,0.133563885985904,0,738684.496777527,1146,1,0
15797.6182749834,40,2187.4,2723.6,2842.8,0.133563885985904,0,738684.49677799,1146,1,0
15797.6582740498,40,2182.8,2728.2,2844.4,0.133563885985904,0,738684.496778453,1146,1,0
15797.6982731162,40,2186.4,2726,2844,0.133563885985904,0,738684.496778915,1146,1,0
15797.7382721826,40,2182.4,2729.2,2846.6,0.133563885985904,0,738684.496779378,1146,1,0
15797.778271249,40,2184.8,2730.2,2840.6,0.140534678237315,0,738684.496779841,1146,1,0
15797.8182703154,40,2185.4,2730.8,2845.4,0.140534678237315,0,738684.496780304,1146,1,0
15797.8582693818,40,2185.6,2727.6,2842.8,0.133563885985904,0,738684.496780767,1146,1,0
15797.8982684482,40,2185,2729.4,2842.2,0.140534678237315,0,738684.49678123,1146,1,0
15797.9382675146,40,2182.8,2726.4,2843.6,0.133563885985904,0,738684.496781693,1146,1,0
15797.978266581,40,2181,2728.2,2842.4,0.133563885985904,0,738684.496782156,1146,1,0
15798.0182656474,40,2184.2,2729.8,2845.6,0.140534678237315,0,738684.496782619,1146,1,0
15798.0582647138,40,2181.2,2731,2844.8,0.140534678237315,0,738684.496783082,1146,1,0
15798.0982637802,40,2183.2,2728.6,2842,0.133563885985904,0,738684.496783545,1146,1,0
15798.1382628466,40,2183.4,2728.4,2845.4,0.133563885985904,0,738684.496784008,1146,1,0
15798.178261913,40,2186.8,2729,2843.8,0.140534678237315,0,738684.496784471,1146,1,0
15798.2182609794,40,2186.8,2730.4,2842.8,0.140534678237315,0,738684.496784934,1146,1,0
15798.2582600458,40,2186.4,2727.8,2844,0.133563885985904,0,738684.496785397,1146,1,0
15798.2982591122,40,2183.8,2726.8,2844.4,0.133563885985904,0,738684.49678586,1146,1,0
15798.3382581786,40,2182,2726.2,2842.6,0.133563885985904,0,738684.496786323,1146,1,0
15798.378257245,40,2183.4,2727.4,2841.2,0.133563885985904,0,738684.496786786,1146,1,0
15798.4182563114,40,2182.6,2726.6,2844.6,0.133563885985904,0,738684.496787249,1146,1,0
15798.4582553778,40,2186,2725.4,2840.8,0.133563885985904,0,738684.496787712,1146,1,0
15798.4982544442,40,2184.2,2728,2841.4,0.133563885985904,0,738684.496788174,1146,1,0
15798.5382535106,40,2181.4,2727.4,2843.6,0.133563885985904,0,738684.496788637,1146,1,0
15798.578252577,40,2182.2,2727,2844,0.133563885985904,0,738684.4967891,1146,1,0
15798.6182516434,40,2187,2725.8,2844,0.133563885985904,0,738684.496789563,1146,1,0
15798.6582507098,40,2183.4,2729.2,2842.6,0.133563885985904,0,738684.496790026,1146,1,0
15798.6982497762,40,2183,2727.4,2842,0.133563885985904,0,738684.496790489,1146,1,0
15798.7382488426,40,2182.6,2723.6,2841.4,0.133563885985904,0,738684.496790952,1146,1,0
15798.778247909,40,2189,2727.4,2844,0.133563885985904,0,738684.496791415,1146,1,0
15798.8182469754,40,2183,2725.6,2841.6,0.133563885985904,0,738684.496791878,1146,1,0
15798.8582460418,40,2183.4,2729,2843.6,0.133563885985904,0,738684.496792341,1146,1,0
15798.8982451082,40,2186.4,2726.2,2842,0.133563885985904,0,738684.496792804,1146,1,0
15798.9382441746,40,2183.8,2727.4,2840.4,0.133563885985904,0,738684.496793267,1146,1,0
15798.978243241,40,2186.6,2727.6,2842.8,0.133563885985904,0,738684.49679373,1146,1,0
15799.0182423074,40,2183.2,2721.4,2843.8,0.133563885985904,0,738684.496794193,1146,1,0
15799.0582413738,40,2184.2,2728.2,2841.2,0.133563885985904,0,738684.496794656,1146,1,0
15799.0982404402,40,2184,2730.2,2844.4,0.140534678237315,0,738684.496795119,1146,1,0
15799.1382395066,40,2185.2,2727,2839.6,0.133563885985904,0,738684.496795582,1146,1,0
15799.178238573,40,2181.8,2725.8,2842.6,0.133563885985904,0,738684.496796045,1146,1,0
15799.2182376394,40,2184.2,2725.4,2841.4,0.133563885985904,0,738684.496796508,1146,1,0
15799.2582367058,40,2181,2729.6,2843.6,0.133563885985904,0,738684.496796971,1146,1,0
15799.2982357722,40,2184.8,2726.2,2841.2,0.133563885985904,0,738684.496797434,1146,1,0
15799.3382348386,40,2183.4,2727.4,2838.8,0.133563885985904,0,738684.496797896,1146,1,0
15799.378233905,40,2184,2727.6,2840.8,0.133563885985904,0,738684.496798359,1146,1,0
15799.4182329714,40,2183.6,2726.2,2843.4,0.133563885985904,0,738684.496798822,1146,1,0
15799.4582320378,40,2183.4,2726.4,2839.4,0.133563885985904,0,738684.496799285,1146,1,0
15799.4982311042,40,2182.4,2722.4,2843,0.133563885985904,0,738684.496799748,1146,1,0
15799.5382301706,40,2182.6,2728.8,2843.2,0.133563885985904,0,738684.496800211,1146,1,0
15799.578229237,40,2185.4,2727,2845.4,0.133563885985904,0,738684.496800674,1146,1,0
15799.6182283034,40,2183.2,2725.2,2842.4,0.133563885985904,0,738684.496801137,1146,1,0
15799.6582273698,40,2182,2726,2843.4,0.133563885985904,0,738684.4968016,1146,1,0
15799.6982264362,40,2184.6,2731.6,2844.2,0.140534678237315,0,738684.496802063,1146,1,0
15799.7382255026,40,2183.8,2725.4,2844.6,0.133563885985904,0,738684.496802526,1146,1,0
15799.778224569,40,2181.8,2727.4,2840.2,0.133563885985904,0,738684.496802989,1146,1,0
15799.8182236354,40,2184.8,2726.2,2845.4,0.133563885985904,0,738684.496803452,1146,1,0
15799.8582227018,40,2186.2,2728.8,2842.6,0.133563885985904,0,738684.496803915,1146,1,0
15799.8982217682,40,2183.6,2729.6,2841.6,0.140534678237315,0,738684.496804378,1146,1,0
15799.9382208346,40,2185,2725.2,2842.6,0.133563885985904,0,738684.496804841,1146,1,0
15799.978219901,40,2182.4,2725.6,2841.8,0.133563885985904,0,738684.496805304,1146,1,0
15800.0182189674,40,2184.4,2729.2,2845,0.133563885985904,0,738684.496805767,1146,1,0
15800.0582180338,40,2183.6,2728.4,2838,0.133563885985904,0,738684.49680623,1146,1,0
15800.0982171002,40,2183.4,2729.6,2843.6,0.133563885985904,0,738684.496806693,1146,1,0
15800.1382161666,40,2181.4,2728.2,2845.4,0.133563885985904,0,738684.496807156,1146,1,0
15800.178215233,40,2186.6,2730.8,2839.2,0.140534678237315,0,738684.496807619,1146,1,0
15800.2182142994,40,2182.8,2726,2843,0.133563885985904,0,738684.496808081,1146,1,0
15800.2582133658,40,2182.2,2726.8,2839.8,0.133563885985904,0,738684.496808544,1146,1,0
15800.2982124322,40,2185.2,2727.4,2844.2,0.133563885985904,0,738684.496809007,1146,1,0
15800.3382114986,40,2184,2727.8,2844.2,0.133563885985904,0,738684.49680947,1146,1,0
15800.378210565,40,2183.6,2728.8,2839.4,0.133563885985904,0,738684.496809933,1146,1,0
15800.4182096314,40,2185.6,2727.2,2844.6,0.133563885985904,0,738684.496810396,1146,1,0
15800.4582086978,40,2186.2,2726.8,2840.8,0.133563885985904,0,738684.496810859,1146,1,0
15800.4982077642,40,2181.2,2728.8,2842.2,0.133563885985904,0,738684.496811322,1146,1,0
15800.5382068306,40,2184,2725.8,2841.2,0.133563885985904,0,738684.496811785,1146,1,0
15800.578205897,40,2183.4,2728.2,2840.6,0.133563885985904,0,738684.496812248,1146,1,0
15800.6182049634,40,2182.6,2727.6,2843.8,0.133563885985904,0,738684.496812711,1146,1,0
15800.6582040298,40,2187.8,2725.4,2840.8,0.133563885985904,0,738684.496813174,1146,1,0
15800.6982030962,40,2180.8,2729.4,2840.8,0.133563885985904,0,738684.496813637,1146,1,0
15800.7382021626,40,2186.4,2726.4,2841.8,0.133563885985904,0,738684.4968141,1146,1,0
15800.778201229,40,2185,2728,2841.8,0.133563885985904,0,738684.496814563,1146,1,0
15800.8182002954,40,2185,2728,2843,0.133563885985904,0,738684.496815026,1146,1,0
15800.8581993618,40,2181.4,2725.6,2841,0.133563885985904,0,738684.496815489,1146,1,0
15800.8981984282,40,2182.2,2728.8,2842.8,0.133563885985904,0,738684.496815952,1146,1,0
15800.9381974946,40,2184.8,2726.6,2841.2,0.133563885985904,0,738684.496816415,1146,1,0
15800.978196561,40,2183,2728.2,2843,0.133563885985904,0,738684.496816878,1146,1,0
15801.0181956274,40,2184.6,2727.2,2845.2,0.133563885985904,0,738684.49681734,1146,1,0
15801.0581946938,40,2185,2727.6,2840.4,0.133563885985904,0,738684.496817803,1146,1,0
15801.0981937602,40,2184,2723,2843.4,0.133563885985904,0,738684.496818266,1146,1,0
15801.1381928266,40,2183.2,2726.4,2844.8,0.133563885985904,0,738684.496818729,1146,1,0
15801.178191893,40,2186.8,2727,2840.4,0.133563885985904,0,738684.496819192,1146,1,0
15801.2181909594,40,2182.4,2726.4,2841,0.133563885985904,0,738684.496819655,1146,1,0
15801.2581900258,40,2179.8,2727.6,2841.2,0.133563885985904,0,738684.496820118,1146,1,0
15801.2981890922,40,2180.8,2726.2,2839.8,0.133563885985904,0,738684.496820581,1146,1,0
15801.3381881586,40,2183.4,2726.8,2842.6,0.133563885985904,0,738684.496821044,1146,1,0
15801.378187225,40,2180,2725.2,2844.4,0.133563885985904,0,738684.496821507,1146,1,0
15801.4181862914,40,2184.6,2731.2,2841.8,0.140534678237315,0,738684.49682197,1146,1,0
15801.4581853578,40,2184.4,2730,2845.8,0.140534678237315,0,738684.496822433,1146,1,0
15801.4981844242,40,2188.2,2731.8,2845.6,0.140534678237315,0,738684.496822896,1146,1,0
15801.5381834906,40,2180.6,2727.6,2843.4,0.133563885985904,0,738684.496823359,1146,1,0
15801.578182557,40,2183.4,2727.4,2846,0.133563885985904,0,738684.496823822,1146,1,0
15801.6181816234,40,2180.6,2728,2843.6,0.133563885985904,0,738684.496824285,1146,1,0
15801.6581806898,40,2186,2730.4,2843.4,0.140534678237315,0,738684.496824748,1146,1,0
15801.6981797562,40,2184.8,2726.6,2841.8,0.133563885985904,0,738684.496825211,1146,1,0
15801.7381788226,40,2184,2727.2,2844.2,0.133563885985904,0,738684.496825674,1146,1,0
15801.778177889,40,2182,2729.2,2845.8,0.133563885985904,0,738684.496826137,1146,1,0
15801.8181769554,40,2182.8,2727,2844,0.133563885985904,0,738684.496826599,1146,1,0
15801.8581760218,40,2184.4,2727,2843.8,0.133563885985904,0,738684.496827062,1146,1,0
15801.8981750882,40,2185,2727.6,2842.6,0.133563885985904,0,738684.496827525,1146,1,0
15801.9381741546,40,2183.2,2728.6,2843.8,0.133563885985904,0,738684.496827988,1146,1,0
15801.978173221,40,2185.2,2730.6,2844.6,0.140534678237315,0,738684.496828451,1146,1,0
15802.0181722874,40,2183.4,2727,2839,0.133563885985904,0,738684.496828914,1146,1,0
15802.0581713538,40,2182,2730.4,2842,0.140534678237315,0,738684.496829377,1146,1,0
15802.0981704202,40,2183.2,2730.8,2843.2,0.140534678237315,0,738684.49682984,1146,1,0
15802.1381694866,40,2181.2,2725.4,2843.6,0.133563885985904,0,738684.496830303,1146,1,0
15802.178168553,40,2185.8,2725.6,2840.4,0.133563885985904,0,738684.496830766,1146,1,0
15802.2181676194,40,2180.8,2728,2843,0.133563885985904,0,738684.496831229,1146,1,0
15802.2581666858,40,2182.8,2727.6,2843.4,0.133563885985904,0,738684.496831692,1146,1,0
15802.2981657522,40,2183.4,2724.4,2845,0.133563885985904,0,738684.496832155,1146,1,0
15802.3381648186,40,2186.8,2726.6,2838.8,0.133563885985904,0,738684.496832618,1146,1,0
15802.378163885,40,2186.4,2726,2841.4,0.133563885985904,0,738684.496833081,1146,1,0
15802.4181629514,40,2184.8,2727,2842,0.133563885985904,0,738684.496833544,1146,1,0
15802.4581620178,40,2185.8,2728,2844.6,0.133563885985904,0,738684.496834007,1146,1,0
15802.4981610842,40,2184.4,2730.4,2842,0.140534678237315,0,738684.49683447,1146,1,0
15802.5381601506,40,2188.2,2725.8,2843.2,0.133563885985904,0,738684.496834933,1146,1,0
15802.578159217,40,2183.6,2728.8,2843.8,0.133563885985904,0,738684.496835396,1146,1,0
15802.6181582834,40,2185.6,2728.6,2841.8,0.133563885985904,0,738684.496835859,1146,1,0
15802.6581573498,40,2185,2726.4,2840.6,0.133563885985904,0,738684.496836322,1146,1,0
15802.6981564162,40,2184.8,2728.4,2843.8,0.133563885985904,0,738684.496836784,1146,1,0
15802.7381554826,40,2183.2,2729.6,2844.8,0.133563885985904,0,738684.496837247,1146,1,0
15802.778154549,40,2183.2,2730.4,2846.4,0.140534678237315,0,738684.49683771,1146,1,0
15802.8181536154,40,2182,2728.2,2841.2,0.133563885985904,0,738684.496838173,1146,1,0
15802.8581526818,40,2184,2729,2840,0.133563885985904,0,738684.496838636,1146,1,0
15802.8981517482,40,2185,2727.6,2845.2,0.133563885985904,0,738684.496839099,1146,1,0
15802.9381508146,40,2184,2726.4,2841.2,0.133563885985904,0,738684.496839562,1146,1,0
15802.978149881,40,2184.4,2729.8,2843,0.140534678237315,0,738684.496840025,1146,1,0
15803.0181489474,40,2182.8,2730.6,2842.4,0.140534678237315,0,738684.496840488,1146,1,0
15803.0581480138,40,2183.4,2729,2843.6,0.133563885985904,0,738684.496840951,1146,1,0
15803.0981470802,40,2185,2729.8,2844.2,0.140534678237315,0,738684.496841414,1146,1,0
15803.1381461466,40,2182.8,2725.6,2841,0.133563885985904,0,738684.496841877,1146,1,0
15803.178145213,40,2184.8,2726.6,2843.4,0.133563885985904,0,738684.49684234,1146,1,0
15803.2181442794,40,2185,2725.8,2841.4,0.133563885985904,0,738684.496842803,1146,1,0
15803.2581433458,40,2184.6,2727.2,2841.8,0.133563885985904,0,738684.496843266,1146,1,0
15803.2981424122,40,2182.4,2729,2842.2,0.133563885985904,0,738684.496843729,1146,1,0
15803.3381414786,40,2181.8,2729.4,2840.8,0.133563885985904,0,738684.496844192,1146,1,0
15803.378140545,40,2183.4,2729.6,2840.8,0.140534678237315,0,738684.496844655,1146,1,0
15803.4181396114,40,2186.6,2724.8,2844.4,0.133563885985904,0,738684.496845118,1146,1,0
15803.4581386778,40,2186.2,2726.6,2846,0.133563885985904,0,738684.496845581,1146,1,0
15803.4981377442,40,2185.4,2728,2845.6,0.133563885985904,0,738684.496846044,1146,1,0
15803.5381368106,40,2181.2,2726.4,2844.6,0.133563885985904,0,738684.496846506,1146,1,0
15803.578135877,40,2183.8,2724.8,2841.6,0.133563885985904,0,738684.496846969,1146,1,0
15803.6181349434,40,2186.2,2725.4,2842.8,0.133563885985904,0,738684.496847432,1146,1,0
15803.6581340098,40,2183.6,2727.4,2843.4,0.133563885985904,0,738684.496847895,1146,1,0
15803.6981330762,40,2182,2728.8,2842.4,0.133563885985904,0,738684.496848358,1146,1,0
15803.7381321426,40,2180.8,2724,2841,0.133563885985904,0,738684.496848821,1146,1,0
15803.778131209,40,2183.4,2726.8,2837.6,0.133563885985904,0,738684.496849284,1146,1,0
15803.8181302754,40,2183,2729.4,2845.2,0.133563885985904,0,738684.496849747,1146,1,0
15803.8581293418,40,2182.8,2728.2,2843,0.133563885985904,0,738684.49685021,1146,1,0
15803.8981284082,40,2183.2,2726,2842.4,0.133563885985904,0,738684.496850673,1146,1,0
15803.9381274746,40,2183,2724.8,2844.4,0.133563885985904,0,738684.496851136,1146,1,0
15803.978126541,40,2180.6,2729.4,2845.2,0.133563885985904,0,738684.496851599,1146,1,0
15804.0181256074,40,2185,2728.4,2845.4,0.133563885985904,0,738684.496852062,1146,1,0
15804.0581246738,40,2181.6,2728.2,2841.4,0.133563885985904,0,738684.496852525,1146,1,0
15804.0981237402,40,2185.2,2727,2843,0.133563885985904,0,738684.496852988,1146,1,0
15804.1381228066,40,2181,2727.4,2843.6,0.133563885985904,0,738684.496853451,1146,1,0
15804.178121873,40,2183.8,2725.8,2842.8,0.133563885985904,0,738684.496853914,1146,1,0
15804.2181209394,40,2183.6,2725.6,2840.2,0.133563885985904,0,738684.496854377,1146,1,0
15804.2581200058,40,2185.8,2726.2,2841.4,0.133563885985904,0,738684.49685484,1146,1,0
15804.2981190722,40,2185.8,2727.2,2845.2,0.133563885985904,0,738684.496855303,1146,1,0
15804.3381181386,40,2184.6,2728,2843.8,0.133563885985904,0,738684.496855765,1146,1,0
15804.378117205,40,2185.2,2727.6,2840.6,0.133563885985904,0,738684.496856228,1146,1,0
15804.4181162714,40,2185,2727.4,2840.8,0.133563885985904,0,738684.496856691,1146,1,0
15804.4581153378,40,2186.2,2726.8,2843,0.133563885985904,0,738684.496857154,1146,1,0
15804.4981144042,40,2183.2,2729,2843.2,0.133563885985904,0,738684.496857617,1146,1,0
15804.5381134706,40,2183.6,2725.8,2844,0.133563885985904,0,738684.49685808,1146,1,0
15804.578112537,40,2183.8,2729,2841.8,0.133563885985904,0,738684.496858543,1146,1,0
15804.6181116034,40,2182.2,2728.4,2844.4,0.133563885985904,0,738684.496859006,1146,1,0
15804.6581106698,40,2183.4,2729.6,2843.6,0.133563885985904,0,738684.496859469,1146,1,0
15804.6981097362,40,2187,2727.8,2843.6,0.133563885985904,0,738684.496859932,1146,1,0
15804.7381088026,40,2182.2,2726.6,2844,0.133563885985904,0,738684.496860395,1146,1,0
15804.778107869,40,2185.6,2726.4,2842.8,0.133563885985904,0,738684.496860858,1146,1,0
15804.8181069354,40,2184.2,2728.4,2841.4,0.133563885985904,0,738684.496861321,1146,1,0
15804.8581060018,40,2185.8,2729.4,2844.2,0.140534678237315,0,738684.496861784,1146,1,0
15804.8981050682,40,2183.4,2728.6,2845.2,0.133563885985904,0,738684.496862247,1146,1,0
15804.9381041346,40,2181.6,2725.8,2840.8,0.133563885985904,0,738684.49686271,1146,1,0
15804.978103201,40,2180.6,2725.6,2841,0.133563885985904,0,738684.496863173,1146,1,0
15805.0181022674,40,2184.6,2727.6,2844,0.133563885985904,0,738684.496863636,1146,1,0
15805.0581013338,40,2185.2,2725.4,2844.6,0.133563885985904,0,738684.496864099,1146,1,0
15805.0981004002,40,2182.8,2728,2842.8,0.133563885985904,0,738684.496864562,1146,1,0
15805.1380994666,40,2184.2,2727,2839.8,0.133563885985904,0,738684.496865025,1146,1,0
15805.178098533,40,2181,2730.4,2844.8,0.133563885985904,0,738684.496865488,1146,1,0
15805.2180975994,40,2187.4,2725.8,2844.4,0.133563885985904,0,738684.49686595,1146,1,0
15805.2580966658,40,2181.2,2728,2843,0.133563885985904,0,738684.496866413,1146,1,0
15805.2980957322,40,2185.8,2730.8,2842.8,0.140534678237315,0,738684.496866876,1146,1,0
15805.3380947986,40,2184.4,2727.8,2841.6,0.133563885985904,0,738684.496867339,1146,1,0
15805.378093865,40,2183.8,2727,2843.6,0.133563885985904,0,738684.496867802,1146,1,0
15805.4180929314,40,2183.6,2725.6,2844.8,0.133563885985904,0,738684.496868265,1146,1,0
15805.4580919978,40,2181,2729.6,2845.4,0.133563885985904,0,738684.496868728,1146,1,0
15805.4980910642,40,2185.6,2727.4,2844,0.133563885985904,0,738684.496869191,1146,1,0
15805.5380901306,40,2179.4,2725.2,2839.8,0.133563885985904,0,738684.496869654,1146,1,0
15805.578089197,40,2183.4,2727,2844.2,0.133563885985904,0,738684.496870117,1146,1,0
15805.6180882634,40,2186,2726,2844.4,0.133563885985904,0,738684.49687058,1146,1,0
15805.6580873298,40,2183,2725.6,2840.8,0.133563885985904,0,738684.496871043,1146,1,0
15805.6980863962,40,2182.6,2723.8,2840.8,0.133563885985904,0,738684.496871506,1146,1,0
15805.7380854626,40,2182,2728.4,2838.2,0.133563885985904,0,738684.496871969,1146,1,0
15805.778084529,40,2186.8,2728,2843.6,0.133563885985904,0,738684.496872432,1146,1,0
15805.8180835954,40,2184.2,2727.6,2844.8,0.133563885985904,0,738684.496872895,1146,1,0
15805.8580826618,40,2182.2,2726.6,2843.2,0.133563885985904,0,738684.496873358,1146,1,0
15805.8980817282,40,2181.4,2728.2,2840.4,0.133563885985904,0,738684.496873821,1146,1,0
15805.9380807946,40,2183.6,2729.8,2842.4,0.140534678237315,0,738684.496874284,1146,1,0
15805.978079861,40,2184.2,2728.8,2843.8,0.133563885985904,0,738684.496874747,1146,1,0
15806.0180789274,40,2180.4,2727.4,2842.8,0.133563885985904,0,738684.49687521,1146,1,0
15806.0580779938,40,2183.4,2724.4,2845,0.133563885985904,0,738684.496875672,1146,1,0
15806.0980770602,40,2183.6,2730.6,2845,0.140534678237315,0,738684.496876135,1146,1,0
15806.1380761266,40,2186,2726.2,2845.2,0.133563885985904,0,738684.496876598,1146,1,0
15806.178075193,40,2182.6,2727.2,2843.6,0.133563885985904,0,738684.496877061,1146,1,0
15806.2180742594,40,2184.8,2725.8,2845.4,0.133563885985904,0,738684.496877524,1146,1,0
15806.2580733258,40,2186,2729.8,2842.6,0.140534678237315,0,738684.496877987,1146,1,0
15806.2980723922,40,2183.6,2725.6,2843.2,0.133563885985904,0,738684.49687845,1146,1,0
15806.3380714586,40,2183.8,2729.8,2843.6,0.140534678237315,0,738684.496878913,1146,1,0
15806.378070525,40,2186.4,2724,2840.4,0.133563885985904,0,738684.496879376,1146,1,0
15806.4180695914,40,2182.4,2727.2,2841,0.133563885985904,0,738684.496879839,1146,1,0
15806.4580686578,40,2187.2,2728.6,2844.2,0.133563885985904,0,738684.496880302,1146,1,0
15806.4980677242,40,2182.6,2727.6,2842.8,0.133563885985904,0,738684.496880765,1146,1,0
15806.5380667906,40,2189.4,2728.8,2841.4,0.140534678237315,0,738684.496881228,1146,1,0
15806.578065857,40,2183.2,2726.8,2843.8,0.133563885985904,0,738684.496881691,1146,1,0
15806.6180649234,40,2185.8,2728,2846.2,0.133563885985904,0,738684.496882154,1146,1,0
15806.6580639898,40,2182.2,2727.2,2844.4,0.133563885985904,0,738684.496882617,1146,1,0
15806.6980630562,40,2182.8,2724,2846.4,0.133563885985904,0,738684.49688308,1146,1,0
15806.7380621226,40,2186.2,2727.8,2842,0.133563885985904,0,738684.496883543,1146,1,0
15806.778061189,40,2184,2727,2844.6,0.133563885985904,0,738684.496884006,1146,1,0
15806.8180602554,40,2185.2,2725,2843.4,0.133563885985904,0,738684.496884469,1146,1,0
15806.8580593218,40,2184,2727.4,2845.8,0.133563885985904,0,738684.496884931,1146,1,0
15806.8980583882,40,2182.6,2727.4,2845.4,0.133563885985904,0,738684.496885394,1146,1,0
15806.9380574546,40,2185,2727,2842.8,0.133563885985904,0,738684.496885857,1146,1,0
15806.978056521,40,2183.4,2726.6,2842.2,0.133563885985904,0,738684.49688632,1146,1,0
15807.0180555874,40,2186.4,2728.8,2844.4,0.133563885985904,0,738684.496886783,1146,1,0
15807.0580546538,40,2184.2,2726.2,2842.2,0.133563885985904,0,738684.496887246,1146,1,0
15807.0980537202,40,2181,2725,2843.6,0.133563885985904,0,738684.496887709,1146,1,0
15807.1380527866,40,2186,2726.6,2841.6,0.133563885985904,0,738684.496888172,1146,1,0
15807.178051853,40,2186.6,2727.6,2846,0.133563885985904,0,738684.496888635,1146,1,0
15807.2180509194,40,2181,2730.2,2844.6,0.133563885985904,0,738684.496889098,1146,1,0
15807.2580499858,40,2183,2726.4,2840.6,0.133563885985904,0,738684.496889561,1146,1,0
15807.2980490522,40,2183,2727.4,2840.8,0.133563885985904,0,738684.496890024,1146,1,0
15807.3380481186,40,2186.2,2730.6,2842.2,0.140534678237315,0,738684.496890487,1146,1,0
15807.378047185,40,2184.8,2734.2,2840,0.140534678237315,0,738684.49689095,1146,1,0
15807.4180462514,40,2182.2,2727.4,2840.8,0.133563885985904,0,738684.496891413,1146,1,0
15807.4580453178,40,2185,2723.4,2841.2,0.133563885985904,0,738684.496891876,1146,1,0
15807.4980443842,40,2186.6,2727,2845.2,0.133563885985904,0,738684.496892339,1146,1,0
15807.5380434506,40,2182.2,2727.6,2841.4,0.133563885985904,0,738684.496892802,1146,1,0
15807.578042517,40,2181.4,2728.4,2845,0.133563885985904,0,738684.496893265,1146,1,0
15807.6180415834,40,2186.4,2728.8,2842.4,0.133563885985904,0,738684.496893728,1146,1,0
15807.6580406498,40,2183,2724.2,2840.6,0.133563885985904,0,738684.496894191,1146,1,0
15807.6980397162,40,2183.2,2727,2841.6,0.133563885985904,0,738684.496894654,1146,1,0
15807.7380387826,40,2185.2,2727,2844.4,0.133563885985904,0,738684.496895116,1146,1,0
15807.778037849,40,2184.2,2726.6,2840,0.133563885985904,0,738684.496895579,1146,1,0
15807.8180369154,40,2184,2726.4,2841.6,0.133563885985904,0,738684.496896042,1146,1,0
15807.8580359818,40,2180.2,2725.8,2840.2,0.133563885985904,0,738684.496896505,1146,1,0
15807.8980350482,40,2182.8,2728.2,2843,0.133563885985904,0,738684.496896968,1146,1,0
15807.9380341146,40,2185.4,2727.4,2842,0.133563885985904,0,738684.496897431,1146,1,0
15807.978033181,40,2184.6,2726.8,2842,0.133563885985904,0,738684.496897894,1146,1,0
15808.0180322474,40,2184.8,2728,2839.8,0.133563885985904,0,738684.496898357,1146,1,0
15808.0580313138,40,2184.4,2728.6,2841.4,0.133563885985904,0,738684.49689882,1146,1,0
15808.0980303802,40,2184.8,2726.2,2847.4,0.133563885985904,0,738684.496899283,1146,1,0
15808.1380294466,40,2184,2730.8,2844.8,0.140534678237315,0,738684.496899746,1146,1,0
15808.178028513,40,2186,2726.4,2843.6,0.133563885985904,0,738684.496900209,1146,1,0
15808.2180275794,40,2184.8,2725.2,2844.4,0.133563885985904,0,738684.496900672,1146,1,0
15808.2580266458,40,2182.2,2727,2842.2,0.133563885985904,0,738684.496901135,1146,1,0
15808.2980257122,40,2189.2,2727.8,2842.8,0.133563885985904,0,738684.496901598,1146,1,0
15808.3380247786,40,2183.4,2727.4,2844.4,0.133563885985904,0,738684.496902061,1146,1,0
15808.378023845,40,2183.2,2725.6,2840.6,0.133563885985904,0,738684.496902524,1146,1,0
15808.4180229114,40,2183.2,2728.2,2843.2,0.133563885985904,0,738684.496902987,1146,1,0
15808.4580219778,40,2182,2726.6,2842,0.133563885985904,0,738684.49690345,1146,1,0
15808.4980210442,40,2184.2,2723.8,2845.6,0.133563885985904,0,738684.496903913,1146,1,0
15808.5380201106,40,2183.2,2728.4,2841.6,0.133563885985904,0,738684.496904375,1146,1,0
15808.578019177,40,2183.6,2727,2844.6,0.133563885985904,0,738684.496904838,1146,1,0
15808.6180182434,40,2183.8,2714.2,2831,0.133563885985904,0,738684.496905301,1146,1,0
15808.6580173098,40,2178.4,2686.4,2805,0.120246770686557,0,738684.496905764,1146,1,0
15808.6980163762,40,2179,2683,2792.4,0.114342425051889,0,738684.496906227,1146,1,0
15808.7380154426,40,2188.6,2720.6,2800.4,0.133563885985904,0,738684.49690669,1146,1,0
15808.778014509,40,2214,2746.2,2728.8,0.177541111596337,0,738684.496907153,1146,1,0
15808.8180135754,40,2259,2783.2,2632.4,0.245364309135595,0,738684.496907616,1146,1,0
15808.8580126418,40,2334.2,2813,2506.4,0.333857759187155,0,738684.496908079,1146,1,0
15808.8980117082,40,2436.2,2770.2,2366.4,0.453583270865973,0,738684.496908542,1146,1,0
15808.9380107746,40,2533.6,2640.4,2251.8,0.56694533960948,0,738684.496909005,1146,1,0
15808.978009841,40,2583.2,2474,2170.2,0.703551912933977,0,738684.496909468,1146,1,0
15809.0180089074,40,2569.2,2344.4,2116,0.804740833678851,0,738684.496909931,1146,1,0
15809.0580079738,40,2502,2253.6,2083.2,0.874641614251024,0,738684.496910394,1146,1,0
15809.0980070402,40,2427,2193.2,2069.2,0.934145162156038,0,738684.496910857,1146,1,0
15809.1380061066,40,2364,2155.4,2055.4,0.975376895053477,0,738684.49691132,1146,1,0
15809.178005173,40,2325.8,2136.4,2046.4,1,0,738684.496911783,1146,1,0
15809.2180042394,40,2294.2,2125.8,2046.2,1,0,738684.496912246,1146,1,0
15809.2580033058,40,2296.4,2126.4,2046.6,1,0,738684.496912709,1146,1,0
15809.2980023722,40,2326,2141.6,2052.4,1,0,738684.496913172,1146,1,0
15809.3380014386,40,2374.4,2158.2,2056.8,0.969330739042227,0,738684.496913634,1146,1,0
15809.378000505,40,2433.8,2198.8,2067.2,0.928397096983629,0,738684.496914097,1146,1,0
15809.4179995714,40,2515.6,2266.2,2090.6,0.864724653185449,0,738684.49691456,1146,1,0
15809.4579986378,40,2577.2,2370.2,2127.2,0.786278650390616,0,738684.496915023,1146,1,0
15809.4979977042,40,2577.6,2517.6,2191.6,0.667972585956668,0,738684.496915486,1146,1,0
15809.5379967706,40,2507,2683,2284.8,0.532884543384682,0,738684.496915949,1146,1,0
15809.577995837,40,2403.6,2791.8,2407.8,0.402990075718856,0,738684.496916412,1146,1,0
15809.6179949034,40,2312.8,2811,2539.8,0.320891404714916,0,738684.496916875,1146,1,0
15809.6579939698,40,2265.4,2762.8,2602,0.267454031666399,0,738684.496917338,1146,1,0
15809.6979930362,40,2296.2,2798.2,2559.4,0.30735679854272,0,738684.496917801,1146,1,0
15809.7379921026,40,2363.6,2804.6,2459.4,0.36546342842044,0,738684.496918264,1146,1,0
15809.777991169,40,2460.6,2751.2,2338.2,0.473941473653243,0,738684.496918727,1146,1,0
15809.8179902354,40,2565.6,2589.4,2220,0.617041238659818,0,738684.49691919,1146,1,0
15809.8579893018,40,2578.8,2399.2,2138.6,0.76545499769829,0,738684.496919653,1146,1,0
15809.8979883682,40,2527,2276.6,2091.6,0.855154006574624,0,738684.496920116,1146,1,0
15809.9379874346,40,2432.8,2198.2,2066,0.928397096983629,0,738684.496920579,1146,1,0
15809.977986501,40,2352,2154.8,2052.2,0.981470191009929,0,738684.496921042,1146,1,0
15810.0179855674,40,2293,2125.2,2046.4,1,0,738684.496921505,1146,1,0
15810.0579846338,40,2270.6,2116.8,2046.4,1,0,738684.496921968,1146,1,0
15810.0979837002,40,2298,2124.6,2048.6,1,0,738684.496922431,1146,1,0
15810.1379827666,40,2342.2,2140.8,2052.6,0.993785067485734,0,738684.496922894,1146,1,0
15810.177981833,40,2397.4,2172.8,2060.6,0.957392764220256,0,738684.496923357,1146,1,0
15810.2179808994,40,2471.4,2227.4,2078.2,0.900451621459986,0,738684.496923819,1146,1,0
15810.2579799658,40,2544.8,2313.2,2113.2,0.828749855133686,0,738684.496924282,1146,1,0
15810.2979790322,40,2582.2,2455.8,2163.2,0.719586640122297,0,738684.496924745,1146,1,0
15810.3379780986,40,2537.2,2625.6,2243.8,0.576956288034028,0,738684.496925208,1146,1,0
15810.377977165,40,2446.8,2771,2363.2,0.458824823815669,0,738684.496925671,1146,1,0
15810.4179762314,40,2340.4,2825.2,2498,0.345854372631172,0,738684.496926134,1146,1,0
15810.4579752978,40,2289.8,2769.8,2541.8,0.30735679854272,0,738684.496926597,1146,1,0
15810.4979743642,40,2341,2799.8,2484.4,0.345854372631172,0,738684.49692706,1146,1,0
15810.5379734306,40,2432.6,2798.2,2386.8,0.432498570591717,0,738684.496927523,1146,1,0
15810.577972497,40,2537.6,2673.4,2261.4,0.550236263228431,0,738684.496927986,1146,1,0
15810.6179715634,40,2605.2,2473.6,2163.6,0.706760832147339,0,738684.496928449,1146,1,0
15810.6579706298,40,2566.6,2316.2,2106.8,0.820429400219418,0,738684.496928912,1146,1,0
15810.6979696962,40,2484.4,2223,2073.6,0.895128281408961,0,738684.496929375,1146,1,0
15810.7379687626,40,2391.6,2165.4,2055,0.963334962218702,0,738684.496929838,1146,1,0
15810.777967829,40,2326.2,2134.8,2048.8,1,0,738684.496930301,1146,1,0
15810.8179668954,40,2277.8,2122,2043.2,1,0,738684.496930764,1146,1,0
15810.8579659618,40,2280,2120.6,2043.8,1,0,738684.496931227,1146,1,0
15810.8979650282,40,2310.2,2131.2,2048.4,1,0,738684.49693169,1146,1,0
15810.9379640946,40,2356.8,2154.4,2055.2,0.981470191009929,0,738684.496932153,1146,1,0
15810.977963161,40,2423.8,2197.6,2068.4,0.934145162156038,0,738684.496932616,1146,1,0
15811.0179622274,40,2502.6,2265.4,2088.2,0.869646511663396,0,738684.496933079,1146,1,0
15811.0579612938,40,2566.2,2376.2,2131.8,0.782692588654786,0,738684.496933541,1146,1,0
15811.0979603602,40,2567.2,2533.4,2199.8,0.654780064308406,0,738684.496934004,1146,1,0
15811.1379594266,40,2494.6,2697.6,2294.8,0.517222600490522,0,738684.496934467,1146,1,0
15811.177958493,40,2394.4,2800.4,2418.8,0.396076922961512,0,738684.49693493,1146,1,0
15811.2179575594,40,2319,2777.8,2498,0.333857759187155,0,738684.496935393,1146,1,0
15811.2579566258,40,2342.6,2780.2,2468.2,0.356497976346759,0,738684.496935856,1146,1,0
15811.2979556922,40,2424.2,2781,2383.4,0.432498570591717,0,738684.496936319,1146,1,0
15811.3379547586,40,2518.8,2676,2269,0.544405753883346,0,738684.496936782,1146,1,0
15811.377953825,40,2594,2507.8,2178,0.680981033552426,0,738684.496937245,1146,1,0
15811.4179528914,40,2575,2339.8,2113.2,0.804740833678851,0,738684.496937708,1146,1,0
15811.4579519578,40,2486,2236.4,2078.6,0.889926901112563,0,738684.496938171,1146,1,0
15811.4979510242,40,2402.6,2177.4,2059.4,0.951507301379275,0,738684.496938634,1146,1,0
15811.5379500906,40,2326.8,2145.2,2050,1,0,738684.496939097,1146,1,0
15811.577949157,40,2294.4,2126.4,2046.4,1,0,738684.49693956,1146,1,0
15811.6179482234,40,2297.4,2126.6,2048,1,0,738684.496940023,1146,1,0
15811.6579472898,40,2314,2139.2,2050.6,1,0,738684.496940486,1146,1,0
15811.6979463562,40,2353.2,2162.4,2056.8,0.981470191009929,0,738684.496940949,1146,1,0
15811.7379454226,40,2434.2,2206.2,2073.4,0.928397096983629,0,738684.496941412,1146,1,0
15811.777944489,40,2523.6,2286.8,2095.6,0.850530689995972,0,738684.496941875,1146,1,0
15811.8179435554,40,2587.4,2414.6,2142,0.752016725630693,0,738684.496942338,1146,1,0
15811.8579426218,40,2564,2576.2,2214.4,0.624241290397594,0,738684.4969428,1146,1,0
15811.8979416882,40,2482,2734.6,2321,0.491613825047665,0,738684.496943263,1146,1,0
15811.9379407546,40,2370.6,2790.6,2442.8,0.38135234540336,0,738684.496943726,1146,1,0
15811.977939821,40,2304.2,2770.4,2520.6,0.320891404714916,0,738684.496944189,1146,1,0
15812.0179388874,40,2332.2,2792.6,2491,0.345854372631172,0,738684.496944652,1146,1,0
15812.0579379538,40,2392.2,2770,2407,0.402990075718856,0,738684.496945115,1146,1,0
15812.0979370202,40,2476.4,2686.4,2300.4,0.512624500175845,0,738684.496945578,1146,1,0
15812.1379360866,40,2560.6,2544.2,2199.8,0.648129975506603,0,738684.496946041,1146,1,0
15812.177935153,40,2581.8,2390.4,2130.6,0.768841674721193,0,738684.496946504,1146,1,0
15812.2179342194,40,2522.8,2275.2,2094,0.859889483197649,0,738684.496946967,1146,1,0
15812.2579332858,40,2437.6,2194.4,2066.6,0.928397096983629,0,738684.49694743,1146,1,0
15812.2979323522,40,2363.4,2154,2049.8,0.981470191009929,0,738684.496947893,1146,1,0
15812.3379314186,40,2307.6,2134.2,2049.8,1,0,738684.496948356,1146,1,0
15812.377930485,40,2294.8,2128.6,2048.2,1,0,738684.496948819,1146,1,0
15812.4179295514,40,2320.8,2139,2048,1,0,738684.496949282,1146,1,0
15812.4579286178,40,2378.8,2164.8,2057,0.969330739042227,0,738684.496949745,1146,1,0
15812.4979276842,40,2449.8,2210.4,2071.6,0.917013117136947,0,738684.496950208,1146,1,0
15812.5379267506,40,2524.8,2295.4,2102.4,0.846031337148546,0,738684.496950671,1146,1,0
15812.577925817,40,2566.6,2419.4,2151,0.752016725630693,0,738684.496951134,1146,1,0
15812.6179248834,40,2544.8,2581.6,2221,0.61334157805252,0,738684.496951597,1146,1,0
15812.6579239498,40,2466.2,2740.2,2331.4,0.483127937558863,0,738684.49695206,1146,1,0
15812.6979230162,40,2365.6,2811.6,2463.2,0.36546342842044,0,738684.496952523,1146,1,0
15812.7379220826,40,2286.8,2781.6,2563.2,0.293663819679541,0,738684.496952985,1146,1,0
15812.777921149,40,2286.8,2763.8,2535.8,0.30735679854272,0,738684.496953448,1146,1,0
15812.8179202154,40,2361.6,2826.2,2469.2,0.36546342842044,0,738684.496953911,1146,1,0
15812.8579192818,40,2454,2770.2,2351,0.463991214758112,0,738684.496954374,1146,1,0
15812.8979183482,40,2553.6,2614.4,2230.8,0.591669078597459,0,738684.496954837,1146,1,0
15812.9379174146,40,2596,2429.6,2146.8,0.738923200384679,0,738684.4969553,1146,1,0
15812.977916481,40,2531.8,2291.8,2099,0.846031337148546,0,738684.496955763,1146,1,0
15813.0179155474,40,2438.6,2209,2071.8,0.922681122048444,0,738684.496956226,1146,1,0
15813.0579146138,40,2361.4,2163.6,2062.6,0.975376895053477,0,738684.496956689,1146,1,0
15813.0979136802,40,2315,2135.4,2051.4,1,0,738684.496957152,1146,1,0
15813.1379127466,40,2289.8,2125.6,2046,1,0,738684.496957615,1146,1,0
15813.177911813,40,2308.4,2136.6,2048,1,0,738684.496958078,1146,1,0
15813.2179108794,40,2349.4,2156.8,2056.2,0.981470191009929,0,738684.496958541,1146,1,0
15813.2579099458,40,2421.4,2193.2,2068.4,0.934145162156038,0,738684.496959004,1146,1,0
15813.2979090122,40,2502.6,2265.4,2089.4,0.869646511663396,0,738684.496959467,1146,1,0
15813.3379080786,40,2576,2381.8,2132,0.775667113969294,0,738684.49695993,1146,1,0
15813.377907145,40,2567.4,2537.6,2199.6,0.654780064308406,0,738684.496960393,1146,1,0
15813.4179062114,40,2489.8,2693.2,2297.2,0.517222600490522,0,738684.496960856,1146,1,0
15813.4579052778,40,2386.4,2791.6,2425.8,0.38886050242203,0,738684.496961319,1146,1,0
15813.4979043442,40,2297.4,2786.6,2544.2,0.30735679854272,0,738684.496961782,1146,1,0
15813.5379034106,40,2284.4,2757.6,2551,0.293663819679541,0,738684.496962245,1146,1,0
15813.577902477,40,2343.4,2803.4,2482.4,0.356497976346759,0,738684.496962707,1146,1,0
15813.6179015434,40,2424,2756.2,2372.2,0.453583270865973,0,738684.49696317,1146,1,0
15813.6579006098,40,2528.2,2643.6,2255.6,0.561591735227539,0,738684.496963633,1146,1,0
15813.6978996762,40,2582.6,2470,2164.2,0.709966050179064,0,738684.496964096,1146,1,0
15813.7378987426,40,2561.8,2325.6,2111.6,0.816378308563394,0,738684.496964559,1146,1,0
15813.777897809,40,2482.8,2240,2077.6,0.889926901112563,0,738684.496965022,1146,1,0
15813.8178968754,40,2396.2,2179.8,2059.4,0.951507301379275,0,738684.496965485,1146,1,0
15813.8578959418,40,2330.6,2147.8,2056.6,0.993785067485734,0,738684.496965948,1146,1,0
15813.8978950082,40,2302.4,2132,2050.4,1,0,738684.496966411,1146,1,0
15813.9378940746,40,2300,2126.8,2048.8,1,0,738684.496966874,1146,1,0
15813.977893141,40,2328.6,2143.8,2052.2,1,0,738684.496967337,1146,1,0
15814.0178922074,40,2393,2178.2,2061.4,0.957392764220256,0,738684.4969678,1146,1,0
15814.0578912738,40,2478.2,2235,2080.2,0.895128281408961,0,738684.496968263,1146,1,0
15814.0978903402,40,2565.4,2342,2119,0.804740833678851,0,738684.496968726,1146,1,0
15814.1378894066,40,2584.2,2491.6,2178,0.69067652983471,0,738684.496969189,1146,1,0
15814.177888473,40,2519.8,2652.4,2267,0.550236263228431,0,738684.496969652,1146,1,0
15814.2178875394,40,2408.8,2780.8,2391.4,0.415835616278058,0,738684.496970115,1146,1,0
15814.2578866058,40,2314.2,2794.2,2527.2,0.320891404714916,0,738684.496970578,1146,1,0
15814.2978856722,40,2278.8,2753.6,2558,0.293663819679541,0,738684.496971041,1146,1,0
15814.3378847386,40,2332.8,2798.2,2499.4,0.345854372631172,0,738684.496971504,1146,1,0
15814.377883805,40,2423.8,2793,2390.2,0.427256089976996,0,738684.496971966,1146,1,0
15814.4178828714,40,2528.6,2678.2,2270.6,0.544405753883346,0,738684.496972429,1146,1,0
15814.4578819378,40,2598.4,2495.6,2175.2,0.69067652983471,0,738684.496972892,1146,1,0
15814.4978810042,40,2576.8,2332,2110.8,0.808529044605241,0,738684.496973355,1146,1,0
15814.5378800706,40,2488.2,2234.6,2081.2,0.889926901112563,0,738684.496973818,1146,1,0
15814.577879137,40,2408.2,2181.6,2061.8,0.945681682617138,0,738684.496974281,1146,1,0
15814.6178782034,40,2331.4,2143,2054,1,0,738684.496974744,1146,1,0
15814.6578772698,40,2293.8,2126.8,2051.4,1,0,738684.496975207,1146,1,0
15814.6978763362,40,2286.4,2126.2,2047.8,1,0,738684.49697567,1146,1,0
15814.7378754026,40,2313.6,2136.4,2050.2,1,0,738684.496976133,1146,1,0
15814.777874469,40,2372.8,2160.6,2058,0.969330739042227,0,738684.496976596,1146,1,0
15814.8178735354,40,2451,2212,2074.8,0.917013117136947,0,738684.496977059,1146,1,0
15814.8578726018,40,2538.2,2299.2,2100.2,0.841648031306038,0,738684.496977522,1146,1,0
15814.8978716682,40,2576.2,2426,2149.4,0.742159015519958,0,738684.496977985,1146,1,0
15814.9378707346,40,2547,2590,2226,0.605299016202904,0,738684.496978448,1146,1,0
15814.977869801,40,2459.4,2738.4,2335,0.478648808335904,0,738684.496978911,1146,1,0
15815.0178688674,40,2355.4,2817.6,2475.8,0.356497976346759,0,738684.496979374,1146,1,0
15815.0578679338,40,2289.8,2768.2,2552.2,0.30735679854272,0,738684.496979837,1146,1,0
15815.0978670002,40,2306.4,2774.2,2523,0.320891404714916,0,738684.4969803,1146,1,0
15815.1378660666,40,2386.6,2811,2433,0.38886050242203,0,738684.496980763,1146,1,0
15815.177865133,40,2490.8,2736.8,2316.8,0.491613825047665,0,738684.496981226,1146,1,0
15815.2178641994,40,2583.4,2575.4,2206.2,0.631236010455004,0,738684.496981689,1146,1,0
15815.2578632658,40,2597.4,2393.6,2132,0.76545499769829,0,738684.496982151,1146,1,0
15815.2978623322,40,2527.2,2269.4,2089.8,0.859889483197649,0,738684.496982614,1146,1,0
15815.3378613986,40,2438.4,2194.4,2067.8,0.928397096983629,0,738684.496983077,1146,1,0
15815.377860465,40,2360.6,2155.4,2052.8,0.981470191009929,0,738684.49698354,1146,1,0
15815.4178595314,40,2302.6,2132.6,2051,1,0,738684.496984003,1146,1,0
15815.4578585978,40,2291,2126.4,2049.4,1,0,738684.496984466,1146,1,0
15815.4978576642,40,2301,2130.6,2050.4,1,0,738684.496984929,1146,1,0
15815.5378567306,40,2349.4,2152,2053.2,0.98760735140419,0,738684.496985392,1146,1,0
15815.577855797,40,2418.4,2190.8,2065,0.939909252434471,0,738684.496985855,1146,1,0
15815.6178548634,40,2511.8,2266.2,2090,0.864724653185449,0,738684.496986318,1146,1,0
15815.6578539298,40,2577.8,2386.8,2133.2,0.772233014043569,0,738684.496986781,1146,1,0
15815.6978529962,40,2565.4,2538.4,2200.4,0.65145812481641,0,738684.496987244,1146,1,0
15815.7378520626,40,2482.4,2690,2301,0.512624500175845,0,738684.496987707,1146,1,0
15815.777851129,40,2384,2778.4,2424.4,0.38886050242203,0,738684.49698817,1146,1,0
15815.8178501954,40,2309.2,2770.6,2520.4,0.320891404714916,0,738684.496988633,1146,1,0
15815.8578492618,40,2315.2,2781.2,2511,0.333857759187155,0,738684.496989096,1146,1,0
15815.8978483282,40,2371.8,2772.4,2428.8,0.38135234540336,0,738684.496989559,1146,1,0
15815.9378473946,40,2453.6,2692.2,2316.2,0.499855013752571,0,738684.496990022,1146,1,0
15815.977846461,40,2556.6,2570.2,2215.6,0.624241290397594,0,738684.496990485,1146,1,0
15816.0178455274,40,2591.8,2400.8,2131.6,0.762074286926242,0,738684.496990948,1146,1,0
15816.0578445938,40,2517.4,2275.4,2088.4,0.859889483197649,0,738684.496991411,1146,1,0
15816.0978436602,40,2439.2,2200,2066.8,0.928397096983629,0,738684.496991873,1146,1,0
15816.1378427266,40,2371.4,2159,2054.2,0.975376895053477,0,738684.496992336,1146,1,0
15816.177841793,40,2313.4,2135.2,2050.8,1,0,738684.496992799,1146,1,0
15816.2178408594,40,2290.2,2129.8,2049,1,0,738684.496993262,1146,1,0
15816.2578399258,40,2299.2,2134.2,2049.4,1,0,738684.496993725,1146,1,0
15816.2978389922,40,2353.4,2150,2053.4,0.981470191009929,0,738684.496994188,1146,1,0
15816.3378380586,40,2423,2191,2060.4,0.939909252434471,0,738684.496994651,1146,1,0
15816.377837125,40,2507.4,2260.6,2086.4,0.869646511663396,0,738684.496995114,1146,1,0
15816.4178361914,40,2576.4,2376.2,2128.2,0.782692588654786,0,738684.496995577,1146,1,0
15816.4578352578,40,2567.4,2533.4,2195.2,0.658093992718842,0,738684.49699604,1146,1,0
15816.4978343242,40,2487.4,2685.4,2291.8,0.522126052443221,0,738684.496996503,1146,1,0
15816.5378333906,40,2383.8,2780.4,2417,0.396076922961512,0,738684.496996966,1146,1,0
15816.577832457,40,2305,2771.8,2524,0.320891404714916,0,738684.496997429,1146,1,0
15816.6178315234,40,2303,2772.6,2531,0.320891404714916,0,738684.496997892,1146,1,0
15816.6578305898,40,2360.4,2779.8,2454,0.36546342842044,0,738684.496998355,1146,1,0
15816.6978296562,40,2433.8,2718.2,2343,0.478648808335904,0,738684.496998818,1146,1,0
15816.7378287226,40,2529.4,2595.4,2234.2,0.591669078597459,0,738684.496999281,1146,1,0
15816.777827789,40,2567.6,2423.6,2150.2,0.748705579178257,0,738684.496999744,1146,1,0
15816.8178268554,40,2527.2,2292.4,2097.4,0.850530689995972,0,738684.497000207,1146,1,0
15816.8578259218,40,2448.4,2215.8,2073.8,0.917013117136947,0,738684.497000669,1146,1,0
15816.8978249882,40,2371.8,2162.2,2059,0.969330739042227,0,738684.497001132,1146,1,0
15816.980823051,83,2293.6,2129,2049.6,1,0,738684.497002093,1146,1,0
15817.0208221174,40,2308.2,2133.8,2050.4,1,0,738684.497002556,1146,1,0
15817.0608211838,40,2355.6,2157.2,2055.8,0.981470191009929,0,738684.497003019,1146,1,0
15817.1008202502,40,2430.8,2201.6,2070.8,0.928397096983629,0,738684.497003482,1146,1,0
15817.1408193166,40,2517,2278.4,2095.4,0.859889483197649,0,738684.497003945,1146,1,0
15817.180818383,40,2578.4,2405.4,2144,0.758704666363614,0,738684.497004408,1146,1,0
15817.2208174494,40,2550,2568.4,2214,0.624241290397594,0,738684.497004871,1146,1,0
15817.2608165158,40,2466.2,2713.8,2322,0.495740077303994,0,738684.497005334,1146,1,0
15817.3008155822,40,2364,2785.4,2443.8,0.373555726838669,0,738684.497005797,1146,1,0
15817.3408146486,40,2293.8,2753.4,2533.6,0.30735679854272,0,738684.49700626,1146,1,0
15817.380813715,40,2307.8,2772.2,2521.8,0.320891404714916,0,738684.497006723,1146,1,0
15817.4208127814,40,2369.4,2784.6,2438.8,0.38135234540336,0,738684.497007186,1146,1,0
15817.4608118478,40,2453.8,2707,2320.4,0.491613825047665,0,738684.497007649,1146,1,0
15817.5008109142,40,2541.4,2561.8,2217.8,0.627761211066945,0,738684.497008111,1146,1,0
15817.5408099806,40,2565.6,2399.2,2138.2,0.76545499769829,0,738684.497008574,1146,1,0
15817.580809047,40,2511.6,2282.4,2094,0.859889483197649,0,738684.497009037,1146,1,0
15817.6208081134,40,2441,2207.6,2072.4,0.922681122048444,0,738684.4970095,1146,1,0
15817.6608071798,40,2364.2,2164.4,2053.6,0.975376895053477,0,738684.497009963,1146,1,0
15817.7008062462,40,2312.4,2137.4,2050.8,1,0,738684.497010426,1146,1,0
15817.7408053126,40,2294.2,2129.2,2047,1,0,738684.497010889,1146,1,0
15817.780804379,40,2301.6,2130.6,2050.2,1,0,738684.497011352,1146,1,0
15817.8208034454,40,2344.2,2151.2,2053,0.98760735140419,0,738684.497011815,1146,1,0
15817.8608025118,40,2419.8,2189,2066.4,0.939909252434471,0,738684.497012278,1146,1,0
15817.9008015782,40,2507,2266,2089.6,0.869646511663396,0,738684.497012741,1146,1,0
15817.9408006446,40,2572.2,2385.6,2131.2,0.775667113969294,0,738684.497013204,1146,1,0
15817.980799711,40,2560,2538.4,2202.4,0.65145812481641,0,738684.497013667,1146,1,0
15818.0207987774,40,2479.6,2693,2303.4,0.512624500175845,0,738684.49701413,1146,1,0
15818.0607978438,40,2376.6,2780.2,2429.2,0.38886050242203,0,738684.497014593,1146,1,0
15818.1007969102,40,2304.8,2763.4,2519,0.320891404714916,0,738684.497015056,1146,1,0
15818.1407959766,40,2317.6,2780,2509,0.333857759187155,0,738684.497015519,1146,1,0
15818.180795043,40,2379.8,2783.6,2428,0.38886050242203,0,738684.497015982,1146,1,0
15818.2207941094,40,2456.2,2709.4,2321.6,0.491613825047665,0,738684.497016445,1146,1,0
15818.2607931758,40,2530.8,2556.6,2214.6,0.627761211066945,0,738684.497016908,1146,1,0
15818.3007922422,40,2556.4,2395.4,2141,0.768841674721193,0,738684.497017371,1146,1,0
15818.3407913086,40,2510.6,2280.2,2097.8,0.859889483197649,0,738684.497017834,1146,1,0
15818.380790375,40,2434.2,2209.8,2071.2,0.922681122048444,0,738684.497018296,1146,1,0
15818.4207894414,40,2365.4,2163,2059.8,0.975376895053477,0,738684.497018759,1146,1,0
15818.4607885078,40,2311.2,2134.8,2050.4,1,0,738684.497019222,1146,1,0
15818.5007875742,40,2287.8,2126.8,2050,1,0,738684.497019685,1146,1,0
15818.5407866406,40,2289.2,2129.8,2047,1,0,738684.497020148,1146,1,0
15818.580785707,40,2332.2,2145.2,2051.8,0.993785067485734,0,738684.497020611,1146,1,0
15818.6207847734,40,2391.2,2177,2064.8,0.957392764220256,0,738684.497021074,1146,1,0
15818.6607838398,40,2468.6,2234,2077,0.900451621459986,0,738684.497021537,1146,1,0
15818.7007829062,40,2549.4,2321.8,2113,0.824555873811782,0,738684.497022,1146,1,0
15818.7407819726,40,2576.2,2458,2164.6,0.719586640122297,0,738684.497022463,1146,1,0
15818.780781039,40,2533.8,2613.2,2241.6,0.581917536525862,0,738684.497022926,1146,1,0
15818.8207801054,40,2442.2,2743.2,2349.2,0.469043195516147,0,738684.497023389,1146,1,0
15818.8607791718,40,2355.8,2767.2,2456,0.36546342842044,0,738684.497023852,1146,1,0
15818.9007782382,40,2339.6,2765.4,2469.4,0.356497976346759,0,738684.497024315,1146,1,0
15818.9407773046,40,2395,2773.2,2405,0.402990075718856,0,738684.497024778,1146,1,0
15818.980776371,40,2461.8,2681.8,2307.6,0.508242322241532,0,738684.497025241,1146,1,0
15819.0207754374,40,2537,2556,2215.2,0.631236010455004,0,738684.497025704,1146,1,0
15819.0607745038,40,2567,2404.8,2141.2,0.762074286926242,0,738684.497026167,1146,1,0
15819.1007735702,40,2527.4,2283.4,2096,0.850530689995972,0,738684.49702663,1146,1,0
15819.1407726366,40,2452.2,2211.8,2072.4,0.917013117136947,0,738684.497027092,1146,1,0
15819.180771703,40,2373.8,2163.4,2059.8,0.969330739042227,0,738684.497027555,1146,1,0
15819.2207707694,40,2318.2,2140.8,2050.8,1,0,738684.497028018,1146,1,0
15819.2607698358,40,2295.4,2129.4,2049.8,1,0,738684.497028481,1146,1,0
15819.3007689022,40,2293.4,2128.6,2047.8,1,0,738684.497028944,1146,1,0
15819.3407679686,40,2323.6,2138.8,2052.2,1,0,738684.497029407,1146,1,0
15819.380767035,40,2375.4,2165.4,2058.6,0.969330739042227,0,738684.49702987,1146,1,0
15819.4207661014,40,2444.2,2211,2072.2,0.922681122048444,0,738684.497030333,1146,1,0
15819.4607651678,40,2524.8,2288.2,2097.8,0.850530689995972,0,738684.497030796,1146,1,0
15819.5007642342,40,2573.8,2404,2139,0.762074286926242,0,738684.497031259,1146,1,0
15819.5407633006,40,2557.2,2549,2210,0.641445129325003,0,738684.497031722,1146,1,0
15819.580762367,40,2485.2,2696.6,2300,0.512624500175845,0,738684.497032185,1146,1,0
15819.6207614334,40,2395,2783.8,2413.8,0.402990075718856,0,738684.497032648,1146,1,0
15819.6607604998,40,2316,2764,2501.2,0.333857759187155,0,738684.497033111,1146,1,0
15819.7007595662,40,2326.6,2765,2490,0.345854372631172,0,738684.497033574,1146,1,0
15819.7407586326,40,2396,2804.6,2419.2,0.396076922961512,0,738684.497034037,1146,1,0
15819.780757699,40,2476.8,2722.2,2314.6,0.495740077303994,0,738684.4970345,1146,1,0
15819.8207567654,40,2547,2578.4,2217.8,0.617041238659818,0,738684.497034963,1146,1,0
15819.8607558318,40,2574.4,2430.2,2153.4,0.738923200384679,0,738684.497035426,1146,1,0
15819.9007548982,40,2542.2,2315.2,2107.8,0.828749855133686,0,738684.497035889,1146,1,0
15819.9407539646,40,2477,2231.4,2076.8,0.895128281408961,0,738684.497036352,1146,1,0
15819.980753031,40,2407,2177.4,2061.6,0.951507301379275,0,738684.497036815,1146,1,0
15820.0207520974,40,2347.2,2143.6,2052.8,0.98760735140419,0,738684.497037277,1146,1,0
15820.0607511638,40,2304,2129.2,2047.6,1,0,738684.49703774,1146,1,0
15820.1007502302,40,2295.8,2130.6,2048.8,1,0,738684.497038203,1146,1,0
15820.1407492966,40,2323.6,2140.8,2054,1,0,738684.497038666,1146,1,0
15820.180748363,40,2365.2,2159.2,2059.2,0.975376895053477,0,738684.497039129,1146,1,0
15820.2207474294,40,2428.6,2199.8,2067.6,0.934145162156038,0,738684.497039592,1146,1,0
15820.2607464958,40,2508.6,2270.8,2093.4,0.864724653185449,0,738684.497040055,1146,1,0
15820.3007455622,40,2559.6,2379.6,2132.8,0.782692588654786,0,738684.497040518,1146,1,0
15820.3407446286,40,2566.4,2526.2,2194.4,0.661398248029182,0,738684.497040981,1146,1,0
15820.380743695,40,2505.4,2683.6,2284.8,0.527369038802404,0,738684.497041444,1146,1,0
15820.4207427614,40,2416,2787.2,2396.8,0.415835616278058,0,738684.497041907,1146,1,0
15820.4607418278,40,2325.6,2802,2511,0.333857759187155,0,738684.49704237,1146,1,0
15820.5007408942,40,2297.6,2755.6,2519.6,0.320891404714916,0,738684.497042833,1146,1,0
15820.5407399606,40,2350.2,2779.4,2460,0.36546342842044,0,738684.497043296,1146,1,0
15820.580739027,40,2445.8,2780.4,2366.4,0.453583270865973,0,738684.497043759,1146,1,0
15820.6207380934,40,2533,2658.8,2258,0.55599419909927,0,738684.497044222,1146,1,0
15820.6607371598,40,2599.4,2497.8,2171.6,0.69067652983471,0,738684.497044685,1146,1,0
15820.7007362262,40,2583.2,2348.2,2117.4,0.797274419786194,0,738684.497045148,1146,1,0
15820.7407352926,40,2501.4,2244.8,2078.2,0.879696155832112,0,738684.497045611,1146,1,0
15820.780734359,40,2417.6,2185.6,2064,0.939909252434471,0,738684.497046074,1146,1,0
15820.8207334254,40,2341.8,2148,2050.8,0.993785067485734,0,738684.497046537,1146,1,0
15820.8607324918,40,2297,2129.4,2047.4,1,0,738684.497047,1146,1,0
15820.9007315582,40,2286.2,2123,2047.8,1,0,738684.497047462,1146,1,0
15820.9407306246,40,2313.8,2135.4,2051,1,0,738684.497047925,1146,1,0
15820.980729691,40,2364.2,2158,2055.6,0.975376895053477,0,738684.497048388,1146,1,0
15821.0207287574,40,2423,2198.2,2068.4,0.934145162156038,0,738684.497048851,1146,1,0
15821.0607278238,40,2501.2,2264,2090.6,0.874641614251024,0,738684.497049314,1146,1,0
15821.1007268902,40,2566.6,2369.8,2126,0.789908020549802,0,738684.497049777,1146,1,0
15821.1407259566,40,2575.4,2515.6,2187.6,0.671241250044602,0,738684.49705024,1146,1,0
15821.180725023,40,2514.4,2673.8,2276.4,0.538592179709432,0,738684.497050703,1146,1,0
15821.2207240894,40,2417.8,2780.8,2392.4,0.421730440329805,0,738684.497051166,1146,1,0
15821.2607231558,40,2324.4,2798.6,2507.4,0.333857759187155,0,738684.497051629,1146,1,0
15821.3007222222,40,2299.2,2753,2524,0.320891404714916,0,738684.497052092,1146,1,0
15821.3407212886,40,2354,2794.4,2467.2,0.36546342842044,0,738684.497052555,1146,1,0
15821.380720355,40,2441.6,2774.2,2367.6,0.453583270865973,0,738684.497053018,1146,1,0
15821.4207194214,40,2531.6,2664,2263.2,0.550236263228431,0,738684.497053481,1146,1,0
15821.4607184878,40,2584.2,2489.6,2170,0.693901278940445,0,738684.497053944,1146,1,0
15821.5007175542,40,2558.2,2340.8,2116.8,0.808529044605241,0,738684.497054407,1146,1,0
15821.5407166206,40,2486.8,2241.8,2080.6,0.889926901112563,0,738684.49705487,1146,1,0
15821.580715687,40,2405,2183.2,2061.8,0.945681682617138,0,738684.497055333,1146,1,0
15821.6207147534,40,2336.2,2143,2053.2,0.993785067485734,0,738684.497055796,1146,1,0
15821.6607138198,40,2288.8,2127.4,2047.4,1,0,738684.497056258,1146,1,0
15821.7007128862,40,2275.2,2121.4,2046.6,1,0,738684.497056721,1146,1,0
15821.7407119526,40,2293.6,2127,2047.6,1,0,738684.497057184,1146,1,0
15821.780711019,40,2335,2142,2051.4,0.993785067485734,0,738684.497057647,1146,1,0
15821.8207100854,40,2392.4,2171.4,2057.4,0.957392764220256,0,738684.49705811,1146,1,0
15821.8607091518,40,2465,2222.4,2078.8,0.90588324353745,0,738684.497058573,1146,1,0
15821.9007082182,40,2542.6,2313,2109.2,0.833002741240853,0,738684.497059036,1146,1,0
15821.9407072846,40,2573.6,2441.8,2157.8,0.73246794223773,0,738684.497059499,1146,1,0
15821.980706351,40,2547.2,2611.2,2232.4,0.591669078597459,0,738684.497059962,1146,1,0
15822.0207054174,40,2458.6,2743.2,2340,0.478648808335904,0,738684.497060425,1146,1,0
15822.0607044838,40,2367.6,2815.2,2465.8,0.36546342842044,0,738684.497060888,1146,1,0
15822.1007035502,40,2304.8,2774.8,2521,0.320891404714916,0,738684.497061351,1146,1,0
15822.1407026166,40,2329.8,2766.8,2479.2,0.345854372631172,0,738684.497061814,1146,1,0
15822.180701683,40,2415,2788.2,2394,0.421730440329805,0,738684.497062277,1146,1,0
15822.2207007494,40,2511,2700.6,2286.8,0.527369038802404,0,738684.49706274,1146,1,0
15822.2606998158,40,2585.4,2531.8,2191.8,0.661398248029182,0,738684.497063203,1146,1,0
15822.3006988822,40,2589.2,2372.8,2122.2,0.77915429777298,0,738684.497063666,1146,1,0
15822.3406979486,40,2524.6,2260,2085.4,0.864724653185449,0,738684.497064129,1146,1,0
15822.380697015,40,2429.2,2195.6,2066.8,0.934145162156038,0,738684.497064592,1146,1,0
15822.4206960814,40,2359.6,2156.2,2053.4,0.981470191009929,0,738684.497065055,1146,1,0
15822.4606951478,40,2303.2,2132.6,2048.2,1,0,738684.497065518,1146,1,0
15822.5006942142,40,2275.8,2120.6,2045.6,1,0,738684.49706598,1146,1,0
15822.5406932806,40,2289.2,2121.8,2046,1,0,738684.497066443,1146,1,0
15822.580692347,40,2333,2139.4,2055,1,0,738684.497066906,1146,1,0
15822.6206914134,40,2386.2,2169.6,2060.4,0.963334962218702,0,738684.497067369,1146,1,0
15822.6606904798,40,2458.8,2226.4,2078,0.90588324353745,0,738684.497067832,1146,1,0
15822.7006895462,40,2530.8,2309.2,2103.4,0.837305347240683,0,738684.497068295,1146,1,0
15822.7406886126,40,2579.6,2445.4,2161.6,0.72601963564692,0,738684.497068758,1146,1,0
15822.780687679,40,2550.4,2609.8,2231.2,0.591669078597459,0,738684.497069221,1146,1,0
15822.8206867454,40,2471.6,2763.6,2344.8,0.473941473653243,0,738684.497069684,1146,1,0
15822.8606858118,40,2366,2826,2468,0.36546342842044,0,738684.497070147,1146,1,0
15822.9006848782,40,2323.8,2763.2,2493.2,0.333857759187155,0,738684.49707061,1146,1,0
15822.9406839446,40,2351.8,2769.2,2445.4,0.36546342842044,0,738684.497071073,1146,1,0
15822.980683011,40,2435,2806.6,2383.4,0.432498570591717,0,738684.497071536,1146,1,0
15823.0206820774,40,2519.4,2768.8,2316.2,0.491613825047665,0,738684.497071999,1146,1,0
15823.0606811438,40,2596.8,2675,2243,0.576956288034028,0,738684.497072462,1146,1,0
15823.1006802102,40,2637.2,2558.4,2189.6,0.654780064308406,0,738684.497072925,1146,1,0
15823.1406792766,40,2648.2,2471,2150,0.709966050179064,0,738684.497073388,1146,1,0
15823.180678343,40,2667,2392.4,2122,0.752016725630693,0,738684.497073851,1146,1,0
15823.2206774094,40,2651,2338.6,2101,0.782692588654786,0,738684.497074314,1146,1,0
15823.2606764758,40,2628,2298.2,2094,0.808529044605241,0,738684.497074777,1146,1,0
15823.3006755422,40,2602.6,2268.4,2076.6,0.828749855133686,0,738684.49707524,1146,1,0
15823.3406746086,40,2596.2,2253.4,2077.4,0.837305347240683,0,738684.497075703,1146,1,0
15823.380673675,40,2575,2242.8,2074.4,0.850530689995972,0,738684.497076165,1146,1,0
15823.4206727414,40,2571.6,2242,2073.8,0.850530689995972,0,738684.497076628,1146,1,0
15823.4606718078,40,2572.2,2241,2072.4,0.850530689995972,0,738684.497077091,1146,1,0
15823.5006708742,40,2576.8,2251.6,2078.2,0.846031337148546,0,738684.497077554,1146,1,0
15823.5406699406,40,2567.6,2256,2080.2,0.846031337148546,0,738684.497078017,1146,1,0
15823.580669007,40,2556,2260.6,2083.2,0.850530689995972,0,738684.49707848,1146,1,0
15823.6206680734,40,2544.2,2259.2,2082.8,0.855154006574624,0,738684.497078943,1146,1,0
15823.6606671398,40,2539.4,2264.8,2086.6,0.855154006574624,0,738684.497079406,1146,1,0
15823.7006662062,40,2534.4,2269.2,2086,0.855154006574624,0,738684.497079869,1146,1,0
15823.7406652726,40,2530,2272.2,2091.4,0.855154006574624,0,738684.497080332,1146,1,0
15823.780664339,40,2528.4,2274,2092.6,0.855154006574624,0,738684.497080795,1146,1,0
15823.8206634054,40,2530.4,2280.4,2095.4,0.850530689995972,0,738684.497081258,1146,1,0
15823.8606624718,40,2543.4,2287.2,2093.8,0.846031337148546,0,738684.497081721,1146,1,0
15823.9006615382,40,2554.6,2291.4,2095.6,0.837305347240683,0,738684.497082184,1146,1,0
15823.9406606046,40,2562.2,2298.8,2097.4,0.833002741240853,0,738684.497082647,1146,1,0
15823.980659671,40,2568.6,2302.4,2094.8,0.828749855133686,0,738684.49708311,1146,1,0
15824.0206587374,40,2573.8,2307,2101.2,0.820429400219418,0,738684.497083573,1146,1,0
15824.0606578038,40,2578.4,2313.2,2098.8,0.816378308563394,0,738684.497084036,1146,1,0
15824.1006568702,40,2586.8,2313.2,2097.8,0.816378308563394,0,738684.497084499,1146,1,0
15824.1406559366,40,2589.4,2306,2096.6,0.816378308563394,0,738684.497084962,1146,1,0
15824.180655003,40,2574.6,2284.2,2087.2,0.833002741240853,0,738684.497085424,1146,1,0
15824.2206540694,40,2545,2252.2,2077.6,0.859889483197649,0,738684.497085887,1146,1,0
15824.2606531358,40,2498.8,2217.8,2069.4,0.889926901112563,0,738684.49708635,1146,1,0
15824.3006522022,40,2455.4,2186.2,2059.2,0.922681122048444,0,738684.497086813,1146,1,0
15824.3406512686,40,2405.4,2163.2,2049.2,0.957392764220256,0,738684.497087276,1146,1,0
15824.380650335,40,2378,2147.4,2050,0.975376895053477,0,738684.497087739,1146,1,0
15824.4206494014,40,2364.2,2139.2,2047.4,0.981470191009929,0,738684.497088202,1146,1,0
15824.4606484678,40,2385.4,2149.2,2047,0.969330739042227,0,738684.497088665,1146,1,0
15824.5006475342,40,2426,2158.8,2053.6,0.945681682617138,0,738684.497089128,1146,1,0
15824.5406466006,40,2491.6,2189.8,2058,0.90588324353745,0,738684.497089591,1146,1,0
15824.580645667,40,2572.2,2233.4,2071,0.855154006574624,0,738684.497090054,1146,1,0
15824.6206447334,40,2659.2,2305.8,2090.6,0.797274419786194,0,738684.497090517,1146,1,0
15824.6606437998,40,2689.2,2401.4,2119.8,0.745419432004827,0,738684.49709098,1146,1,0
15824.7006428662,40,2665,2514,2167.4,0.684216142532836,0,738684.497091443,1146,1,0
15824.7406419326,40,2600.4,2610.8,2215.6,0.61334157805252,0,738684.497091906,1146,1,0
15824.780640999,40,2539.6,2650.8,2256.4,0.561591735227539,0,738684.497092369,1146,1,0
15824.8206400654,40,2524,2652,2261.2,0.55599419909927,0,738684.497092832,1146,1,0
15824.8606391318,40,2550,2609,2230.4,0.591669078597459,0,738684.497093295,1146,1,0
15824.9006381982,40,2567.2,2539.6,2199,0.65145812481641,0,738684.497093758,1146,1,0
15824.9406372646,40,2590.8,2454.8,2159.6,0.719586640122297,0,738684.497094221,1146,1,0
15824.980636331,40,2567.8,2363.8,2124.2,0.793575316906683,0,738684.497094684,1146,1,0
15825.0206353974,40,2523.4,2287.4,2096.2,0.850530689995972,0,738684.497095146,1146,1,0
15825.0606344638,40,2470.4,2226.8,2079.4,0.900451621459986,0,738684.497095609,1146,1,0
15825.1006335302,40,2414,2188,2063.8,0.939909252434471,0,738684.497096072,1146,1,0
15825.1406325966,40,2372.4,2156,2054.2,0.975376895053477,0,738684.497096535,1146,1,0
15825.180631663,40,2338.4,2138.6,2050.4,0.993785067485734,0,738684.497096998,1146,1,0
15825.2206307294,40,2320.2,2131.2,2047.8,1,0,738684.497097461,1146,1,0
15825.2606297958,40,2317.8,2124.2,2042,1,0,738684.497097924,1146,1,0
15825.3006288622,40,2330,2119.8,2042.2,1,0,738684.497098387,1146,1,0
15825.3406279286,40,2370,2131.8,2045.6,0.981470191009929,0,738684.49709885,1146,1,0
15825.380626995,40,2420.4,2150.2,2045.6,0.951507301379275,0,738684.497099313,1146,1,0
15825.4206260614,40,2472.2,2180.4,2059.8,0.917013117136947,0,738684.497099776,1146,1,0
15825.4606251278,40,2555,2236.8,2071,0.859889483197649,0,738684.497100239,1146,1,0
15825.5006241942,40,2629,2325.4,2102,0.797274419786194,0,738684.497100702,1146,1,0
15825.5406232606,40,2673.2,2460.8,2144.2,0.716376706440077,0,738684.497101165,1146,1,0
15825.580622327,40,2652.4,2631.2,2213.2,0.61334157805252,0,738684.497101628,1146,1,0
15825.6206213934,40,2568.8,2801,2306.4,0.495740077303994,0,738684.497102091,1146,1,0
15825.6606204598,40,2481.8,2921.6,2414.6,0.415835616278058,0,738684.497102554,1146,1,0
15825.7006195262,40,2410.2,2947.2,2495.2,0.36546342842044,0,738684.497103017,1146,1,0
15825.7406185926,40,2425.4,2926.4,2468.8,0.38135234540336,0,738684.49710348,1146,1,0
15825.780617659,40,2488,2887.4,2390.2,0.427256089976996,0,738684.497103943,1146,1,0
15825.8206167254,40,2550.8,2779.2,2305.8,0.495740077303994,0,738684.497104406,1146,1,0
15825.8606157918,40,2623.2,2641,2224.6,0.600935927986466,0,738684.497104869,1146,1,0
15825.9006148582,40,2645.4,2480,2153,0.703551912933977,0,738684.497105331,1146,1,0
15825.9406139246,40,2594.2,2341.8,2112.4,0.797274419786194,0,738684.497105794,1146,1,0
15825.980612991,40,2505.6,2249.8,2080,0.874641614251024,0,738684.497106257,1146,1,0
15826.0206120574,40,2431.8,2192.6,2064.8,0.934145162156038,0,738684.49710672,1146,1,0
15826.0606111238,40,2373.8,2150.4,2055.8,0.975376895053477,0,738684.497107183,1146,1,0
15826.1006101902,40,2329.8,2129.6,2047.8,1,0,738684.497107646,1146,1,0
15826.1406092566,40,2306.4,2117.8,2040.2,1,0,738684.497108109,1146,1,0
15826.180608323,40,2307.4,2114.8,2037.8,1,0,738684.497108572,1146,1,0
15826.2206073894,40,2357.2,2125,2044.6,0.98760735140419,0,738684.497109035,1146,1,0
15826.2606064558,40,2424.6,2157.2,2049.2,0.945681682617138,0,738684.497109498,1146,1,0
15826.3006055222,40,2500.2,2196,2060.6,0.900451621459986,0,738684.497109961,1146,1,0
15826.3406045886,40,2586.4,2276.4,2083.2,0.833002741240853,0,738684.497110424,1146,1,0
15826.380603655,40,2651,2396.6,2129.2,0.752016725630693,0,738684.497110887,1146,1,0
15826.4206027214,40,2634.6,2556.8,2190.8,0.654780064308406,0,738684.49711135,1146,1,0
15826.4606017878,40,2551.8,2714.2,2279,0.538592179709432,0,738684.497111813,1146,1,0
15826.5006008542,40,2446.4,2816.6,2381.2,0.432498570591717,0,738684.497112276,1146,1,0
15826.5405999206,40,2382.6,2833.6,2458.2,0.373555726838669,0,738684.497112739,1146,1,0
15826.580598987,40,2428.4,2882.8,2440,0.396076922961512,0,738684.497113202,1146,1,0
15826.6205980534,40,2530.8,2885.8,2366.2,0.443015536937748,0,738684.497113665,1146,1,0
15826.6605971198,40,2627.2,2800.2,2279.6,0.538592179709432,0,738684.497114128,1146,1,0
15826.7005961862,40,2714.4,2643.2,2204,0.620670210669844,0,738684.49711459,1146,1,0
15826.7405952526,40,2730.2,2462.6,2139.8,0.713170366876487,0,738684.497115053,1146,1,0
15826.780594319,40,2661.8,2325.6,2103.6,0.786278650390616,0,738684.497115516,1146,1,0
15826.8205933854,40,2561,2234,2072.8,0.859889483197649,0,738684.497115979,1146,1,0
15826.8605924518,40,2451.6,2173.2,2055.4,0.928397096983629,0,738684.497116442,1146,1,0
15826.9005915182,40,2374.6,2139.2,2047,0.975376895053477,0,738684.497116905,1146,1,0
15826.9405905846,40,2321.2,2120.4,2041,1,0,738684.497117368,1146,1,0
15826.980589651,40,2299.4,2107.6,2036.6,1,0,738684.497117831,1146,1,0
15827.0205887174,40,2310.4,2112.8,2040.2,1,0,738684.497118294,1146,1,0
15827.0605877838,40,2344.4,2124.4,2042.8,0.993785067485734,0,738684.497118757,1146,1,0
15827.1005868502,40,2417.2,2151.4,2048.2,0.951507301379275,0,738684.49711922,1146,1,0
15827.1405859166,40,2512.6,2203.2,2060.8,0.889926901112563,0,738684.497119683,1146,1,0
15827.180584983,40,2617.4,2287.4,2087.4,0.816378308563394,0,738684.497120146,1146,1,0
15827.2205840494,40,2689.8,2426.6,2133.4,0.73246794223773,0,738684.497120609,1146,1,0
15827.2605831158,40,2661.2,2608.6,2202.8,0.627761211066945,0,738684.497121072,1146,1,0
15827.3005821822,40,2570.8,2779.8,2296.4,0.508242322241532,0,738684.497121535,1146,1,0
15827.3405812486,40,2457.8,2877.4,2412,0.415835616278058,0,738684.497121998,1146,1,0
15827.380580315,40,2378.2,2897.2,2501.2,0.356497976346759,0,738684.497122461,1146,1,0
15827.4205793814,40,2409.6,2919.4,2478.2,0.373555726838669,0,738684.497122924,1146,1,0
15827.4605784478,40,2496,2919.4,2400.8,0.421730440329805,0,738684.497123387,1146,1,0
15827.5005775142,40,2595.6,2839.2,2309.8,0.487427987606295,0,738684.49712385,1146,1,0
15827.5405765806,40,2693.4,2684.8,2219.8,0.600935927986466,0,738684.497124312,1146,1,0
15827.580575647,40,2729,2500.2,2151.6,0.693901278940445,0,738684.497124775,1146,1,0
15827.6205747134,40,2675,2349,2102.8,0.775667113969294,0,738684.497125238,1146,1,0
15827.6605737798,40,2570,2243.6,2077.2,0.850530689995972,0,738684.497125701,1146,1,0
15827.7005728462,40,2460.8,2184.2,2059.8,0.922681122048444,0,738684.497126164,1146,1,0
15827.7405719126,40,2382,2149.4,2047.6,0.969330739042227,0,738684.497126627,1146,1,0
15827.780570979,40,2332.8,2123.6,2042.6,1,0,738684.49712709,1146,1,0
15827.8205700454,40,2306,2114.8,2037,1,0,738684.497127553,1146,1,0
15827.8605691118,40,2311.2,2112.4,2038.2,1,0,738684.497128016,1146,1,0
15827.9005681782,40,2333.6,2115.6,2037.2,1,0,738684.497128479,1146,1,0
15827.9405672446,40,2393,2139.4,2046.4,0.969330739042227,0,738684.497128942,1146,1,0
15827.980566311,40,2477.2,2179.8,2058.2,0.917013117136947,0,738684.497129405,1146,1,0
15828.0205653774,40,2578,2247,2078,0.846031337148546,0,738684.497129868,1146,1,0
15828.0605644438,40,2690,2364.8,2111.2,0.76545499769829,0,738684.497130331,1146,1,0
15828.1495623665,89,2644.2,2790.2,2271.4,0.550236263228431,0,738684.497131361,1146,1,0
15828.1895614329,40,2519.8,2932.6,2385.2,0.432498570591717,0,738684.497131824,1146,1,0
15828.2295604993,40,2414,2956.4,2494,0.373555726838669,0,738684.497132287,1146,1,0
15828.2695595657,40,2412.6,2955.4,2495.4,0.373555726838669,0,738684.49713275,1146,1,0
15828.3095586321,40,2481.2,2943.8,2422.8,0.409582826119754,0,738684.497133213,1146,1,0
15828.3495576985,40,2577.6,2890.2,2339.4,0.458824823815669,0,738684.497133676,1146,1,0
15828.3895567649,40,2673.4,2749.6,2250.8,0.571991559090702,0,738684.497134139,1146,1,0
15828.4295558313,40,2715,2553,2171.2,0.667972585956668,0,738684.497134602,1146,1,0
15828.4695548977,40,2691,2392.6,2116,0.752016725630693,0,738684.497135065,1146,1,0
15828.5095539641,40,2594.4,2274,2083.4,0.828749855133686,0,738684.497135528,1146,1,0
15828.5495530305,40,2484.8,2203.4,2063.6,0.90588324353745,0,738684.49713599,1146,1,0
15828.5895520969,40,2396.6,2156.6,2049.2,0.963334962218702,0,738684.497136453,1146,1,0
15828.6295511633,40,2341.8,2129.4,2045.2,0.993785067485734,0,738684.497136916,1146,1,0
15828.6695502297,40,2307.4,2110.6,2039.2,1,0,738684.497137379,1146,1,0
15828.7095492961,40,2292.2,2105.6,2038,1,0,738684.497137842,1146,1,0
15828.7495483625,40,2312.8,2112.6,2039,1,0,738684.497138305,1146,1,0
15828.7895474289,40,2367.8,2128.2,2045.8,0.981470191009929,0,738684.497138768,1146,1,0
15828.8295464953,40,2438,2159,2048.6,0.939909252434471,0,738684.497139231,1146,1,0
15828.8695455617,40,2535.6,2218.4,2064.4,0.874641614251024,0,738684.497139694,1146,1,0
15828.9095446281,40,2647.2,2309.2,2093,0.797274419786194,0,738684.497140157,1146,1,0
15828.9495436945,40,2705.6,2451.2,2137.8,0.719586640122297,0,738684.49714062,1146,1,0
15828.9895427609,40,2676.4,2630,2206.8,0.620670210669844,0,738684.497141083,1146,1,0
15829.0295418273,40,2569.4,2782,2300,0.504005523414082,0,738684.497141546,1146,1,0
15829.0695408937,40,2465.2,2862.2,2397,0.427256089976996,0,738684.497142009,1146,1,0
15829.1095399601,40,2403.6,2863.2,2456.8,0.38135234540336,0,738684.497142472,1146,1,0
15829.1495390265,40,2430.8,2873.6,2432.8,0.402990075718856,0,738684.497142935,1146,1,0
15829.1895380929,40,2500,2851.4,2367.2,0.443015536937748,0,738684.497143398,1146,1,0
15829.2295371593,40,2576,2779,2297,0.512624500175845,0,738684.497143861,1146,1,0
15829.2695362257,40,2644.8,2655.8,2221.4,0.600935927986466,0,738684.497144324,1146,1,0
15829.3095352921,40,2675.4,2494,2159,0.697122148361531,0,738684.497144787,1146,1,0
15829.3495343585,40,2638.2,2356,2112.4,0.77915429777298,0,738684.49714525,1146,1,0
15829.3895334249,40,2553.4,2259.4,2081,0.850530689995972,0,738684.497145712,1146,1,0
15829.4295324913,40,2464.6,2193.2,2060,0.917013117136947,0,738684.497146175,1146,1,0
15829.4695315577,40,2388.2,2155,2050,0.963334962218702,0,738684.497146638,1146,1,0
15829.5095306241,40,2337.6,2129.8,2044.2,1,0,738684.497147101,1146,1,0
15829.5495296905,40,2311,2114,2041.2,1,0,738684.497147564,1146,1,0
15829.5895287569,40,2308.4,2112.4,2035.4,1,0,738684.497148027,1146,1,0
15829.6295278233,40,2337.8,2120.6,2040.4,1,0,738684.49714849,1146,1,0
15829.6695268897,40,2386.4,2140.4,2045,0.969330739042227,0,738684.497148953,1146,1,0
15829.7095259561,40,2464.8,2174.8,2055.6,0.922681122048444,0,738684.497149416,1146,1,0
15829.7495250225,40,2570.4,2238.6,2073.4,0.855154006574624,0,738684.497149879,1146,1,0
15829.7895240889,40,2679.6,2346,2105.8,0.775667113969294,0,738684.497150342,1146,1,0
15829.8295231553,40,2707.2,2502,2157.8,0.693901278940445,0,738684.497150805,1146,1,0
15829.8695222217,40,2651.4,2676,2227.6,0.596381495302282,0,738684.497151268,1146,1,0
15829.9095212881,40,2550.2,2828.4,2327,0.478648808335904,0,738684.497151731,1146,1,0
15829.9495203545,40,2454,2910.8,2428.6,0.402990075718856,0,738684.497152194,1146,1,0
15829.9895194209,40,2415.2,2910.8,2467,0.38135234540336,0,738684.497152657,1146,1,0
15830.0295184873,40,2458.8,2893.2,2414.6,0.415835616278058,0,738684.49715312,1146,1,0
15830.0695175537,40,2528.6,2850,2347,0.458824823815669,0,738684.497153583,1146,1,0
15830.1095166201,40,2601.6,2754,2272,0.544405753883346,0,738684.497154046,1146,1,0
15830.1495156865,40,2679.4,2615.8,2198.4,0.627761211066945,0,738684.497154508,1146,1,0
15830.1895147529,40,2677.6,2453.6,2140.6,0.719586640122297,0,738684.497154971,1146,1,0
15830.2295138193,40,2633.8,2328.6,2098.6,0.793575316906683,0,738684.497155434,1146,1,0
15830.2695128857,40,2553.4,2245.6,2074.4,0.859889483197649,0,738684.497155897,1146,1,0
15830.3095119521,40,2455,2187.2,2061.4,0.922681122048444,0,738684.49715636,1146,1,0
15830.3495110185,40,2385.8,2150.6,2050.8,0.969330739042227,0,738684.497156823,1146,1,0
15830.3895100849,40,2340.2,2129.8,2044,1,0,738684.497157286,1146,1,0
15830.4295091513,40,2325.4,2118.4,2040.2,1,0,738684.497157749,1146,1,0
15830.4695082177,40,2324,2115.4,2039.4,1,0,738684.497158212,1146,1,0
15830.5095072841,40,2355,2121.6,2041.4,0.993785067485734,0,738684.497158675,1146,1,0
15830.5495063505,40,2409.8,2150.4,2049,0.957392764220256,0,738684.497159138,1146,1,0
15830.5895054169,40,2478.2,2188.4,2058,0.91140871723736,0,738684.497159601,1146,1,0
15830.6295044833,40,2569.8,2259,2079.6,0.846031337148546,0,738684.497160064,1146,1,0
15830.6695035497,40,2653.2,2375.2,2115,0.76545499769829,0,738684.497160527,1146,1,0
15830.7095026161,40,2668.2,2529,2173.6,0.674497686432619,0,738684.49716099,1146,1,0
15830.7495016825,40,2594.4,2698.8,2257.2,0.561591735227539,0,738684.497161453,1146,1,0
15830.7895007489,40,2491.6,2828,2361.4,0.44830310725817,0,738684.497161916,1146,1,0
15830.8294998153,40,2396.6,2865.4,2461.2,0.38135234540336,0,738684.497162379,1146,1,0
15830.8694988817,40,2388.2,2905.4,2491.6,0.36546342842044,0,738684.497162842,1146,1,0
15830.9094979481,40,2446.4,2928,2445.8,0.396076922961512,0,738684.497163305,1146,1,0
15830.9494970145,40,2529.8,2923.8,2385,0.432498570591717,0,738684.497163768,1146,1,0
15830.9894960809,40,2630.6,2840,2294.6,0.499855013752571,0,738684.497164231,1146,1,0
15831.0294951473,40,2708.8,2663.8,2211.2,0.61334157805252,0,738684.497164693,1146,1,0
15831.0694942137,40,2735.2,2487.2,2149,0.700339035669991,0,738684.497165156,1146,1,0
15831.1094932801,40,2679.2,2347,2102,0.775667113969294,0,738684.497165619,1146,1,0
15831.1494923465,40,2579.6,2247,2076.6,0.846031337148546,0,738684.497166082,1146,1,0
15831.1894914129,40,2469.6,2186.8,2059.6,0.917013117136947,0,738684.497166545,1146,1,0
15831.2294904793,40,2382.6,2150.4,2049.4,0.969330739042227,0,738684.497167008,1146,1,0
15831.2694895457,40,2329.2,2126,2043.6,1,0,738684.497167471,1146,1,0
15831.3094886121,40,2307,2116.4,2041.4,1,0,738684.497167934,1146,1,0
15831.3494876785,40,2299.6,2114.4,2035.8,1,0,738684.497168397,1146,1,0
15831.3894867449,40,2321.8,2114.6,2042.2,1,0,738684.49716886,1146,1,0
15831.4294858113,40,2366.8,2130.2,2043.4,0.981470191009929,0,738684.497169323,1146,1,0
15831.4694848777,40,2432.6,2158.4,2048.2,0.945681682617138,0,738684.497169786,1146,1,0
15831.5094839441,40,2516,2206.2,2065.8,0.889926901112563,0,738684.497170249,1146,1,0
15831.5494830105,40,2617.6,2289.6,2087.8,0.816378308563394,0,738684.497170712,1146,1,0
15831.5894820769,40,2690,2417,2130.8,0.738923200384679,0,738684.497171175,1146,1,0
15831.6294811433,40,2690.4,2596.8,2191.6,0.641445129325003,0,738684.497171638,1146,1,0
15831.6694802097,40,2612.8,2771.6,2277.8,0.544405753883346,0,738684.497172101,1146,1,0
15831.7094792761,40,2497.6,2894.2,2384.6,0.432498570591717,0,738684.497172564,1146,1,0
15831.7494783425,40,2415.2,2945.2,2484.8,0.373555726838669,0,738684.497173027,1146,1,0
15831.7894774089,40,2409.2,2959.8,2495,0.36546342842044,0,738684.49717349,1146,1,0
15831.8294764753,40,2480.2,2964.8,2434.6,0.409582826119754,0,738684.497173953,1146,1,0
15831.8694755417,40,2572.4,2910.6,2352.6,0.44830310725817,0,738684.497174416,1146,1,0
15831.9094746081,40,2667.8,2787.2,2263.8,0.55599419909927,0,738684.497174878,1146,1,0
15831.9494736745,40,2731.4,2610.2,2184.4,0.641445129325003,0,738684.497175341,1146,1,0
15831.9894727409,40,2711,2431.6,2133,0.729242281466222,0,738684.497175804,1146,1,0
15832.0294718073,40,2634.4,2300.2,2090,0.808529044605241,0,738684.497176267,1146,1,0
15832.0694708737,40,2526.6,2222.4,2068,0.879696155832112,0,738684.49717673,1146,1,0
15832.1094699401,40,2428.4,2172.6,2055.8,0.939909252434471,0,738684.497177193,1146,1,0
15832.1494690065,40,2371.4,2141.6,2049,0.975376895053477,0,738684.497177656,1146,1,0
15832.1894680729,40,2323.6,2122.8,2043,1,0,738684.497178119,1146,1,0
15832.2294671393,40,2303,2110.4,2038,1,0,738684.497178582,1146,1,0
15832.2694662057,40,2306.6,2113.4,2038.8,1,0,738684.497179045,1146,1,0
15832.3094652721,40,2349.2,2122.6,2041.2,0.993785067485734,0,738684.497179508,1146,1,0
15832.3494643385,40,2401.6,2143.2,2048.6,0.963334962218702,0,738684.497179971,1146,1,0
15832.3894634049,40,2473,2180.8,2057.6,0.917013117136947,0,738684.497180434,1146,1,0
15832.4294624713,40,2568.6,2247.2,2077.2,0.850530689995972,0,738684.497180897,1146,1,0
15832.4694615377,40,2654.8,2359.8,2108,0.772233014043569,0,738684.49718136,1146,1,0
15832.5094606041,40,2676.8,2509.8,2162.6,0.687448072586759,0,738684.497181823,1146,1,0
15832.5494596705,40,2635.4,2697.4,2241.4,0.581917536525862,0,738684.497182286,1146,1,0
15832.5894587369,40,2532,2844,2342.4,0.458824823815669,0,738684.497182749,1146,1,0
15832.6294578033,40,2435.4,2928.4,2458.8,0.38886050242203,0,738684.497183212,1146,1,0
15832.6694568697,40,2378.2,2937.2,2526.4,0.345854372631172,0,738684.497183674,1146,1,0
15832.7094559361,40,2417.4,2945.4,2481.6,0.373555726838669,0,738684.497184137,1146,1,0
15832.7494550025,40,2504,2937,2404.6,0.421730440329805,0,738684.4971846,1146,1,0
15832.7894540689,40,2610.2,2872.2,2315.8,0.478648808335904,0,738684.497185063,1146,1,0
15832.8294531353,40,2706.2,2712.8,2228,0.596381495302282,0,738684.497185526,1146,1,0
15832.8694522017,40,2736.8,2530.2,2158.8,0.680981033552426,0,738684.497185989,1146,1,0
15832.9094512681,40,2685.2,2374.8,2112.4,0.758704666363614,0,738684.497186452,1146,1,0
15832.9494503345,40,2592.6,2272.6,2088.6,0.833002741240853,0,738684.497186915,1146,1,0
15832.9894494009,40,2490.2,2209,2065.2,0.900451621459986,0,738684.497187378,1146,1,0
15833.0294484673,40,2410.4,2164.6,2053.6,0.951507301379275,0,738684.497187841,1146,1,0
15833.0694475337,40,2360.8,2140.6,2050.2,0.981470191009929,0,738684.497188304,1146,1,0
15833.1094466001,40,2326.4,2129.8,2045.8,1,0,738684.497188767,1146,1,0
15833.1494456665,40,2319.4,2122.4,2042,1,0,738684.49718923,1146,1,0
15833.1894447329,40,2336.2,2124.2,2044,1,0,738684.497189693,1146,1,0
15833.2294437993,40,2387.8,2140.6,2046.4,0.969330739042227,0,738684.497190156,1146,1,0
15833.2694428657,40,2449.8,2166.2,2050.2,0.934145162156038,0,738684.497190619,1146,1,0
15833.3094419321,40,2533.4,2211.6,2065,0.879696155832112,0,738684.497191082,1146,1,0
15833.3494409985,40,2621.4,2288.6,2088.2,0.816378308563394,0,738684.497191545,1146,1,0
15833.3894400649,40,2670.2,2406.2,2127.2,0.745419432004827,0,738684.497192008,1146,1,0
15833.4294391313,40,2659,2561.6,2183.4,0.654780064308406,0,738684.497192471,1146,1,0
15833.4694381977,40,2598.6,2724,2264,0.55599419909927,0,738684.497192934,1146,1,0
15833.5094372641,40,2490.6,2821.6,2357,0.453583270865973,0,738684.497193397,1146,1,0
15833.5494363305,40,2420.2,2857.8,2431.6,0.396076922961512,0,738684.497193859,1146,1,0
15833.5894353969,40,2442.6,2875.6,2420.6,0.409582826119754,0,738684.497194322,1146,1,0
15833.6294344633,40,2525.8,2847.4,2350.4,0.453583270865973,0,738684.497194785,1146,1,0
15833.6694335297,40,2618.6,2780.4,2276.8,0.544405753883346,0,738684.497195248,1146,1,0
15833.7094325961,40,2705.2,2640.2,2203.6,0.620670210669844,0,738684.497195711,1146,1,0
15833.7494316625,40,2731.6,2474.8,2140,0.706760832147339,0,738684.497196174,1146,1,0
15833.7894307289,40,2662.4,2335.6,2102.2,0.782692588654786,0,738684.497196637,1146,1,0
15833.8294297953,40,2570.2,2242.6,2074,0.850530689995972,0,738684.4971971,1146,1,0
15833.8694288617,40,2469,2187.6,2056.4,0.917013117136947,0,738684.497197563,1146,1,0
15833.9094279281,40,2398.8,2148.2,2047.8,0.963334962218702,0,738684.497198026,1146,1,0
15833.9494269945,40,2344.4,2129.6,2040.6,0.993785067485734,0,738684.497198489,1146,1,0
15833.9894260609,40,2323.2,2118.8,2040,1,0,738684.497198952,1146,1,0
15834.0294251273,40,2316.4,2113.6,2039.4,1,0,738684.497199415,1146,1,0
15834.0694241937,40,2334.6,2120.8,2039.6,1,0,738684.497199878,1146,1,0
15834.1094232601,40,2382.4,2134,2044.8,0.975376895053477,0,738684.497200341,1146,1,0
15834.1494223265,40,2441.8,2165,2052.8,0.934145162156038,0,738684.497200804,1146,1,0
15834.1894213929,40,2511,2212.2,2064.4,0.889926901112563,0,738684.497201267,1146,1,0
15834.2294204593,40,2614.4,2289.8,2088.2,0.816378308563394,0,738684.49720173,1146,1,0
15834.2694195257,40,2672.8,2419.6,2128.8,0.738923200384679,0,738684.497202193,1146,1,0
15834.3094185921,40,2671.2,2588,2191.8,0.641445129325003,0,738684.497202656,1146,1,0
15834.3494176585,40,2598.4,2771.2,2282.6,0.532884543384682,0,738684.497203119,1146,1,0
15834.3894167249,40,2505.6,2903.6,2388,0.432498570591717,0,738684.497203582,1146,1,0
15834.4294157913,40,2421.4,2928,2468,0.38135234540336,0,738684.497204044,1146,1,0
15834.4694148577,40,2451.6,2944.4,2453.2,0.396076922961512,0,738684.497204507,1146,1,0
15834.5094139241,40,2514.6,2909.4,2385.8,0.432498570591717,0,738684.49720497,1146,1,0
15834.5494129905,40,2588.2,2843.8,2312,0.483127937558863,0,738684.497205433,1146,1,0
15834.5894120569,40,2654.6,2697.4,2235.6,0.586834992766542,0,738684.497205896,1146,1,0
15834.6294111233,40,2694,2527.2,2167.4,0.677742985086675,0,738684.497206359,1146,1,0
15834.6694101897,40,2657.4,2378.2,2119.8,0.762074286926242,0,738684.497206822,1146,1,0
15834.7094092561,40,2581.6,2277,2082.6,0.833002741240853,0,738684.497207285,1146,1,0
15834.7494083225,40,2492.4,2212.2,2065.2,0.895128281408961,0,738684.497207748,1146,1,0
15834.7894073889,40,2422,2169.6,2051.6,0.945681682617138,0,738684.497208211,1146,1,0
15834.8294064553,40,2369.6,2142.8,2048.4,0.975376895053477,0,738684.497208674,1146,1,0
15834.8694055217,40,2333.2,2129,2043.2,1,0,738684.497209137,1146,1,0
15834.9094045881,40,2322.2,2122.4,2041.6,1,0,738684.4972096,1146,1,0
15834.9494036545,40,2334,2118.4,2041.8,1,0,738684.497210063,1146,1,0
15834.9894027209,40,2357.4,2128.4,2040,0.98760735140419,0,738684.497210526,1146,1,0
15835.0294017873,40,2385.2,2140.8,2046.6,0.969330739042227,0,738684.497210989,1146,1,0
15835.0694008537,40,2437.8,2165.4,2050.4,0.939909252434471,0,738684.497211452,1146,1,0
15835.1093999201,40,2512.6,2206.8,2063.8,0.889926901112563,0,738684.497211915,1146,1,0
15835.1493989865,40,2593.6,2272.4,2084.2,0.833002741240853,0,738684.497212377,1146,1,0
15835.1893980529,40,2662.6,2375.6,2117.8,0.762074286926242,0,738684.49721284,1146,1,0
15835.2293971193,40,2689.6,2528.6,2167.2,0.677742985086675,0,738684.497213303,1146,1,0
15835.2693961857,40,2635.4,2701,2240.2,0.576956288034028,0,738684.497213766,1146,1,0
15835.3093952521,40,2545.6,2851.6,2337.6,0.463991214758112,0,738684.497214229,1146,1,0
15835.3493943185,40,2452,2923.6,2433,0.402990075718856,0,738684.497214692,1146,1,0
15835.3893933849,40,2429.6,2909.8,2451.8,0.38886050242203,0,738684.497215155,1146,1,0
15835.4293924513,40,2482.4,2893.8,2398,0.427256089976996,0,738684.497215618,1146,1,0
15835.4693915177,40,2569.6,2845.8,2324.6,0.478648808335904,0,738684.497216081,1146,1,0
15835.5093905841,40,2667.6,2743.2,2249.4,0.571991559090702,0,738684.497216544,1146,1,0
15835.5493896505,40,2722.2,2575.6,2176.4,0.658093992718842,0,738684.497217007,1146,1,0
15835.5893887169,40,2704.4,2422,2128.4,0.735695387533812,0,738684.49721747,1146,1,0
15835.6293877833,40,2636.4,2306.6,2090.2,0.804740833678851,0,738684.497217933,1146,1,0
15835.6693868497,40,2536.4,2227.8,2070.8,0.869646511663396,0,738684.497218396,1146,1,0
15835.7093859161,40,2448.8,2174.8,2057,0.928397096983629,0,738684.497218859,1146,1,0
15835.7493849825,40,2381.2,2146.6,2049.4,0.969330739042227,0,738684.497219322,1146,1,0
15835.7893840489,40,2340.2,2128.2,2044,1,0,738684.497219785,1146,1,0
15835.8293831153,40,2316.2,2117.2,2040.8,1,0,738684.497220248,1146,1,0
15835.8693821817,40,2314.2,2119.2,2041.4,1,0,738684.497220711,1146,1,0
15835.9093812481,40,2352.8,2129,2041,0.993785067485734,0,738684.497221174,1146,1,0
15835.9493803145,40,2401.6,2143,2045,0.963334962218702,0,738684.497221637,1146,1,0
15835.9893793809,40,2469.8,2175,2054.6,0.917013117136947,0,738684.4972221,1146,1,0
15836.0293784473,40,2552.2,2230.4,2069.6,0.864724653185449,0,738684.497222563,1146,1,0
15836.0693775137,40,2630,2315.6,2096.8,0.800998633917584,0,738684.497223025,1146,1,0
15836.1093765801,40,2667.4,2443,2146.2,0.722800925966807,0,738684.497223488,1146,1,0
15836.1493756465,40,2641.8,2601.4,2204.6,0.627761211066945,0,738684.497223951,1146,1,0
15836.1893747129,40,2552.8,2739.6,2287.2,0.527369038802404,0,738684.497224414,1146,1,0
15836.2293737793,40,2458,2815.8,2378.8,0.437743532746865,0,738684.497224877,1146,1,0
15836.2693728457,40,2401.4,2816.2,2429.2,0.396076922961512,0,738684.49722534,1146,1,0
15836.3093719121,40,2446.4,2852,2404.4,0.415835616278058,0,738684.497225803,1146,1,0
15836.3493709785,40,2524.2,2846,2350.2,0.453583270865973,0,738684.497226266,1146,1,0
15836.3893700449,40,2616.6,2783,2280.4,0.538592179709432,0,738684.497226729,1146,1,0
15836.4293691113,40,2718,2651,2204.8,0.620670210669844,0,738684.497227192,1146,1,0
15836.4693681777,40,2731.8,2477.2,2141.8,0.706760832147339,0,738684.497227655,1146,1,0
15836.5093672441,40,2675.8,2337,2105,0.77915429777298,0,738684.497228118,1146,1,0
15836.5493663105,40,2585.4,2246.6,2073.6,0.846031337148546,0,738684.497228581,1146,1,0
15836.5893653769,40,2464,2178.8,2057,0.922681122048444,0,738684.497229044,1146,1,0
15836.6293644433,40,2383.2,2144.2,2046.2,0.969330739042227,0,738684.497229507,1146,1,0
15836.6693635097,40,2327,2124,2039.2,1,0,738684.49722997,1146,1,0
15836.7093625761,40,2305.2,2113.2,2039.6,1,0,738684.497230433,1146,1,0
15836.7493616425,40,2308.4,2115,2039.2,1,0,738684.497230896,1146,1,0
15836.7893607089,40,2348.8,2122.2,2041.8,0.993785067485734,0,738684.497231359,1146,1,0
15836.8293597753,40,2405,2147.4,2046,0.957392764220256,0,738684.497231822,1146,1,0
15836.8693588417,40,2474.8,2181.6,2057.4,0.917013117136947,0,738684.497232285,1146,1,0
15836.9093579081,40,2570.2,2245.6,2075.2,0.850530689995972,0,738684.497232747,1146,1,0
15836.9493569745,40,2651,2352,2108.2,0.77915429777298,0,738684.49723321,1146,1,0
15836.9893560409,40,2668.2,2502.4,2160.2,0.69067652983471,0,738684.497233673,1146,1,0
15837.0293551073,40,2611,2665.6,2237.8,0.586834992766542,0,738684.497234136,1146,1,0
15837.0693541737,40,2505,2795.6,2337.8,0.473941473653243,0,738684.497234599,1146,1,0
15837.1093532401,40,2414.6,2844.2,2430.4,0.396076922961512,0,738684.497235062,1146,1,0
15837.1493523065,40,2403.6,2856,2445.8,0.38886050242203,0,738684.497235525,1146,1,0
15837.1893513729,40,2460.8,2866.8,2398.4,0.421730440329805,0,738684.497235988,1146,1,0
15837.2293504393,40,2550.8,2845.6,2334.4,0.469043195516147,0,738684.497236451,1146,1,0
15837.2693495057,40,2652,2747.8,2255.2,0.56694533960948,0,738684.497236914,1146,1,0
15837.3093485721,40,2722.2,2576.2,2176.6,0.654780064308406,0,738684.497237377,1146,1,0
15837.3493476385,40,2706.6,2405.4,2122.2,0.742159015519958,0,738684.49723784,1146,1,0
15837.3893467049,40,2635.4,2284.8,2084.4,0.812409570046606,0,738684.497238303,1146,1,0
15837.4293457713,40,2519.6,2206.4,2063.6,0.884796034058834,0,738684.497238766,1146,1,0
15837.4693448377,40,2420.2,2155.6,2049.8,0.951507301379275,0,738684.497239229,1146,1,0
15837.5093439041,40,2354,2129.8,2041.8,0.98760735140419,0,738684.497239692,1146,1,0
15837.5493429705,40,2315.4,2110.6,2037.6,1,0,738684.497240155,1146,1,0
15837.5893420369,40,2298.2,2109.4,2034.6,1,0,738684.497240618,1146,1,0
15837.6293411033,40,2313.8,2112.2,2038.6,1,0,738684.497241081,1146,1,0
15837.6693401697,40,2353,2128.6,2044.2,0.993785067485734,0,738684.497241543,1146,1,0
15837.7093392361,40,2425.4,2155.6,2047.6,0.945681682617138,0,738684.497242006,1146,1,0
15837.7493383025,40,2522.8,2202.4,2060.2,0.884796034058834,0,738684.497242469,1146,1,0
15837.7893373689,40,2643.6,2286,2084.8,0.808529044605241,0,738684.497242932,1146,1,0
15837.8293364353,40,2710.2,2417.2,2126.8,0.735695387533812,0,738684.497243395,1146,1,0
15837.8693355017,40,2686.6,2593.8,2193,0.641445129325003,0,738684.497243858,1146,1,0
15837.9093345681,40,2590.4,2757.6,2281,0.538592179709432,0,738684.497244321,1146,1,0
15837.9493336345,40,2468.2,2836.4,2378,0.437743532746865,0,738684.497244784,1146,1,0
15837.9893327009,40,2390.2,2854.8,2461.2,0.373555726838669,0,738684.497245247,1146,1,0
15838.0293317673,40,2408,2864,2450.6,0.38886050242203,0,738684.49724571,1146,1,0
15838.0693308337,40,2481,2861,2386.4,0.432498570591717,0,738684.497246173,1146,1,0
15838.1093299001,40,2554.4,2816,2313.4,0.483127937558863,0,738684.497246636,1146,1,0
15838.1493289665,40,2652.6,2699,2235.6,0.586834992766542,0,738684.497247099,1146,1,0
15838.1893280329,40,2684.8,2525.4,2167.6,0.677742985086675,0,738684.497247562,1146,1,0
15838.2293270993,40,2669,2384.6,2117.4,0.758704666363614,0,738684.497248025,1146,1,0
15838.2693261657,40,2593.2,2281,2085.6,0.828749855133686,0,738684.497248488,1146,1,0
15838.3093252321,40,2502.8,2209.2,2062.6,0.895128281408961,0,738684.497248951,1146,1,0
15838.3493242985,40,2424.8,2163,2054.6,0.945681682617138,0,738684.497249414,1146,1,0
15838.3893233649,40,2362.2,2133.6,2046.6,0.98760735140419,0,738684.497249877,1146,1,0
15838.4293224313,40,2321.6,2116.2,2042.6,1,0,738684.49725034,1146,1,0
15838.4693214977,40,2307.2,2114.2,2037.6,1,0,738684.497250803,1146,1,0
15838.5093205641,40,2323.8,2115.4,2041.2,1,0,738684.497251266,1146,1,0
15838.5493196305,40,2365,2130.4,2044.2,0.981470191009929,0,738684.497251728,1146,1,0
15838.5893186969,40,2432.4,2158.2,2050,0.945681682617138,0,738684.497252191,1146,1,0
15838.6293177633,40,2525.2,2207.4,2064.2,0.884796034058834,0,738684.497252654,1146,1,0
15838.6693168297,40,2637.2,2287,2086.4,0.812409570046606,0,738684.497253117,1146,1,0
15838.7093158961,40,2709.4,2410.8,2124,0.742159015519958,0,738684.49725358,1146,1,0
15838.7493149625,40,2717.8,2592.8,2184.8,0.644795282192648,0,738684.497254043,1146,1,0
15838.7893140289,40,2648.2,2789.4,2271.2,0.550236263228431,0,738684.497254506,1146,1,0
15838.8293130953,40,2528.2,2918.4,2370.6,0.437743532746865,0,738684.497254969,1146,1,0
15838.8693121617,40,2438.8,2966,2468,0.38886050242203,0,738684.497255432,1146,1,0
15838.9093112281,40,2429.4,2950.6,2470.4,0.38135234540336,0,738684.497255895,1146,1,0
15838.9493102945,40,2478.4,2913.8,2409.6,0.415835616278058,0,738684.497256358,1146,1,0
15838.9893093609,40,2537.8,2842,2337.2,0.463991214758112,0,738684.497256821,1146,1,0
15839.0293084273,40,2616,2731.2,2258.6,0.561591735227539,0,738684.497257284,1146,1,0
15839.0693074937,40,2658.4,2565.8,2186.8,0.65145812481641,0,738684.497257747,1146,1,0
15839.1093065601,40,2650,2424.2,2136,0.738923200384679,0,738684.49725821,1146,1,0
15839.1493056265,40,2586.6,2306.6,2096.6,0.820429400219418,0,738684.497258673,1146,1,0
15839.1893046929,40,2508.6,2230.8,2075,0.884796034058834,0,738684.497259136,1146,1,0
15839.2293037593,40,2434.6,2182.8,2061.4,0.934145162156038,0,738684.497259599,1146,1,0
15839.2693028257,40,2371.4,2146.4,2048.2,0.975376895053477,0,738684.497260062,1146,1,0
15839.3093018921,40,2339.2,2128.8,2045.6,1,0,738684.497260525,1146,1,0
15839.3982998149,89,2330.6,2119.4,2038.2,1,0,738684.497261555,1146,1,0
15839.4382988813,40,2371.2,2131,2044.4,0.981470191009929,0,738684.497262018,1146,1,0
15839.4782979477,40,2423,2155.4,2051,0.945681682617138,0,738684.497262481,1146,1,0
15839.5182970141,40,2481.4,2188.6,2062.8,0.91140871723736,0,738684.497262944,1146,1,0
15839.5582960805,40,2556.4,2243,2075.2,0.859889483197649,0,738684.497263406,1146,1,0
15839.5982951469,40,2635.6,2337.4,2109,0.786278650390616,0,738684.497263869,1146,1,0
15839.6382942133,40,2676.4,2468.4,2149,0.709966050179064,0,738684.497264332,1146,1,0
15839.6782932797,40,2650.2,2631,2213.2,0.61334157805252,0,738684.497264795,1146,1,0
15839.7182923461,40,2576.6,2784,2298.2,0.508242322241532,0,738684.497265258,1146,1,0
15839.7582914125,40,2479.8,2874.8,2388.8,0.427256089976996,0,738684.497265721,1146,1,0
15839.7982904789,40,2416.4,2903,2455.6,0.38886050242203,0,738684.497266184,1146,1,0
15839.8382895453,40,2446.2,2913.2,2432.6,0.402990075718856,0,738684.497266647,1146,1,0
15839.8782886117,40,2524.2,2895.2,2368.6,0.437743532746865,0,738684.49726711,1146,1,0
15839.9182876781,40,2596,2805.6,2293.8,0.504005523414082,0,738684.497267573,1146,1,0
15839.9582867445,40,2694.6,2682.4,2218.8,0.605299016202904,0,738684.497268036,1146,1,0
15839.9982858109,40,2720.2,2517,2158.6,0.684216142532836,0,738684.497268499,1146,1,0
15840.0382848773,40,2695.2,2378.6,2113.2,0.755350806424959,0,738684.497268962,1146,1,0
15840.0782839437,40,2611.2,2279.6,2083.6,0.820429400219418,0,738684.497269425,1146,1,0
15840.1182830101,40,2515.8,2212,2064.4,0.884796034058834,0,738684.497269888,1146,1,0
15840.1582820765,40,2440,2166.6,2053.6,0.934145162156038,0,738684.497270351,1146,1,0
15840.1982811429,40,2372.4,2139.8,2046.6,0.975376895053477,0,738684.497270814,1146,1,0
15840.2382802093,40,2330.6,2121.6,2042.2,1,0,738684.497271277,1146,1,0
15840.2782792757,40,2319.6,2115.8,2041.8,1,0,738684.49727174,1146,1,0
15840.3182783421,40,2341.8,2122.4,2040.2,1,0,738684.497272203,1146,1,0
15840.3582774085,40,2380.8,2135.2,2046.4,0.975376895053477,0,738684.497272665,1146,1,0
15840.3982764749,40,2440.8,2162.2,2053,0.939909252434471,0,738684.497273128,1146,1,0
15840.4382755413,40,2521.8,2205.8,2063.6,0.884796034058834,0,738684.497273591,1146,1,0
15840.4782746077,40,2614,2275.2,2084.2,0.824555873811782,0,738684.497274054,1146,1,0
15840.5182736741,40,2676.6,2384.8,2119,0.755350806424959,0,738684.497274517,1146,1,0
15840.5582727405,40,2686.6,2528.2,2172,0.677742985086675,0,738684.49727498,1146,1,0
15840.5982718069,40,2629,2683.2,2236.8,0.586834992766542,0,738684.497275443,1146,1,0
15840.6382708733,40,2544.4,2807.2,2316.2,0.483127937558863,0,738684.497275906,1146,1,0
15840.6972694962,59,2454.4,2851.8,2397,0.421730440329805,0,738684.497276589,1146,1,0
15840.7372685626,40,2487.4,2833,2359.8,0.44830310725817,0,738684.497277052,1146,1,0
15840.777267629,40,2549.4,2783.6,2305.8,0.495740077303994,0,738684.497277515,1146,1,0
15840.8172666954,40,2620.8,2701.6,2247,0.571991559090702,0,738684.497277978,1146,1,0
15840.8572657618,40,2690,2575.8,2183.8,0.65145812481641,0,738684.497278441,1146,1,0
15840.8972648282,40,2686.4,2429.4,2132.6,0.73246794223773,0,738684.497278904,1146,1,0
15840.9372638946,40,2640.4,2317.4,2098.2,0.797274419786194,0,738684.497279367,1146,1,0
15840.977262961,40,2547.2,2237.2,2071.4,0.864724653185449,0,738684.49727983,1146,1,0
15841.0172620274,40,2464.2,2187.2,2056.2,0.917013117136947,0,738684.497280293,1146,1,0
15841.0572610938,40,2391.2,2148,2049,0.963334962218702,0,738684.497280756,1146,1,0
15841.0972601602,40,2339,2125.8,2040.8,1,0,738684.497281219,1146,1,0
15841.1372592266,40,2307.2,2112,2041.8,1,0,738684.497281682,1146,1,0
15841.177258293,40,2297.6,2111.8,2036.6,1,0,738684.497282144,1146,1,0
15841.2172573594,40,2316.4,2116.2,2037.2,1,0,738684.497282607,1146,1,0
15841.2572564258,40,2348.8,2124,2045.6,0.993785067485734,0,738684.49728307,1146,1,0
15841.2972554922,40,2403.4,2146.6,2047.2,0.963334962218702,0,738684.497283533,1146,1,0
15841.3372545586,40,2485,2186.8,2055.8,0.91140871723736,0,738684.497283996,1146,1,0
15841.377253625,40,2583.2,2250.4,2076.4,0.846031337148546,0,738684.497284459,1146,1,0
15841.4172526914,40,2668.4,2359.4,2106.8,0.772233014043569,0,738684.497284922,1146,1,0
15841.4572517578,40,2704.6,2505.8,2159,0.69067652983471,0,738684.497285385,1146,1,0
15841.4972508242,40,2653.2,2677.2,2229.6,0.596381495302282,0,738684.497285848,1146,1,0
15841.5372498906,40,2562,2821,2317,0.483127937558863,0,738684.497286311,1146,1,0
15841.577248957,40,2466,2898.4,2407.6,0.415835616278058,0,738684.497286774,1146,1,0
15841.6172480234,40,2429,2896.6,2442.2,0.396076922961512,0,738684.497287237,1146,1,0
15841.6572470898,40,2472.6,2874,2387.2,0.427256089976996,0,738684.4972877,1146,1,0
15841.6972461562,40,2539.4,2815.4,2323,0.478648808335904,0,738684.497288163,1146,1,0
15841.7372452226,40,2606.6,2714.6,2257,0.561591735227539,0,738684.497288626,1146,1,0
15841.777244289,40,2663.6,2589,2191,0.641445129325003,0,738684.497289089,1146,1,0
15841.8172433554,40,2662.8,2444.6,2141.8,0.72601963564692,0,738684.497289552,1146,1,0
15841.8572424218,40,2622,2329.2,2102.8,0.797274419786194,0,738684.497290015,1146,1,0
15841.8972414882,40,2547,2247.2,2075.4,0.859889483197649,0,738684.497290478,1146,1,0
15841.9372405546,40,2464,2191.2,2062.8,0.917013117136947,0,738684.49729094,1146,1,0
15841.977239621,40,2404.2,2156.4,2050.6,0.957392764220256,0,738684.497291403,1146,1,0
15842.0172386874,40,2352.8,2131,2042,0.98760735140419,0,738684.497291866,1146,1,0
15842.0572377538,40,2325.6,2120.2,2039.4,1,0,738684.497292329,1146,1,0
15842.0972368202,40,2335.8,2120.8,2036.6,1,0,738684.497292792,1146,1,0
15842.1372358866,40,2360.8,2129.4,2043.4,0.98760735140419,0,738684.497293255,1146,1,0
15842.177234953,40,2390,2138,2046.4,0.969330739042227,0,738684.497293718,1146,1,0
15842.2172340194,40,2440,2168.6,2053.6,0.934145162156038,0,738684.497294181,1146,1,0
15842.2572330858,40,2512.8,2216,2069.6,0.884796034058834,0,738684.497294644,1146,1,0
15842.2972321522,40,2602.2,2290.8,2093.4,0.820429400219418,0,738684.497295107,1146,1,0
15842.3372312186,40,2673.8,2410,2129.8,0.742159015519958,0,738684.49729557,1146,1,0
15842.377230285,40,2692.6,2574.4,2184.2,0.65145812481641,0,738684.497296033,1146,1,0
15842.4172293514,40,2627.4,2746.4,2259.8,0.561591735227539,0,738684.497296496,1146,1,0
15842.4572284178,40,2536.4,2882.2,2355.4,0.44830310725817,0,738684.497296959,1146,1,0
15842.4972274842,40,2464.2,2953.6,2433.8,0.402990075718856,0,738684.497297422,1146,1,0
15842.5372265506,40,2474.4,2967,2437,0.402990075718856,0,738684.497297885,1146,1,0
15842.577225617,40,2559.2,2959.4,2379,0.432498570591717,0,738684.497298348,1146,1,0
15842.6172246834,40,2631.2,2869.6,2306.6,0.487427987606295,0,738684.497298811,1146,1,0
15842.6572237498,40,2699.2,2720.8,2231.2,0.591669078597459,0,738684.497299274,1146,1,0
15842.6972228162,40,2743.4,2555,2167.4,0.667972585956668,0,738684.497299737,1146,1,0
15842.7372218826,40,2711,2393.4,2120.2,0.748705579178257,0,738684.4973002,1146,1,0
15842.777220949,40,2614.2,2281.4,2089.6,0.820429400219418,0,738684.497300663,1146,1,0
15842.8172200154,40,2513.4,2213.2,2068.6,0.884796034058834,0,738684.497301125,1146,1,0
15842.8572190818,40,2424.4,2169.2,2055.6,0.945681682617138,0,738684.497301588,1146,1,0
15842.8972181482,40,2369.2,2140.4,2049.4,0.981470191009929,0,738684.497302051,1146,1,0
15842.9372172146,40,2327,2123.2,2044.2,1,0,738684.497302514,1146,1,0
15842.977216281,40,2312,2119.6,2041.4,1,0,738684.497302977,1146,1,0
15843.0172153474,40,2315.2,2116.8,2040.8,1,0,738684.49730344,1146,1,0
15843.0572144138,40,2344.4,2125.6,2045.8,0.993785067485734,0,738684.497303903,1146,1,0
15843.0972134802,40,2409.6,2145.2,2047.4,0.957392764220256,0,738684.497304366,1146,1,0
15843.1372125466,40,2462.4,2174.2,2055.8,0.922681122048444,0,738684.497304829,1146,1,0
15843.177211613,40,2548.4,2229.4,2072.2,0.864724653185449,0,738684.497305292,1146,1,0
15843.2172106794,40,2621.4,2315.6,2102.4,0.800998633917584,0,738684.497305755,1146,1,0
15843.2572097458,40,2665,2439.6,2142,0.72601963564692,0,738684.497306218,1146,1,0
15843.2972088122,40,2641.6,2596,2198.8,0.631236010455004,0,738684.497306681,1146,1,0
15843.3372078786,40,2569.4,2740.4,2280,0.538592179709432,0,738684.497307144,1146,1,0
15843.377206945,40,2476.2,2822.2,2366.2,0.44830310725817,0,738684.497307607,1146,1,0
15843.4172060114,40,2416.8,2860,2441.2,0.396076922961512,0,738684.49730807,1146,1,0
15843.4572050778,40,2434.2,2874.8,2427.8,0.402990075718856,0,738684.497308533,1146,1,0
15843.4972041442,40,2496.8,2871.8,2378.8,0.437743532746865,0,738684.497308996,1146,1,0
15843.5372032106,40,2550.2,2817.2,2314.8,0.483127937558863,0,738684.497309459,1146,1,0
15843.577202277,40,2640.2,2731.8,2252,0.56694533960948,0,738684.497309922,1146,1,0
15843.6172013434,40,2694.6,2587,2184.8,0.644795282192648,0,738684.497310385,1146,1,0
15843.6572004098,40,2694.8,2434.6,2134.2,0.729242281466222,0,738684.497310848,1146,1,0
15843.6971994762,40,2638,2322.4,2095.8,0.797274419786194,0,738684.49731131,1146,1,0
15843.7371985426,40,2554.8,2243.4,2075,0.859889483197649,0,738684.497311773,1146,1,0
15843.777197609,40,2458.2,2188.4,2058,0.922681122048444,0,738684.497312236,1146,1,0
15843.8171966754,40,2395.6,2152.4,2050.4,0.963334962218702,0,738684.497312699,1146,1,0
15843.8571957418,40,2351.6,2130,2045.2,0.993785067485734,0,738684.497313162,1146,1,0
15843.8971948082,40,2327.8,2118.4,2039.8,1,0,738684.497313625,1146,1,0
15843.9371938746,40,2323.8,2115.4,2038,1,0,738684.497314088,1146,1,0
15843.977192941,40,2346.4,2121.8,2037.2,0.993785067485734,0,738684.497314551,1146,1,0
15844.0171920074,40,2382.6,2138,2043.8,0.975376895053477,0,738684.497315014,1146,1,0
15844.0571910738,40,2448,2168.8,2052.4,0.934145162156038,0,738684.497315477,1146,1,0
15844.0971901402,40,2516.4,2208.6,2062.2,0.889926901112563,0,738684.49731594,1146,1,0
15844.1371892066,40,2613.8,2283.4,2088.4,0.820429400219418,0,738684.497316403,1146,1,0
15844.177188273,40,2663.4,2394.4,2120.6,0.752016725630693,0,738684.497316866,1146,1,0
15844.2171873394,40,2671.8,2553.4,2181.4,0.661398248029182,0,738684.497317329,1146,1,0
15844.2571864058,40,2611.4,2718.2,2255,0.561591735227539,0,738684.497317792,1146,1,0
15844.2971854722,40,2521.6,2850.4,2352.8,0.453583270865973,0,738684.497318255,1146,1,0
15844.3371845386,40,2431,2904.2,2445.8,0.396076922961512,0,738684.497318718,1146,1,0
15844.377183605,40,2409.4,2891.2,2470.6,0.38135234540336,0,738684.497319181,1146,1,0
15844.4171826714,40,2446.8,2873.6,2416.6,0.409582826119754,0,738684.497319644,1146,1,0
15844.4571817378,40,2527.2,2865.6,2348.6,0.453583270865973,0,738684.497320106,1146,1,0
15844.4971808042,40,2610.6,2780.6,2279.2,0.538592179709432,0,738684.497320569,1146,1,0
15844.5371798706,40,2682.2,2629.8,2198.8,0.624241290397594,0,738684.497321032,1146,1,0
15844.577178937,40,2691.4,2467.8,2147.4,0.709966050179064,0,738684.497321495,1146,1,0
15844.6171780034,40,2640.4,2344.6,2105.6,0.782692588654786,0,738684.497321958,1146,1,0
15844.6571770698,40,2552.8,2257.6,2082.4,0.855154006574624,0,738684.497322421,1146,1,0
15844.6971761362,40,2473.6,2202.4,2068.6,0.90588324353745,0,738684.497322884,1146,1,0
15844.7371752026,40,2403.2,2163,2052.4,0.957392764220256,0,738684.497323347,1146,1,0
15844.777174269,40,2356,2137.8,2045.2,0.98760735140419,0,738684.49732381,1146,1,0
15844.8171733354,40,2327.8,2124.6,2043.8,1,0,738684.497324273,1146,1,0
15844.8571724018,40,2314.8,2119.8,2041,1,0,738684.497324736,1146,1,0
15844.8971714682,40,2328,2122.2,2037.6,1,0,738684.497325199,1146,1,0
15844.9371705346,40,2366,2132.2,2043.6,0.981470191009929,0,738684.497325662,1146,1,0
15844.977169601,40,2417.8,2151.2,2047.6,0.951507301379275,0,738684.497326125,1146,1,0
15845.0171686674,40,2488.8,2187,2057.8,0.90588324353745,0,738684.497326588,1146,1,0
15845.0571677338,40,2570.8,2247.6,2075.2,0.850530689995972,0,738684.497327051,1146,1,0
15845.0971668002,40,2641.6,2338,2104.2,0.786278650390616,0,738684.497327514,1146,1,0
15845.1371658666,40,2675.2,2463.6,2146,0.713170366876487,0,738684.497327977,1146,1,0
15845.177164933,40,2642.8,2609.2,2209.2,0.624241290397594,0,738684.49732844,1146,1,0
15845.2171639994,40,2574.8,2752,2281.6,0.532884543384682,0,738684.497328903,1146,1,0
15845.2571630658,40,2499,2851.6,2364.6,0.443015536937748,0,738684.497329366,1146,1,0
15845.2971621322,40,2439.2,2883.6,2428.4,0.402990075718856,0,738684.497329829,1146,1,0
15845.3371611986,40,2448,2870.6,2414.2,0.409582826119754,0,738684.497330291,1146,1,0
15845.377160265,40,2522,2860,2354.4,0.44830310725817,0,738684.497330754,1146,1,0
15845.4171593314,40,2580,2784.4,2292.2,0.512624500175845,0,738684.497331217,1146,1,0
15845.4571583978,40,2669.4,2684.2,2227,0.596381495302282,0,738684.49733168,1146,1,0
15845.4971574642,40,2732.6,2533.2,2161.2,0.677742985086675,0,738684.497332143,1146,1,0
15845.5371565306,40,2709.6,2383.4,2113.8,0.752016725630693,0,738684.497332606,1146,1,0
15845.577155597,40,2627.8,2281.2,2083.2,0.816378308563394,0,738684.497333069,1146,1,0
15845.6171546634,40,2527.8,2207.6,2062.4,0.884796034058834,0,738684.497333532,1146,1,0
15845.6571537298,40,2434.4,2160.6,2054.4,0.939909252434471,0,738684.497333995,1146,1,0
15845.6971527962,40,2370.6,2136.2,2044.2,0.981470191009929,0,738684.497334458,1146,1,0
15845.7371518626,40,2327.4,2117.4,2041,1,0,738684.497334921,1146,1,0
15845.777150929,40,2310.4,2114,2036.2,1,0,738684.497335384,1146,1,0
15845.8171499954,40,2311.8,2113.2,2039.2,1,0,738684.497335847,1146,1,0
15845.8571490618,40,2341,2122.8,2044.2,1,0,738684.49733631,1146,1,0
15845.8971481282,40,2385.8,2138,2044.4,0.969330739042227,0,738684.497336773,1146,1,0
15845.9371471946,40,2455.4,2169.2,2053.2,0.928397096983629,0,738684.497337236,1146,1,0
15845.977146261,40,2539.6,2222.8,2068,0.874641614251024,0,738684.497337699,1146,1,0
15846.0171453274,40,2628.2,2303.2,2090,0.808529044605241,0,738684.497338162,1146,1,0
15846.0571443938,40,2676,2428.4,2134,0.73246794223773,0,738684.497338625,1146,1,0
15846.0971434602,40,2664.8,2589.4,2194.2,0.641445129325003,0,738684.497339088,1146,1,0
15846.1371425266,40,2596,2751.8,2277,0.544405753883346,0,738684.497339551,1146,1,0
15846.177141593,40,2498.4,2874.8,2373.6,0.437743532746865,0,738684.497340014,1146,1,0
15846.2171406594,40,2413,2904,2462.4,0.38135234540336,0,738684.497340476,1146,1,0
15846.2571397258,40,2418.8,2901.4,2459.2,0.38886050242203,0,738684.497340939,1146,1,0
15846.2971387922,40,2482,2904.6,2401.8,0.421730440329805,0,738684.497341402,1146,1,0
15846.3371378586,40,2562.6,2857.8,2330.4,0.469043195516147,0,738684.497341865,1146,1,0
15846.377136925,40,2650,2737.4,2244.4,0.571991559090702,0,738684.497342328,1146,1,0
15846.4171359914,40,2701,2563.4,2178,0.661398248029182,0,738684.497342791,1146,1,0
15846.4571350578,40,2681,2408.2,2121,0.745419432004827,0,738684.497343254,1146,1,0
15846.4971341242,40,2604.4,2294.8,2092.2,0.816378308563394,0,738684.497343717,1146,1,0
15846.5371331906,40,2511.6,2221.4,2069.2,0.884796034058834,0,738684.49734418,1146,1,0
15846.577132257,40,2429.2,2169.6,2055.8,0.939909252434471,0,738684.497344643,1146,1,0
15846.6171313234,40,2361.2,2141,2048,0.981470191009929,0,738684.497345106,1146,1,0
15846.6571303898,40,2321.6,2120,2044.2,1,0,738684.497345569,1146,1,0
15846.6971294562,40,2300.4,2114,2038,1,0,738684.497346032,1146,1,0
15846.7371285226,40,2306.2,2110.6,2035,1,0,738684.497346495,1146,1,0
15846.777127589,40,2334.8,2121.4,2038.6,1,0,738684.497346958,1146,1,0
15846.8171266554,40,2370,2132.8,2043,0.981470191009929,0,738684.497347421,1146,1,0
15846.8571257218,40,2436,2162.6,2050.2,0.939909252434471,0,738684.497347884,1146,1,0
15846.8971247882,40,2522.6,2211,2065.4,0.884796034058834,0,738684.497348347,1146,1,0
15846.9371238546,40,2625.2,2290,2089.2,0.812409570046606,0,738684.497348809,1146,1,0
15846.977122921,40,2697.6,2412.8,2124.4,0.742159015519958,0,738684.497349272,1146,1,0
15847.0171219874,40,2707.2,2591.6,2184.6,0.644795282192648,0,738684.497349735,1146,1,0
15847.0571210538,40,2642.2,2776.6,2267.2,0.55599419909927,0,738684.497350198,1146,1,0
15847.0971201202,40,2534,2915.6,2368,0.437743532746865,0,738684.497350661,1146,1,0
15847.1371191866,40,2431.8,2952.8,2471,0.38135234540336,0,738684.497351124,1146,1,0
15847.177118253,40,2410,2932.8,2484,0.373555726838669,0,738684.497351587,1146,1,0
15847.2171173194,40,2458.8,2919.6,2426.4,0.409582826119754,0,738684.49735205,1146,1,0
15847.2571163858,40,2528.2,2875.2,2358.2,0.44830310725817,0,738684.497352513,1146,1,0
15847.2971154522,40,2631.2,2793.8,2279.4,0.538592179709432,0,738684.497352976,1146,1,0
15847.3371145186,40,2690,2633,2199.6,0.624241290397594,0,738684.497353439,1146,1,0
15847.377113585,40,2698.2,2457.2,2139.2,0.716376706440077,0,738684.497353902,1146,1,0
15847.4171126514,40,2632.8,2327.2,2103,0.793575316906683,0,738684.497354365,1146,1,0
15847.4571117178,40,2539.8,2238,2074.8,0.864724653185449,0,738684.497354828,1146,1,0
15847.4971107842,40,2444.4,2180.8,2057.6,0.928397096983629,0,738684.497355291,1146,1,0
15847.5371098506,40,2381.4,2147.2,2049.6,0.969330739042227,0,738684.497355754,1146,1,0
15847.577108917,40,2334.8,2126,2044.8,1,0,738684.497356217,1146,1,0
15847.6171079834,40,2310.8,2114.8,2040.4,1,0,738684.49735668,1146,1,0
15847.6571070498,40,2308,2115.4,2039.2,1,0,738684.497357143,1146,1,0
15847.6971061162,40,2328.6,2120.2,2038.8,1,0,738684.497357606,1146,1,0
15847.7371051826,40,2364.8,2129.2,2042.8,0.98760735140419,0,738684.497358069,1146,1,0
15847.777104249,40,2426,2159,2050,0.945681682617138,0,738684.497358532,1146,1,0
15847.8171033154,40,2521.4,2208.8,2064.4,0.884796034058834,0,738684.497358994,1146,1,0
15847.8571023818,40,2614.6,2292.6,2090.4,0.816378308563394,0,738684.497359457,1146,1,0
15847.8971014482,40,2668.4,2416.8,2128,0.742159015519958,0,738684.49735992,1146,1,0
15847.9371005146,40,2666,2586.2,2191.6,0.641445129325003,0,738684.497360383,1146,1,0
15847.977099581,40,2593.8,2755,2280.4,0.538592179709432,0,738684.497360846,1146,1,0
15848.0170986474,40,2499.2,2897.8,2384.4,0.432498570591717,0,738684.497361309,1146,1,0
15848.0570977138,40,2414,2941,2485.6,0.373555726838669,0,738684.497361772,1146,1,0
15848.0970967802,40,2415,2935.2,2483,0.373555726838669,0,738684.497362235,1146,1,0
15848.1370958466,40,2475.6,2942.4,2424.4,0.409582826119754,0,738684.497362698,1146,1,0
15848.177094913,40,2557.2,2896.2,2348.6,0.44830310725817,0,738684.497363161,1146,1,0
15848.2170939794,40,2649,2770.2,2263.6,0.55599419909927,0,738684.497363624,1146,1,0
15848.2570930458,40,2702.4,2591,2183.4,0.644795282192648,0,738684.497364087,1146,1,0
15848.2970921122,40,2684.8,2421.4,2127,0.738923200384679,0,738684.49736455,1146,1,0
15848.3370911786,40,2616.6,2302.4,2093.4,0.812409570046606,0,738684.497365013,1146,1,0
15848.377090245,40,2515.4,2223.4,2074.6,0.879696155832112,0,738684.497365476,1146,1,0
15848.4170893114,40,2417.4,2174.6,2053.8,0.945681682617138,0,738684.497365939,1146,1,0
15848.4570883778,40,2362.6,2143.8,2049.2,0.981470191009929,0,738684.497366402,1146,1,0
15848.4970874442,40,2320.6,2122.8,2044.6,1,0,738684.497366865,1146,1,0
15848.5370865106,40,2304,2117.4,2040.2,1,0,738684.497367328,1146,1,0
15848.577085577,40,2305.8,2112.4,2040.4,1,0,738684.497367791,1146,1,0
15848.6170846434,40,2342.2,2123,2042.4,1,0,738684.497368254,1146,1,0
15848.6570837098,40,2387,2138.4,2047.8,0.969330739042227,0,738684.497368717,1146,1,0
15848.6970827762,40,2454.8,2171.4,2052.2,0.928397096983629,0,738684.49736918,1146,1,0
15848.7370818426,40,2546.4,2234.4,2072,0.864724653185449,0,738684.497369642,1146,1,0
15848.777080909,40,2646,2323.4,2099.6,0.793575316906683,0,738684.497370105,1146,1,0
15848.8170799754,40,2666.8,2452,2145,0.719586640122297,0,738684.497370568,1146,1,0
15848.8570790418,40,2657,2630,2214.6,0.617041238659818,0,738684.497371031,1146,1,0
15848.8970781082,40,2572.8,2798,2300.6,0.495740077303994,0,738684.497371494,1146,1,0
15848.9370771746,40,2472.4,2889.6,2400.6,0.421730440329805,0,738684.497371957,1146,1,0
15848.977076241,40,2416.8,2930,2471,0.38135234540336,0,738684.49737242,1146,1,0
15849.0170753074,40,2450.8,2941.8,2442,0.396076922961512,0,738684.497372883,1146,1,0
15849.0570743738,40,2540,2936.8,2378.4,0.432498570591717,0,738684.497373346,1146,1,0
15849.0970734402,40,2636,2854,2301.8,0.495740077303994,0,738684.497373809,1146,1,0
15849.1370725066,40,2714.2,2688.4,2218.2,0.605299016202904,0,738684.497374272,1146,1,0
15849.177071573,40,2742.2,2506,2155.6,0.69067652983471,0,738684.497374735,1146,1,0
15849.2170706394,40,2688.4,2360.6,2105.2,0.768841674721193,0,738684.497375198,1146,1,0
15849.2570697058,40,2581.8,2258.8,2081.2,0.841648031306038,0,738684.497375661,1146,1,0
15849.2970687722,40,2478,2191.4,2061.2,0.91140871723736,0,738684.497376124,1146,1,0
15849.3370678386,40,2391.4,2149.6,2045.6,0.963334962218702,0,738684.497376587,1146,1,0
15849.377066905,40,2341.4,2126.8,2042,1,0,738684.49737705,1146,1,0
15849.4170659714,40,2306.2,2110.2,2038,1,0,738684.497377513,1146,1,0
15849.4570650378,40,2298.8,2104.6,2038.4,1,0,738684.497377975,1146,1,0
15849.4970641042,40,2316.6,2114.8,2041,1,0,738684.497378438,1146,1,0
15849.5370631706,40,2359.8,2129.2,2041,0.98760735140419,0,738684.497378901,1146,1,0
15849.577062237,40,2420.4,2156,2050,0.951507301379275,0,738684.497379364,1146,1,0
15849.6170613034,40,2516.4,2204.8,2065.2,0.889926901112563,0,738684.497379827,1146,1,0
15849.6570603698,40,2622.2,2281.8,2084.2,0.816378308563394,0,738684.49738029,1146,1,0
15849.6970594362,40,2699.8,2412.8,2125.6,0.738923200384679,0,738684.497380753,1146,1,0
15849.7370585026,40,2703.2,2586,2185.8,0.648129975506603,0,738684.497381216,1146,1,0
15849.777057569,40,2623.4,2764.6,2271.6,0.550236263228431,0,738684.497381679,1146,1,0
15849.8170566354,40,2514.6,2884.4,2372,0.437743532746865,0,738684.497382142,1146,1,0
15849.8570557018,40,2423.6,2949.8,2475.8,0.38135234540336,0,738684.497382605,1146,1,0
15849.8970547682,40,2410.2,2964.8,2497.6,0.36546342842044,0,738684.497383068,1146,1,0
15849.9370538346,40,2467.2,2978.4,2451,0.396076922961512,0,738684.497383531,1146,1,0
15849.977052901,40,2553.2,2946.8,2371.4,0.437743532746865,0,738684.497383994,1146,1,0
15850.0170519674,40,2648.8,2833.8,2286,0.532884543384682,0,738684.497384457,1146,1,0
15850.0570510338,40,2726,2657.8,2208.8,0.617041238659818,0,738684.49738492,1146,1,0
15850.0970501002,40,2737,2481.4,2142.6,0.703551912933977,0,738684.497385383,1146,1,0
15850.1370491666,40,2674.6,2340,2103,0.77915429777298,0,738684.497385846,1146,1,0
15850.177048233,40,2566.2,2246.8,2077.8,0.850530689995972,0,738684.497386309,1146,1,0
15850.2170472994,40,2458.4,2184.2,2060.4,0.922681122048444,0,738684.497386772,1146,1,0
15850.2570463658,40,2388.4,2149,2047.4,0.969330739042227,0,738684.497387235,1146,1,0
15850.2970454322,40,2335.8,2127.8,2043.4,1,0,738684.497387698,1146,1,0
15850.3370444986,40,2310.4,2116.2,2040.4,1,0,738684.49738816,1146,1,0
15850.377043565,40,2298.6,2110.2,2039.8,1,0,738684.497388623,1146,1,0
15850.4170426314,40,2323.8,2115.8,2038.6,1,0,738684.497389086,1146,1,0
15850.4570416978,40,2356.4,2127.6,2043.2,0.98760735140419,0,738684.497389549,1146,1,0
15850.4970407642,40,2413.4,2153.4,2049.2,0.951507301379275,0,738684.497390012,1146,1,0
15850.5370398306,40,2507,2199.6,2063.4,0.895128281408961,0,738684.497390475,1146,1,0
15850.577038897,40,2605.6,2273.2,2080.4,0.828749855133686,0,738684.497390938,1146,1,0
15850.6170379634,40,2660,2389,2119.6,0.755350806424959,0,738684.497391401,1146,1,0
15850.6570370298,40,2689.8,2551,2176.2,0.664691440014781,0,738684.497391864,1146,1,0
15850.6970360962,40,2628,2729,2253.8,0.56694533960948,0,738684.497392327,1146,1,0
15850.7370351626,40,2537.8,2891.6,2357.8,0.443015536937748,0,738684.49739279,1146,1,0
15850.777034229,40,2446.8,2973.2,2465,0.38886050242203,0,738684.497393253,1146,1,0
15850.8170332954,40,2418.6,2959.4,2491.2,0.373555726838669,0,738684.497393716,1146,1,0
15850.8570323618,40,2471.6,2975,2446.2,0.402990075718856,0,738684.497394179,1146,1,0
15850.8970314282,40,2547.4,2935,2369.8,0.437743532746865,0,738684.497394642,1146,1,0
15850.9370304946,40,2643.6,2828,2286.8,0.532884543384682,0,738684.497395105,1146,1,0
15850.977029561,40,2715,2652.4,2201.8,0.620670210669844,0,738684.497395568,1146,1,0
15851.0170286274,40,2728,2470,2141.4,0.709966050179064,0,738684.497396031,1146,1,0
15851.0570276938,40,2647.2,2319.8,2100.6,0.793575316906683,0,738684.497396494,1146,1,0
15851.0970267602,40,2527.2,2226,2073.2,0.874641614251024,0,738684.497396957,1146,1,0
15851.1370258266,40,2433.8,2171.8,2054,0.939909252434471,0,738684.49739742,1146,1,0
15851.177024893,40,2364.2,2138.2,2048,0.981470191009929,0,738684.497397883,1146,1,0
15851.2170239594,40,2318.6,2121.4,2044.8,1,0,738684.497398345,1146,1,0
15851.2570230258,40,2294.2,2108.6,2037.4,1,0,738684.497398808,1146,1,0
15851.2970220922,40,2291.6,2106.8,2040.2,1,0,738684.497399271,1146,1,0
15851.3370211586,40,2323.8,2114.4,2039.6,1,0,738684.497399734,1146,1,0
15851.377020225,40,2368.4,2131.2,2040.4,0.981470191009929,0,738684.497400197,1146,1,0
15851.4170192914,40,2437.8,2164.6,2052.4,0.939909252434471,0,738684.49740066,1146,1,0
15851.4570183578,40,2530.2,2218,2067.6,0.879696155832112,0,738684.497401123,1146,1,0
15851.4970174242,40,2636.6,2311.2,2095.4,0.800998633917584,0,738684.497401586,1146,1,0
15851.5370164906,40,2678,2448.8,2140,0.722800925966807,0,738684.497402049,1146,1,0
15851.577015557,40,2665,2636.6,2211.2,0.61334157805252,0,738684.497402512,1146,1,0
15851.6170146234,40,2576.2,2815.4,2306.4,0.491613825047665,0,738684.497402975,1146,1,0
15851.6570136898,40,2471.2,2926.2,2421,0.409582826119754,0,738684.497403438,1146,1,0
15851.6970127562,40,2394,2948,2510.2,0.356497976346759,0,738684.497403901,1146,1,0
15851.7370118226,40,2410,2951.8,2493.4,0.373555726838669,0,738684.497404364,1146,1,0
15851.777010889,40,2495.4,2982.2,2434.8,0.409582826119754,0,738684.497404827,1146,1,0
15851.8170099554,40,2584.6,2931.4,2351.8,0.44830310725817,0,738684.49740529,1146,1,0
15851.8570090218,40,2674.4,2782.6,2261.6,0.561591735227539,0,738684.497405753,1146,1,0
15851.8970080882,40,2738.2,2592.4,2180.8,0.648129975506603,0,738684.497406216,1146,1,0
15851.9370071546,40,2717.8,2412.2,2122.4,0.738923200384679,0,738684.497406679,1146,1,0
15851.977006221,40,2624.8,2291.8,2089.2,0.812409570046606,0,738684.497407141,1146,1,0
15852.0170052874,40,2502.2,2208.4,2064.2,0.895128281408961,0,738684.497407604,1146,1,0
15852.0570043538,40,2408.2,2160.6,2052.2,0.951507301379275,0,738684.497408067,1146,1,0
15852.0970034202,40,2348.8,2133.8,2044.8,0.993785067485734,0,738684.49740853,1146,1,0
15852.1370024866,40,2312.2,2117,2041.6,1,0,738684.497408993,1146,1,0
15852.177001553,40,2292.4,2110.4,2041.2,1,0,738684.497409456,1146,1,0
15852.2170006194,40,2298.6,2108.6,2040.2,1,0,738684.497409919,1146,1,0
15852.2569996858,40,2333.4,2119.4,2042.8,1,0,738684.497410382,1146,1,0
15852.2969987522,40,2389.4,2138.4,2043.4,0.969330739042227,0,738684.497410845,1146,1,0
15852.3369978186,40,2452.2,2171,2054.8,0.928397096983629,0,738684.497411308,1146,1,0
15852.376996885,40,2546,2226.8,2070,0.869646511663396,0,738684.497411771,1146,1,0
15852.4169959514,40,2614,2318.2,2102.2,0.804740833678851,0,738684.497412234,1146,1,0
15852.4569950178,40,2639,2447.8,2148.6,0.722800925966807,0,738684.497412697,1146,1,0
15852.4969940842,40,2625.6,2617,2211.8,0.617041238659818,0,738684.49741316,1146,1,0
15852.5369931506,40,2536.2,2755.4,2305.4,0.504005523414082,0,738684.497413623,1146,1,0
15852.576992217,40,2444.8,2851.8,2404.4,0.415835616278058,0,738684.497414086,1146,1,0
15852.6169912834,40,2396.2,2872.2,2465.6,0.373555726838669,0,738684.497414549,1146,1,0
15852.6569903498,40,2435.8,2941.6,2460.6,0.38886050242203,0,738684.497415012,1146,1,0
15852.6969894162,40,2526.6,2942,2393.4,0.427256089976996,0,738684.497415475,1146,1,0
15852.7369884826,40,2624.6,2872,2311.4,0.483127937558863,0,738684.497415938,1146,1,0
15852.776987549,40,2709.2,2704.4,2221.8,0.600935927986466,0,738684.497416401,1146,1,0
15852.8169866154,40,2745,2522,2156,0.684216142532836,0,738684.497416864,1146,1,0
15852.8569856818,40,2702.4,2368.6,2110.4,0.758704666363614,0,738684.497417326,1146,1,0
15852.8969847482,40,2586.2,2260.4,2080.2,0.837305347240683,0,738684.497417789,1146,1,0
15852.9369838146,40,2474.4,2194.4,2058.6,0.91140871723736,0,738684.497418252,1146,1,0
15852.976982881,40,2391.8,2153.2,2048.2,0.963334962218702,0,738684.497418715,1146,1,0
15853.0169819474,40,2346,2130,2044.2,0.993785067485734,0,738684.497419178,1146,1,0
15853.0569810138,40,2305,2117.6,2041.6,1,0,738684.497419641,1146,1,0
15853.0969800802,40,2290.8,2105.6,2038.8,1,0,738684.497420104,1146,1,0
15853.1369791466,40,2313,2115.4,2042,1,0,738684.497420567,1146,1,0
15853.176978213,40,2349.4,2123,2040.6,0.993785067485734,0,738684.49742103,1146,1,0
15853.2169772794,40,2395,2143.2,2046.4,0.963334962218702,0,738684.497421493,1146,1,0
15853.2569763458,40,2474.6,2178.2,2059.6,0.917013117136947,0,738684.497421956,1146,1,0
15853.2969754122,40,2564.2,2241.6,2077.6,0.855154006574624,0,738684.497422419,1146,1,0
15853.3369744786,40,2645.6,2343.4,2107.4,0.782692588654786,0,738684.497422882,1146,1,0
15853.376973545,40,2681,2483.4,2156.8,0.700339035669991,0,738684.497423345,1146,1,0
15853.4169726114,40,2645,2658.6,2225.4,0.600935927986466,0,738684.497423808,1146,1,0
15853.4569716778,40,2541.8,2806.4,2318.4,0.483127937558863,0,738684.497424271,1146,1,0
15853.4969707442,40,2450.4,2894.4,2427.8,0.409582826119754,0,738684.497424734,1146,1,0
15853.5369698106,40,2405.2,2899,2476,0.373555726838669,0,738684.497425197,1146,1,0
15853.576968877,40,2443.6,2911.8,2439.2,0.396076922961512,0,738684.49742566,1146,1,0
15853.6169679434,40,2531.6,2915.8,2371.8,0.437743532746865,0,738684.497426123,1146,1,0
15853.6569670098,40,2634.4,2832.8,2292.6,0.508242322241532,0,738684.497426586,1146,1,0
15853.6969660762,40,2722.2,2671.6,2207.4,0.61334157805252,0,738684.497427049,1146,1,0
15853.7369651426,40,2747.4,2487.2,2145.6,0.700339035669991,0,738684.497427511,1146,1,0
15853.776964209,40,2694.4,2345.4,2103,0.772233014043569,0,738684.497427974,1146,1,0
15853.8169632754,40,2588.4,2243,2071.2,0.846031337148546,0,738684.497428437,1146,1,0
15853.8569623418,40,2473.8,2180.4,2059,0.917013117136947,0,738684.4974289,1146,1,0
15853.8969614082,40,2382.4,2145.6,2046.8,0.969330739042227,0,738684.497429363,1146,1,0
15853.9369604746,40,2331.4,2121,2043.4,1,0,738684.497429826,1146,1,0
15853.976959541,40,2298.6,2110.6,2036.2,1,0,738684.497430289,1146,1,0
15854.0169586074,40,2300,2110.8,2038,1,0,738684.497430752,1146,1,0
15854.0569576738,40,2331,2114,2040.8,1,0,738684.497431215,1146,1,0
15854.0969567402,40,2384.4,2137,2045.8,0.975376895053477,0,738684.497431678,1146,1,0
15854.1369558066,40,2452.6,2170.6,2054.4,0.928397096983629,0,738684.497432141,1146,1,0
15854.176954873,40,2553.6,2229.2,2072,0.864724653185449,0,738684.497432604,1146,1,0
15854.2169539394,40,2653.4,2320.4,2101.6,0.789908020549802,0,738684.497433067,1146,1,0
15854.2569530058,40,2692.4,2460.6,2142.6,0.716376706440077,0,738684.49743353,1146,1,0
15854.2969520722,40,2656.6,2627.4,2209,0.617041238659818,0,738684.497433993,1146,1,0
15854.3369511386,40,2569,2783.4,2299.8,0.504005523414082,0,738684.497434456,1146,1,0
15854.376950205,40,2461.4,2859.4,2395.6,0.421730440329805,0,738684.497434919,1146,1,0
15854.4169492714,40,2402.2,2873,2459.2,0.38135234540336,0,738684.497435382,1146,1,0
15854.4569483378,40,2437.6,2909,2446.4,0.396076922961512,0,738684.497435845,1146,1,0
15854.4969474042,40,2516.2,2917.6,2383,0.432498570591717,0,738684.497436307,1146,1,0
15854.5369464706,40,2620,2877.4,2311.2,0.483127937558863,0,738684.49743677,1146,1,0
15854.576945537,40,2702.8,2725.6,2228.2,0.591669078597459,0,738684.497437233,1146,1,0
15854.6169446034,40,2745,2528.4,2156.6,0.680981033552426,0,738684.497437696,1146,1,0
15854.6569436698,40,2698.4,2381.6,2108.8,0.755350806424959,0,738684.497438159,1146,1,0
15854.6969427362,40,2592.2,2269.2,2080.6,0.833002741240853,0,738684.497438622,1146,1,0
15854.7369418026,40,2481.8,2196.8,2061.6,0.90588324353745,0,738684.497439085,1146,1,0
15854.776940869,40,2402,2158.4,2055.2,0.957392764220256,0,738684.497439548,1146,1,0
15854.8169399354,40,2350.6,2130,2046.8,0.993785067485734,0,738684.497440011,1146,1,0
15854.8569390018,40,2311.8,2115,2042.4,1,0,738684.497440474,1146,1,0
15854.8969380682,40,2301,2112.8,2039.6,1,0,738684.497440937,1146,1,0
15854.9369371346,40,2320.2,2119.4,2046.6,1,0,738684.4974414,1146,1,0
15854.976936201,40,2371,2136.6,2047.6,0.981470191009929,0,738684.497441863,1146,1,0
15855.0169352674,40,2441.8,2164.4,2050,0.934145162156038,0,738684.497442326,1146,1,0
15855.0579343105,41,2516.8,2205.2,2063.2,0.889926901112563,0,738684.4974428,1146,1,0
15855.0979333769,40,2612.8,2275.4,2084.8,0.824555873811782,0,738684.497443263,1146,1,0
15855.1379324433,40,2668.8,2380.2,2117.2,0.758704666363614,0,738684.497443726,1146,1,0
15855.1779315097,40,2674.6,2516.6,2166.8,0.680981033552426,0,738684.497444189,1146,1,0
15855.2179305761,40,2611.6,2672.8,2238.8,0.581917536525862,0,738684.497444652,1146,1,0
15855.2579296425,40,2525.8,2787.8,2323.8,0.483127937558863,0,738684.497445115,1146,1,0
15855.2979287089,40,2444.6,2852.8,2405,0.415835616278058,0,738684.497445578,1146,1,0
15855.3379277753,40,2461,2866.8,2398.2,0.421730440329805,0,738684.497446041,1146,1,0
15855.3779268417,40,2527.8,2832.8,2339.6,0.463991214758112,0,738684.497446504,1146,1,0
15855.4179259081,40,2630,2793.2,2280.8,0.538592179709432,0,738684.497446967,1146,1,0
15855.4579249745,40,2702.4,2674.4,2214.6,0.609441754663018,0,738684.49744743,1146,1,0
15855.4979240409,40,2742.2,2533.8,2160,0.677742985086675,0,738684.497447893,1146,1,0
15855.5379231073,40,2711.6,2405,2117.4,0.742159015519958,0,738684.497448356,1146,1,0
15855.5779221737,40,2661.4,2311,2092.8,0.793575316906683,0,738684.497448819,1146,1,0
15855.6179212401,40,2587.2,2246.2,2072.2,0.846031337148546,0,738684.497449282,1146,1,0
15855.6579203065,40,2510,2201.2,2064.2,0.895128281408961,0,738684.497449745,1146,1,0
15855.6979193729,40,2441.4,2172,2057,0.934145162156038,0,738684.497450208,1146,1,0
15855.7379184393,40,2396.4,2148.6,2047.8,0.963334962218702,0,738684.497450671,1146,1,0
15855.7779175057,40,2363.4,2140,2044.4,0.981470191009929,0,738684.497451134,1146,1,0
15855.8179165721,40,2343.2,2128.8,2045.8,0.993785067485734,0,738684.497451597,1146,1,0
15855.8579156385,40,2332,2128.4,2042.4,1,0,738684.497452059,1146,1,0
15855.8979147049,40,2325.6,2127.8,2047.4,1,0,738684.497452522,1146,1,0
15855.9379137713,40,2330.2,2130.8,2044,1,0,738684.497452985,1146,1,0
15855.9779128377,40,2335.8,2133.6,2046.2,1,0,738684.497453448,1146,1,0
15856.0179119041,40,2344.2,2141.6,2044.2,0.993785067485734,0,738684.497453911,1146,1,0
15856.0579109705,40,2354.8,2141.6,2047.6,0.98760735140419,0,738684.497454374,1146,1,0
15856.0979100369,40,2359.6,2143,2049.2,0.981470191009929,0,738684.497454837,1146,1,0
15856.1379091033,40,2363.2,2145.6,2051.2,0.981470191009929,0,738684.4974553,1146,1,0
15856.1779081697,40,2376.4,2149.6,2049.8,0.975376895053477,0,738684.497455763,1146,1,0
15856.2179072361,40,2389.2,2145.2,2047.6,0.969330739042227,0,738684.497456226,1146,1,0
15856.2579063025,40,2399.2,2153.8,2050.6,0.963334962218702,0,738684.497456689,1146,1,0
15856.2979053689,40,2408.6,2155.4,2052.2,0.957392764220256,0,738684.497457152,1146,1,0
15856.3379044353,40,2417.2,2160.6,2050.6,0.951507301379275,0,738684.497457615,1146,1,0
15856.3779035017,40,2431.6,2159.6,2053.2,0.939909252434471,0,738684.497458078,1146,1,0
15856.4179025681,40,2431.4,2165.2,2055.6,0.939909252434471,0,738684.497458541,1146,1,0
15856.4579016345,40,2438.6,2167.6,2053.4,0.934145162156038,0,738684.497459004,1146,1,0
15856.4979007009,40,2444.8,2172,2055,0.934145162156038,0,738684.497459467,1146,1,0
15856.5378997673,40,2448.8,2173.8,2054.2,0.928397096983629,0,738684.49745993,1146,1,0
15856.5778988337,40,2452.6,2177.2,2055,0.928397096983629,0,738684.497460393,1146,1,0
15856.6178979001,40,2457.4,2180.6,2055.4,0.922681122048444,0,738684.497460856,1146,1,0
15856.6578969665,40,2460.6,2184.8,2056.6,0.922681122048444,0,738684.497461319,1146,1,0
15856.6978960329,40,2468.4,2190.8,2057.8,0.917013117136947,0,738684.497461781,1146,1,0
15856.7378950993,40,2476,2192.6,2061.8,0.91140871723736,0,738684.497462244,1146,1,0
15856.7778941657,40,2474.6,2197,2062.4,0.91140871723736,0,738684.497462707,1146,1,0
15856.8178932321,40,2487.2,2202.6,2062.6,0.900451621459986,0,738684.49746317,1146,1,0
15856.8578922985,40,2494.8,2204.6,2064.6,0.900451621459986,0,738684.497463633,1146,1,0
15856.8978913649,40,2501.4,2208.4,2065.8,0.895128281408961,0,738684.497464096,1146,1,0
15856.9378904313,40,2509.4,2208.4,2068.2,0.889926901112563,0,738684.497464559,1146,1,0
15856.9778894977,40,2515.2,2216.2,2067.6,0.884796034058834,0,738684.497465022,1146,1,0
15857.0178885641,40,2526,2219.8,2067,0.879696155832112,0,738684.497465485,1146,1,0
15857.0578876305,40,2528.8,2228.2,2069.8,0.874641614251024,0,738684.497465948,1146,1,0
15857.0978866969,40,2537.4,2227.4,2071.2,0.869646511663396,0,738684.497466411,1146,1,0
15857.1378857633,40,2540.6,2231.6,2073.4,0.869646511663396,0,738684.497466874,1146,1,0
15857.1778848297,40,2549,2234.8,2074.2,0.864724653185449,0,738684.497467337,1146,1,0
15857.2178838961,40,2555,2247.6,2074.2,0.855154006574624,0,738684.4974678,1146,1,0
15857.2578829625,40,2564,2246.2,2079.6,0.855154006574624,0,738684.497468263,1146,1,0
15857.2978820289,40,2568.4,2252,2079.4,0.850530689995972,0,738684.497468726,1146,1,0
15857.3378810953,40,2568,2253.2,2079.6,0.850530689995972,0,738684.497469189,1146,1,0
15857.3778801617,40,2575.6,2260.2,2083,0.841648031306038,0,738684.497469652,1146,1,0
15857.4178792281,40,2585.8,2271.6,2082,0.833002741240853,0,738684.497470115,1146,1,0
15857.4578782945,40,2587.8,2274.4,2086.6,0.833002741240853,0,738684.497470578,1146,1,0
15857.4978773609,40,2596.4,2280.2,2082.6,0.828749855133686,0,738684.49747104,1146,1,0
15857.5378764273,40,2602.6,2283.2,2087.6,0.824555873811782,0,738684.497471503,1146,1,0
15857.5778754937,40,2608,2287.8,2088.4,0.820429400219418,0,738684.497471966,1146,1,0
15857.6178745601,40,2611.8,2291.8,2090,0.816378308563394,0,738684.497472429,1146,1,0
15857.6578736265,40,2616.4,2298.4,2092.6,0.812409570046606,0,738684.497472892,1146,1,0
15857.6978726929,40,2621.8,2303,2095.6,0.808529044605241,0,738684.497473355,1146,1,0
15857.7378717593,40,2626.6,2308.4,2096.8,0.804740833678851,0,738684.497473818,1146,1,0
15857.7778708257,40,2632.2,2319.8,2098,0.797274419786194,0,738684.497474281,1146,1,0
15857.8178698921,40,2632.6,2319.6,2101,0.797274419786194,0,738684.497474744,1146,1,0
15857.8578689585,40,2641,2331.2,2101.4,0.789908020549802,0,738684.497475207,1146,1,0
15857.8978680249,40,2642,2333.8,2101.6,0.789908020549802,0,738684.49747567,1146,1,0
15857.9378670913,40,2649.8,2339.8,2108.2,0.782692588654786,0,738684.497476133,1146,1,0
15857.9778661577,40,2653.8,2344.8,2107.2,0.77915429777298,0,738684.497476596,1146,1,0
15858.0178652241,40,2653.2,2354,2110.2,0.775667113969294,0,738684.497477059,1146,1,0
15858.0578642905,40,2658.6,2359.6,2108.6,0.772233014043569,0,738684.497477522,1146,1,0
15858.0978633569,40,2660.2,2364.2,2116.8,0.768841674721193,0,738684.497477985,1146,1,0
15858.1378624233,40,2659.8,2370.2,2116.4,0.76545499769829,0,738684.497478448,1146,1,0
15858.1778614897,40,2666.2,2380.2,2117.8,0.758704666363614,0,738684.497478911,1146,1,0
15858.2178605561,40,2672,2383.6,2118.6,0.758704666363614,0,738684.497479374,1146,1,0
15858.2578596225,40,2670.8,2396.8,2120.8,0.752016725630693,0,738684.497479837,1146,1,0
15858.2978586889,40,2676.4,2399.6,2126.2,0.748705579178257,0,738684.4974803,1146,1,0
15858.3378577553,40,2674.4,2408.2,2125.4,0.745419432004827,0,738684.497480763,1146,1,0
15858.3778568217,40,2672.6,2408.4,2130.6,0.745419432004827,0,738684.497481225,1146,1,0
15858.4178558881,40,2665.6,2413.2,2135.2,0.742159015519958,0,738684.497481688,1146,1,0
15858.4578549545,40,2663.6,2413.8,2131.2,0.742159015519958,0,738684.497482151,1146,1,0
15858.4978540209,40,2656.2,2392.4,2126.4,0.755350806424959,0,738684.497482614,1146,1,0
15858.5378530873,40,2632.6,2340,2108,0.786278650390616,0,738684.497483077,1146,1,0
15858.5778521537,40,2581.6,2277.2,2088.6,0.833002741240853,0,738684.49748354,1146,1,0
15858.6178512201,40,2509.8,2220.8,2066,0.884796034058834,0,738684.497484003,1146,1,0
15858.6578502865,40,2442.8,2179.8,2055.6,0.934145162156038,0,738684.497484466,1146,1,0
15858.6978493529,40,2373.6,2146.8,2049,0.975376895053477,0,738684.497484929,1146,1,0
15858.7378484193,40,2330,2126.8,2044,1,0,738684.497485392,1146,1,0
15858.7778474857,40,2298.8,2113.8,2041.2,1,0,738684.497485855,1146,1,0
15858.8178465521,40,2287.2,2111.8,2039.6,1,0,738684.497486318,1146,1,0
15858.8578456185,40,2293.2,2116.6,2044,1,0,738684.497486781,1146,1,0
15858.8978446849,40,2304.6,2121.6,2045.8,1,0,738684.497487244,1146,1,0
15858.9378437513,40,2301.4,2125.2,2048.2,1,0,738684.497487707,1146,1,0
15858.9778428177,40,2312.4,2134.6,2049.4,1,0,738684.49748817,1146,1,0
15859.0178418841,40,2346.4,2150.2,2053.6,0.98760735140419,0,738684.497488633,1146,1,0
15859.0578409505,40,2411.6,2182.8,2063.8,0.945681682617138,0,738684.497489096,1146,1,0
15859.0978400169,40,2504.4,2245.2,2081.6,0.879696155832112,0,738684.497489559,1146,1,0
15859.1378390833,40,2578.8,2354.8,2120.4,0.793575316906683,0,738684.497490022,1146,1,0
15859.1778381497,40,2587.6,2513,2186.2,0.674497686432619,0,738684.497490485,1146,1,0
15859.2178372161,40,2528.2,2694.6,2278.6,0.538592179709432,0,738684.497490947,1146,1,0
15859.2578362825,40,2420.4,2817.4,2407.4,0.409582826119754,0,738684.49749141,1146,1,0
15859.2978353489,40,2323.6,2819.2,2524.8,0.320891404714916,0,738684.497491873,1146,1,0
15859.3378344153,40,2318.6,2814.6,2532.2,0.320891404714916,0,738684.497492336,1146,1,0
15859.3778334817,40,2377.8,2810.8,2452.6,0.373555726838669,0,738684.497492799,1146,1,0
15859.4178325481,40,2462,2747.6,2338,0.478648808335904,0,738684.497493262,1146,1,0
15859.4578316145,40,2584.4,2616,2223,0.605299016202904,0,738684.497493725,1146,1,0
15859.4978306809,40,2623.6,2422.2,2138.4,0.742159015519958,0,738684.497494188,1146,1,0
15859.5378297473,40,2543.2,2286,2093.6,0.846031337148546,0,738684.497494651,1146,1,0
15859.5778288137,40,2465.2,2205.6,2069.8,0.91140871723736,0,738684.497495114,1146,1,0
15859.6178278801,40,2372.6,2159.8,2057,0.969330739042227,0,738684.497495577,1146,1,0
15859.6578269465,40,2309.4,2134,2049.6,1,0,738684.49749604,1146,1,0
15859.6978260129,40,2281.2,2118.6,2046.6,1,0,738684.497496503,1146,1,0
15859.7378250793,40,2292.2,2123,2043.8,1,0,738684.497496966,1146,1,0
15859.7778241457,40,2327,2139.2,2048,1,0,738684.497497429,1146,1,0
15859.8178232121,40,2375.2,2168.8,2058.6,0.969330739042227,0,738684.497497892,1146,1,0
15859.8578222785,40,2460.6,2218.8,2073.6,0.91140871723736,0,738684.497498355,1146,1,0
15859.8978213449,40,2554,2310,2109.6,0.828749855133686,0,738684.497498818,1146,1,0
15859.9378204113,40,2606.6,2454.4,2160,0.719586640122297,0,738684.497499281,1146,1,0
15859.9778194777,40,2566,2632.6,2240.6,0.586834992766542,0,738684.497499743,1146,1,0
15860.0178185441,40,2465.6,2777.8,2349.6,0.463991214758112,0,738684.497500206,1146,1,0
15860.0578176105,40,2365.2,2829.2,2478.4,0.356497976346759,0,738684.497500669,1146,1,0
15860.0978166769,40,2313.8,2800.4,2532.6,0.320891404714916,0,738684.497501132,1146,1,0
15860.1378157433,40,2352.2,2827.6,2496.6,0.345854372631172,0,738684.497501595,1146,1,0
15860.1778148097,40,2418.2,2785.8,2393.2,0.421730440329805,0,738684.497502058,1146,1,0
15860.2178138761,40,2516,2681.4,2280,0.538592179709432,0,738684.497502521,1146,1,0
15860.2578129425,40,2614.6,2512.4,2176.6,0.680981033552426,0,738684.497502984,1146,1,0
15860.2978120089,40,2580.8,2343.2,2113.4,0.800998633917584,0,738684.497503447,1146,1,0
15860.3378110753,40,2490.4,2241.6,2080.4,0.884796034058834,0,738684.49750391,1146,1,0
15860.3778101417,40,2407,2181.6,2059.8,0.945681682617138,0,738684.497504373,1146,1,0
15860.4178092081,40,2335.8,2145.2,2053.4,0.993785067485734,0,738684.497504836,1146,1,0
15860.4578082745,40,2302.2,2131.8,2048.8,1,0,738684.497505299,1146,1,0
15860.4978073409,40,2300.2,2127.4,2048.8,1,0,738684.497505762,1146,1,0
15860.5378064073,40,2319.2,2136,2050.6,1,0,738684.497506225,1146,1,0
15860.5778054737,40,2368.2,2157.4,2055.2,0.975376895053477,0,738684.497506688,1146,1,0
15860.6178045401,40,2448.6,2205,2071.6,0.917013117136947,0,738684.497507151,1146,1,0
15860.6578036065,40,2523.6,2284.2,2093.2,0.855154006574624,0,738684.497507614,1146,1,0
15860.6978026729,40,2599.2,2409.2,2138,0.755350806424959,0,738684.497508077,1146,1,0
15860.7378017393,40,2583.4,2569.4,2210.2,0.63467128498077,0,738684.49750854,1146,1,0
15860.7778008057,40,2497.2,2725.8,2310,0.499855013752571,0,738684.497509003,1146,1,0
15860.8177998721,40,2401.6,2823.6,2431.4,0.396076922961512,0,738684.497509466,1146,1,0
15860.8577989385,40,2327.4,2806.8,2518,0.333857759187155,0,738684.497509928,1146,1,0
15860.8977980049,40,2341.8,2833.2,2504,0.345854372631172,0,738684.497510391,1146,1,0
15860.9377970713,40,2400.4,2818.2,2424.2,0.396076922961512,0,738684.497510854,1146,1,0
15860.9777961377,40,2475,2721.8,2312.2,0.495740077303994,0,738684.497511317,1146,1,0
15861.0177952041,40,2569.6,2568.6,2209.4,0.631236010455004,0,738684.49751178,1146,1,0
15861.0577942705,40,2589.6,2389,2130,0.768841674721193,0,738684.497512243,1146,1,0
15861.0977933369,40,2511.6,2268.2,2092,0.864724653185449,0,738684.497512706,1146,1,0
15861.1377924033,40,2422.2,2198.2,2067.2,0.934145162156038,0,738684.497513169,1146,1,0
15861.1777914697,40,2356.4,2154.6,2050.2,0.981470191009929,0,738684.497513632,1146,1,0
15861.2177905361,40,2311.4,2134.8,2050.8,1,0,738684.497514095,1146,1,0
15861.2577896025,40,2293.8,2123.8,2047.6,1,0,738684.497514558,1146,1,0
15861.2977886689,40,2307.6,2132,2049.8,1,0,738684.497515021,1146,1,0
15861.3377877353,40,2350.4,2151.8,2055.4,0.98760735140419,0,738684.497515484,1146,1,0
15861.3777868017,40,2429,2192.2,2068.4,0.934145162156038,0,738684.497515947,1146,1,0
15861.4177858681,40,2514.6,2264.2,2087.6,0.864724653185449,0,738684.49751641,1146,1,0
15861.4577849345,40,2586,2386.8,2135,0.768841674721193,0,738684.497516873,1146,1,0
15861.4977840009,40,2588.4,2557.2,2198,0.644795282192648,0,738684.497517336,1146,1,0
15861.5377830673,40,2503.4,2728.2,2302.8,0.504005523414082,0,738684.497517799,1146,1,0
15861.5777821337,40,2400,2818.2,2429.8,0.396076922961512,0,738684.497518262,1146,1,0
15861.6177812001,40,2324.2,2808.8,2530.4,0.320891404714916,0,738684.497518725,1146,1,0
15861.7017792395,84,2389.6,2805.4,2435.6,0.38886050242203,0,738684.497519697,1146,1,0
15861.7417783059,40,2484,2736.4,2324.4,0.491613825047665,0,738684.49752016,1146,1,0
15861.7817773723,40,2599.2,2589,2211.8,0.624241290397594,0,738684.497520623,1146,1,0
15861.8217764387,40,2616.2,2401.8,2132.6,0.755350806424959,0,738684.497521086,1146,1,0
15861.8617755051,40,2523.4,2268.8,2088.4,0.859889483197649,0,738684.497521549,1146,1,0
15861.9017745715,40,2418.2,2195.6,2066.4,0.939909252434471,0,738684.497522012,1146,1,0
15861.9417736379,40,2349,2151.6,2056.2,0.98760735140419,0,738684.497522474,1146,1,0
15861.9817727043,40,2310.4,2132,2050.2,1,0,738684.497522937,1146,1,0
15862.0217717707,40,2292.4,2125.6,2047.4,1,0,738684.4975234,1146,1,0
15862.0617708371,40,2300.6,2129.4,2050,1,0,738684.497523863,1146,1,0
15862.1017699035,40,2329.8,2139.2,2050.6,1,0,738684.497524326,1146,1,0
15862.1417689699,40,2366,2157.2,2060.4,0.975376895053477,0,738684.497524789,1146,1,0
15862.1817680363,40,2418.6,2184.8,2064.4,0.939909252434471,0,738684.497525252,1146,1,0
15862.2217671027,40,2474.6,2224.4,2078,0.900451621459986,0,738684.497525715,1146,1,0
15862.2617661691,40,2535.2,2287.6,2096.4,0.846031337148546,0,738684.497526178,1146,1,0
15862.3017652355,40,2580.6,2364.8,2126.4,0.786278650390616,0,738684.497526641,1146,1,0
15862.3417643019,40,2594.2,2467.2,2163,0.709966050179064,0,738684.497527104,1146,1,0
15862.3817633683,40,2576.8,2577.6,2215.2,0.624241290397594,0,738684.497527567,1146,1,0
15862.4217624347,40,2528.8,2682.4,2273.8,0.544405753883346,0,738684.49752803,1146,1,0
15862.4617615011,40,2480.6,2761.4,2331.4,0.478648808335904,0,738684.497528493,1146,1,0
15862.5017605675,40,2443,2793.6,2377.2,0.443015536937748,0,738684.497528956,1146,1,0
15862.5417596339,40,2431.4,2789,2381.2,0.437743532746865,0,738684.497529419,1146,1,0
15862.5817587003,40,2459.4,2748.4,2340,0.473941473653243,0,738684.497529882,1146,1,0
15862.6217577667,40,2503.4,2693,2288,0.527369038802404,0,738684.497530345,1146,1,0
15862.6617568331,40,2568,2594,2220.2,0.61334157805252,0,738684.497530808,1146,1,0
15862.7017558995,40,2599.8,2458.8,2160.2,0.716376706440077,0,738684.497531271,1146,1,0
15862.7417549659,40,2559.2,2332.8,2115.6,0.812409570046606,0,738684.497531733,1146,1,0
15862.7817540323,40,2495.2,2248.2,2081.2,0.879696155832112,0,738684.497532196,1146,1,0
15862.8217530987,40,2427.8,2187.6,2064.8,0.934145162156038,0,738684.497532659,1146,1,0
15862.8617521651,40,2365.2,2151,2057.6,0.975376895053477,0,738684.497533122,1146,1,0
15862.9017512315,40,2316.6,2131.4,2048.6,1,0,738684.497533585,1146,1,0
15862.9417502979,40,2294.6,2122.6,2043.8,1,0,738684.497534048,1146,1,0
15862.9817493643,40,2283,2123.2,2046.8,1,0,738684.497534511,1146,1,0
15863.0217484307,40,2306,2128.6,2047.6,1,0,738684.497534974,1146,1,0
15863.0617474971,40,2345.4,2141.6,2049.4,0.993785067485734,0,738684.497535437,1146,1,0
15863.1017465635,40,2394.2,2173.8,2058,0.957392764220256,0,738684.4975359,1146,1,0
15863.1417456299,40,2466.8,2217.4,2074,0.90588324353745,0,738684.497536363,1146,1,0
15863.1817446963,40,2543,2293.2,2103,0.841648031306038,0,738684.497536826,1146,1,0
15863.2217437627,40,2587.6,2413.8,2148.8,0.752016725630693,0,738684.497537289,1146,1,0
15863.2617428291,40,2579.4,2572.4,2210.8,0.631236010455004,0,738684.497537752,1146,1,0
15863.3017418955,40,2514.8,2735.6,2304.4,0.504005523414082,0,738684.497538215,1146,1,0
15863.3417409619,40,2421.2,2830.2,2418.2,0.402990075718856,0,738684.497538678,1146,1,0
15863.3817400283,40,2366.6,2795.2,2456.6,0.373555726838669,0,738684.497539141,1146,1,0
15863.4217390947,40,2426.2,2794.6,2386.2,0.427256089976996,0,738684.497539604,1146,1,0
15863.4617381611,40,2527.8,2743.2,2298.2,0.508242322241532,0,738684.497540067,1146,1,0
15863.5017372275,40,2611.2,2574,2201.4,0.638072468361496,0,738684.49754053,1146,1,0
15863.5417362939,40,2620.6,2403.6,2133.8,0.752016725630693,0,738684.497540993,1146,1,0
15863.5817353603,40,2536.4,2278.8,2090.2,0.850530689995972,0,738684.497541456,1146,1,0
15863.6217344267,40,2446.6,2205.8,2071.6,0.922681122048444,0,738684.497541918,1146,1,0
15863.6617334931,40,2365.6,2160.2,2056.6,0.975376895053477,0,738684.497542381,1146,1,0
15863.7017325595,40,2318,2136.6,2048.8,1,0,738684.497542844,1146,1,0
15863.7417316259,40,2296,2124.8,2049,1,0,738684.497543307,1146,1,0
15863.7817306923,40,2291,2122.8,2044.2,1,0,738684.49754377,1146,1,0
15863.8217297587,40,2303.8,2127,2047.4,1,0,738684.497544233,1146,1,0
15863.8617288251,40,2320,2134.2,2047.8,1,0,738684.497544696,1146,1,0
15863.9017278915,40,2329.4,2136.2,2051.4,1,0,738684.497545159,1146,1,0
15863.9417269579,40,2331.4,2141.2,2050.8,1,0,738684.497545622,1146,1,0
15863.9817260243,40,2332.6,2146.8,2052,0.993785067485734,0,738684.497546085,1146,1,0
15864.0217250907,40,2339,2141.6,2052,0.993785067485734,0,738684.497546548,1146,1,0
15864.0617241571,40,2338.6,2142.2,2053.4,0.993785067485734,0,738684.497547011,1146,1,0
15864.1017232235,40,2351.4,2151.6,2054.8,0.98760735140419,0,738684.497547474,1146,1,0
15864.1417222899,40,2358.2,2152.2,2054.6,0.981470191009929,0,738684.497547937,1146,1,0
15864.1817213563,40,2364,2155,2053,0.975376895053477,0,738684.4975484,1146,1,0
15864.2217204227,40,2362.8,2154,2053.8,0.981470191009929,0,738684.497548863,1146,1,0
15864.2617194891,40,2365.6,2161.4,2055.4,0.975376895053477,0,738684.497549326,1146,1,0
15864.3017185555,40,2376.6,2162,2057.2,0.969330739042227,0,738684.497549789,1146,1,0
15864.3417176219,40,2380.8,2164.8,2057.6,0.963334962218702,0,738684.497550252,1146,1,0
15864.3817166883,40,2383.2,2163.6,2057.2,0.963334962218702,0,738684.497550715,1146,1,0
15864.4217157547,40,2386.4,2167.6,2058,0.963334962218702,0,738684.497551178,1146,1,0
15864.4617148211,40,2392.4,2172.4,2059.6,0.957392764220256,0,738684.49755164,1146,1,0
15864.5017138875,40,2392.8,2174.4,2059,0.957392764220256,0,738684.497552103,1146,1,0
15864.5417129539,40,2398,2176,2060.2,0.951507301379275,0,738684.497552566,1146,1,0
15864.5817120203,40,2398.2,2179.6,2059.8,0.951507301379275,0,738684.497553029,1146,1,0
15864.6217110867,40,2395.4,2179.2,2061.2,0.957392764220256,0,738684.497553492,1146,1,0
15864.6617101531,40,2389,2182.6,2065.6,0.957392764220256,0,738684.497553955,1146,1,0
15864.7017092195,40,2390.8,2177.2,2063,0.957392764220256,0,738684.497554418,1146,1,0
15864.7417082859,40,2385.8,2172.4,2060.6,0.963334962218702,0,738684.497554881,1146,1,0
15864.7817073523,40,2378.6,2172.4,2064.6,0.963334962218702,0,738684.497555344,1146,1,0
15864.8217064187,40,2372.8,2170.2,2061.8,0.969330739042227,0,738684.497555807,1146,1,0
15864.8617054851,40,2373.2,2168,2060,0.969330739042227,0,738684.49755627,1146,1,0
15864.9017045515,40,2367.8,2165.2,2062.4,0.975376895053477,0,738684.497556733,1146,1,0
15864.9417036179,40,2372,2166,2061.4,0.969330739042227,0,738684.497557196,1146,1,0
15864.9817026843,40,2376,2168.8,2061.2,0.969330739042227,0,738684.497557659,1146,1,0
15865.0217017507,40,2384.6,2172.6,2062.8,0.963334962218702,0,738684.497558122,1146,1,0
15865.0617008171,40,2387.6,2178,2062.6,0.957392764220256,0,738684.497558585,1146,1,0
15865.1016998835,40,2396.8,2181.2,2063.2,0.951507301379275,0,738684.497559048,1146,1,0
15865.1416989499,40,2399.2,2180.8,2061.2,0.951507301379275,0,738684.497559511,1146,1,0
15865.1816980163,40,2399.6,2184.8,2066.8,0.951507301379275,0,738684.497559974,1146,1,0
15865.2216970827,40,2400.8,2186,2064.2,0.951507301379275,0,738684.497560437,1146,1,0
15865.2616961491,40,2409.4,2187.2,2069.2,0.945681682617138,0,738684.497560899,1146,1,0
15865.3016952155,40,2404.2,2187.2,2069.4,0.945681682617138,0,738684.497561362,1146,1,0
15865.3416942819,40,2401.8,2179.8,2065.4,0.951507301379275,0,738684.497561825,1146,1,0
15865.3816933483,40,2392.2,2176.2,2064.6,0.957392764220256,0,738684.497562288,1146,1,0
15865.4216924147,40,2372.2,2170.4,2059.8,0.969330739042227,0,738684.497562751,1146,1,0
15865.4616914811,40,2358,2155.8,2058.6,0.981470191009929,0,738684.497563214,1146,1,0
15865.5016905475,40,2346,2151.6,2058.8,0.98760735140419,0,738684.497563677,1146,1,0
15865.5416896139,40,2343.8,2146.6,2050,0.98760735140419,0,738684.49756414,1146,1,0
15865.5816886803,40,2344.8,2143.2,2049.8,0.993785067485734,0,738684.497564603,1146,1,0
15865.6216877467,40,2350.4,2144.2,2051.6,0.98760735140419,0,738684.497565066,1146,1,0
15865.6616868131,40,2369,2155.8,2056.2,0.975376895053477,0,738684.497565529,1146,1,0
15865.7016858795,40,2373.6,2167.2,2059.4,0.969330739042227,0,738684.497565992,1146,1,0
15865.7416849459,40,2401,2182.4,2065.8,0.951507301379275,0,738684.497566455,1146,1,0
15865.7816840123,40,2461.4,2215.2,2071.6,0.91140871723736,0,738684.497566918,1146,1,0
15865.8216830787,40,2533.6,2278.2,2089.2,0.850530689995972,0,738684.497567381,1146,1,0
15865.8616821451,40,2591.2,2372,2127.8,0.77915429777298,0,738684.497567844,1146,1,0
15865.9016812115,40,2592,2513.6,2184.2,0.677742985086675,0,738684.497568307,1146,1,0
15865.9416802779,40,2526.4,2669.2,2272,0.544405753883346,0,738684.49756877,1146,1,0
15865.9816793443,40,2434.8,2794.8,2382,0.437743532746865,0,738684.497569233,1146,1,0
15866.0216784107,40,2339.6,2831,2513,0.333857759187155,0,738684.497569696,1146,1,0
15866.0616774771,40,2286.4,2799.2,2585.4,0.280225485675689,0,738684.497570159,1146,1,0
15866.1016765435,40,2314.2,2810.2,2538.2,0.320891404714916,0,738684.497570622,1146,1,0
15866.1416756099,40,2389.4,2809.6,2442,0.38135234540336,0,738684.497571084,1146,1,0
15866.1816746763,40,2472.8,2710,2311.2,0.499855013752571,0,738684.497571547,1146,1,0
15866.2216737427,40,2571.4,2550.6,2205.4,0.644795282192648,0,738684.49757201,1146,1,0
15866.2616728091,40,2584.6,2377,2132,0.77915429777298,0,738684.497572473,1146,1,0
15866.3016718755,40,2516,2262.4,2091.8,0.864724653185449,0,738684.497572936,1146,1,0
15866.3416709419,40,2426.6,2195.6,2069,0.934145162156038,0,738684.497573399,1146,1,0
15866.3816700083,40,2351,2152.4,2058.6,0.98760735140419,0,738684.497573862,1146,1,0
15866.4216690747,40,2304.8,2134.6,2050.2,1,0,738684.497574325,1146,1,0
15866.4616681411,40,2290.8,2124.2,2049.2,1,0,738684.497574788,1146,1,0
15866.5016672075,40,2309.6,2131.4,2050,1,0,738684.497575251,1146,1,0
15866.5416662739,40,2348.6,2150,2051.6,0.98760735140419,0,738684.497575714,1146,1,0
15866.5816653403,40,2409.8,2182.6,2065.6,0.945681682617138,0,738684.497576177,1146,1,0
15866.6216644067,40,2493.8,2245.6,2083.8,0.884796034058834,0,738684.49757664,1146,1,0
15866.6616634731,40,2573,2349,2121.6,0.797274419786194,0,738684.497577103,1146,1,0
15866.7016625395,40,2594.6,2501.4,2178.6,0.684216142532836,0,738684.497577566,1146,1,0
15866.7416616059,40,2541.2,2675.2,2266,0.550236263228431,0,738684.497578029,1146,1,0
15866.7816606723,40,2437,2804,2385,0.432498570591717,0,738684.497578492,1146,1,0
15866.8216597387,40,2335.6,2840.2,2523.2,0.333857759187155,0,738684.497578955,1146,1,0
15866.8616588051,40,2284.2,2780,2578.6,0.280225485675689,0,738684.497579418,1146,1,0
15866.9016578715,40,2320.4,2825.2,2538.2,0.320891404714916,0,738684.497579881,1146,1,0
15866.9416569379,40,2393.8,2834.2,2442.8,0.38135234540336,0,738684.497580344,1146,1,0
15866.9816560043,40,2474,2722.2,2321,0.491613825047665,0,738684.497580806,1146,1,0
15867.0216550707,40,2554.2,2571.2,2213.2,0.624241290397594,0,738684.497581269,1146,1,0
15867.0616541371,40,2580.2,2406.2,2143,0.758704666363614,0,738684.497581732,1146,1,0
15867.1016532035,40,2535.2,2284.4,2096.6,0.850530689995972,0,738684.497582195,1146,1,0
15867.1416522699,40,2453.6,2212.6,2071.4,0.917013117136947,0,738684.497582658,1146,1,0
15867.1816513363,40,2380.6,2166,2057.8,0.963334962218702,0,738684.497583121,1146,1,0
15867.2216504027,40,2328.4,2139,2051,1,0,738684.497583584,1146,1,0
15867.2616494691,40,2299.4,2128.4,2049,1,0,738684.497584047,1146,1,0
15867.3016485355,40,2300.6,2131.6,2046.4,1,0,738684.49758451,1146,1,0
15867.3416476019,40,2339.8,2145.8,2052.2,0.993785067485734,0,738684.497584973,1146,1,0
15867.3816466683,40,2399.6,2178.6,2064.2,0.951507301379275,0,738684.497585436,1146,1,0
15867.4216457347,40,2481.4,2242.4,2082.2,0.889926901112563,0,738684.497585899,1146,1,0
15867.4616448011,40,2564.4,2345.6,2119,0.804740833678851,0,738684.497586362,1146,1,0
15867.5016438675,40,2590.8,2498.2,2178.4,0.687448072586759,0,738684.497586825,1146,1,0
15867.5416429339,40,2545.8,2681,2270,0.550236263228431,0,738684.497587288,1146,1,0
15867.5816420003,40,2440,2817.8,2393.6,0.427256089976996,0,738684.497587751,1146,1,0
15867.6216410667,40,2337.6,2849,2527.2,0.333857759187155,0,738684.497588214,1146,1,0
15867.6616401331,40,2287.4,2789,2574.4,0.293663819679541,0,738684.497588677,1146,1,0
15867.7016391995,40,2329.6,2830.4,2525.2,0.333857759187155,0,738684.49758914,1146,1,0
15867.7416382659,40,2409.4,2829.6,2429.2,0.396076922961512,0,738684.497589603,1146,1,0
15867.7816373323,40,2495.2,2722,2306,0.504005523414082,0,738684.497590065,1146,1,0
15867.8216363987,40,2577,2552.2,2199.6,0.648129975506603,0,738684.497590528,1146,1,0
15867.8616354651,40,2583.4,2380.4,2131.8,0.775667113969294,0,738684.497590991,1146,1,0
15867.9016345315,40,2517,2268,2090.4,0.864724653185449,0,738684.497591454,1146,1,0
15867.9416335979,40,2424,2198.6,2069.4,0.934145162156038,0,738684.497591917,1146,1,0
15867.9816326643,40,2366,2156.8,2055.6,0.975376895053477,0,738684.49759238,1146,1,0
15868.0216317307,40,2323,2139.2,2049.2,1,0,738684.497592843,1146,1,0
15868.0616307971,40,2306.8,2131.2,2046.8,1,0,738684.497593306,1146,1,0
15868.1016298635,40,2324.6,2136,2046.8,1,0,738684.497593769,1146,1,0
15868.1416289299,40,2365,2155.2,2055.4,0.975376895053477,0,738684.497594232,1146,1,0
15868.1816279963,40,2427.4,2198.2,2070,0.934145162156038,0,738684.497594695,1146,1,0
15868.2216270627,40,2508,2267.6,2088.6,0.869646511663396,0,738684.497595158,1146,1,0
15868.2616261291,40,2577.2,2381,2127.2,0.77915429777298,0,738684.497595621,1146,1,0
15868.3016251955,40,2589.6,2535.8,2197.6,0.658093992718842,0,738684.497596084,1146,1,0
15868.3416242619,40,2518.8,2699,2285.8,0.527369038802404,0,738684.497596547,1146,1,0
15868.3816233283,40,2420.2,2827,2417.8,0.402990075718856,0,738684.49759701,1146,1,0
15868.4216223947,40,2323.2,2825.6,2537.8,0.320891404714916,0,738684.497597473,1146,1,0
15868.4616214611,40,2297.8,2788.2,2563,0.293663819679541,0,738684.497597936,1146,1,0
15868.5016205275,40,2350.2,2844.4,2501.8,0.345854372631172,0,738684.497598399,1146,1,0
15868.5416195939,40,2436.2,2817.2,2395.6,0.421730440329805,0,738684.497598862,1146,1,0
15868.5816186603,40,2525.2,2680.6,2273.8,0.544405753883346,0,738684.497599325,1146,1,0
15868.6216177267,40,2601.8,2505.8,2178.4,0.684216142532836,0,738684.497599788,1146,1,0
15868.6616167931,40,2593.4,2348,2117,0.793575316906683,0,738684.49760025,1146,1,0
15868.7016158595,40,2504.8,2247.6,2079.2,0.879696155832112,0,738684.497600713,1146,1,0
15868.7416149259,40,2420,2183.8,2064,0.939909252434471,0,738684.497601176,1146,1,0
15868.7816139923,40,2346.8,2148.4,2057.2,0.98760735140419,0,738684.497601639,1146,1,0
15868.8216130587,40,2307,2130.2,2048.2,1,0,738684.497602102,1146,1,0
15868.8616121251,40,2297.2,2124.4,2048.4,1,0,738684.497602565,1146,1,0
15868.9016111915,40,2318.6,2134.8,2047.4,1,0,738684.497603028,1146,1,0
15868.9416102579,40,2366.8,2158,2053.2,0.975376895053477,0,738684.497603491,1146,1,0
15868.9816093243,40,2440.2,2199.6,2069.8,0.928397096983629,0,738684.497603954,1146,1,0
15869.0216083907,40,2516.8,2274,2093.8,0.859889483197649,0,738684.497604417,1146,1,0
15869.0616074571,40,2581.8,2395.6,2134.4,0.76545499769829,0,738684.49760488,1146,1,0
15869.1016065235,40,2586,2560.6,2204.6,0.641445129325003,0,738684.497605343,1146,1,0
15869.1416055899,40,2522,2733.4,2302,0.508242322241532,0,738684.497605806,1146,1,0
15869.1816046563,40,2409,2823.2,2424.8,0.396076922961512,0,738684.497606269,1146,1,0
15869.2216037227,40,2322,2813,2529.6,0.320891404714916,0,738684.497606732,1146,1,0
15869.2616027891,40,2323.4,2808,2528.6,0.320891404714916,0,738684.497607195,1146,1,0
15869.3016018555,40,2405.2,2865.6,2457.4,0.38135234540336,0,738684.497607658,1146,1,0
15869.3416009219,40,2504.4,2796.8,2334.4,0.473941473653243,0,738684.497608121,1146,1,0
15869.3815999883,40,2597.4,2625.6,2226.6,0.600935927986466,0,738684.497608584,1146,1,0
15869.4215990547,40,2624.2,2429.6,2144.2,0.735695387533812,0,738684.497609047,1146,1,0
15869.4615981211,40,2538.2,2288.4,2095,0.846031337148546,0,738684.49760951,1146,1,0
15869.5015971875,40,2445,2207.4,2067.8,0.922681122048444,0,738684.497609972,1146,1,0
15869.5415962539,40,2364.8,2163.6,2061,0.975376895053477,0,738684.497610435,1146,1,0
15869.5815953203,40,2315.8,2137.4,2049.4,1,0,738684.497610898,1146,1,0
15869.6215943867,40,2296.4,2124.4,2045,1,0,738684.497611361,1146,1,0
15869.6615934531,40,2308.4,2130.6,2050,1,0,738684.497611824,1146,1,0
15869.7015925195,40,2345.6,2149.8,2052,0.98760735140419,0,738684.497612287,1146,1,0
15869.7415915859,40,2404.2,2181.6,2064,0.951507301379275,0,738684.49761275,1146,1,0
15869.7815906523,40,2489.2,2243.6,2083,0.884796034058834,0,738684.497613213,1146,1,0
15869.8215897187,40,2563.4,2345.4,2120.6,0.804740833678851,0,738684.497613676,1146,1,0
15869.8615887851,40,2594.8,2490,2174.6,0.693901278940445,0,738684.497614139,1146,1,0
15869.9015878515,40,2551.4,2669,2264.6,0.55599419909927,0,738684.497614602,1146,1,0
15869.9415869179,40,2454.6,2789.2,2371.4,0.44830310725817,0,738684.497615065,1146,1,0
15869.9815859843,40,2360.4,2825,2481,0.356497976346759,0,738684.497615528,1146,1,0
15870.0215850507,40,2338.2,2798.6,2494.4,0.345854372631172,0,738684.497615991,1146,1,0
15870.0615841171,40,2392.2,2824.6,2438.2,0.38886050242203,0,738684.497616454,1146,1,0
15870.1015831835,40,2475.8,2779,2347,0.469043195516147,0,738684.497616917,1146,1,0
15870.1415822499,40,2551.6,2633.2,2241.8,0.581917536525862,0,738684.49761738,1146,1,0
15870.1815813163,40,2589,2456.8,2157.8,0.719586640122297,0,738684.497617843,1146,1,0
15870.2215803827,40,2543.8,2313.6,2106.2,0.833002741240853,0,738684.497618306,1146,1,0
15870.2615794491,40,2467.8,2226.6,2079.6,0.900451621459986,0,738684.497618768,1146,1,0
15870.3015785155,40,2385.2,2172,2059.2,0.963334962218702,0,738684.497619231,1146,1,0
15870.3415775819,40,2322.8,2142.4,2050.4,1,0,738684.497619694,1146,1,0
15870.3815766483,40,2293.8,2125.4,2046.2,1,0,738684.497620157,1146,1,0
15870.4215757147,40,2293.8,2122,2048.8,1,0,738684.49762062,1146,1,0
15870.4615747811,40,2322.6,2135.4,2050.6,1,0,738684.497621083,1146,1,0
15870.5015738475,40,2375,2166.2,2060.8,0.969330739042227,0,738684.497621546,1146,1,0
15870.5415729139,40,2456,2217,2076.8,0.91140871723736,0,738684.497622009,1146,1,0
15870.5815719803,40,2540.8,2306.4,2106.2,0.837305347240683,0,738684.497622472,1146,1,0
15870.6215710467,40,2602.8,2437.4,2153.6,0.73246794223773,0,738684.497622935,1146,1,0
15870.6615701131,40,2573.6,2604,2226.6,0.605299016202904,0,738684.497623398,1146,1,0
15870.7015691795,40,2485.4,2762.6,2334,0.478648808335904,0,738684.497623861,1146,1,0
15870.7415682459,40,2381,2819.6,2449.6,0.38135234540336,0,738684.497624324,1146,1,0
15870.7815673123,40,2334.2,2799.2,2502.4,0.333857759187155,0,738684.497624787,1146,1,0
15870.8215663787,40,2367.2,2818.8,2469.6,0.36546342842044,0,738684.49762525,1146,1,0
15870.8615654451,40,2422.4,2770.2,2376.2,0.443015536937748,0,738684.497625713,1146,1,0
15870.9015645115,40,2519.6,2675.6,2277.8,0.538592179709432,0,738684.497626176,1146,1,0
15870.9415635779,40,2600,2513.2,2179.6,0.677742985086675,0,738684.497626639,1146,1,0
15870.9815626443,40,2589.2,2346,2116.8,0.797274419786194,0,738684.497627102,1146,1,0
15871.0215617107,40,2500,2242.4,2079.4,0.879696155832112,0,738684.497627565,1146,1,0
15871.0615607771,40,2416.2,2181.4,2060.8,0.945681682617138,0,738684.497628028,1146,1,0
15871.1015598435,40,2339.6,2139.6,2049.6,0.993785067485734,0,738684.497628491,1146,1,0
15871.1415589099,40,2291.6,2124.6,2047.4,1,0,738684.497628953,1146,1,0
15871.1815579763,40,2284.6,2119.4,2047.6,1,0,738684.497629416,1146,1,0
15871.2215570427,40,2315.2,2131.6,2047.8,1,0,738684.497629879,1146,1,0
15871.2615561091,40,2363,2151,2056.6,0.981470191009929,0,738684.497630342,1146,1,0
15871.3015551755,40,2430.2,2193.8,2066.6,0.934145162156038,0,738684.497630805,1146,1,0
15871.3415542419,40,2504,2265.6,2089.8,0.869646511663396,0,738684.497631268,1146,1,0
15871.3815533083,40,2582.2,2381.4,2133,0.775667113969294,0,738684.497631731,1146,1,0
15871.4215523747,40,2596.8,2529.8,2189,0.664691440014781,0,738684.497632194,1146,1,0
15871.4615514411,40,2540.4,2700,2278.2,0.538592179709432,0,738684.497632657,1146,1,0
15871.5015505075,40,2452,2824.8,2391.8,0.427256089976996,0,738684.49763312,1146,1,0
15871.5415495739,40,2362,2808.2,2471.2,0.36546342842044,0,738684.497633583,1146,1,0
15871.5815486403,40,2364.4,2789,2455,0.373555726838669,0,738684.497634046,1146,1,0
15871.6215477067,40,2448.6,2826.2,2392.8,0.427256089976996,0,738684.497634509,1146,1,0
15871.6615467731,40,2528.2,2738.8,2300.2,0.508242322241532,0,738684.497634972,1146,1,0
15871.7015458395,40,2605.4,2581.2,2206.6,0.631236010455004,0,738684.497635435,1146,1,0
15871.7415449059,40,2611.2,2401.2,2136.6,0.755350806424959,0,738684.497635898,1146,1,0
15871.7815439723,40,2532.8,2275.6,2088.4,0.855154006574624,0,738684.497636361,1146,1,0
15871.8215430387,40,2435.6,2203.4,2068,0.928397096983629,0,738684.497636824,1146,1,0
15871.8615421051,40,2359,2158,2056.2,0.981470191009929,0,738684.497637287,1146,1,0
15871.9015411715,40,2311.2,2131,2049.6,1,0,738684.49763775,1146,1,0
15871.9415402379,40,2288.4,2122.6,2045.6,1,0,738684.497638213,1146,1,0
15871.9815393043,40,2293,2124.4,2048.2,1,0,738684.497638676,1146,1,0
15872.0215383707,40,2326.8,2141.4,2052.2,1,0,738684.497639138,1146,1,0
15872.0615374371,40,2388.6,2172.8,2060.6,0.957392764220256,0,738684.497639601,1146,1,0
15872.1015365035,40,2468,2228,2076.2,0.900451621459986,0,738684.497640064,1146,1,0
15872.1415355699,40,2552.4,2310.6,2107.2,0.828749855133686,0,738684.497640527,1146,1,0
15872.1815346363,40,2598.2,2440.2,2152.6,0.729242281466222,0,738684.49764099,1146,1,0
15872.2215337027,40,2571.8,2600.2,2223.4,0.609441754663018,0,738684.497641453,1146,1,0
15872.2615327691,40,2504.6,2753,2319.8,0.491613825047665,0,738684.497641916,1146,1,0
15872.3015318355,40,2405,2827.2,2431.8,0.396076922961512,0,738684.497642379,1146,1,0
15872.3415309019,40,2358.2,2782,2460,0.36546342842044,0,738684.497642842,1146,1,0
15872.3815299683,40,2409.2,2819.4,2421.4,0.402990075718856,0,738684.497643305,1146,1,0
15872.4215290347,40,2480.8,2800,2354.8,0.458824823815669,0,738684.497643768,1146,1,0
15872.4615281011,40,2550.6,2750.4,2293.4,0.517222600490522,0,738684.497644231,1146,1,0
15872.5015271675,40,2606.8,2672.2,2237.6,0.581917536525862,0,738684.497644694,1146,1,0
15872.5415262339,40,2629.8,2579.8,2198.2,0.638072468361496,0,738684.497645157,1146,1,0
15872.5815253003,40,2655.4,2509.2,2165.4,0.687448072586759,0,738684.49764562,1146,1,0
15872.6215243667,40,2660,2461,2149,0.716376706440077,0,738684.497646083,1146,1,0
15872.6615234331,40,2665.4,2427.8,2134.2,0.735695387533812,0,738684.497646546,1146,1,0
15872.7015224995,40,2664.6,2406.8,2125.2,0.745419432004827,0,738684.497647009,1146,1,0
15872.7415215659,40,2670.4,2392.4,2124.4,0.752016725630693,0,738684.497647472,1146,1,0
15872.7815206323,40,2680.6,2402,2121.6,0.748705579178257,0,738684.497647934,1146,1,0
15872.8215196987,40,2697,2413.6,2124.2,0.738923200384679,0,738684.497648397,1146,1,0
15872.9045177615,83,2688.2,2425.8,2132,0.73246794223773,0,738684.497649358,1146,1,0
15872.9445168279,40,2684.8,2431.8,2130.8,0.73246794223773,0,738684.497649821,1146,1,0
15872.9845158943,40,2676.4,2437.6,2137.4,0.729242281466222,0,738684.497650284,1146,1,0
15873.0245149607,40,2669.8,2440,2137.8,0.72601963564692,0,738684.497650747,1146,1,0
15873.0645140271,40,2669,2442.6,2140.6,0.72601963564692,0,738684.49765121,1146,1,0
15873.1045130935,40,2651.2,2444.6,2144,0.72601963564692,0,738684.497651673,1146,1,0
15873.1445121599,40,2645.8,2451.4,2148.6,0.719586640122297,0,738684.497652136,1146,1,0
15873.1845112263,40,2640.4,2457.4,2149,0.716376706440077,0,738684.497652599,1146,1,0
15873.2245102927,40,2632,2458,2153.2,0.716376706440077,0,738684.497653062,1146,1,0
15873.2645093591,40,2633.8,2468.6,2153,0.709966050179064,0,738684.497653525,1146,1,0
15873.3045084255,40,2631,2470.2,2157.4,0.709966050179064,0,738684.497653988,1146,1,0
15873.3445074919,40,2641.4,2478.6,2158.4,0.703551912933977,0,738684.497654451,1146,1,0
15873.3845065583,40,2645,2484.6,2163.6,0.700339035669991,0,738684.497654914,1146,1,0
15873.4245056247,40,2651.6,2496,2164.2,0.693901278940445,0,738684.497655376,1146,1,0
15873.4645046911,40,2657.8,2507,2167.8,0.687448072586759,0,738684.497655839,1146,1,0
15873.5045037575,40,2655.8,2515,2168.8,0.680981033552426,0,738684.497656302,1146,1,0
15873.5445028239,40,2660.4,2525.4,2174.4,0.674497686432619,0,738684.497656765,1146,1,0
15873.5845018903,40,2659.6,2528.6,2174.4,0.674497686432619,0,738684.497657228,1146,1,0
15873.6245009567,40,2660.2,2536.2,2177.2,0.671241250044602,0,738684.497657691,1146,1,0
15873.6645000231,40,2654.6,2540.2,2179.6,0.667972585956668,0,738684.497658154,1146,1,0
15873.7044990895,40,2653.4,2547,2182.4,0.661398248029182,0,738684.497658617,1146,1,0
15873.7444981559,40,2645.6,2550.2,2186.8,0.658093992718842,0,738684.49765908,1146,1,0
15873.7844972223,40,2631.6,2551.4,2186.6,0.658093992718842,0,738684.497659543,1146,1,0
15873.8244962887,40,2623,2550,2192.8,0.654780064308406,0,738684.497660006,1146,1,0
15873.8644953551,40,2616.2,2557.8,2192.4,0.65145812481641,0,738684.497660469,1146,1,0
15873.9044944215,40,2608.6,2557.6,2197.8,0.648129975506603,0,738684.497660932,1146,1,0
15873.9444934879,40,2606.2,2568.2,2205,0.641445129325003,0,738684.497661395,1146,1,0
15873.9844925543,40,2608.6,2571.2,2201.2,0.638072468361496,0,738684.497661858,1146,1,0
15874.0244916207,40,2613.6,2583.4,2206.2,0.631236010455004,0,738684.497662321,1146,1,0
15874.0644906871,40,2620.2,2588,2207.2,0.631236010455004,0,738684.497662784,1146,1,0
15874.1044897535,40,2623,2598.2,2205.8,0.627761211066945,0,738684.497663247,1146,1,0
15874.1444888199,40,2636.8,2600.4,2206.4,0.627761211066945,0,738684.49766371,1146,1,0
15874.1844878863,40,2647.2,2591.6,2199.2,0.63467128498077,0,738684.497664173,1146,1,0
15874.2244869527,40,2655,2583,2193.6,0.641445129325003,0,738684.497664636,1146,1,0
15874.2644860191,40,2661.4,2569.8,2186.8,0.65145812481641,0,738684.497665099,1146,1,0
15874.3044850855,40,2660.4,2549.6,2177.4,0.661398248029182,0,738684.497665561,1146,1,0
15874.3444841519,40,2667.4,2535.8,2174.4,0.671241250044602,0,738684.497666024,1146,1,0
15874.3844832183,40,2673.4,2516,2165.8,0.684216142532836,0,738684.497666487,1146,1,0
15874.4244822847,40,2678.8,2498.2,2157.4,0.693901278940445,0,738684.49766695,1146,1,0
15874.4644813511,40,2687.8,2485.2,2152.4,0.700339035669991,0,738684.497667413,1146,1,0
15874.5044804175,40,2697.4,2472,2144,0.709966050179064,0,738684.497667876,1146,1,0
15874.5444794839,40,2708,2465.2,2141.4,0.713170366876487,0,738684.497668339,1146,1,0
15874.5844785503,40,2711.6,2460.4,2139.8,0.713170366876487,0,738684.497668802,1146,1,0
15874.6244776167,40,2716.2,2456.8,2135.4,0.716376706440077,0,738684.497669265,1146,1,0
15874.6644766831,40,2710.2,2441.6,2132.8,0.722800925966807,0,738684.497669728,1146,1,0
15874.7044757495,40,2702,2428.8,2132.6,0.73246794223773,0,738684.497670191,1146,1,0
15874.7444748159,40,2678.4,2407,2127.4,0.745419432004827,0,738684.497670654,1146,1,0
15874.7844738823,40,2660.4,2385.8,2121.8,0.758704666363614,0,738684.497671117,1146,1,0
15874.8244729487,40,2637.2,2356.4,2113,0.77915429777298,0,738684.49767158,1146,1,0
15874.8644720151,40,2602.6,2324.8,2099.4,0.804740833678851,0,738684.497672043,1146,1,0
15874.9044710815,40,2565,2295,2096.6,0.833002741240853,0,738684.497672506,1146,1,0
15874.9444701479,40,2533.2,2266.2,2089.8,0.855154006574624,0,738684.497672969,1146,1,0
15874.9844692143,40,2500,2246.8,2081,0.879696155832112,0,738684.497673432,1146,1,0
15875.0244682807,40,2471.2,2228.4,2079.6,0.900451621459986,0,738684.497673895,1146,1,0
15875.0644673471,40,2450.4,2213.2,2073.8,0.917013117136947,0,738684.497674357,1146,1,0
15875.1044664135,40,2437.6,2202.4,2070,0.928397096983629,0,738684.49767482,1146,1,0
15875.1444654799,40,2423.6,2196.2,2068,0.934145162156038,0,738684.497675283,1146,1,0
15875.1844645463,40,2421.8,2195,2067.2,0.934145162156038,0,738684.497675746,1146,1,0
15875.2244636127,40,2429.6,2196.8,2067.8,0.934145162156038,0,738684.497676209,1146,1,0
15875.2644626791,40,2432,2202.2,2072.6,0.928397096983629,0,738684.497676672,1146,1,0
15875.3044617455,40,2440.8,2210.2,2072.8,0.922681122048444,0,738684.497677135,1146,1,0
15875.3444608119,40,2448,2211.2,2073.8,0.917013117136947,0,738684.497677598,1146,1,0
15875.3844598783,40,2452,2213.4,2070.6,0.917013117136947,0,738684.497678061,1146,1,0
15875.4244589447,40,2457.2,2217.2,2073.6,0.91140871723736,0,738684.497678524,1146,1,0
15875.4644580111,40,2457.8,2223,2076.8,0.91140871723736,0,738684.497678987,1146,1,0
15875.5044570775,40,2464.6,2223,2078.6,0.90588324353745,0,738684.49767945,1146,1,0
15875.5444561439,40,2466.8,2227.8,2078.2,0.900451621459986,0,738684.497679913,1146,1,0
15875.5844552103,40,2471.4,2233.8,2081.2,0.900451621459986,0,738684.497680376,1146,1,0
15875.6244542767,40,2472.2,2235,2081,0.900451621459986,0,738684.497680839,1146,1,0
15875.6644533431,40,2482.2,2240.6,2085,0.889926901112563,0,738684.497681302,1146,1,0
15875.7044524095,40,2485.6,2245.6,2082.8,0.889926901112563,0,738684.497681765,1146,1,0
15875.7444514759,40,2488.6,2245.8,2083.8,0.884796034058834,0,738684.497682228,1146,1,0
15875.7844505423,40,2488.2,2248.2,2086.4,0.884796034058834,0,738684.497682691,1146,1,0
15875.8244496087,40,2493.8,2248.4,2086.6,0.879696155832112,0,738684.497683154,1146,1,0
15875.8644486751,40,2494.8,2252.4,2086.4,0.879696155832112,0,738684.497683617,1146,1,0
15875.9044477415,40,2495,2248.8,2085.2,0.879696155832112,0,738684.497684079,1146,1,0
15875.9444468079,40,2495.4,2251.8,2086.8,0.879696155832112,0,738684.497684542,1146,1,0
15875.9844458743,40,2494.8,2256.8,2086.2,0.879696155832112,0,738684.497685005,1146,1,0
15876.0244449407,40,2496.8,2255.4,2085.4,0.879696155832112,0,738684.497685468,1146,1,0
15876.0644440071,40,2498.8,2256.6,2087.8,0.874641614251024,0,738684.497685931,1146,1,0
15876.1044430735,40,2501.2,2256.8,2085.8,0.874641614251024,0,738684.497686394,1146,1,0
15876.1444421399,40,2499,2253,2086.4,0.879696155832112,0,738684.497686857,1146,1,0
15876.1844412063,40,2497.8,2255.6,2087.4,0.879696155832112,0,738684.49768732,1146,1,0
15876.2244402727,40,2498.4,2260.8,2087.2,0.874641614251024,0,738684.497687783,1146,1,0
15876.2644393391,40,2501.6,2259,2087,0.874641614251024,0,738684.497688246,1146,1,0
15876.3044384055,40,2504,2258.2,2088.8,0.874641614251024,0,738684.497688709,1146,1,0
15876.3444374719,40,2500.6,2259.6,2089,0.874641614251024,0,738684.497689172,1146,1,0
15876.3844365383,40,2501.8,2258.8,2089.6,0.874641614251024,0,738684.497689635,1146,1,0
15876.4244356047,40,2502.2,2259,2089,0.874641614251024,0,738684.497690098,1146,1,0
15876.4644346711,40,2501.6,2259.2,2086.4,0.874641614251024,0,738684.497690561,1146,1,0
15876.5044337375,40,2503,2260,2086.2,0.874641614251024,0,738684.497691024,1146,1,0
15876.5444328039,40,2501,2256.8,2090.6,0.874641614251024,0,738684.497691487,1146,1,0
15876.5844318703,40,2503,2261.4,2090.2,0.874641614251024,0,738684.49769195,1146,1,0
15876.6244309367,40,2505.6,2260.2,2087.4,0.874641614251024,0,738684.497692413,1146,1,0
15876.6644300031,40,2502.2,2261,2085.8,0.874641614251024,0,738684.497692876,1146,1,0
15876.7044290695,40,2505.8,2260,2085.2,0.874641614251024,0,738684.497693339,1146,1,0
15876.7444281359,40,2504.6,2258.4,2086,0.874641614251024,0,738684.497693802,1146,1,0
15876.7844272023,40,2508.4,2262.8,2086.4,0.869646511663396,0,738684.497694264,1146,1,0
15876.8244262687,40,2507.6,2260.2,2087.6,0.869646511663396,0,738684.497694727,1146,1,0
15876.8644253351,40,2505.4,2262.4,2090,0.869646511663396,0,738684.49769519,1146,1,0
15876.9044244015,40,2509.4,2263.8,2085.8,0.869646511663396,0,738684.497695653,1146,1,0
15876.9444234679,40,2510,2262.4,2088.4,0.869646511663396,0,738684.497696116,1146,1,0
15876.9844225343,40,2514.4,2262.2,2085.8,0.869646511663396,0,738684.497696579,1146,1,0
15877.0244216007,40,2511.8,2262.6,2087.8,0.869646511663396,0,738684.497697042,1146,1,0
15877.0644206671,40,2515.2,2263.6,2088,0.864724653185449,0,738684.497697505,1146,1,0
15877.1044197335,40,2517.6,2266.8,2087.8,0.864724653185449,0,738684.497697968,1146,1,0
15877.1444187999,40,2518.8,2265.6,2090.4,0.864724653185449,0,738684.497698431,1146,1,0
15877.1844178663,40,2517.8,2265.6,2089,0.864724653185449,0,738684.497698894,1146,1,0
15877.2244169327,40,2518.4,2267,2087,0.864724653185449,0,738684.497699357,1146,1,0
15877.2644159991,40,2524,2268,2090.4,0.859889483197649,0,738684.49769982,1146,1,0
15877.3044150655,40,2522.2,2270.4,2089.6,0.859889483197649,0,738684.497700283,1146,1,0
15877.3444141319,40,2525.2,2270,2088.6,0.859889483197649,0,738684.497700746,1146,1,0
15877.3844131983,40,2525,2271.8,2089.6,0.859889483197649,0,738684.497701209,1146,1,0
15877.4244122647,40,2521,2267.8,2089.6,0.859889483197649,0,738684.497701672,1146,1,0
15877.4644113311,40,2530.4,2270.4,2092.2,0.855154006574624,0,738684.497702135,1146,1,0
15877.5044103975,40,2525,2270.4,2092.4,0.859889483197649,0,738684.497702598,1146,1,0
15877.5444094639,40,2526.4,2274,2089,0.855154006574624,0,738684.497703061,1146,1,0
15877.5844085303,40,2526.2,2269.2,2089.6,0.859889483197649,0,738684.497703523,1146,1,0
15877.6244075967,40,2527.4,2269.4,2088.6,0.859889483197649,0,738684.497703986,1146,1,0
15877.6644066631,40,2527,2271.4,2091.4,0.859889483197649,0,738684.497704449,1146,1,0
15877.7044057295,40,2530.4,2271.2,2092,0.855154006574624,0,738684.497704912,1146,1,0
15877.7444047959,40,2525,2270.8,2091.8,0.859889483197649,0,738684.497705375,1146,1,0
15877.7844038623,40,2523.8,2271.8,2091.6,0.859889483197649,0,738684.497705838,1146,1,0
15877.8244029287,40,2525.6,2272.6,2091.4,0.859889483197649,0,738684.497706301,1146,1,0
15877.8644019951,40,2525.8,2271.6,2088.8,0.859889483197649,0,738684.497706764,1146,1,0
15877.9044010615,40,2527.4,2271,2092.8,0.859889483197649,0,738684.497707227,1146,1,0
15877.9444001279,40,2526.6,2274.2,2093.8,0.855154006574624,0,738684.49770769,1146,1,0
15877.9843991943,40,2530,2276.2,2091.6,0.855154006574624,0,738684.497708153,1146,1,0
15878.0243982607,40,2523.2,2273.6,2091.8,0.859889483197649,0,738684.497708616,1146,1,0
15878.0643973271,40,2528.2,2272.2,2091.2,0.855154006574624,0,738684.497709079,1146,1,0
15878.1043963935,40,2529.2,2275,2091.6,0.855154006574624,0,738684.497709542,1146,1,0
15878.1443954599,40,2528.2,2273.2,2091,0.855154006574624,0,738684.497710005,1146,1,0
15878.1843945263,40,2532.2,2271.6,2094.2,0.855154006574624,0,738684.497710468,1146,1,0
15878.2243935927,40,2531.8,2273.8,2093.2,0.855154006574624,0,738684.497710931,1146,1,0
15878.2643926591,40,2526.6,2273,2090,0.859889483197649,0,738684.497711394,1146,1,0
15878.3043917255,40,2529.8,2270.4,2087.6,0.855154006574624,0,738684.497711857,1146,1,0
15878.3443907919,40,2532.6,2274,2094.2,0.855154006574624,0,738684.49771232,1146,1,0
15878.3843898583,40,2529.2,2270.8,2093,0.855154006574624,0,738684.497712783,1146,1,0
15878.4243889247,40,2530.6,2270.6,2089.6,0.855154006574624,0,738684.497713245,1146,1,0
15878.4643879911,40,2530.2,2273.2,2088.4,0.855154006574624,0,738684.497713708,1146,1,0
15878.5043870575,40,2528,2271.8,2091,0.855154006574624,0,738684.497714171,1146,1,0
15878.5443861239,40,2531.6,2276,2091.8,0.855154006574624,0,738684.497714634,1146,1,0
15878.5843851903,40,2530,2272.6,2091,0.855154006574624,0,738684.497715097,1146,1,0
15878.6243842567,40,2532.4,2273.4,2092,0.855154006574624,0,738684.49771556,1146,1,0
15878.6643833231,40,2531,2274.6,2093.8,0.855154006574624,0,738684.497716023,1146,1,0
15878.7043823895,40,2532.8,2273.4,2094,0.855154006574624,0,738684.497716486,1146,1,0
15878.7443814559,40,2529.2,2272.4,2088.8,0.855154006574624,0,738684.497716949,1146,1,0
15878.7843805223,40,2533.6,2277.2,2092,0.850530689995972,0,738684.497717412,1146,1,0
15878.8243795887,40,2531.2,2274.8,2088.8,0.855154006574624,0,738684.497717875,1146,1,0
15878.8643786551,40,2531.8,2278.4,2091.8,0.855154006574624,0,738684.497718338,1146,1,0
15878.9043777215,40,2533.6,2276.4,2090.6,0.855154006574624,0,738684.497718801,1146,1,0
15878.9443767879,40,2532,2270.8,2092.6,0.855154006574624,0,738684.497719264,1146,1,0
15878.9843758543,40,2530.8,2275.6,2089.6,0.855154006574624,0,738684.497719727,1146,1,0
15879.0243749207,40,2533,2271.8,2090.6,0.855154006574624,0,738684.49772019,1146,1,0
15879.0643739871,40,2532.2,2277,2091,0.855154006574624,0,738684.497720653,1146,1,0
15879.1043730535,40,2532.6,2277.6,2094,0.850530689995972,0,738684.497721116,1146,1,0
15879.1443721199,40,2534.4,2278.2,2092.2,0.850530689995972,0,738684.497721579,1146,1,0
15879.1843711863,40,2537.4,2275.2,2093.6,0.850530689995972,0,738684.497722042,1146,1,0
15879.2243702527,40,2534.6,2274.2,2096.6,0.850530689995972,0,738684.497722505,1146,1,0
15879.2643693191,40,2535.4,2278,2090,0.850530689995972,0,738684.497722968,1146,1,0
15879.3043683855,40,2535.2,2276.6,2092.2,0.850530689995972,0,738684.49772343,1146,1,0
15879.3443674519,40,2536.2,2275,2091,0.850530689995972,0,738684.497723893,1146,1,0
15879.3843665183,40,2534,2278,2093,0.850530689995972,0,738684.497724356,1146,1,0
15879.4243655847,40,2537.2,2277.2,2090.6,0.850530689995972,0,738684.497724819,1146,1,0
15879.4643646511,40,2537.8,2277.4,2094.4,0.850530689995972,0,738684.497725282,1146,1,0
15879.5043637175,40,2539.8,2280,2091,0.850530689995972,0,738684.497725745,1146,1,0
15879.5443627839,40,2537.2,2278,2090.4,0.850530689995972,0,738684.497726208,1146,1,0
15879.5843618503,40,2538.6,2281.6,2090,0.850530689995972,0,738684.497726671,1146,1,0
15879.6243609167,40,2542.4,2280,2092,0.846031337148546,0,738684.497727134,1146,1,0
15879.6643599831,40,2538.8,2281.6,2094.6,0.846031337148546,0,738684.497727597,1146,1,0
15879.7043590495,40,2542.8,2280.8,2093.2,0.846031337148546,0,738684.49772806,1146,1,0
15879.7443581159,40,2542.6,2284.6,2094.2,0.846031337148546,0,738684.497728523,1146,1,0
15879.7843571823,40,2545,2287.2,2094.2,0.841648031306038,0,738684.497728986,1146,1,0
15879.8243562487,40,2545.8,2285,2093.4,0.846031337148546,0,738684.497729449,1146,1,0
15879.8643553151,40,2544.2,2284,2094.6,0.846031337148546,0,738684.497729912,1146,1,0
15879.9043543815,40,2551.4,2289.8,2091.6,0.841648031306038,0,738684.497730375,1146,1,0
15879.9443534479,40,2547.8,2286,2096,0.841648031306038,0,738684.497730838,1146,1,0
15879.9843525143,40,2550.6,2290.8,2097,0.837305347240683,0,738684.497731301,1146,1,0
15880.0243515807,40,2558.8,2290.2,2096.8,0.837305347240683,0,738684.497731764,1146,1,0
15880.0643506471,40,2559.6,2293.6,2098,0.833002741240853,0,738684.497732227,1146,1,0
15880.1043497135,40,2558.2,2296.6,2096.6,0.833002741240853,0,738684.497732689,1146,1,0
15880.1443487799,40,2563.2,2296.4,2099,0.833002741240853,0,738684.497733152,1146,1,0
15880.1843478463,40,2565.4,2300.6,2097.6,0.828749855133686,0,738684.497733615,1146,1,0
15880.2243469127,40,2564.2,2301.2,2098.6,0.828749855133686,0,738684.497734078,1146,1,0
15880.2643459791,40,2564.6,2304.6,2099.2,0.828749855133686,0,738684.497734541,1146,1,0
15880.3043450455,40,2565.6,2300.6,2099.2,0.828749855133686,0,738684.497735004,1146,1,0
15880.3443441119,40,2563.8,2301.6,2099.2,0.828749855133686,0,738684.497735467,1146,1,0
15880.3843431783,40,2562.8,2303.6,2099.4,0.828749855133686,0,738684.49773593,1146,1,0
15880.4243422447,40,2568.4,2302.8,2100,0.824555873811782,0,738684.497736393,1146,1,0
15880.4643413111,40,2570.8,2302.4,2101.2,0.824555873811782,0,738684.497736856,1146,1,0
15880.5043403775,40,2572.4,2306.8,2099,0.824555873811782,0,738684.497737319,1146,1,0
15880.5443394439,40,2570.6,2305.4,2101.8,0.824555873811782,0,738684.497737782,1146,1,0
15880.5843385103,40,2569.4,2305.8,2100.6,0.824555873811782,0,738684.497738245,1146,1,0
15880.6243375767,40,2568.6,2304.4,2101,0.824555873811782,0,738684.497738708,1146,1,0
15880.6643366431,40,2567,2301.6,2100.6,0.828749855133686,0,738684.497739171,1146,1,0
15880.7043357095,40,2567.2,2303.6,2100.6,0.824555873811782,0,738684.497739634,1146,1,0
15880.7443347759,40,2564.8,2303.2,2103.8,0.828749855133686,0,738684.497740097,1146,1,0
15880.7843338423,40,2565.8,2302.2,2101.6,0.828749855133686,0,738684.49774056,1146,1,0
15880.8243329087,40,2565.6,2304.4,2099.4,0.828749855133686,0,738684.497741023,1146,1,0
15880.8643319751,40,2564,2303.4,2100,0.828749855133686,0,738684.497741486,1146,1,0
15880.9043310415,40,2570.8,2304.8,2101.6,0.824555873811782,0,738684.497741949,1146,1,0
15880.9443301079,40,2569.6,2303.8,2099.4,0.824555873811782,0,738684.497742411,1146,1,0
15880.9843291743,40,2564.2,2305.4,2098.8,0.828749855133686,0,738684.497742874,1146,1,0
15881.0243282407,40,2568.6,2303.6,2103.4,0.824555873811782,0,738684.497743337,1146,1,0
15881.0643273071,40,2571.6,2307,2103.2,0.824555873811782,0,738684.4977438,1146,1,0
15881.1043263735,40,2565.8,2306.4,2098.8,0.824555873811782,0,738684.497744263,1146,1,0
15881.1443254399,40,2568.8,2308.8,2103.8,0.824555873811782,0,738684.497744726,1146,1,0
15881.1843245063,40,2567.6,2305.6,2099,0.824555873811782,0,738684.497745189,1146,1,0
15881.2243235727,40,2567.6,2306.4,2100.2,0.824555873811782,0,738684.497745652,1146,1,0
15881.2643226391,40,2567.6,2301.8,2102,0.828749855133686,0,738684.497746115,1146,1,0
15881.3043217055,40,2567.2,2302.6,2102.6,0.828749855133686,0,738684.497746578,1146,1,0
15881.3443207719,40,2569.6,2303.2,2100.2,0.824555873811782,0,738684.497747041,1146,1,0
15881.3843198383,40,2566.2,2305.4,2101.8,0.824555873811782,0,738684.497747504,1146,1,0
15881.4243189047,40,2568.2,2303.4,2100.8,0.824555873811782,0,738684.497747967,1146,1,0
15881.4643179711,40,2568.2,2304.4,2100.6,0.824555873811782,0,738684.49774843,1146,1,0
15881.5043170375,40,2567.2,2304.2,2101.4,0.824555873811782,0,738684.497748893,1146,1,0
15881.5443161039,40,2565.4,2303.4,2102,0.828749855133686,0,738684.497749356,1146,1,0
15881.5843151703,40,2566.6,2305,2099.6,0.824555873811782,0,738684.497749819,1146,1,0
15881.6243142367,40,2569.4,2300.4,2100,0.828749855133686,0,738684.497750282,1146,1,0
15881.6643133031,40,2569,2304.4,2100.4,0.824555873811782,0,738684.497750745,1146,1,0
15881.7043123695,40,2569.4,2304.4,2101.6,0.824555873811782,0,738684.497751208,1146,1,0
15881.7443114359,40,2567.4,2302.2,2103.2,0.828749855133686,0,738684.497751671,1146,1,0
15881.7843105023,40,2568,2304.4,2100.2,0.824555873811782,0,738684.497752134,1146,1,0
15881.8243095687,40,2567.2,2306.6,2098.4,0.824555873811782,0,738684.497752596,1146,1,0
15881.8643086351,40,2568.2,2304.6,2097.6,0.824555873811782,0,738684.497753059,1146,1,0
15881.9043077015,40,2567.6,2303.4,2105,0.824555873811782,0,738684.497753522,1146,1,0
15881.9443067679,40,2569.4,2305,2099.4,0.824555873811782,0,738684.497753985,1146,1,0
15881.9843058343,40,2566.6,2304.4,2103.2,0.824555873811782,0,738684.497754448,1146,1,0
15882.0243049007,40,2571.4,2303,2100.2,0.824555873811782,0,738684.497754911,1146,1,0
15882.0643039671,40,2568.8,2302.6,2100.6,0.824555873811782,0,738684.497755374,1146,1,0
15882.1043030335,40,2568,2299,2099.6,0.828749855133686,0,738684.497755837,1146,1,0
15882.1443020999,40,2567.6,2301,2100.8,0.828749855133686,0,738684.4977563,1146,1,0
15882.1843011663,40,2564.2,2298.6,2100.2,0.828749855133686,0,738684.497756763,1146,1,0
15882.2243002327,40,2559.8,2295.4,2095.4,0.833002741240853,0,738684.497757226,1146,1,0
15882.2642992991,40,2554.8,2292.8,2097.6,0.837305347240683,0,738684.497757689,1146,1,0
15882.3042983655,40,2551.4,2289.8,2094.2,0.841648031306038,0,738684.497758152,1146,1,0
15882.3442974319,40,2544.6,2284.4,2094.2,0.846031337148546,0,738684.497758615,1146,1,0
15882.3842964983,40,2536,2283.4,2094,0.850530689995972,0,738684.497759078,1146,1,0
15882.4242955647,40,2531.8,2279,2093.2,0.850530689995972,0,738684.497759541,1146,1,0
15882.4642946311,40,2530.4,2276.4,2096.8,0.855154006574624,0,738684.497760004,1146,1,0
15882.5042936975,40,2535,2280,2092.8,0.850530689995972,0,738684.497760467,1146,1,0
15882.5442927639,40,2539.4,2279.6,2092.2,0.850530689995972,0,738684.49776093,1146,1,0
15882.5842918303,40,2541.4,2283.2,2093.4,0.846031337148546,0,738684.497761393,1146,1,0
15882.6242908967,40,2548.4,2284.4,2093,0.841648031306038,0,738684.497761855,1146,1,0
15882.6642899631,40,2554.8,2291.8,2092,0.837305347240683,0,738684.497762318,1146,1,0
15882.7042890295,40,2569.6,2302.4,2101.2,0.824555873811782,0,738684.497762781,1146,1,0
15882.7442880959,40,2586.6,2307,2097.8,0.816378308563394,0,738684.497763244,1146,1,0
15882.7842871623,40,2607.4,2316.4,2103.2,0.804740833678851,0,738684.497763707,1146,1,0
15882.8242862287,40,2620.4,2328,2103.8,0.797274419786194,0,738684.49776417,1146,1,0
15882.8642852951,40,2629.8,2333.6,2104.2,0.789908020549802,0,738684.497764633,1146,1,0
15882.9042843615,40,2630.2,2324.6,2101,0.797274419786194,0,738684.497765096,1146,1,0
15882.9442834279,40,2614.8,2301.2,2097.6,0.812409570046606,0,738684.497765559,1146,1,0
15882.9842824943,40,2587.6,2269.8,2084,0.833002741240853,0,738684.497766022,1146,1,0
15883.0242815607,40,2524.6,2226,2072.2,0.879696155832112,0,738684.497766485,1146,1,0
15883.0642806271,40,2466.6,2196.6,2066.4,0.91140871723736,0,738684.497766948,1146,1,0
15883.1042796935,40,2411.6,2170,2057,0.951507301379275,0,738684.497767411,1146,1,0
15883.1442787599,40,2375.2,2152.8,2054,0.975376895053477,0,738684.497767874,1146,1,0
15883.1842778263,40,2343.2,2143.2,2049.8,0.993785067485734,0,738684.497768337,1146,1,0
15883.2242768927,40,2317.2,2133.8,2051.2,1,0,738684.4977688,1146,1,0
15883.2642759591,40,2313.2,2131.8,2048.6,1,0,738684.497769263,1146,1,0
15883.3042750255,40,2319.4,2134.6,2048.6,1,0,738684.497769726,1146,1,0
15883.3442740919,40,2330.4,2139.6,2050.8,1,0,738684.497770189,1146,1,0
15883.3842731583,40,2348.6,2148,2049.8,0.98760735140419,0,738684.497770652,1146,1,0
15883.4242722247,40,2373,2156.2,2055.6,0.975376895053477,0,738684.497771114,1146,1,0
15883.4642712911,40,2409.2,2178.8,2061.4,0.945681682617138,0,738684.497771577,1146,1,0
15883.5042703575,40,2467.6,2216,2074.8,0.90588324353745,0,738684.49777204,1146,1,0
15883.5442694239,40,2530.2,2278.8,2091,0.855154006574624,0,738684.497772503,1146,1,0
15883.5842684903,40,2603,2381.4,2129.4,0.768841674721193,0,738684.497772966,1146,1,0
15883.6242675567,40,2609,2525.8,2181.2,0.671241250044602,0,738684.497773429,1146,1,0
15883.6642666231,40,2575.4,2714.8,2272,0.550236263228431,0,738684.497773892,1146,1,0
15883.7042656895,40,2483.4,2863,2388,0.432498570591717,0,738684.497774355,1146,1,0
15883.7442647559,40,2375.8,2899,2511.8,0.345854372631172,0,738684.497774818,1146,1,0
15883.7842638223,40,2304.2,2821.8,2571.6,0.293663819679541,0,738684.497775281,1146,1,0
15883.8242628887,40,2309.6,2799.6,2544.6,0.30735679854272,0,738684.497775744,1146,1,0
15883.8642619551,40,2375.8,2833.4,2460,0.373555726838669,0,738684.497776207,1146,1,0
15883.9042610215,40,2490.8,2811.8,2354,0.458824823815669,0,738684.49777667,1146,1,0
15883.9442600879,40,2608.6,2664.8,2241,0.581917536525862,0,738684.497777133,1146,1,0
15883.9842591543,40,2652.4,2469.8,2156.6,0.709966050179064,0,738684.497777596,1146,1,0
15884.0242582207,40,2610.2,2319.6,2102.2,0.804740833678851,0,738684.497778059,1146,1,0
15884.0642572871,40,2507.2,2231.2,2074.6,0.884796034058834,0,738684.497778522,1146,1,0
15884.1042563535,40,2421.6,2177.2,2061.6,0.939909252434471,0,738684.497778985,1146,1,0
15884.1442554199,40,2357.8,2147.6,2053.2,0.981470191009929,0,738684.497779448,1146,1,0
15884.1842544863,40,2315.6,2131.4,2046.6,1,0,738684.497779911,1146,1,0
15884.2242535527,40,2313,2134.6,2047.8,1,0,738684.497780374,1146,1,0
15884.2642526191,40,2333.6,2139.6,2051,1,0,738684.497780837,1146,1,0
15884.3042516855,40,2372.6,2157.2,2057,0.975376895053477,0,738684.497781299,1146,1,0
15884.3442507519,40,2430.8,2189.4,2060.2,0.934145162156038,0,738684.497781762,1146,1,0
15884.3842498183,40,2508.4,2246.8,2081.6,0.874641614251024,0,738684.497782225,1146,1,0
15884.4242488847,40,2577.6,2345.2,2116,0.800998633917584,0,738684.497782688,1146,1,0
15884.4642479511,40,2596,2485.2,2170.6,0.697122148361531,0,738684.497783151,1146,1,0
15884.5042470175,40,2559.8,2665.6,2254,0.56694533960948,0,738684.497783614,1146,1,0
15884.5442460839,40,2465.6,2809.6,2371.2,0.443015536937748,0,738684.497784077,1146,1,0
15884.5842451503,40,2361.8,2872.2,2504.2,0.345854372631172,0,738684.49778454,1146,1,0
15884.6242442167,40,2306.2,2800,2550,0.30735679854272,0,738684.497785003,1146,1,0
15884.6642432831,40,2339,2798.4,2497,0.345854372631172,0,738684.497785466,1146,1,0
15884.7042423495,40,2432.8,2825.6,2396.4,0.421730440329805,0,738684.497785929,1146,1,0
15884.7442414159,40,2546.2,2727.6,2284.8,0.527369038802404,0,738684.497786392,1146,1,0
15884.7842404823,40,2632.4,2554.8,2189.6,0.654780064308406,0,738684.497786855,1146,1,0
15884.8242395487,40,2624.6,2377.6,2125.2,0.768841674721193,0,738684.497787318,1146,1,0
15884.8642386151,40,2555.2,2267.6,2085.8,0.846031337148546,0,738684.497787781,1146,1,0
15884.9042376815,40,2464.2,2196.2,2066.2,0.917013117136947,0,738684.497788244,1146,1,0
15884.9442367479,40,2384.6,2157.2,2053.2,0.969330739042227,0,738684.497788707,1146,1,0
15884.9842358143,40,2339.8,2135.8,2047.8,0.993785067485734,0,738684.49778917,1146,1,0
15885.0242348807,40,2309,2127,2047.8,1,0,738684.497789633,1146,1,0
15885.0642339471,40,2303.2,2127.8,2047.4,1,0,738684.497790096,1146,1,0
15885.1042330135,40,2328.4,2142.2,2051.6,1,0,738684.497790558,1146,1,0
15885.1442320799,40,2382.4,2162.6,2056.8,0.963334962218702,0,738684.497791021,1146,1,0
15885.1842311463,40,2449.8,2203.4,2067.8,0.922681122048444,0,738684.497791484,1146,1,0
15885.2242302127,40,2537.6,2277,2091.8,0.850530689995972,0,738684.497791947,1146,1,0
15885.2642292791,40,2614.8,2397.6,2133.4,0.758704666363614,0,738684.49779241,1146,1,0
15885.3042283455,40,2601.6,2552.4,2197.2,0.65145812481641,0,738684.497792873,1146,1,0
15885.3442274119,40,2526.2,2721.6,2292.8,0.522126052443221,0,738684.497793336,1146,1,0
15885.3842264783,40,2419.4,2827.2,2417.2,0.402990075718856,0,738684.497793799,1146,1,0
15885.4242255447,40,2329.2,2837.2,2540.6,0.320891404714916,0,738684.497794262,1146,1,0
15885.4642246111,40,2299.4,2791.6,2546.6,0.30735679854272,0,738684.497794725,1146,1,0
15885.5042236775,40,2368.2,2841.8,2479.4,0.36546342842044,0,738684.497795188,1146,1,0
15885.5442227439,40,2463.4,2822.4,2379.8,0.437743532746865,0,738684.497795651,1146,1,0
15885.5842218103,40,2562.2,2694,2264.8,0.55599419909927,0,738684.497796114,1146,1,0
15885.6242208767,40,2623,2506,2177.8,0.684216142532836,0,738684.497796577,1146,1,0
15885.6642199431,40,2602.8,2353.8,2116,0.786278650390616,0,738684.49779704,1146,1,0
15885.7042190095,40,2536.2,2256.2,2084.6,0.859889483197649,0,738684.497797503,1146,1,0
15885.7442180759,40,2450.8,2198.4,2064.8,0.922681122048444,0,738684.497797966,1146,1,0
15885.7842171423,40,2382,2158.8,2054.2,0.969330739042227,0,738684.497798429,1146,1,0
15885.8242162087,40,2332,2135.6,2049.2,1,0,738684.497798892,1146,1,0
15885.8642152751,40,2304.2,2130,2048,1,0,738684.497799355,1146,1,0
15885.9042143415,40,2308.8,2130.8,2049,1,0,738684.497799818,1146,1,0
15885.9442134079,40,2338.6,2142.8,2051.6,0.993785067485734,0,738684.49780028,1146,1,0
15885.9842124743,40,2389,2161.4,2054.8,0.963334962218702,0,738684.497800743,1146,1,0
15886.0242115407,40,2451.8,2205.8,2070.2,0.917013117136947,0,738684.497801206,1146,1,0
15886.0642106071,40,2535.8,2274.2,2092.8,0.850530689995972,0,738684.497801669,1146,1,0
15886.1042096735,40,2600.4,2383,2131,0.768841674721193,0,738684.497802132,1146,1,0
15886.1442087399,40,2600,2538.4,2191.2,0.658093992718842,0,738684.497802595,1146,1,0
15886.1842078063,40,2544.6,2708,2282.6,0.538592179709432,0,738684.497803058,1146,1,0
15886.2242068727,40,2446.2,2839.4,2396.6,0.421730440329805,0,738684.497803521,1146,1,0
15886.2642059391,40,2356.6,2853,2510.6,0.345854372631172,0,738684.497803984,1146,1,0
15886.3042050055,40,2327.2,2807.6,2516.2,0.333857759187155,0,738684.497804447,1146,1,0
15886.3442040719,40,2390.4,2841.4,2452.6,0.38135234540336,0,738684.49780491,1146,1,0
15886.3842031383,40,2482,2798.8,2352.4,0.458824823815669,0,738684.497805373,1146,1,0
15886.4242022047,40,2587.2,2674.6,2251,0.571991559090702,0,738684.497805836,1146,1,0
15886.4642012711,40,2616.8,2480.8,2163.6,0.700339035669991,0,738684.497806299,1146,1,0
15886.5042003375,40,2595.6,2339.2,2108.6,0.797274419786194,0,738684.497806762,1146,1,0
15886.5441994039,40,2514.4,2246.6,2080,0.874641614251024,0,738684.497807225,1146,1,0
15886.5841984703,40,2432,2188.6,2063.4,0.934145162156038,0,738684.497807688,1146,1,0
15886.6241975367,40,2365.4,2156.2,2054.2,0.975376895053477,0,738684.497808151,1146,1,0
15886.6641966031,40,2316.8,2134.6,2049,1,0,738684.497808614,1146,1,0
15886.7041956695,40,2298.4,2127,2047.6,1,0,738684.497809077,1146,1,0
15886.7441947359,40,2303.8,2126,2045.6,1,0,738684.49780954,1146,1,0
15886.7841938023,40,2335.8,2142,2051,0.993785067485734,0,738684.497810003,1146,1,0
15886.8241928687,40,2376.2,2161.6,2055.6,0.969330739042227,0,738684.497810465,1146,1,0
15886.8641919351,40,2445.4,2202,2066,0.922681122048444,0,738684.497810928,1146,1,0
15886.9041910015,40,2518.6,2268.8,2091.8,0.864724653185449,0,738684.497811391,1146,1,0
15886.9441900679,40,2588.2,2385,2127.2,0.772233014043569,0,738684.497811854,1146,1,0
15886.9841891343,40,2594.8,2535.8,2194,0.658093992718842,0,738684.497812317,1146,1,0
15887.0241882007,40,2538.6,2708.4,2287.8,0.532884543384682,0,738684.49781278,1146,1,0
15887.0641872671,40,2441.6,2834,2402.2,0.421730440329805,0,738684.497813243,1146,1,0
15887.1041863335,40,2349.4,2830.2,2501.4,0.345854372631172,0,738684.497813706,1146,1,0
15887.1441853999,40,2341.2,2805.4,2496,0.345854372631172,0,738684.497814169,1146,1,0
15887.1841844663,40,2407.4,2829.8,2426.4,0.396076922961512,0,738684.497814632,1146,1,0
15887.2241835327,40,2500,2786.8,2332.8,0.473941473653243,0,738684.497815095,1146,1,0
15887.2641825991,40,2590.4,2637.4,2228,0.596381495302282,0,738684.497815558,1146,1,0
15887.3041816655,40,2642.4,2465,2150.8,0.713170366876487,0,738684.497816021,1146,1,0
15887.3441807319,40,2591.6,2315.4,2099.6,0.812409570046606,0,738684.497816484,1146,1,0
15887.3841797983,40,2508,2231.4,2072.4,0.884796034058834,0,738684.497816947,1146,1,0
15887.4241788647,40,2424.4,2177.8,2059.6,0.939909252434471,0,738684.49781741,1146,1,0
15887.4641779311,40,2347.8,2143.4,2052.2,0.98760735140419,0,738684.497817873,1146,1,0
15887.5041769975,40,2312,2124.6,2047.2,1,0,738684.497818336,1146,1,0
15887.5441760639,40,2289,2120.6,2047.4,1,0,738684.497818799,1146,1,0
15887.5841751303,40,2295,2125.4,2045.2,1,0,738684.497819262,1146,1,0
15887.6241741967,40,2335.6,2140.4,2048.2,0.993785067485734,0,738684.497819724,1146,1,0
15887.6641732631,40,2382.2,2163.4,2057.6,0.963334962218702,0,738684.497820187,1146,1,0
15887.7041723295,40,2456.2,2208.8,2068.2,0.917013117136947,0,738684.49782065,1146,1,0
15887.7441713959,40,2540.8,2283.2,2091.6,0.846031337148546,0,738684.497821113,1146,1,0
15887.7841704623,40,2597.2,2395.4,2133,0.762074286926242,0,738684.497821576,1146,1,0
15887.8241695287,40,2591,2545.8,2196.2,0.65145812481641,0,738684.497822039,1146,1,0
15887.8641685951,40,2527.2,2693.4,2282.6,0.532884543384682,0,738684.497822502,1146,1,0
15887.9041676615,40,2442.2,2809.6,2389,0.432498570591717,0,738684.497822965,1146,1,0
15887.9441667279,40,2368.4,2812,2460.2,0.36546342842044,0,738684.497823428,1146,1,0
15887.9841657943,40,2378.8,2789.6,2440,0.38135234540336,0,738684.497823891,1146,1,0
15888.0241648607,40,2459.2,2779.2,2358.4,0.458824823815669,0,738684.497824354,1146,1,0
15888.0641639271,40,2550.8,2698.4,2268.8,0.544405753883346,0,738684.497824817,1146,1,0
15888.1041629935,40,2615,2556.2,2196.8,0.65145812481641,0,738684.49782528,1146,1,0
15888.1441620599,40,2620.6,2411.6,2136.2,0.748705579178257,0,738684.497825743,1146,1,0
15888.1841611263,40,2593.8,2318,2102.4,0.808529044605241,0,738684.497826206,1146,1,0
15888.2241601927,40,2529.8,2241.8,2074.4,0.869646511663396,0,738684.497826669,1146,1,0
15888.2641592591,40,2456.6,2191.8,2063.6,0.922681122048444,0,738684.497827132,1146,1,0
15888.3041583255,40,2396.2,2158.6,2051.6,0.963334962218702,0,738684.497827595,1146,1,0
15888.3441573919,40,2348.6,2134,2048.4,0.993785067485734,0,738684.497828058,1146,1,0
15888.3841564583,40,2310.4,2119.4,2044.8,1,0,738684.497828521,1146,1,0
15888.4241555247,40,2292.4,2113.8,2038.2,1,0,738684.497828984,1146,1,0
15888.4641545911,40,2287.4,2109.6,2039,1,0,738684.497829446,1146,1,0
15888.5041536575,40,2296,2112.8,2042,1,0,738684.497829909,1146,1,0
15888.5441527239,40,2301.2,2120.6,2045.4,1,0,738684.497830372,1146,1,0
15888.5841517903,40,2300.6,2123.2,2044.4,1,0,738684.497830835,1146,1,0
15888.6241508567,40,2298.6,2125.8,2046,1,0,738684.497831298,1146,1,0
15888.6641499231,40,2302.4,2128.4,2048.2,1,0,738684.497831761,1146,1,0
15888.7041489895,40,2312.2,2127.6,2045.4,1,0,738684.497832224,1146,1,0
15888.7441480559,40,2322.4,2132,2046.6,1,0,738684.497832687,1146,1,0
15888.7841471223,40,2317.2,2131.4,2049.8,1,0,738684.49783315,1146,1,0
15888.8241461887,40,2319.2,2131.2,2049.2,1,0,738684.497833613,1146,1,0
15888.8641452551,40,2318.6,2134.6,2050,1,0,738684.497834076,1146,1,0
15888.9041443215,40,2328.8,2139.4,2051.4,1,0,738684.497834539,1146,1,0
15888.9441433879,40,2340.8,2145,2051.4,0.993785067485734,0,738684.497835002,1146,1,0
15888.9841424543,40,2358.4,2152,2050.6,0.981470191009929,0,738684.497835465,1146,1,0
15889.0241415207,40,2384.8,2169,2060.6,0.963334962218702,0,738684.497835928,1146,1,0
15889.0641405871,40,2435.8,2198.6,2069.4,0.928397096983629,0,738684.497836391,1146,1,0
15889.1041396535,40,2499.2,2242.6,2083,0.879696155832112,0,738684.497836854,1146,1,0
15889.1441387199,40,2569.4,2319.2,2108.2,0.816378308563394,0,738684.497837317,1146,1,0
15889.1841377863,40,2611.2,2429,2146,0.735695387533812,0,738684.49783778,1146,1,0
15889.2241368527,40,2610.2,2579.8,2207.2,0.63467128498077,0,738684.497838243,1146,1,0
15889.2641359191,40,2543.4,2715.2,2284.4,0.532884543384682,0,738684.497838706,1146,1,0
15889.3041349855,40,2456.4,2824.4,2380.4,0.432498570591717,0,738684.497839169,1146,1,0
15889.3441340519,40,2384.2,2859.6,2475,0.36546342842044,0,738684.497839631,1146,1,0
15889.3841331183,40,2357.2,2821.8,2480.6,0.356497976346759,0,738684.497840094,1146,1,0
15889.4241321847,40,2397.6,2801.8,2422.8,0.396076922961512,0,738684.497840557,1146,1,0
15889.4641312511,40,2494.2,2781.4,2342.4,0.473941473653243,0,738684.49784102,1146,1,0
15889.5041303175,40,2577,2700.4,2262.6,0.55599419909927,0,738684.497841483,1146,1,0
15889.5441293839,40,2621.2,2558,2194.6,0.65145812481641,0,738684.497841946,1146,1,0
15889.5841284503,40,2639.4,2446,2146.8,0.72601963564692,0,738684.497842409,1146,1,0
15889.6241275167,40,2620.2,2356.4,2115.6,0.782692588654786,0,738684.497842872,1146,1,0
15889.6641265831,40,2585.6,2287.4,2087.8,0.828749855133686,0,738684.497843335,1146,1,0
15889.7041256495,40,2541,2241.6,2075.8,0.864724653185449,0,738684.497843798,1146,1,0
15889.7441247159,40,2501.2,2208.8,2067.4,0.895128281408961,0,738684.497844261,1146,1,0
15889.7841237823,40,2469.4,2184.4,2058.8,0.917013117136947,0,738684.497844724,1146,1,0
15889.8241228487,40,2440.6,2172.4,2052.2,0.934145162156038,0,738684.497845187,1146,1,0
15889.8641219151,40,2422.2,2160.8,2051.2,0.945681682617138,0,738684.49784565,1146,1,0
15889.9041209815,40,2416.2,2155.4,2049,0.951507301379275,0,738684.497846113,1146,1,0
15889.9441200479,40,2413.2,2154.2,2049.6,0.951507301379275,0,738684.497846576,1146,1,0
15889.9841191143,40,2418.8,2159,2052.4,0.951507301379275,0,738684.497847039,1146,1,0
15890.0241181807,40,2424,2159.2,2052.4,0.945681682617138,0,738684.497847502,1146,1,0
15890.0641172471,40,2434.2,2170.2,2053.4,0.939909252434471,0,738684.497847965,1146,1,0
15890.1041163135,40,2439.4,2175,2055,0.934145162156038,0,738684.497848428,1146,1,0
15890.1441153799,40,2436.4,2174.8,2056.4,0.934145162156038,0,738684.49784889,1146,1,0
15890.1841144463,40,2441.6,2174.8,2060.2,0.934145162156038,0,738684.497849353,1146,1,0
15890.2241135127,40,2442.4,2182.6,2055.8,0.928397096983629,0,738684.497849816,1146,1,0
15890.2641125791,40,2447.2,2183.6,2063.4,0.928397096983629,0,738684.497850279,1146,1,0
15890.3041116455,40,2450.4,2187.4,2059.2,0.922681122048444,0,738684.497850742,1146,1,0
15890.3441107119,40,2455.4,2194.6,2062.2,0.922681122048444,0,738684.497851205,1146,1,0
15890.3841097783,40,2466.8,2194.8,2063,0.917013117136947,0,738684.497851668,1146,1,0
15890.4241088447,40,2469.4,2199.4,2065.4,0.91140871723736,0,738684.497852131,1146,1,0
15890.4641079111,40,2473.2,2200.2,2067,0.91140871723736,0,738684.497852594,1146,1,0
15890.5041069775,40,2478.6,2202.6,2063.4,0.90588324353745,0,738684.497853057,1146,1,0
15890.5441060439,40,2486.2,2204.8,2068.4,0.900451621459986,0,738684.49785352,1146,1,0
15890.5841051103,40,2488,2210.6,2068,0.900451621459986,0,738684.497853983,1146,1,0
15890.6241041767,40,2491,2215.6,2070,0.895128281408961,0,738684.497854446,1146,1,0
15890.6641032431,40,2494.2,2216.6,2067.6,0.895128281408961,0,738684.497854909,1146,1,0
15890.7041023095,40,2502.4,2221.2,2070.2,0.889926901112563,0,738684.497855372,1146,1,0
15890.7441013759,40,2500.2,2222,2071.2,0.889926901112563,0,738684.497855835,1146,1,0
15890.7841004423,40,2488,2220.6,2073.4,0.895128281408961,0,738684.497856298,1146,1,0
15890.8240995087,40,2449,2198.6,2068.2,0.922681122048444,0,738684.497856761,1146,1,0
15890.8640985751,40,2407.4,2180,2062.4,0.945681682617138,0,738684.497857224,1146,1,0
15890.9040976415,40,2364.4,2153.8,2053.2,0.975376895053477,0,738684.497857687,1146,1,0
15890.9440967079,40,2324.4,2136,2051.2,1,0,738684.497858149,1146,1,0
15890.9840957743,40,2297.2,2120.8,2046,1,0,738684.497858612,1146,1,0
15891.0240948407,40,2277.2,2119.8,2046.8,1,0,738684.497859075,1146,1,0
15891.0640939071,40,2286.6,2121.8,2043.4,1,0,738684.497859538,1146,1,0
15891.1040929735,40,2303.8,2124,2048.8,1,0,738684.497860001,1146,1,0
15891.1440920399,40,2324.6,2138.4,2048.8,1,0,738684.497860464,1146,1,0
15891.1840911063,40,2368.8,2157.6,2055.4,0.975376895053477,0,738684.497860927,1146,1,0
15891.2240901727,40,2439,2197.4,2071.6,0.928397096983629,0,738684.49786139,1146,1,0
15891.2640892391,40,2523.6,2275.6,2095.2,0.855154006574624,0,738684.497861853,1146,1,0
15891.3040883055,40,2603.2,2386.8,2129.2,0.768841674721193,0,738684.497862316,1146,1,0
15891.3440873719,40,2607.6,2542.2,2188.2,0.658093992718842,0,738684.497862779,1146,1,0
15891.3840864383,40,2546.2,2711,2284.6,0.532884543384682,0,738684.497863242,1146,1,0
15891.4240855047,40,2447.4,2832.8,2404.4,0.421730440329805,0,738684.497863705,1146,1,0
15891.4640845711,40,2347,2849.4,2517.4,0.333857759187155,0,738684.497864168,1146,1,0
15891.5040836375,40,2313,2814.6,2542.8,0.320891404714916,0,738684.497864631,1146,1,0
15891.5440827039,40,2365,2838.8,2479.6,0.356497976346759,0,738684.497865094,1146,1,0
15891.5840817703,40,2463,2815.4,2376.8,0.443015536937748,0,738684.497865557,1146,1,0
15891.6240808367,40,2556.8,2685.8,2259,0.55599419909927,0,738684.49786602,1146,1,0
15891.6640799031,40,2620,2497.4,2169,0.69067652983471,0,738684.497866483,1146,1,0
15891.7040789695,40,2588.4,2329,2111.8,0.804740833678851,0,738684.497866946,1146,1,0
15891.7440780359,40,2496.2,2234.8,2077.2,0.884796034058834,0,738684.497867409,1146,1,0
15891.7840771023,40,2412.8,2177.8,2060,0.945681682617138,0,738684.497867872,1146,1,0
15891.8240761687,40,2341,2142.4,2051.8,0.993785067485734,0,738684.497868334,1146,1,0
15891.8640752351,40,2301.8,2124.6,2046,1,0,738684.497868797,1146,1,0
15891.9040743015,40,2285.2,2119.2,2043.2,1,0,738684.49786926,1146,1,0
15891.9440733679,40,2299.2,2122.2,2046.6,1,0,738684.497869723,1146,1,0
15891.9840724343,40,2334.6,2141,2052.4,0.993785067485734,0,738684.497870186,1146,1,0
15892.0240715007,40,2394.8,2172.6,2058.6,0.957392764220256,0,738684.497870649,1146,1,0
15892.0640705671,40,2468,2221.8,2080.8,0.90588324353745,0,738684.497871112,1146,1,0
15892.1040696335,40,2559.6,2314.4,2106,0.824555873811782,0,738684.497871575,1146,1,0
15892.1440686999,40,2617.8,2449,2155.2,0.722800925966807,0,738684.497872038,1146,1,0
15892.1840677663,40,2593.8,2630.4,2232.6,0.596381495302282,0,738684.497872501,1146,1,0
15892.2240668327,40,2497.8,2789.4,2335.6,0.473941473653243,0,738684.497872964,1146,1,0
15892.2640658991,40,2393.8,2864,2468.4,0.373555726838669,0,738684.497873427,1146,1,0
15892.3040649655,40,2311.2,2815.2,2544.6,0.30735679854272,0,738684.49787389,1146,1,0
15892.3440640319,40,2331.2,2809,2518.2,0.333857759187155,0,738684.497874353,1146,1,0
15892.3840630983,40,2417.2,2866.2,2439.4,0.396076922961512,0,738684.497874816,1146,1,0
15892.4240621647,40,2514.4,2770.8,2319.6,0.487427987606295,0,738684.497875279,1146,1,0
15892.4640612311,40,2611.2,2607,2214.2,0.617041238659818,0,738684.497875742,1146,1,0
15892.5040602975,40,2628.8,2421.4,2137.8,0.742159015519958,0,738684.497876205,1146,1,0
15892.5440593639,40,2561.2,2288.8,2095.2,0.837305347240683,0,738684.497876668,1146,1,0
15892.5840584303,40,2478.6,2215.6,2071.6,0.900451621459986,0,738684.497877131,1146,1,0
15892.6240574967,40,2384.8,2168,2058.4,0.963334962218702,0,738684.497877594,1146,1,0
15892.6640565631,40,2323.8,2136,2050.6,1,0,738684.497878056,1146,1,0
15892.7040556295,40,2294.8,2121.4,2043.6,1,0,738684.497878519,1146,1,0
15892.7440546959,40,2293.4,2122.6,2046.8,1,0,738684.497878982,1146,1,0
15892.7840537623,40,2329.6,2137,2049.2,1,0,738684.497879445,1146,1,0
15892.8240528287,40,2385.2,2164.4,2057.6,0.963334962218702,0,738684.497879908,1146,1,0
15892.8640518951,40,2459.8,2212,2072,0.91140871723736,0,738684.497880371,1146,1,0
15892.9040509615,40,2543.6,2294,2099.6,0.841648031306038,0,738684.497880834,1146,1,0
15892.9440500279,40,2606.4,2422.8,2145.2,0.742159015519958,0,738684.497881297,1146,1,0
15892.9840490943,40,2602.6,2607,2220.6,0.61334157805252,0,738684.49788176,1146,1,0
15893.0240481607,40,2508.4,2772.6,2328.8,0.483127937558863,0,738684.497882223,1146,1,0
15893.0640472271,40,2397.2,2861,2461.6,0.38135234540336,0,738684.497882686,1146,1,0
15893.1040462935,40,2310.8,2829.8,2566.2,0.30735679854272,0,738684.497883149,1146,1,0
15893.1440453599,40,2308,2815.6,2555.4,0.30735679854272,0,738684.497883612,1146,1,0
15893.1840444263,40,2386.8,2880.4,2484.4,0.36546342842044,0,738684.497884075,1146,1,0
15893.2240434927,40,2489.6,2827.8,2362,0.44830310725817,0,738684.497884538,1146,1,0
15893.2640425591,40,2586.4,2670,2247.2,0.571991559090702,0,738684.497885001,1146,1,0
15893.3040416255,40,2630,2480.4,2160,0.703551912933977,0,738684.497885464,1146,1,0
15893.3440406919,40,2595.4,2321.2,2104.6,0.808529044605241,0,738684.497885927,1146,1,0
15893.3840397583,40,2488.4,2224.8,2075.2,0.895128281408961,0,738684.49788639,1146,1,0
15893.4240388247,40,2406.2,2173,2061,0.951507301379275,0,738684.497886853,1146,1,0
15893.4640378911,40,2332.2,2134.2,2048.6,1,0,738684.497887315,1146,1,0
15893.5040369575,40,2286.2,2119.4,2045.6,1,0,738684.497887778,1146,1,0
15893.5440360239,40,2280.8,2120.6,2046.2,1,0,738684.497888241,1146,1,0
15893.5840350903,40,2311.6,2129.4,2048.6,1,0,738684.497888704,1146,1,0
15893.6240341567,40,2368.2,2154.6,2052.6,0.975376895053477,0,738684.497889167,1146,1,0
15893.6640332231,40,2442,2200.2,2071.2,0.922681122048444,0,738684.49788963,1146,1,0
15893.7040322895,40,2530.6,2275.4,2093.2,0.855154006574624,0,738684.497890093,1146,1,0
15893.7440313559,40,2606.6,2402.2,2138.4,0.755350806424959,0,738684.497890556,1146,1,0
15893.7840304223,40,2602.2,2569,2202.6,0.638072468361496,0,738684.497891019,1146,1,0
15893.8240294887,40,2527.4,2741.6,2301,0.508242322241532,0,738684.497891482,1146,1,0
15893.8640285551,40,2418.6,2848.6,2429,0.396076922961512,0,738684.497891945,1146,1,0
15893.9040276215,40,2324.4,2832,2534.2,0.320891404714916,0,738684.497892408,1146,1,0
15893.9440266879,40,2323.6,2815.6,2526.6,0.320891404714916,0,738684.497892871,1146,1,0
15893.9840257543,40,2418.4,2873.4,2450.2,0.38886050242203,0,738684.497893334,1146,1,0
15894.0240248207,40,2516.2,2804.4,2336,0.473941473653243,0,738684.497893797,1146,1,0
15894.0640238871,40,2622.2,2645.4,2225.2,0.600935927986466,0,738684.49789426,1146,1,0
15894.1040229535,40,2651,2446.8,2146.2,0.722800925966807,0,738684.497894723,1146,1,0
15894.1440220199,40,2585.6,2296.8,2098.8,0.824555873811782,0,738684.497895186,1146,1,0
15894.1840210863,40,2478,2217.2,2070.4,0.900451621459986,0,738684.497895649,1146,1,0
15894.2240201527,40,2394.8,2166.8,2056.6,0.957392764220256,0,738684.497896112,1146,1,0
15894.2640192191,40,2323.8,2136.4,2048.4,1,0,738684.497896575,1146,1,0
15894.3040182855,40,2287.4,2121.4,2045,1,0,738684.497897038,1146,1,0
15894.3440173519,40,2286,2117.2,2044.6,1,0,738684.4978975,1146,1,0
15894.3840164183,40,2318.4,2133.6,2050.2,1,0,738684.497897963,1146,1,0
15894.4240154847,40,2371.2,2156,2053.8,0.975376895053477,0,738684.497898426,1146,1,0
15894.4640145511,40,2447.6,2206.2,2068.8,0.922681122048444,0,738684.497898889,1146,1,0
15894.5040136175,40,2538.6,2289,2099.4,0.846031337148546,0,738684.497899352,1146,1,0
15894.5440126839,40,2615,2416,2141.8,0.745419432004827,0,738684.497899815,1146,1,0
15894.5840117503,40,2620.8,2592,2212.6,0.627761211066945,0,738684.497900278,1146,1,0
15894.6240108167,40,2537,2775.2,2311,0.491613825047665,0,738684.497900741,1146,1,0
15894.6640098831,40,2429.8,2868.2,2432.8,0.402990075718856,0,738684.497901204,1146,1,0
15894.7040089495,40,2349.4,2834.6,2503.8,0.345854372631172,0,738684.497901667,1146,1,0
15894.7440080159,40,2360.2,2822.4,2477.8,0.356497976346759,0,738684.49790213,1146,1,0
15894.7840070823,40,2453.2,2849.6,2397.8,0.421730440329805,0,738684.497902593,1146,1,0
15894.8240061487,40,2562,2755.4,2291.2,0.522126052443221,0,738684.497903056,1146,1,0
15894.8640052151,40,2636.6,2565.6,2189.4,0.648129975506603,0,738684.497903519,1146,1,0
15894.9040042815,40,2638.2,2391.2,2125.4,0.758704666363614,0,738684.497903982,1146,1,0
15894.9440033479,40,2554.2,2272,2089.6,0.846031337148546,0,738684.497904445,1146,1,0
15894.9840024143,40,2459.4,2202.6,2068.4,0.917013117136947,0,738684.497904908,1146,1,0
15895.0240014807,40,2371.6,2158.4,2056.4,0.975376895053477,0,738684.497905371,1146,1,0
15895.0640005471,40,2318,2131.8,2046.4,1,0,738684.497905834,1146,1,0
15895.1039996135,40,2292.6,2122.2,2046.6,1,0,738684.497906297,1146,1,0
15895.1439986799,40,2299.6,2124.2,2045.6,1,0,738684.497906759,1146,1,0
15895.3099948055,166,2552.8,2307.4,2103.2,0.828749855133686,0,738684.497908681,1146,1,0
15895.3499938719,40,2610.4,2436.8,2152.6,0.73246794223773,0,738684.497909144,1146,1,0
15895.3899929383,40,2595.8,2609.4,2220.8,0.609441754663018,0,738684.497909607,1146,1,0
15895.4299920047,40,2518.6,2777.8,2321.8,0.487427987606295,0,738684.49791007,1146,1,0
15895.4699910711,40,2415.2,2853.2,2437,0.396076922961512,0,738684.497910533,1146,1,0
15895.5099901375,40,2347.8,2824.8,2502.4,0.345854372631172,0,738684.497910996,1146,1,0
15895.5499892039,40,2372.6,2844.8,2481.6,0.36546342842044,0,738684.497911458,1146,1,0
15895.5899882703,40,2440.6,2876.2,2425.4,0.402990075718856,0,738684.497911921,1146,1,0
15895.6299873367,40,2489.4,2818.2,2354,0.453583270865973,0,738684.497912384,1146,1,0
15895.6699864031,40,2549.6,2775.6,2301,0.499855013752571,0,738684.497912847,1146,1,0
15895.7099854695,40,2594.2,2697.6,2259.4,0.561591735227539,0,738684.49791331,1146,1,0
15895.7499845359,40,2623.4,2643.6,2226.4,0.600935927986466,0,738684.497913773,1146,1,0
15895.7899836023,40,2644.6,2599.6,2205.4,0.631236010455004,0,738684.497914236,1146,1,0
15895.8299826687,40,2658.2,2570.4,2187.8,0.648129975506603,0,738684.497914699,1146,1,0
15895.8699817351,40,2667.6,2556.6,2181.8,0.658093992718842,0,738684.497915162,1146,1,0
15895.9099808015,40,2675.4,2555.8,2182.2,0.661398248029182,0,738684.497915625,1146,1,0
15895.9499798679,40,2679.6,2575.4,2186.2,0.65145812481641,0,738684.497916088,1146,1,0
15895.9899789343,40,2682.6,2591.6,2193.2,0.641445129325003,0,738684.497916551,1146,1,0
15896.0299780007,40,2684.6,2598,2193.2,0.638072468361496,0,738684.497917014,1146,1,0
15896.0699770671,40,2690.4,2609.4,2196,0.63467128498077,0,738684.497917477,1146,1,0
15896.1099761335,40,2691.6,2620.2,2200.4,0.627761211066945,0,738684.49791794,1146,1,0
15896.1499751999,40,2689,2630.4,2203.6,0.624241290397594,0,738684.497918403,1146,1,0
15896.1899742663,40,2684.8,2636.6,2210.8,0.617041238659818,0,738684.497918866,1146,1,0
15896.2299733327,40,2676.6,2642.6,2206.6,0.617041238659818,0,738684.497919329,1146,1,0
15896.2699723991,40,2676.4,2647.2,2213.6,0.61334157805252,0,738684.497919792,1146,1,0
15896.3099714655,40,2665.2,2655.4,2215.4,0.609441754663018,0,738684.497920255,1146,1,0
15896.3499705319,40,2658,2659.2,2222.2,0.605299016202904,0,738684.497920717,1146,1,0
15896.3899695983,40,2651.2,2662.8,2226.2,0.600935927986466,0,738684.49792118,1146,1,0
15896.4299686647,40,2645,2668.2,2229.8,0.596381495302282,0,738684.497921643,1146,1,0
15896.4699677311,40,2637.2,2672.8,2232.2,0.591669078597459,0,738684.497922106,1146,1,0
15896.5099667975,40,2631.8,2673.6,2237.4,0.586834992766542,0,738684.497922569,1146,1,0
15896.5499658639,40,2621.4,2677.2,2240.8,0.581917536525862,0,738684.497923032,1146,1,0
15896.5899649303,40,2618,2684,2244.6,0.576956288034028,0,738684.497923495,1146,1,0
15896.6299639967,40,2614.6,2691.4,2250,0.571991559090702,0,738684.497923958,1146,1,0
15896.6699630631,40,2612,2702.8,2251.2,0.56694533960948,0,738684.497924421,1146,1,0
15896.7099621295,40,2613.4,2711,2256,0.56694533960948,0,738684.497924884,1146,1,0
15896.7499611959,40,2608.2,2723.6,2258.6,0.561591735227539,0,738684.497925347,1146,1,0
15896.7899602623,40,2608.8,2730.2,2263.8,0.55599419909927,0,738684.49792581,1146,1,0
15896.8299593287,40,2606.4,2739.6,2268.4,0.550236263228431,0,738684.497926273,1146,1,0
15896.8699583951,40,2603.8,2748.4,2267.6,0.550236263228431,0,738684.497926736,1146,1,0
15896.9099574615,40,2605.4,2760.8,2277.6,0.544405753883346,0,738684.497927199,1146,1,0
15896.9499565279,40,2605.4,2764.8,2276.6,0.544405753883346,0,738684.497927662,1146,1,0
15896.9899555943,40,2592.8,2769.6,2288.4,0.532884543384682,0,738684.497928125,1146,1,0
15897.0299546607,40,2586.2,2774.4,2290,0.527369038802404,0,738684.497928588,1146,1,0
15897.0699537271,40,2584.8,2778.2,2289.8,0.522126052443221,0,738684.497929051,1146,1,0
15897.1099527935,40,2577,2781.8,2299.2,0.508242322241532,0,738684.497929514,1146,1,0
15897.1499518599,40,2568.2,2785.4,2302.6,0.499855013752571,0,738684.497929977,1146,1,0
15897.1899509263,40,2562.6,2783.4,2304.2,0.499855013752571,0,738684.49793044,1146,1,0
15897.2299499927,40,2551,2788.2,2310.6,0.491613825047665,0,738684.497930902,1146,1,0
15897.2699490591,40,2547.6,2792.4,2314.8,0.487427987606295,0,738684.497931365,1146,1,0
15897.3099481255,40,2546.4,2799.8,2322.4,0.483127937558863,0,738684.497931828,1146,1,0
15897.3499471919,40,2539.8,2807.6,2326.8,0.478648808335904,0,738684.497932291,1146,1,0
15897.3899462583,40,2535,2818,2328.8,0.473941473653243,0,738684.497932754,1146,1,0
15897.4299453247,40,2531,2823.6,2334.6,0.469043195516147,0,738684.497933217,1146,1,0
15897.4699443911,40,2531.4,2834.8,2341.4,0.463991214758112,0,738684.49793368,1146,1,0
15897.5099434575,40,2527.8,2841,2344.4,0.458824823815669,0,738684.497934143,1146,1,0
15897.5499425239,40,2526.2,2850.6,2350.2,0.453583270865973,0,738684.497934606,1146,1,0
15897.5899415903,40,2516,2853.4,2355.6,0.44830310725817,0,738684.497935069,1146,1,0
15897.6299406567,40,2512.6,2859.2,2360.8,0.44830310725817,0,738684.497935532,1146,1,0
15897.6699397231,40,2503.6,2862.4,2367.2,0.443015536937748,0,738684.497935995,1146,1,0
15897.7099387895,40,2503,2863.4,2373.4,0.443015536937748,0,738684.497936458,1146,1,0
15897.7499378559,40,2493.8,2865.6,2375.8,0.437743532746865,0,738684.497936921,1146,1,0
15897.7899369223,40,2491.4,2868.4,2381.2,0.432498570591717,0,738684.497937384,1146,1,0
15897.8299359887,40,2481,2871,2389,0.432498570591717,0,738684.497937847,1146,1,0
15897.8699350551,40,2480.4,2876.2,2392.2,0.427256089976996,0,738684.49793831,1146,1,0
15897.9099341215,40,2476,2882,2399.6,0.421730440329805,0,738684.497938773,1146,1,0
15897.9499331879,40,2470,2886,2398.8,0.421730440329805,0,738684.497939236,1146,1,0
15897.9899322543,40,2469.6,2899,2412.6,0.415835616278058,0,738684.497939699,1146,1,0
15898.0299313207,40,2466.8,2904.2,2416.8,0.415835616278058,0,738684.497940161,1146,1,0
15898.0699303871,40,2461.4,2908.2,2426,0.409582826119754,0,738684.497940624,1146,1,0
15898.1099294535,40,2453.8,2911.2,2429.2,0.402990075718856,0,738684.497941087,1146,1,0
15898.1499285199,40,2451,2916.6,2434.2,0.402990075718856,0,738684.49794155,1146,1,0
15898.1899275863,40,2447,2915.2,2442.2,0.396076922961512,0,738684.497942013,1146,1,0
15898.2299266527,40,2443.6,2917,2444.8,0.396076922961512,0,738684.497942476,1146,1,0
15898.2699257191,40,2437.8,2921.4,2450,0.396076922961512,0,738684.497942939,1146,1,0
15898.3099247855,40,2430.6,2923.8,2460.2,0.38886050242203,0,738684.497943402,1146,1,0
15898.3499238519,40,2424.2,2925.6,2468.6,0.38135234540336,0,738684.497943865,1146,1,0
15898.3899229183,40,2421.2,2928.6,2472.4,0.38135234540336,0,738684.497944328,1146,1,0
15898.4299219847,40,2417,2926.8,2475.2,0.38135234540336,0,738684.497944791,1146,1,0
15898.4699210511,40,2409.8,2928.4,2479.4,0.373555726838669,0,738684.497945254,1146,1,0
15898.5099201175,40,2407,2931.2,2487,0.373555726838669,0,738684.497945717,1146,1,0
15898.5499191839,40,2400.2,2930.8,2494,0.36546342842044,0,738684.49794618,1146,1,0
15898.5899182503,40,2397.4,2935,2500.8,0.36546342842044,0,738684.497946643,1146,1,0
15898.6299173167,40,2393,2936,2509.4,0.356497976346759,0,738684.497947106,1146,1,0
15898.6699163831,40,2387.2,2937.2,2516.2,0.356497976346759,0,738684.497947569,1146,1,0
15898.7099154495,40,2384,2936,2523.4,0.345854372631172,0,738684.497948032,1146,1,0
15898.7499145159,40,2376.4,2937.2,2526.6,0.345854372631172,0,738684.497948495,1146,1,0
15898.7899135823,40,2375,2935.6,2536.2,0.345854372631172,0,738684.497948958,1146,1,0
15898.8299126487,40,2369.6,2936.8,2541.4,0.333857759187155,0,738684.497949421,1146,1,0
15898.8699117151,40,2365,2937.8,2549,0.333857759187155,0,738684.497949883,1146,1,0
15898.9099107815,40,2360.4,2934.6,2553.8,0.333857759187155,0,738684.497950346,1146,1,0
15898.9499098479,40,2353.8,2933.8,2560.4,0.320891404714916,0,738684.497950809,1146,1,0
15898.9899089143,40,2351.2,2932.6,2572.4,0.320891404714916,0,738684.497951272,1146,1,0
15899.0299079807,40,2346.4,2935.6,2577.6,0.30735679854272,0,738684.497951735,1146,1,0
15899.0699070471,40,2342.6,2934,2583.2,0.30735679854272,0,738684.497952198,1146,1,0
15899.1099061135,40,2337.2,2929.4,2591.6,0.30735679854272,0,738684.497952661,1146,1,0
15899.1499051799,40,2334.4,2931.4,2598,0.293663819679541,0,738684.497953124,1146,1,0
15899.1899042463,40,2324,2932.4,2608.4,0.293663819679541,0,738684.497953587,1146,1,0
15899.2299033127,40,2324.8,2926.6,2612.6,0.293663819679541,0,738684.49795405,1146,1,0
15899.2699023791,40,2317.4,2923.8,2620.2,0.280225485675689,0,738684.497954513,1146,1,0
15899.3099014455,40,2311.8,2924,2629.8,0.280225485675689,0,738684.497954976,1146,1,0
15899.3499005119,40,2311.2,2919.4,2634.4,0.280225485675689,0,738684.497955439,1146,1,0
15899.3898995783,40,2307.8,2915.8,2645,0.267454031666399,0,738684.497955902,1146,1,0
15899.4298986447,40,2297.4,2911.8,2652,0.267454031666399,0,738684.497956365,1146,1,0
15899.4698977111,40,2295,2906.2,2656.2,0.255756287945557,0,738684.497956828,1146,1,0
15899.5098967775,40,2296,2903.8,2666.6,0.255756287945557,0,738684.497957291,1146,1,0
15899.5498958439,40,2284.4,2903.6,2673.2,0.245364309135595,0,738684.497957754,1146,1,0
15899.5898949103,40,2283.6,2900.8,2679.2,0.245364309135595,0,738684.497958217,1146,1,0
15899.6298939767,40,2278.6,2899.2,2691.4,0.245364309135595,0,738684.49795868,1146,1,0
15899.6698930431,40,2278.4,2894.6,2697.8,0.234983263052677,0,738684.497959143,1146,1,0
15899.7098921095,40,2271.4,2894,2706,0.234983263052677,0,738684.497959606,1146,1,0
15899.7498911759,40,2266.8,2887.6,2715,0.224441015262353,0,738684.497960068,1146,1,0
15899.7898902423,40,2263,2885.6,2723,0.224441015262353,0,738684.497960531,1146,1,0
15899.8298893087,40,2258.6,2878.8,2727.8,0.213978682965753,0,738684.497960994,1146,1,0
15899.8698883751,40,2255.4,2873,2737.4,0.213978682965753,0,738684.497961457,1146,1,0
15899.9098874415,40,2252.2,2871.8,2744.2,0.203833551304077,0,738684.49796192,1146,1,0
15899.9498865079,40,2247.4,2861.8,2754.4,0.203833551304077,0,738684.497962383,1146,1,0
15899.9898855743,40,2244.4,2860.8,2764.4,0.194236343756907,0,738684.497962846,1146,1,0
15900.0298846407,40,2242.6,2854.2,2767,0.194236343756907,0,738684.497963309,1146,1,0
15900.0698837071,40,2238.6,2849.6,2777,0.194236343756907,0,738684.497963772,1146,1,0
15900.1098827735,40,2232,2849.6,2785.2,0.185406273233558,0,738684.497964235,1146,1,0
15900.1498818399,40,2229.4,2844.6,2796.4,0.185406273233558,0,738684.497964698,1146,1,0
15900.1898809063,40,2227.8,2840.6,2799.4,0.177541111596337,0,738684.497965161,1146,1,0
15900.2298799727,40,2220.8,2832.6,2809.6,0.177541111596337,0,738684.497965624,1146,1,0
15900.2698790391,40,2221,2826.4,2815.4,0.170795133136517,0,738684.497966087,1146,1,0
15900.3098781055,40,2215,2818.6,2819.4,0.170795133136517,0,738684.49796655,1146,1,0
15900.3498771719,40,2213,2810.4,2826.2,0.165224977079992,0,738684.497967013,1146,1,0
15900.3898762383,40,2209.6,2806.8,2831.2,0.165224977079992,0,738684.497967476,1146,1,0
15900.4298753047,40,2208,2798.4,2838,0.165224977079992,0,738684.497967939,1146,1,0
15900.4698743711,40,2200.4,2792.6,2841.2,0.159951052274987,0,738684.497968402,1146,1,0
15900.5098734375,40,2200.2,2786.4,2847.8,0.159951052274987,0,738684.497968865,1146,1,0
15900.5498725039,40,2196.4,2783,2854.2,0.159951052274987,0,738684.497969327,1146,1,0
15900.5898715703,40,2193,2771.8,2856.6,0.153950978837115,0,738684.49796979,1146,1,0
15900.6298706367,40,2196.6,2766.6,2864.4,0.153950978837115,0,738684.497970253,1146,1,0
15900.6698697031,40,2189.2,2751.2,2862.6,0.147406507431546,0,738684.497970716,1146,1,0
15900.7098687695,40,2188,2742,2850.8,0.140534678237315,0,738684.497971179,1146,1,0
15900.7498678359,40,2189,2739.8,2847.6,0.140534678237315,0,738684.497971642,1146,1,0
15900.7898669023,40,2186.4,2738.2,2846.6,0.140534678237315,0,738684.497972105,1146,1,0
15900.8298659687,40,2182.8,2737.2,2849.2,0.140534678237315,0,738684.497972568,1146,1,0
15900.8698650351,40,2189.2,2742.6,2850.2,0.140534678237315,0,738684.497973031,1146,1,0
15900.9098641015,40,2186.6,2740.6,2847.6,0.140534678237315,0,738684.497973494,1146,1,0
15900.9498631679,40,2186.4,2737.8,2848.4,0.140534678237315,0,738684.497973957,1146,1,0
15900.9898622343,40,2185.6,2738.4,2853.2,0.140534678237315,0,738684.49797442,1146,1,0
15901.0298613007,40,2186.2,2736.6,2846.6,0.140534678237315,0,738684.497974883,1146,1,0
15901.0698603671,40,2187.6,2739.4,2851.4,0.140534678237315,0,738684.497975346,1146,1,0
15901.1098594335,40,2187.6,2742.6,2850.6,0.140534678237315,0,738684.497975809,1146,1,0
15901.1498584999,40,2186.8,2741.4,2848.6,0.140534678237315,0,738684.497976272,1146,1,0
15901.1898575663,40,2187.6,2735.8,2848,0.140534678237315,0,738684.497976735,1146,1,0
15901.2298566327,40,2187.4,2739,2847.2,0.140534678237315,0,738684.497977198,1146,1,0
15901.2698556991,40,2187.2,2739.6,2845.4,0.140534678237315,0,738684.497977661,1146,1,0
15901.3098547655,40,2184.4,2741.8,2848.2,0.140534678237315,0,738684.497978124,1146,1,0
15901.3498538319,40,2189.6,2741,2846,0.140534678237315,0,738684.497978586,1146,1,0
15901.3898528983,40,2186.6,2740.4,2849,0.140534678237315,0,738684.497979049,1146,1,0
15901.4298519647,40,2186.4,2736.4,2849,0.140534678237315,0,738684.497979512,1146,1,0
15901.4698510311,40,2193,2737,2849,0.140534678237315,0,738684.497979975,1146,1,0
15901.5098500975,40,2186.4,2739.4,2846.8,0.140534678237315,0,738684.497980438,1146,1,0
15901.5498491639,40,2186,2739.4,2847.4,0.140534678237315,0,738684.497980901,1146,1,0
15901.5898482303,40,2184.6,2735.6,2848.8,0.140534678237315,0,738684.497981364,1146,1,0
15901.6298472967,40,2184,2736,2846.6,0.140534678237315,0,738684.497981827,1146,1,0
15901.6698463631,40,2188.2,2739.4,2848.6,0.140534678237315,0,738684.49798229,1146,1,0
15901.7098454295,40,2186.8,2738.6,2847.2,0.140534678237315,0,738684.497982753,1146,1,0
15901.7498444959,40,2188.2,2735,2847.6,0.140534678237315,0,738684.497983216,1146,1,0
15901.7898435623,40,2188.2,2738.8,2848,0.140534678237315,0,738684.497983679,1146,1,0
15901.8298426287,40,2190.6,2736,2847.4,0.140534678237315,0,738684.497984142,1146,1,0
15901.8698416951,40,2184,2737.6,2848.8,0.140534678237315,0,738684.497984605,1146,1,0
15901.9098407615,40,2187.6,2737.4,2849.2,0.140534678237315,0,738684.497985068,1146,1,0
15901.9498398279,40,2185.6,2739.2,2850.6,0.140534678237315,0,738684.497985531,1146,1,0
15901.9898388943,40,2187.6,2735,2849.4,0.140534678237315,0,738684.497985994,1146,1,0
15902.0298379607,40,2186.4,2739.6,2848.8,0.140534678237315,0,738684.497986457,1146,1,0
15902.0698370271,40,2187.6,2736,2845.2,0.140534678237315,0,738684.49798692,1146,1,0
15902.1098360935,40,2188.4,2737,2848,0.140534678237315,0,738684.497987383,1146,1,0
15902.1498351599,40,2187.6,2736.6,2845.2,0.140534678237315,0,738684.497987846,1146,1,0
15902.1898342263,40,2189.6,2735.4,2850.4,0.140534678237315,0,738684.497988309,1146,1,0
15902.2298332927,40,2187.6,2739.6,2849,0.140534678237315,0,738684.497988771,1146,1,0
15902.2698323591,40,2187.6,2734.6,2844.4,0.140534678237315,0,738684.497989234,1146,1,0
15902.3098314255,40,2187,2737.8,2848.6,0.140534678237315,0,738684.497989697,1146,1,0
15902.3498304919,40,2186.2,2736.6,2845.4,0.140534678237315,0,738684.49799016,1146,1,0
15902.3898295583,40,2189,2735,2846.2,0.140534678237315,0,738684.497990623,1146,1,0
15902.4298286247,40,2185,2736,2849,0.140534678237315,0,738684.497991086,1146,1,0
15902.4698276911,40,2185.6,2735.6,2845.6,0.140534678237315,0,738684.497991549,1146,1,0
15902.5098267575,40,2187.2,2734,2847.6,0.140534678237315,0,738684.497992012,1146,1,0
15902.5498258239,40,2186.8,2738.8,2845.6,0.140534678237315,0,738684.497992475,1146,1,0
15902.5898248903,40,2187.4,2734.8,2849.4,0.140534678237315,0,738684.497992938,1146,1,0
15902.6298239567,40,2188.8,2740.8,2848.2,0.140534678237315,0,738684.497993401,1146,1,0
15902.6698230231,40,2188.2,2737.6,2846.8,0.140534678237315,0,738684.497993864,1146,1,0
15902.7098220895,40,2190.6,2738.6,2842.4,0.140534678237315,0,738684.497994327,1146,1,0
15902.7498211559,40,2186,2738.2,2848,0.140534678237315,0,738684.49799479,1146,1,0
15902.7898202223,40,2187.2,2737.4,2849,0.140534678237315,0,738684.497995253,1146,1,0
15902.8298192887,40,2183.2,2735.6,2846.4,0.140534678237315,0,738684.497995716,1146,1,0
15902.8698183551,40,2187.8,2738.8,2846.2,0.140534678237315,0,738684.497996179,1146,1,0
15902.9098174215,40,2186,2737.6,2848.4,0.140534678237315,0,738684.497996642,1146,1,0
15902.9498164879,40,2189.6,2736.2,2844.4,0.140534678237315,0,738684.497997105,1146,1,0
15902.9898155543,40,2188.4,2736.2,2848.8,0.140534678237315,0,738684.497997568,1146,1,0
15903.0298146207,40,2186.8,2738.8,2848.2,0.140534678237315,0,738684.497998031,1146,1,0
15903.0698136871,40,2185.6,2737.8,2846.4,0.140534678237315,0,738684.497998493,1146,1,0
15903.1098127535,40,2186.6,2737,2850,0.140534678237315,0,738684.497998956,1146,1,0
15903.1498118199,40,2187.8,2733.2,2849,0.140534678237315,0,738684.497999419,1146,1,0
15903.1898108863,40,2184.4,2737,2850,0.140534678237315,0,738684.497999882,1146,1,0
15903.2298099527,40,2185.4,2733.6,2850,0.140534678237315,0,738684.498000345,1146,1,0
15903.2698090191,40,2185.2,2739.2,2848.4,0.140534678237315,0,738684.498000808,1146,1,0
15903.3098080855,40,2188.4,2736.2,2848,0.140534678237315,0,738684.498001271,1146,1,0
15903.3498071519,40,2187.4,2736,2848.6,0.140534678237315,0,738684.498001734,1146,1,0
15903.3898062183,40,2186.2,2738.4,2847,0.140534678237315,0,738684.498002197,1146,1,0
15903.4298052847,40,2188.8,2738.2,2845.4,0.140534678237315,0,738684.49800266,1146,1,0
15903.4698043511,40,2187.6,2736.4,2848.2,0.140534678237315,0,738684.498003123,1146,1,0
15903.5098034175,40,2188.6,2740.4,2850.4,0.140534678237315,0,738684.498003586,1146,1,0
15903.5498024839,40,2187.2,2738.8,2849.4,0.140534678237315,0,738684.498004049,1146,1,0
15903.5898015503,40,2184.8,2739.4,2847.4,0.140534678237315,0,738684.498004512,1146,1,0
15903.6298006167,40,2186.8,2736.4,2851.8,0.140534678237315,0,738684.498004975,1146,1,0
15903.6697996831,40,2188.8,2738.4,2846.4,0.140534678237315,0,738684.498005438,1146,1,0
15903.7097987495,40,2188.4,2732.6,2848.4,0.140534678237315,0,738684.498005901,1146,1,0
15903.7497978159,40,2186.6,2735.2,2847.8,0.140534678237315,0,738684.498006364,1146,1,0
15903.7897968823,40,2187.2,2736.6,2845,0.140534678237315,0,738684.498006827,1146,1,0
15903.8297959487,40,2188.8,2739.2,2845.8,0.140534678237315,0,738684.49800729,1146,1,0
15903.8697950151,40,2189.6,2734.8,2847.2,0.140534678237315,0,738684.498007752,1146,1,0
15903.9097940815,40,2187,2739.6,2848.4,0.140534678237315,0,738684.498008215,1146,1,0
15903.9497931479,40,2187,2735.6,2848.8,0.140534678237315,0,738684.498008678,1146,1,0
15903.9897922143,40,2186.2,2736.6,2850,0.140534678237315,0,738684.498009141,1146,1,0
15904.0297912807,40,2185.6,2735.4,2848.6,0.140534678237315,0,738684.498009604,1146,1,0
15904.0697903471,40,2187.8,2737.8,2848,0.140534678237315,0,738684.498010067,1146,1,0
15904.1097894135,40,2188.4,2736.6,2847.8,0.140534678237315,0,738684.49801053,1146,1,0
15904.1497884799,40,2185.8,2736.6,2847.2,0.140534678237315,0,738684.498010993,1146,1,0
15904.1897875463,40,2186.2,2735,2844.4,0.140534678237315,0,738684.498011456,1146,1,0
15904.2297866127,40,2187.2,2733.6,2845.8,0.140534678237315,0,738684.498011919,1146,1,0
15904.2697856791,40,2188.6,2732.6,2847.8,0.140534678237315,0,738684.498012382,1146,1,0
15904.3097847455,40,2190.6,2737.2,2849.6,0.140534678237315,0,738684.498012845,1146,1,0
15904.3497838119,40,2186.6,2736.4,2843.2,0.140534678237315,0,738684.498013308,1146,1,0
15904.3897828783,40,2185.4,2737.2,2844.2,0.140534678237315,0,738684.498013771,1146,1,0
15904.4297819447,40,2190.8,2738.8,2848,0.140534678237315,0,738684.498014234,1146,1,0
15904.4697810111,40,2187,2739.8,2845,0.140534678237315,0,738684.498014697,1146,1,0
15904.5097800775,40,2183,2737.2,2843.4,0.140534678237315,0,738684.49801516,1146,1,0
15904.5497791439,40,2191.2,2742.8,2850,0.140534678237315,0,738684.498015623,1146,1,0
15904.5897782103,40,2184.2,2736.2,2847.6,0.140534678237315,0,738684.498016086,1146,1,0
15904.6297772767,40,2183.8,2738.6,2847,0.140534678237315,0,738684.498016549,1146,1,0
15904.6697763431,40,2185.8,2736.6,2846.8,0.140534678237315,0,738684.498017012,1146,1,0
15904.7097754095,40,2184,2737.8,2844,0.140534678237315,0,738684.498017475,1146,1,0
15904.7497744759,40,2185.2,2731.8,2842.2,0.140534678237315,0,738684.498017937,1146,1,0
15904.7897735423,40,2184.4,2724,2836.8,0.133563885985904,0,738684.4980184,1146,1,0
15904.8297726087,40,2184.6,2720.2,2826.6,0.133563885985904,0,738684.498018863,1146,1,0
15904.8697716751,40,2185.2,2712.6,2821.6,0.133563885985904,0,738684.498019326,1146,1,0
15904.9097707415,40,2186.4,2716.6,2823.8,0.133563885985904,0,738684.498019789,1146,1,0
15904.9497698079,40,2189.8,2742.4,2846.2,0.140534678237315,0,738684.498020252,1146,1,0
15904.9897688743,40,2194.6,2751,2828.8,0.147406507431546,0,738684.498020715,1146,1,0
15905.0297679407,40,2206.8,2768.2,2792.4,0.159951052274987,0,738684.498021178,1146,1,0
15905.0697670071,40,2228.2,2795.4,2733,0.194236343756907,0,738684.498021641,1146,1,0
15905.1097660735,40,2261.4,2823.8,2667.6,0.234983263052677,0,738684.498022104,1146,1,0
15905.1497651399,40,2302,2840.2,2585.6,0.293663819679541,0,738684.498022567,1146,1,0
15905.1897642063,40,2349.4,2835.6,2503.4,0.345854372631172,0,738684.49802303,1146,1,0
15905.2297632727,40,2407.4,2837.2,2431.2,0.396076922961512,0,738684.498023493,1146,1,0
15905.2697623391,40,2462.8,2798.4,2366.6,0.44830310725817,0,738684.498023956,1146,1,0
15905.3097614055,40,2529.2,2748.6,2297.8,0.508242322241532,0,738684.498024419,1146,1,0
15905.3497604719,40,2594.2,2680.6,2246.6,0.571991559090702,0,738684.498024882,1146,1,0
15905.3897595383,40,2635.2,2598.4,2202.4,0.627761211066945,0,738684.498025345,1146,1,0
15905.4297586047,40,2676.6,2513.6,2161,0.684216142532836,0,738684.498025808,1146,1,0
15905.4697576711,40,2694.2,2426.6,2135.4,0.73246794223773,0,738684.498026271,1146,1,0
15905.5097567375,40,2668,2352.2,2106.2,0.775667113969294,0,738684.498026734,1146,1,0
15905.5497558039,40,2618.4,2286.8,2088.6,0.816378308563394,0,738684.498027197,1146,1,0
15905.5897548703,40,2568.2,2243.6,2071,0.855154006574624,0,738684.498027659,1146,1,0
15905.6297539367,40,2510,2206.6,2062.4,0.889926901112563,0,738684.498028122,1146,1,0
15905.6697530031,40,2463.8,2177.4,2057.2,0.922681122048444,0,738684.498028585,1146,1,0
15905.7097520695,40,2428.4,2163.4,2051.4,0.945681682617138,0,738684.498029048,1146,1,0
15905.7497511359,40,2398.4,2154.4,2047.6,0.963334962218702,0,738684.498029511,1146,1,0
15905.7897502023,40,2383.8,2146.8,2048.8,0.969330739042227,0,738684.498029974,1146,1,0
15905.8297492687,40,2380.2,2146.4,2050.6,0.969330739042227,0,738684.498030437,1146,1,0
15905.8697483351,40,2380.6,2147.4,2047.8,0.969330739042227,0,738684.4980309,1146,1,0
15905.9097474015,40,2389.2,2155.8,2051.6,0.963334962218702,0,738684.498031363,1146,1,0
15905.9497464679,40,2392.6,2158.4,2052.4,0.963334962218702,0,738684.498031826,1146,1,0
15905.9897455343,40,2397.2,2163.2,2057.2,0.957392764220256,0,738684.498032289,1146,1,0
15906.0297446007,40,2404.6,2163.8,2054,0.957392764220256,0,738684.498032752,1146,1,0
15906.0697436671,40,2411.2,2168.4,2055.6,0.951507301379275,0,738684.498033215,1146,1,0
15906.1097427335,40,2418.6,2174.4,2058.2,0.945681682617138,0,738684.498033678,1146,1,0
15906.1497417999,40,2425.4,2175,2055.6,0.939909252434471,0,738684.498034141,1146,1,0
15906.1897408663,40,2432.8,2175.8,2058.8,0.939909252434471,0,738684.498034604,1146,1,0
15906.2297399327,40,2440,2183.4,2061.4,0.928397096983629,0,738684.498035067,1146,1,0
15906.2697389991,40,2447.4,2183.6,2059,0.928397096983629,0,738684.49803553,1146,1,0
15906.3097380655,40,2457.4,2189.2,2059,0.922681122048444,0,738684.498035993,1146,1,0
15906.3497371319,40,2466.8,2194.6,2063,0.917013117136947,0,738684.498036456,1146,1,0
15906.3897361983,40,2478,2195.8,2065.4,0.91140871723736,0,738684.498036918,1146,1,0
15906.4297352647,40,2484.6,2205.4,2065,0.900451621459986,0,738684.498037381,1146,1,0
15906.4697343311,40,2496.6,2203.2,2065.6,0.900451621459986,0,738684.498037844,1146,1,0
15906.5097333975,40,2495.8,2204.2,2061.6,0.900451621459986,0,738684.498038307,1146,1,0
15906.5497324639,40,2491.2,2192,2057.2,0.90588324353745,0,738684.49803877,1146,1,0
15906.5897315303,40,2479,2186.2,2057.4,0.91140871723736,0,738684.498039233,1146,1,0
15906.6297305967,40,2457.2,2176.8,2052.8,0.922681122048444,0,738684.498039696,1146,1,0
15906.6697296631,40,2441.2,2163.2,2050.8,0.939909252434471,0,738684.498040159,1146,1,0
15906.7097287295,40,2422.8,2156.2,2052.2,0.945681682617138,0,738684.498040622,1146,1,0
15906.7497277959,40,2409.6,2152.6,2049,0.957392764220256,0,738684.498041085,1146,1,0
15906.7897268623,40,2396.8,2150,2047.4,0.963334962218702,0,738684.498041548,1146,1,0
15906.8297259287,40,2385.4,2148.6,2049,0.969330739042227,0,738684.498042011,1146,1,0
15906.8697249951,40,2371.8,2141.6,2049,0.975376895053477,0,738684.498042474,1146,1,0
15906.9097240615,40,2363.2,2140,2046.8,0.981470191009929,0,738684.498042937,1146,1,0
15906.9497231279,40,2354.8,2143.2,2050,0.98760735140419,0,738684.4980434,1146,1,0
15906.9897221943,40,2346.2,2139.2,2047.4,0.993785067485734,0,738684.498043863,1146,1,0
15907.0297212607,40,2350.2,2138.8,2048.8,0.98760735140419,0,738684.498044326,1146,1,0
15907.0697203271,40,2345.8,2139.4,2048.4,0.993785067485734,0,738684.498044789,1146,1,0
15907.1097193935,40,2344.8,2139.4,2047.6,0.993785067485734,0,738684.498045252,1146,1,0
15907.1497184599,40,2335.6,2139.6,2046.8,0.993785067485734,0,738684.498045715,1146,1,0
15907.1897175263,40,2326.4,2140,2047.4,1,0,738684.498046178,1146,1,0
15907.2297165927,40,2318.4,2134.6,2049.8,1,0,738684.498046641,1146,1,0
15907.2697156591,40,2318,2130.4,2049.8,1,0,738684.498047103,1146,1,0
15907.3097147255,40,2313,2132.2,2047,1,0,738684.498047566,1146,1,0
15907.3497137919,40,2312,2126.4,2045.8,1,0,738684.498048029,1146,1,0
15907.3897128583,40,2312,2124.6,2046.8,1,0,738684.498048492,1146,1,0
15907.4297119247,40,2316.6,2127.8,2047.2,1,0,738684.498048955,1146,1,0
15907.4697109911,40,2323.6,2127.8,2046.8,1,0,738684.498049418,1146,1,0
15907.5097100575,40,2326.8,2128.8,2045.2,1,0,738684.498049881,1146,1,0
15907.5497091239,40,2328.8,2134,2049.6,1,0,738684.498050344,1146,1,0
15907.5897081903,40,2337.4,2135.4,2049,0.993785067485734,0,738684.498050807,1146,1,0
15907.6297072567,40,2342.2,2142.4,2050,0.993785067485734,0,738684.49805127,1146,1,0
15907.6697063231,40,2347.2,2144.8,2051.4,0.98760735140419,0,738684.498051733,1146,1,0
15907.7097053895,40,2354.8,2144.6,2048.2,0.98760735140419,0,738684.498052196,1146,1,0
15907.7497044559,40,2371.8,2149.6,2049.8,0.975376895053477,0,738684.498052659,1146,1,0
15907.7897035223,40,2392.4,2149.4,2051.8,0.963334962218702,0,738684.498053122,1146,1,0
15907.8297025887,40,2424.2,2159.4,2049.6,0.945681682617138,0,738684.498053585,1146,1,0
15907.8697016551,40,2462.4,2172.6,2050.6,0.922681122048444,0,738684.498054048,1146,1,0
15907.9097007215,40,2514.6,2200.2,2061.4,0.889926901112563,0,738684.498054511,1146,1,0
15907.9496997879,40,2584.8,2256.8,2077,0.841648031306038,0,738684.498054974,1146,1,0
15907.9896988543,40,2648.8,2339.2,2104,0.782692588654786,0,738684.498055437,1146,1,0
15908.0296979207,40,2692,2472,2145.4,0.709966050179064,0,738684.4980559,1146,1,0
15908.0696969871,40,2686.2,2651.6,2213.2,0.61334157805252,0,738684.498056362,1146,1,0
15908.1096960535,40,2596.4,2804.6,2296.6,0.504005523414082,0,738684.498056825,1146,1,0
15908.1496951199,40,2500.8,2879.2,2377.4,0.437743532746865,0,738684.498057288,1146,1,0
15908.1896941863,40,2505.2,2847.8,2362.8,0.44830310725817,0,738684.498057751,1146,1,0
15908.2296932527,40,2561.6,2755.6,2290.8,0.522126052443221,0,738684.498058214,1146,1,0
15908.2696923191,40,2621.8,2660.8,2230.4,0.591669078597459,0,738684.498058677,1146,1,0
15908.3096913855,40,2647,2524,2174.8,0.674497686432619,0,738684.49805914,1146,1,0
15908.3496904519,40,2628.6,2399.6,2133.2,0.755350806424959,0,738684.498059603,1146,1,0
15908.3896895183,40,2565.6,2299.6,2100.4,0.828749855133686,0,738684.498060066,1146,1,0
15908.4296885847,40,2483.2,2230.8,2082.2,0.895128281408961,0,738684.498060529,1146,1,0
15908.4696876511,40,2424,2187.6,2064.2,0.939909252434471,0,738684.498060992,1146,1,0
15908.5096867175,40,2376.6,2159.4,2057.2,0.969330739042227,0,738684.498061455,1146,1,0
15908.5496857839,40,2342.8,2141.2,2047.2,0.993785067485734,0,738684.498061918,1146,1,0
15908.5896848503,40,2323.2,2129.8,2045.8,1,0,738684.498062381,1146,1,0
15908.6296839167,40,2335,2126.6,2045.2,1,0,738684.498062844,1146,1,0
15908.6696829831,40,2364.6,2132,2045,0.981470191009929,0,738684.498063307,1146,1,0
15908.7096820495,40,2440.6,2159.6,2051.4,0.939909252434471,0,738684.49806377,1146,1,0
15908.7496811159,40,2530.2,2214.6,2064.8,0.879696155832112,0,738684.498064233,1146,1,0
15908.7896801823,40,2619.8,2299.8,2093.4,0.812409570046606,0,738684.498064696,1146,1,0
15908.8296792487,40,2658.8,2434.4,2143,0.729242281466222,0,738684.498065159,1146,1,0
15908.8696783151,40,2609.2,2599.4,2215,0.620670210669844,0,738684.498065621,1146,1,0
15908.9096773815,40,2497.6,2745,2316.8,0.491613825047665,0,738684.498066084,1146,1,0
15908.9496764479,40,2396.6,2823,2434.2,0.38886050242203,0,738684.498066547,1146,1,0
15908.9896755143,40,2357,2852.2,2504.4,0.345854372631172,0,738684.49806701,1146,1,0
15909.0296745807,40,2427.8,2961.2,2488.6,0.373555726838669,0,738684.498067473,1146,1,0
15909.0696736471,40,2527.8,2952,2395.4,0.427256089976996,0,738684.498067936,1146,1,0
15909.1096727135,40,2634.2,2857.2,2300.2,0.491613825047665,0,738684.498068399,1146,1,0
15909.1496717799,40,2722.8,2648.4,2201,0.620670210669844,0,738684.498068862,1146,1,0
15909.1896708463,40,2717.4,2441.8,2133.4,0.722800925966807,0,738684.498069325,1146,1,0
15909.2296699127,40,2625.2,2302.6,2092.6,0.808529044605241,0,738684.498069788,1146,1,0
15909.2696689791,40,2505.4,2215,2067.6,0.889926901112563,0,738684.498070251,1146,1,0
15909.3096680455,40,2408.8,2168.4,2053.4,0.951507301379275,0,738684.498070714,1146,1,0
15909.3496671119,40,2345.8,2140.2,2049,0.993785067485734,0,738684.498071177,1146,1,0
15909.3896661783,40,2307,2124.2,2044.8,1,0,738684.49807164,1146,1,0
15909.4296652447,40,2294.2,2116.6,2040.6,1,0,738684.498072103,1146,1,0
15909.4696643111,40,2313.4,2120.6,2041,1,0,738684.498072566,1146,1,0
15909.5096633775,40,2364.4,2135.4,2048,0.981470191009929,0,738684.498073029,1146,1,0
15909.5496624439,40,2459.2,2165.8,2050,0.928397096983629,0,738684.498073492,1146,1,0
15909.5896615103,40,2564,2231.2,2069.6,0.859889483197649,0,738684.498073955,1146,1,0
15909.6296605767,40,2654.2,2347.2,2106,0.77915429777298,0,738684.498074418,1146,1,0
15909.6696596431,40,2644.8,2503.6,2169.6,0.687448072586759,0,738684.498074881,1146,1,0
15909.7096587095,40,2563.2,2692.4,2264.8,0.55599419909927,0,738684.498075344,1146,1,0
15909.7496577759,40,2432.2,2797,2387.6,0.432498570591717,0,738684.498075806,1146,1,0
15909.7896568423,40,2355.8,2885.4,2525.2,0.333857759187155,0,738684.498076269,1146,1,0
15909.8296559087,40,2355.2,2944,2567.6,0.320891404714916,0,738684.498076732,1146,1,0
15909.8696549751,40,2442.2,3022.6,2507.6,0.373555726838669,0,738684.498077195,1146,1,0
15909.9096540415,40,2539.4,2975,2400.4,0.427256089976996,0,738684.498077658,1146,1,0
15909.9496531079,40,2653,2817.8,2276.6,0.544405753883346,0,738684.498078121,1146,1,0
15909.9896521743,40,2711.4,2574.2,2181.2,0.654780064308406,0,738684.498078584,1146,1,0
15910.0296512407,40,2625.8,2373,2122.4,0.772233014043569,0,738684.498079047,1146,1,0
15910.0696503071,40,2509.2,2260.6,2088.8,0.869646511663396,0,738684.49807951,1146,1,0
15910.1096493735,40,2429.2,2194,2066,0.934145162156038,0,738684.498079973,1146,1,0
15910.1496484399,40,2366.8,2148.8,2054,0.975376895053477,0,738684.498080436,1146,1,0
15910.1896475063,40,2321,2122.2,2043,1,0,738684.498080899,1146,1,0
15910.2296465727,40,2298,2108.8,2038.2,1,0,738684.498081362,1146,1,0
15910.2696456391,40,2311,2111.8,2041.2,1,0,738684.498081825,1146,1,0
15910.3096447055,40,2349.6,2125.4,2043.2,0.993785067485734,0,738684.498082288,1146,1,0
15910.3496437719,40,2419,2157.4,2049.2,0.951507301379275,0,738684.498082751,1146,1,0
15910.3896428383,40,2523.2,2208.6,2066.4,0.884796034058834,0,738684.498083214,1146,1,0
15910.4296419047,40,2646.6,2297.6,2090.8,0.804740833678851,0,738684.498083677,1146,1,0
15910.4696409711,40,2729.2,2458,2139.4,0.716376706440077,0,738684.49808414,1146,1,0
15910.5096400375,40,2695.4,2675,2217.4,0.605299016202904,0,738684.498084603,1146,1,0
15910.5496391039,40,2573.6,2880.2,2334.2,0.458824823815669,0,738684.498085066,1146,1,0
15910.5896381703,40,2435.2,2967,2477.8,0.38135234540336,0,738684.498085528,1146,1,0
15910.6296372367,40,2357.4,2952,2573.6,0.320891404714916,0,738684.498085991,1146,1,0
15910.6696363031,40,2390.4,2960,2535.2,0.345854372631172,0,738684.498086454,1146,1,0
15910.7096353695,40,2477.8,2945.8,2433.4,0.409582826119754,0,738684.498086917,1146,1,0
15910.7496344359,40,2576.8,2859.2,2322.6,0.473941473653243,0,738684.49808738,1146,1,0
15910.7896335023,40,2679,2677.4,2222.2,0.600935927986466,0,738684.498087843,1146,1,0
15910.8296325687,40,2700.2,2467.6,2147.4,0.709966050179064,0,738684.498088306,1146,1,0
15910.8696316351,40,2616.8,2318,2096.8,0.804740833678851,0,738684.498088769,1146,1,0
15910.9096307015,40,2504,2223.8,2070.2,0.889926901112563,0,738684.498089232,1146,1,0
15910.9496297679,40,2406.6,2166.6,2053.6,0.951507301379275,0,738684.498089695,1146,1,0
15910.9896288343,40,2338.4,2132.6,2048.4,1,0,738684.498090158,1146,1,0
15911.0296279007,40,2298.2,2115.6,2041.4,1,0,738684.498090621,1146,1,0
15911.0696269671,40,2285.2,2109.8,2039,1,0,738684.498091084,1146,1,0
15911.1096260335,40,2312.4,2116.6,2040.6,1,0,738684.498091547,1146,1,0
15911.1496250999,40,2372.8,2136,2044.6,0.981470191009929,0,738684.49809201,1146,1,0
15911.1896241663,40,2462.8,2169.8,2051.4,0.922681122048444,0,738684.498092473,1146,1,0
15911.2296232327,40,2565.2,2235,2072.6,0.855154006574624,0,738684.498092936,1146,1,0
15911.2696222991,40,2653.2,2351.6,2108,0.775667113969294,0,738684.498093399,1146,1,0
15911.3096213655,40,2666.8,2520,2170.8,0.680981033552426,0,738684.498093862,1146,1,0
15911.3496204319,40,2580.8,2702.2,2262.4,0.55599419909927,0,738684.498094325,1146,1,0
15911.3896194983,40,2453.2,2808.2,2379,0.437743532746865,0,738684.498094787,1146,1,0
15911.4296185647,40,2357.4,2848.6,2498.4,0.345854372631172,0,738684.49809525,1146,1,0
15911.4696176311,40,2365.4,2877.2,2510.4,0.345854372631172,0,738684.498095713,1146,1,0
15911.5096166975,40,2448.6,2933.6,2447.2,0.396076922961512,0,738684.498096176,1146,1,0
15911.5496157639,40,2561.2,2913.4,2357.6,0.443015536937748,0,738684.498096639,1146,1,0
15911.5896148303,40,2675.6,2760.8,2250.2,0.56694533960948,0,738684.498097102,1146,1,0
15911.6296138967,40,2729.8,2540.2,2167.8,0.674497686432619,0,738684.498097565,1146,1,0
15911.6696129631,40,2689,2364.6,2109.4,0.76545499769829,0,738684.498098028,1146,1,0
15911.7096120295,40,2572.8,2250.8,2078,0.846031337148546,0,738684.498098491,1146,1,0
15911.7496110959,40,2457,2180.4,2061,0.922681122048444,0,738684.498098954,1146,1,0
15911.7896101623,40,2376,2140.2,2048.4,0.975376895053477,0,738684.498099417,1146,1,0
15911.8296092287,40,2321.2,2123,2040.6,1,0,738684.49809988,1146,1,0
15911.8696082951,40,2296.4,2106.6,2034.8,1,0,738684.498100343,1146,1,0
15911.9096073615,40,2296.2,2110.4,2038.6,1,0,738684.498100806,1146,1,0
15911.9496064279,40,2340.2,2122.4,2040.8,1,0,738684.498101269,1146,1,0
15911.9896054943,40,2399.2,2141.6,2049,0.963334962218702,0,738684.498101732,1146,1,0
15912.0296045607,40,2492,2187.8,2060.2,0.90588324353745,0,738684.498102195,1146,1,0
15912.0696036271,40,2599.2,2262.2,2079,0.833002741240853,0,738684.498102658,1146,1,0
15912.1096026935,40,2690.8,2388.6,2117.4,0.752016725630693,0,738684.498103121,1146,1,0
15912.1496017599,40,2663,2550,2180.4,0.661398248029182,0,738684.498103584,1146,1,0
15912.1896008263,40,2586,2725.2,2271.2,0.550236263228431,0,738684.498104047,1146,1,0
15912.2295998927,40,2461,2822.4,2379,0.437743532746865,0,738684.49810451,1146,1,0
15912.2695989591,40,2374.6,2841,2476.6,0.36546342842044,0,738684.498104972,1146,1,0
15912.3095980255,40,2405.2,2891.6,2470,0.373555726838669,0,738684.498105435,1146,1,0
15912.3495970919,40,2475,2883,2397.2,0.427256089976996,0,738684.498105898,1146,1,0
15912.3895961583,40,2591.2,2855,2316.6,0.478648808335904,0,738684.498106361,1146,1,0
15912.4295952247,40,2697.4,2697.2,2226.2,0.596381495302282,0,738684.498106824,1146,1,0
15912.4695942911,40,2724.6,2492,2146.4,0.700339035669991,0,738684.498107287,1146,1,0
15912.5095933575,40,2679.8,2343.8,2103.4,0.775667113969294,0,738684.49810775,1146,1,0
15912.5495924239,40,2566.6,2239,2075.2,0.855154006574624,0,738684.498108213,1146,1,0
15912.5895914903,40,2467.4,2176.8,2056.8,0.922681122048444,0,738684.498108676,1146,1,0
15912.6295905567,40,2376,2144.6,2046.8,0.975376895053477,0,738684.498109139,1146,1,0
15912.6695896231,40,2327,2122.4,2041.6,1,0,738684.498109602,1146,1,0
15912.7095886895,40,2301.8,2109.4,2042,1,0,738684.498110065,1146,1,0
15912.7495877559,40,2303.2,2110.4,2038,1,0,738684.498110528,1146,1,0
15912.7895868223,40,2325.2,2116.2,2042,1,0,738684.498110991,1146,1,0
15912.8295858887,40,2383.8,2135,2042.8,0.975376895053477,0,738684.498111454,1146,1,0
15912.8695849551,40,2462.2,2173.2,2057.2,0.922681122048444,0,738684.498111917,1146,1,0
15912.9095840215,40,2571,2241.4,2074.2,0.850530689995972,0,738684.49811238,1146,1,0
15912.9495830879,40,2673.8,2354.6,2109.8,0.772233014043569,0,738684.498112843,1146,1,0
15912.9895821543,40,2700,2526,2167.8,0.677742985086675,0,738684.498113306,1146,1,0
15913.0295812207,40,2623,2712.6,2257.4,0.56694533960948,0,738684.498113769,1146,1,0
15913.0695802871,40,2488.2,2819.8,2359,0.453583270865973,0,738684.498114232,1146,1,0
15913.1095793535,40,2398.4,2872.2,2460,0.38135234540336,0,738684.498114694,1146,1,0
15913.1495784199,40,2417.6,2893.8,2458.6,0.38886050242203,0,738684.498115157,1146,1,0
15913.1895774863,40,2496.4,2912,2397.6,0.427256089976996,0,738684.49811562,1146,1,0
15913.2295765527,40,2589.2,2848.4,2312,0.483127937558863,0,738684.498116083,1146,1,0
15913.2695756191,40,2701,2703.2,2226.4,0.596381495302282,0,738684.498116546,1146,1,0
15913.3095746855,40,2737,2499.4,2151.6,0.693901278940445,0,738684.498117009,1146,1,0
15913.3495737519,40,2682,2339.8,2104.4,0.775667113969294,0,738684.498117472,1146,1,0
15913.3895728183,40,2567.6,2242.4,2075.2,0.855154006574624,0,738684.498117935,1146,1,0
15913.4295718847,40,2456.2,2178.2,2052.8,0.922681122048444,0,738684.498118398,1146,1,0
15913.4695709511,40,2366.8,2139.4,2045.4,0.981470191009929,0,738684.498118861,1146,1,0
15913.5095700175,40,2318,2118.2,2041.4,1,0,738684.498119324,1146,1,0
15913.5495690839,40,2289.6,2106.4,2042.2,1,0,738684.498119787,1146,1,0
15913.5895681503,40,2307.6,2112.6,2038.4,1,0,738684.49812025,1146,1,0
15913.6295672167,40,2337,2123.4,2040.6,1,0,738684.498120713,1146,1,0
15913.6695662831,40,2388,2139,2046.8,0.969330739042227,0,738684.498121176,1146,1,0
15913.7095653495,40,2473,2182.6,2056.6,0.917013117136947,0,738684.498121639,1146,1,0
15913.7495644159,40,2577.2,2244.2,2075.4,0.850530689995972,0,738684.498122102,1146,1,0
15913.7895634823,40,2674.6,2354.2,2110.8,0.772233014043569,0,738684.498122565,1146,1,0
15913.8295625487,40,2706.2,2516.2,2161.4,0.684216142532836,0,738684.498123028,1146,1,0
15913.8695616151,40,2625.8,2690.4,2243,0.576956288034028,0,738684.498123491,1146,1,0
15913.9095606815,40,2519,2827.4,2345.4,0.463991214758112,0,738684.498123953,1146,1,0
15913.9495597479,40,2411.8,2872.2,2445.6,0.38886050242203,0,738684.498124416,1146,1,0
15913.9895588143,40,2406.8,2878.8,2460,0.38135234540336,0,738684.498124879,1146,1,0
15914.0295578807,40,2466.8,2876.4,2400.4,0.421730440329805,0,738684.498125342,1146,1,0
15914.0695569471,40,2566.4,2850.6,2327.6,0.473941473653243,0,738684.498125805,1146,1,0
15914.1095560135,40,2663,2735,2248.8,0.571991559090702,0,738684.498126268,1146,1,0
15914.1495550799,40,2734.8,2563.8,2172,0.664691440014781,0,738684.498126731,1146,1,0
15914.1895541463,40,2708,2403.8,2120,0.745419432004827,0,738684.498127194,1146,1,0
15914.2295532127,40,2623.4,2289.2,2088,0.812409570046606,0,738684.498127657,1146,1,0
15914.2695522791,40,2528.4,2213.6,2068.2,0.879696155832112,0,738684.49812812,1146,1,0
15914.3095513455,40,2424,2160.4,2053.4,0.945681682617138,0,738684.498128583,1146,1,0
15914.3495504119,40,2362.6,2131.8,2047.2,0.98760735140419,0,738684.498129046,1146,1,0
15914.3895494783,40,2320.8,2114.2,2042.8,1,0,738684.498129509,1146,1,0
15914.4295485447,40,2305.6,2109.4,2039.2,1,0,738684.498129972,1146,1,0
15914.4695476111,40,2324,2112.8,2038.8,1,0,738684.498130435,1146,1,0
15914.5095466775,40,2368.2,2130.8,2042.4,0.981470191009929,0,738684.498130898,1146,1,0
15914.5495457439,40,2442.8,2165.6,2050.6,0.934145162156038,0,738684.498131361,1146,1,0
15914.5895448103,40,2543.8,2221.4,2068.2,0.869646511663396,0,738684.498131824,1146,1,0
15914.6295438767,40,2658.2,2311.8,2098.2,0.793575316906683,0,738684.498132287,1146,1,0
15914.6695429431,40,2712.8,2460.8,2143.4,0.713170366876487,0,738684.49813275,1146,1,0
15914.7095420095,40,2685.8,2652.6,2213.4,0.61334157805252,0,738684.498133213,1146,1,0
15914.7495410759,40,2569.8,2808.8,2307.2,0.491613825047665,0,738684.498133676,1146,1,0
15914.7895401423,40,2456.8,2866.2,2405.6,0.415835616278058,0,738684.498134138,1146,1,0
15914.8295392087,40,2433.8,2887.8,2438.8,0.396076922961512,0,738684.498134601,1146,1,0
15914.8695382751,40,2482.8,2879,2394,0.427256089976996,0,738684.498135064,1146,1,0
15914.9095373415,40,2582,2865.8,2323.6,0.473941473653243,0,738684.498135527,1146,1,0
15914.9495364079,40,2682.4,2739,2241.2,0.576956288034028,0,738684.49813599,1146,1,0
15914.9895354743,40,2733.8,2550,2167,0.671241250044602,0,738684.498136453,1146,1,0
15915.0295345407,40,2696,2386.4,2118.2,0.752016725630693,0,738684.498136916,1146,1,0
15915.0695336071,40,2617,2273.2,2083,0.824555873811782,0,738684.498137379,1146,1,0
15915.1095326735,40,2507.8,2204,2062.6,0.895128281408961,0,738684.498137842,1146,1,0
15915.1495317399,40,2409.8,2156.6,2051.2,0.951507301379275,0,738684.498138305,1146,1,0
15915.1895308063,40,2347.2,2130,2041,0.993785067485734,0,738684.498138768,1146,1,0
15915.2295298727,40,2313.4,2114.8,2037.6,1,0,738684.498139231,1146,1,0
15915.2695289391,40,2302.8,2113.2,2037.4,1,0,738684.498139694,1146,1,0
15915.3095280055,40,2318.4,2114,2036,1,0,738684.498140157,1146,1,0
15915.3495270719,40,2362,2128.2,2043.4,0.98760735140419,0,738684.49814062,1146,1,0
15915.3895261383,40,2432.2,2158.4,2049.2,0.945681682617138,0,738684.498141083,1146,1,0
15915.4295252047,40,2524.2,2210,2062.4,0.884796034058834,0,738684.498141546,1146,1,0
15915.4695242711,40,2640,2297.4,2092.4,0.804740833678851,0,738684.498142009,1146,1,0
15915.5095233375,40,2703.2,2432.2,2132.6,0.729242281466222,0,738684.498142472,1146,1,0
15915.5495224039,40,2682.6,2615.8,2202.4,0.627761211066945,0,738684.498142935,1146,1,0
15915.5895214703,40,2580,2779.8,2294,0.517222600490522,0,738684.498143398,1146,1,0
15915.6295205367,40,2483.2,2892.6,2394.8,0.427256089976996,0,738684.49814386,1146,1,0
15915.6695196031,40,2417.2,2915.4,2458.4,0.38135234540336,0,738684.498144323,1146,1,0
15915.7095186695,40,2459.4,2912.8,2426.4,0.409582826119754,0,738684.498144786,1146,1,0
15915.7495177359,40,2528.8,2895.6,2362,0.443015536937748,0,738684.498145249,1146,1,0
15915.7895168023,40,2599.2,2841,2309.8,0.487427987606295,0,738684.498145712,1146,1,0
15915.8295158687,40,2682.6,2756.6,2244.6,0.571991559090702,0,738684.498146175,1146,1,0
15915.8695149351,40,2718.8,2629.6,2193.6,0.631236010455004,0,738684.498146638,1146,1,0
15915.9095140015,40,2718.4,2507,2152.4,0.69067652983471,0,738684.498147101,1146,1,0
15915.9495130679,40,2706.8,2417.4,2129.4,0.735695387533812,0,738684.498147564,1146,1,0
15915.9895121343,40,2661.6,2351.2,2107.8,0.775667113969294,0,738684.498148027,1146,1,0
15916.0335111073,44,2616.6,2296.4,2091,0.812409570046606,0,738684.498148536,1146,1,0
15916.0735101737,40,2567.4,2261,2085.8,0.846031337148546,0,738684.498148999,1146,1,0
15916.1135092401,40,2538.2,2246.4,2079.6,0.864724653185449,0,738684.498149462,1146,1,0
15916.1535083065,40,2517.6,2229,2067,0.879696155832112,0,738684.498149925,1146,1,0
15916.1935073729,40,2498.4,2221.4,2070,0.889926901112563,0,738684.498150388,1146,1,0
15916.2335064393,40,2493.6,2226.6,2070,0.889926901112563,0,738684.498150851,1146,1,0
15916.2735055057,40,2497.6,2232,2071,0.889926901112563,0,738684.498151314,1146,1,0
15916.3135045721,40,2510.2,2234.2,2076.4,0.879696155832112,0,738684.498151777,1146,1,0
15916.3535036385,40,2506.6,2238.8,2072.8,0.879696155832112,0,738684.49815224,1146,1,0
15916.3935027049,40,2515,2244.2,2073.6,0.874641614251024,0,738684.498152703,1146,1,0
15916.4335017713,40,2522,2248.6,2077.2,0.869646511663396,0,738684.498153166,1146,1,0
15916.4735008377,40,2530.6,2251.6,2078.6,0.864724653185449,0,738684.498153629,1146,1,0
15916.5134999041,40,2542.8,2259.4,2080.6,0.855154006574624,0,738684.498154092,1146,1,0
15916.5534989705,40,2547.8,2259.8,2084,0.855154006574624,0,738684.498154555,1146,1,0
15916.5934980369,40,2559.4,2262,2082.8,0.850530689995972,0,738684.498155018,1146,1,0
15916.6334971033,40,2562.6,2265.4,2085.2,0.846031337148546,0,738684.49815548,1146,1,0
15916.6734961697,40,2552.6,2262.4,2080.6,0.850530689995972,0,738684.498155943,1146,1,0
15916.7134952361,40,2532.4,2245.8,2082.4,0.864724653185449,0,738684.498156406,1146,1,0
15916.7534943025,40,2506.6,2231,2071,0.884796034058834,0,738684.498156869,1146,1,0
15916.7934933689,40,2474.2,2207.4,2068.2,0.90588324353745,0,738684.498157332,1146,1,0
15916.8334924353,40,2426.2,2189.4,2064.6,0.934145162156038,0,738684.498157795,1146,1,0
15916.8734915017,40,2394.2,2174.2,2058.6,0.957392764220256,0,738684.498158258,1146,1,0
15916.9134905681,40,2368.2,2158.4,2054.4,0.975376895053477,0,738684.498158721,1146,1,0
15916.9534896345,40,2346,2148.4,2051.4,0.98760735140419,0,738684.498159184,1146,1,0
15916.9934887009,40,2329.2,2139.4,2050.6,1,0,738684.498159647,1146,1,0
15917.0334877673,40,2319.2,2135.2,2046.6,1,0,738684.49816011,1146,1,0
15917.0734868337,40,2318,2128.8,2044.4,1,0,738684.498160573,1146,1,0
15917.1134859001,40,2320.8,2131,2048.2,1,0,738684.498161036,1146,1,0
15917.1534849665,40,2334.8,2134.4,2046.6,1,0,738684.498161499,1146,1,0
15917.1934840329,40,2346.8,2138,2044.4,0.993785067485734,0,738684.498161962,1146,1,0
15917.2334830993,40,2359,2136.2,2047.6,0.98760735140419,0,738684.498162425,1146,1,0
15917.2734821657,40,2368.8,2139.4,2046.4,0.981470191009929,0,738684.498162888,1146,1,0
15917.3134812321,40,2376.2,2141.4,2044.4,0.975376895053477,0,738684.498163351,1146,1,0
15917.3964792949,83,2385,2147.8,2048.8,0.969330739042227,0,738684.498164311,1146,1,0
15917.4364783613,40,2388.4,2150,2049.2,0.969330739042227,0,738684.498164774,1146,1,0
15917.4764774277,40,2390,2156.6,2051.6,0.963334962218702,0,738684.498165237,1146,1,0
15917.5164764941,40,2395.6,2157.6,2051.4,0.963334962218702,0,738684.4981657,1146,1,0
15917.5564755605,40,2404,2163.8,2053.4,0.957392764220256,0,738684.498166163,1146,1,0
15917.5964746269,40,2427.4,2178.2,2059.6,0.939909252434471,0,738684.498166626,1146,1,0
15917.6364736933,40,2466,2202,2070.2,0.91140871723736,0,738684.498167089,1146,1,0
15917.6764727597,40,2521,2255,2084.8,0.869646511663396,0,738684.498167552,1146,1,0
15917.7164718261,40,2577.6,2333.2,2111.4,0.808529044605241,0,738684.498168015,1146,1,0
15917.7564708925,40,2589.6,2436.4,2152,0.73246794223773,0,738684.498168478,1146,1,0
15917.7964699589,40,2571.6,2561.6,2205.8,0.638072468361496,0,738684.498168941,1146,1,0
15917.8364690253,40,2523.2,2679.6,2270.8,0.544405753883346,0,738684.498169404,1146,1,0
15917.8764680917,40,2489.6,2746.4,2325.2,0.487427987606295,0,738684.498169867,1146,1,0
15917.9164671581,40,2523,2751.6,2308.8,0.499855013752571,0,738684.49817033,1146,1,0
15917.9564662245,40,2595,2687.6,2251.4,0.56694533960948,0,738684.498170793,1146,1,0
15917.9964652909,40,2642.8,2560.6,2188,0.65145812481641,0,738684.498171256,1146,1,0
15918.0364643573,40,2653.2,2420.4,2136,0.738923200384679,0,738684.498171719,1146,1,0
15918.0764634237,40,2608,2304.6,2095.6,0.812409570046606,0,738684.498172182,1146,1,0
15918.1164624901,40,2529.2,2229.4,2070,0.874641614251024,0,738684.498172645,1146,1,0
15918.1564615565,40,2446.2,2177.6,2056.6,0.928397096983629,0,738684.498173107,1146,1,0
15918.1964606229,40,2381.6,2144.4,2048,0.969330739042227,0,738684.49817357,1146,1,0
15918.2364596893,40,2337,2127.8,2042.8,1,0,738684.498174033,1146,1,0
15918.2764587557,40,2310.6,2119.2,2042,1,0,738684.498174496,1146,1,0
15918.3164578221,40,2305.2,2116.4,2041.8,1,0,738684.498174959,1146,1,0
15918.3564568885,40,2320.8,2126.8,2044.8,1,0,738684.498175422,1146,1,0
15918.3964559549,40,2336.4,2133.6,2047,1,0,738684.498175885,1146,1,0
15918.4364550213,40,2349,2145.2,2049.4,0.98760735140419,0,738684.498176348,1146,1,0
15918.4764540877,40,2379.2,2165.8,2058.4,0.969330739042227,0,738684.498176811,1146,1,0
15918.5164531541,40,2429.6,2197.6,2066.8,0.934145162156038,0,738684.498177274,1146,1,0
15918.5564522205,40,2508.4,2258,2086.2,0.869646511663396,0,738684.498177737,1146,1,0
15918.5964512869,40,2582.4,2352.6,2120,0.793575316906683,0,738684.4981782,1146,1,0
15918.6364503533,40,2608,2486.2,2168.2,0.697122148361531,0,738684.498178663,1146,1,0
15918.6764494197,40,2563.2,2636,2237.6,0.581917536525862,0,738684.498179126,1146,1,0
15918.7164484861,40,2477,2738.2,2326.6,0.487427987606295,0,738684.498179589,1146,1,0
15918.7564475525,40,2424,2785.4,2391.4,0.427256089976996,0,738684.498180052,1146,1,0
15918.7964466189,40,2458.4,2786,2360.8,0.453583270865973,0,738684.498180515,1146,1,0
15918.8364456853,40,2536.4,2725.8,2291,0.522126052443221,0,738684.498180978,1146,1,0
15918.8764447517,40,2596,2581.2,2209.4,0.627761211066945,0,738684.498181441,1146,1,0
15918.9164438181,40,2611.8,2426.2,2143.8,0.738923200384679,0,738684.498181904,1146,1,0
15918.9564428845,40,2584,2306.2,2098.6,0.820429400219418,0,738684.498182366,1146,1,0
15918.9964419509,40,2508.6,2225.4,2071.6,0.884796034058834,0,738684.498182829,1146,1,0
15919.0364410173,40,2423.8,2176.2,2056.8,0.939909252434471,0,738684.498183292,1146,1,0
15919.0764400837,40,2367,2144.2,2050.6,0.981470191009929,0,738684.498183755,1146,1,0
15919.1164391501,40,2325,2128.4,2044.4,1,0,738684.498184218,1146,1,0
15919.1564382165,40,2308.4,2122.6,2045.4,1,0,738684.498184681,1146,1,0
15919.1964372829,40,2315.4,2128.8,2044.4,1,0,738684.498185144,1146,1,0
15919.2364363493,40,2336.8,2138.2,2048.8,0.993785067485734,0,738684.498185607,1146,1,0
15919.2764354157,40,2363.4,2152.6,2053.6,0.981470191009929,0,738684.49818607,1146,1,0
15919.3164344821,40,2400.4,2182,2063.2,0.951507301379275,0,738684.498186533,1146,1,0
15919.3564335485,40,2465,2222.8,2077.6,0.90588324353745,0,738684.498186996,1146,1,0
15919.3964326149,40,2537.8,2292.2,2104.6,0.841648031306038,0,738684.498187459,1146,1,0
15919.4364316813,40,2590,2407.8,2142.6,0.755350806424959,0,738684.498187922,1146,1,0
15919.4764307477,40,2587.6,2554,2204,0.644795282192648,0,738684.498188385,1146,1,0
15919.5164298141,40,2516.4,2694.6,2283.2,0.532884543384682,0,738684.498188848,1146,1,0
15919.5564288805,40,2428,2776.4,2376.6,0.443015536937748,0,738684.498189311,1146,1,0
15919.5964279469,40,2427,2791.4,2387.2,0.427256089976996,0,738684.498189774,1146,1,0
15919.6364270133,40,2493.2,2746.4,2321.4,0.491613825047665,0,738684.498190237,1146,1,0
15919.6764260797,40,2565.2,2645.8,2247.2,0.576956288034028,0,738684.4981907,1146,1,0
15919.7164251461,40,2618.4,2508.8,2177.2,0.680981033552426,0,738684.498191163,1146,1,0
15919.7564242125,40,2596.8,2362.6,2121.6,0.782692588654786,0,738684.498191626,1146,1,0
15919.7964232789,40,2541.8,2264.6,2086.8,0.855154006574624,0,738684.498192088,1146,1,0
15919.8364223453,40,2464.2,2204.8,2066.4,0.91140871723736,0,738684.498192551,1146,1,0
15919.8764214117,40,2396,2161.2,2052.6,0.957392764220256,0,738684.498193014,1146,1,0
15919.9164204781,40,2342,2138,2047.2,0.993785067485734,0,738684.498193477,1146,1,0
15919.9564195445,40,2310,2125,2045.4,1,0,738684.49819394,1146,1,0
15919.9964186109,40,2302.6,2121.2,2042.6,1,0,738684.498194403,1146,1,0
15920.0364176773,40,2322,2130.2,2051,1,0,738684.498194866,1146,1,0
15920.0764167437,40,2351.2,2146.8,2053.8,0.98760735140419,0,738684.498195329,1146,1,0
15920.1164158101,40,2384.8,2173.2,2059.4,0.963334962218702,0,738684.498195792,1146,1,0
15920.1564148765,40,2446.8,2208,2071.8,0.917013117136947,0,738684.498196255,1146,1,0
15920.1964139429,40,2521.8,2269.8,2092.6,0.859889483197649,0,738684.498196718,1146,1,0
15920.2364130093,40,2583.2,2368.8,2126.6,0.782692588654786,0,738684.498197181,1146,1,0
15920.2764120757,40,2592.6,2500.6,2178.4,0.687448072586759,0,738684.498197644,1146,1,0
15920.3164111421,40,2541.4,2642.6,2254,0.56694533960948,0,738684.498198107,1146,1,0
15920.3564102085,40,2468.4,2739.4,2332.2,0.483127937558863,0,738684.49819857,1146,1,0
15920.3964092749,40,2446.2,2747.8,2350.6,0.469043195516147,0,738684.498199033,1146,1,0
15920.4364083413,40,2485.4,2708.8,2309.6,0.504005523414082,0,738684.498199496,1146,1,0
15920.4764074077,40,2546.4,2625,2242.2,0.581917536525862,0,738684.498199959,1146,1,0
15920.5164064741,40,2599.2,2508,2176,0.680981033552426,0,738684.498200422,1146,1,0
15920.5564055405,40,2587.6,2375,2123.4,0.77915429777298,0,738684.498200885,1146,1,0
15920.5964046069,40,2541.8,2275.4,2091.4,0.850530689995972,0,738684.498201348,1146,1,0
15920.6364036733,40,2483,2214,2065.4,0.900451621459986,0,738684.498201811,1146,1,0
15920.6764027397,40,2418,2175.2,2053.8,0.945681682617138,0,738684.498202273,1146,1,0
15920.7164018061,40,2370.4,2145.8,2048.8,0.975376895053477,0,738684.498202736,1146,1,0
15920.7564008725,40,2333.6,2126.2,2048.8,1,0,738684.498203199,1146,1,0
15920.7963999389,40,2317.8,2124.6,2041.4,1,0,738684.498203662,1146,1,0
15920.8363990053,40,2327.8,2131.8,2048,1,0,738684.498204125,1146,1,0
15920.8763980717,40,2340,2142,2055,0.993785067485734,0,738684.498204588,1146,1,0
15920.9163971381,40,2361.8,2157,2055.4,0.975376895053477,0,738684.498205051,1146,1,0
15920.9563962045,40,2407.2,2186.4,2066.2,0.945681682617138,0,738684.498205514,1146,1,0
15920.9963952709,40,2486.8,2237,2080.2,0.889926901112563,0,738684.498205977,1146,1,0
15921.0363943373,40,2559.4,2319.4,2106,0.820429400219418,0,738684.49820644,1146,1,0
15921.0763934037,40,2594.4,2438,2152.2,0.73246794223773,0,738684.498206903,1146,1,0
15921.1163924701,40,2572.8,2573,2214.2,0.627761211066945,0,738684.498207366,1146,1,0
15921.1563915365,40,2502.2,2701,2293.6,0.522126052443221,0,738684.498207829,1146,1,0
15921.1963906029,40,2442.4,2759.8,2362.2,0.458824823815669,0,738684.498208292,1146,1,0
15921.2363896693,40,2469.8,2776.6,2350.2,0.463991214758112,0,738684.498208755,1146,1,0
15921.2763887357,40,2535.2,2708.4,2283.4,0.532884543384682,0,738684.498209218,1146,1,0
15921.3163878021,40,2594,2586,2213.4,0.624241290397594,0,738684.498209681,1146,1,0
15921.3563868685,40,2617.2,2446.4,2152.2,0.72601963564692,0,738684.498210144,1146,1,0
15921.3963859349,40,2588.6,2321,2107.4,0.808529044605241,0,738684.498210607,1146,1,0
15921.4363850013,40,2496,2237.2,2080.4,0.884796034058834,0,738684.498211069,1146,1,0
15921.4763840677,40,2429.4,2183.2,2059.8,0.934145162156038,0,738684.498211532,1146,1,0
15921.5163831341,40,2366,2150.6,2049,0.975376895053477,0,738684.498211995,1146,1,0
15921.5563822005,40,2320.8,2133,2047.4,1,0,738684.498212458,1146,1,0
15921.5963812669,40,2294,2116.6,2045.4,1,0,738684.498212921,1146,1,0
15921.6363803333,40,2280.6,2117.4,2044.2,1,0,738684.498213384,1146,1,0
15921.6763793997,40,2299.8,2126.4,2047,1,0,738684.498213847,1146,1,0
15921.7163784661,40,2320.8,2133.2,2049.8,1,0,738684.49821431,1146,1,0
15921.7563775325,40,2357.2,2151.2,2051.8,0.981470191009929,0,738684.498214773,1146,1,0
15921.7963765989,40,2395,2175,2059.6,0.957392764220256,0,738684.498215236,1146,1,0
15921.8363756653,40,2452,2216.8,2078.2,0.91140871723736,0,738684.498215699,1146,1,0
15921.8763747317,40,2525.2,2288.2,2099.4,0.850530689995972,0,738684.498216162,1146,1,0
15921.9163737981,40,2588,2397.2,2136.6,0.762074286926242,0,738684.498216625,1146,1,0
15921.9563728645,40,2585.2,2534.6,2193.8,0.658093992718842,0,738684.498217088,1146,1,0
15921.9963719309,40,2531.8,2667,2268.8,0.550236263228431,0,738684.498217551,1146,1,0
15922.0363709973,40,2455.6,2748.8,2346.2,0.473941473653243,0,738684.498218014,1146,1,0
15922.0763700637,40,2439.8,2741.8,2355.6,0.469043195516147,0,738684.498218477,1146,1,0
15922.1163691301,40,2488.4,2709.4,2307.8,0.508242322241532,0,738684.49821894,1146,1,0
15922.1563681965,40,2548.8,2629.4,2244.2,0.576956288034028,0,738684.498219403,1146,1,0
15922.1963672629,40,2599.6,2527.6,2185,0.667972585956668,0,738684.498219866,1146,1,0
15922.2363663293,40,2599.6,2412.6,2140,0.752016725630693,0,738684.498220329,1146,1,0
15922.2763653957,40,2586.2,2330.6,2110.2,0.804740833678851,0,738684.498220791,1146,1,0
15922.3163644621,40,2549.6,2269.2,2087.2,0.850530689995972,0,738684.498221254,1146,1,0
15922.3563635285,40,2507,2222.8,2073,0.884796034058834,0,738684.498221717,1146,1,0
15922.3963625949,40,2475,2194.8,2063,0.91140871723736,0,738684.49822218,1146,1,0
15922.4363616613,40,2449,2172.6,2055.8,0.928397096983629,0,738684.498222643,1146,1,0
15922.4763607277,40,2419.6,2162,2052.8,0.945681682617138,0,738684.498223106,1146,1,0
15922.5163597941,40,2408.8,2154.4,2050.8,0.957392764220256,0,738684.498223569,1146,1,0
15922.5563588605,40,2402.6,2151.6,2051.8,0.957392764220256,0,738684.498224032,1146,1,0
15922.5963579269,40,2406.4,2149.8,2046.2,0.957392764220256,0,738684.498224495,1146,1,0
15922.6363569933,40,2407.8,2152.6,2052.2,0.957392764220256,0,738684.498224958,1146,1,0
15922.6763560597,40,2423,2156.2,2051.2,0.945681682617138,0,738684.498225421,1146,1,0
15922.7163551261,40,2415.2,2162.8,2053.6,0.951507301379275,0,738684.498225884,1146,1,0
15922.7563541925,40,2415,2163.8,2053.4,0.951507301379275,0,738684.498226347,1146,1,0
15922.7963532589,40,2412.6,2168.8,2053.2,0.951507301379275,0,738684.49822681,1146,1,0
15922.8363523253,40,2411.8,2172.6,2059,0.945681682617138,0,738684.498227273,1146,1,0
15922.8763513917,40,2418,2173.2,2056.4,0.945681682617138,0,738684.498227736,1146,1,0
15922.9163504581,40,2421.4,2175.6,2060.6,0.939909252434471,0,738684.498228199,1146,1,0
15922.9563495245,40,2429.4,2180,2057.2,0.939909252434471,0,738684.498228662,1146,1,0
15922.9963485909,40,2431,2183.2,2060.8,0.934145162156038,0,738684.498229125,1146,1,0
15923.0363476573,40,2442.4,2180.6,2059.8,0.928397096983629,0,738684.498229588,1146,1,0
15923.0763467237,40,2455.8,2192,2062,0.922681122048444,0,738684.498230051,1146,1,0
15923.1163457901,40,2464.8,2193.6,2063.6,0.917013117136947,0,738684.498230514,1146,1,0
15923.1563448565,40,2475,2194,2064.8,0.91140871723736,0,738684.498230977,1146,1,0
15923.1963439229,40,2481.6,2199.8,2062.4,0.90588324353745,0,738684.498231439,1146,1,0
15923.2363429893,40,2487,2198,2062,0.90588324353745,0,738684.498231902,1146,1,0
15923.2763420557,40,2481.4,2201,2064.6,0.90588324353745,0,738684.498232365,1146,1,0
15923.3163411221,40,2475.8,2196.4,2066,0.91140871723736,0,738684.498232828,1146,1,0
15923.3563401885,40,2461.8,2192.4,2063.8,0.917013117136947,0,738684.498233291,1146,1,0
15923.3963392549,40,2447.8,2191.4,2063.6,0.922681122048444,0,738684.498233754,1146,1,0
15923.4363383213,40,2427,2182.8,2064.2,0.939909252434471,0,738684.498234217,1146,1,0
15923.4763373877,40,2400,2177,2061.4,0.951507301379275,0,738684.49823468,1146,1,0
15923.5163364541,40,2383.8,2166.8,2057.6,0.963334962218702,0,738684.498235143,1146,1,0
15923.5563355205,40,2364.6,2157.2,2053.4,0.975376895053477,0,738684.498235606,1146,1,0
15923.5963345869,40,2354.6,2147,2051.8,0.98760735140419,0,738684.498236069,1146,1,0
15923.6363336533,40,2342.2,2140,2049.2,0.993785067485734,0,738684.498236532,1146,1,0
15923.6763327197,40,2332,2132.2,2046.6,1,0,738684.498236995,1146,1,0
15923.7163317861,40,2341.2,2132.6,2045.2,0.993785067485734,0,738684.498237458,1146,1,0
15923.7563308525,40,2358.6,2134.8,2048.8,0.98760735140419,0,738684.498237921,1146,1,0
15923.7963299189,40,2376.4,2142.2,2046.6,0.975376895053477,0,738684.498238384,1146,1,0
15923.8363289853,40,2406.4,2148.6,2048.4,0.957392764220256,0,738684.498238847,1146,1,0
15923.8763280517,40,2440.6,2169,2054,0.934145162156038,0,738684.49823931,1146,1,0
15923.9163271181,40,2495,2203,2060,0.900451621459986,0,738684.498239773,1146,1,0
15923.9563261845,40,2579.6,2264,2082.4,0.841648031306038,0,738684.498240235,1146,1,0
15923.9963252509,40,2670.4,2363.2,2113,0.768841674721193,0,738684.498240698,1146,1,0
15924.0363243173,40,2708,2509.6,2160.2,0.687448072586759,0,738684.498241161,1146,1,0
15924.0763233837,40,2685.8,2681.4,2224.8,0.600935927986466,0,738684.498241624,1146,1,0
15924.1163224501,40,2609.8,2844,2305.2,0.491613825047665,0,738684.498242087,1146,1,0
15924.1563215165,40,2516,2926.8,2386.2,0.432498570591717,0,738684.49824255,1146,1,0
15924.1963205829,40,2487.6,2926.6,2406.2,0.421730440329805,0,738684.498243013,1146,1,0
15924.2363196493,40,2529,2882.8,2358.4,0.443015536937748,0,738684.498243476,1146,1,0
15924.2763187157,40,2583.2,2789.4,2295,0.508242322241532,0,738684.498243939,1146,1,0
15924.3163177821,40,2634.6,2666,2225.4,0.596381495302282,0,738684.498244402,1146,1,0
15924.3563168485,40,2660.8,2520,2171.6,0.677742985086675,0,738684.498244865,1146,1,0
15924.3963159149,40,2637.2,2387.8,2121,0.762074286926242,0,738684.498245328,1146,1,0
15924.4363149813,40,2585,2290.6,2093.6,0.824555873811782,0,738684.498245791,1146,1,0
15924.4763140477,40,2493,2220.4,2072.6,0.895128281408961,0,738684.498246254,1146,1,0
15924.5163131141,40,2413.2,2172.4,2057,0.945681682617138,0,738684.498246717,1146,1,0
15924.5563121805,40,2361.8,2144.2,2048.8,0.981470191009929,0,738684.49824718,1146,1,0
15924.5963112469,40,2323.6,2124.4,2045,1,0,738684.498247643,1146,1,0
15924.6363103133,40,2306.6,2114.6,2041.8,1,0,738684.498248106,1146,1,0
15924.6763093797,40,2310.4,2113.2,2039.6,1,0,738684.498248569,1146,1,0
15924.7163084461,40,2345,2125,2041.2,0.993785067485734,0,738684.498249032,1146,1,0
15924.7563075125,40,2382.4,2140,2047.2,0.975376895053477,0,738684.498249495,1146,1,0
15924.7963065789,40,2452.8,2170.6,2053.6,0.928397096983629,0,738684.498249957,1146,1,0
15924.8363056453,40,2551.6,2232.8,2070.8,0.864724653185449,0,738684.49825042,1146,1,0
15924.8763047117,40,2663.8,2332.2,2097.4,0.786278650390616,0,738684.498250883,1146,1,0
15924.9163037781,40,2718.2,2478.2,2147,0.706760832147339,0,738684.498251346,1146,1,0
15924.9563028445,40,2700.8,2660.8,2214.2,0.61334157805252,0,738684.498251809,1146,1,0
15924.9963019109,40,2605.4,2832,2303.6,0.491613825047665,0,738684.498252272,1146,1,0
15925.0363009773,40,2497.6,2922.6,2399.8,0.427256089976996,0,738684.498252735,1146,1,0
15925.0763000437,40,2466.2,2920.6,2421.4,0.409582826119754,0,738684.498253198,1146,1,0
15925.1162991101,40,2513.4,2881.2,2371,0.437743532746865,0,738684.498253661,1146,1,0
15925.1562981765,40,2581.8,2813.4,2306.6,0.491613825047665,0,738684.498254124,1146,1,0
15925.1962972429,40,2656.4,2708.2,2236.8,0.581917536525862,0,738684.498254587,1146,1,0
15925.2362963093,40,2697.2,2549.4,2173.8,0.667972585956668,0,738684.49825505,1146,1,0
15925.2762953757,40,2673.6,2402.8,2123.2,0.748705579178257,0,738684.498255513,1146,1,0
15925.3162944421,40,2608.8,2298,2091.4,0.816378308563394,0,738684.498255976,1146,1,0
15925.3562935085,40,2520.6,2222.8,2068.4,0.879696155832112,0,738684.498256439,1146,1,0
15925.3962925749,40,2427.8,2173,2055.6,0.939909252434471,0,738684.498256902,1146,1,0
15925.4362916413,40,2357.2,2140.4,2049.2,0.98760735140419,0,738684.498257365,1146,1,0
15925.4762907077,40,2325.8,2125.6,2045,1,0,738684.498257828,1146,1,0
15925.5162897741,40,2308.2,2114,2038.2,1,0,738684.498258291,1146,1,0
15925.5562888405,40,2309,2113.4,2039.2,1,0,738684.498258754,1146,1,0
15925.5962879069,40,2341.4,2118.8,2041.6,1,0,738684.498259217,1146,1,0
15925.6362869733,40,2381.8,2134.2,2047,0.975376895053477,0,738684.49825968,1146,1,0
15925.6762860397,40,2448.6,2168.8,2052.4,0.934145162156038,0,738684.498260142,1146,1,0
15925.7162851061,40,2550,2223.2,2072.4,0.869646511663396,0,738684.498260605,1146,1,0
15925.7562841725,40,2660.4,2325,2099.8,0.786278650390616,0,738684.498261068,1146,1,0
15925.7962832389,40,2723.8,2480.6,2150.8,0.703551912933977,0,738684.498261531,1146,1,0
15925.8362823053,40,2694.8,2676.6,2224.8,0.605299016202904,0,738684.498261994,1146,1,0
15925.8762813717,40,2594.4,2858.8,2320.4,0.478648808335904,0,738684.498262457,1146,1,0
15925.9162804381,40,2477.4,2949.8,2425.2,0.409582826119754,0,738684.49826292,1146,1,0
15925.9562795045,40,2445.8,2949,2456.2,0.396076922961512,0,738684.498263383,1146,1,0
15925.9962785709,40,2501.4,2926.8,2400.8,0.427256089976996,0,738684.498263846,1146,1,0
15926.0362776373,40,2583.6,2882.2,2331,0.463991214758112,0,738684.498264309,1146,1,0
15926.0762767037,40,2659.8,2762.6,2254.6,0.56694533960948,0,738684.498264772,1146,1,0
15926.1162757701,40,2721.2,2596.8,2185.6,0.644795282192648,0,738684.498265235,1146,1,0
15926.1562748365,40,2702.6,2430.4,2132,0.729242281466222,0,738684.498265698,1146,1,0
15926.1962739029,40,2642.6,2306.4,2096.6,0.800998633917584,0,738684.498266161,1146,1,0
15926.2362729693,40,2540.8,2227.4,2069.4,0.869646511663396,0,738684.498266624,1146,1,0
15926.2762720357,40,2446.6,2174.8,2057.2,0.928397096983629,0,738684.498267087,1146,1,0
15926.3162711021,40,2367.8,2143.6,2049.8,0.981470191009929,0,738684.49826755,1146,1,0
15926.3562701685,40,2316,2121.2,2042.6,1,0,738684.498268013,1146,1,0
15926.3962692349,40,2294.2,2111,2041,1,0,738684.498268476,1146,1,0
15926.4362683013,40,2296.4,2114,2041,1,0,738684.498268939,1146,1,0
15926.4762673677,40,2316,2118.2,2038.8,1,0,738684.498269401,1146,1,0
15926.5162664341,40,2320.4,2116.4,2043.4,1,0,738684.498269864,1146,1,0
15926.5562655005,40,2331.2,2122.4,2043.8,1,0,738684.498270327,1146,1,0
15926.5962645669,40,2341.2,2127.8,2044.2,1,0,738684.49827079,1146,1,0
15926.6362636333,40,2358,2130.2,2044.8,0.98760735140419,0,738684.498271253,1146,1,0
15926.6762626997,40,2380.2,2135.4,2044.4,0.975376895053477,0,738684.498271716,1146,1,0
15926.7162617661,40,2406.4,2145.4,2048.8,0.957392764220256,0,738684.498272179,1146,1,0
15926.7562608325,40,2467.6,2175.6,2054.4,0.922681122048444,0,738684.498272642,1146,1,0
15926.7962598989,40,2548,2226.2,2065.6,0.869646511663396,0,738684.498273105,1146,1,0
15926.8362589653,40,2646.8,2301.8,2092.8,0.800998633917584,0,738684.498273568,1146,1,0
15926.8762580317,40,2714.4,2415.6,2126.6,0.738923200384679,0,738684.498274031,1146,1,0
15926.9162570981,40,2720.6,2562,2175.8,0.661398248029182,0,738684.498274494,1146,1,0
15926.9562561645,40,2673.4,2708.6,2235.8,0.586834992766542,0,738684.498274957,1146,1,0
15926.9962552309,40,2589,2803.2,2300.8,0.499855013752571,0,738684.49827542,1146,1,0
15927.0362542973,40,2535.4,2809,2324.8,0.478648808335904,0,738684.498275883,1146,1,0
15927.0762533637,40,2547.8,2752,2298.2,0.512624500175845,0,738684.498276346,1146,1,0
15927.1162524301,40,2573.4,2679.6,2256.8,0.561591735227539,0,738684.498276809,1146,1,0
15927.1562514965,40,2607.8,2594.4,2211,0.624241290397594,0,738684.498277272,1146,1,0
15927.1962505629,40,2610,2490.6,2171.4,0.693901278940445,0,738684.498277735,1146,1,0
15927.2362496293,40,2596.4,2398.2,2135.6,0.762074286926242,0,738684.498278198,1146,1,0
15927.2762486957,40,2572.6,2316,2105.4,0.816378308563394,0,738684.498278661,1146,1,0
15927.3162477621,40,2512,2246.8,2079.8,0.874641614251024,0,738684.498279123,1146,1,0
15927.3562468285,40,2447.2,2198.4,2067.4,0.922681122048444,0,738684.498279586,1146,1,0
15927.3962458949,40,2388,2162.4,2057.6,0.963334962218702,0,738684.498280049,1146,1,0
15927.4362449613,40,2351,2144,2048.8,0.98760735140419,0,738684.498280512,1146,1,0
15927.4762440277,40,2321.2,2125.2,2045,1,0,738684.498280975,1146,1,0
15927.5162430941,40,2314.2,2120.2,2039.8,1,0,738684.498281438,1146,1,0
15927.5562421605,40,2331.2,2123.6,2043,1,0,738684.498281901,1146,1,0
15927.5962412269,40,2349.6,2124.4,2039.4,0.993785067485734,0,738684.498282364,1146,1,0
15927.6362402933,40,2379,2133.8,2045.6,0.975376895053477,0,738684.498282827,1146,1,0
15927.6762393597,40,2422.2,2155.6,2049.8,0.951507301379275,0,738684.49828329,1146,1,0
15927.7162384261,40,2490.8,2189.2,2056.2,0.90588324353745,0,738684.498283753,1146,1,0
15927.7562374925,40,2593,2252.6,2077.8,0.841648031306038,0,738684.498284216,1146,1,0
15927.7962365589,40,2692.4,2357.8,2107.2,0.768841674721193,0,738684.498284679,1146,1,0
15927.8362356253,40,2734.6,2508.6,2155.4,0.69067652983471,0,738684.498285142,1146,1,0
15927.8762346917,40,2694.2,2689.2,2225,0.600935927986466,0,738684.498285605,1146,1,0
15927.9162337581,40,2576.8,2822.8,2309.4,0.487427987606295,0,738684.498286068,1146,1,0
15927.9562328245,40,2470,2853.8,2387.6,0.432498570591717,0,738684.498286531,1146,1,0
15927.9962318909,40,2450.6,2795.8,2372.8,0.443015536937748,0,738684.498286994,1146,1,0
15928.0362309573,40,2489.4,2736.8,2318.4,0.491613825047665,0,738684.498287457,1146,1,0
15928.0762300237,40,2543,2666.8,2258.8,0.55599419909927,0,738684.49828792,1146,1,0
15928.1162290901,40,2587.2,2568,2207.2,0.63467128498077,0,738684.498288383,1146,1,0
15928.1562281565,40,2607,2459.2,2154,0.716376706440077,0,738684.498288846,1146,1,0
15928.1962272229,40,2584.4,2348,2115,0.797274419786194,0,738684.498289308,1146,1,0
15928.2362262893,40,2536.6,2267.6,2084.6,0.855154006574624,0,738684.498289771,1146,1,0
15928.2762253557,40,2464.2,2207.6,2067.4,0.91140871723736,0,738684.498290234,1146,1,0
15928.3162244221,40,2401.6,2167.8,2054.4,0.957392764220256,0,738684.498290697,1146,1,0
15928.3562234885,40,2352.6,2142,2045.2,0.98760735140419,0,738684.49829116,1146,1,0
15928.3962225549,40,2322.8,2126.6,2045.2,1,0,738684.498291623,1146,1,0
15928.4362216213,40,2306,2111.4,2039.8,1,0,738684.498292086,1146,1,0
15928.4762206877,40,2310.4,2108.2,2040,1,0,738684.498292549,1146,1,0
15928.5162197541,40,2336.4,2120.4,2038,1,0,738684.498293012,1146,1,0
15928.5562188205,40,2385,2134.2,2044.4,0.975376895053477,0,738684.498293475,1146,1,0
15928.5962178869,40,2446.2,2167.8,2052.2,0.934145162156038,0,738684.498293938,1146,1,0
15928.6362169533,40,2546.2,2222.6,2067.8,0.869646511663396,0,738684.498294401,1146,1,0
15928.6762160197,40,2661.4,2312.4,2093.2,0.793575316906683,0,738684.498294864,1146,1,0
15928.7162150861,40,2730.4,2449.6,2136.2,0.719586640122297,0,738684.498295327,1146,1,0
15928.7562141525,40,2720.6,2628.4,2194.6,0.631236010455004,0,738684.49829579,1146,1,0
15928.7962132189,40,2631,2793.8,2282.8,0.538592179709432,0,738684.498296253,1146,1,0
15928.8362122853,40,2505.4,2865.8,2371.2,0.443015536937748,0,738684.498296716,1146,1,0
15928.8762113517,40,2441.4,2830.6,2400,0.421730440329805,0,738684.498297179,1146,1,0
15928.9162104181,40,2465,2784.4,2356.4,0.458824823815669,0,738684.498297642,1146,1,0
15928.9562094845,40,2514.8,2727.6,2301.6,0.508242322241532,0,738684.498298105,1146,1,0
15928.9962085509,40,2560.4,2631.4,2238.8,0.581917536525862,0,738684.498298567,1146,1,0
15929.0362076173,40,2610.4,2520.2,2183.2,0.674497686432619,0,738684.49829903,1146,1,0
15929.0762066837,40,2594.8,2395.4,2132.2,0.76545499769829,0,738684.498299493,1146,1,0
15929.1162057501,40,2546.2,2297.6,2097.8,0.837305347240683,0,738684.498299956,1146,1,0
15929.1562048165,40,2483.8,2220.4,2075,0.895128281408961,0,738684.498300419,1146,1,0
15929.1962038829,40,2414.2,2177.4,2057,0.945681682617138,0,738684.498300882,1146,1,0
15929.2362029493,40,2360.6,2144.4,2050.4,0.981470191009929,0,738684.498301345,1146,1,0
15929.2762020157,40,2318.4,2121,2044,1,0,738684.498301808,1146,1,0
15929.3162010821,40,2291,2110.4,2038.4,1,0,738684.498302271,1146,1,0
15929.3562001485,40,2302.6,2110.4,2035,1,0,738684.498302734,1146,1,0
15929.3961992149,40,2329,2119.8,2040.6,1,0,738684.498303197,1146,1,0
15929.4361982813,40,2372.8,2134.4,2045.2,0.981470191009929,0,738684.49830366,1146,1,0
15929.4761973477,40,2433.4,2156.8,2048.4,0.945681682617138,0,738684.498304123,1146,1,0
15929.5161964141,40,2523.4,2205.8,2064.6,0.884796034058834,0,738684.498304586,1146,1,0
15929.5561954805,40,2641.2,2291.6,2088.2,0.808529044605241,0,738684.498305049,1146,1,0
15929.5961945469,40,2715.4,2425.8,2127.8,0.73246794223773,0,738684.498305512,1146,1,0
15929.6361936133,40,2716.8,2607,2192.4,0.638072468361496,0,738684.498305975,1146,1,0
15929.6761926797,40,2634.4,2797.8,2282.2,0.538592179709432,0,738684.498306438,1146,1,0
15929.7161917461,40,2505.2,2892,2378.2,0.432498570591717,0,738684.498306901,1146,1,0
15929.7561908125,40,2441.4,2878.2,2427,0.402990075718856,0,738684.498307364,1146,1,0
15929.7961898789,40,2480.2,2856,2382,0.432498570591717,0,738684.498307826,1146,1,0
15929.8361889453,40,2546.2,2801,2316.4,0.487427987606295,0,738684.498308289,1146,1,0
15929.8761880117,40,2617.4,2695.6,2248.4,0.571991559090702,0,738684.498308752,1146,1,0
15929.9161870781,40,2675.6,2547.4,2177.8,0.664691440014781,0,738684.498309215,1146,1,0
15929.9561861445,40,2665.6,2396.8,2124.8,0.752016725630693,0,738684.498309678,1146,1,0
15929.9961852109,40,2583.4,2283.6,2088.6,0.828749855133686,0,738684.498310141,1146,1,0
15930.0361842773,40,2493.6,2210.2,2070.4,0.895128281408961,0,738684.498310604,1146,1,0
15930.0761833437,40,2418.4,2164.2,2053.4,0.945681682617138,0,738684.498311067,1146,1,0
15930.1161824101,40,2359,2137.6,2047.6,0.98760735140419,0,738684.49831153,1146,1,0
15930.1561814765,40,2323.2,2119,2040.2,1,0,738684.498311993,1146,1,0
15930.1961805429,40,2308,2113.8,2040,1,0,738684.498312456,1146,1,0
15930.2361796093,40,2307.6,2112.8,2036.2,1,0,738684.498312919,1146,1,0
15930.2761786757,40,2335.4,2118,2044.6,1,0,738684.498313382,1146,1,0
15930.3161777421,40,2397,2143.4,2045,0.963334962218702,0,738684.498313845,1146,1,0
15930.3561768085,40,2475,2177.8,2060.2,0.917013117136947,0,738684.498314308,1146,1,0
15930.3961758749,40,2584.8,2250.4,2074.8,0.846031337148546,0,738684.498314771,1146,1,0
15930.4361749413,40,2699,2364.8,2106,0.762074286926242,0,738684.498315234,1146,1,0
15930.4761740077,40,2727.4,2531.2,2161.6,0.677742985086675,0,738684.498315697,1146,1,0
15930.5161730741,40,2670.2,2728,2240.8,0.576956288034028,0,738684.49831616,1146,1,0
15930.5561721405,40,2543.8,2863.4,2340,0.458824823815669,0,738684.498316623,1146,1,0
15930.5961712069,40,2436.8,2884.8,2431.8,0.402990075718856,0,738684.498317086,1146,1,0
15930.6361702733,40,2429.6,2862.6,2427.6,0.402990075718856,0,738684.498317549,1146,1,0
15930.6761693397,40,2488,2844.4,2372.8,0.443015536937748,0,738684.498318012,1146,1,0
15930.7161684061,40,2566.8,2784.6,2301,0.499855013752571,0,738684.498318474,1146,1,0
15930.7561674725,40,2646.4,2663.2,2223,0.600935927986466,0,738684.498318937,1146,1,0
15930.7961665389,40,2686.2,2497,2159.2,0.693901278940445,0,738684.4983194,1146,1,0
15930.8361656053,40,2651,2361.2,2112.6,0.772233014043569,0,738684.498319863,1146,1,0
15930.8761646717,40,2574.4,2261.8,2081.8,0.841648031306038,0,738684.498320326,1146,1,0
15930.9161637381,40,2472,2197.6,2061.4,0.91140871723736,0,738684.498320789,1146,1,0
15930.9561628045,40,2394.2,2151.2,2050.8,0.963334962218702,0,738684.498321252,1146,1,0
15930.9961618709,40,2342,2128.2,2045.8,0.993785067485734,0,738684.498321715,1146,1,0
15931.0361609373,40,2323.8,2116.8,2041.4,1,0,738684.498322178,1146,1,0
15931.0761600037,40,2309.6,2110.6,2038.4,1,0,738684.498322641,1146,1,0
15931.1161590701,40,2316.2,2114,2043.8,1,0,738684.498323104,1146,1,0
15931.1561581365,40,2350,2123.4,2041.6,0.993785067485734,0,738684.498323567,1146,1,0
15931.1961572029,40,2407.2,2148.4,2049.4,0.957392764220256,0,738684.49832403,1146,1,0
15931.2361562693,40,2483.8,2186.4,2058,0.91140871723736,0,738684.498324493,1146,1,0
15931.2761553357,40,2592,2252.8,2077.4,0.841648031306038,0,738684.498324956,1146,1,0
15931.3161544021,40,2690.8,2361.8,2110.6,0.76545499769829,0,738684.498325419,1146,1,0
15931.3561534685,40,2723.6,2520.8,2162.4,0.684216142532836,0,738684.498325882,1146,1,0
15931.3961525349,40,2662.6,2699.8,2234.8,0.586834992766542,0,738684.498326345,1146,1,0
15931.4361516013,40,2541.8,2829.6,2327.4,0.473941473653243,0,738684.498326808,1146,1,0
15931.4761506677,40,2443.6,2886.4,2426.4,0.402990075718856,0,738684.49832727,1146,1,0
15931.5161497341,40,2426,2916.8,2459.6,0.38886050242203,0,738684.498327733,1146,1,0
15931.5561488005,40,2494,2939.6,2409.8,0.421730440329805,0,738684.498328196,1146,1,0
15931.5961478669,40,2582,2902.6,2335.8,0.458824823815669,0,738684.498328659,1146,1,0
15931.6361469333,40,2666.2,2773.4,2252,0.561591735227539,0,738684.498329122,1146,1,0
15931.6761459997,40,2743.8,2604.2,2182,0.644795282192648,0,738684.498329585,1146,1,0
15931.7161450661,40,2737.4,2423.6,2121.2,0.73246794223773,0,738684.498330048,1146,1,0
15931.7561441325,40,2632.2,2293.8,2089.2,0.808529044605241,0,738684.498330511,1146,1,0
15931.7961431989,40,2525.4,2210,2068.4,0.884796034058834,0,738684.498330974,1146,1,0
15931.8361422653,40,2426,2162.4,2050,0.945681682617138,0,738684.498331437,1146,1,0
15931.8761413317,40,2357.6,2137.2,2046.2,0.98760735140419,0,738684.4983319,1146,1,0
15931.9161403981,40,2319.4,2117,2040.8,1,0,738684.498332363,1146,1,0
15931.9561394645,40,2298.4,2110.8,2038,1,0,738684.498332826,1146,1,0
15931.9961385309,40,2300.4,2106.6,2036.8,1,0,738684.498333289,1146,1,0
15932.0361375973,40,2329.4,2115.6,2042.6,1,0,738684.498333752,1146,1,0
15932.0761366637,40,2371,2134.6,2042.2,0.981470191009929,0,738684.498334215,1146,1,0
15932.1161357301,40,2435,2159.4,2049.6,0.939909252434471,0,738684.498334678,1146,1,0
15932.1561347965,40,2524.2,2211.2,2069,0.884796034058834,0,738684.498335141,1146,1,0
15932.1961338629,40,2632.8,2306.2,2092.6,0.804740833678851,0,738684.498335604,1146,1,0
15932.2361329293,40,2690,2436,2138.4,0.72601963564692,0,738684.498336067,1146,1,0
15932.2761319957,40,2672,2614.8,2202.4,0.627761211066945,0,738684.49833653,1146,1,0
15932.3161310621,40,2576.8,2779.6,2290.8,0.517222600490522,0,738684.498336992,1146,1,0
15932.3561301285,40,2476.8,2891,2397.4,0.421730440329805,0,738684.498337455,1146,1,0
15932.3961291949,40,2405.8,2940.4,2493.4,0.36546342842044,0,738684.498337918,1146,1,0
15932.4361282613,40,2423.2,2983,2498.8,0.373555726838669,0,738684.498338381,1146,1,0
15932.4761273277,40,2499,2998.6,2434.4,0.409582826119754,0,738684.498338844,1146,1,0
15932.5161263941,40,2579.6,2926.6,2352.8,0.44830310725817,0,738684.498339307,1146,1,0
15932.5561254605,40,2675.8,2792.6,2261.4,0.561591735227539,0,738684.49833977,1146,1,0
15932.5961245269,40,2727.8,2591.6,2179.2,0.648129975506603,0,738684.498340233,1146,1,0
15932.6361235933,40,2687.6,2408,2124.4,0.742159015519958,0,738684.498340696,1146,1,0
15932.6761226597,40,2591.8,2291.6,2091.4,0.824555873811782,0,738684.498341159,1146,1,0
15932.7161217261,40,2480.6,2211.2,2069.4,0.900451621459986,0,738684.498341622,1146,1,0
15932.7561207925,40,2400.8,2166.6,2055.8,0.957392764220256,0,738684.498342085,1146,1,0
15932.7961198589,40,2347.8,2142.2,2048.6,0.98760735140419,0,738684.498342548,1146,1,0
15932.8361189253,40,2305.4,2123.4,2041.6,1,0,738684.498343011,1146,1,0
15932.8761179917,40,2291.2,2113.8,2042.8,1,0,738684.498343474,1146,1,0
15932.9161170581,40,2289,2111.6,2038.8,1,0,738684.498343937,1146,1,0
15932.9561161245,40,2321.2,2118.8,2041.6,1,0,738684.4983444,1146,1,0
15932.9961151909,40,2376.8,2137,2046.8,0.975376895053477,0,738684.498344863,1146,1,0
15933.0361142573,40,2445.4,2165.6,2055.4,0.934145162156038,0,738684.498345326,1146,1,0
15933.0761133237,40,2528,2214.4,2066.6,0.879696155832112,0,738684.498345789,1146,1,0
15933.1161123901,40,2618.2,2300.4,2093.6,0.812409570046606,0,738684.498346252,1146,1,0
15933.1561114565,40,2661.6,2420.2,2134.6,0.738923200384679,0,738684.498346715,1146,1,0
15933.1961105229,40,2636.8,2579.4,2199.8,0.641445129325003,0,738684.498347177,1146,1,0
15933.2361095893,40,2577.6,2740.6,2279.2,0.538592179709432,0,738684.49834764,1146,1,0
15933.2761086557,40,2485.6,2853.2,2373.8,0.437743532746865,0,738684.498348103,1146,1,0
15933.3161077221,40,2405,2903.6,2470.8,0.373555726838669,0,738684.498348566,1146,1,0
15933.3561067885,40,2398,2940.2,2500.2,0.36546342842044,0,738684.498349029,1146,1,0
15933.3961058549,40,2462.6,2984.2,2458,0.396076922961512,0,738684.498349492,1146,1,0
15933.4361049213,40,2549.6,2965.4,2379.2,0.432498570591717,0,738684.498349955,1146,1,0
15933.4761039877,40,2637.6,2845.6,2293.8,0.499855013752571,0,738684.498350418,1146,1,0
15933.5161030541,40,2699,2656.2,2205,0.61334157805252,0,738684.498350881,1146,1,0
15933.5561021205,40,2705.4,2470.2,2142.4,0.709966050179064,0,738684.498351344,1146,1,0
15933.5961011869,40,2646.2,2325.6,2100.4,0.789908020549802,0,738684.498351807,1146,1,0
15933.6361002533,40,2540,2232.6,2077,0.869646511663396,0,738684.49835227,1146,1,0
15933.6760993197,40,2438.4,2176.4,2060.4,0.934145162156038,0,738684.498352733,1146,1,0
15933.7160983861,40,2366.2,2146,2049.4,0.981470191009929,0,738684.498353196,1146,1,0
15933.7560974525,40,2323.2,2125.2,2041.8,1,0,738684.498353659,1146,1,0
15933.7960965189,40,2295,2111.4,2040.6,1,0,738684.498354122,1146,1,0
15933.8360955853,40,2286,2108,2041.4,1,0,738684.498354585,1146,1,0
15933.8760946517,40,2303.4,2108,2036.4,1,0,738684.498355048,1146,1,0
15933.9160937181,40,2347,2124.6,2040.6,0.993785067485734,0,738684.498355511,1146,1,0
15933.9560927845,40,2412.4,2145,2047.6,0.957392764220256,0,738684.498355974,1146,1,0
15933.9960918509,40,2485.4,2186.4,2058.8,0.91140871723736,0,738684.498356436,1146,1,0
15934.0360909173,40,2576.2,2262.6,2080,0.841648031306038,0,738684.498356899,1146,1,0
15934.0760899837,40,2634.6,2362.4,2113,0.775667113969294,0,738684.498357362,1146,1,0
15934.1160890501,40,2650.8,2505.6,2169.4,0.687448072586759,0,738684.498357825,1146,1,0
15934.1560881165,40,2588.4,2656.8,2244,0.581917536525862,0,738684.498358288,1146,1,0
15934.1960871829,40,2502.2,2788,2334.8,0.473941473653243,0,738684.498358751,1146,1,0
15934.2360862493,40,2425.6,2869,2432.2,0.396076922961512,0,738684.498359214,1146,1,0
15934.2760853157,40,2380.4,2892.8,2501,0.356497976346759,0,738684.498359677,1146,1,0
15934.3160843821,40,2421,2945.6,2476.8,0.38135234540336,0,738684.49836014,1146,1,0
15934.3560834485,40,2504,2964,2415.4,0.415835616278058,0,738684.498360603,1146,1,0
15934.3960825149,40,2587.2,2902,2333.2,0.458824823815669,0,738684.498361066,1146,1,0
15934.4360815813,40,2684,2766.8,2250.2,0.56694533960948,0,738684.498361529,1146,1,0
15934.4760806477,40,2723.6,2575.8,2177,0.658093992718842,0,738684.498361992,1146,1,0
15934.5160797141,40,2699.8,2406.8,2125.8,0.742159015519958,0,738684.498362455,1146,1,0
15934.5560787805,40,2607.4,2288.4,2089,0.820429400219418,0,738684.498362918,1146,1,0
15934.5960778469,40,2500.6,2209.6,2064.6,0.895128281408961,0,738684.498363381,1146,1,0
15934.6360769133,40,2406,2163,2053.2,0.951507301379275,0,738684.498363844,1146,1,0
15934.6760759797,40,2346.4,2133.8,2047.8,0.993785067485734,0,738684.498364307,1146,1,0
15934.7160750461,40,2301.4,2119.6,2044.6,1,0,738684.49836477,1146,1,0
15934.7560741125,40,2286.6,2107.8,2038.8,1,0,738684.498365233,1146,1,0
15934.7960731789,40,2296,2114.6,2037.6,1,0,738684.498365696,1146,1,0
15934.8360722453,40,2318,2116.8,2041,1,0,738684.498366158,1146,1,0
15934.8760713117,40,2364.2,2129.4,2040.8,0.98760735140419,0,738684.498366621,1146,1,0
15934.9160703781,40,2442.8,2162,2051.6,0.934145162156038,0,738684.498367084,1146,1,0
15934.9560694445,40,2522.4,2208,2067.6,0.884796034058834,0,738684.498367547,1146,1,0
15934.9960685109,40,2601.2,2283.6,2087.4,0.824555873811782,0,738684.49836801,1146,1,0
15935.0360675773,40,2655.8,2403.8,2127.6,0.748705579178257,0,738684.498368473,1146,1,0
15935.0760666437,40,2642,2548.8,2190.8,0.658093992718842,0,738684.498368936,1146,1,0
15935.1160657101,40,2569.2,2701.2,2266.8,0.550236263228431,0,738684.498369399,1146,1,0
15935.1560647765,40,2477,2807.4,2363.4,0.453583270865973,0,738684.498369862,1146,1,0
15935.1960638429,40,2422.6,2839,2424,0.402990075718856,0,738684.498370325,1146,1,0
15935.2360629093,40,2451.4,2852.2,2401,0.421730440329805,0,738684.498370788,1146,1,0
15935.2760619757,40,2538.6,2846.8,2340,0.463991214758112,0,738684.498371251,1146,1,0
15935.3160610421,40,2639.6,2785.4,2272.2,0.550236263228431,0,738684.498371714,1146,1,0
15935.3560601085,40,2712.2,2631.8,2201.4,0.627761211066945,0,738684.498372177,1146,1,0
15935.3960591749,40,2714.8,2466.8,2143,0.709966050179064,0,738684.49837264,1146,1,0
15935.4360582413,40,2677.4,2343,2105.8,0.775667113969294,0,738684.498373103,1146,1,0
15935.4760573077,40,2573.4,2249.8,2079.6,0.846031337148546,0,738684.498373566,1146,1,0
15935.5160563741,40,2474.6,2186.4,2063.6,0.91140871723736,0,738684.498374029,1146,1,0
15935.5560554405,40,2396.4,2150,2047,0.963334962218702,0,738684.498374492,1146,1,0
15935.5960545069,40,2344,2124.6,2043,0.993785067485734,0,738684.498374955,1146,1,0
15935.6360535733,40,2310.8,2111,2043,1,0,738684.498375418,1146,1,0
15935.6760526397,40,2302.2,2107.8,2039.6,1,0,738684.498375881,1146,1,0
15935.7160517061,40,2311.8,2112,2040.6,1,0,738684.498376343,1146,1,0
15935.7560507725,40,2355.6,2129.8,2041.2,0.98760735140419,0,738684.498376806,1146,1,0
15935.7960498389,40,2413.4,2156.8,2048.4,0.951507301379275,0,738684.498377269,1146,1,0
15935.8360489053,40,2502.2,2204,2063.4,0.895128281408961,0,738684.498377732,1146,1,0
15935.8760479717,40,2626.4,2288.2,2087.4,0.812409570046606,0,738684.498378195,1146,1,0
15935.9160470381,40,2706.4,2426.8,2129,0.73246794223773,0,738684.498378658,1146,1,0
15935.9560461045,40,2679.6,2608,2200.6,0.631236010455004,0,738684.498379121,1146,1,0
15935.9960451709,40,2589.6,2775.8,2289.6,0.527369038802404,0,738684.498379584,1146,1,0
15936.0360442373,40,2474.8,2853.4,2384.2,0.432498570591717,0,738684.498380047,1146,1,0
15936.0760433037,40,2439.8,2857.4,2420.2,0.409582826119754,0,738684.49838051,1146,1,0
15936.1160423701,40,2490.8,2836.2,2365.6,0.44830310725817,0,738684.498380973,1146,1,0
15936.1560414365,40,2568.6,2790.2,2303.2,0.499855013752571,0,738684.498381436,1146,1,0
15936.1960405029,40,2632.8,2708,2244.2,0.576956288034028,0,738684.498381899,1146,1,0
15936.2360395693,40,2687.4,2593.4,2192.4,0.641445129325003,0,738684.498382362,1146,1,0
15936.2760386357,40,2694.2,2471.4,2146.8,0.709966050179064,0,738684.498382825,1146,1,0
15936.3160377021,40,2667.2,2368,2110.6,0.76545499769829,0,738684.498383288,1146,1,0
15936.3560367685,40,2616.8,2293.4,2087.8,0.816378308563394,0,738684.498383751,1146,1,0
15936.3960358349,40,2547.4,2234.4,2073.4,0.864724653185449,0,738684.498384214,1146,1,0
15936.4360349013,40,2486.2,2197,2064.8,0.90588324353745,0,738684.498384677,1146,1,0
15936.4760339677,40,2440.2,2170.4,2052.6,0.934145162156038,0,738684.49838514,1146,1,0
15936.5160330341,40,2401.8,2153.2,2055.4,0.957392764220256,0,738684.498385602,1146,1,0
15936.5560321005,40,2373.8,2143.4,2047.6,0.975376895053477,0,738684.498386065,1146,1,0
15936.5960311669,40,2357,2136.6,2045.8,0.98760735140419,0,738684.498386528,1146,1,0
15936.6360302333,40,2351.8,2130.6,2043.6,0.993785067485734,0,738684.498386991,1146,1,0
15936.6760292997,40,2347,2126.8,2043.6,0.993785067485734,0,738684.498387454,1146,1,0
15936.7160283661,40,2356.4,2133.4,2046,0.98760735140419,0,738684.498387917,1146,1,0
15936.7560274325,40,2357.8,2135.2,2048,0.98760735140419,0,738684.49838838,1146,1,0
15936.7960264989,40,2369,2141,2046.4,0.981470191009929,0,738684.498388843,1146,1,0
15936.8360255653,40,2373.4,2145,2047.8,0.975376895053477,0,738684.498389306,1146,1,0
15936.8760246317,40,2378.2,2147.4,2050.4,0.975376895053477,0,738684.498389769,1146,1,0
15936.9160236981,40,2385,2147.6,2049.2,0.969330739042227,0,738684.498390232,1146,1,0
15936.9560227645,40,2387,2152,2050,0.969330739042227,0,738684.498390695,1146,1,0
15936.9960218309,40,2396.4,2152.8,2051.2,0.963334962218702,0,738684.498391158,1146,1,0
15937.0360208973,40,2402.4,2153.8,2049.8,0.957392764220256,0,738684.498391621,1146,1,0
15937.0760199637,40,2400,2156.4,2050,0.957392764220256,0,738684.498392084,1146,1,0
15937.1160190301,40,2394.4,2153.4,2054,0.963334962218702,0,738684.498392547,1146,1,0
15937.1560180965,40,2384.4,2147.4,2047.2,0.969330739042227,0,738684.49839301,1146,1,0
15937.1960171629,40,2369.6,2139.6,2048.4,0.981470191009929,0,738684.498393473,1146,1,0
15937.2360162293,40,2354.2,2132.4,2045.8,0.98760735140419,0,738684.498393936,1146,1,0
15937.2760152957,40,2342.2,2129.8,2043,0.993785067485734,0,738684.498394399,1146,1,0
15937.3160143621,40,2336.6,2128.8,2043,1,0,738684.498394861,1146,1,0
15937.3560134285,40,2342.4,2125.4,2043.6,1,0,738684.498395324,1146,1,0
15937.3960124949,40,2348.4,2130.6,2045,0.993785067485734,0,738684.498395787,1146,1,0
15937.4360115613,40,2357.6,2134.2,2043.2,0.98760735140419,0,738684.49839625,1146,1,0
15937.4760106277,40,2366.8,2137.6,2046.8,0.981470191009929,0,738684.498396713,1146,1,0
15937.5160096941,40,2374.4,2149.6,2048.6,0.975376895053477,0,738684.498397176,1146,1,0
15937.5560087605,40,2380.8,2152.4,2051,0.969330739042227,0,738684.498397639,1146,1,0
15937.5960078269,40,2392,2163,2056,0.963334962218702,0,738684.498398102,1146,1,0
15937.6360068933,40,2421,2190.6,2062.2,0.939909252434471,0,738684.498398565,1146,1,0
15937.6760059597,40,2484.6,2234,2079.4,0.889926901112563,0,738684.498399028,1146,1,0
15937.7160050261,40,2574,2317.2,2102.6,0.816378308563394,0,738684.498399491,1146,1,0
15937.7560040925,40,2625.2,2439.4,2149,0.729242281466222,0,738684.498399954,1146,1,0
15937.7960031589,40,2620.6,2626.4,2217.4,0.609441754663018,0,738684.498400417,1146,1,0
15937.8360022253,40,2534,2800,2323.8,0.483127937558863,0,738684.49840088,1146,1,0
15937.8760012917,40,2415,2881.8,2449.6,0.38886050242203,0,738684.498401343,1146,1,0
15937.9160003581,40,2324.8,2835.6,2536.2,0.320891404714916,0,738684.498401806,1146,1,0
15937.9559994245,40,2335.8,2805.8,2503.2,0.345854372631172,0,738684.498402269,1146,1,0
15937.9959984909,40,2428.4,2824.2,2409.2,0.409582826119754,0,738684.498402732,1146,1,0
15938.0359975573,40,2544.6,2738.6,2292,0.522126052443221,0,738684.498403195,1146,1,0
15938.0759966237,40,2633.6,2557.4,2191.8,0.65145812481641,0,738684.498403658,1146,1,0
15938.1159956901,40,2637.6,2393.2,2127.4,0.758704666363614,0,738684.498404121,1146,1,0
15938.1559947565,40,2572.6,2270.4,2087.4,0.841648031306038,0,738684.498404584,1146,1,0
15938.1959938229,40,2480.2,2207.8,2066.8,0.90588324353745,0,738684.498405047,1146,1,0
15938.2359928893,40,2399.2,2160.4,2055.2,0.957392764220256,0,738684.498405509,1146,1,0
15938.2759919557,40,2341.6,2136,2046,0.993785067485734,0,738684.498405972,1146,1,0
15938.3159910221,40,2302.6,2125.6,2044.6,1,0,738684.498406435,1146,1,0
15938.3559900885,40,2292.6,2117.2,2045,1,0,738684.498406898,1146,1,0
15938.3959891549,40,2299.8,2122.2,2044.4,1,0,738684.498407361,1146,1,0
15938.4359882213,40,2323.6,2136.6,2049,1,0,738684.498407824,1146,1,0
15938.4759872877,40,2368.6,2156.4,2055,0.975376895053477,0,738684.498408287,1146,1,0
15938.5159863541,40,2425,2187,2067,0.939909252434471,0,738684.49840875,1146,1,0
15938.5559854205,40,2513.6,2248,2082,0.874641614251024,0,738684.498409213,1146,1,0
15938.5959844869,40,2573.6,2344.8,2116.2,0.800998633917584,0,738684.498409676,1146,1,0
15938.6359835533,40,2601.8,2483.8,2170.8,0.697122148361531,0,738684.498410139,1146,1,0
15938.6759826197,40,2566,2650,2249.8,0.571991559090702,0,738684.498410602,1146,1,0
15938.7159816861,40,2475.6,2800.8,2354.2,0.458824823815669,0,738684.498411065,1146,1,0
15938.7559807525,40,2385.2,2874.2,2478.8,0.36546342842044,0,738684.498411528,1146,1,0
15938.7959798189,40,2342.8,2835.2,2509.6,0.345854372631172,0,738684.498411991,1146,1,0
15938.8359788853,40,2397.2,2844.2,2451.8,0.38135234540336,0,738684.498412454,1146,1,0
15938.8759779517,40,2468,2769.2,2348.2,0.469043195516147,0,738684.498412917,1146,1,0
15938.9159770181,40,2558.4,2648.6,2247.8,0.571991559090702,0,738684.49841338,1146,1,0
15938.9559760845,40,2640.2,2490.2,2165,0.697122148361531,0,738684.498413843,1146,1,0
15938.9959751509,40,2619.6,2350.2,2111.6,0.786278650390616,0,738684.498414306,1146,1,0
15939.0359742173,40,2556.2,2256.8,2081,0.850530689995972,0,738684.498414768,1146,1,0
15939.0759732837,40,2469.6,2194.2,2061,0.91140871723736,0,738684.498415231,1146,1,0
15939.1159723501,40,2406,2157.2,2051.8,0.957392764220256,0,738684.498415694,1146,1,0
15939.1559714165,40,2343,2133.4,2045.8,0.993785067485734,0,738684.498416157,1146,1,0
15939.1959704829,40,2323.2,2120.2,2042.4,1,0,738684.49841662,1146,1,0
15939.2359695493,40,2314.2,2124.4,2043.6,1,0,738684.498417083,1146,1,0
15939.2759686157,40,2317.6,2125.4,2044,1,0,738684.498417546,1146,1,0
15939.3159676821,40,2332.4,2141.6,2048.4,1,0,738684.498418009,1146,1,0
15939.3559667485,40,2367.8,2163.8,2062.4,0.975376895053477,0,738684.498418472,1146,1,0
15939.3959658149,40,2436.8,2195.6,2065.4,0.928397096983629,0,738684.498418935,1146,1,0
15939.4359648813,40,2525.8,2259,2087,0.864724653185449,0,738684.498419398,1146,1,0
15939.4759639477,40,2594,2361.4,2121.8,0.786278650390616,0,738684.498419861,1146,1,0
15939.5159630141,40,2606.6,2500.8,2176.6,0.687448072586759,0,738684.498420324,1146,1,0
15939.5559620805,40,2557,2661.8,2254,0.56694533960948,0,738684.498420787,1146,1,0
15939.5959611469,40,2466.6,2796.8,2361.8,0.453583270865973,0,738684.49842125,1146,1,0
15939.6359602133,40,2380.6,2862.2,2477,0.36546342842044,0,738684.498421713,1146,1,0
15939.6759592797,40,2356.6,2837,2493.4,0.356497976346759,0,738684.498422176,1146,1,0
15939.7589573425,83,2504.6,2775.2,2326.2,0.483127937558863,0,738684.498423136,1146,1,0
15939.7989564089,40,2595.2,2634.8,2230.6,0.596381495302282,0,738684.498423599,1146,1,0
15939.8389554753,40,2610.8,2454.2,2152.2,0.722800925966807,0,738684.498424062,1146,1,0
15939.8789545417,40,2601.2,2332.4,2108.4,0.800998633917584,0,738684.498424525,1146,1,0
15939.9189536081,40,2523.8,2242.6,2080.2,0.869646511663396,0,738684.498424988,1146,1,0
15939.9589526745,40,2450.2,2188.4,2062.6,0.922681122048444,0,738684.498425451,1146,1,0
15939.9989517409,40,2386.2,2153.8,2053,0.969330739042227,0,738684.498425914,1146,1,0
15940.0389508073,40,2338,2136.4,2047.4,0.993785067485734,0,738684.498426377,1146,1,0
15940.0789498737,40,2312.8,2124.2,2044.8,1,0,738684.49842684,1146,1,0
15940.1189489401,40,2299.4,2119.6,2047.4,1,0,738684.498427303,1146,1,0
15940.1589480065,40,2308.6,2126.4,2046.8,1,0,738684.498427766,1146,1,0
15940.1989470729,40,2326.8,2140.2,2048.2,1,0,738684.498428229,1146,1,0
15940.2389461393,40,2367.8,2157.8,2057.4,0.975376895053477,0,738684.498428692,1146,1,0
15940.2789452057,40,2420.8,2187.6,2065.6,0.939909252434471,0,738684.498429155,1146,1,0
15940.3189442721,40,2496.6,2238.8,2080,0.884796034058834,0,738684.498429618,1146,1,0
15940.3589433385,40,2571,2329.4,2111.4,0.812409570046606,0,738684.498430081,1146,1,0
15940.3989424049,40,2607.2,2463.4,2163.2,0.713170366876487,0,738684.498430544,1146,1,0
15940.4389414713,40,2581.4,2638.6,2240.2,0.586834992766542,0,738684.498431007,1146,1,0
15940.4789405377,40,2491,2781.2,2339.2,0.473941473653243,0,738684.498431469,1146,1,0
15940.5189396041,40,2396.6,2863,2464.2,0.373555726838669,0,738684.498431932,1146,1,0
15940.5589386705,40,2326.4,2823,2522.2,0.333857759187155,0,738684.498432395,1146,1,0
15940.5989377369,40,2359.4,2828.4,2481.6,0.356497976346759,0,738684.498432858,1146,1,0
15940.6389368033,40,2429.4,2797.8,2390,0.427256089976996,0,738684.498433321,1146,1,0
15940.6789358697,40,2527.4,2711,2283.4,0.527369038802404,0,738684.498433784,1146,1,0
15940.7189349361,40,2612.2,2549.8,2193.4,0.654780064308406,0,738684.498434247,1146,1,0
15940.7589340025,40,2629,2395,2129.8,0.758704666363614,0,738684.49843471,1146,1,0
15940.7989330689,40,2592.2,2285,2089.2,0.824555873811782,0,738684.498435173,1146,1,0
15940.8389321353,40,2500.8,2212.2,2068.6,0.895128281408961,0,738684.498435636,1146,1,0
15940.8789312017,40,2426.4,2166.4,2054.6,0.945681682617138,0,738684.498436099,1146,1,0
15940.9189302681,40,2362.2,2135.8,2048.2,0.981470191009929,0,738684.498436562,1146,1,0
15940.9589293345,40,2323,2120.4,2042.6,1,0,738684.498437025,1146,1,0
15940.9989284009,40,2312.6,2119.2,2043,1,0,738684.498437488,1146,1,0
15941.0389274673,40,2322.2,2123.2,2043.2,1,0,738684.498437951,1146,1,0
15941.0789265337,40,2332.2,2135.6,2048.6,1,0,738684.498438414,1146,1,0
15941.1189256001,40,2368,2156.6,2057,0.975376895053477,0,738684.498438877,1146,1,0
15941.1589246665,40,2413.8,2185.4,2068.4,0.945681682617138,0,738684.49843934,1146,1,0
15941.1989237329,40,2494,2236.8,2079.6,0.884796034058834,0,738684.498439803,1146,1,0
15941.2389227993,40,2575.4,2326.2,2110.8,0.812409570046606,0,738684.498440266,1146,1,0
15941.2789218657,40,2624.6,2459,2158.2,0.716376706440077,0,738684.498440729,1146,1,0
15941.3189209321,40,2589.8,2629,2231.8,0.596381495302282,0,738684.498441192,1146,1,0
15941.3589199985,40,2495,2760.8,2329.8,0.483127937558863,0,738684.498441654,1146,1,0
15941.3989190649,40,2404.8,2828.2,2436,0.38886050242203,0,738684.498442117,1146,1,0
15941.4389181313,40,2382.6,2834.4,2459.8,0.373555726838669,0,738684.49844258,1146,1,0
15941.4789171977,40,2438.4,2819.6,2398.2,0.421730440329805,0,738684.498443043,1146,1,0
15941.5189162641,40,2515.6,2746.8,2310.6,0.499855013752571,0,738684.498443506,1146,1,0
15941.5589153305,40,2597.6,2604.8,2219.2,0.61334157805252,0,738684.498443969,1146,1,0
15941.5989143969,40,2624,2433.4,2143.8,0.73246794223773,0,738684.498444432,1146,1,0
15941.6389134633,40,2573.4,2303.2,2102,0.824555873811782,0,738684.498444895,1146,1,0
15941.6789125297,40,2497,2218.2,2076,0.889926901112563,0,738684.498445358,1146,1,0
15941.7189115961,40,2414.4,2164.4,2055.8,0.951507301379275,0,738684.498445821,1146,1,0
15941.7589106625,40,2351.4,2136,2046.6,0.98760735140419,0,738684.498446284,1146,1,0
15941.7989097289,40,2311.6,2118.4,2039,1,0,738684.498446747,1146,1,0
15941.8389087953,40,2291.8,2111.8,2040.6,1,0,738684.49844721,1146,1,0
15941.8789078617,40,2298.4,2114,2039.4,1,0,738684.498447673,1146,1,0
15941.9189069281,40,2311.4,2122.2,2045,1,0,738684.498448136,1146,1,0
15941.9589059945,40,2333.8,2135.4,2048.4,1,0,738684.498448599,1146,1,0
15941.9989050609,40,2365.6,2150.4,2053.8,0.975376895053477,0,738684.498449062,1146,1,0
15942.0389041273,40,2416.2,2189.6,2066.2,0.939909252434471,0,738684.498449525,1146,1,0
15942.0789031937,40,2499.8,2246.2,2080.8,0.879696155832112,0,738684.498449987,1146,1,0
15942.1189022601,40,2582.8,2333.4,2112.6,0.804740833678851,0,738684.49845045,1146,1,0
15942.1589013265,40,2615,2470.4,2161.4,0.706760832147339,0,738684.498450913,1146,1,0
15942.1989003929,40,2587.6,2633.2,2237.4,0.591669078597459,0,738684.498451376,1146,1,0
15942.2388994593,40,2494.2,2760.4,2331.6,0.483127937558863,0,738684.498451839,1146,1,0
15942.2788985257,40,2407.6,2814.4,2421.6,0.402990075718856,0,738684.498452302,1146,1,0
15942.3188975921,40,2399.8,2798,2420.4,0.396076922961512,0,738684.498452765,1146,1,0
15942.3588966585,40,2460.2,2764.4,2349.6,0.469043195516147,0,738684.498453228,1146,1,0
15942.3988957249,40,2546,2677.8,2266.4,0.550236263228431,0,738684.498453691,1146,1,0
15942.4388947913,40,2611.2,2541.4,2188.6,0.658093992718842,0,738684.498454154,1146,1,0
15942.4788938577,40,2616.8,2392.2,2127.4,0.762074286926242,0,738684.498454617,1146,1,0
15942.5188929241,40,2569,2288.4,2094.4,0.833002741240853,0,738684.49845508,1146,1,0
15942.5588919905,40,2489.6,2218.2,2071.4,0.895128281408961,0,738684.498455543,1146,1,0
15942.5988910569,40,2430.2,2177.4,2058.8,0.939909252434471,0,738684.498456006,1146,1,0
15942.6388901233,40,2369.6,2149.4,2052.6,0.975376895053477,0,738684.498456469,1146,1,0
15942.6788891897,40,2331.2,2131.8,2047.4,1,0,738684.498456932,1146,1,0
15942.7188882561,40,2302,2121.6,2044.8,1,0,738684.498457395,1146,1,0
15942.7588873225,40,2300,2116.6,2047.2,1,0,738684.498457858,1146,1,0
15942.7988863889,40,2302.4,2120,2046.6,1,0,738684.498458321,1146,1,0
15942.8388854553,40,2315.2,2132,2049,1,0,738684.498458784,1146,1,0
15942.8788845217,40,2314.8,2131.8,2047.2,1,0,738684.498459247,1146,1,0
15942.9188835881,40,2312,2135.4,2049,1,0,738684.49845971,1146,1,0
15942.9588826545,40,2322.4,2134.8,2049.4,1,0,738684.498460173,1146,1,0
15942.9988817209,40,2324.4,2133,2047.2,1,0,738684.498460635,1146,1,0
15943.0388807873,40,2327,2134.8,2047.6,1,0,738684.498461098,1146,1,0
15943.0788798537,40,2332.2,2138,2047.6,1,0,738684.498461561,1146,1,0
15943.1188789201,40,2340.6,2138,2048.4,0.993785067485734,0,738684.498462024,1146,1,0
15943.1588779865,40,2339.4,2140.8,2048.4,0.993785067485734,0,738684.498462487,1146,1,0
15943.1988770529,40,2343.2,2138.8,2050.2,0.993785067485734,0,738684.49846295,1146,1,0
15943.2388761193,40,2350.2,2141.8,2052.4,0.98760735140419,0,738684.498463413,1146,1,0
15943.2788751857,40,2355.4,2144.4,2050.2,0.98760735140419,0,738684.498463876,1146,1,0
15943.3188742521,40,2363.8,2143.2,2049,0.981470191009929,0,738684.498464339,1146,1,0
15943.3588733185,40,2365.6,2145.8,2050.6,0.981470191009929,0,738684.498464802,1146,1,0
15943.3988723849,40,2379.2,2148.4,2047.2,0.969330739042227,0,738684.498465265,1146,1,0
15943.4388714513,40,2385,2151,2049.4,0.969330739042227,0,738684.498465728,1146,1,0
15943.4788705177,40,2393.6,2150.6,2048.6,0.963334962218702,0,738684.498466191,1146,1,0
15943.5188695841,40,2401.6,2156.2,2048,0.957392764220256,0,738684.498466654,1146,1,0
15943.5588686505,40,2407.8,2156.6,2052.4,0.957392764220256,0,738684.498467117,1146,1,0
15943.5988677169,40,2411.8,2157.2,2054.2,0.951507301379275,0,738684.49846758,1146,1,0
15943.6388667833,40,2418.6,2166.6,2049.2,0.945681682617138,0,738684.498468043,1146,1,0
15943.6788658497,40,2420,2165,2055.6,0.945681682617138,0,738684.498468506,1146,1,0
15943.7188649161,40,2428.2,2169.2,2055.6,0.939909252434471,0,738684.498468969,1146,1,0
15943.7588639825,40,2426,2167.8,2054.8,0.945681682617138,0,738684.498469432,1146,1,0
15943.7988630489,40,2412.8,2163.6,2057,0.951507301379275,0,738684.498469895,1146,1,0
15943.8388621153,40,2389.2,2157,2055,0.963334962218702,0,738684.498470358,1146,1,0
15943.8788611817,40,2364.2,2155,2055,0.975376895053477,0,738684.49847082,1146,1,0
15943.9188602481,40,2349,2146.8,2051,0.98760735140419,0,738684.498471283,1146,1,0
15943.9588593145,40,2334,2140.6,2050,1,0,738684.498471746,1146,1,0
15943.9988583809,40,2322.2,2134.8,2048.4,1,0,738684.498472209,1146,1,0
15944.0388574473,40,2315.6,2126.6,2041.8,1,0,738684.498472672,1146,1,0
15944.0788565137,40,2306,2120.8,2044.4,1,0,738684.498473135,1146,1,0
15944.1188555801,40,2301.4,2113.8,2043,1,0,738684.498473598,1146,1,0
15944.1588546465,40,2298.8,2115.8,2045.2,1,0,738684.498474061,1146,1,0
15944.1988537129,40,2287,2112.4,2041.6,1,0,738684.498474524,1146,1,0
15944.2388527793,40,2285.6,2109.2,2040.2,1,0,738684.498474987,1146,1,0
15944.2788518457,40,2287,2110.4,2039.8,1,0,738684.49847545,1146,1,0
15944.3188509121,40,2287.8,2112.4,2041.6,1,0,738684.498475913,1146,1,0
15944.3588499785,40,2296,2115.6,2039.4,1,0,738684.498476376,1146,1,0
15944.3988490449,40,2307.2,2112,2041.8,1,0,738684.498476839,1146,1,0
15944.4388481113,40,2323.4,2116.6,2043.8,1,0,738684.498477302,1146,1,0
15944.4788471777,40,2339.6,2124.2,2042.8,1,0,738684.498477765,1146,1,0
15944.5188462441,40,2355,2130.8,2045.6,0.98760735140419,0,738684.498478228,1146,1,0
15944.5588453105,40,2390.8,2143,2047.8,0.969330739042227,0,738684.498478691,1146,1,0
15944.5988443769,40,2449,2180.4,2053,0.928397096983629,0,738684.498479153,1146,1,0
15944.6388434433,40,2535.4,2225.8,2070.4,0.874641614251024,0,738684.498479616,1146,1,0
15944.6788425097,40,2643,2313.4,2093.4,0.797274419786194,0,738684.498480079,1146,1,0
15944.7188415761,40,2710.4,2452.8,2138,0.719586640122297,0,738684.498480542,1146,1,0
15944.7588406425,40,2697.4,2647,2209.4,0.617041238659818,0,738684.498481005,1146,1,0
15944.7988397089,40,2595.4,2833.4,2309.8,0.487427987606295,0,738684.498481468,1146,1,0
15944.8388387753,40,2468.8,2931,2427.2,0.409582826119754,0,738684.498481931,1146,1,0
15944.8788378417,40,2389,2922,2500.4,0.356497976346759,0,738684.498482394,1146,1,0
15944.9188369081,40,2423.8,2914.8,2458.2,0.38886050242203,0,738684.498482857,1146,1,0
15944.9588359745,40,2506.4,2864.4,2374.2,0.443015536937748,0,738684.49848332,1146,1,0
15944.9988350409,40,2588.2,2773.2,2286.4,0.527369038802404,0,738684.498483783,1146,1,0
15945.0388341073,40,2657,2613.8,2205.2,0.624241290397594,0,738684.498484246,1146,1,0
15945.0788331737,40,2668.8,2450.4,2143.8,0.719586640122297,0,738684.498484709,1146,1,0
15945.1188322401,40,2616.8,2316.8,2100.8,0.804740833678851,0,738684.498485172,1146,1,0
15945.1588313065,40,2519,2231.6,2074,0.879696155832112,0,738684.498485635,1146,1,0
15945.1988303729,40,2434.4,2167.6,2057.6,0.939909252434471,0,738684.498486098,1146,1,0
15945.2388294393,40,2362.8,2137.8,2048,0.981470191009929,0,738684.498486561,1146,1,0
15945.2788285057,40,2312.4,2116.6,2040.8,1,0,738684.498487024,1146,1,0
15945.3188275721,40,2296.4,2107.6,2038.4,1,0,738684.498487487,1146,1,0
15945.3588266385,40,2314,2113.8,2041.8,1,0,738684.49848795,1146,1,0
15945.3988257049,40,2330.6,2121,2043,1,0,738684.498488413,1146,1,0
15945.4388247713,40,2389.2,2141.4,2045.8,0.969330739042227,0,738684.498488876,1146,1,0
15945.4788238377,40,2466.6,2176.4,2055.4,0.922681122048444,0,738684.498489338,1146,1,0
15945.5188229041,40,2559.4,2235.6,2072.8,0.859889483197649,0,738684.498489801,1146,1,0
15945.5588219705,40,2665.8,2336.6,2105.8,0.782692588654786,0,738684.498490264,1146,1,0
15945.5988210369,40,2694,2492,2156.6,0.697122148361531,0,738684.498490727,1146,1,0
15945.6388201033,40,2644.8,2682.4,2228,0.591669078597459,0,738684.49849119,1146,1,0
15945.6788191697,40,2533,2852.6,2343,0.458824823815669,0,738684.498491653,1146,1,0
15945.7188182361,40,2429.8,2943.6,2464,0.38886050242203,0,738684.498492116,1146,1,0
15945.7588173025,40,2364.4,2935.8,2546,0.333857759187155,0,738684.498492579,1146,1,0
15945.7988163689,40,2410.6,2974.2,2508.6,0.36546342842044,0,738684.498493042,1146,1,0
15945.8388154353,40,2494.4,2962.8,2427.2,0.415835616278058,0,738684.498493505,1146,1,0
15945.8788145017,40,2597.6,2890.8,2326.2,0.463991214758112,0,738684.498493968,1146,1,0
15945.9188135681,40,2699.4,2720.2,2230.4,0.591669078597459,0,738684.498494431,1146,1,0
15945.9588126345,40,2715.6,2511.2,2156.4,0.687448072586759,0,738684.498494894,1146,1,0
15945.9988117009,40,2657.8,2355,2107.4,0.775667113969294,0,738684.498495357,1146,1,0
15946.0388107673,40,2552.2,2249.4,2077.2,0.855154006574624,0,738684.49849582,1146,1,0
15946.0788098337,40,2460,2188.8,2061.2,0.917013117136947,0,738684.498496283,1146,1,0
15946.1188089001,40,2382.4,2154.4,2052.6,0.969330739042227,0,738684.498496746,1146,1,0
15946.1588079665,40,2332.8,2132.6,2045,1,0,738684.498497209,1146,1,0
15946.1988070329,40,2297,2113.8,2043.4,1,0,738684.498497672,1146,1,0
15946.2388060993,40,2286.4,2108.8,2039.2,1,0,738684.498498135,1146,1,0
15946.2788051657,40,2310.6,2116.6,2042.6,1,0,738684.498498598,1146,1,0
15946.3188042321,40,2357.4,2127.8,2041.8,0.98760735140419,0,738684.498499061,1146,1,0
15946.3588032985,40,2426.8,2156.4,2051.8,0.945681682617138,0,738684.498499523,1146,1,0
15946.3988023649,40,2512.4,2210,2065.4,0.889926901112563,0,738684.498499986,1146,1,0
15946.4388014313,40,2607.8,2292.2,2090,0.816378308563394,0,738684.498500449,1146,1,0
15946.4788004977,40,2665,2431.2,2136.2,0.73246794223773,0,738684.498500912,1146,1,0
15946.5187995641,40,2649.8,2628.6,2213.6,0.61334157805252,0,738684.498501375,1146,1,0
15946.5587986305,40,2558,2814.2,2315,0.483127937558863,0,738684.498501838,1146,1,0
15946.5987976969,40,2439.8,2923.6,2442,0.396076922961512,0,738684.498502301,1146,1,0
15946.6387967633,40,2372.8,2923.2,2520,0.345854372631172,0,738684.498502764,1146,1,0
15946.6787958297,40,2411,2931.6,2485.6,0.373555726838669,0,738684.498503227,1146,1,0
15946.7187948961,40,2489.4,2926.4,2409,0.421730440329805,0,738684.49850369,1146,1,0
15946.7587939625,40,2591.6,2863.4,2321.4,0.478648808335904,0,738684.498504153,1146,1,0
15946.7987930289,40,2691,2704.6,2229.2,0.591669078597459,0,738684.498504616,1146,1,0
15946.8387920953,40,2718.4,2502.2,2153.2,0.693901278940445,0,738684.498505079,1146,1,0
15946.8787911617,40,2662,2340.2,2106.4,0.77915429777298,0,738684.498505542,1146,1,0
15946.9187902281,40,2539.2,2238.8,2072.8,0.864724653185449,0,738684.498506005,1146,1,0
15946.9587892945,40,2430.4,2174.6,2057.2,0.939909252434471,0,738684.498506468,1146,1,0
15946.9987883609,40,2356,2141.8,2048.4,0.98760735140419,0,738684.498506931,1146,1,0
15947.0387874273,40,2310.8,2117.2,2041.2,1,0,738684.498507394,1146,1,0
15947.0787864937,40,2286.6,2109,2040.4,1,0,738684.498507857,1146,1,0
15947.1187855601,40,2310.6,2115.4,2041.4,1,0,738684.498508319,1146,1,0
15947.1587846265,40,2332,2117.6,2040.4,1,0,738684.498508782,1146,1,0
15947.1987836929,40,2388.4,2140.2,2045,0.969330739042227,0,738684.498509245,1146,1,0
15947.2387827593,40,2455,2168.8,2052.8,0.928397096983629,0,738684.498509708,1146,1,0
15947.2787818257,40,2543.2,2223.2,2069,0.869646511663396,0,738684.498510171,1146,1,0
15947.3187808921,40,2644.2,2313,2097,0.797274419786194,0,738684.498510634,1146,1,0
15947.3587799585,40,2692,2450.6,2140,0.719586640122297,0,738684.498511097,1146,1,0
15947.3987790249,40,2669.6,2631,2210.4,0.617041238659818,0,738684.49851156,1146,1,0
15947.4387780913,40,2588.2,2802.6,2299.4,0.499855013752571,0,738684.498512023,1146,1,0
15947.4787771577,40,2482.8,2936.6,2410.6,0.415835616278058,0,738684.498512486,1146,1,0
15947.5187762241,40,2400.6,2952.2,2501,0.36546342842044,0,738684.498512949,1146,1,0
15947.5587752905,40,2428.2,2982.4,2491.4,0.373555726838669,0,738684.498513412,1146,1,0
15947.5987743569,40,2501.2,2958.8,2414.6,0.415835616278058,0,738684.498513875,1146,1,0
15947.6387734233,40,2594.6,2887.2,2327.8,0.463991214758112,0,738684.498514338,1146,1,0
15947.6787724897,40,2678.6,2736,2236.4,0.581917536525862,0,738684.498514801,1146,1,0
15947.7187715561,40,2727.6,2541,2167.6,0.674497686432619,0,738684.498515264,1146,1,0
15947.7587706225,40,2686.8,2377.2,2114,0.758704666363614,0,738684.498515727,1146,1,0
15947.7987696889,40,2583.8,2260.6,2080.6,0.841648031306038,0,738684.49851619,1146,1,0
15947.8387687553,40,2471.6,2191.8,2062.2,0.91140871723736,0,738684.498516653,1146,1,0
15947.8787678217,40,2383.4,2151.4,2051.8,0.969330739042227,0,738684.498517116,1146,1,0
15947.9187668881,40,2333.4,2126.2,2043,1,0,738684.498517579,1146,1,0
15947.9587659545,40,2302.8,2114.4,2043.4,1,0,738684.498518042,1146,1,0
15947.9987650209,40,2293,2109.6,2038.4,1,0,738684.498518504,1146,1,0
15948.0387640873,40,2314.4,2113,2038.6,1,0,738684.498518967,1146,1,0
15948.0787631537,40,2376.4,2134,2042.6,0.975376895053477,0,738684.49851943,1146,1,0
15948.1187622201,40,2449.8,2164.8,2053.4,0.934145162156038,0,738684.498519893,1146,1,0
15948.1587612865,40,2549.2,2226.6,2073,0.864724653185449,0,738684.498520356,1146,1,0
15948.1987603529,40,2654.2,2337.4,2108.6,0.782692588654786,0,738684.498520819,1146,1,0
15948.2387594193,40,2686.8,2501,2159.8,0.69067652983471,0,738684.498521282,1146,1,0
15948.2787584857,40,2627.6,2695.2,2243.6,0.576956288034028,0,738684.498521745,1146,1,0
15948.3187575521,40,2514.2,2841.8,2353.2,0.453583270865973,0,738684.498522208,1146,1,0
15948.3587566185,40,2414.4,2921,2470.6,0.38135234540336,0,738684.498522671,1146,1,0
15948.3987556849,40,2394,2946,2511.4,0.356497976346759,0,738684.498523134,1146,1,0
15948.4387547513,40,2451.4,2964.6,2464.6,0.38886050242203,0,738684.498523597,1146,1,0
15948.4787538177,40,2541,2936.4,2377.2,0.432498570591717,0,738684.49852406,1146,1,0
15948.5187528841,40,2642.8,2814,2278.8,0.538592179709432,0,738684.498524523,1146,1,0
15948.5587519505,40,2717.8,2603,2190,0.641445129325003,0,738684.498524986,1146,1,0
15948.5987510169,40,2711.2,2414.6,2123.6,0.738923200384679,0,738684.498525449,1146,1,0
15948.6387500833,40,2612,2275.6,2085.4,0.824555873811782,0,738684.498525912,1146,1,0
15948.6787491497,40,2486,2192,2061.8,0.90588324353745,0,738684.498526375,1146,1,0
15948.7187482161,40,2387.2,2148.4,2048.4,0.969330739042227,0,738684.498526838,1146,1,0
15948.7587472825,40,2323,2120.8,2043.8,1,0,738684.498527301,1146,1,0
15948.7987463489,40,2284.2,2108.4,2039,1,0,738684.498527764,1146,1,0
15948.8387454153,40,2308.2,2112.4,2040.8,1,0,738684.498528227,1146,1,0
15948.8787444817,40,2328.8,2121.6,2045,1,0,738684.498528689,1146,1,0
15948.9187435481,40,2373,2137.6,2043,0.981470191009929,0,738684.498529152,1146,1,0
15948.9587426145,40,2456.4,2171.2,2051.2,0.928397096983629,0,738684.498529615,1146,1,0
15948.9987416809,40,2545.8,2220,2067.6,0.869646511663396,0,738684.498530078,1146,1,0
15949.0387407473,40,2657.4,2320.4,2095,0.789908020549802,0,738684.498530541,1146,1,0
15949.0787398137,40,2708.2,2473.4,2147,0.706760832147339,0,738684.498531004,1146,1,0
15949.1187388801,40,2652,2660,2224.4,0.600935927986466,0,738684.498531467,1146,1,0
15949.1587379465,40,2550.6,2835.2,2326,0.473941473653243,0,738684.49853193,1146,1,0
15949.1987370129,40,2436.8,2921.8,2446,0.396076922961512,0,738684.498532393,1146,1,0
15949.2387360793,40,2389.6,2927,2504.4,0.356497976346759,0,738684.498532856,1146,1,0
15949.2787351457,40,2448.6,2963.2,2463.2,0.38886050242203,0,738684.498533319,1146,1,0
15949.3187342121,40,2539.6,2934.8,2372.8,0.437743532746865,0,738684.498533782,1146,1,0
15949.3587332785,40,2647.8,2806.4,2275.6,0.544405753883346,0,738684.498534245,1146,1,0
15949.3987323449,40,2729.4,2604.8,2184.2,0.641445129325003,0,738684.498534708,1146,1,0
15949.4387314113,40,2696.2,2411.2,2126.8,0.742159015519958,0,738684.498535171,1146,1,0
15949.4787304777,40,2621.6,2281.2,2086.2,0.816378308563394,0,738684.498535634,1146,1,0
15949.5187295441,40,2500.4,2202.6,2062,0.895128281408961,0,738684.498536097,1146,1,0
15949.5587286105,40,2406.2,2156.6,2049.2,0.957392764220256,0,738684.49853656,1146,1,0
15949.5987276769,40,2344.2,2132.4,2044.6,0.993785067485734,0,738684.498537023,1146,1,0
15949.6387267433,40,2309.2,2112.4,2040.6,1,0,738684.498537485,1146,1,0
15949.6787258097,40,2296.6,2107.2,2039.6,1,0,738684.498537948,1146,1,0
15949.7187248761,40,2307.8,2113.6,2037.6,1,0,738684.498538411,1146,1,0
15949.7587239425,40,2352.6,2126,2040.8,0.993785067485734,0,738684.498538874,1146,1,0
15949.7987230089,40,2421.4,2151.4,2046,0.951507301379275,0,738684.498539337,1146,1,0
15949.8387220753,40,2505.6,2202,2060.8,0.895128281408961,0,738684.4985398,1146,1,0
15949.8787211417,40,2625,2284.2,2090,0.816378308563394,0,738684.498540263,1146,1,0
15949.9187202081,40,2688.4,2420.4,2128.8,0.735695387533812,0,738684.498540726,1146,1,0
15949.9587192745,40,2680.6,2598.4,2196,0.638072468361496,0,738684.498541189,1146,1,0
15949.9987183409,40,2585.6,2768.4,2282.6,0.532884543384682,0,738684.498541652,1146,1,0
15950.0387174073,40,2481.4,2881,2390.6,0.427256089976996,0,738684.498542115,1146,1,0
15950.0787164737,40,2430.2,2916.2,2453.2,0.38886050242203,0,738684.498542578,1146,1,0
15950.1187155401,40,2472.4,2928.4,2422,0.409582826119754,0,738684.498543041,1146,1,0
15950.1587146065,40,2573.4,2893.2,2341.6,0.453583270865973,0,738684.498543504,1146,1,0
15950.1987136729,40,2672.6,2762,2250.6,0.56694533960948,0,738684.498543967,1146,1,0
15950.2387127393,40,2733.6,2564.8,2173.8,0.664691440014781,0,738684.49854443,1146,1,0
15950.2787118057,40,2701,2392.4,2117.8,0.748705579178257,0,738684.498544893,1146,1,0
15950.3187108721,40,2603.2,2272.4,2081.6,0.828749855133686,0,738684.498545356,1146,1,0
15950.3587099385,40,2486.6,2194.6,2059.4,0.90588324353745,0,738684.498545819,1146,1,0
15950.3987090049,40,2395.8,2151.6,2047.4,0.963334962218702,0,738684.498546282,1146,1,0
15950.4387080713,40,2336.4,2122.2,2047.4,1,0,738684.498546745,1146,1,0
15950.4787071377,40,2299.8,2115,2040.4,1,0,738684.498547208,1146,1,0
15950.5187062041,40,2293.4,2106.8,2039,1,0,738684.49854767,1146,1,0
15950.5587052705,40,2312.2,2112.8,2039,1,0,738684.498548133,1146,1,0
15950.5987043369,40,2340.2,2121.6,2040.2,1,0,738684.498548596,1146,1,0
15950.6387034033,40,2403.8,2144.2,2045.8,0.963334962218702,0,738684.498549059,1146,1,0
15950.6787024697,40,2478.4,2184,2055.2,0.91140871723736,0,738684.498549522,1146,1,0
15950.7187015361,40,2589,2250.8,2076.2,0.841648031306038,0,738684.498549985,1146,1,0
15950.7587006025,40,2676,2369.2,2110,0.76545499769829,0,738684.498550448,1146,1,0
15950.7986996689,40,2687,2532.2,2171,0.674497686432619,0,738684.498550911,1146,1,0
15950.8386987353,40,2616.4,2720.4,2254.4,0.56694533960948,0,738684.498551374,1146,1,0
15950.9226967747,84,2413.4,2914.8,2474,0.38135234540336,0,738684.498552346,1146,1,0
15950.9626958411,40,2414.4,2935.2,2478.4,0.373555726838669,0,738684.498552809,1146,1,0
15951.0026949075,40,2492,2946.4,2414.2,0.415835616278058,0,738684.498553272,1146,1,0
15951.0426939739,40,2586,2883.2,2329.2,0.463991214758112,0,738684.498553735,1146,1,0
15951.0826930403,40,2689.4,2723.4,2235.8,0.586834992766542,0,738684.498554198,1146,1,0
15951.1226921067,40,2729.2,2514.6,2155.8,0.687448072586759,0,738684.498554661,1146,1,0
15951.1626911731,40,2679,2349.4,2105.8,0.772233014043569,0,738684.498555124,1146,1,0
15951.2026902395,40,2573.2,2240.4,2074.6,0.850530689995972,0,738684.498555587,1146,1,0
15951.2426893059,40,2450.8,2178,2058.4,0.928397096983629,0,738684.49855605,1146,1,0
15951.2826883723,40,2368.6,2141.8,2046.8,0.981470191009929,0,738684.498556513,1146,1,0
15951.3226874387,40,2321.4,2123.4,2042.8,1,0,738684.498556976,1146,1,0
15951.3626865051,40,2297.2,2111.8,2039.2,1,0,738684.498557439,1146,1,0
15951.4026855715,40,2299.8,2110.4,2039,1,0,738684.498557902,1146,1,0
15951.4426846379,40,2322.8,2115.2,2038.6,1,0,738684.498558365,1146,1,0
15951.4826837043,40,2380,2135.6,2042,0.975376895053477,0,738684.498558828,1146,1,0
15951.5226827707,40,2455.4,2172.2,2052.2,0.928397096983629,0,738684.498559291,1146,1,0
15951.5626818371,40,2552.6,2230.4,2073.2,0.864724653185449,0,738684.498559754,1146,1,0
15951.6026809035,40,2672,2329.2,2099.4,0.782692588654786,0,738684.498560217,1146,1,0
15951.6426799699,40,2708.2,2477.2,2153.4,0.703551912933977,0,738684.498560679,1146,1,0
15951.6826790363,40,2659.2,2665.6,2221.4,0.600935927986466,0,738684.498561142,1146,1,0
15951.7226781027,40,2560.6,2835.6,2325.2,0.478648808335904,0,738684.498561605,1146,1,0
15951.7626771691,40,2449,2901.4,2428.4,0.402990075718856,0,738684.498562068,1146,1,0
15951.8026762355,40,2423.2,2916.6,2464.8,0.38135234540336,0,738684.498562531,1146,1,0
15951.8426753019,40,2481.6,2913.2,2401.6,0.421730440329805,0,738684.498562994,1146,1,0
15951.8826743683,40,2575.4,2857,2324.8,0.473941473653243,0,738684.498563457,1146,1,0
15951.9226734347,40,2676.2,2714,2231.8,0.586834992766542,0,738684.49856392,1146,1,0
15951.9626725011,40,2725.4,2519.8,2161.8,0.684216142532836,0,738684.498564383,1146,1,0
15952.0026715675,40,2669.2,2358.6,2109.2,0.772233014043569,0,738684.498564846,1146,1,0
15952.0426706339,40,2570.2,2249.4,2077.4,0.850530689995972,0,738684.498565309,1146,1,0
15952.0826697003,40,2455,2183.4,2060,0.922681122048444,0,738684.498565772,1146,1,0
15952.1226687667,40,2377.8,2148.6,2047,0.975376895053477,0,738684.498566235,1146,1,0
15952.1626678331,40,2328,2123,2042.2,1,0,738684.498566698,1146,1,0
15952.2026668995,40,2301.4,2107.8,2037.6,1,0,738684.498567161,1146,1,0
15952.2426659659,40,2302.2,2111,2039,1,0,738684.498567624,1146,1,0
15952.2826650323,40,2324,2116.2,2041.6,1,0,738684.498568087,1146,1,0
15952.3226640987,40,2372.8,2133.2,2046.4,0.981470191009929,0,738684.49856855,1146,1,0
15952.3626631651,40,2446.4,2165.2,2051.4,0.934145162156038,0,738684.498569013,1146,1,0
15952.4026622315,40,2548.8,2223.8,2067,0.869646511663396,0,738684.498569475,1146,1,0
15952.4426612979,40,2671,2326.8,2098.4,0.786278650390616,0,738684.498569938,1146,1,0
15952.4826603643,40,2727.2,2482.6,2149.8,0.703551912933977,0,738684.498570401,1146,1,0
15952.5226594307,40,2681.6,2673.2,2222.2,0.605299016202904,0,738684.498570864,1146,1,0
15952.5626584971,40,2566.8,2835.2,2323.8,0.478648808335904,0,738684.498571327,1146,1,0
15952.6026575635,40,2445,2894.2,2424.6,0.402990075718856,0,738684.49857179,1146,1,0
15952.6426566299,40,2418.2,2894,2454.2,0.38886050242203,0,738684.498572253,1146,1,0
15952.6826556963,40,2463.8,2871.8,2397.8,0.421730440329805,0,738684.498572716,1146,1,0
15952.7226547627,40,2561.4,2846.4,2329.8,0.469043195516147,0,738684.498573179,1146,1,0
15952.7626538291,40,2654.2,2721,2243.6,0.576956288034028,0,738684.498573642,1146,1,0
15952.8026528955,40,2717,2543,2168.6,0.671241250044602,0,738684.498574105,1146,1,0
15952.8426519619,40,2688.8,2381.2,2117.6,0.755350806424959,0,738684.498574568,1146,1,0
15952.8826510283,40,2603.2,2265.6,2083.4,0.828749855133686,0,738684.498575031,1146,1,0
15952.9226500947,40,2480,2195.4,2064.6,0.90588324353745,0,738684.498575494,1146,1,0
15952.9626491611,40,2393.8,2148.8,2048.8,0.963334962218702,0,738684.498575957,1146,1,0
15953.0026482275,40,2338,2123,2040,1,0,738684.49857642,1146,1,0
15953.0426472939,40,2293,2111.6,2036.2,1,0,738684.498576883,1146,1,0
15953.0826463603,40,2303.8,2111,2039.8,1,0,738684.498577346,1146,1,0
15953.1226454267,40,2329.4,2115.6,2040.8,1,0,738684.498577809,1146,1,0
15953.1626444931,40,2383.6,2138.6,2045.8,0.975376895053477,0,738684.498578272,1146,1,0
15953.2026435595,40,2461.4,2170.6,2053.8,0.922681122048444,0,738684.498578735,1146,1,0
15953.2426426259,40,2565.8,2236.8,2073.6,0.855154006574624,0,738684.498579197,1146,1,0
15953.2826416923,40,2674,2346,2106.2,0.775667113969294,0,738684.49857966,1146,1,0
15953.3226407587,40,2703,2503.6,2158.8,0.69067652983471,0,738684.498580123,1146,1,0
15953.3626398251,40,2650,2691,2232.6,0.586834992766542,0,738684.498580586,1146,1,0
15953.4026388915,40,2543.8,2846.8,2339.4,0.463991214758112,0,738684.498581049,1146,1,0
15953.4426379579,40,2439.6,2900,2435.6,0.402990075718856,0,738684.498581512,1146,1,0
15953.4826370243,40,2423,2903,2450.6,0.38886050242203,0,738684.498581975,1146,1,0
15953.5226360907,40,2481.4,2907.2,2406.8,0.421730440329805,0,738684.498582438,1146,1,0
15953.5626351571,40,2576,2864.6,2331,0.469043195516147,0,738684.498582901,1146,1,0
15953.6026342235,40,2674,2723,2237.6,0.581917536525862,0,738684.498583364,1146,1,0
15953.6426332899,40,2728.6,2529.4,2161,0.677742985086675,0,738684.498583827,1146,1,0
15953.6826323563,40,2684.2,2373,2111.4,0.762074286926242,0,738684.49858429,1146,1,0
15953.7226314227,40,2589.8,2256.2,2078.6,0.841648031306038,0,738684.498584753,1146,1,0
15953.7626304891,40,2475.6,2187.4,2061.8,0.91140871723736,0,738684.498585216,1146,1,0
15953.8026295555,40,2388.6,2150,2049.6,0.969330739042227,0,738684.498585679,1146,1,0
15953.8426286219,40,2338.2,2125.6,2042.4,1,0,738684.498586142,1146,1,0
15953.8826276883,40,2308.4,2115.8,2038,1,0,738684.498586605,1146,1,0
15953.9226267547,40,2305.6,2112.2,2037,1,0,738684.498587068,1146,1,0
15953.9626258211,40,2332.4,2116.8,2040.2,1,0,738684.498587531,1146,1,0
15954.0026248875,40,2387.8,2138.2,2044.8,0.969330739042227,0,738684.498587994,1146,1,0
15954.0426239539,40,2463,2178.2,2055.4,0.922681122048444,0,738684.498588457,1146,1,0
15954.0826230203,40,2572.2,2241,2069.2,0.850530689995972,0,738684.49858892,1146,1,0
15954.1226220867,40,2677,2352.8,2110,0.772233014043569,0,738684.498589382,1146,1,0
15954.1626211531,40,2705.6,2512,2159.4,0.687448072586759,0,738684.498589845,1146,1,0
15954.2026202195,40,2650.8,2702.8,2240.2,0.581917536525862,0,738684.498590308,1146,1,0
15954.2426192859,40,2541.4,2863.8,2342.4,0.458824823815669,0,738684.498590771,1146,1,0
15954.2826183523,40,2439.4,2915,2442.6,0.396076922961512,0,738684.498591234,1146,1,0
15954.3226174187,40,2433.2,2954.2,2468.8,0.38135234540336,0,738684.498591697,1146,1,0
15954.3626164851,40,2497.2,2948.4,2410.6,0.421730440329805,0,738684.49859216,1146,1,0
15954.4026155515,40,2594.4,2892.8,2329.6,0.463991214758112,0,738684.498592623,1146,1,0
15954.4426146179,40,2697,2743.2,2237.8,0.581917536525862,0,738684.498593086,1146,1,0
15954.4826136843,40,2746.2,2544.2,2163.4,0.674497686432619,0,738684.498593549,1146,1,0
15954.5226127507,40,2699.8,2375.2,2113.2,0.758704666363614,0,738684.498594012,1146,1,0
15954.5626118171,40,2590.4,2260.2,2080.8,0.837305347240683,0,738684.498594475,1146,1,0
15954.6026108835,40,2479.6,2188.8,2060.2,0.91140871723736,0,738684.498594938,1146,1,0
15954.6426099499,40,2390.2,2150.6,2047.4,0.963334962218702,0,738684.498595401,1146,1,0
15954.6826090163,40,2337.4,2127.8,2043.4,1,0,738684.498595864,1146,1,0
15954.7226080827,40,2304,2112.6,2039.8,1,0,738684.498596327,1146,1,0
15954.7626071491,40,2306,2110.2,2037,1,0,738684.49859679,1146,1,0
15954.8026062155,40,2337.8,2120.6,2041.2,1,0,738684.498597253,1146,1,0
15954.8426052819,40,2384.8,2139.2,2047.6,0.969330739042227,0,738684.498597716,1146,1,0
15954.8826043483,40,2463.8,2174.8,2057.8,0.922681122048444,0,738684.498598178,1146,1,0
15954.9226034147,40,2568.4,2239.2,2073.8,0.855154006574624,0,738684.498598641,1146,1,0
15954.9626024811,40,2673.2,2341.8,2102.2,0.77915429777298,0,738684.498599104,1146,1,0
15955.0026015475,40,2706.4,2505.6,2156,0.69067652983471,0,738684.498599567,1146,1,0
15955.0426006139,40,2648,2688.8,2233,0.586834992766542,0,738684.49860003,1146,1,0
15955.0825996803,40,2541.4,2851.2,2336.6,0.463991214758112,0,738684.498600493,1146,1,0
15955.1225987467,40,2438.2,2899.8,2437.4,0.396076922961512,0,738684.498600956,1146,1,0
15955.1625978131,40,2424.8,2925.6,2464.4,0.38135234540336,0,738684.498601419,1146,1,0
15955.2025968795,40,2494.4,2939.2,2410.8,0.421730440329805,0,738684.498601882,1146,1,0
15955.2425959459,40,2586.6,2892.6,2335.8,0.458824823815669,0,738684.498602345,1146,1,0
15955.2825950123,40,2689.2,2748.4,2246.6,0.576956288034028,0,738684.498602808,1146,1,0
15955.3225940787,40,2741.4,2548.2,2166.6,0.671241250044602,0,738684.498603271,1146,1,0
15955.3625931451,40,2706,2386.4,2116,0.752016725630693,0,738684.498603734,1146,1,0
15955.4025922115,40,2604.6,2265.2,2083.4,0.828749855133686,0,738684.498604197,1146,1,0
15955.4425912779,40,2482.6,2192.6,2063,0.90588324353745,0,738684.49860466,1146,1,0
15955.4825903443,40,2393.8,2152.4,2052,0.963334962218702,0,738684.498605123,1146,1,0
15955.5225894107,40,2333.2,2126.8,2041.4,1,0,738684.498605586,1146,1,0
15955.5625884771,40,2304.8,2111,2040.6,1,0,738684.498606049,1146,1,0
15955.6025875435,40,2299.8,2109.8,2040,1,0,738684.498606512,1146,1,0
15955.6425866099,40,2328.6,2117.6,2041.4,1,0,738684.498606975,1146,1,0
15955.6825856763,40,2380,2136.8,2044,0.975376895053477,0,738684.498607438,1146,1,0
15955.7225847427,40,2447.6,2167.8,2053.4,0.934145162156038,0,738684.498607901,1146,1,0
15955.7625838091,40,2552,2226.2,2066.8,0.864724653185449,0,738684.498608363,1146,1,0
15955.8025828755,40,2666.8,2324,2101.4,0.786278650390616,0,738684.498608826,1146,1,0
15955.8425819419,40,2731.8,2482.6,2149.2,0.703551912933977,0,738684.498609289,1146,1,0
15955.8825810083,40,2689.6,2683,2221.8,0.600935927986466,0,738684.498609752,1146,1,0
15955.9225800747,40,2584.4,2868.2,2322.6,0.473941473653243,0,738684.498610215,1146,1,0
15955.9625791411,40,2469.8,2941.4,2430.6,0.409582826119754,0,738684.498610678,1146,1,0
15956.0025782075,40,2448.4,2948.2,2451.4,0.396076922961512,0,738684.498611141,1146,1,0
15956.0425772739,40,2524.4,2928.4,2386.2,0.432498570591717,0,738684.498611604,1146,1,0
15956.0825763403,40,2626.8,2845.6,2302.8,0.495740077303994,0,738684.498612067,1146,1,0
15956.1225754067,40,2711.8,2683.6,2217,0.605299016202904,0,738684.49861253,1146,1,0
15956.1625744731,40,2740,2491.6,2149.2,0.700339035669991,0,738684.498612993,1146,1,0
15956.2025735395,40,2673.2,2336,2098.8,0.77915429777298,0,738684.498613456,1146,1,0
15956.2425726059,40,2556.6,2235.6,2077,0.859889483197649,0,738684.498613919,1146,1,0
15956.2825716723,40,2449.8,2177.4,2054.6,0.928397096983629,0,738684.498614382,1146,1,0
15956.3225707387,40,2371.8,2139,2047.6,0.975376895053477,0,738684.498614845,1146,1,0
15956.3625698051,40,2321.2,2121,2042,1,0,738684.498615308,1146,1,0
15956.4025688715,40,2294.8,2111.4,2038,1,0,738684.498615771,1146,1,0
15956.4425679379,40,2300.2,2108.8,2037.4,1,0,738684.498616234,1146,1,0
15956.4825670043,40,2335.2,2116.8,2040.4,1,0,738684.498616697,1146,1,0
15956.5225660707,40,2390,2143.2,2045.8,0.969330739042227,0,738684.49861716,1146,1,0
15956.5625651371,40,2472.8,2177.2,2060.6,0.917013117136947,0,738684.498617623,1146,1,0
15956.6025642035,40,2587.4,2251.6,2077,0.841648031306038,0,738684.498618086,1146,1,0
15956.6425632699,40,2696.4,2366.2,2113,0.762074286926242,0,738684.498618548,1146,1,0
15956.6825623363,40,2724.8,2541.4,2169.2,0.674497686432619,0,738684.498619011,1146,1,0
15956.7225614027,40,2652.6,2742.2,2248.2,0.56694533960948,0,738684.498619474,1146,1,0
15956.7625604691,40,2532.8,2882.8,2358,0.44830310725817,0,738684.498619937,1146,1,0
15956.8025595355,40,2432,2926.6,2458.8,0.38886050242203,0,738684.4986204,1146,1,0
15956.8425586019,40,2439.2,2953.6,2465,0.38886050242203,0,738684.498620863,1146,1,0
15956.8825576683,40,2509.4,2945.4,2399.4,0.427256089976996,0,738684.498621326,1146,1,0
15956.9225567347,40,2606.6,2871.6,2317,0.478648808335904,0,738684.498621789,1146,1,0
15956.9625558011,40,2697.6,2718.8,2230.4,0.591669078597459,0,738684.498622252,1146,1,0
15957.0025548675,40,2738.8,2520,2157.4,0.684216142532836,0,738684.498622715,1146,1,0
15957.0425539339,40,2693.8,2363.6,2113.4,0.762074286926242,0,738684.498623178,1146,1,0
15957.0825530003,40,2581.8,2254,2083.4,0.841648031306038,0,738684.498623641,1146,1,0
15957.1225520667,40,2471.6,2189.4,2056.6,0.917013117136947,0,738684.498624104,1146,1,0
15957.1625511331,40,2385.8,2146.4,2048,0.969330739042227,0,738684.498624567,1146,1,0
15957.2025501995,40,2336,2126.2,2044.6,1,0,738684.49862503,1146,1,0
15957.2425492659,40,2308,2115.6,2040.6,1,0,738684.498625493,1146,1,0
15957.2825483323,40,2312.4,2115.6,2035,1,0,738684.498625956,1146,1,0
15957.3225473987,40,2341.6,2124.6,2039.6,1,0,738684.498626419,1146,1,0
15957.3625464651,40,2413.4,2147.4,2046.2,0.957392764220256,0,738684.498626882,1146,1,0
15957.4025455315,40,2495.6,2190.6,2060.6,0.900451621459986,0,738684.498627344,1146,1,0
15957.4425445979,40,2601.8,2269,2083.4,0.828749855133686,0,738684.498627807,1146,1,0
15957.4825436643,40,2686.8,2397.8,2124.2,0.748705579178257,0,738684.49862827,1146,1,0
15957.5225427307,40,2686.6,2579.6,2185.2,0.648129975506603,0,738684.498628733,1146,1,0
15957.5625417971,40,2608.4,2771,2279.6,0.538592179709432,0,738684.498629196,1146,1,0
15957.6025408635,40,2486.8,2889.8,2388,0.427256089976996,0,738684.498629659,1146,1,0
15957.6425399299,40,2407.8,2894.6,2470.8,0.38135234540336,0,738684.498630122,1146,1,0
15957.6825389963,40,2440.2,2949.4,2466.2,0.38886050242203,0,738684.498630585,1146,1,0
15957.7225380627,40,2520.6,2948,2398,0.427256089976996,0,738684.498631048,1146,1,0
15957.7625371291,40,2615.4,2882.6,2317,0.478648808335904,0,738684.498631511,1146,1,0
15957.8025361955,40,2710.4,2716,2231.4,0.591669078597459,0,738684.498631974,1146,1,0
15957.8425352619,40,2746.2,2519,2156.4,0.684216142532836,0,738684.498632437,1146,1,0
15957.8825343283,40,2697.2,2360.8,2106.2,0.76545499769829,0,738684.4986329,1146,1,0
15957.9225333947,40,2594.4,2250.6,2076,0.841648031306038,0,738684.498633363,1146,1,0
15957.9625324611,40,2484.4,2183,2057.4,0.91140871723736,0,738684.498633826,1146,1,0
15958.0025315275,40,2400.8,2147.6,2046.6,0.963334962218702,0,738684.498634289,1146,1,0
15958.0425305939,40,2356.4,2127.4,2042.8,0.98760735140419,0,738684.498634752,1146,1,0
15958.0825296603,40,2325.8,2117.2,2039.6,1,0,738684.498635215,1146,1,0
15958.1225287267,40,2331.8,2118.8,2040.2,1,0,738684.498635678,1146,1,0
15958.1625277931,40,2366.8,2128.6,2044,0.981470191009929,0,738684.498636141,1146,1,0
15958.2025268595,40,2430.6,2159,2051,0.945681682617138,0,738684.498636604,1146,1,0
15958.2425259259,40,2529,2212.8,2068,0.879696155832112,0,738684.498637067,1146,1,0
15958.2825249923,40,2652,2299.2,2090,0.800998633917584,0,738684.498637529,1146,1,0
15958.3225240587,40,2737.4,2448,2134,0.719586640122297,0,738684.498637992,1146,1,0
15958.3625231251,40,2729.4,2642.2,2202.4,0.624241290397594,0,738684.498638455,1146,1,0
15958.4025221915,40,2627.2,2834,2296.6,0.499855013752571,0,738684.498638918,1146,1,0
15958.4425212579,40,2502.6,2951.2,2412,0.421730440329805,0,738684.498639381,1146,1,0
15958.4825203243,40,2407,2936.4,2485.4,0.373555726838669,0,738684.498639844,1146,1,0
15958.5225193907,40,2432.8,2943.4,2463.6,0.38886050242203,0,738684.498640307,1146,1,0
15958.5625184571,40,2507.8,2927.6,2395,0.427256089976996,0,738684.49864077,1146,1,0
15958.6025175235,40,2600,2862.4,2316,0.483127937558863,0,738684.498641233,1146,1,0
15958.6425165899,40,2695.8,2703.4,2226.4,0.596381495302282,0,738684.498641696,1146,1,0
15958.6825156563,40,2732.2,2511,2156.6,0.687448072586759,0,738684.498642159,1146,1,0
15958.7225147227,40,2689.4,2357.6,2104,0.768841674721193,0,738684.498642622,1146,1,0
15958.7625137891,40,2581.6,2250,2078.2,0.846031337148546,0,738684.498643085,1146,1,0
15958.8025128555,40,2468.4,2180.6,2056,0.917013117136947,0,738684.498643548,1146,1,0
15958.8425119219,40,2397,2148.8,2049.2,0.963334962218702,0,738684.498644011,1146,1,0
15958.8825109883,40,2344.4,2126,2042.4,0.993785067485734,0,738684.498644474,1146,1,0
15958.9225100547,40,2324.8,2118.4,2036.2,1,0,738684.498644937,1146,1,0
15958.9625091211,40,2342.8,2120.4,2039.2,1,0,738684.4986454,1146,1,0
15959.0025081875,40,2381,2135.8,2044.2,0.975376895053477,0,738684.498645863,1146,1,0
15959.0425072539,40,2440.8,2165.2,2051,0.934145162156038,0,738684.498646326,1146,1,0
15959.0825063203,40,2540,2218.8,2070,0.874641614251024,0,738684.498646789,1146,1,0
15959.1225053867,40,2665,2313.2,2092,0.793575316906683,0,738684.498647252,1146,1,0
15959.1625044531,40,2735.4,2460.6,2137.6,0.713170366876487,0,738684.498647714,1146,1,0
15959.2025035195,40,2725.8,2665,2207.4,0.61334157805252,0,738684.498648177,1146,1,0
15959.2425025859,40,2621.8,2850,2304.8,0.491613825047665,0,738684.49864864,1146,1,0
15959.2825016523,40,2484.4,2944.8,2419,0.415835616278058,0,738684.498649103,1146,1,0
15959.3225007187,40,2392.8,2908.4,2486.8,0.36546342842044,0,738684.498649566,1146,1,0
15959.3624997851,40,2425.6,2915.6,2455.6,0.38886050242203,0,738684.498650029,1146,1,0
15959.4024988515,40,2494,2883.2,2381.2,0.432498570591717,0,738684.498650492,1146,1,0
15959.4424979179,40,2579,2807,2299.6,0.495740077303994,0,738684.498650955,1146,1,0
15959.4824969843,40,2664,2668,2219.6,0.600935927986466,0,738684.498651418,1146,1,0
15959.5224960507,40,2686.8,2486,2153.4,0.700339035669991,0,738684.498651881,1146,1,0
15959.5624951171,40,2642.4,2343.6,2105.2,0.782692588654786,0,738684.498652344,1146,1,0
15959.6024941835,40,2544.6,2244.2,2076.4,0.859889483197649,0,738684.498652807,1146,1,0
15959.6424932499,40,2454.6,2183.4,2062.2,0.922681122048444,0,738684.49865327,1146,1,0
15959.6824923163,40,2384.4,2149,2049.2,0.969330739042227,0,738684.498653733,1146,1,0
15959.7224913827,40,2341.8,2126.4,2043.2,1,0,738684.498654196,1146,1,0
15959.7624904491,40,2322.6,2117.2,2041.2,1,0,738684.498654659,1146,1,0
15959.8024895155,40,2341.6,2123,2041,1,0,738684.498655122,1146,1,0
15959.8424885819,40,2385.4,2136.2,2047.4,0.969330739042227,0,738684.498655585,1146,1,0
15959.8824876483,40,2446.8,2168,2051.4,0.934145162156038,0,738684.498656048,1146,1,0
15959.9224867147,40,2542,2218.4,2068.8,0.874641614251024,0,738684.49865651,1146,1,0
15959.9624857811,40,2644.8,2305.8,2095.4,0.800998633917584,0,738684.498656973,1146,1,0
15960.0024848475,40,2709.4,2450.4,2142,0.719586640122297,0,738684.498657436,1146,1,0
15960.0424839139,40,2701.2,2641.6,2206.2,0.620670210669844,0,738684.498657899,1146,1,0
15960.0824829803,40,2598.2,2818.2,2296.8,0.499855013752571,0,738684.498658362,1146,1,0
15960.1224820467,40,2483.8,2906.6,2404.6,0.421730440329805,0,738684.498658825,1146,1,0
15960.1624811131,40,2421.2,2913.2,2463.6,0.38135234540336,0,738684.498659288,1146,1,0
15960.2054801095,43,2455.4,2905.2,2424.2,0.409582826119754,0,738684.498659786,1146,1,0
15960.2454791759,40,2538.6,2899.4,2359.8,0.443015536937748,0,738684.498660249,1146,1,0
15960.2854782423,40,2621.6,2792.8,2279.4,0.538592179709432,0,738684.498660712,1146,1,0
15960.3254773087,40,2692.4,2617.2,2199.4,0.631236010455004,0,738684.498661175,1146,1,0
15960.3654763751,40,2687.8,2435.8,2132.2,0.729242281466222,0,738684.498661638,1146,1,0
15960.4054754415,40,2618.6,2302.8,2095.2,0.808529044605241,0,738684.498662101,1146,1,0
15960.4454745079,40,2513,2217,2071.4,0.884796034058834,0,738684.498662564,1146,1,0
15960.4854735743,40,2420.6,2173,2056.2,0.945681682617138,0,738684.498663027,1146,1,0
15960.5254726407,40,2364.2,2143.2,2046.4,0.981470191009929,0,738684.498663489,1146,1,0
15960.5654717071,40,2324.8,2123,2040,1,0,738684.498663952,1146,1,0
15960.6054707735,40,2310.4,2112.4,2038.4,1,0,738684.498664415,1146,1,0
15960.6454698399,40,2328.6,2115.6,2040.8,1,0,738684.498664878,1146,1,0
15960.6854689063,40,2375.6,2132.8,2043.6,0.975376895053477,0,738684.498665341,1146,1,0
15960.7254679727,40,2436,2162,2048.6,0.939909252434471,0,738684.498665804,1146,1,0
15960.7654670391,40,2527.4,2213.8,2064.8,0.879696155832112,0,738684.498666267,1146,1,0
15960.8054661055,40,2635.8,2306,2092.4,0.804740833678851,0,738684.49866673,1146,1,0
15960.8454651719,40,2704,2443.8,2140.8,0.722800925966807,0,738684.498667193,1146,1,0
15960.8854642383,40,2678.4,2624.2,2202.6,0.624241290397594,0,738684.498667656,1146,1,0
15960.9254633047,40,2585.6,2792.6,2301.2,0.504005523414082,0,738684.498668119,1146,1,0
15960.9654623711,40,2473.4,2878.8,2397,0.427256089976996,0,738684.498668582,1146,1,0
15961.0054614375,40,2423,2896.4,2452,0.38886050242203,0,738684.498669045,1146,1,0
15961.0454605039,40,2464.6,2940.2,2435.8,0.402990075718856,0,738684.498669508,1146,1,0
15961.0854595703,40,2558.8,2934,2369.2,0.437743532746865,0,738684.498669971,1146,1,0
15961.1254586367,40,2645.2,2835.4,2285.2,0.527369038802404,0,738684.498670434,1146,1,0
15961.1654577031,40,2730.8,2642.2,2202.2,0.624241290397594,0,738684.498670897,1146,1,0
15961.2054567695,40,2734,2443,2133.4,0.722800925966807,0,738684.49867136,1146,1,0
15961.2454558359,40,2640.6,2298.6,2089.2,0.804740833678851,0,738684.498671823,1146,1,0
15961.2854549023,40,2502.2,2210.4,2066.6,0.895128281408961,0,738684.498672286,1146,1,0
15961.3254539687,40,2405.6,2166.4,2059.8,0.951507301379275,0,738684.498672749,1146,1,0
15961.3654530351,40,2341.6,2135.4,2046.8,0.993785067485734,0,738684.498673212,1146,1,0
15961.4054521015,40,2310.6,2121,2043.6,1,0,738684.498673674,1146,1,0
15961.4454511679,40,2301.8,2115.4,2040.6,1,0,738684.498674137,1146,1,0
15961.4854502343,40,2315.8,2119.8,2039,1,0,738684.4986746,1146,1,0
15961.5254493007,40,2355.2,2130.4,2043.6,0.98760735140419,0,738684.498675063,1146,1,0
15961.5654483671,40,2437.6,2156.6,2051.2,0.939909252434471,0,738684.498675526,1146,1,0
15961.6054474335,40,2515.2,2198.2,2063.4,0.889926901112563,0,738684.498675989,1146,1,0
15961.6454464999,40,2614.2,2277.6,2084.2,0.820429400219418,0,738684.498676452,1146,1,0
15961.6854455663,40,2664.6,2394.2,2123.2,0.752016725630693,0,738684.498676915,1146,1,0
15961.7254446327,40,2660.8,2545,2182.4,0.664691440014781,0,738684.498677378,1146,1,0
15961.7654436991,40,2594.2,2704.6,2260,0.561591735227539,0,738684.498677841,1146,1,0
15961.8054427655,40,2500.6,2814.4,2349.6,0.458824823815669,0,738684.498678304,1146,1,0
15961.8454418319,40,2435.6,2867.4,2422.4,0.402990075718856,0,738684.498678767,1146,1,0
15961.8854408983,40,2468.8,2884.8,2405.8,0.421730440329805,0,738684.49867923,1146,1,0
15961.9254399647,40,2546,2850,2336.6,0.463991214758112,0,738684.498679693,1146,1,0
15961.9654390311,40,2644.8,2750.6,2257.6,0.561591735227539,0,738684.498680156,1146,1,0
15962.0054380975,40,2727.2,2588.4,2180.2,0.65145812481641,0,738684.498680619,1146,1,0
15962.0454371639,40,2723.4,2420,2127.6,0.735695387533812,0,738684.498681082,1146,1,0
15962.0854362303,40,2636.4,2295.8,2088.2,0.808529044605241,0,738684.498681545,1146,1,0
15962.1254352967,40,2522.4,2210.8,2065.2,0.884796034058834,0,738684.498682008,1146,1,0
15962.1654343631,40,2417.4,2164.2,2050.6,0.945681682617138,0,738684.498682471,1146,1,0
15962.2054334295,40,2359.8,2132.4,2047,0.98760735140419,0,738684.498682934,1146,1,0
15962.2454324959,40,2314,2115,2039.2,1,0,738684.498683396,1146,1,0
15962.2854315623,40,2297.8,2109.8,2037.8,1,0,738684.498683859,1146,1,0
15962.3254306287,40,2313.2,2110.2,2035.2,1,0,738684.498684322,1146,1,0
15962.3654296951,40,2353.2,2119.6,2039.8,0.993785067485734,0,738684.498684785,1146,1,0
15962.4054287615,40,2397.8,2143.8,2045.2,0.963334962218702,0,738684.498685248,1146,1,0
15962.4454278279,40,2475.4,2184.2,2058.4,0.91140871723736,0,738684.498685711,1146,1,0
15962.4854268943,40,2582.4,2247,2077.8,0.846031337148546,0,738684.498686174,1146,1,0
15962.5254259607,40,2691.4,2354.6,2106.6,0.768841674721193,0,738684.498686637,1146,1,0
15962.5654250271,40,2711.6,2506.6,2156.4,0.69067652983471,0,738684.4986871,1146,1,0
15962.6054240935,40,2670.8,2689.8,2228,0.596381495302282,0,738684.498687563,1146,1,0
15962.6454231599,40,2574.4,2855.6,2323.6,0.473941473653243,0,738684.498688026,1146,1,0
15962.6854222263,40,2468.8,2931.8,2424,0.409582826119754,0,738684.498688489,1146,1,0
15962.7254212927,40,2439.2,2925.8,2451.8,0.396076922961512,0,738684.498688952,1146,1,0
15962.7654203591,40,2490.2,2896,2388,0.427256089976996,0,738684.498689415,1146,1,0
15962.8054194255,40,2567.4,2827.2,2312.8,0.483127937558863,0,738684.498689878,1146,1,0
15962.8454184919,40,2638.4,2696.4,2240.2,0.581917536525862,0,738684.498690341,1146,1,0
15962.8854175583,40,2683,2535,2169.6,0.674497686432619,0,738684.498690804,1146,1,0
15962.9254166247,40,2663.6,2384.2,2121.4,0.758704666363614,0,738684.498691267,1146,1,0
15962.9654156911,40,2581.6,2277.6,2085,0.833002741240853,0,738684.49869173,1146,1,0
15963.0054147575,40,2492.2,2205,2064.4,0.900451621459986,0,738684.498692193,1146,1,0
15963.0454138239,40,2409.8,2157.2,2052.8,0.951507301379275,0,738684.498692655,1146,1,0
15963.0854128903,40,2356,2132.8,2040.4,0.98760735140419,0,738684.498693118,1146,1,0
15963.1254119567,40,2318.6,2118.4,2040.4,1,0,738684.498693581,1146,1,0
15963.1654110231,40,2305,2112.2,2037,1,0,738684.498694044,1146,1,0
15963.2054100895,40,2329.2,2116.2,2039.8,1,0,738684.498694507,1146,1,0
15963.2454091559,40,2366.6,2134.4,2043.2,0.981470191009929,0,738684.49869497,1146,1,0
15963.2854082223,40,2428.2,2157.8,2050.4,0.945681682617138,0,738684.498695433,1146,1,0
15963.3254072887,40,2516.6,2207.2,2064.4,0.889926901112563,0,738684.498695896,1146,1,0
15963.3654063551,40,2629.4,2290.8,2088.4,0.812409570046606,0,738684.498696359,1146,1,0
15963.4054054215,40,2692,2421.2,2131.8,0.735695387533812,0,738684.498696822,1146,1,0
15963.4454044879,40,2683.2,2597.4,2190.6,0.638072468361496,0,738684.498697285,1146,1,0
15963.4854035543,40,2607.2,2788.4,2287.8,0.532884543384682,0,738684.498697748,1146,1,0
15963.5254026207,40,2488,2900.2,2395.6,0.427256089976996,0,738684.498698211,1146,1,0
15963.5654016871,40,2404,2945.6,2494.2,0.36546342842044,0,738684.498698674,1146,1,0
15963.6054007535,40,2427,2955.8,2479.8,0.38135234540336,0,738684.498699137,1146,1,0
15963.6453998199,40,2498.8,2946.6,2407.6,0.421730440329805,0,738684.4986996,1146,1,0
15963.6853988863,40,2591,2882,2322.4,0.469043195516147,0,738684.498700063,1146,1,0
15963.7253979527,40,2692.4,2734.6,2236,0.581917536525862,0,738684.498700526,1146,1,0
15963.7653970191,40,2731.6,2539.4,2167,0.674497686432619,0,738684.498700989,1146,1,0
15963.8053960855,40,2699.2,2382,2113.6,0.755350806424959,0,738684.498701452,1146,1,0
15963.8453951519,40,2608.8,2276,2082,0.824555873811782,0,738684.498701915,1146,1,0
15963.8853942183,40,2497.8,2203.6,2063.8,0.895128281408961,0,738684.498702378,1146,1,0
15963.9253932847,40,2423.4,2162,2053.6,0.945681682617138,0,738684.49870284,1146,1,0
15963.9653923511,40,2372.8,2141,2045.4,0.975376895053477,0,738684.498703303,1146,1,0
15964.0053914175,40,2342,2127,2044.2,0.993785067485734,0,738684.498703766,1146,1,0
15964.0453904839,40,2328.4,2122,2038.8,1,0,738684.498704229,1146,1,0
15964.0853895503,40,2323.2,2114.2,2039.4,1,0,738684.498704692,1146,1,0
15964.1253886167,40,2319.8,2114.2,2036.2,1,0,738684.498705155,1146,1,0
15964.1653876831,40,2326,2114.4,2037.4,1,0,738684.498705618,1146,1,0
15964.2053867495,40,2332.8,2122.2,2041.2,1,0,738684.498706081,1146,1,0
15964.2453858159,40,2335.8,2123.4,2042.6,1,0,738684.498706544,1146,1,0
15964.2853848823,40,2335.2,2125.4,2045.6,1,0,738684.498707007,1146,1,0
15964.3253839487,40,2340.2,2132.8,2045.4,0.993785067485734,0,738684.49870747,1146,1,0
15964.3653830151,40,2342,2133,2043.4,0.993785067485734,0,738684.498707933,1146,1,0
15964.4053820815,40,2341.8,2133.8,2047,0.993785067485734,0,738684.498708396,1146,1,0
15964.4453811479,40,2345,2138.8,2049.6,0.993785067485734,0,738684.498708859,1146,1,0
15964.4853802143,40,2350.6,2142,2049.2,0.98760735140419,0,738684.498709322,1146,1,0
15964.5253792807,40,2354,2145,2049.4,0.98760735140419,0,738684.498709785,1146,1,0
15964.5653783471,40,2360.2,2145.4,2050.4,0.981470191009929,0,738684.498710248,1146,1,0
15964.6053774135,40,2368.4,2152.8,2049.6,0.975376895053477,0,738684.498710711,1146,1,0
15964.6453764799,40,2381,2152.6,2050.6,0.969330739042227,0,738684.498711174,1146,1,0
15964.6853755463,40,2397.8,2157,2052.4,0.957392764220256,0,738684.498711637,1146,1,0
15964.7253746127,40,2401.8,2156,2051,0.957392764220256,0,738684.4987121,1146,1,0
15964.7653736791,40,2420.2,2159.8,2052,0.945681682617138,0,738684.498712562,1146,1,0
15964.8053727455,40,2428.6,2166.2,2054.4,0.939909252434471,0,738684.498713025,1146,1,0
15964.8453718119,40,2443.8,2166.4,2054.4,0.934145162156038,0,738684.498713488,1146,1,0
15964.8853708783,40,2451.4,2170,2055.6,0.928397096983629,0,738684.498713951,1146,1,0
15964.9253699447,40,2453,2173,2054.6,0.928397096983629,0,738684.498714414,1146,1,0
15964.9653690111,40,2454.6,2178.4,2056.8,0.928397096983629,0,738684.498714877,1146,1,0
15965.0053680775,40,2455.4,2183,2060.4,0.922681122048444,0,738684.49871534,1146,1,0
15965.0453671439,40,2458.2,2185.8,2057,0.922681122048444,0,738684.498715803,1146,1,0
15965.0853662103,40,2464.8,2190.2,2062.6,0.917013117136947,0,738684.498716266,1146,1,0
15965.1253652767,40,2468,2191,2064,0.917013117136947,0,738684.498716729,1146,1,0
15965.1653643431,40,2469.6,2197,2058,0.91140871723736,0,738684.498717192,1146,1,0
15965.2053634095,40,2463.2,2191.2,2059.4,0.917013117136947,0,738684.498717655,1146,1,0
15965.2453624759,40,2451.8,2186,2058,0.922681122048444,0,738684.498718118,1146,1,0
15965.2853615423,40,2426.6,2174.6,2054.6,0.939909252434471,0,738684.498718581,1146,1,0
15965.3253606087,40,2397.8,2155.4,2051.2,0.963334962218702,0,738684.498719044,1146,1,0
15965.3653596751,40,2364.8,2140.4,2049.2,0.981470191009929,0,738684.498719507,1146,1,0
15965.4053587415,40,2338.6,2131.4,2044.2,1,0,738684.49871997,1146,1,0
15965.4453578079,40,2312.2,2121.6,2040.4,1,0,738684.498720433,1146,1,0
15965.4853568743,40,2297.6,2114.4,2041.6,1,0,738684.498720896,1146,1,0
15965.5253559407,40,2292.2,2113.2,2043.6,1,0,738684.498721358,1146,1,0
15965.5653550071,40,2291.4,2115.8,2042.8,1,0,738684.498721821,1146,1,0
15965.6053540735,40,2295.4,2117.2,2043.2,1,0,738684.498722284,1146,1,0
15965.6453531399,40,2300.6,2125.6,2045.4,1,0,738684.498722747,1146,1,0
15965.6853522063,40,2305,2127,2048.6,1,0,738684.49872321,1146,1,0
15965.7253512727,40,2312.4,2135.6,2049.2,1,0,738684.498723673,1146,1,0
15965.7653503391,40,2333.8,2138.6,2049,1,0,738684.498724136,1146,1,0
15965.8053494055,40,2355.6,2148,2052,0.981470191009929,0,738684.498724599,1146,1,0
15965.8453484719,40,2396,2167.6,2055.6,0.957392764220256,0,738684.498725062,1146,1,0
15965.8853475383,40,2452.6,2201.6,2065.4,0.917013117136947,0,738684.498725525,1146,1,0
15965.9253466047,40,2509.2,2250,2086.8,0.874641614251024,0,738684.498725988,1146,1,0
15965.9653456711,40,2563.8,2327.2,2110.4,0.816378308563394,0,738684.498726451,1146,1,0
15966.0053447375,40,2597.6,2434,2145.2,0.735695387533812,0,738684.498726914,1146,1,0
15966.0453438039,40,2588.2,2561.8,2198.2,0.641445129325003,0,738684.498727377,1146,1,0
15966.0853428703,40,2540.2,2674.8,2266,0.550236263228431,0,738684.49872784,1146,1,0
15966.1253419367,40,2487.4,2763.6,2335.2,0.478648808335904,0,738684.498728303,1146,1,0
15966.1653410031,40,2447.8,2785.4,2368.2,0.44830310725817,0,738684.498728766,1146,1,0
15966.2053400695,40,2476.8,2775.8,2345.2,0.469043195516147,0,738684.498729229,1146,1,0
15966.2453391359,40,2530.2,2723.6,2291.2,0.522126052443221,0,738684.498729692,1146,1,0
15966.2853382023,40,2582.8,2619,2227.4,0.600935927986466,0,738684.498730155,1146,1,0
15966.3253372687,40,2612.8,2492.8,2173.2,0.69067652983471,0,738684.498730618,1146,1,0
15966.3653363351,40,2596,2373.4,2124.6,0.77915429777298,0,738684.498731081,1146,1,0
15966.4053354015,40,2544,2279.2,2093.4,0.846031337148546,0,738684.498731543,1146,1,0
15966.4453344679,40,2484.4,2220.6,2070,0.895128281408961,0,738684.498732006,1146,1,0
15966.4853335343,40,2426.8,2179,2062.4,0.939909252434471,0,738684.498732469,1146,1,0
15966.5253326007,40,2380,2156.4,2053.8,0.969330739042227,0,738684.498732932,1146,1,0
15966.5653316671,40,2345.8,2142.6,2050.2,0.98760735140419,0,738684.498733395,1146,1,0
15966.6053307335,40,2327.4,2130.8,2047,1,0,738684.498733858,1146,1,0
15966.6453297999,40,2318,2129.4,2046.2,1,0,738684.498734321,1146,1,0
15966.6853288663,40,2320,2134.4,2050.2,1,0,738684.498734784,1146,1,0
15966.7253279327,40,2329,2139,2050,1,0,738684.498735247,1146,1,0
15966.7653269991,40,2342.4,2143.8,2054.6,0.993785067485734,0,738684.49873571,1146,1,0
15966.8053260655,40,2361.6,2150.6,2057,0.981470191009929,0,738684.498736173,1146,1,0
15966.8453251319,40,2396.8,2169.6,2058.4,0.957392764220256,0,738684.498736636,1146,1,0
15966.8853241983,40,2447,2203,2068.2,0.922681122048444,0,738684.498737099,1146,1,0
15966.9253232647,40,2512.4,2254.2,2088,0.869646511663396,0,738684.498737562,1146,1,0
15966.9653223311,40,2567.4,2346,2117.2,0.804740833678851,0,738684.498738025,1146,1,0
15967.0053213975,40,2593.6,2472,2166.8,0.706760832147339,0,738684.498738488,1146,1,0
15967.0453204639,40,2563,2621.6,2238.2,0.586834992766542,0,738684.498738951,1146,1,0
15967.0853195303,40,2489.2,2757,2332.8,0.483127937558863,0,738684.498739414,1146,1,0
15967.1253185967,40,2403.2,2825,2430.8,0.396076922961512,0,738684.498739877,1146,1,0
15967.1653176631,40,2381,2813.6,2452.2,0.373555726838669,0,738684.49874034,1146,1,0
15967.2053167295,40,2432.6,2804,2393,0.427256089976996,0,738684.498740803,1146,1,0
15967.2453157959,40,2511.4,2714.2,2298.4,0.517222600490522,0,738684.498741266,1146,1,0
15967.2853148623,40,2584.4,2568.2,2204.4,0.63467128498077,0,738684.498741728,1146,1,0
15967.3253139287,40,2603.6,2408,2138.6,0.752016725630693,0,738684.498742191,1146,1,0
15967.3653129951,40,2553.4,2286.6,2095,0.841648031306038,0,738684.498742654,1146,1,0
15967.4053120615,40,2474.8,2214,2069.4,0.90588324353745,0,738684.498743117,1146,1,0
15967.4453111279,40,2396,2162,2053.4,0.957392764220256,0,738684.49874358,1146,1,0
15967.4853101943,40,2339.2,2141.8,2048.4,0.993785067485734,0,738684.498744043,1146,1,0
15967.5253092607,40,2303.8,2123.4,2045.4,1,0,738684.498744506,1146,1,0
15967.5653083271,40,2296.6,2123.6,2046.6,1,0,738684.498744969,1146,1,0
15967.6053073935,40,2311.2,2129.2,2046.4,1,0,738684.498745432,1146,1,0
15967.6453064599,40,2336.2,2141.6,2051,0.993785067485734,0,738684.498745895,1146,1,0
15967.6853055263,40,2369.4,2161.4,2058.2,0.975376895053477,0,738684.498746358,1146,1,0
15967.7253045927,40,2435.6,2203.2,2070,0.928397096983629,0,738684.498746821,1146,1,0
15967.7653036591,40,2511.6,2268,2090.6,0.864724653185449,0,738684.498747284,1146,1,0
15967.8053027255,40,2578.2,2379.4,2131.4,0.77915429777298,0,738684.498747747,1146,1,0
15967.8453017919,40,2587.8,2526.8,2190.8,0.664691440014781,0,738684.49874821,1146,1,0
15967.8853008583,40,2523.8,2686.4,2274.8,0.538592179709432,0,738684.498748673,1146,1,0
15967.9252999247,40,2430.4,2803.6,2394.2,0.421730440329805,0,738684.498749136,1146,1,0
15967.9652989911,40,2352.4,2809.4,2481.2,0.356497976346759,0,738684.498749599,1146,1,0
15968.0052980575,40,2366,2807.4,2465.8,0.36546342842044,0,738684.498750062,1146,1,0
15968.0452971239,40,2441,2783.4,2379.8,0.443015536937748,0,738684.498750524,1146,1,0
15968.0852961903,40,2527.6,2690.2,2278,0.538592179709432,0,738684.498750987,1146,1,0
15968.1252952567,40,2596,2530.4,2187.8,0.664691440014781,0,738684.49875145,1146,1,0
15968.1652943231,40,2617.4,2374.8,2122.4,0.772233014043569,0,738684.498751913,1146,1,0
15968.2052933895,40,2524.6,2264.8,2083.4,0.864724653185449,0,738684.498752376,1146,1,0
15968.2452924559,40,2450.8,2195.6,2062.6,0.922681122048444,0,738684.498752839,1146,1,0
15968.2852915223,40,2380,2156.8,2052.8,0.969330739042227,0,738684.498753302,1146,1,0
15968.3252905887,40,2333,2132.6,2045.2,1,0,738684.498753765,1146,1,0
15968.3652896551,40,2298.4,2122.4,2045.2,1,0,738684.498754228,1146,1,0
15968.4052887215,40,2292.2,2126.8,2045.2,1,0,738684.498754691,1146,1,0
15968.4452877879,40,2314.6,2136.6,2048.6,1,0,738684.498755154,1146,1,0
15968.4852868543,40,2358.4,2153.8,2054.6,0.981470191009929,0,738684.498755617,1146,1,0
15968.5252859207,40,2418.6,2184,2062.2,0.939909252434471,0,738684.49875608,1146,1,0
15968.5652849871,40,2494.2,2239.4,2084.6,0.884796034058834,0,738684.498756543,1146,1,0
15968.6052840535,40,2548,2332.4,2114.6,0.820429400219418,0,738684.498757006,1146,1,0
15968.6452831199,40,2584.8,2466.6,2167.6,0.709966050179064,0,738684.498757469,1146,1,0
15968.6852821863,40,2552.8,2631.4,2242.4,0.581917536525862,0,738684.498757932,1146,1,0
15968.7252812527,40,2472.8,2772,2350.2,0.469043195516147,0,738684.498758395,1146,1,0
15968.7652803191,40,2378.6,2812.8,2447.6,0.38135234540336,0,738684.498758858,1146,1,0
15968.8052793855,40,2365.4,2789.6,2454.8,0.373555726838669,0,738684.498759321,1146,1,0
15968.8452784519,40,2427.8,2762.6,2378.6,0.44830310725817,0,738684.498759784,1146,1,0
15968.8852775183,40,2508.2,2696.2,2283.4,0.527369038802404,0,738684.498760247,1146,1,0
15968.9252765847,40,2587.2,2555.6,2200.6,0.644795282192648,0,738684.498760709,1146,1,0
15968.9652756511,40,2602.6,2402.4,2137,0.758704666363614,0,738684.498761172,1146,1,0
15969.0052747175,40,2549.2,2293.4,2095,0.837305347240683,0,738684.498761635,1146,1,0
15969.0452737839,40,2483.6,2220.4,2070.2,0.900451621459986,0,738684.498762098,1146,1,0
15969.0852728503,40,2420,2176,2061,0.945681682617138,0,738684.498762561,1146,1,0
15969.1252719167,40,2361.4,2149,2048.8,0.981470191009929,0,738684.498763024,1146,1,0
15969.1652709831,40,2324.8,2130,2046.8,1,0,738684.498763487,1146,1,0
15969.2052700495,40,2319,2128.8,2045,1,0,738684.49876395,1146,1,0
15969.2452691159,40,2329,2138.4,2049.4,1,0,738684.498764413,1146,1,0
15969.2852681823,40,2348.8,2154.8,2053.8,0.98760735140419,0,738684.498764876,1146,1,0
15969.3252672487,40,2387,2174,2063.4,0.957392764220256,0,738684.498765339,1146,1,0
15969.3652663151,40,2450.2,2211,2072.4,0.917013117136947,0,738684.498765802,1146,1,0
15969.4052653815,40,2518.6,2277.2,2093.2,0.859889483197649,0,738684.498766265,1146,1,0
15969.4452644479,40,2576.4,2378.8,2133.4,0.77915429777298,0,738684.498766728,1146,1,0
15969.4852635143,40,2587.8,2518.2,2185.8,0.671241250044602,0,738684.498767191,1146,1,0
15969.5252625807,40,2530.8,2658.2,2266.2,0.550236263228431,0,738684.498767654,1146,1,0
15969.5652616471,40,2448.4,2764.4,2357.8,0.463991214758112,0,738684.498768117,1146,1,0
15969.6052607135,40,2397.4,2780.8,2405.4,0.402990075718856,0,738684.49876858,1146,1,0
15969.6452597799,40,2428.2,2769,2373.8,0.44830310725817,0,738684.498769043,1146,1,0
15969.6852588463,40,2492.6,2702.6,2299,0.512624500175845,0,738684.498769506,1146,1,0
15969.7252579127,40,2551.2,2583.8,2219.2,0.617041238659818,0,738684.498769969,1146,1,0
15969.7652569791,40,2591.4,2438.8,2151.6,0.73246794223773,0,738684.498770431,1146,1,0
15969.8052560455,40,2557.8,2313.4,2106.2,0.824555873811782,0,738684.498770894,1146,1,0
15969.8452551119,40,2488.8,2234.6,2078.2,0.889926901112563,0,738684.498771357,1146,1,0
15969.8852541783,40,2426.4,2181,2058.8,0.939909252434471,0,738684.49877182,1146,1,0
15969.9252532447,40,2361.6,2147.8,2053.2,0.981470191009929,0,738684.498772283,1146,1,0
15969.9652523111,40,2319.4,2128.4,2049.4,1,0,738684.498772746,1146,1,0
15970.0052513775,40,2293,2122,2048,1,0,738684.498773209,1146,1,0
15970.0452504439,40,2294.4,2126,2048,1,0,738684.498773672,1146,1,0
15970.0852495103,40,2318.4,2136.8,2049.8,1,0,738684.498774135,1146,1,0
15970.1252485767,40,2359.8,2152.2,2057.8,0.981470191009929,0,738684.498774598,1146,1,0
15970.1652476431,40,2418.6,2187.8,2064.8,0.939909252434471,0,738684.498775061,1146,1,0
15970.2052467095,40,2485.6,2242.8,2082.2,0.889926901112563,0,738684.498775524,1146,1,0
15970.2452457759,40,2547.8,2331,2112.8,0.820429400219418,0,738684.498775987,1146,1,0
15970.2852448423,40,2587.6,2461.8,2164,0.716376706440077,0,738684.49877645,1146,1,0
15970.3252439087,40,2563.6,2626.8,2234.2,0.586834992766542,0,738684.498776913,1146,1,0
15970.3652429751,40,2475.6,2758.8,2338.6,0.478648808335904,0,738684.498777376,1146,1,0
15970.4052420415,40,2390.4,2797,2422.6,0.396076922961512,0,738684.498777839,1146,1,0
15970.4452411079,40,2388.8,2769.6,2413,0.402990075718856,0,738684.498778302,1146,1,0
15970.4852401743,40,2457.4,2746.8,2338.8,0.473941473653243,0,738684.498778765,1146,1,0
15970.5252392407,40,2540,2651.8,2250.8,0.56694533960948,0,738684.498779228,1146,1,0
15970.5652383071,40,2605.2,2506.6,2178,0.684216142532836,0,738684.49877969,1146,1,0
15970.6052373735,40,2600.2,2359.8,2118.2,0.786278650390616,0,738684.498780153,1146,1,0
15970.6452364399,40,2535.4,2264,2085.8,0.859889483197649,0,738684.498780616,1146,1,0
15970.6852355063,40,2463.4,2202.8,2067.2,0.91140871723736,0,738684.498781079,1146,1,0
15970.7252345727,40,2398.8,2164,2054,0.957392764220256,0,738684.498781542,1146,1,0
15970.7652336391,40,2349.2,2137.8,2047.4,0.98760735140419,0,738684.498782005,1146,1,0
15970.8052327055,40,2319.2,2132.2,2046.6,1,0,738684.498782468,1146,1,0
15970.8452317719,40,2314.2,2131,2046,1,0,738684.498782931,1146,1,0
15970.8852308383,40,2330.6,2141.2,2052.2,1,0,738684.498783394,1146,1,0
15970.9252299047,40,2354.8,2156,2056.8,0.981470191009929,0,738684.498783857,1146,1,0
15970.9652289711,40,2404,2185,2063.6,0.945681682617138,0,738684.49878432,1146,1,0
15971.0052280375,40,2473.6,2235,2081,0.895128281408961,0,738684.498784783,1146,1,0
15971.0452271039,40,2551,2317.8,2109.4,0.824555873811782,0,738684.498785246,1146,1,0
15971.0852261703,40,2587.2,2446.6,2160.4,0.72601963564692,0,738684.498785709,1146,1,0
15971.1252252367,40,2557.8,2603.8,2230.8,0.596381495302282,0,738684.498786172,1146,1,0
15971.1652243031,40,2476.2,2740.8,2331,0.483127937558863,0,738684.498786635,1146,1,0
15971.2052233695,40,2386.8,2804.2,2433.6,0.38886050242203,0,738684.498787098,1146,1,0
15971.2452224359,40,2366.4,2790,2447.6,0.373555726838669,0,738684.498787561,1146,1,0
15971.2852215023,40,2416,2767.6,2388.6,0.432498570591717,0,738684.498788024,1146,1,0
15971.3252205687,40,2497.6,2706.6,2297.2,0.512624500175845,0,738684.498788487,1146,1,0
15971.3652196351,40,2568.4,2581.2,2216.8,0.620670210669844,0,738684.49878895,1146,1,0
15971.4052187015,40,2594.6,2441.2,2153.8,0.729242281466222,0,738684.498789413,1146,1,0
15971.4452177679,40,2581.6,2341.4,2111,0.800998633917584,0,738684.498789875,1146,1,0
15971.4852168343,40,2529.4,2252.8,2083.8,0.864724653185449,0,738684.498790338,1146,1,0
15971.5252159007,40,2464,2200.2,2064,0.917013117136947,0,738684.498790801,1146,1,0
15971.5652149671,40,2404,2161.8,2053.6,0.957392764220256,0,738684.498791264,1146,1,0
15971.6052140335,40,2353.4,2138.8,2047.8,0.98760735140419,0,738684.498791727,1146,1,0
15971.6452130999,40,2333.4,2127.4,2047.4,1,0,738684.49879219,1146,1,0
15971.6852121663,40,2333.4,2129.2,2044,1,0,738684.498792653,1146,1,0
15971.7252112327,40,2365,2142.6,2051.6,0.981470191009929,0,738684.498793116,1146,1,0
15971.7652102991,40,2394.2,2163.2,2056,0.957392764220256,0,738684.498793579,1146,1,0
15971.8052093655,40,2451.8,2199.4,2068.4,0.922681122048444,0,738684.498794042,1146,1,0
15971.8452084319,40,2521.6,2265.4,2088.8,0.864724653185449,0,738684.498794505,1146,1,0
15971.8852074983,40,2576.8,2368.2,2128,0.786278650390616,0,738684.498794968,1146,1,0
15971.9252065647,40,2579.8,2501.4,2180.6,0.684216142532836,0,738684.498795431,1146,1,0
15971.9652056311,40,2533.4,2650,2261.8,0.55599419909927,0,738684.498795894,1146,1,0
15972.0052046975,40,2452,2768.4,2355,0.463991214758112,0,738684.498796357,1146,1,0
15972.0452037639,40,2381,2794.6,2434,0.38886050242203,0,738684.49879682,1146,1,0
15972.0852028303,40,2408.4,2796.2,2406.8,0.409582826119754,0,738684.498797283,1146,1,0
15972.1252018967,40,2466.2,2710.4,2313.6,0.495740077303994,0,738684.498797746,1146,1,0
15972.1652009631,40,2548.4,2591.2,2228.6,0.605299016202904,0,738684.498798209,1146,1,0
15972.2052000295,40,2600.6,2440.8,2152,0.729242281466222,0,738684.498798672,1146,1,0
15972.2451990959,40,2575.6,2312.4,2100.6,0.820429400219418,0,738684.498799135,1146,1,0
15972.2851981623,40,2499.8,2227.4,2073,0.889926901112563,0,738684.498799597,1146,1,0
15972.3251972287,40,2417,2174.6,2059.4,0.945681682617138,0,738684.49880006,1146,1,0
15972.3651962951,40,2371.8,2145.6,2049.4,0.975376895053477,0,738684.498800523,1146,1,0
15972.4051953615,40,2329,2127.6,2047.8,1,0,738684.498800986,1146,1,0
15972.4451944279,40,2329,2133.8,2042.4,1,0,738684.498801449,1146,1,0
15972.4851934943,40,2343,2139.4,2046.8,0.993785067485734,0,738684.498801912,1146,1,0
15972.5251925607,40,2380.6,2153.8,2054.6,0.969330739042227,0,738684.498802375,1146,1,0
15972.5651916271,40,2430,2190.8,2063.8,0.934145162156038,0,738684.498802838,1146,1,0
15972.6051906935,40,2489.4,2254.4,2090.4,0.879696155832112,0,738684.498803301,1146,1,0
15972.6451897599,40,2552.8,2357.4,2127.4,0.800998633917584,0,738684.498803764,1146,1,0
15972.6851888263,40,2589,2506.2,2185.4,0.680981033552426,0,738684.498804227,1146,1,0
15972.7251878927,40,2556,2681.8,2265.6,0.55599419909927,0,738684.49880469,1146,1,0
15972.7651869591,40,2464.6,2810,2369.8,0.443015536937748,0,738684.498805153,1146,1,0
15972.8051860255,40,2411.6,2827.6,2423.2,0.402990075718856,0,738684.498805616,1146,1,0
15972.8451850919,40,2449,2806.4,2376.4,0.437743532746865,0,738684.498806079,1146,1,0
15972.8851841583,40,2513.6,2688,2283.6,0.532884543384682,0,738684.498806542,1146,1,0
15972.9251832247,40,2556.6,2530.4,2195.2,0.658093992718842,0,738684.498807005,1146,1,0
15972.9651822911,40,2583.6,2384,2131.6,0.772233014043569,0,738684.498807468,1146,1,0
15973.0051813575,40,2521.8,2272,2092.4,0.859889483197649,0,738684.498807931,1146,1,0
15973.0451804239,40,2457.8,2210.8,2074.2,0.91140871723736,0,738684.498808393,1146,1,0
15973.0851794903,40,2392.8,2161.8,2058,0.963334962218702,0,738684.498808856,1146,1,0
15973.1251785567,40,2341.8,2139,2048.2,0.993785067485734,0,738684.498809319,1146,1,0
15973.1651776231,40,2317.8,2124,2044.2,1,0,738684.498809782,1146,1,0
15973.2481756859,83,2349.4,2143.4,2051.2,0.98760735140419,0,738684.498810743,1146,1,0
15973.2881747523,40,2389.8,2168.6,2059.6,0.963334962218702,0,738684.498811206,1146,1,0
15973.3281738187,40,2456.2,2216.4,2072.8,0.91140871723736,0,738684.498811669,1146,1,0
15973.3681728851,40,2513.8,2290,2102.8,0.855154006574624,0,738684.498812132,1146,1,0
15973.4081719515,40,2581,2413,2147,0.752016725630693,0,738684.498812595,1146,1,0
15973.4481710179,40,2577,2572.2,2205.2,0.631236010455004,0,738684.498813058,1146,1,0
15973.4881700843,40,2517.4,2730.8,2302,0.508242322241532,0,738684.498813521,1146,1,0
15973.5281691507,40,2427.4,2784.6,2383.4,0.432498570591717,0,738684.498813984,1146,1,0
15973.5681682171,40,2439.2,2786.2,2372.2,0.443015536937748,0,738684.498814447,1146,1,0
15973.6081672835,40,2496.4,2704.2,2299.6,0.512624500175845,0,738684.49881491,1146,1,0
15973.6481663499,40,2545.4,2570.2,2219.8,0.620670210669844,0,738684.498815373,1146,1,0
15973.6881654163,40,2601.4,2435.8,2153.2,0.73246794223773,0,738684.498815835,1146,1,0
15973.7281644827,40,2584,2315,2101.6,0.816378308563394,0,738684.498816298,1146,1,0
15973.7681635491,40,2503.2,2230.8,2078.8,0.884796034058834,0,738684.498816761,1146,1,0
15973.8081626155,40,2430.4,2179.8,2060.6,0.934145162156038,0,738684.498817224,1146,1,0
15973.8481616819,40,2372.4,2145.4,2049.2,0.975376895053477,0,738684.498817687,1146,1,0
15973.8881607483,40,2339,2134.2,2045.6,0.993785067485734,0,738684.49881815,1146,1,0
15973.9281598147,40,2333.4,2127.8,2046.4,1,0,738684.498818613,1146,1,0
15973.9681588811,40,2360.2,2140.2,2048.8,0.981470191009929,0,738684.498819076,1146,1,0
15974.0081579475,40,2384.6,2161.6,2051.8,0.963334962218702,0,738684.498819539,1146,1,0
15974.0481570139,40,2435.8,2201.2,2068,0.928397096983629,0,738684.498820002,1146,1,0
15974.0881560803,40,2484,2255.6,2088.2,0.884796034058834,0,738684.498820465,1146,1,0
15974.1281551467,40,2573.6,2357.8,2123.4,0.793575316906683,0,738684.498820928,1146,1,0
15974.1681542131,40,2600.2,2495,2177.4,0.69067652983471,0,738684.498821391,1146,1,0
15974.2081532795,40,2575.8,2670,2249.6,0.571991559090702,0,738684.498821854,1146,1,0
15974.2481523459,40,2508.6,2748,2310.8,0.495740077303994,0,738684.498822317,1146,1,0
15974.2881514123,40,2560.8,2759.6,2294.6,0.517222600490522,0,738684.49882278,1146,1,0
15974.3281504787,40,2619,2654.2,2230.6,0.596381495302282,0,738684.498823243,1146,1,0
15974.3681495451,40,2642.4,2522.8,2176.6,0.674497686432619,0,738684.498823706,1146,1,0
15974.4081486115,40,2644.8,2405.8,2130.8,0.748705579178257,0,738684.498824169,1146,1,0
15974.4481476779,40,2592.4,2318,2107,0.808529044605241,0,738684.498824632,1146,1,0
15974.4881467443,40,2555.4,2254.2,2084,0.855154006574624,0,738684.498825095,1146,1,0
15974.5281458107,40,2512.8,2212.6,2065,0.889926901112563,0,738684.498825558,1146,1,0
15974.5681448771,40,2455.4,2186.2,2057.8,0.922681122048444,0,738684.49882602,1146,1,0
15974.6081439435,40,2427,2162.6,2051.6,0.945681682617138,0,738684.498826483,1146,1,0
15974.6481430099,40,2398.6,2147.4,2050,0.963334962218702,0,738684.498826946,1146,1,0
15974.6881420763,40,2379.2,2142,2046.8,0.975376895053477,0,738684.498827409,1146,1,0
15974.7281411427,40,2371.6,2138,2048.4,0.981470191009929,0,738684.498827872,1146,1,0
15974.7681402091,40,2370.6,2139.2,2046.2,0.981470191009929,0,738684.498828335,1146,1,0
15974.8081392755,40,2380.6,2140.4,2051.4,0.975376895053477,0,738684.498828798,1146,1,0
15974.8481383419,40,2381,2144.4,2049,0.969330739042227,0,738684.498829261,1146,1,0
15974.8881374083,40,2382,2150.4,2052.2,0.969330739042227,0,738684.498829724,1146,1,0
15974.9281364747,40,2387,2149.4,2048.2,0.969330739042227,0,738684.498830187,1146,1,0
15974.9681355411,40,2390.4,2157.2,2052.4,0.963334962218702,0,738684.49883065,1146,1,0
15975.0081346075,40,2395.6,2156.4,2051.4,0.963334962218702,0,738684.498831113,1146,1,0
15975.0481336739,40,2398,2160.8,2051.2,0.957392764220256,0,738684.498831576,1146,1,0
15975.0881327403,40,2414.2,2160.8,2054.8,0.951507301379275,0,738684.498832039,1146,1,0
15975.1281318067,40,2414.8,2163,2053.8,0.951507301379275,0,738684.498832502,1146,1,0
15975.1681308731,40,2423,2165.2,2052.8,0.945681682617138,0,738684.498832965,1146,1,0
15975.2081299395,40,2434.4,2167,2053.8,0.939909252434471,0,738684.498833428,1146,1,0
15975.2481290059,40,2437,2168.4,2054.6,0.939909252434471,0,738684.498833891,1146,1,0
15975.2881280723,40,2445.8,2173,2055,0.934145162156038,0,738684.498834354,1146,1,0
15975.3281271387,40,2442,2175.2,2057.8,0.934145162156038,0,738684.498834817,1146,1,0
15975.3681262051,40,2448.4,2177.4,2056.8,0.928397096983629,0,738684.498835279,1146,1,0
15975.4081252715,40,2459.6,2181.8,2057.6,0.922681122048444,0,738684.498835742,1146,1,0
15975.4481243379,40,2456.6,2184.6,2058.6,0.922681122048444,0,738684.498836205,1146,1,0
15975.4881234043,40,2463,2185.2,2063.2,0.917013117136947,0,738684.498836668,1146,1,0
15975.5281224707,40,2464.6,2190.2,2063,0.917013117136947,0,738684.498837131,1146,1,0
15975.5681215371,40,2465.4,2191.6,2066.4,0.917013117136947,0,738684.498837594,1146,1,0
15975.6081206035,40,2462,2197.2,2066.8,0.917013117136947,0,738684.498838057,1146,1,0
15975.6481196699,40,2470,2202.2,2063.4,0.91140871723736,0,738684.49883852,1146,1,0
15975.6881187363,40,2471.4,2201.2,2065.4,0.91140871723736,0,738684.498838983,1146,1,0
15975.7281178027,40,2476.2,2205.4,2068.4,0.90588324353745,0,738684.498839446,1146,1,0
15975.7681168691,40,2481,2208.4,2065.4,0.90588324353745,0,738684.498839909,1146,1,0
15975.8081159355,40,2485.4,2206.2,2065.6,0.900451621459986,0,738684.498840372,1146,1,0
15975.8481150019,40,2488.6,2211.4,2068.2,0.900451621459986,0,738684.498840835,1146,1,0
15975.8881140683,40,2496.4,2214.6,2070.2,0.895128281408961,0,738684.498841298,1146,1,0
15975.9281131347,40,2502,2219.8,2069.2,0.889926901112563,0,738684.498841761,1146,1,0
15975.9681122011,40,2507.4,2224.4,2069.8,0.884796034058834,0,738684.498842224,1146,1,0
15976.0081112675,40,2513,2226,2076.2,0.879696155832112,0,738684.498842687,1146,1,0
15976.0481103339,40,2515.8,2228,2077.6,0.879696155832112,0,738684.49884315,1146,1,0
15976.0881094003,40,2520.6,2233.8,2070.6,0.874641614251024,0,738684.498843613,1146,1,0
15976.1281084667,40,2526.6,2234.4,2075.8,0.874641614251024,0,738684.498844076,1146,1,0
15976.1681075331,40,2531.6,2236.6,2076.4,0.869646511663396,0,738684.498844539,1146,1,0
15976.2081065995,40,2535.4,2242.8,2076.6,0.864724653185449,0,738684.498845001,1146,1,0
15976.2481056659,40,2539.2,2246.8,2081.6,0.864724653185449,0,738684.498845464,1146,1,0
15976.2881047323,40,2540.8,2254.2,2079.8,0.859889483197649,0,738684.498845927,1146,1,0
15976.3281037987,40,2543,2252.8,2085.4,0.859889483197649,0,738684.49884639,1146,1,0
15976.3681028651,40,2548.2,2257.4,2085.4,0.855154006574624,0,738684.498846853,1146,1,0
15976.4081019315,40,2551.6,2259.8,2086.8,0.850530689995972,0,738684.498847316,1146,1,0
15976.4481009979,40,2554.6,2263.8,2083.6,0.850530689995972,0,738684.498847779,1146,1,0
15976.4881000643,40,2556,2271.2,2083.6,0.846031337148546,0,738684.498848242,1146,1,0
15976.5280991307,40,2554.6,2277.4,2089.4,0.841648031306038,0,738684.498848705,1146,1,0
15976.5680981971,40,2557.2,2277.8,2090.6,0.841648031306038,0,738684.498849168,1146,1,0
15976.6080972635,40,2556.8,2283.4,2094.6,0.841648031306038,0,738684.498849631,1146,1,0
15976.6480963299,40,2555.2,2286.6,2094.2,0.837305347240683,0,738684.498850094,1146,1,0
15976.6880953963,40,2558.2,2285.2,2094.4,0.837305347240683,0,738684.498850557,1146,1,0
15976.7280944627,40,2561,2290.8,2094.8,0.837305347240683,0,738684.49885102,1146,1,0
15976.7680935291,40,2565.2,2299.4,2096.4,0.828749855133686,0,738684.498851483,1146,1,0
15976.8080925955,40,2568.4,2306.2,2096.8,0.824555873811782,0,738684.498851946,1146,1,0
15976.8480916619,40,2576.6,2309.4,2099.2,0.820429400219418,0,738684.498852409,1146,1,0
15976.8880907283,40,2577.6,2313.8,2100,0.816378308563394,0,738684.498852872,1146,1,0
15976.9280897947,40,2574.6,2314.2,2102.6,0.820429400219418,0,738684.498853335,1146,1,0
15976.9680888611,40,2578.4,2318.6,2100,0.816378308563394,0,738684.498853798,1146,1,0
15977.0110878574,43,2585.8,2317.8,2105.6,0.812409570046606,0,738684.498854295,1146,1,0
15977.0510869238,40,2578,2329.4,2110.6,0.808529044605241,0,738684.498854758,1146,1,0
15977.0910859902,40,2577.4,2331.6,2114.2,0.808529044605241,0,738684.498855221,1146,1,0
15977.1310850566,40,2576,2332.2,2111.8,0.808529044605241,0,738684.498855684,1146,1,0
15977.171084123,40,2572.8,2333.6,2116.4,0.808529044605241,0,738684.498856147,1146,1,0
15977.2110831894,40,2572.8,2338.4,2114,0.804740833678851,0,738684.49885661,1146,1,0
15977.2510822558,40,2569.6,2342.2,2117.2,0.804740833678851,0,738684.498857073,1146,1,0
15977.2910813222,40,2565.6,2339.6,2115,0.808529044605241,0,738684.498857536,1146,1,0
15977.3310803886,40,2568.2,2347.2,2117.8,0.800998633917584,0,738684.498857999,1146,1,0
15977.371079455,40,2564,2349.8,2118.8,0.800998633917584,0,738684.498858462,1146,1,0
15977.4110785214,40,2565.8,2349,2118.4,0.800998633917584,0,738684.498858925,1146,1,0
15977.4510775878,40,2568.8,2348.2,2119,0.800998633917584,0,738684.498859388,1146,1,0
15977.4910766542,40,2562.8,2353,2121.8,0.800998633917584,0,738684.498859851,1146,1,0
15977.5310757206,40,2569.4,2354.2,2118.8,0.797274419786194,0,738684.498860314,1146,1,0
15977.571074787,40,2566,2358,2121,0.797274419786194,0,738684.498860777,1146,1,0
15977.6110738534,40,2570.6,2356.4,2119.2,0.797274419786194,0,738684.49886124,1146,1,0
15977.6510729198,40,2572.4,2358,2125.8,0.793575316906683,0,738684.498861703,1146,1,0
15977.6910719862,40,2568.2,2362.8,2125.2,0.793575316906683,0,738684.498862165,1146,1,0
15977.7310710526,40,2571,2362.4,2125.2,0.793575316906683,0,738684.498862628,1146,1,0
15977.771070119,40,2572.6,2364.4,2125.8,0.789908020549802,0,738684.498863091,1146,1,0
15977.8110691854,40,2573.2,2367.8,2126.4,0.786278650390616,0,738684.498863554,1146,1,0
15977.8510682518,40,2572,2369.2,2126.8,0.786278650390616,0,738684.498864017,1146,1,0
15977.8910673182,40,2573.2,2369.2,2124.6,0.786278650390616,0,738684.49886448,1146,1,0
15977.9310663846,40,2572,2373.4,2132,0.782692588654786,0,738684.498864943,1146,1,0
15977.971065451,40,2574.8,2374.8,2126.8,0.782692588654786,0,738684.498865406,1146,1,0
15978.0110645174,40,2572.8,2375.4,2127.4,0.782692588654786,0,738684.498865869,1146,1,0
15978.0510635838,40,2573,2376.6,2128.6,0.782692588654786,0,738684.498866332,1146,1,0
15978.0910626502,40,2571.2,2376.2,2130.8,0.782692588654786,0,738684.498866795,1146,1,0
15978.1310617166,40,2569.2,2376.6,2133,0.782692588654786,0,738684.498867258,1146,1,0
15978.171060783,40,2571.6,2376.2,2127.4,0.782692588654786,0,738684.498867721,1146,1,0
15978.2110598494,40,2573.6,2376.8,2127.4,0.782692588654786,0,738684.498868184,1146,1,0
15978.2510589158,40,2571.4,2376.8,2130.4,0.782692588654786,0,738684.498868647,1146,1,0
15978.2910579822,40,2579,2374,2131.4,0.782692588654786,0,738684.49886911,1146,1,0
15978.3310570486,40,2575,2380.8,2127.2,0.77915429777298,0,738684.498869573,1146,1,0
15978.371056115,40,2572.4,2382.8,2130.8,0.77915429777298,0,738684.498870036,1146,1,0
15978.4110551814,40,2577.8,2378.8,2126.8,0.77915429777298,0,738684.498870499,1146,1,0
15978.4510542478,40,2575.8,2381,2128.6,0.77915429777298,0,738684.498870961,1146,1,0
15978.4910533142,40,2571.8,2376.2,2130.2,0.782692588654786,0,738684.498871424,1146,1,0
15978.5310523806,40,2580.6,2378,2129.4,0.77915429777298,0,738684.498871887,1146,1,0
15978.571051447,40,2574.8,2379,2130.8,0.77915429777298,0,738684.49887235,1146,1,0
15978.6110505134,40,2575.8,2376.8,2133.4,0.77915429777298,0,738684.498872813,1146,1,0
15978.6510495798,40,2573.2,2378.6,2133.4,0.77915429777298,0,738684.498873276,1146,1,0
15978.6910486462,40,2576,2384.6,2129.8,0.775667113969294,0,738684.498873739,1146,1,0
15978.7310477126,40,2574.4,2380,2131.8,0.77915429777298,0,738684.498874202,1146,1,0
15978.771046779,40,2575.8,2383.4,2129,0.775667113969294,0,738684.498874665,1146,1,0
15978.8110458454,40,2576,2381.2,2133,0.775667113969294,0,738684.498875128,1146,1,0
15978.8510449118,40,2577.8,2382,2132.8,0.775667113969294,0,738684.498875591,1146,1,0
15978.8910439782,40,2578.4,2382.6,2132.4,0.775667113969294,0,738684.498876054,1146,1,0
15978.9310430446,40,2579.8,2383.4,2132.6,0.775667113969294,0,738684.498876517,1146,1,0
15978.971042111,40,2577,2382.6,2131.2,0.775667113969294,0,738684.49887698,1146,1,0
15979.0110411774,40,2577.8,2383.2,2132,0.775667113969294,0,738684.498877443,1146,1,0
15979.0510402438,40,2578,2385,2133,0.772233014043569,0,738684.498877906,1146,1,0
15979.0910393102,40,2577.8,2383.8,2133.2,0.775667113969294,0,738684.498878369,1146,1,0
15979.1310383766,40,2578,2385,2133.8,0.772233014043569,0,738684.498878832,1146,1,0
15979.171037443,40,2575.8,2381.8,2136,0.775667113969294,0,738684.498879295,1146,1,0
15979.2110365094,40,2577.4,2385.4,2134,0.772233014043569,0,738684.498879758,1146,1,0
15979.2510355758,40,2578.2,2388.4,2139,0.768841674721193,0,738684.498880221,1146,1,0
15979.2910346422,40,2573.2,2388.8,2134.4,0.772233014043569,0,738684.498880684,1146,1,0
15979.3310337086,40,2576.4,2389,2134.4,0.772233014043569,0,738684.498881146,1146,1,0
15979.371032775,40,2576,2388.6,2136.4,0.772233014043569,0,738684.498881609,1146,1,0
15979.4110318414,40,2580.2,2385.2,2134.4,0.772233014043569,0,738684.498882072,1146,1,0
15979.4510309078,40,2577,2386.8,2134.4,0.772233014043569,0,738684.498882535,1146,1,0
15979.4910299742,40,2576.4,2388.8,2138.4,0.768841674721193,0,738684.498882998,1146,1,0
15979.5310290406,40,2576.8,2386.2,2136.2,0.772233014043569,0,738684.498883461,1146,1,0
15979.571028107,40,2574.6,2388.4,2133,0.772233014043569,0,738684.498883924,1146,1,0
15979.6110271734,40,2573.2,2387.6,2132.4,0.772233014043569,0,738684.498884387,1146,1,0
15979.6510262398,40,2579,2380.2,2128.6,0.77915429777298,0,738684.49888485,1146,1,0
15979.6910253062,40,2580,2379,2127.2,0.77915429777298,0,738684.498885313,1146,1,0
15979.7310243726,40,2585.2,2369.8,2130.4,0.782692588654786,0,738684.498885776,1146,1,0
15979.771023439,40,2589,2373.2,2123.2,0.77915429777298,0,738684.498886239,1146,1,0
15979.8110225054,40,2594.6,2368,2124,0.782692588654786,0,738684.498886702,1146,1,0
15979.8510215718,40,2598,2373.2,2127,0.775667113969294,0,738684.498887165,1146,1,0
15979.8910206382,40,2599.4,2376.6,2128.6,0.775667113969294,0,738684.498887628,1146,1,0
15979.9310197046,40,2600.6,2381.4,2129,0.772233014043569,0,738684.498888091,1146,1,0
15979.971018771,40,2601.4,2390.6,2129.8,0.76545499769829,0,738684.498888554,1146,1,0
15980.0110178374,40,2599,2397.2,2131.8,0.762074286926242,0,738684.498889017,1146,1,0
15980.0510169038,40,2604.4,2401.6,2136.2,0.758704666363614,0,738684.49888948,1146,1,0
15980.0910159702,40,2599.2,2405.4,2136.4,0.755350806424959,0,738684.498889943,1146,1,0
15980.1310150366,40,2601.2,2403,2137.2,0.758704666363614,0,738684.498890406,1146,1,0
15980.171014103,40,2599.8,2403.2,2137.6,0.758704666363614,0,738684.498890869,1146,1,0
15980.2110131694,40,2595.8,2400,2138.8,0.758704666363614,0,738684.498891331,1146,1,0
15980.2510122358,40,2599,2393.2,2138.6,0.762074286926242,0,738684.498891794,1146,1,0
15980.2910113022,40,2596,2383.2,2130.4,0.768841674721193,0,738684.498892257,1146,1,0
15980.3310103686,40,2588.2,2358.8,2122.2,0.789908020549802,0,738684.49889272,1146,1,0
15980.371009435,40,2573.2,2327.8,2112,0.812409570046606,0,738684.498893183,1146,1,0
15980.4110085014,40,2549.4,2288.8,2096.6,0.841648031306038,0,738684.498893646,1146,1,0
15980.4510075678,40,2514.2,2245.2,2082.2,0.874641614251024,0,738684.498894109,1146,1,0
15980.4910066342,40,2468.2,2207,2070.2,0.91140871723736,0,738684.498894572,1146,1,0
15980.5310057006,40,2416.2,2173.6,2058.4,0.945681682617138,0,738684.498895035,1146,1,0
15980.571004767,40,2367.8,2145.4,2050.6,0.981470191009929,0,738684.498895498,1146,1,0
15980.6110038334,40,2328,2128.2,2046,1,0,738684.498895961,1146,1,0
15980.6510028998,40,2299.4,2119,2043.4,1,0,738684.498896424,1146,1,0
15980.6910019662,40,2282.4,2109,2040.8,1,0,738684.498896887,1146,1,0
15980.7310010326,40,2292.6,2110.6,2043,1,0,738684.49889735,1146,1,0
15980.771000099,40,2303.4,2114,2041.6,1,0,738684.498897813,1146,1,0
15980.8109991654,40,2308,2116.8,2042,1,0,738684.498898276,1146,1,0
15980.8509982318,40,2320.4,2123.6,2042.2,1,0,738684.498898739,1146,1,0
15980.8909972982,40,2344.4,2124.8,2044.8,0.993785067485734,0,738684.498899202,1146,1,0
15980.9309963646,40,2381.4,2129.8,2045.6,0.975376895053477,0,738684.498899665,1146,1,0
15980.970995431,40,2428,2158.2,2050.4,0.945681682617138,0,738684.498900127,1146,1,0
15981.0109944974,40,2500.4,2202.4,2065.4,0.895128281408961,0,738684.49890059,1146,1,0
15981.0509935638,40,2586.4,2271.2,2085.8,0.833002741240853,0,738684.498901053,1146,1,0
15981.0909926302,40,2663.4,2378,2119.6,0.762074286926242,0,738684.498901516,1146,1,0
15981.1309916966,40,2682,2529.8,2172.4,0.674497686432619,0,738684.498901979,1146,1,0
15981.170990763,40,2622.8,2704,2248.2,0.571991559090702,0,738684.498902442,1146,1,0
15981.2109898294,40,2525.8,2832.8,2339.4,0.463991214758112,0,738684.498902905,1146,1,0
15981.2509888958,40,2443.8,2874.8,2421.2,0.409582826119754,0,738684.498903368,1146,1,0
15981.2909879622,40,2449.8,2877.2,2415.4,0.409582826119754,0,738684.498903831,1146,1,0
15981.3309870286,40,2532.8,2877.6,2359.8,0.44830310725817,0,738684.498904294,1146,1,0
15981.370986095,40,2633.2,2796.8,2282.4,0.538592179709432,0,738684.498904757,1146,1,0
15981.4109851614,40,2703,2637.2,2200.6,0.624241290397594,0,738684.49890522,1146,1,0
15981.4509842278,40,2721.6,2464,2144.8,0.713170366876487,0,738684.498905683,1146,1,0
15981.4909832942,40,2633.2,2327,2101.4,0.793575316906683,0,738684.498906146,1146,1,0
15981.5309823606,40,2527.8,2234.6,2075.4,0.874641614251024,0,738684.498906609,1146,1,0
15981.570981427,40,2430.2,2178.8,2057.4,0.939909252434471,0,738684.498907072,1146,1,0
15981.6109804934,40,2359.2,2145.2,2048.6,0.981470191009929,0,738684.498907535,1146,1,0
15981.6509795598,40,2320.6,2125.4,2044,1,0,738684.498907998,1146,1,0
15981.6909786262,40,2297.2,2113.2,2040.2,1,0,738684.498908461,1146,1,0
15981.7309776926,40,2301.4,2113.6,2039.8,1,0,738684.498908924,1146,1,0
15981.770976759,40,2332.6,2121.2,2043.8,1,0,738684.498909387,1146,1,0
15981.8109758254,40,2396.4,2144.6,2047.8,0.963334962218702,0,738684.49890985,1146,1,0
15981.8509748918,40,2482.4,2183,2058.2,0.91140871723736,0,738684.498910312,1146,1,0
15981.8909739582,40,2566.6,2254,2080.6,0.850530689995972,0,738684.498910775,1146,1,0
15981.9309730246,40,2654.2,2373.8,2116.6,0.76545499769829,0,738684.498911238,1146,1,0
15981.970972091,40,2651.4,2540.4,2183,0.664691440014781,0,738684.498911701,1146,1,0
15982.0109711574,40,2571.6,2721.6,2272.8,0.544405753883346,0,738684.498912164,1146,1,0
15982.0509702238,40,2446.8,2821.8,2389,0.427256089976996,0,738684.498912627,1146,1,0
15982.0909692902,40,2364.4,2842.4,2489.6,0.356497976346759,0,738684.49891309,1146,1,0
15982.1309683566,40,2374.4,2858.8,2478,0.36546342842044,0,738684.498913553,1146,1,0
15982.170967423,40,2450,2895,2419.2,0.409582826119754,0,738684.498914016,1146,1,0
15982.2109664894,40,2566,2862.2,2334.4,0.463991214758112,0,738684.498914479,1146,1,0
15982.2509655558,40,2669.4,2725.4,2240.6,0.581917536525862,0,738684.498914942,1146,1,0
15982.2909646222,40,2730.6,2533.8,2164.2,0.677742985086675,0,738684.498915405,1146,1,0
15982.3309636886,40,2698.8,2374.2,2113.4,0.758704666363614,0,738684.498915868,1146,1,0
15982.370962755,40,2596.6,2257.2,2075.8,0.837305347240683,0,738684.498916331,1146,1,0
15982.4109618214,40,2485.2,2186,2056.4,0.91140871723736,0,738684.498916794,1146,1,0
15982.4509608878,40,2394.8,2147.4,2046,0.963334962218702,0,738684.498917257,1146,1,0
15982.4909599542,40,2338.8,2124,2044.2,1,0,738684.49891772,1146,1,0
15982.5309590206,40,2300.2,2106.8,2039,1,0,738684.498918183,1146,1,0
15982.570958087,40,2312,2111.2,2039.4,1,0,738684.498918646,1146,1,0
15982.6109571534,40,2321.4,2114.4,2040.4,1,0,738684.498919109,1146,1,0
15982.6509562198,40,2322.2,2117,2040.6,1,0,738684.498919572,1146,1,0
15982.6909552862,40,2330.2,2118.4,2041.4,1,0,738684.498920035,1146,1,0
15982.7309543526,40,2341,2123.2,2042,1,0,738684.498920497,1146,1,0
15982.770953419,40,2341,2124.4,2043.4,1,0,738684.49892096,1146,1,0
15982.8109524854,40,2344,2124.2,2041.6,0.993785067485734,0,738684.498921423,1146,1,0
15982.8509515518,40,2352.4,2127.6,2045.4,0.993785067485734,0,738684.498921886,1146,1,0
15982.8909506182,40,2358.6,2132,2044.8,0.98760735140419,0,738684.498922349,1146,1,0
15982.9309496846,40,2354.6,2128.8,2041.4,0.98760735140419,0,738684.498922812,1146,1,0
15982.970948751,40,2352.2,2133.6,2044.6,0.98760735140419,0,738684.498923275,1146,1,0
15983.0109478174,40,2353.4,2130.2,2045.4,0.98760735140419,0,738684.498923738,1146,1,0
15983.0509468838,40,2361.4,2132.8,2045.4,0.98760735140419,0,738684.498924201,1146,1,0
15983.0909459502,40,2360.2,2145.2,2051,0.981470191009929,0,738684.498924664,1146,1,0
15983.1309450166,40,2364.2,2145.4,2048.4,0.981470191009929,0,738684.498925127,1146,1,0
15983.170944083,40,2368,2148.6,2052.2,0.975376895053477,0,738684.49892559,1146,1,0
15983.2109431494,40,2370.4,2151.8,2052,0.975376895053477,0,738684.498926053,1146,1,0
15983.2509422158,40,2369,2153.6,2053,0.975376895053477,0,738684.498926516,1146,1,0
15983.2909412822,40,2377.8,2155.8,2049,0.969330739042227,0,738684.498926979,1146,1,0
15983.3309403486,40,2385,2156.4,2051,0.969330739042227,0,738684.498927442,1146,1,0
15983.370939415,40,2391.6,2156.4,2050.8,0.963334962218702,0,738684.498927905,1146,1,0
15983.4109384814,40,2398.6,2161.2,2050.6,0.957392764220256,0,738684.498928368,1146,1,0
15983.4509375478,40,2409.8,2165.2,2054.2,0.951507301379275,0,738684.49892883,1146,1,0
15983.4909366142,40,2422.8,2162.2,2050.6,0.945681682617138,0,738684.498929293,1146,1,0
15983.5309356806,40,2428.8,2167.8,2051,0.939909252434471,0,738684.498929756,1146,1,0
15983.570934747,40,2436.4,2167.4,2055.8,0.939909252434471,0,738684.498930219,1146,1,0
15983.6109338134,40,2443.6,2172,2054,0.934145162156038,0,738684.498930682,1146,1,0
15983.6509328798,40,2448.8,2177,2055.8,0.928397096983629,0,738684.498931145,1146,1,0
15983.6909319462,40,2450,2182.6,2057,0.928397096983629,0,738684.498931608,1146,1,0
15983.7309310126,40,2454.4,2186.4,2059.8,0.922681122048444,0,738684.498932071,1146,1,0
15983.770930079,40,2453.4,2189.8,2060.2,0.922681122048444,0,738684.498932534,1146,1,0
15983.8109291454,40,2456.8,2187.8,2063,0.922681122048444,0,738684.498932997,1146,1,0
15983.8509282118,40,2459,2195.8,2065.2,0.917013117136947,0,738684.49893346,1146,1,0
15983.8909272782,40,2463.8,2199.8,2064.4,0.917013117136947,0,738684.498933923,1146,1,0
15983.9309263446,40,2469.4,2200,2068,0.91140871723736,0,738684.498934386,1146,1,0
15983.970925411,40,2473,2202,2065.4,0.91140871723736,0,738684.498934849,1146,1,0
15984.0109244774,40,2488.6,2206.6,2068.6,0.900451621459986,0,738684.498935312,1146,1,0
15984.0509235438,40,2490,2210.4,2071,0.900451621459986,0,738684.498935775,1146,1,0
15984.0909226102,40,2503.4,2214.4,2070.4,0.889926901112563,0,738684.498936238,1146,1,0
15984.1309216766,40,2510.6,2216,2068.2,0.884796034058834,0,738684.498936701,1146,1,0
15984.170920743,40,2516.8,2220.8,2069.8,0.884796034058834,0,738684.498937164,1146,1,0
15984.2109198094,40,2523.4,2226,2068.8,0.879696155832112,0,738684.498937627,1146,1,0
15984.2509188758,40,2527.2,2230.2,2071,0.874641614251024,0,738684.49893809,1146,1,0
15984.2909179422,40,2533.6,2233.8,2071.8,0.869646511663396,0,738684.498938553,1146,1,0
15984.3309170086,40,2537,2235.4,2073.8,0.869646511663396,0,738684.498939015,1146,1,0
15984.370916075,40,2538.4,2240,2077.4,0.864724653185449,0,738684.498939478,1146,1,0
15984.4599139978,89,2542.2,2249.4,2079.2,0.859889483197649,0,738684.498940508,1146,1,0
15984.4999130642,40,2545.8,2255.2,2083.2,0.855154006574624,0,738684.498940971,1146,1,0
15984.5399121306,40,2554.2,2256.2,2082.4,0.855154006574624,0,738684.498941434,1146,1,0
15984.579911197,40,2556,2260.4,2084.2,0.850530689995972,0,738684.498941897,1146,1,0
15984.6199102634,40,2564.4,2266.4,2085.6,0.846031337148546,0,738684.49894236,1146,1,0
15984.6599093298,40,2576.8,2271.6,2084.6,0.837305347240683,0,738684.498942823,1146,1,0
15984.6999083962,40,2580.8,2277.6,2085.4,0.833002741240853,0,738684.498943286,1146,1,0
15984.7399074626,40,2594,2278.4,2087.8,0.828749855133686,0,738684.498943749,1146,1,0
15984.779906529,40,2594,2289,2090.6,0.824555873811782,0,738684.498944212,1146,1,0
15984.8199055954,40,2600.8,2288.2,2090.6,0.820429400219418,0,738684.498944675,1146,1,0
15984.8599046618,40,2605.2,2296,2095,0.816378308563394,0,738684.498945138,1146,1,0
15984.8999037282,40,2604.8,2301.2,2093,0.816378308563394,0,738684.498945601,1146,1,0
15984.9399027946,40,2609.8,2301.2,2096.4,0.812409570046606,0,738684.498946064,1146,1,0
15984.979901861,40,2609,2310.4,2100.2,0.808529044605241,0,738684.498946527,1146,1,0
15985.0199009274,40,2613.8,2316.2,2103.2,0.804740833678851,0,738684.49894699,1146,1,0
15985.0598999938,40,2616,2321.6,2100.2,0.800998633917584,0,738684.498947453,1146,1,0
15985.0998990602,40,2619.8,2325.6,2104.8,0.797274419786194,0,738684.498947916,1146,1,0
15985.1398981266,40,2624.8,2334.4,2106.4,0.793575316906683,0,738684.498948379,1146,1,0
15985.179897193,40,2630.8,2340.4,2105.4,0.789908020549802,0,738684.498948842,1146,1,0
15985.2198962594,40,2634,2341.4,2111.8,0.786278650390616,0,738684.498949305,1146,1,0
15985.2598953258,40,2638,2348.2,2112.4,0.782692588654786,0,738684.498949768,1146,1,0
15985.2998943922,40,2638.4,2354.2,2113.4,0.77915429777298,0,738684.498950231,1146,1,0
15985.3398934586,40,2643.2,2359,2114,0.775667113969294,0,738684.498950693,1146,1,0
15985.379892525,40,2648,2364,2116.2,0.772233014043569,0,738684.498951156,1146,1,0
15985.4198915914,40,2650.8,2371,2118.4,0.768841674721193,0,738684.498951619,1146,1,0
15985.4598906578,40,2649,2376,2118,0.76545499769829,0,738684.498952082,1146,1,0
15985.4998897242,40,2653.8,2381,2121.4,0.762074286926242,0,738684.498952545,1146,1,0
15985.5398887906,40,2655,2389,2125.6,0.755350806424959,0,738684.498953008,1146,1,0
15985.579887857,40,2658.8,2394.8,2127,0.752016725630693,0,738684.498953471,1146,1,0
15985.6198869234,40,2661,2401.2,2126.4,0.748705579178257,0,738684.498953934,1146,1,0
15985.6598859898,40,2662.2,2406.6,2132.4,0.745419432004827,0,738684.498954397,1146,1,0
15985.6998850562,40,2665.8,2414.8,2131,0.742159015519958,0,738684.49895486,1146,1,0
15985.7398841226,40,2670.6,2418.2,2134,0.738923200384679,0,738684.498955323,1146,1,0
15985.779883189,40,2669.8,2425.4,2137.8,0.735695387533812,0,738684.498955786,1146,1,0
15985.8198822554,40,2668.8,2427.8,2136.2,0.73246794223773,0,738684.498956249,1146,1,0
15985.8598813218,40,2673,2438.2,2142,0.72601963564692,0,738684.498956712,1146,1,0
15985.8998803882,40,2671.4,2444.4,2144.4,0.722800925966807,0,738684.498957175,1146,1,0
15985.9398794546,40,2671.6,2450.6,2146.6,0.719586640122297,0,738684.498957638,1146,1,0
15985.979878521,40,2670.8,2455,2146.4,0.716376706440077,0,738684.498958101,1146,1,0
15986.0198775874,40,2668.6,2464.2,2146.2,0.713170366876487,0,738684.498958564,1146,1,0
15986.0598766538,40,2672.8,2472,2153,0.706760832147339,0,738684.498959027,1146,1,0
15986.0998757202,40,2675.2,2474,2154.2,0.706760832147339,0,738684.49895949,1146,1,0
15986.1398747866,40,2675.2,2483.2,2155.4,0.700339035669991,0,738684.498959952,1146,1,0
15986.179873853,40,2676.8,2489.8,2157,0.697122148361531,0,738684.498960415,1146,1,0
15986.2198729194,40,2676.8,2495.2,2159,0.693901278940445,0,738684.498960878,1146,1,0
15986.2598719858,40,2675.6,2500.2,2163.8,0.69067652983471,0,738684.498961341,1146,1,0
15986.2998710522,40,2671.6,2508.8,2165.6,0.687448072586759,0,738684.498961804,1146,1,0
15986.3398701186,40,2675.6,2516.4,2167.2,0.680981033552426,0,738684.498962267,1146,1,0
15986.379869185,40,2672.2,2522.4,2168.4,0.677742985086675,0,738684.49896273,1146,1,0
15986.4198682514,40,2671.2,2531.6,2172.6,0.674497686432619,0,738684.498963193,1146,1,0
15986.4598673178,40,2667.6,2533.4,2174.6,0.671241250044602,0,738684.498963656,1146,1,0
15986.4998663842,40,2665,2539.4,2177.6,0.667972585956668,0,738684.498964119,1146,1,0
15986.5398654506,40,2664.4,2547.4,2182.8,0.664691440014781,0,738684.498964582,1146,1,0
15986.579864517,40,2659.8,2551.4,2180.4,0.661398248029182,0,738684.498965045,1146,1,0
15986.6198635834,40,2648,2549.4,2187,0.658093992718842,0,738684.498965508,1146,1,0
15986.6598626498,40,2650.8,2533.2,2175.4,0.671241250044602,0,738684.498965971,1146,1,0
15986.6998617162,40,2647.2,2495.2,2165.6,0.693901278940445,0,738684.498966434,1146,1,0
15986.7398607826,40,2641.6,2437,2148.8,0.729242281466222,0,738684.498966897,1146,1,0
15986.779859849,40,2622.2,2371.6,2120,0.772233014043569,0,738684.49896736,1146,1,0
15986.8198589154,40,2578.8,2306.8,2103.2,0.820429400219418,0,738684.498967823,1146,1,0
15986.8598579818,40,2527.8,2257.4,2084,0.864724653185449,0,738684.498968286,1146,1,0
15986.8998570482,40,2484.2,2217,2071.6,0.900451621459986,0,738684.498968749,1146,1,0
15986.9398561146,40,2448.6,2194.6,2059.2,0.922681122048444,0,738684.498969212,1146,1,0
15986.979855181,40,2416.2,2173.2,2058.4,0.945681682617138,0,738684.498969674,1146,1,0
15987.0198542474,40,2400,2167,2056,0.957392764220256,0,738684.498970137,1146,1,0
15987.0598533138,40,2387.2,2158,2054.2,0.963334962218702,0,738684.4989706,1146,1,0
15987.0998523802,40,2384.8,2156.8,2054,0.969330739042227,0,738684.498971063,1146,1,0
15987.1398514466,40,2389.6,2156.6,2050.6,0.963334962218702,0,738684.498971526,1146,1,0
15987.179850513,40,2400.6,2159.8,2053,0.957392764220256,0,738684.498971989,1146,1,0
15987.2198495794,40,2408,2163,2056,0.951507301379275,0,738684.498972452,1146,1,0
15987.2598486458,40,2409.8,2166.8,2056,0.951507301379275,0,738684.498972915,1146,1,0
15987.2998477122,40,2412,2168.4,2058.6,0.951507301379275,0,738684.498973378,1146,1,0
15987.3398467786,40,2408.4,2167.2,2055,0.951507301379275,0,738684.498973841,1146,1,0
15987.379845845,40,2412.4,2167.6,2056,0.951507301379275,0,738684.498974304,1146,1,0
15987.4198449114,40,2408,2166,2054.8,0.951507301379275,0,738684.498974767,1146,1,0
15987.4598439778,40,2403.8,2164.6,2051.2,0.957392764220256,0,738684.49897523,1146,1,0
15987.4998430442,40,2398.2,2160.8,2052.2,0.957392764220256,0,738684.498975693,1146,1,0
15987.5398421106,40,2390.8,2156.4,2053,0.963334962218702,0,738684.498976156,1146,1,0
15987.579841177,40,2378.6,2151,2052,0.969330739042227,0,738684.498976619,1146,1,0
15987.6198402434,40,2374.6,2147,2050.2,0.975376895053477,0,738684.498977082,1146,1,0
15987.6598393098,40,2366.6,2143,2048.8,0.981470191009929,0,738684.498977545,1146,1,0
15987.6998383762,40,2356.6,2136.8,2047,0.98760735140419,0,738684.498978008,1146,1,0
15987.7398374426,40,2341.4,2133.4,2046,0.993785067485734,0,738684.498978471,1146,1,0
15987.779836509,40,2327.8,2127.6,2046.2,1,0,738684.498978934,1146,1,0
15987.8198355754,40,2318.4,2122.4,2045.2,1,0,738684.498979397,1146,1,0
15987.8598346418,40,2316,2123.4,2043,1,0,738684.498979859,1146,1,0
15987.8998337082,40,2318,2123.6,2044,1,0,738684.498980322,1146,1,0
15987.9398327746,40,2325.4,2125.2,2046.4,1,0,738684.498980785,1146,1,0
15987.979831841,40,2346,2134,2046,0.993785067485734,0,738684.498981248,1146,1,0
15988.0198309074,40,2377.2,2146,2048,0.975376895053477,0,738684.498981711,1146,1,0
15988.0598299738,40,2415.2,2159.2,2053,0.951507301379275,0,738684.498982174,1146,1,0
15988.0998290402,40,2483.4,2189.8,2058.6,0.90588324353745,0,738684.498982637,1146,1,0
15988.1398281066,40,2556.6,2232.4,2074.8,0.859889483197649,0,738684.4989831,1146,1,0
15988.179827173,40,2632,2297.8,2087.8,0.808529044605241,0,738684.498983563,1146,1,0
15988.2198262394,40,2683.6,2377.8,2113.2,0.758704666363614,0,738684.498984026,1146,1,0
15988.2598253058,40,2678.6,2466.4,2148.4,0.709966050179064,0,738684.498984489,1146,1,0
15988.2998243722,40,2645.8,2535,2176.6,0.667972585956668,0,738684.498984952,1146,1,0
15988.3398234386,40,2605,2570.2,2202.4,0.638072468361496,0,738684.498985415,1146,1,0
15988.379822505,40,2597.8,2555.8,2201.4,0.648129975506603,0,738684.498985878,1146,1,0
15988.4198215714,40,2607.4,2524.6,2186.4,0.667972585956668,0,738684.498986341,1146,1,0
15988.4598206378,40,2603.8,2480.2,2167,0.700339035669991,0,738684.498986804,1146,1,0
15988.4998197042,40,2608,2427.6,2143.4,0.738923200384679,0,738684.498987267,1146,1,0
15988.5398187706,40,2595.8,2368.4,2125.8,0.77915429777298,0,738684.49898773,1146,1,0
15988.579817837,40,2566.8,2313.2,2102,0.820429400219418,0,738684.498988193,1146,1,0
15988.6198169034,40,2537.2,2264,2088,0.855154006574624,0,738684.498988656,1146,1,0
15988.6598159698,40,2503.4,2232,2079.2,0.884796034058834,0,738684.498989118,1146,1,0
15988.6998150362,40,2469.2,2202.4,2064,0.91140871723736,0,738684.498989581,1146,1,0
15988.7398141026,40,2443.8,2181.8,2058.6,0.928397096983629,0,738684.498990044,1146,1,0
15988.779813169,40,2423.8,2173.6,2055,0.939909252434471,0,738684.498990507,1146,1,0
15988.8198122354,40,2413.8,2163.8,2052,0.951507301379275,0,738684.49899097,1146,1,0
15988.8598113018,40,2402.6,2159.2,2055.4,0.957392764220256,0,738684.498991433,1146,1,0
15988.8998103682,40,2395.6,2157,2053.8,0.963334962218702,0,738684.498991896,1146,1,0
15988.9398094346,40,2392.8,2159.8,2051.8,0.963334962218702,0,738684.498992359,1146,1,0
15988.979808501,40,2391.2,2154.8,2052.8,0.963334962218702,0,738684.498992822,1146,1,0
15989.0198075674,40,2399,2165.4,2054,0.957392764220256,0,738684.498993285,1146,1,0
15989.0598066338,40,2414.8,2168,2057.2,0.945681682617138,0,738684.498993748,1146,1,0
15989.0998057002,40,2423.6,2173.8,2057.8,0.939909252434471,0,738684.498994211,1146,1,0
15989.1398047666,40,2440.8,2180.4,2056.4,0.934145162156038,0,738684.498994674,1146,1,0
15989.179803833,40,2462.4,2180,2061.2,0.922681122048444,0,738684.498995137,1146,1,0
15989.2198028994,40,2502.8,2198.8,2065.6,0.895128281408961,0,738684.4989956,1146,1,0
15989.2598019658,40,2549.4,2225.8,2069.6,0.864724653185449,0,738684.498996063,1146,1,0
15989.2998010322,40,2607,2270,2082.2,0.828749855133686,0,738684.498996526,1146,1,0
15989.3398000986,40,2653.6,2335.6,2104.6,0.786278650390616,0,738684.498996989,1146,1,0
15989.379799165,40,2665,2437,2141.6,0.729242281466222,0,738684.498997452,1146,1,0
15989.4197982314,40,2652.6,2557.6,2186.6,0.654780064308406,0,738684.498997915,1146,1,0
15989.4597972978,40,2583,2665,2245.6,0.576956288034028,0,738684.498998378,1146,1,0
15989.4997963642,40,2513.2,2742.4,2305.4,0.499855013752571,0,738684.49899884,1146,1,0
15989.5397954306,40,2455.2,2776.6,2356.6,0.458824823815669,0,738684.498999303,1146,1,0
15989.579794497,40,2497.2,2797.6,2345.8,0.463991214758112,0,738684.498999766,1146,1,0
15989.6197935634,40,2558.8,2763,2290.8,0.517222600490522,0,738684.499000229,1146,1,0
15989.6597926298,40,2650.4,2692.8,2236.4,0.586834992766542,0,738684.499000692,1146,1,0
15989.6997916962,40,2711.8,2558,2172.4,0.664691440014781,0,738684.499001155,1146,1,0
15989.7397907626,40,2708.4,2410.6,2124.2,0.742159015519958,0,738684.499001618,1146,1,0
15989.779789829,40,2628.4,2294.6,2089.8,0.812409570046606,0,738684.499002081,1146,1,0
15989.8197888954,40,2521,2215.4,2065.4,0.884796034058834,0,738684.499002544,1146,1,0
15989.8597879618,40,2426.6,2164.8,2052,0.945681682617138,0,738684.499003007,1146,1,0
15989.8997870282,40,2358.2,2134.6,2045.2,0.98760735140419,0,738684.49900347,1146,1,0
15989.9397860946,40,2318.2,2120.2,2041.2,1,0,738684.499003933,1146,1,0
15989.979785161,40,2296.4,2114.8,2037.4,1,0,738684.499004396,1146,1,0
15990.0197842274,40,2289.4,2110.4,2037.8,1,0,738684.499004859,1146,1,0
15990.0597832938,40,2309.2,2116,2040.6,1,0,738684.499005322,1146,1,0
15990.0997823602,40,2358.8,2130.8,2044,0.98760735140419,0,738684.499005785,1146,1,0
15990.1397814266,40,2452,2170.6,2055.2,0.928397096983629,0,738684.499006248,1146,1,0
15990.179780493,40,2567.4,2235,2070.6,0.855154006574624,0,738684.499006711,1146,1,0
15990.2197795594,40,2683.2,2351.4,2105.6,0.772233014043569,0,738684.499007174,1146,1,0
15990.2597786258,40,2684.6,2522,2166.4,0.680981033552426,0,738684.499007637,1146,1,0
15990.2997776922,40,2590.6,2709.4,2261.8,0.55599419909927,0,738684.4990081,1146,1,0
15990.3397767586,40,2450,2810.4,2380,0.437743532746865,0,738684.499008563,1146,1,0
15990.379775825,40,2360.2,2803.6,2462.4,0.36546342842044,0,738684.499009025,1146,1,0
15990.4197748914,40,2405,2843.2,2442,0.38886050242203,0,738684.499009488,1146,1,0
15990.4597739578,40,2483,2808.2,2357.6,0.453583270865973,0,738684.499009951,1146,1,0
15990.4997730242,40,2586.2,2736.4,2273.4,0.544405753883346,0,738684.499010414,1146,1,0
15990.5397720906,40,2677.6,2593,2189.6,0.641445129325003,0,738684.499010877,1146,1,0
15990.579771157,40,2668.8,2419.2,2132.6,0.738923200384679,0,738684.49901134,1146,1,0
15990.6197702234,40,2603.2,2297,2090.8,0.816378308563394,0,738684.499011803,1146,1,0
15990.6597692898,40,2514.2,2216.6,2069,0.884796034058834,0,738684.499012266,1146,1,0
15990.6997683562,40,2426.6,2170.6,2052.2,0.939909252434471,0,738684.499012729,1146,1,0
15990.7397674226,40,2362,2137.4,2049.2,0.981470191009929,0,738684.499013192,1146,1,0
15990.779766489,40,2320.8,2118.2,2041.4,1,0,738684.499013655,1146,1,0
15990.8197655554,40,2312.8,2111.6,2040.2,1,0,738684.499014118,1146,1,0
15990.8597646218,40,2338,2119.4,2043.6,1,0,738684.499014581,1146,1,0
15990.8997636882,40,2382.4,2138.8,2044,0.975376895053477,0,738684.499015044,1146,1,0
15990.9397627546,40,2447.8,2172.4,2057.8,0.928397096983629,0,738684.499015507,1146,1,0
15990.979761821,40,2537.2,2234.2,2075.6,0.869646511663396,0,738684.49901597,1146,1,0
15991.0197608874,40,2647.8,2332.8,2098,0.786278650390616,0,738684.499016433,1146,1,0
15991.0597599538,40,2686.6,2475.8,2151.6,0.706760832147339,0,738684.499016896,1146,1,0
15991.0997590202,40,2652,2645.8,2213,0.609441754663018,0,738684.499017359,1146,1,0
15991.1397580866,40,2567.2,2791,2302.6,0.499855013752571,0,738684.499017822,1146,1,0
15991.179757153,40,2473.6,2873,2394.6,0.427256089976996,0,738684.499018284,1146,1,0
15991.2197562194,40,2417.8,2882.6,2446.8,0.38886050242203,0,738684.499018747,1146,1,0
15991.2597552858,40,2450.2,2907.8,2430.6,0.402990075718856,0,738684.49901921,1146,1,0
15991.2997543522,40,2508.4,2910.4,2386.6,0.432498570591717,0,738684.499019673,1146,1,0
15991.3397534186,40,2569.2,2889.6,2342.4,0.453583270865973,0,738684.499020136,1146,1,0
15991.379752485,40,2621.4,2835.4,2297.4,0.499855013752571,0,738684.499020599,1146,1,0
15991.4197515514,40,2666.6,2746.4,2248.8,0.571991559090702,0,738684.499021062,1146,1,0
15991.4597506178,40,2690.8,2666.8,2214.8,0.609441754663018,0,738684.499021525,1146,1,0
15991.4997496842,40,2692.2,2589.6,2189,0.644795282192648,0,738684.499021988,1146,1,0
15991.5397487506,40,2703.2,2537,2170.6,0.674497686432619,0,738684.499022451,1146,1,0
15991.579747817,40,2682.8,2495.2,2157.6,0.693901278940445,0,738684.499022914,1146,1,0
15991.6197468834,40,2681,2479.6,2151.2,0.703551912933977,0,738684.499023377,1146,1,0
15991.6597459498,40,2674.2,2473.6,2150.6,0.706760832147339,0,738684.49902384,1146,1,0
15991.6997450162,40,2662.4,2476.4,2152.2,0.706760832147339,0,738684.499024303,1146,1,0
15991.7397440826,40,2627.4,2462,2151,0.716376706440077,0,738684.499024766,1146,1,0
15991.779743149,40,2605.2,2461.8,2158.2,0.716376706440077,0,738684.499025229,1146,1,0
15991.8197422154,40,2580,2451.2,2161.6,0.722800925966807,0,738684.499025692,1146,1,0
15991.8597412818,40,2585.4,2451.2,2160,0.722800925966807,0,738684.499026155,1146,1,0
15991.8997403482,40,2601,2457.2,2157.2,0.719586640122297,0,738684.499026618,1146,1,0
15991.9397394146,40,2617.2,2457.4,2151.8,0.719586640122297,0,738684.499027081,1146,1,0
15991.979738481,40,2630.8,2449.4,2150.2,0.722800925966807,0,738684.499027543,1146,1,0
15992.0197375474,40,2640,2437.4,2143,0.729242281466222,0,738684.499028006,1146,1,0
15992.0597366138,40,2642.2,2428.4,2138,0.735695387533812,0,738684.499028469,1146,1,0
15992.0997356802,40,2646.6,2419.2,2136.4,0.738923200384679,0,738684.499028932,1146,1,0
15992.1397347466,40,2643,2416.8,2134,0.742159015519958,0,738684.499029395,1146,1,0
15992.179733813,40,2638.8,2412.8,2133.8,0.745419432004827,0,738684.499029858,1146,1,0
15992.2197328794,40,2632,2417.2,2135.8,0.742159015519958,0,738684.499030321,1146,1,0
15992.2597319458,40,2615.2,2418,2138.8,0.745419432004827,0,738684.499030784,1146,1,0
15992.2997310122,40,2601.6,2417.2,2145.8,0.745419432004827,0,738684.499031247,1146,1,0
15992.3397300786,40,2593.8,2415.4,2144,0.748705579178257,0,738684.49903171,1146,1,0
15992.379729145,40,2591.4,2418.4,2143.4,0.748705579178257,0,738684.499032173,1146,1,0
15992.4197282114,40,2590.8,2417,2142.6,0.748705579178257,0,738684.499032636,1146,1,0
15992.4597272778,40,2600,2409.2,2139.6,0.752016725630693,0,738684.499033099,1146,1,0
15992.4997263442,40,2607.4,2402.6,2136.2,0.755350806424959,0,738684.499033562,1146,1,0
15992.5397254106,40,2618.8,2391.2,2127.6,0.762074286926242,0,738684.499034025,1146,1,0
15992.579724477,40,2616.2,2360.4,2118.2,0.77915429777298,0,738684.499034488,1146,1,0
15992.6197235434,40,2610,2335,2107.2,0.797274419786194,0,738684.499034951,1146,1,0
15992.6597226098,40,2605.2,2312,2099,0.808529044605241,0,738684.499035414,1146,1,0
15992.6997216762,40,2590.6,2287.8,2089.2,0.824555873811782,0,738684.499035877,1146,1,0
15992.7397207426,40,2573.2,2262.6,2082.4,0.841648031306038,0,738684.49903634,1146,1,0
15992.779719809,40,2546.4,2243.8,2078,0.859889483197649,0,738684.499036803,1146,1,0
15992.8197188754,40,2525.2,2230.4,2074.2,0.874641614251024,0,738684.499037266,1146,1,0
15992.8597179418,40,2513.4,2215.2,2067.6,0.884796034058834,0,738684.499037728,1146,1,0
15992.8997170082,40,2488.6,2200.8,2065.6,0.900451621459986,0,738684.499038191,1146,1,0
15992.9397160746,40,2455.6,2189.8,2063,0.922681122048444,0,738684.499038654,1146,1,0
15992.979715141,40,2428.4,2173.8,2058.2,0.939909252434471,0,738684.499039117,1146,1,0
15993.0197142074,40,2404.2,2161.2,2051.2,0.957392764220256,0,738684.49903958,1146,1,0
15993.0597132738,40,2381.2,2150.8,2053.6,0.969330739042227,0,738684.499040043,1146,1,0
15993.0997123402,40,2365.2,2143,2047.4,0.981470191009929,0,738684.499040506,1146,1,0
15993.1397114066,40,2359.4,2143,2051.4,0.981470191009929,0,738684.499040969,1146,1,0
15993.179710473,40,2360.6,2142.8,2051,0.981470191009929,0,738684.499041432,1146,1,0
15993.2197095394,40,2368.4,2143.2,2049.6,0.981470191009929,0,738684.499041895,1146,1,0
15993.2597086058,40,2396,2154.2,2051,0.963334962218702,0,738684.499042358,1146,1,0
15993.2997076722,40,2442.4,2169.8,2056,0.934145162156038,0,738684.499042821,1146,1,0
15993.3397067386,40,2521.8,2209,2065.2,0.884796034058834,0,738684.499043284,1146,1,0
15993.379705805,40,2628.6,2279.2,2083.2,0.816378308563394,0,738684.499043747,1146,1,0
15993.4197048714,40,2705.2,2397.4,2124,0.745419432004827,0,738684.49904421,1146,1,0
15993.4597039378,40,2683.8,2559.2,2178.8,0.661398248029182,0,738684.499044673,1146,1,0
15993.4997030042,40,2591.4,2722.4,2264.6,0.55599419909927,0,738684.499045136,1146,1,0
15993.5397020706,40,2462.8,2790.8,2361.4,0.453583270865973,0,738684.499045599,1146,1,0
15993.579701137,40,2416.6,2806.2,2410.6,0.409582826119754,0,738684.499046062,1146,1,0
15993.6197002034,40,2476.2,2811.6,2362.6,0.44830310725817,0,738684.499046525,1146,1,0
15993.6596992698,40,2596.6,2807.4,2299.2,0.504005523414082,0,738684.499046988,1146,1,0
15993.6996983362,40,2692.6,2700.2,2228.2,0.596381495302282,0,738684.49904745,1146,1,0
15993.7396974026,40,2737.2,2545.8,2166.2,0.671241250044602,0,738684.499047913,1146,1,0
15993.779696469,40,2710.2,2406.6,2121.8,0.742159015519958,0,738684.499048376,1146,1,0
15993.8196955354,40,2658.6,2310.4,2095.8,0.793575316906683,0,738684.499048839,1146,1,0
15993.8596946018,40,2576.6,2241.4,2076.6,0.850530689995972,0,738684.499049302,1146,1,0
15993.8996936682,40,2489.6,2194.4,2061,0.90588324353745,0,738684.499049765,1146,1,0
15993.9396927346,40,2425.2,2166.2,2055.2,0.945681682617138,0,738684.499050228,1146,1,0
15993.979691801,40,2379.6,2148.8,2048.4,0.969330739042227,0,738684.499050691,1146,1,0
15994.0196908674,40,2350.8,2135.2,2046.4,0.98760735140419,0,738684.499051154,1146,1,0
15994.0596899338,40,2333.8,2128.4,2044.2,1,0,738684.499051617,1146,1,0
15994.0996890002,40,2317.2,2128,2045.2,1,0,738684.49905208,1146,1,0
15994.1396880666,40,2315.2,2124.4,2044.6,1,0,738684.499052543,1146,1,0
15994.179687133,40,2320.4,2130.2,2045.6,1,0,738684.499053006,1146,1,0
15994.2196861994,40,2330.4,2130,2045.8,1,0,738684.499053469,1146,1,0
15994.2596852658,40,2339.8,2133.8,2046.8,0.993785067485734,0,738684.499053932,1146,1,0
15994.2996843322,40,2346.6,2134.8,2049.2,0.993785067485734,0,738684.499054395,1146,1,0
15994.3396833986,40,2354.8,2137.6,2046.4,0.98760735140419,0,738684.499054858,1146,1,0
15994.379682465,40,2364,2140,2046.6,0.981470191009929,0,738684.499055321,1146,1,0
15994.4196815314,40,2374,2138.8,2047,0.975376895053477,0,738684.499055784,1146,1,0
15994.4596805978,40,2385.6,2143.2,2047.8,0.969330739042227,0,738684.499056247,1146,1,0
15994.4996796642,40,2385.6,2146.4,2049.2,0.969330739042227,0,738684.499056709,1146,1,0
15994.5396787306,40,2391.8,2146.2,2049.6,0.963334962218702,0,738684.499057172,1146,1,0
15994.579677797,40,2399.4,2151,2050.8,0.963334962218702,0,738684.499057635,1146,1,0
15994.6196768634,40,2397,2156.2,2051.4,0.963334962218702,0,738684.499058098,1146,1,0
15994.6596759298,40,2400.4,2155.2,2050.6,0.957392764220256,0,738684.499058561,1146,1,0
15994.6996749962,40,2400.6,2162.2,2054.2,0.957392764220256,0,738684.499059024,1146,1,0
15994.7396740626,40,2410.2,2165.2,2053.6,0.951507301379275,0,738684.499059487,1146,1,0
15994.779673129,40,2410.8,2165.8,2055,0.951507301379275,0,738684.49905995,1146,1,0
15994.8196721954,40,2417.6,2169.4,2055.8,0.945681682617138,0,738684.499060413,1146,1,0
15994.8596712618,40,2423.4,2175.6,2054.8,0.939909252434471,0,738684.499060876,1146,1,0
15994.8996703282,40,2432.6,2175.8,2057.6,0.939909252434471,0,738684.499061339,1146,1,0
15994.9396693946,40,2442,2178.4,2057,0.934145162156038,0,738684.499061802,1146,1,0
15994.979668461,40,2449,2183.2,2059.2,0.928397096983629,0,738684.499062265,1146,1,0
15995.0196675274,40,2456.8,2183.4,2059.8,0.922681122048444,0,738684.499062728,1146,1,0
15995.0596665938,40,2465.6,2186.4,2060.8,0.917013117136947,0,738684.499063191,1146,1,0
15995.0996656602,40,2475.2,2192.2,2059.8,0.91140871723736,0,738684.499063654,1146,1,0
15995.1396647266,40,2483.2,2194.4,2061,0.90588324353745,0,738684.499064117,1146,1,0
15995.179663793,40,2481.2,2195.8,2061,0.90588324353745,0,738684.49906458,1146,1,0
15995.2196628594,40,2491.4,2201.2,2066,0.900451621459986,0,738684.499065043,1146,1,0
15995.2596619258,40,2492,2202.6,2067,0.900451621459986,0,738684.499065506,1146,1,0
15995.2996609922,40,2489.8,2205.6,2068.2,0.900451621459986,0,738684.499065969,1146,1,0
15995.3396600586,40,2487,2209.4,2069,0.900451621459986,0,738684.499066432,1146,1,0
15995.379659125,40,2496.8,2215.8,2067.8,0.895128281408961,0,738684.499066894,1146,1,0
15995.4196581914,40,2496,2219,2069.6,0.895128281408961,0,738684.499067357,1146,1,0
15995.4596572578,40,2496.2,2220.4,2072.6,0.889926901112563,0,738684.49906782,1146,1,0
15995.4996563242,40,2496.8,2223.8,2076.6,0.889926901112563,0,738684.499068283,1146,1,0
15995.5396553906,40,2505,2227.6,2076,0.884796034058834,0,738684.499068746,1146,1,0
15995.579654457,40,2512.6,2229,2076.4,0.879696155832112,0,738684.499069209,1146,1,0
15995.6676524031,88,2507,2226.6,2075.4,0.884796034058834,0,738684.499070228,1146,1,0
15995.7076514695,40,2477.8,2209.4,2072.6,0.90588324353745,0,738684.499070691,1146,1,0
15995.7476505359,40,2444,2193,2065.2,0.928397096983629,0,738684.499071154,1146,1,0
15995.7876496023,40,2395.8,2174.2,2061.6,0.957392764220256,0,738684.499071617,1146,1,0
15995.8276486687,40,2358.6,2150.8,2054.4,0.981470191009929,0,738684.49907208,1146,1,0
15995.8676477351,40,2326.6,2135.6,2049.6,1,0,738684.499072542,1146,1,0
15995.9076468015,40,2303.6,2125.8,2042.6,1,0,738684.499073005,1146,1,0
15995.9476458679,40,2290.2,2116.4,2046.2,1,0,738684.499073468,1146,1,0
15995.9876449343,40,2284,2111,2041,1,0,738684.499073931,1146,1,0
15996.0276440007,40,2292,2112.2,2042.6,1,0,738684.499074394,1146,1,0
15996.0676430671,40,2305.4,2116,2040.6,1,0,738684.499074857,1146,1,0
15996.1076421335,40,2313.8,2117.4,2043.2,1,0,738684.49907532,1146,1,0
15996.1476411999,40,2322.4,2119.6,2043.8,1,0,738684.499075783,1146,1,0
15996.1876402663,40,2326.6,2117.4,2040.8,1,0,738684.499076246,1146,1,0
15996.2276393327,40,2330.2,2126.4,2045.8,1,0,738684.499076709,1146,1,0
15996.2676383991,40,2340.4,2125.8,2043.6,1,0,738684.499077172,1146,1,0
15996.3076374655,40,2348.4,2130,2043,0.993785067485734,0,738684.499077635,1146,1,0
15996.3476365319,40,2353.8,2137,2050.4,0.98760735140419,0,738684.499078098,1146,1,0
15996.3876355983,40,2377,2150.6,2049.8,0.975376895053477,0,738684.499078561,1146,1,0
15996.4276346647,40,2429,2174,2061.4,0.939909252434471,0,738684.499079024,1146,1,0
15996.4676337311,40,2503.2,2220.2,2072.8,0.889926901112563,0,738684.499079487,1146,1,0
15996.5076327975,40,2593,2298.8,2093.6,0.820429400219418,0,738684.49907995,1146,1,0
15996.5476318639,40,2644.6,2436,2143,0.729242281466222,0,738684.499080413,1146,1,0
15996.5876309303,40,2618.6,2609,2214.6,0.617041238659818,0,738684.499080876,1146,1,0
15996.6276299967,40,2519.8,2774.6,2324.2,0.487427987606295,0,738684.499081339,1146,1,0
15996.6676290631,40,2402.4,2837,2440.8,0.38886050242203,0,738684.499081802,1146,1,0
15996.7076281295,40,2401,2821,2433.8,0.38886050242203,0,738684.499082264,1146,1,0
15996.7476271959,40,2462.4,2749.8,2343.6,0.473941473653243,0,738684.499082727,1146,1,0
15996.7876262623,40,2591.6,2649,2239,0.586834992766542,0,738684.49908319,1146,1,0
15996.8276253287,40,2649.8,2461.2,2154,0.713170366876487,0,738684.499083653,1146,1,0
15996.8676243951,40,2612.2,2314.2,2098.6,0.804740833678851,0,738684.499084116,1146,1,0
15996.9076234615,40,2516.4,2223.2,2073.8,0.879696155832112,0,738684.499084579,1146,1,0
15996.9476225279,40,2429,2171.6,2053,0.939909252434471,0,738684.499085042,1146,1,0
15996.9876215943,40,2366.8,2136.6,2047.4,0.981470191009929,0,738684.499085505,1146,1,0
15997.0276206607,40,2326.6,2122.8,2043,1,0,738684.499085968,1146,1,0
15997.0676197271,40,2306,2114,2041.6,1,0,738684.499086431,1146,1,0
15997.1076187935,40,2308.6,2115.4,2042.6,1,0,738684.499086894,1146,1,0
15997.1476178599,40,2332.6,2131.6,2044.8,1,0,738684.499087357,1146,1,0
15997.1876169263,40,2362.6,2147.4,2050.4,0.981470191009929,0,738684.49908782,1146,1,0
15997.2276159927,40,2401.6,2170.8,2058,0.951507301379275,0,738684.499088283,1146,1,0
15997.2676150591,40,2458.2,2218.4,2072,0.91140871723736,0,738684.499088746,1146,1,0
15997.3076141255,40,2537.2,2298.6,2101.6,0.841648031306038,0,738684.499089209,1146,1,0
15997.3476131919,40,2598.6,2430,2149.6,0.735695387533812,0,738684.499089672,1146,1,0
15997.3876122583,40,2589.6,2617.4,2227.8,0.600935927986466,0,738684.499090135,1146,1,0
15997.4276113247,40,2501.4,2791.6,2339.4,0.473941473653243,0,738684.499090598,1146,1,0
15997.4676103911,40,2381.4,2844.6,2470,0.373555726838669,0,738684.499091061,1146,1,0
15997.5076094575,40,2349.8,2831.8,2505,0.345854372631172,0,738684.499091523,1146,1,0
15997.5476085239,40,2407.8,2833.2,2432,0.396076922961512,0,738684.499091986,1146,1,0
15997.5876075903,40,2504.6,2764.8,2323,0.487427987606295,0,738684.499092449,1146,1,0
15997.6276066567,40,2593.8,2617.8,2226,0.605299016202904,0,738684.499092912,1146,1,0
15997.6676057231,40,2631.8,2444.8,2145.6,0.72601963564692,0,738684.499093375,1146,1,0
15997.7076047895,40,2580,2306,2098.4,0.820429400219418,0,738684.499093838,1146,1,0
15997.7476038559,40,2512.4,2223.8,2073.4,0.884796034058834,0,738684.499094301,1146,1,0
15997.7876029223,40,2418.6,2172.8,2061.4,0.945681682617138,0,738684.499094764,1146,1,0
15997.8276019887,40,2361,2144.2,2050.8,0.981470191009929,0,738684.499095227,1146,1,0
15997.8676010551,40,2316.4,2124.2,2045.4,1,0,738684.49909569,1146,1,0
15997.9076001215,40,2301.2,2126.2,2047.6,1,0,738684.499096153,1146,1,0
15997.9475991879,40,2313.8,2134.2,2046.6,1,0,738684.499096616,1146,1,0
15997.9875982543,40,2353.2,2149,2052.4,0.98760735140419,0,738684.499097079,1146,1,0
15998.0275973207,40,2406,2181.8,2063,0.945681682617138,0,738684.499097542,1146,1,0
15998.0675963871,40,2477.6,2233.6,2083,0.895128281408961,0,738684.499098005,1146,1,0
15998.1075954535,40,2553.6,2326,2112.4,0.820429400219418,0,738684.499098468,1146,1,0
15998.1475945199,40,2596.8,2472.6,2166.8,0.706760832147339,0,738684.499098931,1146,1,0
15998.1875935863,40,2562,2654.4,2254.8,0.571991559090702,0,738684.499099394,1146,1,0
15998.2275926527,40,2455.2,2805,2374.6,0.443015536937748,0,738684.499099857,1146,1,0
15998.2675917191,40,2360,2819.6,2477,0.356497976346759,0,738684.49910032,1146,1,0
15998.3075907855,40,2377.2,2817,2455.2,0.373555726838669,0,738684.499100783,1146,1,0
15998.3475898519,40,2454,2779.6,2363.4,0.453583270865973,0,738684.499101246,1146,1,0
15998.3875889183,40,2547.6,2661,2257.2,0.561591735227539,0,738684.499101708,1146,1,0
15998.4275879847,40,2619.6,2494.2,2169,0.693901278940445,0,738684.499102171,1146,1,0
15998.4675870511,40,2587.4,2340.2,2111.8,0.800998633917584,0,738684.499102634,1146,1,0
15998.5075861175,40,2522.6,2243.4,2080.8,0.869646511663396,0,738684.499103097,1146,1,0
15998.5475851839,40,2440,2182.4,2060,0.934145162156038,0,738684.49910356,1146,1,0
15998.5875842503,40,2363,2145.8,2049.8,0.981470191009929,0,738684.499104023,1146,1,0
15998.6275833167,40,2309.6,2122,2045.6,1,0,738684.499104486,1146,1,0
15998.6675823831,40,2280.8,2116.6,2043.8,1,0,738684.499104949,1146,1,0
15998.7075814495,40,2282.4,2118.8,2047.6,1,0,738684.499105412,1146,1,0
15998.7475805159,40,2307.6,2130.8,2048.4,1,0,738684.499105875,1146,1,0
15998.7875795823,40,2351.6,2148.6,2053.4,0.98760735140419,0,738684.499106338,1146,1,0
15998.8275786487,40,2410.6,2188.6,2068.8,0.945681682617138,0,738684.499106801,1146,1,0
15998.8675777151,40,2497.4,2254.4,2086.8,0.879696155832112,0,738684.499107264,1146,1,0
15998.9075767815,40,2574.4,2364.8,2125,0.789908020549802,0,738684.499107727,1146,1,0
15998.9475758479,40,2594.6,2520.4,2185.2,0.671241250044602,0,738684.49910819,1146,1,0
15998.9875749143,40,2536.4,2696.2,2276.6,0.538592179709432,0,738684.499108653,1146,1,0
15999.0275739807,40,2436.6,2818.6,2397.8,0.421730440329805,0,738684.499109116,1146,1,0
15999.0675730471,40,2376.2,2827.2,2459.6,0.373555726838669,0,738684.499109579,1146,1,0
15999.1075721135,40,2411.8,2826,2420.2,0.402990075718856,0,738684.499110042,1146,1,0
15999.1475711799,40,2480.6,2748.4,2334.2,0.483127937558863,0,738684.499110505,1146,1,0
15999.1875702463,40,2568,2646.6,2242,0.576956288034028,0,738684.499110968,1146,1,0
15999.2275693127,40,2622.4,2491.2,2170,0.693901278940445,0,738684.49911143,1146,1,0
15999.2675683791,40,2609,2357.6,2116.6,0.782692588654786,0,738684.499111893,1146,1,0
15999.3075674455,40,2548.2,2264,2082.4,0.850530689995972,0,738684.499112356,1146,1,0
15999.3475665119,40,2483.6,2209,2068.6,0.900451621459986,0,738684.499112819,1146,1,0
15999.3875655783,40,2419.2,2168.4,2055.6,0.945681682617138,0,738684.499113282,1146,1,0
15999.4275646447,40,2372.4,2144.8,2050.2,0.975376895053477,0,738684.499113745,1146,1,0
15999.4675637111,40,2338.6,2133.2,2045.8,0.993785067485734,0,738684.499114208,1146,1,0
15999.5075627775,40,2320.4,2123,2039.6,1,0,738684.499114671,1146,1,0
15999.5475618439,40,2306,2122.2,2042.6,1,0,738684.499115134,1146,1,0
15999.5875609103,40,2308.2,2128.4,2048,1,0,738684.499115597,1146,1,0
15999.6275599767,40,2313.2,2133.8,2050,1,0,738684.49911606,1146,1,0
15999.6675590431,40,2317.8,2135,2047.8,1,0,738684.499116523,1146,1,0
15999.7075581095,40,2326.6,2137.2,2048.8,1,0,738684.499116986,1146,1,0
15999.7475571759,40,2337.6,2137,2050.2,0.993785067485734,0,738684.499117449,1146,1,0
15999.7875562423,40,2345.8,2140.8,2048.2,0.993785067485734,0,738684.499117912,1146,1,0
15999.8275553087,40,2346.6,2143.4,2050,0.98760735140419,0,738684.499118375,1146,1,0
15999.8675543751,40,2350.4,2145.2,2051,0.98760735140419,0,738684.499118838,1146,1,0
15999.9075534415,40,2357.2,2143.6,2049,0.981470191009929,0,738684.499119301,1146,1,0
15999.9475525079,40,2355,2152.6,2054.2,0.981470191009929,0,738684.499119764,1146,1,0
15999.9875515743,40,2361.6,2150,2053.4,0.981470191009929,0,738684.499120227,1146,1,0
16000.0275506407,40,2368.8,2156.8,2049.8,0.975376895053477,0,738684.499120689,1146,1,0
16000.0675497071,40,2373.4,2159.6,2054.8,0.969330739042227,0,738684.499121152,1146,1,0
16000.1075487735,40,2380.6,2165.4,2053.6,0.969330739042227,0,738684.499121615,1146,1,0
16000.1475478399,40,2386.4,2165.6,2058.4,0.963334962218702,0,738684.499122078,1146,1,0
16000.1875469063,40,2392,2168.4,2060.2,0.957392764220256,0,738684.499122541,1146,1,0
16000.2275459727,40,2399.4,2171.6,2060.6,0.957392764220256,0,738684.499123004,1146,1,0
16000.2675450391,40,2399.8,2169.6,2061.2,0.957392764220256,0,738684.499123467,1146,1,0
16000.3075441055,40,2402.2,2175.8,2060.2,0.951507301379275,0,738684.49912393,1146,1,0
16000.3475431719,40,2401.6,2173,2064.8,0.951507301379275,0,738684.499124393,1146,1,0
16000.3875422383,40,2385.4,2168.6,2057.8,0.963334962218702,0,738684.499124856,1146,1,0
16000.4275413047,40,2366.6,2156.4,2055.2,0.975376895053477,0,738684.499125319,1146,1,0
16000.4675403711,40,2347.4,2149.2,2054,0.98760735140419,0,738684.499125782,1146,1,0
16000.5075394375,40,2332.8,2144.2,2053.2,0.993785067485734,0,738684.499126245,1146,1,0
16000.5475385039,40,2332.8,2133.2,2048.8,1,0,738684.499126708,1146,1,0
16000.5875375703,40,2337.6,2133.4,2047.6,1,0,738684.499127171,1146,1,0
16000.6275366367,40,2350.6,2141.4,2048.6,0.98760735140419,0,738684.499127634,1146,1,0
16000.6675357031,40,2362,2149.2,2050.4,0.981470191009929,0,738684.499128097,1146,1,0
16000.7075347695,40,2364,2152.2,2053,0.981470191009929,0,738684.49912856,1146,1,0
16000.7475338359,40,2381.6,2161.4,2058.8,0.969330739042227,0,738684.499129023,1146,1,0
16000.7875329023,40,2414.4,2184,2062,0.945681682617138,0,738684.499129486,1146,1,0
16000.8275319687,40,2483,2224.2,2073.8,0.895128281408961,0,738684.499129949,1146,1,0
16000.8675310351,40,2569.6,2294.6,2095.6,0.828749855133686,0,738684.499130412,1146,1,0
16000.9075301015,40,2644.2,2411.2,2136.4,0.745419432004827,0,738684.499130874,1146,1,0
16000.9475291679,40,2648.8,2572.8,2198.2,0.644795282192648,0,738684.499131337,1146,1,0
16000.9875282343,40,2572.8,2736.2,2285.4,0.538592179709432,0,738684.4991318,1146,1,0
16001.0275273007,40,2474.6,2839.2,2384.4,0.437743532746865,0,738684.499132263,1146,1,0
16001.0675263671,40,2389.6,2827,2443,0.38135234540336,0,738684.499132726,1146,1,0
16001.1075254335,40,2410,2814.6,2413.8,0.402990075718856,0,738684.499133189,1146,1,0
16001.1475244999,40,2464.2,2756.6,2339.4,0.473941473653243,0,738684.499133652,1146,1,0
16001.1875235663,40,2533.2,2649.4,2251.2,0.561591735227539,0,738684.499134115,1146,1,0
16001.2275226327,40,2611.6,2512.6,2178,0.680981033552426,0,738684.499134578,1146,1,0
16001.2675216991,40,2601.8,2364.6,2121,0.782692588654786,0,738684.499135041,1146,1,0
16001.3075207655,40,2554,2262.6,2087.4,0.850530689995972,0,738684.499135504,1146,1,0
16001.3475198319,40,2479.2,2195,2062.6,0.91140871723736,0,738684.499135967,1146,1,0
16001.3875188983,40,2399,2159,2055.4,0.957392764220256,0,738684.49913643,1146,1,0
16001.4275179647,40,2344.8,2129.4,2048,0.993785067485734,0,738684.499136893,1146,1,0
16001.4675170311,40,2311.4,2120.4,2043.8,1,0,738684.499137356,1146,1,0
16001.5075160975,40,2298.8,2120,2043.2,1,0,738684.499137819,1146,1,0
16001.5475151639,40,2305,2124,2045.6,1,0,738684.499138282,1146,1,0
16001.5875142303,40,2318.6,2133.4,2048.8,1,0,738684.499138745,1146,1,0
16001.6275132967,40,2353,2150.6,2054,0.981470191009929,0,738684.499139208,1146,1,0
16001.6675123631,40,2403.2,2177,2062.4,0.951507301379275,0,738684.499139671,1146,1,0
16001.7075114295,40,2473.2,2222.6,2077.6,0.900451621459986,0,738684.499140133,1146,1,0
16001.7475104959,40,2551.2,2303.4,2100.8,0.833002741240853,0,738684.499140596,1146,1,0
16001.7875095623,40,2596.2,2420.6,2145.8,0.745419432004827,0,738684.499141059,1146,1,0
16001.8275086287,40,2586,2569,2206.2,0.63467128498077,0,738684.499141522,1146,1,0
16001.8675076951,40,2520.2,2706.2,2292,0.527369038802404,0,738684.499141985,1146,1,0
16001.9075067615,40,2439.8,2800.2,2382.8,0.432498570591717,0,738684.499142448,1146,1,0
16001.9475058279,40,2418.2,2813,2407.2,0.409582826119754,0,738684.499142911,1146,1,0
16001.9875048943,40,2470,2787.8,2354.4,0.458824823815669,0,738684.499143374,1146,1,0
16002.0275039607,40,2550.6,2697.6,2273.4,0.544405753883346,0,738684.499143837,1146,1,0
16002.0675030271,40,2601.6,2540.6,2193.8,0.658093992718842,0,738684.4991443,1146,1,0
16002.1075020935,40,2606.8,2389,2131,0.76545499769829,0,738684.499144763,1146,1,0
16002.1475011599,40,2539.4,2276.4,2092,0.850530689995972,0,738684.499145226,1146,1,0
16002.1875002263,40,2468.8,2205.4,2069,0.91140871723736,0,738684.499145689,1146,1,0
16002.2274992927,40,2388.4,2163.6,2051.6,0.963334962218702,0,738684.499146152,1146,1,0
16002.2674983591,40,2329,2132.4,2047.6,1,0,738684.499146615,1146,1,0
16002.3074974255,40,2290.8,2118,2043.8,1,0,738684.499147078,1146,1,0
16002.3474964919,40,2282.2,2113.2,2045.8,1,0,738684.499147541,1146,1,0
16002.3874955583,40,2303,2126.6,2045.6,1,0,738684.499148004,1146,1,0
16002.4274946247,40,2331.4,2140,2050.6,1,0,738684.499148467,1146,1,0
16002.4674936911,40,2367,2155.6,2055,0.975376895053477,0,738684.49914893,1146,1,0
16002.5074927575,40,2420.2,2190.4,2069.8,0.939909252434471,0,738684.499149392,1146,1,0
16002.5474918239,40,2496.2,2250.2,2088.6,0.879696155832112,0,738684.499149855,1146,1,0
16002.5874908903,40,2571.6,2350.2,2122.4,0.797274419786194,0,738684.499150318,1146,1,0
16002.6274899567,40,2593.8,2499.4,2178.8,0.687448072586759,0,738684.499150781,1146,1,0
16002.6674890231,40,2542.6,2669.2,2261.8,0.55599419909927,0,738684.499151244,1146,1,0
16002.7074880895,40,2446.6,2796.8,2372.6,0.443015536937748,0,738684.499151707,1146,1,0
16002.7474871559,40,2359,2782.6,2448,0.373555726838669,0,738684.49915217,1146,1,0
16002.7874862223,40,2390.2,2793.6,2425.2,0.396076922961512,0,738684.499152633,1146,1,0
16002.8274852887,40,2462.4,2742.4,2338.6,0.478648808335904,0,738684.499153096,1146,1,0
16002.8674843551,40,2559,2635,2243,0.581917536525862,0,738684.499153559,1146,1,0
16002.9074834215,40,2629.8,2488,2164.4,0.697122148361531,0,738684.499154022,1146,1,0
16002.9474824879,40,2595.6,2342,2111.8,0.797274419786194,0,738684.499154485,1146,1,0
16002.9874815543,40,2532.8,2249.2,2083,0.864724653185449,0,738684.499154948,1146,1,0
16003.0274806207,40,2454,2187.8,2060.6,0.922681122048444,0,738684.499155411,1146,1,0
16003.0674796871,40,2384.2,2151,2052.2,0.969330739042227,0,738684.499155874,1146,1,0
16003.1074787535,40,2335.2,2131.4,2047.2,1,0,738684.499156337,1146,1,0
16003.1474778199,40,2308,2118,2042.6,1,0,738684.4991568,1146,1,0
16003.1874768863,40,2295,2115.6,2043.8,1,0,738684.499157263,1146,1,0
16003.2274759527,40,2297.6,2117.4,2045.8,1,0,738684.499157726,1146,1,0
16003.2674750191,40,2305.8,2125.2,2047.2,1,0,738684.499158189,1146,1,0
16003.3074740855,40,2309.2,2128.4,2049.6,1,0,738684.499158652,1146,1,0
16003.3474731519,40,2310,2131.6,2046.6,1,0,738684.499159115,1146,1,0
16003.3874722183,40,2309.4,2133,2048.6,1,0,738684.499159577,1146,1,0
16003.4274712847,40,2317.2,2131.6,2046.4,1,0,738684.49916004,1146,1,0
16003.4674703511,40,2325.4,2132.8,2046.8,1,0,738684.499160503,1146,1,0
16003.5074694175,40,2327.6,2137.2,2048,1,0,738684.499160966,1146,1,0
16003.5474684839,40,2337.6,2140.6,2051.2,0.993785067485734,0,738684.499161429,1146,1,0
16003.5874675503,40,2347.2,2147.8,2050.4,0.98760735140419,0,738684.499161892,1146,1,0
16003.6274666167,40,2379.2,2164.4,2053.6,0.969330739042227,0,738684.499162355,1146,1,0
16003.6674656831,40,2429.6,2191,2068.8,0.934145162156038,0,738684.499162818,1146,1,0
16003.7074647495,40,2495.8,2249,2084.6,0.879696155832112,0,738684.499163281,1146,1,0
16003.7474638159,40,2567.8,2338.4,2111.4,0.808529044605241,0,738684.499163744,1146,1,0
16003.7874628823,40,2596.6,2472.4,2168.6,0.706760832147339,0,738684.499164207,1146,1,0
16003.8274619487,40,2559,2627.2,2240.8,0.586834992766542,0,738684.49916467,1146,1,0
16003.8674610151,40,2471.6,2753,2336.6,0.478648808335904,0,738684.499165133,1146,1,0
16003.9074600815,40,2391.2,2824.8,2441.8,0.38135234540336,0,738684.499165596,1146,1,0
16003.9474591479,40,2364.8,2825.4,2475,0.36546342842044,0,738684.499166059,1146,1,0
16003.9874582143,40,2400.6,2810,2422,0.396076922961512,0,738684.499166522,1146,1,0
16004.0274572807,40,2466.8,2735.8,2333,0.483127937558863,0,738684.499166985,1146,1,0
16004.0674563471,40,2563.2,2630,2237.2,0.586834992766542,0,738684.499167448,1146,1,0
16004.1074554135,40,2626.4,2479.4,2164.4,0.703551912933977,0,738684.499167911,1146,1,0
16004.1474544799,40,2610.8,2345.4,2110,0.789908020549802,0,738684.499168374,1146,1,0
16004.1874535463,40,2543,2246.4,2079.2,0.859889483197649,0,738684.499168837,1146,1,0
16004.2274526127,40,2453.6,2185.2,2062,0.922681122048444,0,738684.499169299,1146,1,0
16004.2674516791,40,2382.8,2149.8,2048.8,0.969330739042227,0,738684.499169762,1146,1,0
16004.3074507455,40,2330.6,2128.6,2044.4,1,0,738684.499170225,1146,1,0
16004.3474498119,40,2300.6,2114.8,2041.6,1,0,738684.499170688,1146,1,0
16004.3874488783,40,2289,2112.4,2040.6,1,0,738684.499171151,1146,1,0
16004.4274479447,40,2290.6,2118.6,2043.4,1,0,738684.499171614,1146,1,0
16004.4674470111,40,2305.2,2127.2,2047.8,1,0,738684.499172077,1146,1,0
16004.5074460775,40,2338,2144,2050,0.993785067485734,0,738684.49917254,1146,1,0
16004.5474451439,40,2391.8,2174,2057.6,0.957392764220256,0,738684.499173003,1146,1,0
16004.5874442103,40,2470,2224.8,2079,0.900451621459986,0,738684.499173466,1146,1,0
16004.6274432767,40,2549.2,2308.8,2105.6,0.833002741240853,0,738684.499173929,1146,1,0
16004.6674423431,40,2597.8,2433.2,2151.2,0.735695387533812,0,738684.499174392,1146,1,0
16004.7074414095,40,2576.6,2599.6,2220.8,0.609441754663018,0,738684.499174855,1146,1,0
16004.7474404759,40,2491.4,2735.4,2317.8,0.495740077303994,0,738684.499175318,1146,1,0
16004.7874395423,40,2408.4,2811.8,2414.2,0.402990075718856,0,738684.499175781,1146,1,0
16004.8274386087,40,2390.8,2814.6,2441.4,0.38886050242203,0,738684.499176244,1146,1,0
16004.8674376751,40,2441,2788.2,2379.8,0.443015536937748,0,738684.499176707,1146,1,0
16004.9074367415,40,2497,2697.6,2295.6,0.517222600490522,0,738684.49917717,1146,1,0
16004.9474358079,40,2583,2580.2,2216.2,0.624241290397594,0,738684.499177633,1146,1,0
16004.9874348743,40,2614.2,2426.2,2145.2,0.738923200384679,0,738684.499178096,1146,1,0
16005.0274339407,40,2576.8,2303.8,2100.8,0.824555873811782,0,738684.499178558,1146,1,0
16005.0674330071,40,2507.6,2226.8,2071.8,0.884796034058834,0,738684.499179021,1146,1,0
16005.1074320735,40,2425.2,2174.8,2055.4,0.939909252434471,0,738684.499179484,1146,1,0
16005.1474311399,40,2362.4,2143.2,2048.8,0.981470191009929,0,738684.499179947,1146,1,0
16005.1874302063,40,2313.8,2126.4,2044,1,0,738684.49918041,1146,1,0
16005.2274292727,40,2290,2116.4,2043,1,0,738684.499180873,1146,1,0
16005.2674283391,40,2286.6,2116.4,2045.4,1,0,738684.499181336,1146,1,0
16005.3074274055,40,2300,2121.4,2045.2,1,0,738684.499181799,1146,1,0
16005.3474264719,40,2325.2,2135.2,2048.2,1,0,738684.499182262,1146,1,0
16005.3874255383,40,2368.8,2161,2056,0.975376895053477,0,738684.499182725,1146,1,0
16005.4274246047,40,2441.8,2202.2,2068.2,0.922681122048444,0,738684.499183188,1146,1,0
16005.4674236711,40,2524.6,2270.8,2089.2,0.859889483197649,0,738684.499183651,1146,1,0
16005.5074227375,40,2589.2,2379.4,2130.2,0.775667113969294,0,738684.499184114,1146,1,0
16005.5474218039,40,2596.8,2529.6,2193.2,0.664691440014781,0,738684.499184577,1146,1,0
16005.5874208703,40,2533.6,2680.2,2270.2,0.544405753883346,0,738684.49918504,1146,1,0
16005.6274199367,40,2449.4,2782.6,2367.2,0.453583270865973,0,738684.499185503,1146,1,0
16005.6674190031,40,2399.2,2805.8,2430,0.396076922961512,0,738684.499185966,1146,1,0
16005.7074180695,40,2428.2,2797.4,2396.6,0.421730440329805,0,738684.499186429,1146,1,0
16005.7474171359,40,2483,2734.8,2318.4,0.491613825047665,0,738684.499186892,1146,1,0
16005.7874162023,40,2553.4,2618.2,2238.2,0.586834992766542,0,738684.499187355,1146,1,0
16005.8274152687,40,2600,2479.2,2163,0.703551912933977,0,738684.499187818,1146,1,0
16005.8674143351,40,2581.2,2341.4,2113.8,0.800998633917584,0,738684.499188281,1146,1,0
16005.9074134015,40,2507,2242.8,2079.2,0.879696155832112,0,738684.499188743,1146,1,0
16005.9474124679,40,2432.8,2188.8,2063.2,0.934145162156038,0,738684.499189206,1146,1,0
16005.9874115343,40,2373.2,2149.4,2050.4,0.975376895053477,0,738684.499189669,1146,1,0
16006.0274106007,40,2328,2133.4,2047.8,1,0,738684.499190132,1146,1,0
16006.0674096671,40,2297.6,2121.2,2043,1,0,738684.499190595,1146,1,0
16006.1074087335,40,2282.8,2119.4,2044.6,1,0,738684.499191058,1146,1,0
16006.1474077999,40,2303,2126.4,2048.8,1,0,738684.499191521,1146,1,0
16006.1874068663,40,2329,2139.6,2049,1,0,738684.499191984,1146,1,0
16006.2274059327,40,2383.4,2166.4,2056.8,0.963334962218702,0,738684.499192447,1146,1,0
16006.2674049991,40,2454.2,2211.8,2071,0.917013117136947,0,738684.49919291,1146,1,0
16006.3074040655,40,2535.6,2290,2097.4,0.846031337148546,0,738684.499193373,1146,1,0
16006.3474031319,40,2587.8,2409.6,2140.4,0.755350806424959,0,738684.499193836,1146,1,0
16006.3874021983,40,2582.4,2565.6,2208.2,0.638072468361496,0,738684.499194299,1146,1,0
16006.4274012647,40,2514.6,2715.2,2301.4,0.517222600490522,0,738684.499194762,1146,1,0
16006.4674003311,40,2416.4,2797.4,2402.4,0.415835616278058,0,738684.499195225,1146,1,0
16006.5073993975,40,2378.2,2800.2,2444.6,0.38135234540336,0,738684.499195688,1146,1,0
16006.5473984639,40,2416.4,2789.4,2402.6,0.415835616278058,0,738684.499196151,1146,1,0
16006.5873975303,40,2488,2739.6,2319.8,0.491613825047665,0,738684.499196614,1146,1,0
16006.6273965967,40,2567.6,2630.8,2239.2,0.586834992766542,0,738684.499197077,1146,1,0
16006.6673956631,40,2609.4,2486.6,2168.4,0.697122148361531,0,738684.49919754,1146,1,0
16006.7073947295,40,2592.4,2355,2119.4,0.789908020549802,0,738684.499198003,1146,1,0
16006.7473937959,40,2538.2,2261,2086.8,0.855154006574624,0,738684.499198465,1146,1,0
16006.7873928623,40,2459,2200.4,2064.8,0.917013117136947,0,738684.499198928,1146,1,0
16006.8273919287,40,2404.2,2165,2056.2,0.957392764220256,0,738684.499199391,1146,1,0
16006.8673909951,40,2351.4,2139.2,2050,0.98760735140419,0,738684.499199854,1146,1,0
16006.9073900615,40,2321.6,2126.2,2048.2,1,0,738684.499200317,1146,1,0
16006.9473891279,40,2299.6,2122,2044.8,1,0,738684.49920078,1146,1,0
16006.9873881943,40,2303.2,2124.6,2047.4,1,0,738684.499201243,1146,1,0
16007.0273872607,40,2314.4,2131.6,2050.4,1,0,738684.499201706,1146,1,0
16007.0673863271,40,2322.6,2134.8,2051.6,1,0,738684.499202169,1146,1,0
16007.1073853935,40,2335,2138.2,2052.2,1,0,738684.499202632,1146,1,0
16007.1473844599,40,2339,2141,2049.6,0.993785067485734,0,738684.499203095,1146,1,0
16007.1873835263,40,2340.6,2138.4,2049.2,0.993785067485734,0,738684.499203558,1146,1,0
16007.2273825927,40,2352.4,2139.2,2049,0.98760735140419,0,738684.499204021,1146,1,0
16007.2673816591,40,2350.8,2140.4,2049.6,0.98760735140419,0,738684.499204484,1146,1,0
16007.3073807255,40,2352.4,2148,2049.2,0.98760735140419,0,738684.499204947,1146,1,0
16007.3473797919,40,2360.2,2146.6,2051.2,0.981470191009929,0,738684.49920541,1146,1,0
16007.3873788583,40,2366.4,2149.6,2050,0.975376895053477,0,738684.499205873,1146,1,0
16007.4273779247,40,2372.6,2147.4,2049.8,0.975376895053477,0,738684.499206336,1146,1,0
16007.4673769911,40,2376.6,2153.8,2053,0.969330739042227,0,738684.499206799,1146,1,0
16007.5073760575,40,2385,2153.4,2051.8,0.969330739042227,0,738684.499207262,1146,1,0
16007.5473751239,40,2388.8,2154.6,2052.8,0.963334962218702,0,738684.499207724,1146,1,0
16007.5873741903,40,2399.6,2156.6,2050.8,0.957392764220256,0,738684.499208187,1146,1,0
16007.6273732567,40,2402.4,2160.4,2052.2,0.957392764220256,0,738684.49920865,1146,1,0
16007.6673723231,40,2406.2,2159.4,2050.8,0.957392764220256,0,738684.499209113,1146,1,0
16007.7073713895,40,2415.6,2164.6,2054,0.951507301379275,0,738684.499209576,1146,1,0
16007.7473704559,40,2412.4,2166.8,2055.2,0.951507301379275,0,738684.499210039,1146,1,0
16007.7873695223,40,2418.4,2167.6,2055,0.945681682617138,0,738684.499210502,1146,1,0
16007.8273685887,40,2419,2173.2,2058,0.945681682617138,0,738684.499210965,1146,1,0
16007.8673676551,40,2426.6,2177,2058,0.939909252434471,0,738684.499211428,1146,1,0
16007.9073667215,40,2430,2178.2,2057.6,0.939909252434471,0,738684.499211891,1146,1,0
16007.9473657879,40,2432.8,2178.2,2063.6,0.934145162156038,0,738684.499212354,1146,1,0
16007.9873648543,40,2438.8,2181.8,2060.6,0.934145162156038,0,738684.499212817,1146,1,0
16008.0273639207,40,2448.8,2187.6,2061.8,0.928397096983629,0,738684.49921328,1146,1,0
16008.0673629871,40,2454.8,2190.6,2060.2,0.922681122048444,0,738684.499213743,1146,1,0
16008.1073620535,40,2463,2191,2059.6,0.917013117136947,0,738684.499214206,1146,1,0
16008.1473611199,40,2465.8,2197.6,2064.6,0.91140871723736,0,738684.499214669,1146,1,0
16008.1873601863,40,2471.2,2200.6,2067.8,0.91140871723736,0,738684.499215132,1146,1,0
16008.2273592527,40,2477.6,2203,2068,0.90588324353745,0,738684.499215595,1146,1,0
16008.2673583191,40,2481.4,2203.6,2067.8,0.90588324353745,0,738684.499216058,1146,1,0
16008.3073573855,40,2486.4,2205.2,2069,0.900451621459986,0,738684.499216521,1146,1,0
16008.3473564519,40,2491.4,2210.8,2065.8,0.900451621459986,0,738684.499216984,1146,1,0
16008.3873555183,40,2492.2,2212,2071.6,0.895128281408961,0,738684.499217447,1146,1,0
16008.4273545847,40,2495.2,2219.2,2069.8,0.895128281408961,0,738684.499217909,1146,1,0
16008.4673536511,40,2498.8,2221.4,2071.2,0.889926901112563,0,738684.499218372,1146,1,0
16008.5073527175,40,2505.4,2226,2073.2,0.884796034058834,0,738684.499218835,1146,1,0
16008.5473517839,40,2510,2224.6,2075.4,0.884796034058834,0,738684.499219298,1146,1,0
16008.5873508503,40,2516.2,2231.6,2075,0.879696155832112,0,738684.499219761,1146,1,0
16008.6273499167,40,2523.8,2235.4,2076,0.874641614251024,0,738684.499220224,1146,1,0
16008.6673489831,40,2530,2238.4,2080.8,0.869646511663396,0,738684.499220687,1146,1,0
16008.7073480495,40,2533.6,2238.4,2079.2,0.869646511663396,0,738684.49922115,1146,1,0
16008.7473471159,40,2538.4,2244.6,2081.4,0.864724653185449,0,738684.499221613,1146,1,0
16008.7873461823,40,2542.4,2250,2082.8,0.859889483197649,0,738684.499222076,1146,1,0
16008.8273452487,40,2547,2252.8,2083.4,0.855154006574624,0,738684.499222539,1146,1,0
16008.8673443151,40,2548.8,2256.6,2084.4,0.855154006574624,0,738684.499223002,1146,1,0
16008.9073433815,40,2552.6,2260.4,2087.8,0.850530689995972,0,738684.499223465,1146,1,0
16008.9473424479,40,2560.6,2266,2086.2,0.846031337148546,0,738684.499223928,1146,1,0
16008.9873415143,40,2560,2268.2,2088,0.846031337148546,0,738684.499224391,1146,1,0
